19
233
true
0 4 -1
0 9 -2
0 17 -7
0 2 -1
0 15 -4
0 16 8
0 14 -6
0 6 -3
0 8 5
0 12 -8
0 5 -5
0 18 -9
0 1 4
0 3 -8
0 13 9
1 7 -9
1 0 -8
1 11 5
1 5 7
1 14 8
1 2 -2
1 15 -7
1 16 -7
1 10 4
1 18 9
1 12 -7
1 6 3
1 4 7
1 13 4
1 8 -4
1 9 -2
1 17 2
1 3 0
2 3 3
2 10 6
2 18 -7
2 9 4
2 12 -2
2 14 -2
2 8 7
2 4 -3
2 16 -5
2 17 2
2 11 5
2 7 8
2 0 1
2 5 8
2 1 -3
2 13 4
2 15 0
3 2 -2
3 18 -1
3 10 7
3 14 5
3 8 6
3 0 0
3 13 -3
3 12 0
3 7 8
3 4 0
4 3 4
4 6 7
4 18 9
4 8 -8
4 12 2
4 5 -8
4 7 -4
5 2 -1
5 17 7
5 13 8
5 10 -6
5 7 -9
5 6 -7
5 11 -7
5 15 6
5 3 -4
5 0 0
5 9 -7
5 12 -5
5 1 3
5 8 0
6 0 -3
6 13 -7
6 1 1
6 7 -1
6 17 5
6 9 -1
6 15 5
7 17 -6
7 3 4
7 12 -4
7 14 -8
7 2 -5
7 0 1
7 5 -5
7 11 2
7 6 -2
7 8 2
7 13 -3
7 15 -6
7 4 1
7 9 -2
7 18 -4
7 1 -9
8 6 -2
8 10 -3
8 3 3
8 18 -8
8 12 -4
8 0 -7
8 14 9
8 9 1
8 16 -9
8 7 -5
8 13 1
8 2 -4
8 1 -2
8 11 7
8 5 4
8 15 9
9 2 5
9 3 -4
10 16 4
10 15 0
10 7 6
10 5 -5
10 4 5
10 13 -5
10 18 0
10 0 8
10 17 3
10 1 -2
10 3 -3
10 9 -3
10 12 5
10 2 -6
11 8 8
11 10 -3
11 17 -1
11 12 -5
12 10 -9
12 0 -1
12 18 -2
12 13 -8
12 14 2
12 3 7
12 8 3
12 5 -8
12 4 -2
12 2 9
12 9 9
12 11 -4
12 15 6
12 17 -2
12 1 2
12 6 -6
12 7 8
12 16 3
13 7 5
13 2 9
13 11 1
13 8 0
13 14 -3
14 9 6
14 16 0
14 0 -3
14 4 5
14 3 -7
14 8 2
14 2 -1
14 1 -3
14 13 -6
14 18 5
14 17 -2
14 10 5
14 6 9
14 11 9
15 9 -2
15 11 3
15 7 -4
15 10 -3
15 18 -6
15 0 3
15 2 9
15 5 -5
15 13 -5
15 4 7
16 0 -6
16 5 -5
16 11 7
16 6 5
16 13 6
16 2 8
16 8 7
16 18 -8
16 17 -2
16 3 -9
16 1 -5
16 7 -9
16 12 -8
17 7 1
17 0 2
17 14 -4
17 2 -3
17 16 4
17 11 -4
17 1 -1
17 6 -9
17 12 -4
17 4 -9
17 8 -2
17 18 3
17 5 -1
17 3 4
17 9 -3
17 10 7
18 15 4
18 17 6
18 10 -7
18 8 2
18 0 4
18 9 3
18 11 -5
18 13 3
18 16 -2
18 1 3
18 7 -3
18 6 1
18 12 7
18 4 -3
18 2 1
18 14 -1
18 5 8
