22
214
true
0 20 -9
0 15 0
0 3 -9
0 6 6
0 10 7
0 13 3
0 5 5
0 14 -9
0 7 -9
0 4 4
0 16 2
0 2 -9
0 17 -8
0 1 -4
0 11 -7
0 8 7
0 9 -1
0 18 1
0 19 6
0 21 -3
0 12 -6
1 5 3
1 17 1
1 14 5
2 13 4
2 18 2
2 3 -7
2 15 4
2 5 -9
3 19 -5
3 0 8
3 8 -9
3 14 5
3 13 -5
3 4 9
3 18 -6
3 7 8
4 16 -7
4 21 4
4 5 -1
4 3 -6
4 8 -3
4 6 4
4 13 -6
5 13 5
5 21 -8
5 6 -8
5 16 6
5 14 6
5 12 8
5 4 -2
5 9 4
5 19 -8
5 2 4
5 20 3
6 11 -2
6 18 4
6 14 8
6 13 4
6 4 -4
6 21 -4
6 5 -9
6 1 1
6 17 8
6 20 -9
6 16 8
6 0 -6
6 2 -4
6 15 3
6 3 3
6 12 -8
6 19 9
6 9 9
6 10 5
6 7 9
6 8 -4
7 15 -9
7 14 -1
8 19 2
8 16 -1
8 21 1
8 18 8
8 7 6
8 15 2
8 3 -4
8 11 5
9 18 -6
9 14 -2
9 20 -7
9 4 5
9 17 1
9 5 9
9 1 -7
9 12 -5
10 19 9
10 12 2
10 13 7
10 3 -8
10 20 1
10 9 9
10 4 2
10 18 -8
10 5 2
10 21 1
10 8 3
10 6 5
11 7 7
11 8 -6
11 4 8
11 5 0
11 15 7
11 17 3
11 6 -6
11 12 -6
11 13 -9
11 0 3
11 18 -1
11 20 -9
12 11 4
12 14 -1
12 1 4
12 18 -3
12 10 -6
12 4 -5
12 5 -1
12 2 2
12 20 -7
12 9 -7
12 13 -6
12 21 -2
12 3 -4
12 7 -1
12 6 6
12 15 -6
12 8 -2
12 0 6
12 19 5
13 12 5
13 2 3
13 11 -3
13 19 9
13 15 -6
13 7 -4
13 6 4
13 20 -6
13 16 7
13 17 5
13 4 8
13 10 -5
13 21 -9
13 1 -1
13 9 8
13 0 -6
13 8 -7
13 14 -1
14 12 5
14 5 0
14 6 -2
15 4 -9
15 2 -1
15 8 9
15 13 -4
15 1 -2
15 20 5
15 19 -1
15 7 -3
15 6 4
15 18 7
15 9 -7
15 21 0
16 13 5
16 6 0
16 8 -2
18 15 3
18 17 8
18 11 4
18 14 1
18 21 2
18 20 -2
18 6 -1
18 19 0
18 16 -7
18 1 9
18 10 7
18 8 -2
18 2 -9
18 0 6
18 9 5
18 13 -7
18 5 -3
19 0 -4
19 4 -8
19 3 7
19 1 6
19 14 -2
19 6 8
19 15 4
19 21 3
19 8 7
19 17 -5
19 9 -6
20 11 -8
20 14 -3
20 7 3
20 8 -5
20 2 -2
20 6 -5
20 17 2
20 21 -9
20 0 7
20 4 1
20 13 5
21 6 7
21 1 5
