24
283
true
0 4 -9
0 9 0
0 21 -9
0 8 6
0 22 7
0 10 3
0 1 5
0 16 -2
0 18 -3
0 3 -9
0 7 7
0 6 -1
0 11 -8
0 5 -4
0 12 9
0 13 -8
0 2 8
0 20 0
0 17 -3
0 23 6
0 14 -4
0 15 9
0 19 -6
3 12 7
3 4 -8
3 16 -8
3 17 -5
3 10 8
3 20 -9
3 8 5
4 1 -2
4 0 3
4 16 4
5 19 -2
5 8 -5
5 4 5
5 21 -7
5 22 -5
5 13 3
5 17 5
5 15 -8
5 10 6
5 0 4
5 16 8
5 2 -2
5 23 -8
6 13 3
6 12 -1
6 0 7
6 23 -2
6 2 4
6 18 8
6 11 4
6 15 -4
6 1 2
6 19 -9
6 9 6
6 10 -9
6 8 7
6 20 -6
6 14 1
6 4 5
6 3 3
6 21 9
6 7 -8
6 22 9
6 16 6
6 17 8
6 5 7
7 11 -3
7 14 -6
7 5 5
7 18 -7
7 23 5
7 22 4
7 16 7
7 21 -8
7 15 2
7 10 2
7 17 -9
7 0 -1
7 1 -5
7 2 3
7 6 5
7 4 -7
7 3 9
7 12 0
7 8 6
7 19 3
8 19 2
8 20 3
8 2 5
8 12 2
8 4 0
8 1 -2
8 18 4
8 17 5
8 13 4
8 16 3
8 11 -8
8 15 -2
8 5 6
8 3 2
8 22 3
8 10 2
8 7 4
8 6 -6
8 21 -6
8 14 -5
8 9 9
8 23 5
8 0 -9
9 23 7
9 16 2
9 18 9
9 15 -9
9 19 -1
10 9 -9
10 8 -5
10 18 -6
10 11 -7
10 16 3
10 14 6
10 5 2
10 19 2
10 15 6
10 22 -7
10 1 -7
10 2 7
10 7 0
10 13 0
10 23 6
10 20 -8
11 22 7
11 13 -7
11 7 -6
11 14 -1
11 15 5
11 3 -3
11 21 -6
11 6 0
12 18 3
12 14 1
12 5 2
12 4 -2
12 19 -7
12 6 -1
12 17 0
12 22 -7
12 2 7
12 15 -5
12 9 -3
12 10 -8
12 0 0
12 8 9
12 16 5
12 1 5
13 15 2
13 12 0
13 5 -6
13 8 -2
13 2 9
13 16 -4
13 18 -8
13 17 7
13 0 1
13 7 6
13 9 9
13 20 8
13 19 4
13 11 3
13 21 -5
13 3 -6
13 22 -1
13 14 -8
13 1 6
13 23 9
14 18 -7
14 4 -4
14 8 -2
14 16 -5
14 11 5
14 12 -8
14 22 5
14 15 -8
14 19 3
14 6 1
14 10 -8
14 7 -6
14 0 2
14 13 2
14 20 -1
14 21 -1
14 17 0
14 9 -5
14 1 -9
14 3 5
14 23 5
14 2 -6
15 9 7
15 17 2
15 1 5
15 14 8
15 19 -6
15 12 -4
15 2 -6
15 16 4
15 3 0
15 18 -8
15 21 8
16 4 -8
16 3 6
16 22 -2
16 23 5
16 2 6
16 0 -1
16 6 -3
16 13 7
16 10 -7
16 5 4
16 11 5
16 15 7
16 18 -8
16 17 -2
16 9 0
16 14 -6
16 21 0
16 7 6
17 12 3
17 18 -4
17 6 8
17 8 2
17 2 -3
17 22 1
17 9 -3
19 1 8
19 8 3
19 14 2
19 12 4
19 6 -5
19 15 0
19 2 -1
19 16 6
19 17 -2
19 10 -1
19 7 2
19 5 4
19 20 0
19 22 6
19 23 -7
19 9 -4
19 4 6
19 3 -6
20 11 6
20 15 -2
20 4 -4
20 3 0
20 7 3
20 14 -8
22 17 -2
22 2 -4
22 4 6
22 5 -4
22 19 4
22 10 -3
22 18 -6
22 3 0
22 14 -8
22 1 3
22 8 -9
23 14 -8
23 5 -5
23 10 7
23 3 3
23 6 4
23 19 -6
23 22 4
23 4 -4
23 9 -7
23 15 -5
23 11 -4
23 12 4
23 21 9
