28
380
true
0 7 7
0 14 -1
0 6 -2
0 12 -7
0 21 -4
0 13 -4
0 16 -6
0 10 8
0 1 -3
0 11 5
0 5 1
0 8 -5
0 22 -6
0 17 9
0 3 -3
1 2 -9
1 9 -7
1 3 -1
1 12 -8
1 5 -8
1 15 -6
1 13 -7
1 22 -5
1 4 -5
1 21 0
1 19 4
1 16 9
1 26 -8
1 18 4
1 17 5
1 10 8
1 24 5
2 6 9
2 18 7
2 25 1
2 27 6
2 12 6
2 0 5
2 3 -9
2 26 3
2 19 -7
2 20 5
2 14 -5
2 21 7
2 22 7
2 23 3
2 5 -7
2 10 2
2 4 -7
2 11 0
2 8 5
2 24 2
2 16 -4
2 7 3
2 9 4
2 15 -6
2 17 -4
3 25 -1
4 13 4
4 21 1
4 24 4
4 7 -3
4 19 -4
4 0 4
4 18 -4
4 11 2
4 26 -6
4 20 -9
4 8 6
4 17 8
4 12 -9
4 3 0
4 10 3
4 16 3
4 25 4
4 15 -7
4 27 1
4 22 -2
4 14 -7
4 5 -4
5 23 -6
5 8 2
5 19 7
5 18 -2
6 10 -7
6 20 4
6 14 6
6 16 -5
6 1 -2
6 18 0
6 9 3
6 22 -1
6 8 -8
6 21 7
6 0 -3
6 2 3
6 25 -9
6 19 -5
6 26 1
6 27 -4
6 4 -2
6 12 6
6 11 2
6 3 2
6 24 -4
6 23 4
6 17 3
6 13 6
6 7 -3
6 15 -4
6 5 -7
7 9 -4
7 16 -4
7 3 4
7 24 -9
7 23 -5
7 17 0
7 10 -4
7 25 -1
7 13 -9
7 2 -8
7 11 9
7 6 -6
7 27 -7
7 26 3
7 20 -3
7 12 -4
7 4 4
7 1 -2
7 15 -4
7 5 9
7 8 -3
7 22 -1
7 21 2
7 19 1
7 18 3
7 0 -3
8 3 9
8 25 -9
8 16 -7
9 11 -5
9 26 3
9 15 6
9 25 9
9 7 -5
9 19 7
9 17 7
9 23 -9
9 24 -4
9 8 2
9 27 2
9 14 -3
9 22 2
9 0 -7
9 13 2
9 20 -8
9 1 4
9 2 8
9 16 3
9 6 -3
9 3 -4
9 4 -1
10 14 9
10 9 -2
10 4 -5
10 16 -4
10 23 8
10 19 -8
10 24 -3
10 25 9
10 17 -1
10 12 -6
11 21 -7
11 3 7
11 14 6
11 18 8
11 1 1
11 20 -1
11 10 9
11 0 -9
11 19 8
11 4 9
11 23 7
11 22 8
11 17 0
11 9 4
11 8 2
11 26 6
11 16 9
11 27 -2
11 2 -8
11 25 -3
11 12 -5
12 2 -1
12 0 -4
12 27 3
12 5 -1
12 20 -1
12 26 9
12 1 8
12 6 9
12 15 -1
12 23 -6
13 9 -6
13 0 0
13 21 2
13 22 -7
13 6 7
13 8 -2
13 3 9
14 26 -9
14 9 -8
14 16 -1
15 23 3
15 24 -9
15 4 -2
15 22 -6
15 9 -4
16 22 -2
16 5 5
16 26 -8
16 2 -6
16 21 -3
16 6 -7
16 17 -2
16 11 -7
16 8 -3
16 19 -6
16 20 7
16 15 -5
17 19 -2
17 23 5
17 14 3
17 9 5
17 5 -5
17 10 -5
17 1 6
17 22 -2
17 24 8
17 25 9
17 7 -2
18 8 1
18 11 1
18 4 -7
18 17 -4
19 3 -2
19 4 2
19 8 0
19 2 0
19 9 -4
19 6 9
19 27 4
19 12 -9
19 7 -6
19 0 -5
19 23 -1
19 17 3
19 21 5
19 13 2
19 24 3
19 14 8
19 5 8
19 26 -4
19 10 1
19 1 3
19 16 6
19 11 2
19 15 7
20 0 3
20 19 5
20 17 9
20 15 -9
20 25 4
20 10 9
20 12 6
20 8 2
20 7 8
20 5 -3
20 14 -1
20 13 -3
20 3 0
20 1 -6
20 18 3
20 2 -1
20 9 -9
20 4 3
20 21 -1
21 7 8
21 4 7
21 22 1
22 11 -7
22 8 -1
22 16 -1
22 23 -3
22 24 7
22 1 -2
22 6 6
22 18 8
22 4 -9
22 0 -1
22 13 -1
22 20 3
22 25 -3
22 3 -7
22 21 0
22 26 -8
23 3 -3
23 0 -4
23 10 -6
23 7 -2
23 14 0
23 6 6
23 27 3
23 15 6
23 5 8
23 22 0
23 17 7
24 14 -8
24 26 -6
24 22 -3
24 27 -8
25 14 -2
25 4 0
25 8 -9
25 13 -8
25 11 -6
25 9 -4
25 18 -2
25 7 -2
25 1 9
25 10 -7
25 23 8
25 26 6
25 24 -8
25 5 8
26 5 -2
26 13 2
26 10 -7
26 24 -7
26 25 1
26 23 -2
26 7 -5
26 19 0
26 12 7
26 0 1
26 8 8
26 18 -1
26 4 -8
26 2 6
26 21 9
26 1 3
26 27 -1
26 11 -9
26 9 -3
26 14 9
26 22 -5
26 17 -8
26 16 -3
26 15 -2
26 6 8
26 3 1
27 3 5
27 8 -2
27 9 -3
27 5 0
27 14 -5
27 16 -3
27 10 5
27 18 2
27 26 -2
27 20 -7
27 6 7
27 2 7
27 0 -9
27 21 1
27 11 1
27 22 -4
27 23 -1
27 17 -9
27 1 -9
