35
575
true
0 7 7
0 21 -1
0 13 -2
0 33 -7
0 28 8
0 9 -6
0 31 8
0 22 -3
1 22 7
1 24 3
1 10 0
1 16 -4
1 34 6
1 27 -7
1 23 5
1 13 9
1 3 3
1 32 5
1 9 -9
1 30 -7
1 12 -8
1 20 -7
1 15 9
1 21 0
1 26 4
1 5 7
2 5 -4
2 32 -7
2 1 6
2 25 -8
2 29 -9
2 3 7
2 9 1
2 0 5
2 16 7
2 20 9
3 23 -8
3 17 -8
3 2 -6
3 24 -4
3 1 -6
3 10 -7
3 16 -4
3 22 -6
3 19 -3
3 5 8
3 30 3
3 32 7
3 8 3
3 4 7
3 6 -2
3 18 -8
3 34 3
3 11 5
3 0 -6
3 26 7
3 7 4
3 31 -4
3 12 -5
3 29 -7
3 13 2
4 28 -2
4 34 2
4 22 -3
4 15 5
4 21 9
4 3 2
4 20 -4
4 26 9
4 9 -4
4 14 3
4 6 -8
4 18 3
4 29 3
4 33 -3
4 25 8
4 24 6
4 17 -5
4 10 -7
4 31 4
4 12 7
4 1 -5
4 0 5
4 7 8
4 11 8
4 19 -8
4 2 4
4 5 3
4 16 4
4 23 4
5 1 1
5 9 -2
5 21 -1
5 32 5
5 31 7
5 28 5
5 13 6
5 14 0
5 24 -3
5 18 8
5 10 0
5 23 -3
5 2 -1
5 0 -4
5 6 -2
6 8 -4
6 33 -7
7 1 7
7 9 8
7 23 -6
7 19 -9
7 14 -5
7 25 -2
7 30 -7
7 0 9
7 15 -6
7 8 -7
7 17 6
7 31 5
7 21 -4
7 18 5
7 5 0
7 24 -4
7 12 3
7 28 2
7 2 -7
7 10 -9
7 4 6
7 26 -3
7 13 2
8 3 -7
8 6 4
8 0 6
8 16 -5
8 4 0
8 28 5
8 15 -1
8 1 2
8 20 9
8 21 7
9 14 1
9 24 -6
9 20 9
9 23 9
9 16 -9
9 34 5
10 21 1
10 25 -9
10 15 9
10 33 -5
10 34 -4
10 11 -2
10 5 6
10 23 -2
10 8 2
10 4 2
10 24 -8
10 27 7
10 16 -3
10 30 3
10 22 -4
10 12 7
10 32 2
10 7 -8
10 17 -9
10 29 -7
10 14 5
10 0 -2
10 20 -2
10 13 4
10 28 0
10 2 -5
10 18 8
10 3 3
10 1 -3
10 9 -9
10 26 7
11 29 8
11 12 8
11 6 -9
11 30 0
11 19 4
11 1 4
11 21 -8
11 20 -8
11 5 9
11 31 5
11 17 -1
11 3 -4
11 24 4
11 16 0
11 23 -2
11 4 -1
11 32 9
11 10 9
11 9 6
11 27 -6
12 29 8
12 25 7
12 22 -3
12 5 -7
12 17 -5
12 9 -2
12 24 -7
12 20 2
12 0 2
12 23 -2
12 21 -1
12 8 5
12 11 5
12 30 6
12 18 -3
12 26 -7
12 33 -1
12 31 -6
12 6 5
12 32 -2
12 3 9
12 27 2
12 16 -7
12 1 -4
12 13 4
12 10 -5
12 15 1
13 10 7
13 16 -6
13 29 4
13 2 8
13 20 -9
13 34 7
13 21 1
13 18 2
13 3 -4
13 27 -3
13 32 4
13 17 -4
13 8 -1
13 28 -9
13 24 -2
13 0 3
13 1 8
13 12 -9
14 0 -5
14 8 0
14 19 1
14 17 8
14 6 4
14 12 2
14 30 3
14 2 4
14 7 3
14 31 -4
14 4 5
14 11 -5
14 22 3
14 9 0
14 32 -6
14 28 7
14 3 -9
14 23 6
14 10 8
14 27 -7
14 13 -3
15 20 -2
15 0 -3
15 34 2
15 21 4
15 30 -2
15 22 3
15 4 -5
15 5 -5
15 29 6
15 11 -3
15 2 0
15 18 2
15 12 -5
15 31 5
15 25 -7
15 14 6
15 33 4
15 10 0
15 7 -4
15 24 4
15 27 3
15 13 -5
15 16 -6
15 3 -3
15 23 -5
15 9 3
15 19 -1
15 17 5
15 26 -5
15 32 9
15 8 -9
15 28 5
15 1 -7
16 2 9
16 33 2
16 27 -5
16 0 4
16 10 1
16 25 3
16 7 5
16 22 -6
16 18 -9
16 34 6
16 8 8
17 23 9
17 11 6
17 5 -6
17 18 2
17 22 7
17 26 -2
17 31 -3
17 32 -3
17 12 2
17 8 -8
17 29 -3
17 14 7
17 4 8
17 2 3
17 3 -3
17 9 2
17 16 -6
17 13 2
17 0 1
17 33 7
17 19 5
17 15 2
17 7 8
17 30 -3
17 21 1
17 25 -4
17 10 6
17 28 -6
17 34 -8
17 20 3
17 1 0
17 24 -7
18 32 -4
18 27 -6
19 31 -8
19 11 -7
19 21 -2
19 0 0
19 5 8
19 12 4
19 2 -1
19 7 5
19 34 2
19 30 9
19 13 6
20 7 -5
20 34 -4
20 33 0
20 19 7
20 21 1
20 22 8
20 32 -1
20 4 -8
20 16 6
20 3 2
20 29 3
20 9 8
20 5 9
20 18 8
20 15 5
20 25 -9
20 14 -6
20 0 -8
20 1 -2
20 17 -8
21 3 -7
21 15 -6
21 9 -2
21 27 4
21 0 8
21 20 0
21 11 4
21 34 9
21 6 3
21 2 -6
21 23 -5
21 22 8
21 24 -9
21 16 6
21 30 3
21 14 -3
22 15 6
22 12 2
22 2 -8
22 1 0
22 5 2
22 31 1
22 26 -2
22 13 7
22 32 -6
22 18 0
22 7 -4
22 30 8
22 25 3
22 21 7
22 4 4
22 19 -9
22 3 2
22 28 -6
22 17 5
22 23 -4
22 14 -1
22 24 2
22 33 5
23 2 -2
23 29 -4
23 21 4
23 7 3
23 17 -9
23 32 -9
23 9 -6
23 33 -1
23 5 -2
23 0 -8
23 18 9
23 12 -1
23 31 -9
23 15 -6
23 13 5
23 4 9
23 28 6
24 6 -8
24 19 -9
24 27 -9
24 34 5
24 30 -3
24 7 5
24 4 8
24 18 -7
24 33 8
24 32 -9
24 11 9
24 17 -1
24 22 7
24 3 -5
24 1 0
24 25 8
24 13 -1
24 28 1
24 21 -8
24 0 1
24 14 -7
25 21 7
25 32 6
25 7 -7
25 1 5
25 26 2
25 22 -6
25 30 2
25 31 -3
25 13 5
25 16 6
25 5 7
25 3 -6
25 20 6
25 10 0
26 28 -6
26 34 4
26 7 -1
26 10 -3
26 17 -9
26 19 -7
26 6 6
26 13 1
26 29 3
26 11 1
26 16 9
26 21 -4
26 12 -2
26 14 0
26 4 -5
26 8 2
27 6 -5
27 3 -4
27 17 5
27 14 -6
27 12 -5
27 30 -6
27 15 -9
27 5 -9
27 31 8
27 34 -1
28 21 -6
28 20 1
28 2 8
28 18 6
28 16 -9
28 11 -5
28 19 -8
28 29 8
28 22 -1
28 4 3
28 8 1
28 33 -2
28 1 -7
28 7 2
28 12 9
28 15 7
29 2 -3
29 15 1
29 22 -3
29 12 8
29 14 -5
29 26 -2
30 4 -7
30 22 3
30 29 4
30 9 -4
30 21 -7
30 31 4
30 18 7
30 15 3
30 27 -1
30 7 3
31 10 -6
31 15 2
31 26 2
32 11 -7
32 28 9
32 8 3
32 24 -5
32 6 -4
32 10 9
32 25 -5
32 14 6
32 12 2
32 5 4
32 13 -8
32 34 -9
32 19 -9
32 30 2
32 1 -4
32 21 0
32 3 0
32 27 -1
33 12 -4
33 10 -9
33 5 -4
33 9 5
33 22 5
33 1 -4
33 0 -3
33 28 -6
33 14 -6
33 16 6
33 2 9
33 7 -5
33 29 2
33 31 -8
33 20 -5
33 3 1
33 18 -2
34 32 -4
34 4 -5
34 27 -3
34 1 -3
34 16 6
34 2 5
34 21 6
34 3 -7
34 24 5
34 26 -4
34 33 -9
34 6 8
34 25 8
34 11 5
34 14 8
34 20 3
