49
1130
true
0 27 -6
0 13 6
0 33 1
0 19 1
0 28 -6
0 30 2
0 20 -1
0 17 5
0 46 7
0 40 -1
0 41 5
0 26 1
0 23 7
0 36 0
0 22 3
0 12 3
0 9 1
0 8 0
0 11 1
0 4 1
0 10 9
0 44 -4
0 5 -8
0 39 4
0 3 -2
0 18 -1
0 43 2
0 32 1
0 16 -7
0 2 1
0 25 -3
0 48 -2
0 14 0
0 47 -2
0 38 6
0 21 -4
1 2 5
1 33 -6
1 17 1
1 43 9
1 47 0
1 4 3
1 48 -7
1 26 4
1 21 5
1 40 -4
1 45 -7
1 23 -7
1 36 9
2 4 -8
2 6 -6
2 45 -5
2 48 6
2 14 4
2 23 -5
2 29 2
2 10 6
2 38 4
2 21 6
2 16 4
2 8 -2
3 21 5
3 16 -4
3 33 -4
3 44 6
3 10 9
3 30 -7
3 41 -6
3 20 4
4 5 5
4 42 8
4 30 7
4 26 6
4 20 1
4 10 -4
4 45 5
4 25 -3
4 43 6
4 18 5
4 8 2
4 22 -6
4 0 7
4 17 -3
4 48 -8
4 6 -5
4 31 6
4 47 4
4 28 8
4 24 -2
4 2 -1
4 14 6
4 36 5
4 38 -1
4 27 -1
4 44 3
4 29 -5
4 12 5
4 37 4
4 33 -4
4 39 9
4 32 -1
4 11 6
4 40 9
4 35 5
4 34 -3
4 15 -7
4 16 -4
4 7 6
4 3 1
4 19 -4
4 41 0
4 1 -6
4 21 -8
4 9 -4
4 13 3
5 3 5
5 10 -7
5 21 8
5 35 9
5 20 1
5 19 8
5 38 -5
5 11 -4
5 36 -2
5 41 -6
5 25 -2
5 48 8
5 43 8
5 29 1
6 19 9
6 4 -4
6 15 6
6 5 1
6 35 1
6 39 1
6 26 4
6 45 0
6 30 6
6 32 -6
6 36 1
6 29 -9
6 37 -3
6 23 3
6 16 9
6 47 1
6 41 6
6 14 -1
6 22 -3
6 33 -1
6 2 -8
6 48 3
6 44 7
6 13 6
6 8 8
6 38 -2
6 11 -6
6 40 2
7 26 -3
7 22 5
7 19 8
7 6 -3
7 47 -8
7 32 -6
7 15 9
7 44 -9
7 27 6
7 45 5
7 37 8
7 39 9
7 3 7
7 23 4
7 10 -5
7 36 6
7 1 1
7 42 5
7 48 -2
7 5 3
7 38 -5
7 29 4
7 24 5
7 12 5
7 33 0
7 35 -6
7 0 -5
7 41 7
7 13 2
7 11 8
7 43 -2
7 30 1
7 17 1
7 14 1
7 34 -7
7 28 -7
7 46 -5
7 25 -3
7 31 9
7 18 0
7 8 1
7 20 -9
7 40 8
7 2 -6
7 16 -8
8 26 0
8 10 6
8 19 3
8 9 -2
8 46 4
8 12 6
9 30 7
9 11 9
9 38 -4
9 23 0
9 1 -7
9 3 -9
9 39 -6
9 31 -3
9 48 1
9 32 1
9 19 9
9 35 8
9 0 8
9 5 -9
9 45 -1
9 13 5
9 44 3
9 47 4
9 41 1
9 17 0
9 34 -3
9 20 6
9 42 -8
9 33 -2
9 8 6
9 16 6
9 28 -6
9 25 -6
9 26 4
9 29 7
9 4 5
9 2 -5
9 18 -9
9 27 0
10 33 -9
10 9 -3
10 34 1
10 2 -4
10 29 -3
10 4 1
10 31 7
11 15 9
11 12 -8
11 43 -5
11 46 -5
11 8 -8
11 21 -8
11 3 2
11 48 8
11 14 4
11 1 -6
11 2 2
11 34 1
11 28 3
11 6 8
12 26 -2
12 21 0
12 19 -9
12 22 -2
12 11 2
12 7 -7
12 23 2
12 18 3
12 47 -8
12 37 2
12 13 2
12 29 -7
12 39 -9
12 31 2
12 17 3
12 3 -1
12 4 -7
12 6 -2
12 15 -7
12 24 3
12 44 -7
12 46 -2
12 8 -3
12 34 3
12 35 2
12 38 -2
12 36 -1
12 30 -9
12 16 7
12 33 -5
12 42 0
12 40 3
12 5 -4
12 45 3
12 43 -7
12 9 7
12 28 5
12 48 -9
12 0 -1
12 2 -1
13 36 3
13 38 -7
13 14 -5
13 39 8
13 27 0
13 48 -4
13 31 3
13 30 3
13 4 -9
13 25 -2
13 41 5
13 33 7
13 42 8
13 32 0
13 5 9
13 35 -8
13 2 -3
13 7 -8
13 44 -8
13 3 -8
13 26 -5
13 22 8
13 17 -5
13 18 -4
13 19 -1
13 47 9
13 23 -5
13 21 -8
13 1 6
13 11 7
13 8 0
13 10 0
13 37 4
13 34 -6
13 6 -8
13 24 -9
13 0 8
13 16 7
13 40 -1
13 20 -9
13 46 9
13 28 0
13 12 -5
13 15 -7
13 45 3
13 9 -1
13 43 6
13 29 -7
14 9 -2
14 2 2
14 36 -4
14 33 5
14 46 -8
14 24 -5
14 0 9
14 4 -6
14 27 8
14 3 3
14 43 -7
14 11 4
14 47 -9
14 8 6
14 44 -6
14 42 -9
14 15 -4
14 32 0
15 0 7
15 1 -9
15 5 3
15 39 -2
15 42 5
15 8 1
15 35 6
15 4 -3
15 28 0
15 41 4
15 3 5
15 47 9
15 40 -9
15 12 -5
15 6 7
15 43 -6
15 37 4
15 21 1
15 36 7
15 2 8
15 46 7
15 9 -4
15 13 5
15 22 -2
15 11 -9
15 24 3
15 25 -3
15 45 -4
15 20 -7
15 7 3
17 29 7
17 12 1
17 33 -6
17 1 4
17 46 -7
17 38 -8
17 30 -8
17 14 -7
17 26 -6
17 7 8
17 8 -5
17 43 -6
17 21 -1
17 35 1
17 18 -7
17 44 7
17 19 -1
17 5 4
17 10 1
17 42 6
17 37 -6
17 4 2
17 20 -6
17 31 -4
17 22 8
17 34 8
17 40 -9
17 39 -8
17 28 6
18 7 3
18 0 0
18 4 -4
18 46 -4
18 28 -4
18 37 -7
18 10 3
18 21 3
18 9 -1
18 30 9
18 38 3
18 41 -9
18 23 -4
19 3 3
19 13 -3
19 22 2
19 24 9
19 29 4
19 47 1
19 38 7
19 30 3
19 20 5
19 31 -1
19 21 -4
19 26 -4
19 11 5
19 36 -6
19 42 4
19 4 2
19 32 -3
19 8 5
19 43 1
19 27 -6
19 0 -7
19 9 7
19 7 -8
19 35 2
19 14 -5
19 45 9
19 34 4
19 37 2
19 6 9
19 5 0
19 41 -1
19 10 -7
19 23 -2
19 40 -1
19 44 2
19 15 7
19 28 8
19 17 9
19 39 -9
20 7 -6
20 38 -2
20 37 8
20 9 6
20 42 7
20 35 3
20 21 1
20 30 2
20 25 4
20 22 -3
20 1 -9
20 26 -4
20 13 5
20 4 8
20 48 -4
20 0 8
20 12 5
20 32 -9
20 10 0
20 5 5
20 6 -7
20 33 4
20 2 4
20 24 -5
20 11 -5
20 14 3
20 45 3
20 43 -4
20 27 3
20 17 -5
20 15 -5
20 16 -7
20 18 -8
20 8 7
20 40 -7
20 39 -1
20 44 8
20 3 -8
20 28 7
20 47 5
20 41 6
20 29 7
20 19 -2
20 36 -8
20 46 -7
20 34 1
20 31 -7
20 23 7
21 17 5
21 1 7
21 33 -8
21 34 -3
21 6 9
21 19 -4
21 15 -8
21 27 -2
21 30 9
21 47 8
21 22 2
21 0 -8
21 28 -8
21 23 -6
21 14 -9
21 46 8
21 10 -2
21 18 -1
21 35 6
21 38 4
21 29 4
21 11 -4
21 24 4
21 8 -7
21 20 -2
22 4 7
22 43 1
22 17 -7
22 33 -1
22 28 -5
22 40 -3
22 36 -8
22 15 0
22 12 8
22 45 6
23 29 -5
23 15 -3
23 33 -5
23 31 -6
23 27 5
23 18 8
23 8 4
23 11 -9
23 36 -4
23 24 8
23 14 9
23 34 1
23 19 3
23 46 5
23 43 -2
23 38 -1
23 1 -6
23 39 -9
23 13 9
24 37 -8
24 28 8
24 29 2
24 9 3
24 13 7
24 26 2
24 46 0
24 2 -8
24 6 8
24 43 0
24 32 -8
24 34 2
24 14 5
24 10 0
24 30 -5
24 3 6
24 0 1
24 4 -4
24 15 -1
24 36 9
24 35 -4
24 11 4
24 19 -7
24 33 -3
24 25 -7
24 22 -8
24 42 0
24 5 0
24 12 1
25 12 -6
25 31 -6
25 39 7
25 1 -5
25 8 0
25 41 -2
25 18 -4
25 29 2
25 7 -5
25 48 5
25 30 -4
25 43 -1
25 13 1
25 33 7
25 15 9
25 3 1
25 47 -4
25 37 5
25 36 -6
25 14 -4
25 28 7
25 11 6
25 17 4
25 6 -9
25 19 -2
25 40 3
25 2 -6
25 20 8
25 4 9
25 22 -7
25 44 -7
25 46 -7
25 34 1
25 24 0
26 38 0
26 39 9
26 30 4
26 22 -1
26 14 -3
26 1 -3
26 3 5
26 24 -4
26 43 -1
26 36 -9
26 41 4
26 48 -5
26 46 6
26 6 0
26 19 7
27 3 2
27 37 5
27 36 7
27 26 -5
27 42 4
27 44 3
27 20 -4
27 1 -6
28 13 -2
28 11 0
28 45 2
28 9 9
28 0 -6
28 39 4
28 32 -4
28 33 -1
28 17 2
28 48 -8
28 35 0
28 42 7
28 5 5
28 43 -7
28 27 0
28 38 8
28 34 -2
28 19 3
28 8 -5
28 10 1
28 20 -3
28 40 5
28 2 8
28 23 -5
28 15 -5
28 18 6
28 36 -5
29 27 8
29 42 7
29 30 8
29 11 -3
29 48 5
29 21 -3
29 15 0
29 45 -3
29 12 4
29 3 -1
29 44 0
29 16 8
29 18 -4
29 35 -9
29 20 -9
29 24 -2
29 14 3
29 23 3
29 17 -9
29 2 -3
30 25 9
30 18 9
30 14 4
30 12 -5
30 19 9
30 20 -7
30 26 2
30 24 1
30 44 -4
30 45 8
30 36 0
30 5 4
30 39 -4
30 8 -6
30 23 -8
30 42 9
30 33 1
30 27 -5
30 41 3
30 35 -5
30 0 2
30 2 -1
30 10 5
30 15 1
30 37 -4
30 40 -4
30 29 7
30 22 -5
30 13 -4
30 47 -2
30 7 -9
30 11 -3
30 9 2
30 28 -6
30 3 -2
30 48 1
30 34 -6
32 19 -5
32 7 -7
32 15 3
32 1 -1
32 35 -8
32 13 1
32 42 -1
32 22 -2
32 48 3
32 17 5
32 4 -9
32 47 -6
32 28 7
32 18 1
32 20 3
32 8 5
32 5 -3
32 33 -2
32 6 0
32 46 5
32 36 -2
32 29 -8
32 34 -6
32 39 -3
32 26 7
32 27 6
32 9 2
32 14 6
33 17 -2
33 13 -4
33 14 4
33 18 -3
33 20 -4
33 23 -1
33 19 9
33 34 -5
33 9 1
33 43 -9
33 42 -8
33 41 2
33 3 7
33 7 -2
33 32 4
33 38 0
33 46 5
33 2 7
33 28 9
33 4 3
33 37 8
33 22 7
33 5 0
33 6 5
33 11 2
33 44 -4
33 25 -2
33 24 4
33 21 -3
33 35 2
33 0 -6
33 31 0
33 16 0
33 45 -6
33 12 -9
33 47 -7
33 40 -6
33 29 4
33 10 0
33 36 -3
33 30 4
33 15 -7
33 48 8
33 1 3
34 4 -4
34 35 2
34 10 3
34 44 5
34 28 -2
34 8 -5
34 48 7
34 41 -4
34 39 -6
34 2 3
34 1 1
34 42 -8
34 38 0
34 7 -2
34 30 -8
34 26 -1
34 0 0
34 14 1
34 32 -8
34 40 -6
34 13 -9
34 6 -6
35 17 -5
35 13 3
35 6 1
35 45 -9
35 9 -3
35 26 -3
35 31 -2
35 21 2
35 18 -5
36 12 -9
36 4 7
37 48 9
37 25 -1
37 42 1
37 8 -4
37 7 2
37 6 -7
37 44 9
37 41 -7
37 29 -5
37 14 -6
37 18 4
37 5 -4
37 26 -3
37 31 -1
37 23 0
37 38 -5
37 30 5
37 1 7
37 35 2
37 45 4
37 3 6
37 43 2
37 2 6
37 21 1
37 27 -2
37 16 6
37 39 -9
37 0 1
37 47 6
37 20 7
37 22 5
37 4 -5
37 17 7
37 11 9
37 13 1
37 15 -4
37 10 9
38 33 -4
38 27 5
38 41 4
38 4 4
38 6 -8
38 31 8
38 18 -3
38 25 1
38 34 0
38 0 0
38 7 4
38 36 0
39 12 2
39 31 6
39 15 -3
39 19 -4
39 35 9
39 14 -8
39 47 -2
39 22 1
39 23 4
39 6 0
39 5 -5
39 41 -2
39 40 -7
40 44 -6
40 7 -7
40 26 7
40 11 -2
40 36 1
40 35 -3
40 28 -8
40 8 -8
40 16 -3
40 10 7
40 43 -3
40 32 -8
40 4 -4
40 13 5
40 5 -8
40 27 -8
40 21 8
40 19 -3
41 43 -8
41 20 -7
41 21 8
41 15 -5
41 1 8
41 23 1
41 30 -6
41 24 1
41 40 6
41 17 2
41 8 -1
41 6 6
42 20 3
42 13 4
42 41 4
42 22 4
42 27 3
42 34 -2
42 2 2
42 8 8
42 16 2
42 45 7
42 38 8
42 7 -4
42 31 8
42 28 -3
42 44 5
42 14 -9
42 21 2
42 39 -4
42 37 -3
42 47 3
42 19 -6
42 17 -2
42 25 -8
42 23 -5
42 1 5
42 12 -2
42 4 -1
42 24 0
42 32 8
42 9 -1
42 3 -2
43 8 -1
43 11 8
43 44 -6
43 46 -9
43 10 -1
43 45 9
43 17 -7
43 14 8
43 3 -1
43 5 -8
43 15 -7
43 1 1
43 20 -8
43 36 -4
43 38 5
43 27 -8
43 2 5
43 29 -6
43 7 -7
43 24 -1
43 4 -5
43 32 -3
43 21 -3
43 12 -3
44 23 2
44 46 -8
44 14 -2
44 10 -6
44 32 9
44 31 -9
44 6 -5
44 0 0
44 16 9
44 21 -7
44 18 3
44 11 6
44 41 0
44 43 7
44 27 -4
44 34 -4
45 40 -4
45 30 1
45 0 -1
45 6 1
45 17 -1
45 25 -5
45 37 5
45 20 0
45 27 -7
45 44 5
45 18 -1
45 7 1
45 14 8
45 1 8
45 43 3
45 35 5
45 26 -9
45 5 -7
45 31 5
45 23 8
45 13 8
45 48 -6
45 47 -2
45 21 9
45 4 3
45 38 -3
45 8 -6
45 12 2
45 9 8
45 19 8
45 29 3
45 24 2
45 28 -9
46 10 -9
46 6 -3
46 11 2
46 8 -9
46 39 0
46 44 -8
46 29 4
46 47 1
46 2 5
46 42 7
46 9 0
46 45 -9
46 30 2
46 26 5
46 32 6
46 34 3
46 5 -6
46 38 5
46 21 2
46 28 7
47 8 -8
47 39 2
47 17 8
47 22 -9
47 23 -5
47 18 4
47 36 7
47 45 6
47 42 -3
47 7 8
47 16 0
47 28 9
47 21 -6
47 6 4
47 12 6
47 43 -5
47 4 1
47 32 -3
47 2 6
47 19 -8
47 41 0
47 44 -7
47 34 1
47 20 0
47 15 5
47 9 -8
47 31 -8
47 5 9
47 25 1
47 0 9
47 24 6
47 11 4
47 30 -8
47 46 5
47 1 2
47 37 2
47 13 2
48 25 2
48 21 2
48 8 8
48 10 1
48 32 2
48 31 5
48 45 9
48 34 -4
48 37 -4
48 42 -4
48 40 0
48 19 -5
48 20 4
48 23 4
48 16 4
48 12 -5
48 44 -7
48 24 0
48 29 -9
48 39 -8
