52
1157
true
0 3 -9
0 18 3
1 32 -2
1 46 -5
1 43 -4
1 5 -1
1 16 -5
1 18 8
1 29 5
1 27 3
1 30 4
1 10 -1
1 28 -7
1 25 -7
1 33 2
1 14 -3
1 21 -9
1 41 8
1 49 -5
1 11 2
1 45 -4
1 48 -8
1 50 5
1 7 8
1 36 -2
1 38 -1
1 3 7
1 44 1
1 20 6
1 0 -2
1 39 -6
1 35 -3
1 40 2
1 15 3
1 34 5
1 13 -3
1 17 -8
1 37 2
1 31 -1
1 42 -9
2 33 -1
2 31 -5
2 35 0
2 23 -1
2 44 6
2 30 9
2 0 1
2 40 -7
2 15 -2
2 27 -7
2 1 -5
2 21 -3
2 39 5
2 17 -8
2 9 -7
2 28 2
2 6 5
2 29 -8
2 8 -3
2 48 -6
2 42 8
2 7 -9
2 10 0
2 47 -3
2 12 4
2 19 -3
2 45 1
2 36 3
2 50 -1
2 46 -3
2 13 8
2 34 7
2 38 6
2 25 4
2 18 -3
2 32 0
2 37 0
3 18 4
3 31 4
3 15 -9
3 26 0
3 47 7
3 11 2
3 12 4
3 29 3
3 40 -6
3 41 -8
3 42 -5
3 9 6
3 21 0
3 20 -7
3 2 -2
3 32 -4
3 27 7
3 0 6
3 48 8
3 17 -7
3 7 7
3 13 4
3 6 1
3 5 5
3 16 -9
3 19 6
3 22 2
3 14 -3
3 39 6
3 44 1
3 46 -3
3 10 -1
3 34 -2
3 28 9
3 37 -4
3 33 4
3 45 -4
3 25 -5
3 51 -1
3 35 -7
3 1 3
3 23 -8
3 36 0
3 50 6
3 30 -2
3 38 -1
3 24 4
3 4 -1
3 8 8
3 43 -1
4 25 8
4 12 4
4 11 -5
4 5 3
4 36 -9
4 49 -9
4 42 -3
4 34 -9
4 16 -1
4 40 -8
4 10 0
4 46 -7
4 45 7
4 13 7
4 21 7
4 6 7
4 35 -6
4 15 2
4 51 -5
4 7 8
4 48 -8
4 9 4
4 38 5
4 37 -6
4 18 -2
5 25 -8
5 8 7
5 40 9
5 49 -7
5 34 0
5 51 -1
5 38 1
5 17 7
5 12 -3
5 30 -9
5 21 -8
5 7 3
5 45 4
5 18 9
5 36 -1
5 23 -2
5 6 -9
5 3 -1
5 27 6
5 10 3
5 11 -6
5 24 6
5 33 0
5 37 -4
5 50 0
5 29 -4
5 16 2
5 26 -3
5 0 -1
5 35 -7
5 2 6
5 20 0
5 22 0
5 15 -3
5 46 -2
5 4 -2
5 14 -7
5 42 -6
5 48 3
5 13 0
5 47 -6
5 9 7
5 41 3
5 31 -3
5 19 -3
5 39 1
6 50 3
6 49 -4
6 10 -7
6 26 -2
6 20 -6
6 12 -8
6 9 5
6 48 8
6 13 -2
6 17 -7
6 28 -2
6 29 7
6 5 -2
6 34 -2
6 43 -6
6 22 -4
6 47 9
6 31 6
6 3 -6
6 37 -1
6 18 2
6 16 8
7 44 -3
7 32 7
7 8 4
7 17 2
7 46 2
7 22 -1
7 2 9
7 16 -1
7 49 1
7 43 -7
7 41 6
7 12 4
7 36 -2
7 47 -2
7 39 -8
7 38 -7
7 15 1
7 1 6
7 51 -8
7 37 -9
7 24 1
7 0 0
7 45 -6
7 40 7
7 50 6
7 21 -6
8 36 4
8 32 3
8 0 -1
8 1 -7
8 41 4
8 39 -1
8 33 -9
8 18 -7
8 19 -8
8 43 6
8 44 -3
8 31 -8
8 24 -6
8 38 8
8 20 -9
8 40 -4
8 11 6
8 3 -4
8 22 -3
8 50 7
8 23 -6
8 37 2
8 28 0
8 30 4
8 14 7
8 21 2
8 34 -1
8 45 -4
8 49 6
8 46 -7
8 17 -5
9 48 3
9 26 3
9 30 0
9 15 -2
9 35 6
9 33 9
9 32 -5
9 22 -8
9 39 9
9 50 7
9 40 7
9 29 2
9 51 1
10 1 -5
10 13 4
10 5 -2
10 17 -9
10 38 1
10 24 -2
11 7 2
11 43 6
11 5 9
11 33 -3
11 9 -3
11 41 9
11 12 -9
11 16 9
11 42 2
11 45 4
11 10 -6
11 48 9
11 34 5
11 50 2
12 4 -1
12 47 1
12 48 1
12 10 1
12 43 -9
12 33 -2
12 16 -5
12 51 -7
12 11 -4
12 50 -1
12 6 -3
12 46 -1
12 9 9
12 14 4
12 49 -2
12 42 -3
12 23 -6
12 3 -9
12 30 9
12 18 -4
12 39 6
12 27 4
12 36 -9
12 13 5
12 31 -7
12 8 2
12 2 -1
12 29 -3
12 15 -6
12 38 -3
12 40 7
12 34 -6
12 37 5
12 28 -5
12 21 8
12 17 0
12 24 -3
12 7 -9
12 22 -2
12 20 0
12 0 3
12 25 -3
13 43 6
13 25 9
13 1 8
13 51 -9
13 10 -5
13 41 0
13 20 -7
13 42 3
13 45 -7
13 31 8
13 9 1
13 30 -2
14 16 3
14 12 7
14 11 5
14 29 -7
14 42 -5
14 33 5
14 25 -3
14 38 5
14 13 -3
14 27 -6
14 50 -2
14 31 6
14 46 -7
14 15 -8
14 8 9
14 6 7
14 34 5
14 51 -6
14 4 5
14 44 8
14 23 -5
14 22 7
14 19 -7
14 47 4
14 48 -7
14 2 1
14 0 3
14 17 5
14 39 4
14 32 9
14 45 0
14 1 7
14 5 2
14 3 -1
14 49 -4
14 20 -8
14 40 -8
14 24 -8
14 10 -2
14 41 -8
14 36 9
14 18 -8
14 37 -3
14 21 -7
15 18 -4
15 49 -1
15 45 5
15 42 9
15 11 -7
15 44 -5
15 8 8
15 37 5
15 28 9
15 46 5
15 33 -6
15 31 9
15 0 9
15 35 7
15 27 3
15 10 -5
15 40 5
15 17 -6
15 26 -8
15 9 -4
15 24 0
15 41 3
15 14 9
15 47 4
15 21 -2
15 4 -1
15 13 8
15 39 -5
15 22 3
15 25 -3
15 51 8
15 43 -3
15 19 1
15 32 0
15 3 0
15 12 -3
15 50 1
15 23 2
15 7 0
15 16 -6
15 38 7
15 1 0
15 6 8
15 36 -7
16 28 0
16 17 3
16 14 7
16 39 0
16 33 -6
16 1 -7
16 11 5
16 37 -2
16 25 4
16 10 1
16 38 2
16 24 7
16 29 -9
16 22 6
16 0 9
16 42 -8
16 19 1
16 41 2
16 32 4
16 50 -4
16 49 -2
16 15 4
16 2 -3
16 46 4
16 8 0
17 25 9
17 12 2
18 12 -7
19 12 -7
19 17 -7
19 25 -6
19 20 7
19 38 3
19 50 -8
19 48 9
19 34 2
19 36 7
20 43 -6
20 36 -5
20 41 -5
20 34 -9
20 50 -9
20 39 -9
20 6 -8
21 28 3
21 17 7
21 5 7
21 19 -7
21 42 -2
21 51 -5
21 13 4
21 33 5
21 3 -7
21 32 2
21 39 -4
21 6 -2
21 47 -7
21 34 -5
21 37 -9
21 12 -9
21 38 -8
21 50 0
21 29 8
21 8 3
21 36 1
21 22 1
21 7 5
21 43 4
21 15 -7
21 40 3
21 1 6
21 24 7
22 33 0
22 8 6
22 36 5
22 28 -4
22 51 4
22 18 9
22 38 -3
22 43 -1
22 46 8
22 30 3
22 16 8
22 6 2
22 0 -7
22 44 1
22 40 1
22 31 2
22 14 5
22 7 -9
22 41 7
22 19 5
22 34 5
22 48 3
22 45 -3
22 9 2
23 41 -9
23 36 -3
23 28 9
23 15 3
23 24 5
23 18 5
23 46 -7
23 16 -9
23 34 9
23 7 6
23 14 -8
23 4 -4
23 21 8
23 35 9
23 17 0
23 50 0
23 9 -9
23 47 -6
23 27 9
23 12 1
23 38 -8
23 29 2
24 19 3
24 22 2
24 43 7
24 15 2
24 48 -2
24 42 -8
24 23 -8
24 30 6
24 8 7
24 40 -3
24 12 3
24 38 0
24 46 3
24 47 4
24 28 7
24 18 -5
24 0 9
25 24 -2
25 1 2
25 29 -2
25 14 -6
25 36 -3
25 39 4
25 33 -4
25 15 -1
25 20 0
25 32 -2
25 9 -1
26 49 -7
26 17 -6
26 3 -5
26 50 -7
26 29 -6
26 38 6
26 42 8
26 0 5
26 36 -5
26 19 -9
26 32 5
26 37 2
26 45 -7
26 6 8
26 14 7
26 46 -7
26 25 2
26 16 1
26 40 -4
26 8 5
26 1 -2
26 51 -6
26 23 -6
26 39 -7
26 11 9
26 4 9
26 2 -3
26 12 7
26 47 -5
26 44 -7
26 24 -6
27 32 0
27 40 8
27 47 -2
27 8 6
27 11 0
27 4 -7
27 38 -7
27 24 6
28 42 -4
28 26 4
28 38 -7
28 47 0
28 46 -6
28 24 -9
28 19 7
28 16 -4
28 5 -9
28 33 -8
28 21 6
28 29 -8
28 4 -7
28 48 2
28 8 -6
28 45 1
28 34 -3
28 7 0
28 12 4
28 43 3
28 20 7
28 6 9
28 35 -2
28 23 4
29 46 2
29 51 -9
29 45 0
29 2 8
29 3 -7
29 15 1
29 41 -7
29 7 6
29 22 -3
29 48 -4
29 42 -5
29 11 0
29 16 7
29 26 8
29 50 9
29 5 7
29 12 -8
30 29 -6
30 43 9
30 12 -4
30 17 -1
30 16 -7
30 50 1
30 39 -1
30 35 2
30 41 1
30 4 3
30 26 3
30 34 -8
30 20 -1
30 13 -4
30 49 8
30 1 6
30 15 -7
30 33 2
30 8 -5
30 37 4
30 6 6
30 38 -7
30 24 -1
30 5 2
30 48 2
30 42 2
30 23 6
30 22 0
30 45 5
30 47 2
30 14 -1
30 7 -1
30 3 -5
30 0 -3
30 32 -5
30 25 -5
30 36 6
30 40 -1
31 51 -8
31 37 9
31 41 9
31 16 -7
31 4 -6
31 36 8
31 35 2
31 11 8
31 5 -4
31 34 3
31 15 4
31 46 3
31 47 -2
31 33 -9
31 45 5
31 40 6
31 39 6
31 24 0
31 28 -8
31 8 0
31 17 -2
31 21 -6
31 25 4
31 6 -4
31 49 6
31 19 -8
31 23 -8
31 7 -5
31 14 7
31 2 0
31 48 -9
31 13 7
31 29 7
31 32 -7
31 0 2
32 23 0
32 9 -6
32 36 -3
32 2 6
32 48 -7
32 3 -6
32 37 3
32 39 5
32 17 -5
33 5 -7
33 31 9
33 34 8
33 46 -2
33 9 2
33 44 0
33 21 -3
33 27 7
33 28 7
33 13 -7
33 7 -1
33 3 3
33 32 -3
33 41 -4
33 18 -1
33 40 -8
33 38 8
33 43 -4
33 4 -8
33 42 6
33 8 9
33 19 -3
33 12 9
33 22 3
34 25 6
34 12 6
34 43 9
35 28 2
35 26 6
35 7 4
35 38 5
35 5 0
35 29 -3
35 1 -3
35 47 1
35 40 -7
35 48 3
35 39 4
35 34 0
35 23 -6
35 17 4
35 22 -1
36 8 -5
36 25 -6
36 41 8
36 37 -6
36 28 4
36 32 2
36 47 -7
36 12 -5
36 5 -7
36 14 1
36 50 -1
36 30 0
36 17 6
36 31 7
36 34 -1
36 35 -6
36 4 5
36 51 -6
36 21 6
36 9 -2
37 2 -9
37 40 5
37 44 4
38 27 -8
38 28 4
38 16 -4
38 36 7
38 6 2
38 3 7
38 10 -1
38 45 -2
38 30 8
38 51 0
38 25 6
38 42 -7
38 18 7
38 19 -5
38 29 1
38 47 -6
39 11 -2
39 48 -3
39 1 9
39 34 0
39 22 -2
39 4 -2
39 24 -1
39 29 9
39 49 -3
39 30 0
39 26 5
40 35 -4
40 26 6
40 28 8
40 9 -3
40 8 -5
40 29 4
40 48 -6
40 46 4
40 43 7
40 15 9
40 2 9
40 12 4
40 38 1
40 49 -1
40 34 -2
40 21 2
40 17 6
40 16 -3
40 24 7
40 32 -7
40 36 -8
40 18 -2
40 39 5
40 11 -9
40 22 0
40 20 1
40 47 -2
40 41 2
40 45 7
40 1 6
40 44 -4
40 4 0
40 3 -4
40 33 5
40 30 8
40 27 -9
40 0 4
40 51 5
40 5 -2
40 7 7
40 31 0
41 32 -5
41 50 -9
41 27 2
41 5 0
41 23 -6
41 9 -9
41 26 0
41 36 -9
41 44 0
41 11 1
41 46 -9
41 28 -3
41 15 7
41 39 -9
41 43 8
41 0 3
41 51 9
41 8 4
41 12 -4
41 42 6
41 31 0
41 18 1
41 40 -9
41 21 8
41 30 8
41 4 6
41 14 6
41 16 4
41 33 5
42 44 3
42 25 -8
42 1 9
42 18 -2
42 47 0
42 11 6
42 28 -3
42 39 7
42 16 4
42 23 -5
42 6 8
42 45 -6
42 43 -7
42 32 -1
42 14 2
42 12 -9
42 0 -7
42 17 -2
42 19 5
42 20 0
42 7 8
42 30 9
42 5 -1
42 9 4
42 13 -7
42 36 -2
42 34 7
42 22 -4
42 38 2
42 50 5
42 2 -1
42 24 0
42 21 9
42 31 3
42 51 3
42 15 5
42 41 8
42 48 -5
42 4 2
42 37 -9
42 40 4
42 46 -6
42 29 1
42 33 -3
42 26 -6
42 3 5
43 12 -7
43 23 7
43 34 -4
43 48 -2
43 45 -3
43 1 6
43 44 8
43 31 -5
43 2 5
43 15 -2
43 19 7
43 36 5
43 24 8
43 42 -6
43 3 -8
43 37 4
43 0 -1
43 22 -8
43 46 -7
43 20 2
43 5 1
43 26 0
43 38 8
43 6 0
43 17 1
43 39 -6
43 10 4
43 25 -5
43 18 3
43 14 -3
44 28 -8
44 9 -2
45 28 -1
45 15 4
45 8 7
45 22 0
45 9 -5
45 39 6
45 43 -8
45 41 9
45 17 9
45 33 8
45 6 5
45 50 6
45 1 7
45 7 -2
45 0 9
45 44 -5
45 34 -4
45 18 2
45 12 -6
45 21 2
45 47 -1
45 40 4
45 25 -9
45 13 8
45 49 7
45 31 -8
45 29 -9
45 14 -7
45 48 5
45 3 2
45 38 -5
45 46 -2
45 26 -6
45 4 -5
45 37 2
45 42 4
45 24 8
45 35 -5
45 5 -9
45 30 -6
45 16 2
45 23 1
45 51 2
45 19 -7
45 36 -7
45 11 8
45 27 -7
45 10 7
45 2 9
46 15 -8
46 11 -3
46 27 -7
46 17 -1
46 44 -4
46 32 2
46 45 8
47 20 -5
47 45 1
47 37 -9
47 39 6
47 11 3
47 3 9
47 50 5
47 14 -3
47 44 0
47 1 0
47 10 -5
47 33 2
47 7 -3
47 22 2
47 46 -1
47 27 -9
47 8 -2
47 17 5
48 15 -3
48 50 8
48 40 5
48 13 5
48 2 3
48 11 3
48 42 6
48 36 -4
48 25 -5
48 45 9
48 20 -4
48 23 8
48 35 0
48 26 6
48 47 -1
48 33 3
48 31 8
48 28 1
48 14 -1
48 27 2
48 19 4
48 29 -6
48 5 9
48 18 -8
48 32 -5
48 8 1
48 34 8
48 21 6
48 38 3
48 43 -9
48 0 3
48 44 2
48 1 0
48 12 -1
48 30 9
48 16 -8
49 11 6
49 3 -1
49 42 5
49 39 -4
49 1 7
49 4 7
49 23 -9
49 40 -2
49 24 -2
49 45 7
49 29 -2
50 8 1
50 27 5
50 24 5
50 12 -2
50 45 3
50 28 2
50 23 -7
50 21 -2
50 38 0
50 44 0
50 26 2
50 11 -3
50 4 8
50 34 0
50 1 -7
50 25 -6
50 49 -3
50 31 -6
50 41 6
50 20 -8
50 39 0
50 15 0
50 33 2
50 37 -9
50 10 3
50 30 -5
50 14 3
50 29 -4
50 43 -9
50 5 -6
50 17 5
50 2 -5
51 33 -1
51 46 2
51 26 7
51 30 -5
