56
1622
true
0 41 -6
0 48 6
0 54 1
0 19 1
0 49 -6
0 2 2
0 17 5
0 39 7
0 12 -1
0 25 -8
0 55 5
0 44 7
0 34 6
0 15 0
0 20 9
0 26 -8
0 22 3
0 47 3
0 14 5
0 27 -3
0 11 1
0 38 9
1 47 -4
1 18 5
2 49 -6
2 25 4
2 31 -2
2 33 9
2 32 -1
2 29 2
2 18 1
2 14 2
2 52 -9
2 44 -7
2 23 0
2 10 6
2 37 1
2 11 5
2 30 9
2 20 -2
2 16 1
2 7 0
2 36 4
2 42 -1
2 35 -2
2 27 -4
2 28 -7
2 51 0
2 40 -2
2 12 8
2 24 -8
2 4 5
2 38 -4
2 48 1
2 50 3
2 8 6
2 43 -8
2 55 7
2 54 -6
2 47 -3
2 17 -4
2 13 -6
2 15 2
2 0 6
2 1 -7
2 22 7
2 34 1
2 45 -3
3 39 1
3 35 -6
3 34 3
3 31 2
3 11 8
3 37 -2
3 8 -4
3 5 -2
3 6 -1
3 1 4
3 18 7
3 48 4
3 49 -7
3 10 4
3 45 1
3 29 -7
3 13 4
3 42 -8
3 55 -2
3 24 -5
3 25 6
3 27 6
3 23 -9
3 12 -6
3 36 5
3 15 -5
3 0 6
3 22 1
3 26 1
3 44 -9
3 50 -5
3 32 -9
3 28 2
3 54 8
3 43 -1
3 51 -9
3 2 -2
3 20 6
3 52 3
3 7 5
3 53 5
3 19 5
3 9 5
3 40 -6
3 17 -3
3 33 7
3 21 2
3 4 -6
4 0 -9
4 37 3
4 36 7
4 33 7
4 7 0
5 54 2
5 39 5
5 52 1
5 2 -5
5 24 4
5 31 5
5 47 9
5 7 8
5 21 9
5 41 1
5 18 -4
5 1 -2
5 20 -6
5 32 -2
5 13 8
5 22 1
6 5 9
6 18 -4
6 22 6
6 26 1
6 14 1
6 11 1
6 47 4
6 52 0
6 51 6
6 39 -6
6 43 1
6 15 -9
6 16 3
6 23 9
6 19 1
6 37 5
6 41 6
6 33 0
6 10 -5
6 55 -1
6 7 -1
6 54 -1
6 12 7
6 44 0
6 2 -8
6 48 6
6 21 -2
6 27 4
7 38 -5
7 31 6
7 32 5
7 44 -9
7 55 9
7 49 6
7 5 -3
7 15 5
7 40 8
7 41 -3
7 33 -8
7 26 -3
7 43 9
7 2 -9
7 27 6
7 13 5
7 10 5
7 23 8
7 18 9
7 3 7
7 45 -1
7 36 1
7 0 5
7 24 -8
7 54 3
7 47 0
7 16 -7
7 28 -5
7 34 2
7 46 8
7 21 3
7 8 -2
7 9 1
7 6 -8
7 50 1
7 35 1
8 48 0
8 2 -9
8 54 -9
8 36 4
8 22 -7
8 35 8
8 38 8
8 42 3
8 53 -8
8 10 -9
8 32 -8
8 43 6
8 5 2
8 31 2
8 3 3
8 33 6
8 46 3
8 0 2
8 26 1
8 52 -4
8 6 5
8 19 9
8 14 -8
8 44 0
8 7 3
8 34 -3
8 51 -7
8 30 4
8 12 0
8 47 -1
8 50 -5
8 16 0
8 20 2
8 25 -2
8 18 3
8 21 -4
8 29 4
8 23 4
8 28 -5
8 15 2
8 11 4
9 15 3
9 2 7
9 18 9
9 10 -4
9 44 0
10 13 -3
10 23 -2
10 53 2
10 18 -6
10 51 -7
10 48 -4
10 0 7
10 17 4
10 5 7
10 49 -1
10 40 5
10 2 -5
10 55 -2
10 24 -6
10 25 -1
10 3 5
10 20 6
10 1 1
10 19 7
10 4 7
10 26 -7
10 33 -9
10 47 -7
10 12 -1
10 54 9
10 27 2
10 8 -6
10 35 6
10 11 8
10 32 -4
10 6 -4
10 28 9
10 15 6
10 42 -4
10 37 -3
10 46 1
11 20 8
11 50 9
11 40 -8
11 22 -5
11 25 -5
11 35 -8
11 52 2
11 28 4
11 37 2
11 29 7
11 39 3
11 34 1
11 27 -7
11 0 3
11 13 8
11 19 -2
11 41 6
11 51 7
11 47 -1
11 49 -2
11 48 5
11 46 -2
11 31 -5
11 36 -6
11 21 6
11 6 7
11 38 -1
11 33 7
11 4 -2
11 43 9
11 16 -6
11 44 -4
11 17 -2
11 3 7
11 26 3
11 30 -2
11 18 0
11 8 8
11 9 4
11 15 1
11 23 2
11 42 9
11 7 -5
11 1 3
11 45 -7
12 20 -9
12 7 7
12 24 -4
12 22 5
12 1 4
12 27 -8
12 51 -6
12 54 -4
12 25 8
12 14 -7
12 42 -6
12 34 -1
12 28 -5
12 21 6
12 53 -6
12 43 9
12 38 2
12 17 4
12 3 -6
12 30 4
12 48 -9
12 40 3
12 15 9
12 33 -3
12 36 8
12 46 1
12 6 0
12 50 7
12 0 -1
12 19 2
12 52 -8
12 41 -6
12 2 2
12 39 -6
12 23 -7
12 35 -7
12 37 8
12 31 -2
12 49 -8
12 18 6
12 9 -5
12 13 -7
13 32 7
13 54 -2
13 0 4
13 28 8
13 21 7
13 33 -6
13 42 0
13 46 5
13 6 -9
13 38 0
13 55 3
13 10 0
13 52 -1
13 45 -3
13 1 6
13 18 -7
13 27 2
13 11 9
13 22 7
13 34 0
13 37 -1
13 48 5
13 44 0
13 16 -1
13 50 7
13 26 8
13 53 -8
13 31 -4
13 49 0
13 14 -7
13 43 4
13 2 -3
13 47 -5
13 4 -5
13 35 -8
13 24 0
13 29 -7
14 23 4
14 15 4
14 20 -5
14 27 -5
14 26 -1
14 9 7
14 38 -1
14 50 3
14 19 -2
14 34 5
14 25 -6
14 44 3
14 39 -3
14 1 6
14 11 6
14 36 3
14 46 8
14 41 -7
14 49 6
14 12 7
14 29 -1
14 51 -8
14 18 4
14 30 -6
14 55 -2
14 47 -4
14 10 -7
14 7 -3
14 3 -1
14 24 4
14 2 1
14 40 -8
14 4 -2
14 13 -6
15 37 9
15 1 -9
15 43 6
15 38 -2
15 32 -3
15 19 -2
15 41 0
15 33 -1
15 4 -9
15 44 0
15 9 -1
15 28 -5
15 45 2
15 21 1
15 53 -7
15 26 -6
15 36 9
15 3 3
15 24 -8
15 14 4
16 13 6
16 45 -4
16 2 9
16 33 -8
16 42 -2
16 55 -8
16 20 0
16 12 0
16 43 0
16 3 -5
16 48 -8
16 28 7
16 1 -9
16 4 -6
16 37 8
16 25 9
16 53 -9
16 19 -9
17 9 -1
17 6 -4
17 21 4
17 48 -2
17 12 0
17 1 -6
17 44 8
17 42 -4
17 25 -8
17 27 9
17 24 8
17 54 8
17 23 -1
17 7 8
17 20 -2
17 0 -6
17 43 -1
17 39 0
17 18 1
17 4 5
17 50 3
17 3 -8
17 22 -9
17 5 -1
17 53 3
17 32 -7
17 37 0
17 13 1
17 36 0
17 55 6
17 31 -6
17 38 6
17 16 0
17 14 9
17 40 -3
17 28 9
17 33 8
17 41 -9
17 35 1
17 29 2
17 10 4
17 8 -7
18 51 8
18 41 -2
18 31 6
18 43 7
18 23 -2
18 14 1
18 20 0
18 12 -9
18 13 2
18 4 -1
18 1 5
18 5 4
18 2 -1
18 8 -2
19 43 -7
19 18 -9
19 42 -4
19 20 2
19 1 2
19 16 1
19 7 -5
19 10 -3
19 30 -5
19 38 9
19 25 -5
19 29 0
19 33 -1
19 49 -7
19 36 -5
19 54 -3
19 44 -9
19 55 -3
19 8 6
19 21 7
19 22 5
19 12 3
19 11 -2
19 35 5
19 50 1
19 4 -3
19 27 4
19 24 5
19 47 9
19 5 -5
19 34 7
19 0 1
19 9 8
19 15 8
19 37 -4
19 48 5
19 39 -9
19 26 -7
19 53 -3
19 41 4
19 3 -1
19 52 1
20 1 8
20 7 5
20 28 -2
20 15 1
20 32 -8
20 9 -1
20 14 7
20 54 -4
20 26 2
20 43 0
20 23 -2
20 31 8
20 8 -6
20 37 1
20 52 -5
20 11 7
20 48 4
20 17 6
20 38 -5
20 45 0
20 22 -5
20 40 -9
20 46 -2
20 27 9
20 5 4
20 29 -9
20 2 8
20 4 3
20 39 -2
20 41 -1
20 25 -3
20 35 -8
20 33 9
20 21 9
20 18 -4
20 53 -4
20 44 -7
20 16 3
20 34 -9
20 6 5
20 51 4
21 29 4
21 26 1
21 17 7
21 16 3
21 15 8
21 48 5
21 3 -1
21 49 -4
21 12 -4
21 25 5
21 1 -6
21 14 4
21 53 2
21 46 -3
21 36 5
21 50 4
21 27 -6
21 28 -7
21 51 8
21 8 -6
21 38 9
21 44 7
21 42 -8
21 19 -8
21 31 9
21 20 4
21 55 5
21 23 2
21 33 3
21 0 -4
21 47 0
21 13 5
21 6 -1
21 18 2
21 10 -4
21 37 2
21 43 7
21 30 7
21 7 8
21 52 1
21 22 1
21 54 -5
21 41 -8
22 41 7
22 40 -4
22 21 -6
23 41 -1
23 13 8
23 26 -5
24 9 -6
24 42 3
24 49 1
24 0 -7
24 23 2
24 32 4
24 50 -3
24 1 -9
24 33 -4
24 41 5
24 3 -7
24 4 8
24 27 -4
24 16 9
24 19 5
24 26 -5
24 25 -9
24 10 0
24 34 -7
24 12 4
24 52 -5
24 47 9
24 30 4
24 38 -5
24 46 -5
24 11 3
24 17 2
24 18 4
24 29 -4
24 14 2
24 36 -5
24 51 -7
24 35 2
24 6 9
24 48 1
24 45 1
24 39 -4
24 7 -9
24 5 -7
24 44 8
24 55 3
24 2 4
24 15 4
24 53 -3
25 29 -8
25 49 -7
25 8 2
25 51 -7
25 17 -2
25 41 -5
25 30 4
25 13 3
25 43 -4
25 16 -3
25 48 -6
25 37 4
25 5 -8
25 6 -3
25 54 3
25 10 3
25 33 3
25 47 -1
25 45 -5
25 35 -4
25 15 1
25 42 3
25 18 9
25 52 8
26 3 -1
26 36 -5
26 17 7
26 54 -2
26 28 -5
26 33 3
26 5 -9
26 14 -4
26 20 4
26 6 -8
26 48 -5
26 43 7
26 38 -2
26 45 0
26 16 -2
26 1 -6
26 46 4
26 49 6
26 15 -7
26 47 -9
26 10 -8
26 50 -4
26 11 -4
26 24 -4
26 27 6
26 25 -2
26 32 -7
26 7 5
27 21 -1
27 40 3
27 19 -7
27 15 -6
27 13 -9
27 20 -3
27 48 -2
27 37 -7
27 14 5
27 39 -7
27 54 -6
27 41 7
27 32 -4
27 31 -6
27 52 8
27 24 -3
27 16 -9
27 46 -2
28 11 1
28 5 8
28 43 -8
28 44 7
29 45 5
29 36 7
29 47 -8
29 34 -3
29 26 -4
29 15 -8
29 55 -2
29 2 9
29 33 8
29 16 5
29 7 -8
29 9 -6
29 32 8
29 52 -2
29 46 -1
29 49 9
29 5 -2
29 28 6
29 24 3
29 40 9
29 8 6
29 3 -7
29 18 -4
29 4 -7
29 17 4
30 5 9
30 21 -7
30 31 0
30 4 7
30 29 1
30 47 -1
30 35 -5
30 12 -3
30 10 -6
30 43 -8
30 36 1
30 40 8
30 17 6
30 54 -1
30 8 8
30 11 -9
30 39 7
30 34 -2
30 25 1
30 24 -6
30 42 -8
30 2 3
30 23 -3
30 26 -9
30 32 -6
30 37 0
30 52 3
30 1 -9
30 15 8
30 44 -8
30 7 8
30 16 3
30 13 7
31 23 7
31 10 -4
31 52 -1
31 54 -6
31 49 -8
31 30 -2
31 44 -4
31 53 3
31 7 -5
31 18 7
31 40 -9
31 27 8
31 45 -9
31 46 -9
31 13 -9
31 21 4
31 22 -4
31 50 -4
31 34 -9
31 36 -6
31 41 7
31 51 9
31 9 -5
31 11 -3
31 4 1
31 38 -6
31 15 -5
31 19 9
31 43 0
31 32 -4
31 8 2
31 1 6
31 28 -5
31 47 7
31 24 1
31 26 -4
31 2 5
31 0 -4
31 35 7
31 42 0
31 55 -4
31 16 -6
31 39 9
31 29 -7
31 48 1
31 20 2
31 14 4
32 46 4
32 52 1
32 35 -6
32 48 -2
32 17 2
32 16 9
32 18 4
32 25 -4
32 54 -1
32 34 -8
32 14 -3
32 49 0
32 42 7
32 1 -7
32 13 0
32 45 8
32 24 5
32 5 3
32 20 7
32 3 1
32 12 5
32 4 -7
32 31 -5
33 55 5
33 4 -9
33 40 -6
33 13 -5
33 24 3
33 48 1
33 17 -8
33 21 3
33 20 8
33 28 7
33 23 8
33 49 7
33 32 -3
33 27 5
33 7 -3
33 8 0
33 10 -3
33 12 4
33 45 -1
33 2 8
33 46 -4
33 35 -9
33 22 -5
33 41 -9
33 16 -8
33 0 3
33 44 -2
33 30 1
33 15 -3
33 6 8
33 38 -9
33 54 5
33 29 6
33 50 -5
33 39 9
33 51 -7
33 26 8
33 3 -5
33 42 -2
33 47 -1
33 34 -8
33 14 9
33 37 -9
33 11 5
33 9 4
33 18 -8
33 25 4
33 5 -3
33 36 4
33 43 3
34 48 0
34 46 5
34 6 -1
34 50 2
34 13 2
34 1 -2
34 22 -8
34 32 -4
34 4 -3
34 26 7
34 12 1
34 35 3
34 27 6
34 51 2
34 28 6
34 37 -3
34 8 3
35 28 4
35 4 -3
35 41 -4
35 16 -1
35 54 9
35 34 -5
35 37 1
35 29 -9
35 12 -6
35 49 -8
35 18 1
35 6 2
35 3 7
35 21 -2
35 46 4
35 10 0
35 2 7
35 42 9
35 25 3
35 9 0
35 39 -3
35 23 8
35 22 7
35 33 0
35 45 0
35 53 2
35 27 -2
36 24 -4
36 10 -3
36 43 5
36 2 1
36 9 -5
36 27 7
36 33 0
36 21 -3
36 35 6
36 0 -1
36 51 -2
36 11 0
36 28 -6
36 50 9
36 32 8
36 48 8
36 12 2
36 7 -9
36 41 -2
36 17 9
36 25 5
36 55 3
36 31 3
36 42 -1
36 54 -9
37 12 8
37 14 -6
37 54 -6
37 36 4
37 45 0
37 13 0
37 42 2
37 46 -2
37 38 7
37 18 1
37 27 8
37 41 7
37 29 -3
37 3 9
37 20 6
37 16 4
37 7 5
37 47 8
37 50 -7
37 5 -6
37 4 4
37 21 -4
37 52 8
37 10 0
37 26 7
37 2 -8
37 30 -6
37 22 -6
37 8 9
37 48 -8
38 18 -6
38 10 -3
38 15 -9
38 34 4
38 25 4
38 50 -4
38 20 -3
38 48 -7
38 21 6
38 47 -8
38 52 5
38 12 2
38 16 -6
38 39 -4
38 42 2
38 9 5
38 6 -9
38 7 -2
38 29 -5
38 27 7
38 1 1
38 8 -5
38 28 -8
38 17 0
38 37 -8
38 49 7
38 19 -1
38 41 -8
38 0 0
38 54 -6
38 13 -9
38 55 -6
38 23 2
38 24 -9
38 53 -8
38 35 -7
38 32 7
38 26 -4
38 5 -1
38 2 5
38 36 -9
38 33 -4
38 11 2
38 4 9
38 51 -4
38 46 6
38 14 4
38 40 6
39 53 -9
39 40 -9
39 14 0
39 7 1
39 0 -4
39 26 6
39 23 0
40 12 -3
40 29 -9
40 18 -6
40 24 -1
40 21 9
40 30 4
40 20 -3
40 47 9
40 22 1
40 11 3
40 54 -2
40 34 9
40 26 7
40 45 -5
40 31 -4
40 48 4
40 53 5
40 36 -2
40 19 8
40 15 2
40 5 -4
40 6 4
40 46 4
40 27 -8
40 32 -3
40 39 1
40 14 0
41 24 0
41 44 9
41 38 8
41 47 2
41 52 6
41 1 -3
41 54 -4
41 28 9
41 35 -8
41 26 -2
41 43 1
41 34 0
41 21 -9
41 19 -5
41 48 -2
41 53 -6
41 31 0
41 11 6
41 30 -4
41 36 -6
41 55 -6
41 49 -1
41 39 6
41 3 -7
41 12 2
41 42 2
41 50 -2
41 15 6
41 33 6
41 13 7
41 37 5
41 10 -1
41 0 5
41 14 8
41 8 -5
42 31 -1
42 55 -1
42 41 0
42 35 1
42 14 -4
42 43 -4
42 33 -5
42 28 -7
43 34 6
43 31 7
43 29 -1
43 25 -4
43 37 2
43 16 5
43 1 -3
43 55 6
43 52 1
43 39 -5
43 33 -7
43 53 7
43 50 5
43 40 4
43 15 -6
43 10 -9
43 48 6
43 6 1
43 49 2
43 0 -2
43 46 -8
43 9 0
43 51 -4
43 18 -8
43 20 -5
43 22 0
43 32 -2
43 5 -2
44 40 -2
44 7 4
44 39 -1
44 9 -4
44 47 -7
44 30 5
44 49 -1
44 52 0
44 31 -9
44 0 -9
44 5 0
44 20 -4
44 51 9
44 11 8
45 20 4
45 9 5
45 0 2
45 21 0
45 49 -8
45 12 4
45 29 -1
45 46 8
45 16 -6
45 25 -9
45 10 -1
45 38 9
45 52 -7
45 33 -8
45 15 -7
45 36 1
45 13 -8
45 22 -4
45 3 5
45 55 -8
45 50 -6
45 28 -7
45 17 -2
45 14 -3
45 40 -8
45 19 -3
45 30 9
45 54 -5
45 7 -1
45 2 -8
45 27 8
45 51 6
45 5 -4
45 47 1
45 53 -2
45 11 2
45 39 -7
45 23 3
45 48 1
45 24 -1
45 18 -5
45 41 -9
45 42 8
45 35 1
45 37 -3
45 6 -6
45 8 -6
45 26 3
45 1 3
45 34 -4
45 43 -9
46 25 -3
46 50 4
46 40 1
46 23 5
46 42 7
46 18 -3
46 37 0
46 24 -9
46 16 6
46 51 2
46 27 8
46 30 -3
46 32 6
46 6 3
46 3 5
46 7 2
46 49 7
46 22 -5
46 52 3
46 0 -1
46 21 -1
46 38 5
46 15 6
46 8 3
46 19 8
46 44 -5
47 35 -6
47 13 4
47 12 6
47 29 -5
47 16 5
47 36 1
47 41 4
47 49 -2
47 11 1
47 26 -8
47 44 -7
47 55 1
47 10 -9
47 23 5
47 9 -1
47 34 2
47 45 8
47 50 5
47 30 -8
47 17 -8
47 40 9
47 39 1
47 14 9
47 4 4
47 22 -9
47 51 3
47 0 7
47 43 7
47 54 -6
47 25 -9
47 18 -6
47 28 0
47 53 -3
47 27 -6
47 7 -7
47 8 -2
47 21 -1
47 1 5
47 15 -3
47 3 1
47 46 -8
47 37 5
47 52 5
47 38 -4
47 6 1
47 24 8
47 32 3
48 18 -2
48 5 -7
48 21 -2
48 33 1
48 14 -6
48 42 0
48 3 -3
48 46 -2
48 38 -1
48 37 -8
48 24 7
48 19 0
48 23 9
48 1 4
48 8 2
48 13 -1
48 30 -1
48 16 9
48 36 -1
48 15 6
48 31 -8
48 29 -7
48 55 -4
48 43 -9
48 2 0
48 49 0
48 11 8
48 10 -7
48 44 -7
48 6 -1
48 53 -5
48 41 -6
48 28 4
48 47 5
48 9 2
48 50 -7
48 20 6
48 7 -8
48 52 1
48 32 6
48 27 3
48 22 -3
48 12 8
48 51 -2
48 45 1
48 25 -4
48 35 7
48 34 -7
48 40 4
48 4 4
48 17 -8
48 54 8
48 0 -4
48 39 0
48 26 7
49 24 -5
49 11 9
49 23 7
49 28 -2
49 12 -2
49 7 2
49 38 3
49 29 4
49 8 1
49 45 9
49 33 6
49 36 5
49 52 8
49 13 -8
49 41 -5
49 14 3
49 27 -9
49 4 -9
49 43 -2
49 50 -7
49 15 -4
49 20 -4
49 55 -5
49 46 3
49 2 -6
49 10 -7
49 5 -9
49 40 7
49 0 -2
49 48 -3
49 21 8
49 37 3
49 32 -5
49 42 -7
49 44 9
49 54 -5
49 9 -4
49 47 5
49 26 -7
49 18 5
49 31 7
49 39 9
49 51 -8
49 34 -7
49 1 -5
49 35 7
49 3 1
50 7 -4
50 40 -2
50 23 -3
50 15 -5
50 27 6
50 34 3
50 16 9
50 52 1
50 33 9
50 20 -6
50 14 0
50 11 4
50 18 -1
50 43 9
50 36 0
50 10 -1
50 44 -5
50 48 -5
50 5 -8
51 50 0
51 42 -4
51 16 -2
51 27 -1
51 22 -5
51 9 9
51 43 5
51 15 -5
51 24 -7
51 48 4
51 31 0
51 3 -6
51 52 -8
51 20 -5
51 32 -3
51 44 -5
51 25 -8
51 19 -2
51 4 7
51 46 1
51 8 6
51 40 -3
51 38 -2
51 39 0
51 47 -2
51 1 -7
51 26 -9
51 5 -8
51 23 -8
51 7 -5
51 11 -6
51 34 1
51 54 0
51 29 7
51 21 4
51 53 1
52 6 -8
52 38 -1
52 8 -1
52 39 -5
52 55 4
52 44 -8
52 51 -2
52 37 7
52 18 7
52 3 7
52 41 -8
53 44 3
53 36 5
53 17 2
53 0 -5
53 31 -9
53 41 -1
53 49 2
53 50 -4
53 2 -6
53 45 2
53 23 -4
53 13 -8
53 19 -9
54 23 -4
54 42 2
54 1 -8
54 32 4
54 40 -6
54 11 6
54 5 6
54 43 3
54 48 0
54 7 -7
54 22 -2
54 13 3
54 49 -9
54 50 -6
54 34 1
54 15 -6
54 16 -8
54 30 5
54 44 2
54 52 -6
54 12 7
54 10 -3
54 51 7
54 46 6
54 53 6
54 36 5
54 35 -9
54 17 -2
54 37 4
54 2 -8
54 19 -4
54 28 -9
54 14 6
54 9 -2
54 21 3
54 4 9
54 0 -1
54 55 9
54 39 -5
54 8 5
54 20 7
54 27 6
55 39 -3
55 46 -2
55 35 9
55 17 -8
55 22 4
55 15 -5
55 24 0
55 47 -7
55 20 8
55 42 -7
55 4 1
55 53 -6
55 3 -3
55 26 -9
55 32 3
55 14 4
55 19 6
55 48 0
55 2 -1
55 51 -9
55 44 0
55 7 8
55 36 -8
55 31 -4
55 18 -4
55 54 3
55 40 1
55 16 -8
55 34 0
55 41 0
55 5 0
55 13 4
55 29 -5
55 21 -6
55 10 -9
55 1 1
55 23 -4
55 11 0
55 8 -1
55 52 -3
55 9 6
55 30 -6
55 28 1
55 27 -8
55 49 5
55 12 -1
