57
1473
true
0 24 -6
0 2 6
0 41 1
0 7 1
0 18 -6
0 50 2
0 8 5
0 4 7
0 20 -1
0 49 1
0 10 7
0 28 6
0 3 0
0 17 9
0 5 -8
0 11 3
0 6 3
0 43 1
0 52 5
0 56 0
0 26 1
0 35 9
0 48 -4
0 33 -8
0 14 -1
0 25 -7
0 46 9
0 34 1
0 38 -1
0 40 -4
0 51 5
0 27 -8
0 15 5
0 22 -4
0 9 6
0 23 -8
0 42 7
0 21 -8
0 32 -8
0 12 -6
0 13 2
0 45 4
0 55 7
0 31 -2
0 36 -4
1 26 9
1 6 -4
1 15 -2
1 5 9
1 51 -7
1 55 -1
1 45 4
1 32 7
1 52 4
1 8 -7
1 54 1
1 49 4
1 20 -8
1 43 -6
1 16 -2
1 4 -5
1 47 -1
1 27 -1
1 12 6
1 3 6
1 31 1
1 23 -6
1 37 6
1 46 1
1 53 1
1 33 -6
2 23 5
2 0 3
2 41 0
2 39 -1
2 45 -3
2 40 -1
2 48 -2
2 18 -2
2 15 6
2 30 -6
2 56 -7
2 28 -6
2 12 -4
2 54 6
2 17 3
2 35 1
2 27 9
2 46 -4
2 16 -3
2 37 0
2 3 -5
2 21 -3
2 20 7
2 47 -3
2 24 -6
2 19 -9
2 7 0
2 34 2
2 6 9
2 33 -2
2 14 8
2 44 6
2 25 9
2 13 5
2 43 -8
3 37 1
3 38 -5
3 35 3
3 20 4
3 19 2
3 13 -3
3 53 7
3 56 5
4 41 0
4 11 2
4 26 1
4 43 3
4 52 6
4 22 8
4 49 -1
4 30 4
4 48 -9
4 46 7
4 36 0
4 44 -9
4 42 3
4 32 9
5 15 9
5 9 -7
5 20 8
5 21 9
5 22 1
5 24 8
5 3 -4
5 47 -2
5 19 -6
5 29 -2
5 43 8
5 28 8
5 27 1
5 49 6
5 56 7
5 53 8
5 48 -8
5 13 -3
5 34 -4
5 41 -2
5 0 -1
5 6 -1
5 31 9
5 26 6
5 10 -2
5 52 -3
5 4 -5
5 8 -7
5 25 -8
5 46 -5
5 35 -6
5 39 -1
5 12 4
6 46 6
6 48 -2
6 22 4
6 17 8
6 4 -2
6 53 -8
6 36 9
6 14 -5
6 38 -6
6 56 2
6 52 0
6 55 -6
6 20 1
6 25 2
6 41 -8
6 0 9
7 29 5
7 52 5
7 39 8
7 25 9
7 54 -4
7 48 7
7 23 4
7 5 7
7 12 -5
7 35 -1
7 14 6
7 16 1
7 17 5
7 27 -2
7 4 3
7 44 -5
7 45 4
7 47 5
7 1 -2
7 30 -1
7 18 -7
7 21 -5
7 20 7
7 9 2
7 15 2
7 42 3
7 55 -2
7 22 1
7 19 4
7 37 4
7 8 1
7 50 -1
7 38 1
7 6 1
7 28 -7
7 11 8
7 13 5
7 2 -1
7 36 -6
7 3 -8
7 24 -7
7 51 7
7 34 -3
7 31 9
7 49 6
7 10 -7
7 56 1
7 40 1
7 32 -7
7 46 -2
7 43 -3
7 53 -4
7 26 -3
8 32 6
8 31 -9
8 16 8
8 37 -1
8 5 0
8 47 2
8 40 -3
8 19 -2
8 22 2
8 30 -6
8 44 -7
8 48 -4
8 2 9
8 29 7
8 18 4
8 25 7
8 17 2
8 55 -1
8 33 -1
8 12 -5
8 13 -2
8 10 -6
8 35 -1
8 28 5
8 14 4
8 15 -5
8 36 -8
8 54 7
8 1 -7
8 53 7
8 45 -7
8 26 7
9 13 6
9 8 3
9 18 -5
9 49 6
9 3 -6
9 22 -6
9 12 4
9 34 -8
9 17 -6
9 47 5
9 2 5
9 54 7
9 38 -1
9 44 5
9 7 -3
9 14 -6
9 43 1
9 5 -1
9 56 -5
9 53 6
9 37 3
9 1 -9
9 25 6
9 29 8
9 0 -5
9 16 -5
9 23 -6
9 41 7
9 31 1
9 52 -7
9 26 3
9 36 -2
9 45 6
9 11 5
9 39 -9
9 30 -5
9 46 4
9 33 -1
9 40 9
9 50 -6
10 35 -7
10 24 -2
10 46 -3
10 33 3
10 41 -2
10 37 2
10 15 0
10 45 -2
10 0 3
10 55 -3
10 50 -1
10 1 -9
10 28 -8
10 6 9
10 29 -5
10 52 -5
10 9 3
10 23 -8
10 32 3
11 16 -1
11 37 -5
11 8 8
11 29 -7
11 44 1
11 2 -7
11 35 -1
11 47 -2
11 52 7
11 19 5
11 45 0
11 6 -6
11 32 -8
11 55 -2
11 36 -4
11 21 -1
11 30 9
11 56 8
11 43 -5
11 13 -4
11 50 -4
11 17 -7
11 41 -5
11 14 -4
12 38 -4
12 54 8
12 45 3
12 14 -7
12 35 -6
12 17 -1
12 9 -2
12 37 -5
12 23 6
12 1 -4
12 25 -6
12 20 5
12 50 6
12 42 4
12 4 6
12 49 -6
12 19 4
12 43 -9
12 13 6
12 8 8
12 18 9
12 44 -3
12 34 0
12 28 0
12 47 7
12 3 -1
12 22 2
12 26 -6
12 2 2
12 36 4
12 0 -7
12 27 8
12 11 2
12 46 -5
12 48 9
12 24 -3
12 7 5
12 51 2
12 10 -7
12 40 -2
12 56 3
12 16 -5
12 41 -1
12 52 -9
12 55 4
12 30 6
12 32 -2
12 6 -6
12 39 -3
12 15 -1
12 5 7
13 46 -6
13 31 7
13 45 8
13 52 0
13 22 4
13 7 -3
13 50 0
13 36 -7
13 6 2
13 15 4
13 53 4
14 2 8
14 13 -7
14 31 6
14 32 9
14 37 6
14 15 7
14 21 -1
14 12 -8
14 48 4
14 51 5
14 49 -6
14 3 -2
14 56 -4
14 47 -7
14 54 -4
14 24 -3
14 18 -7
14 27 4
14 52 -4
14 20 4
14 1 -2
14 10 -6
14 25 9
14 19 6
14 26 4
14 6 4
14 7 -8
14 9 -3
14 8 -2
14 0 -5
14 23 -5
15 16 1
15 5 -7
15 40 -6
15 53 2
15 55 9
15 28 3
15 30 4
15 24 -9
15 56 5
15 20 6
15 7 3
15 39 0
15 9 7
15 42 -6
15 1 7
15 0 -3
15 41 -4
15 18 5
15 19 -4
15 38 -7
15 50 4
15 13 -2
15 54 -6
15 51 8
15 3 -4
15 11 9
15 43 8
15 21 -1
15 10 3
15 26 3
15 12 -3
15 27 -9
15 31 -1
15 17 -5
15 49 -6
15 23 -2
15 47 6
15 33 1
15 37 5
15 2 -2
15 14 -6
15 44 9
15 29 -3
15 32 9
15 6 2
15 8 -9
15 46 -9
15 45 -4
15 36 3
16 8 6
16 44 7
16 46 -2
16 41 1
16 20 1
16 11 0
16 34 -9
17 49 -2
17 27 9
17 52 1
17 51 8
17 35 0
17 45 8
17 0 3
17 7 4
17 9 -7
18 38 -8
18 43 -2
18 49 2
18 10 5
18 42 -8
18 25 -5
19 56 9
19 41 -5
19 36 0
19 31 -4
19 2 -1
19 51 -7
19 24 5
19 48 -5
19 34 -9
19 22 -3
19 38 -1
19 1 6
19 43 -3
19 47 -2
19 26 5
19 28 -9
19 11 3
19 40 5
19 9 1
19 23 9
19 53 -2
19 0 -3
19 39 0
19 21 4
19 12 5
19 5 -5
19 7 -5
19 37 4
19 14 7
19 52 3
19 6 -9
19 33 7
19 55 1
19 20 5
19 32 -7
19 49 -3
19 15 8
19 16 -4
19 46 -1
19 54 3
19 45 0
19 10 7
20 48 -1
21 35 4
21 5 -7
21 49 -8
21 28 -8
21 1 1
21 26 -7
21 17 -6
21 22 8
21 29 -6
21 23 -5
21 16 -6
21 32 -1
21 41 1
21 15 4
21 31 -7
21 47 -1
21 4 4
21 8 9
21 0 1
21 45 7
21 56 0
21 13 6
21 3 -6
21 36 3
21 43 -6
21 39 -3
21 34 -4
21 12 2
21 7 8
21 46 -4
21 25 8
21 37 -9
21 2 -8
21 18 -8
21 38 -9
21 50 5
21 27 3
21 19 -9
21 24 -7
21 44 3
21 14 -3
22 11 4
22 56 3
22 32 -6
22 48 0
22 35 -6
22 12 -2
22 17 -4
22 52 -8
22 8 9
22 5 1
22 24 -8
22 14 -5
22 3 -2
22 13 6
22 51 0
22 49 4
22 25 7
22 33 0
22 10 -5
22 55 3
22 2 -7
22 36 -8
22 41 9
22 18 4
22 44 8
22 16 6
22 1 5
22 20 2
22 37 6
22 23 0
22 30 -1
22 50 -1
22 38 8
22 26 2
22 42 -7
22 28 -6
22 7 -4
22 15 6
22 46 7
22 21 7
22 45 6
22 54 9
23 32 8
23 42 -7
23 51 0
23 54 5
23 19 1
23 27 1
23 38 7
23 6 1
23 4 -5
23 36 -6
23 41 -5
23 40 -8
24 56 7
24 38 -4
24 34 -6
24 11 -2
24 27 8
24 55 6
24 42 7
24 13 -6
24 1 3
24 31 1
24 50 -7
24 18 2
24 26 4
24 0 -3
24 7 -9
24 51 5
24 19 -4
24 8 8
24 3 9
24 40 5
24 6 -9
24 4 0
24 9 5
24 53 -7
25 32 -7
25 4 5
25 18 -7
25 42 -8
25 12 -7
25 30 -3
25 51 9
25 5 -1
25 31 9
25 11 0
25 7 -9
25 34 5
25 38 -4
25 40 -4
25 49 0
25 37 6
25 10 -5
25 46 1
25 39 6
25 29 -4
25 53 1
25 24 6
25 0 6
25 27 6
25 16 7
25 21 -5
25 3 8
25 8 9
25 55 -6
25 6 0
25 2 -7
25 22 -4
25 54 -7
25 44 2
25 14 -5
25 23 1
25 9 -4
25 19 6
25 48 3
25 50 9
25 26 4
25 43 8
25 13 -3
25 47 6
25 15 8
26 6 -7
26 53 -9
26 22 -8
26 33 -4
26 18 -6
26 8 -4
26 31 -4
26 17 6
26 40 6
26 32 3
26 3 6
26 47 -2
26 30 -7
26 5 5
26 46 -3
26 21 -6
26 7 -2
26 51 7
26 0 7
26 25 6
26 45 -7
26 2 -7
26 9 4
26 41 7
26 16 -6
26 4 -6
26 14 7
26 55 -4
26 19 5
26 38 1
26 28 8
26 39 -8
26 29 7
26 35 5
26 20 8
26 44 5
26 24 2
26 56 9
26 37 -3
27 6 6
27 44 3
27 7 9
27 33 6
27 51 4
27 22 -3
27 10 -7
28 43 2
28 40 -8
28 51 4
28 23 9
28 7 0
28 52 7
28 5 1
28 32 -7
28 35 -1
28 4 -3
28 17 -6
28 55 -8
28 39 0
28 36 1
28 16 6
28 56 -1
28 6 -9
28 41 -5
28 33 -2
28 13 -6
28 19 -2
28 18 3
28 48 -3
28 50 -1
28 21 -6
28 26 -3
28 45 3
28 53 9
28 2 -9
28 8 -9
28 22 -6
28 0 -4
28 37 8
28 38 2
28 24 -8
28 3 9
28 20 0
28 31 2
28 42 5
28 49 1
28 54 -1
28 29 0
28 44 1
28 9 6
29 56 -4
29 18 2
29 49 6
29 43 -5
29 35 5
29 34 5
29 24 -4
30 8 4
30 17 8
30 29 6
30 35 -6
30 56 -1
30 48 8
30 43 8
30 52 -9
30 41 -7
30 5 8
30 51 2
30 54 1
31 19 5
31 26 6
31 56 4
31 40 -9
31 7 -2
31 15 3
31 13 -4
31 52 -4
31 51 -6
32 55 0
32 3 -4
32 49 -2
32 10 -8
32 37 1
32 2 7
32 19 4
32 25 1
32 46 -5
32 4 -1
32 40 -2
32 9 8
32 47 0
32 20 9
32 54 4
32 28 -1
32 21 -3
32 5 -3
32 0 -4
32 39 -1
32 33 -9
32 48 -5
32 31 6
32 12 0
32 11 7
32 14 -5
32 35 -2
32 23 -9
32 41 -2
32 16 0
33 11 0
33 56 7
33 3 6
33 51 -1
33 24 0
33 27 7
33 30 1
33 39 9
33 25 3
33 47 1
33 16 0
33 14 8
33 2 -7
33 9 8
33 17 4
33 45 -1
33 8 1
33 12 7
33 42 -4
33 54 3
33 48 -7
33 6 -7
33 40 4
33 10 5
33 36 -6
33 34 -5
33 23 3
33 26 7
33 38 8
33 15 7
33 5 5
33 28 -3
34 47 3
34 6 -8
34 13 -4
34 8 -3
34 4 5
34 56 -8
34 28 -6
34 36 -5
34 5 6
34 0 8
34 19 -4
34 45 8
34 20 7
34 12 2
34 31 -1
34 21 8
34 44 -2
34 29 -8
34 27 9
34 25 9
34 24 4
34 55 -5
34 1 -7
34 3 1
34 52 -4
34 48 1
34 9 8
34 26 -8
34 42 9
34 16 1
34 18 -5
34 17 -8
34 49 7
34 23 -4
34 39 -1
34 37 -5
34 46 5
34 7 -4
34 38 -1
34 32 9
34 41 -6
34 33 0
34 53 -3
34 11 1
34 22 8
34 43 -6
34 2 1
34 14 -2
34 54 3
34 15 -6
34 50 5
34 51 -5
34 10 -6
34 30 -9
34 40 3
34 35 -1
35 2 9
35 12 6
35 26 4
35 9 5
35 40 2
35 47 8
36 2 1
36 41 -9
36 51 -7
37 32 8
37 25 1
37 15 0
37 3 7
37 14 -8
38 41 9
38 22 8
38 18 -6
38 32 -1
38 31 3
38 30 -6
38 49 3
38 20 0
38 1 -6
38 26 -3
38 21 -9
38 55 4
38 43 -1
38 15 4
38 4 -3
38 6 -7
38 16 -8
38 35 -6
38 12 -8
38 29 -4
38 51 2
39 50 8
39 14 5
39 19 -6
39 26 5
39 23 -7
39 16 -1
39 24 9
39 41 -3
39 10 5
39 4 -8
39 20 9
39 9 0
39 46 -4
39 29 0
39 1 -4
39 3 5
39 0 -1
39 49 -5
39 53 3
39 21 1
39 38 -9
39 33 -3
39 43 -3
39 25 0
39 27 1
39 35 7
39 11 9
39 8 -7
39 6 -7
40 23 -9
40 3 -9
40 51 -9
40 39 -4
40 43 2
40 49 6
40 44 8
40 8 -7
40 46 2
40 47 9
40 42 8
40 33 -4
40 35 6
40 30 0
40 54 8
40 10 0
40 16 1
40 11 -8
40 13 -1
40 24 -8
40 34 7
40 25 6
40 15 -5
40 0 0
40 48 5
40 6 -3
40 7 -2
40 28 7
40 31 -2
40 26 -6
40 56 -9
40 53 6
40 4 7
40 38 5
40 29 -5
40 45 9
40 32 1
40 18 7
40 17 -4
40 27 5
40 5 8
40 37 2
40 19 -4
40 21 5
40 14 0
40 36 -9
40 9 -8
40 2 7
40 22 -6
40 52 2
40 50 -3
40 20 -6
41 0 0
41 39 -4
41 7 3
41 30 1
41 36 -5
41 37 -2
41 2 0
41 4 -2
41 14 -2
41 20 -6
41 51 7
41 27 7
41 43 9
41 33 -8
41 8 9
41 28 2
41 38 9
41 47 9
41 24 -7
41 56 8
41 5 5
41 22 0
41 26 4
41 32 -1
41 16 8
41 40 -6
41 1 9
41 46 -7
41 44 8
41 18 -1
41 10 -8
41 35 1
41 45 5
41 55 5
41 6 -6
41 31 -7
41 15 -5
41 50 -2
41 48 -3
41 11 2
41 53 -2
41 42 0
41 9 6
41 21 0
41 54 2
41 25 1
42 51 6
42 8 5
42 4 3
42 33 -6
42 47 9
42 38 5
42 40 -7
42 14 5
42 46 4
42 29 1
42 17 1
42 55 3
42 12 9
42 25 -7
42 19 0
42 41 -3
42 2 -3
42 21 -9
42 31 -1
42 5 9
42 0 7
42 15 8
42 48 -1
42 3 -1
43 32 -2
43 51 -8
43 50 -3
43 48 -2
43 26 -9
43 14 9
43 46 3
43 29 -3
43 49 3
43 45 3
43 25 -7
43 1 4
43 38 8
43 3 5
44 31 -9
44 46 -6
44 20 0
44 2 -8
44 39 4
44 49 -5
44 24 6
44 38 -6
44 34 -8
44 3 -9
44 51 -3
44 5 2
44 28 -9
44 18 0
44 14 -8
44 0 0
44 21 -3
44 8 4
44 36 5
44 32 -3
44 56 0
44 12 -9
45 15 7
45 49 -3
45 14 -7
45 36 -8
45 25 9
45 22 -1
45 12 1
45 31 2
45 41 -6
45 52 -4
45 11 8
45 35 4
45 7 -8
45 42 2
45 50 8
45 46 -9
45 54 -5
46 51 5
46 54 2
46 53 6
46 6 7
46 55 3
46 47 8
46 31 -5
46 37 2
47 0 4
47 6 6
47 26 5
47 37 1
47 42 4
47 39 -2
47 32 1
47 46 -3
47 20 6
47 35 -8
47 23 0
47 8 -7
47 48 1
47 7 -9
47 2 5
47 45 -1
47 16 2
47 4 0
47 21 5
47 50 9
47 40 1
47 36 9
47 19 6
47 9 -2
47 51 -9
47 34 -8
47 25 3
47 56 7
47 24 -6
47 44 2
47 15 -9
47 53 -3
47 31 -6
47 11 -7
47 49 -2
47 17 -1
47 33 9
47 5 0
47 28 9
47 13 -5
47 3 4
48 38 -9
48 5 -8
48 30 -5
48 34 -4
48 2 -3
48 49 4
48 53 3
48 17 2
48 39 -6
48 7 -7
48 56 7
48 24 2
48 29 8
48 1 -9
48 36 -4
48 9 -2
48 44 2
48 10 4
48 14 8
48 31 2
48 33 -2
48 41 1
48 46 -6
48 21 -3
48 52 -2
48 12 -1
48 50 -8
49 16 6
49 47 -9
49 37 5
49 13 -6
49 27 -9
49 8 -7
49 18 -3
49 46 0
49 53 1
49 10 3
49 7 4
49 39 0
49 44 -9
49 2 -1
49 24 -8
49 38 2
49 9 -7
49 28 9
49 1 1
49 22 5
49 34 5
49 35 8
49 45 -5
49 55 6
49 40 -8
49 0 6
49 21 2
49 15 -8
49 42 -4
49 26 1
49 3 -3
49 31 -9
49 51 7
49 33 4
49 30 0
49 4 -5
49 5 2
49 52 -9
49 48 6
49 32 -5
49 23 8
49 17 -2
49 11 -7
49 43 -9
49 6 -7
49 19 -1
49 50 -2
49 20 -7
49 36 5
50 2 4
50 47 4
50 55 9
50 15 -8
50 5 -9
50 30 -9
50 4 1
50 25 1
50 0 1
50 29 -5
50 10 7
50 6 4
50 44 6
50 9 -9
50 54 -4
50 46 -1
50 36 -3
50 11 -7
50 31 2
50 17 -1
50 48 6
50 42 -9
51 56 -9
51 35 -3
51 49 -5
51 43 3
51 9 -6
51 38 3
51 20 -6
51 53 -7
52 16 3
52 10 -7
52 25 0
52 42 9
52 3 -8
52 17 -4
52 7 -2
52 38 8
52 23 -9
52 32 0
52 19 0
52 31 -1
52 43 -2
52 6 0
52 28 -9
52 53 4
52 29 5
52 27 4
52 36 8
52 54 7
52 39 7
52 30 3
53 39 0
53 6 2
53 50 -1
53 4 -8
53 16 -8
53 24 -3
53 10 -7
53 43 -2
53 41 4
53 56 5
53 46 -6
53 54 -1
53 44 -6
53 55 3
53 40 -5
53 21 3
53 3 -7
53 13 5
53 5 2
53 34 9
53 48 9
53 8 5
53 22 6
53 28 5
53 29 7
53 42 0
53 18 -1
53 23 -2
53 35 9
53 49 -5
53 1 9
53 52 7
53 31 -2
53 30 -2
53 38 3
53 47 9
53 17 -5
53 51 7
53 32 -4
53 11 -7
53 7 3
53 19 -4
53 36 -7
53 20 5
55 56 6
55 5 0
55 41 9
55 29 6
55 35 7
55 2 -4
55 28 -4
55 38 -9
55 53 -3
55 23 3
55 37 3
55 22 -2
55 24 -8
55 52 -7
56 16 9
56 46 -4
56 22 -8
56 42 1
56 54 -2
56 17 4
56 8 -9
56 45 -2
56 29 -2
56 14 -4
56 43 -2
56 52 -3
56 25 3
56 10 -6
56 38 0
56 39 9
56 24 0
56 47 -5
56 36 -5
56 51 -8
56 3 6
56 28 -6
56 5 -6
56 27 -6
56 23 6
56 18 -7
56 40 -7
56 32 -8
56 20 -8
56 6 8
56 44 2
56 37 2
56 7 6
56 1 -2
56 53 -6
56 13 -8
56 12 -8
56 21 -3
56 26 1
56 9 -2
56 34 4
56 2 -2
56 19 3
56 50 -2
56 55 -2
56 49 -6
56 11 4
