59
1586
true
0 36 6
0 47 1
0 9 1
0 32 -6
0 11 2
0 29 -1
0 27 5
0 2 7
0 4 -1
0 24 -8
0 3 5
0 58 6
1 47 8
1 9 -4
1 58 2
1 51 -3
1 53 -4
1 28 5
1 3 9
1 49 -2
1 46 -2
1 52 -8
1 35 7
1 56 1
1 6 -4
1 41 7
1 44 1
1 20 3
1 23 -8
1 48 5
1 2 7
1 54 1
1 15 2
1 13 -3
1 17 2
1 5 6
1 42 7
1 36 8
1 37 -9
1 39 -7
1 12 -7
1 14 5
1 57 -1
1 0 -8
1 11 9
1 45 5
1 4 4
1 19 3
1 33 -3
1 22 -2
1 43 2
1 16 -7
1 32 5
1 55 -4
1 8 9
1 29 -7
1 30 4
1 7 9
1 21 -7
1 25 4
2 57 2
2 12 -6
2 45 7
2 11 -3
2 46 -8
2 43 -5
2 56 6
2 54 -2
2 36 -4
3 13 9
3 56 -4
3 58 -2
4 10 4
4 26 8
4 13 -2
4 57 4
4 14 5
4 41 -1
4 0 6
4 5 7
4 36 5
4 40 2
4 1 -8
4 32 -4
4 42 -1
4 2 7
4 17 -5
4 20 -1
4 33 3
4 27 -6
4 46 -8
4 6 3
4 48 5
4 9 4
4 56 9
4 45 6
4 28 -4
4 49 9
4 38 -2
4 52 -4
4 50 -1
4 51 5
4 44 -1
4 19 -1
4 31 -2
4 21 -4
4 12 3
4 11 -1
4 22 0
4 35 -3
4 53 7
4 23 0
4 15 9
4 24 -3
4 29 5
4 30 -5
4 34 9
4 55 -8
4 25 7
4 8 0
4 16 6
4 37 -9
5 9 5
5 16 -5
5 22 4
5 8 5
5 28 9
5 34 -7
5 57 8
5 38 9
5 11 1
5 45 -5
5 23 -4
5 4 -2
5 21 -2
5 33 8
5 48 8
5 55 -9
5 15 -6
5 35 -3
5 56 -3
5 27 -5
5 29 -2
5 31 -1
5 0 -1
5 19 -1
5 30 2
5 10 -5
5 12 6
5 43 -3
5 51 -8
5 2 1
5 49 -5
5 37 -7
5 14 2
5 39 -8
5 6 -5
5 36 -6
5 50 -3
5 3 4
5 13 1
5 42 -5
5 20 8
5 47 -3
5 53 5
5 24 -8
5 7 -3
5 44 9
5 58 6
5 46 8
5 1 7
5 25 -6
5 17 -7
5 18 2
6 42 6
6 25 -5
6 36 8
6 46 -6
6 48 -9
6 45 9
6 8 -1
6 58 -5
6 22 3
6 33 -9
6 11 -3
6 2 0
6 21 0
6 35 -9
6 51 2
6 43 4
6 44 -7
6 32 8
6 47 8
6 34 -6
6 9 3
6 30 -8
6 7 2
6 57 3
6 41 6
6 31 3
6 14 1
6 5 9
6 39 -8
6 38 -7
6 15 4
6 53 -5
6 37 8
6 13 -5
6 3 2
6 12 -3
6 52 3
6 28 -8
6 29 -7
6 16 7
6 49 -1
6 55 -7
7 25 6
7 35 -1
7 32 -3
7 20 -3
7 22 3
7 48 7
7 52 9
7 56 -4
7 54 0
7 18 -7
7 1 -6
7 4 2
7 12 -3
7 24 1
7 58 -7
7 51 1
7 45 9
7 11 -3
7 47 8
7 27 8
8 27 0
8 11 5
8 2 -1
8 28 -5
8 21 -2
8 19 -6
8 16 -1
8 33 5
8 56 4
8 23 -5
8 31 1
8 12 7
8 51 7
8 34 -7
8 3 -6
8 32 7
8 47 -7
8 38 7
8 22 4
8 40 -1
8 44 3
9 27 -8
9 13 -6
9 44 5
9 45 7
9 47 -1
9 29 5
9 50 -3
9 0 -6
9 26 1
9 5 -1
9 3 -5
9 57 6
9 19 -9
9 42 0
9 6 -6
9 25 6
9 35 8
9 12 3
9 2 8
9 30 -8
9 58 -5
9 8 -8
9 56 2
9 52 8
9 28 4
9 18 -6
9 22 -7
9 32 8
9 7 0
10 41 2
10 45 3
10 1 -8
10 32 2
10 46 2
10 18 -7
10 0 2
10 28 3
10 54 7
10 57 5
10 16 -7
10 27 2
10 7 3
11 34 -6
11 8 -4
11 28 -1
11 57 5
11 53 -6
11 49 9
11 15 1
11 12 6
11 41 -2
11 36 -9
11 54 8
11 16 3
11 14 -8
11 56 0
11 39 -3
11 51 -2
11 3 1
11 2 5
11 35 5
11 38 6
11 23 8
11 18 4
11 24 -4
11 21 -1
11 13 -5
12 16 1
12 48 -3
12 6 -7
12 21 7
12 42 0
12 34 -7
12 0 5
12 55 1
12 17 -2
12 36 -3
12 50 4
12 31 8
12 26 -1
12 47 8
12 51 8
12 15 -7
12 11 2
12 57 9
12 56 4
12 45 -6
12 44 -9
12 53 7
12 5 -4
12 14 5
12 22 4
12 54 -8
12 25 -4
12 58 3
13 52 7
13 4 8
13 41 0
13 9 9
13 5 -5
13 38 -8
13 49 -3
13 30 -8
13 51 3
13 11 -8
13 44 -8
13 27 3
13 25 -5
13 45 8
13 47 -5
13 57 2
13 39 -9
13 58 9
13 55 -5
13 3 -8
13 42 6
13 33 0
13 50 0
13 43 4
13 48 -6
13 16 4
13 32 -8
13 2 -6
13 54 5
13 56 -2
13 10 -9
13 24 -7
13 37 4
13 22 -9
13 28 2
13 8 7
13 15 -5
13 53 -8
13 7 3
13 1 1
13 34 -4
13 19 -9
13 36 7
13 31 4
13 35 8
14 30 1
14 12 0
14 56 6
14 7 4
14 51 7
14 37 9
14 52 -8
14 38 -7
14 48 8
14 6 -7
14 23 5
14 46 -2
14 10 -2
14 39 -2
14 33 9
14 35 3
14 50 -5
14 15 -7
14 0 -2
14 11 8
14 4 -1
15 13 0
15 35 -1
15 37 -9
15 0 8
15 20 7
15 25 -4
16 46 -9
17 39 -8
17 56 6
17 4 -4
17 38 0
17 25 4
17 24 -7
17 51 -9
17 44 2
17 30 -3
17 26 -3
17 47 1
17 42 -5
17 14 -8
17 55 0
17 21 -7
17 53 8
17 34 -7
17 18 -8
17 46 8
17 11 6
17 16 -4
17 19 2
17 32 7
17 49 0
17 3 0
17 36 -7
17 12 -7
17 52 5
17 13 3
17 58 4
17 1 -6
17 29 0
17 9 -6
17 5 -1
17 50 5
17 15 -1
17 37 0
17 22 3
17 33 3
17 8 9
17 10 6
17 40 0
17 31 -6
17 2 4
17 28 6
17 45 3
17 35 -3
17 57 -1
17 27 0
17 23 -8
17 20 -6
17 43 -3
18 51 -1
18 37 3
18 8 -4
18 45 8
18 10 6
18 36 2
18 16 1
18 34 0
18 13 -5
18 17 0
18 58 -9
18 9 -4
18 43 9
18 31 0
18 24 2
18 32 -6
18 52 2
18 44 -7
18 50 5
18 19 0
18 54 -7
18 4 -3
18 0 1
18 29 4
18 35 4
18 46 5
18 49 0
18 56 -1
18 25 -4
18 12 -1
18 5 -5
18 53 3
18 15 -6
18 22 -9
18 6 -2
18 14 1
18 3 7
18 47 -8
18 20 2
18 38 -7
18 48 -6
18 28 2
18 39 -9
18 42 -4
18 2 9
18 23 4
18 41 7
18 40 -4
19 48 -8
19 15 -8
19 13 1
19 43 -7
19 36 -6
19 14 8
19 53 -6
19 23 -5
19 17 -6
19 7 -1
19 58 1
19 8 4
19 24 -7
19 47 7
19 44 -1
19 56 4
19 49 9
19 33 1
19 31 7
19 51 0
19 22 -6
20 44 6
20 16 3
20 19 -7
20 3 -2
20 40 -1
20 38 -3
20 34 -8
20 48 9
20 43 3
20 2 -7
20 9 -3
20 22 -9
20 14 9
20 15 9
20 7 3
20 24 0
20 55 -4
20 45 -4
20 53 -7
20 39 3
20 23 3
20 4 3
20 12 9
20 49 3
20 41 -9
20 18 -4
20 35 -3
21 53 -3
21 44 -3
21 7 2
21 29 4
21 20 1
21 10 7
21 54 3
21 31 8
21 27 -1
21 42 -4
21 57 -4
21 43 -6
21 6 4
21 17 2
21 33 5
21 39 1
21 19 8
21 13 4
21 8 -6
21 55 -7
21 49 -6
21 11 9
21 32 2
21 3 9
21 23 -5
21 48 3
22 35 8
22 14 2
22 17 -7
22 16 5
22 8 -1
22 15 -7
22 50 -6
22 5 0
22 7 -4
22 28 6
22 19 7
22 34 6
22 53 -6
22 12 7
22 46 -7
22 0 -7
22 32 4
22 31 -2
22 44 2
22 57 9
22 4 4
22 3 4
22 48 7
22 52 -1
22 24 -5
22 55 -9
22 33 8
22 23 -6
22 54 -4
22 42 7
22 47 -2
22 39 6
22 26 7
22 49 -6
22 6 3
22 29 2
22 20 -3
22 30 5
22 40 -5
22 25 -9
23 46 0
23 30 6
23 21 -2
23 31 -7
23 25 5
23 56 -7
23 13 -3
23 45 -8
23 35 -7
23 50 -3
23 34 9
23 8 -6
23 28 -1
23 14 9
23 10 -9
23 16 -5
23 2 -9
23 20 5
23 43 7
23 9 -4
23 26 -5
23 4 5
23 47 1
23 53 -4
23 1 1
23 27 -8
23 22 6
23 48 6
23 17 6
23 55 7
23 40 -5
23 6 -6
23 0 6
23 36 3
23 52 0
23 12 5
23 37 -7
23 3 -8
23 33 -7
23 39 4
23 32 1
23 18 -3
23 44 -5
24 49 -9
24 33 5
24 38 1
24 34 -1
24 17 -6
24 7 -1
24 4 6
24 23 3
24 26 7
24 50 -1
24 48 0
24 8 4
24 27 2
24 54 -9
24 41 -1
24 51 -5
24 44 -2
24 29 -9
24 28 -4
24 37 4
24 11 -7
24 10 -5
24 20 7
24 43 3
24 45 0
24 22 -2
24 6 8
24 15 4
24 13 6
25 4 8
25 58 -3
25 15 6
25 36 5
25 21 9
25 30 -1
25 35 3
25 20 -7
25 52 0
25 2 2
25 14 -4
25 39 -1
25 45 -1
25 44 -7
26 43 -2
26 19 7
26 4 8
26 20 7
26 36 6
26 50 -7
26 6 -7
26 57 -8
26 33 -1
26 27 4
26 7 7
26 29 7
26 46 -7
26 44 3
26 35 0
26 30 1
26 55 5
26 48 4
26 25 -4
26 47 8
27 19 -8
27 29 1
27 31 -1
27 2 5
27 13 7
27 41 -8
27 7 9
27 20 -8
27 38 -2
27 22 -3
27 52 9
27 40 8
27 26 2
27 35 -8
27 9 -8
27 53 -6
27 48 -9
27 58 8
27 34 -1
27 32 3
27 55 4
27 6 -7
27 18 4
27 23 -7
27 45 -2
27 36 5
27 49 -4
27 39 8
27 0 -8
27 1 8
27 28 7
27 43 9
27 47 -5
27 12 -3
27 54 5
27 16 9
27 42 -7
27 11 5
27 44 6
27 51 -5
27 3 -9
27 5 7
27 14 -4
27 10 -2
28 33 7
28 26 2
28 22 5
28 19 0
28 58 -5
28 36 6
28 43 -6
28 5 1
28 24 -4
28 13 -1
29 47 -9
29 46 4
29 28 -2
29 20 7
29 2 -4
29 1 2
29 24 -4
29 34 -9
29 35 -6
29 8 3
29 38 7
29 33 1
29 18 9
29 27 -5
29 51 -3
29 52 -6
29 43 -6
29 7 0
29 19 6
29 5 -5
29 57 5
29 16 5
29 15 -1
29 10 1
29 11 7
29 23 9
29 31 9
29 21 1
29 50 5
30 33 -7
30 22 8
30 42 2
30 4 1
30 31 -9
30 19 -2
30 11 9
30 24 -7
30 51 6
30 35 4
30 23 5
30 46 4
30 32 2
30 26 0
30 53 -2
30 52 1
31 58 -9
31 13 -3
31 19 -1
31 26 -5
31 38 -7
31 18 -7
31 45 1
31 8 0
31 1 -8
31 56 7
31 17 -7
31 0 -9
31 14 -8
31 12 5
31 40 -8
31 48 1
31 21 8
31 22 3
31 5 2
31 15 -1
31 50 2
31 51 5
31 20 7
31 53 -5
31 49 3
31 23 7
31 57 4
31 37 7
31 2 7
31 35 1
31 34 9
31 39 1
31 42 2
31 36 7
31 29 3
31 28 0
31 16 -7
31 52 4
31 54 5
31 6 -9
31 32 -8
31 30 -3
31 9 -5
31 55 -4
31 4 -9
31 11 -1
31 27 5
31 46 1
31 24 4
31 44 -6
32 45 -5
32 27 5
32 13 -4
32 17 -1
32 23 -2
32 42 -4
32 41 7
32 8 9
32 16 7
32 19 -6
32 44 -3
32 22 2
32 0 1
32 49 0
32 37 -2
32 31 -3
32 5 1
32 11 6
32 56 9
32 9 8
32 48 -1
32 6 3
32 29 3
32 51 -8
32 46 7
32 53 -1
32 18 -7
32 3 5
32 50 -9
32 2 1
32 4 -6
33 56 -9
33 15 2
33 58 3
33 0 8
33 43 3
33 35 6
33 27 -3
33 13 3
33 32 -4
33 16 0
33 47 -1
33 36 4
33 22 -4
33 37 -6
33 24 9
33 3 -4
33 1 8
33 19 -5
33 9 -8
33 34 -7
33 38 -2
33 23 4
33 42 -3
33 45 -1
33 41 9
33 52 -5
34 9 -6
34 57 5
34 12 0
34 36 8
35 25 2
35 45 7
35 21 8
35 49 -2
35 51 0
35 2 4
35 23 5
35 30 -3
35 31 7
35 53 9
35 12 3
35 34 0
35 19 -3
35 42 -6
36 45 2
36 6 -9
36 55 -9
36 2 6
36 56 7
36 48 -4
36 10 4
36 58 9
36 11 0
36 32 1
37 58 4
37 0 -3
37 50 2
37 54 -2
37 52 -3
37 15 -2
37 24 -9
37 34 4
37 35 -5
37 41 -7
37 14 -6
37 8 7
37 7 6
37 13 3
37 9 -9
37 21 -2
37 23 2
37 56 -9
37 33 -3
37 27 -6
37 51 4
37 29 0
37 48 2
37 20 -2
37 10 1
37 49 -3
37 36 9
37 53 5
37 3 -6
37 44 4
37 47 -8
37 31 -6
37 16 4
37 19 3
37 32 -8
37 39 -4
37 42 2
37 22 -3
37 46 -7
37 5 1
37 18 5
37 6 5
37 12 -7
37 45 4
37 57 -8
37 43 3
37 2 5
37 4 3
37 38 -5
38 47 -9
38 54 7
38 20 2
38 41 0
38 46 2
38 45 6
38 17 -4
38 30 -1
38 12 2
38 8 -9
38 24 -9
38 9 -9
38 21 -4
38 50 6
38 13 8
38 27 -7
38 34 2
38 26 2
38 3 6
38 42 0
38 5 8
38 49 -4
38 15 0
38 23 -1
38 43 7
38 31 5
38 29 -7
38 52 -2
38 4 5
38 6 -2
38 22 -6
39 16 6
39 7 -5
39 31 -9
39 10 -9
39 0 0
39 18 1
39 22 -4
39 26 6
39 23 0
39 4 7
39 44 -5
39 21 -4
39 45 7
39 15 5
39 37 7
39 42 4
39 1 -5
40 53 9
40 0 7
40 5 -5
40 57 -4
40 4 4
40 2 5
40 27 -2
40 42 8
40 25 -4
40 21 5
40 33 4
40 19 -6
40 35 4
40 15 -8
40 24 1
40 58 0
40 50 4
40 52 0
40 43 -9
40 44 0
40 39 -9
40 14 3
40 49 5
40 6 6
40 20 2
40 32 -8
40 56 7
40 26 -7
40 16 7
40 37 -6
40 51 1
40 18 -8
40 10 -8
40 36 -3
40 23 -8
40 22 2
40 9 8
40 12 -8
40 11 -1
40 13 -4
40 30 -5
40 8 6
40 28 3
40 55 4
40 29 4
40 17 -2
40 1 8
41 16 -2
41 0 -6
41 50 -2
41 28 -9
41 52 5
41 31 6
41 6 -8
41 3 2
41 39 -6
41 32 -1
41 35 -8
41 27 -5
41 58 -2
41 10 0
41 21 -2
41 37 -2
41 29 -6
42 1 4
42 6 -1
42 34 -4
42 16 -7
42 27 5
42 3 -1
42 53 0
42 32 -9
42 23 -9
42 45 0
42 51 -4
42 31 9
42 18 8
42 55 -1
43 15 5
43 23 2
43 44 0
43 17 -8
43 54 4
43 3 -1
43 39 -6
43 49 -9
43 53 -1
43 21 -7
43 46 8
43 13 -1
43 25 -8
43 32 3
43 57 1
43 48 -8
43 30 -4
43 11 5
43 26 -8
43 28 5
43 51 -6
43 5 -7
43 38 -3
43 47 -8
43 12 -5
43 37 -1
43 29 -3
43 20 0
43 2 6
43 14 5
43 34 5
43 10 -2
43 6 -1
43 4 -5
43 24 5
43 56 0
43 40 -7
43 7 5
43 16 -7
43 18 3
43 27 -9
43 22 6
44 52 8
44 0 -1
44 10 8
44 41 4
44 51 4
44 2 -1
44 30 4
45 43 -8
45 31 -3
45 30 -2
45 20 -9
45 9 9
45 22 3
45 11 -3
46 33 2
46 20 5
46 17 2
46 37 -2
46 14 -3
46 26 -8
46 39 -4
46 0 1
46 3 -6
46 45 -9
46 28 2
46 31 0
46 42 -8
46 13 4
46 40 -5
46 2 6
46 57 0
46 11 -6
46 58 -6
46 53 7
46 38 -9
46 27 -3
46 12 2
46 22 -9
46 52 0
46 18 0
46 44 4
46 54 -9
46 16 6
46 41 2
46 6 8
46 1 -6
46 36 5
46 35 -5
46 19 -1
46 5 6
46 56 7
46 25 8
46 23 2
46 50 -9
46 48 -1
47 27 1
47 8 -9
47 9 5
47 43 -1
47 17 2
47 29 0
47 11 8
47 1 5
47 46 -8
47 51 -8
47 44 9
47 16 6
47 28 4
47 49 -9
47 0 -8
47 34 3
47 14 -8
47 26 7
47 10 5
47 25 7
47 22 -6
47 41 2
47 21 -6
47 50 2
47 23 0
47 38 2
47 37 -6
47 54 -7
47 39 -2
47 30 -1
47 18 5
47 32 0
47 42 -1
47 20 1
47 13 8
47 24 -5
47 7 3
47 2 4
47 40 -9
47 6 -4
47 36 2
47 3 8
48 26 -6
48 46 -7
48 21 7
48 6 2
48 58 8
48 12 -9
48 29 -4
48 40 -8
48 44 -2
48 11 2
48 7 4
48 37 8
48 27 2
48 0 -2
48 52 1
48 36 -6
48 24 -3
48 16 -2
48 38 -1
48 35 -8
48 17 0
49 42 5
49 28 -6
49 46 -9
49 12 -7
49 3 0
49 43 1
49 53 3
49 11 4
49 23 0
49 26 0
49 51 -9
49 0 -1
49 36 -8
49 48 -6
49 18 -7
49 6 -5
49 33 9
49 20 3
49 1 1
49 22 -6
49 35 5
49 2 5
49 50 8
49 44 6
49 31 -8
49 32 2
49 45 3
49 41 -8
49 24 -4
49 16 -3
49 34 -9
49 13 -5
49 29 4
49 17 -5
49 54 2
49 47 6
49 37 2
49 39 4
49 10 -6
49 19 -5
49 5 -9
49 9 3
50 19 1
50 17 4
50 38 4
50 39 4
50 22 -2
50 15 -2
50 33 1
50 0 4
50 3 -5
50 47 0
50 14 8
50 1 -6
50 24 -2
50 11 6
50 55 -1
50 30 2
50 21 2
50 52 -9
50 6 -2
50 16 1
50 40 7
50 34 -9
50 35 7
50 2 -8
50 57 -9
50 27 -6
50 45 -7
50 54 8
50 36 8
50 4 -3
50 9 -7
51 19 -6
51 26 8
51 49 -2
51 43 -3
51 9 -1
51 21 1
51 37 -8
51 2 -4
51 13 -2
51 3 -1
51 24 -6
51 42 -8
51 32 1
51 30 -4
51 10 1
51 7 -8
51 31 -2
51 28 3
51 22 -1
51 15 -7
51 5 -8
51 33 4
51 39 5
51 0 -7
51 44 0
51 46 -7
51 34 -4
51 58 2
51 25 -9
51 23 -3
51 11 1
51 8 1
51 52 -3
52 25 -9
52 16 6
52 37 -4
52 33 -1
52 36 -3
52 19 -7
52 48 -1
52 0 6
52 55 -9
52 43 9
52 28 7
53 43 -5
53 0 5
53 4 3
53 10 3
53 26 -5
53 32 -6
53 36 -7
53 23 7
53 29 1
53 18 -3
53 20 -5
53 22 -6
53 52 8
53 1 -2
53 34 -5
53 8 4
54 27 0
54 20 -1
54 1 -2
54 33 0
54 42 -9
54 51 -7
54 18 4
54 15 -2
54 35 5
54 10 4
55 11 7
55 3 -8
55 41 2
55 40 -3
55 19 0
55 35 -1
55 37 -8
55 34 -8
55 47 -3
55 53 -7
55 16 -2
55 58 4
55 43 5
55 15 -6
55 17 0
55 12 -1
55 30 8
55 1 0
55 9 -5
55 4 3
55 39 -1
55 18 -7
55 20 5
55 38 -3
55 6 -7
55 8 9
55 7 5
55 46 6
55 50 7
55 24 -4
55 32 0
55 21 9
55 22 7
55 49 -2
56 33 1
56 6 -9
56 32 6
56 16 -1
56 48 0
56 13 -5
56 52 3
56 53 7
56 9 9
56 47 8
56 14 -8
56 25 3
56 40 9
56 50 5
56 10 7
56 27 0
56 43 3
56 23 8
56 26 4
56 46 -7
56 12 7
56 8 1
56 19 4
56 11 8
56 4 4
56 44 -7
56 54 -6
56 3 8
56 55 -5
56 35 1
56 7 -7
56 30 7
56 45 -2
56 58 5
56 37 9
56 0 9
56 5 9
56 39 -6
56 29 6
56 49 -8
56 42 6
57 35 1
57 20 5
57 42 -4
57 46 5
57 44 -5
57 34 -1
57 7 -3
57 41 7
57 13 5
57 53 1
57 15 -9
57 48 -6
57 10 -4
57 21 -8
57 51 -4
57 47 -3
57 39 0
57 14 4
57 18 -6
58 1 -6
58 8 -6
58 47 3
58 33 -6
58 57 -7
58 34 5
58 26 6
58 42 -7
58 37 -8
58 3 5
58 40 3
58 32 -8
58 41 8
58 38 2
58 36 2
58 9 8
58 56 6
58 29 6
58 7 -2
58 0 -2
58 27 -6
58 5 -8
58 39 -3
58 14 3
58 55 -9
58 30 -5
58 6 -9
58 53 -8
58 51 -2
58 35 2
58 12 5
58 4 4
58 49 4
58 28 -2
58 15 3
