73
2830
true
0 19 0
0 57 -4
0 17 4
0 6 7
0 20 -9
0 59 8
0 37 -8
0 72 -5
0 39 -6
0 66 2
0 8 -8
0 53 1
0 49 -6
0 27 0
0 60 7
0 55 1
0 41 9
0 42 -7
0 22 -8
0 62 -9
0 46 7
0 61 -1
0 23 1
0 56 -7
0 30 5
0 28 6
0 58 1
0 65 -1
0 34 -5
0 40 -3
0 67 3
0 2 4
0 50 -8
0 35 4
0 12 -9
0 13 -4
0 44 2
0 29 0
0 14 2
0 18 8
0 64 4
0 10 4
0 54 5
0 71 6
0 26 4
1 61 9
1 65 -1
1 50 -1
1 35 -3
1 0 6
1 68 -3
1 28 -5
1 46 9
1 48 -1
1 9 -2
1 47 9
1 36 -1
1 34 -9
1 3 -4
1 19 -5
1 5 4
1 32 6
1 30 4
1 13 -8
1 44 -1
1 31 4
1 72 -5
1 43 -2
1 18 2
1 6 8
1 62 -9
1 2 -6
1 8 -4
1 17 -8
1 70 -7
1 16 -5
1 56 -8
1 40 4
1 66 3
1 71 2
1 51 3
1 7 4
1 21 8
1 45 8
1 58 -2
1 20 -1
1 39 -7
1 67 8
1 11 -2
1 26 2
1 14 4
1 52 -6
1 49 -4
1 23 -8
1 22 8
1 37 -1
1 63 -2
1 57 1
1 69 -9
1 24 -2
1 25 -9
1 53 -3
1 42 3
1 12 -8
1 59 6
1 60 1
2 59 -9
2 72 -1
2 47 7
2 26 -6
2 24 6
2 38 -4
2 20 4
2 1 -5
2 71 -2
2 19 9
2 49 7
2 34 -4
2 30 8
2 5 0
2 62 3
2 27 1
2 3 7
2 58 -5
2 70 -3
2 63 -8
2 65 -9
2 57 7
2 4 0
2 9 1
2 21 1
2 61 -4
2 67 9
2 15 -9
2 31 -2
2 69 5
2 48 6
2 45 -7
2 35 -4
2 8 7
2 7 -2
2 18 9
2 36 -9
2 64 8
2 17 -2
2 23 4
3 26 4
3 46 3
3 54 8
3 19 -5
3 38 5
3 71 1
3 5 -8
3 69 -6
3 10 -2
3 57 -6
3 51 0
3 2 7
3 59 -4
3 49 4
3 45 9
3 28 8
3 15 -2
3 13 -5
3 17 -8
3 53 1
3 12 3
3 70 2
3 0 9
3 62 -6
3 52 2
3 44 5
3 43 -2
3 22 2
3 24 6
3 18 0
3 8 1
3 40 8
3 64 -2
3 11 4
3 66 -6
3 23 -9
3 60 7
3 36 8
3 20 -9
3 47 -6
3 35 -6
3 39 -5
3 56 -8
3 37 4
3 42 7
3 27 -6
3 61 6
3 67 4
3 4 -6
3 31 -5
3 48 -7
3 1 9
3 9 -9
3 14 -3
3 33 5
3 34 9
3 21 3
3 58 -5
3 6 -9
3 25 -6
3 65 -4
3 72 3
3 29 -3
3 30 -7
3 68 8
3 50 -5
3 32 -1
3 55 8
4 8 2
4 0 6
4 68 6
4 13 -8
4 7 -5
4 63 -2
4 19 0
4 71 3
4 51 2
4 1 6
4 52 -3
4 18 3
4 21 -2
4 44 -2
4 22 -7
4 66 -5
4 34 0
4 33 -6
4 60 -9
4 41 -9
4 24 2
4 9 7
4 58 9
4 28 1
4 54 -5
4 26 -3
4 15 8
4 40 3
4 17 2
4 70 -9
4 72 -7
4 20 0
4 49 -6
4 38 -7
4 57 9
4 36 -5
4 35 8
4 32 -9
4 16 1
4 47 5
4 5 -6
4 2 0
4 23 0
4 69 7
4 48 2
4 42 -1
4 64 -3
4 61 -6
4 59 7
4 10 -6
4 29 -6
4 43 6
4 31 -7
4 65 7
4 39 -6
4 62 -5
4 25 -8
4 37 0
4 46 7
4 6 5
4 67 -6
4 27 -4
4 53 3
4 30 -1
4 45 -4
4 12 -4
4 50 6
4 56 9
4 55 -8
4 11 6
4 14 -2
4 3 9
5 11 8
5 39 6
5 50 -2
5 35 -3
5 48 -4
5 33 -7
5 53 -2
5 59 -4
5 10 -6
5 66 -2
5 44 -8
5 62 -1
5 55 -1
5 20 -3
5 8 -4
5 67 -6
5 9 0
5 64 -9
5 56 7
5 37 -5
5 61 9
5 42 1
5 72 9
5 23 9
5 31 2
5 34 6
5 43 -8
5 38 -7
5 18 0
5 40 5
5 22 -6
5 32 8
5 71 2
5 36 2
5 68 3
5 41 8
5 52 3
5 6 -2
5 63 -4
5 2 -9
5 26 -4
5 21 -1
5 46 -8
5 25 3
5 65 -8
5 0 -8
5 13 8
5 28 -9
5 47 -3
5 7 0
5 29 5
5 27 -4
5 14 -9
5 4 -6
5 16 5
5 58 1
5 60 5
5 3 -3
5 57 6
5 54 -6
5 49 -5
5 19 4
5 15 0
5 1 -9
5 51 4
5 30 7
5 45 -5
5 69 3
6 69 8
6 24 -5
6 59 3
6 21 -1
6 56 -8
6 71 -4
6 46 0
6 52 -5
6 70 9
6 53 -1
6 65 7
6 31 1
6 15 0
6 35 -9
6 42 -1
6 55 0
6 25 -4
6 2 -2
6 34 4
6 27 0
6 0 3
6 72 -3
6 12 3
6 60 -9
6 47 -7
6 30 -9
6 18 0
6 8 9
6 9 -8
6 32 -8
6 14 -6
6 45 -5
6 37 9
6 64 9
6 63 8
6 67 -7
6 28 9
6 54 -3
6 62 9
6 16 -8
6 4 -8
6 1 -5
6 41 -9
7 38 -4
7 35 -1
7 64 5
7 15 1
7 40 -7
7 43 4
7 16 6
7 44 -3
7 26 -5
7 6 0
7 55 -3
7 49 -5
7 25 8
7 12 9
7 48 -7
7 22 7
7 47 -4
7 63 4
7 34 9
7 24 -8
7 9 -9
7 53 -2
7 2 -8
7 46 1
7 21 1
7 3 8
7 0 2
7 32 -5
7 23 4
7 71 -6
7 8 1
7 1 -1
7 70 -9
7 51 -1
7 61 1
7 20 7
7 18 8
7 68 2
7 57 -3
7 67 -3
7 33 5
7 69 -2
7 42 -1
7 19 8
7 37 -2
8 58 -4
8 27 -3
8 35 0
8 11 -4
8 15 -6
8 26 -8
8 52 -1
8 28 0
8 36 -1
8 39 1
9 8 -7
9 37 1
9 27 9
9 39 -8
9 10 -5
9 71 2
9 68 -3
9 41 8
9 61 -7
9 58 2
9 20 6
9 43 0
9 36 -3
9 60 -8
9 1 -2
9 35 5
9 3 5
9 57 -5
9 2 -6
9 25 -3
9 49 0
9 54 9
9 15 8
9 52 -8
9 33 -5
9 13 0
9 31 9
9 65 1
9 14 -4
9 69 -8
9 7 -1
9 38 -4
9 64 -6
9 47 3
9 32 4
9 50 0
9 67 6
9 19 -5
9 6 4
9 21 3
9 70 2
9 45 -3
9 17 4
9 16 2
9 66 2
9 63 2
9 22 5
9 18 -1
9 53 7
9 44 9
9 51 -8
9 23 -8
9 72 -5
9 46 -4
9 40 3
9 12 -2
9 30 7
9 34 -1
9 4 -7
9 56 -1
9 0 -7
10 5 -7
10 67 1
10 53 4
10 3 -4
10 59 1
10 69 8
10 55 2
10 61 -6
10 37 1
10 63 -5
10 65 5
10 54 -9
10 64 7
10 38 1
10 23 3
10 1 7
10 4 8
10 46 7
10 28 6
10 49 6
10 21 3
10 35 2
10 14 -4
10 58 9
10 19 -1
10 34 -7
10 68 -3
10 30 7
10 52 -8
10 11 4
10 13 4
10 25 -9
10 12 -7
10 27 8
10 18 7
10 66 -3
10 48 -6
10 56 -8
10 41 8
10 17 -4
10 50 3
10 22 -8
10 31 -4
10 70 -9
10 43 -4
10 29 -3
10 6 5
10 45 8
10 24 -8
10 47 8
10 40 8
10 0 3
10 9 7
10 72 4
10 16 -9
10 7 1
10 44 -4
10 2 -6
10 62 8
10 26 -8
10 36 7
10 51 2
10 32 0
10 39 0
10 42 4
10 71 9
10 60 -9
10 20 -1
10 8 -8
11 54 -1
11 37 -7
11 56 -5
11 48 -7
11 53 4
11 70 -7
11 27 -9
11 30 8
11 39 6
11 2 6
11 17 -3
11 13 2
11 40 6
11 0 -2
11 34 -1
11 10 -2
11 45 -4
11 28 -4
11 5 -3
11 7 -2
11 51 7
11 49 0
11 55 6
11 57 4
11 64 0
11 63 -4
11 14 -1
11 12 -1
11 19 1
11 23 0
11 3 -8
11 38 -1
11 31 1
11 21 -9
12 69 8
12 68 1
12 21 -8
12 0 -2
12 47 -7
12 72 9
12 51 -6
12 66 7
12 37 1
12 27 -2
12 14 5
12 10 4
12 24 -5
12 40 -4
12 7 -6
12 28 -2
12 55 2
13 66 -9
13 72 8
13 41 -7
13 69 -7
13 70 9
13 27 -9
13 19 -3
13 17 -7
13 46 5
13 12 -1
13 9 -9
13 8 -5
13 40 -1
13 59 -9
13 2 5
13 14 0
13 67 1
13 43 -2
13 49 -8
13 52 4
13 18 2
13 31 -5
13 23 7
13 47 1
13 1 2
13 29 5
13 45 -2
13 61 0
13 64 -5
13 50 -6
13 62 -7
13 51 1
13 36 4
13 63 3
13 10 6
13 21 -7
13 22 -6
13 3 -1
13 42 7
13 34 -9
13 26 -4
13 32 -9
13 65 -3
14 7 -3
14 10 4
14 29 2
14 24 6
14 25 7
14 22 -3
14 20 -2
14 40 -2
14 49 -5
14 9 6
14 19 -9
14 58 -3
14 52 0
14 30 -7
14 16 -2
14 43 -8
14 37 -8
14 32 4
14 62 7
14 59 -7
14 53 9
14 69 3
15 28 9
15 27 -6
15 37 -9
15 18 5
15 62 1
15 21 -2
15 54 -5
15 22 8
15 12 5
15 13 -3
15 52 -6
15 29 2
15 58 -3
15 41 -7
15 64 9
15 10 -2
15 65 -6
15 38 -3
15 5 3
15 23 -9
15 49 8
15 53 -2
15 4 6
15 32 1
15 57 -3
15 31 3
15 43 -7
15 16 1
15 71 5
15 20 -7
15 14 -8
15 34 4
15 67 -7
15 33 -4
15 45 -8
15 26 -6
15 0 -5
15 72 -8
15 66 4
15 44 -7
15 61 7
15 24 7
15 46 8
15 11 0
15 25 5
15 51 2
15 70 6
15 7 6
15 1 0
15 59 -8
16 33 -1
16 4 -8
16 25 7
16 52 3
16 0 5
16 60 -6
16 18 6
16 48 -9
16 19 -9
16 35 6
16 32 -6
16 39 -7
16 36 4
16 70 -1
16 45 -3
16 53 9
16 62 -1
16 37 -6
16 10 -9
16 59 -6
16 6 -8
16 42 5
16 21 3
16 55 4
16 3 1
16 30 9
16 57 -3
16 43 -9
16 2 4
16 56 0
16 47 -1
16 54 -6
16 12 6
16 44 -6
16 29 -9
16 24 0
16 27 7
16 49 -3
16 9 -1
16 7 1
16 14 -1
16 46 5
16 41 5
16 26 -3
16 68 6
16 63 0
16 51 9
16 38 -4
16 17 2
16 23 -7
16 40 5
16 64 -8
16 61 2
16 31 -7
16 5 3
16 28 5
16 58 -9
16 66 4
16 11 -3
16 69 2
16 71 6
17 38 2
17 58 9
17 10 7
17 37 9
17 50 2
17 9 -3
17 64 9
17 40 -8
17 5 7
17 62 -3
17 57 -5
17 0 0
17 13 7
17 8 -1
17 55 -7
17 16 -3
17 23 8
17 15 -6
17 19 9
17 20 -2
17 26 -3
17 12 8
17 51 0
17 7 9
17 11 0
17 28 9
17 4 5
17 6 -8
17 48 -2
17 65 9
17 22 -6
17 14 -4
17 41 -2
17 63 6
17 3 -9
17 27 5
17 47 -6
17 59 -7
17 43 -8
17 1 2
18 24 -5
18 59 -2
18 23 6
18 28 9
18 17 8
18 0 6
18 25 -7
18 21 5
18 32 -5
18 60 4
18 2 3
18 9 1
18 11 -5
18 35 -9
18 71 0
18 62 -7
18 70 -9
18 65 4
18 10 -4
18 47 -6
18 19 7
18 3 -5
18 55 2
18 53 3
18 68 -9
18 58 -9
18 44 -7
18 34 -9
18 8 5
18 15 6
18 48 -7
18 5 3
18 54 0
18 50 -5
18 14 -8
18 69 1
18 27 -4
18 33 -9
18 1 -2
18 64 7
19 3 -5
19 37 -1
19 14 -4
20 3 -3
20 25 -5
20 2 -2
20 22 5
20 42 -4
20 40 2
20 17 -4
20 37 4
20 65 8
20 21 0
20 4 7
20 19 9
20 64 -4
20 66 -8
20 10 2
20 46 7
20 36 1
20 29 -7
20 7 3
20 67 -9
20 12 -4
20 30 5
20 16 9
20 33 -8
20 13 8
20 45 -9
20 49 0
20 43 -6
20 18 9
20 26 -6
20 6 2
20 38 -4
20 35 2
20 61 9
20 60 1
20 8 4
20 71 -4
20 56 5
20 1 3
20 47 -9
20 24 3
20 50 2
20 48 9
20 41 8
20 27 1
20 70 2
20 53 -3
20 54 -3
20 68 -9
20 14 -4
20 31 7
20 5 9
20 9 -6
20 32 -2
21 70 -2
21 11 8
21 2 1
21 54 8
21 32 6
21 19 8
21 56 -7
21 10 -4
21 71 -7
21 59 -5
21 64 2
21 60 6
21 13 -3
21 51 -9
21 46 8
21 23 3
21 44 6
21 40 0
21 22 6
21 34 7
21 42 -3
21 16 -6
21 61 2
21 62 -8
21 6 0
21 50 8
21 63 -6
21 9 -4
21 33 1
21 8 -9
21 36 3
21 30 6
21 53 -9
21 27 -9
22 71 8
22 28 -7
22 34 -6
22 57 9
22 48 7
22 35 -7
22 31 3
22 8 -8
22 21 -8
22 14 3
22 24 -9
22 67 -6
22 52 1
22 30 9
22 40 -4
22 62 0
22 4 7
22 56 -2
22 29 1
22 51 0
22 65 -7
22 44 -8
22 68 4
22 12 2
22 18 -7
22 1 -6
22 72 -1
22 70 7
22 38 8
22 27 6
22 36 9
22 45 -1
22 11 -3
22 55 -4
22 49 1
22 53 -9
22 0 4
22 37 -3
22 13 3
22 15 9
23 12 2
23 13 7
23 16 -4
23 11 -4
23 3 -3
23 22 4
23 4 2
23 68 -9
23 69 4
23 67 9
23 39 1
23 40 4
23 2 -6
23 28 -8
23 15 4
23 57 6
23 53 -9
23 34 -3
23 6 2
23 63 1
23 60 9
23 52 6
23 54 -5
23 62 9
23 61 -2
23 5 8
23 29 0
23 58 -9
23 47 6
23 65 -5
23 70 -9
23 72 -8
23 64 -7
23 59 8
23 42 -2
23 50 2
23 27 6
23 25 3
23 24 -6
23 9 2
23 49 -5
23 45 5
23 37 -8
23 46 7
23 7 6
23 18 -9
23 26 -7
23 17 -2
23 44 7
23 56 4
23 20 9
23 21 -5
23 32 1
24 12 1
24 43 1
24 62 -7
24 27 -4
24 60 -2
24 42 6
24 64 9
24 41 -2
24 47 -2
24 35 2
24 3 -3
24 5 0
24 16 -4
24 8 1
24 65 6
24 10 0
24 37 1
24 22 7
24 13 6
24 2 -4
24 11 0
24 28 -5
24 66 9
24 34 1
24 71 -5
24 58 0
24 29 -5
24 33 -3
24 56 -5
24 45 3
24 20 9
24 61 -2
25 67 -5
25 32 4
25 27 3
25 70 4
25 54 8
25 69 9
25 17 2
25 11 -2
25 0 -2
25 2 4
25 30 4
25 72 4
25 20 0
25 37 4
25 29 5
25 16 9
25 59 2
25 66 6
25 21 1
25 58 9
25 8 6
25 50 8
25 63 7
25 64 -8
26 57 -3
26 66 -6
26 71 6
26 28 9
26 30 -6
26 68 -3
26 8 -7
26 51 -6
26 69 1
26 56 -8
26 61 7
26 72 1
26 4 -3
26 15 6
26 55 8
26 1 3
26 45 -5
26 49 -3
26 25 6
26 9 3
26 46 0
26 3 1
26 70 8
26 52 -2
26 44 -5
26 54 -1
27 70 -2
27 40 -3
27 0 -6
27 30 2
27 9 3
27 1 4
27 12 -4
27 58 4
27 17 7
27 26 2
27 2 -9
27 46 4
27 4 6
27 48 -9
27 14 1
27 5 7
27 29 -4
27 67 3
27 18 3
27 19 9
27 50 -8
27 42 -8
27 15 0
27 13 1
27 35 -5
27 32 -4
27 7 6
27 44 -2
27 66 -9
27 10 3
27 37 5
27 63 3
28 43 2
28 26 -9
28 62 -8
28 22 -5
28 20 -4
28 33 -4
28 2 8
28 63 -7
28 30 0
28 72 -7
28 57 3
28 48 -3
28 0 -5
28 32 4
28 55 5
28 29 -8
28 11 1
28 13 -4
28 12 -2
28 50 -1
28 36 -9
28 42 -7
28 49 -3
28 56 1
28 65 6
28 35 -7
28 8 -8
28 6 0
29 8 3
29 49 7
29 30 1
29 10 -3
29 13 5
29 11 3
29 16 5
29 71 -2
29 20 -2
29 26 -1
29 24 1
29 57 -9
29 48 2
29 56 3
29 66 2
29 68 -4
29 42 -6
29 53 8
29 65 8
29 58 0
29 67 6
29 44 -4
29 41 5
29 62 6
29 60 -6
29 69 -9
30 3 -4
30 49 -6
30 31 -1
30 40 5
31 47 1
31 69 -9
31 49 3
31 33 -9
31 39 7
31 34 -5
31 51 -4
31 71 -6
31 30 2
31 63 1
31 45 -3
31 25 5
31 67 2
31 1 3
31 44 9
31 40 0
31 0 -5
31 29 0
31 72 -7
31 12 -3
31 22 0
31 18 7
31 11 3
31 42 6
31 62 6
31 70 -9
31 16 -2
31 59 -5
31 55 2
31 23 9
31 58 -5
31 64 8
31 10 6
31 41 -1
31 6 -2
31 8 -1
31 28 -2
31 50 1
31 9 -6
31 56 1
31 19 -4
31 13 4
31 3 0
31 43 9
31 2 -9
31 35 -6
31 65 -1
32 69 -3
32 44 -1
32 65 -3
32 5 -8
32 26 7
32 58 -5
32 28 2
32 35 -4
32 68 -9
32 55 1
32 8 0
32 17 7
32 7 6
32 37 9
32 3 4
32 62 -3
32 14 -9
32 29 -7
32 66 -5
32 25 9
32 60 6
32 43 -5
32 71 -4
32 13 -5
32 46 7
32 39 1
32 40 7
32 20 7
32 45 3
32 47 -5
32 18 -5
32 34 2
32 19 6
32 50 6
32 11 6
32 10 1
32 61 2
32 51 2
32 16 4
32 64 5
32 15 7
32 54 -9
32 56 -2
32 70 -1
32 30 7
32 4 -4
32 53 -2
32 9 9
32 33 5
32 21 7
32 48 -8
32 49 -1
32 2 5
33 64 0
33 38 -6
33 45 2
33 20 -7
33 28 1
33 68 -1
33 61 1
33 9 8
33 72 1
33 35 -1
33 39 9
33 30 -6
33 21 8
33 52 3
33 57 -2
33 3 6
33 49 6
33 23 -6
33 4 -4
33 19 3
33 59 -7
33 46 8
33 44 -4
33 48 8
33 31 5
33 7 4
33 0 5
33 41 7
33 8 6
33 29 1
33 32 -4
33 53 4
33 62 -4
33 22 6
33 67 1
33 40 9
33 65 5
33 12 1
33 17 -7
33 24 1
33 5 4
33 47 3
33 1 2
33 60 -4
33 42 -2
33 2 6
34 18 -5
34 56 -5
34 57 1
34 10 0
34 5 8
34 30 9
34 53 -6
34 20 -9
34 70 8
34 23 -6
34 52 6
34 16 -6
34 13 4
34 36 8
34 67 -5
34 72 6
34 2 -5
34 33 9
34 49 -7
34 40 -8
34 69 2
34 32 -3
34 62 5
34 47 -9
34 55 6
34 54 1
34 61 -3
35 56 -9
35 16 -1
35 49 7
35 36 3
35 21 2
35 44 9
35 22 -8
35 68 -6
35 11 2
35 41 0
35 59 8
35 61 -8
35 53 3
35 38 8
35 7 1
35 0 8
35 51 8
35 71 1
35 24 9
35 54 -9
35 43 -9
35 63 1
35 5 -3
35 4 8
35 27 -9
35 19 -2
35 45 7
35 30 1
35 60 6
35 3 -6
35 31 2
35 34 -4
35 57 -2
35 25 5
35 13 -7
35 18 2
35 67 8
35 62 -9
35 33 -9
36 63 4
36 53 -6
36 58 3
36 48 -8
36 12 9
36 43 9
36 2 -5
36 68 3
36 18 0
36 26 1
36 21 -7
36 55 -8
36 3 7
36 40 1
36 71 4
36 34 3
36 5 0
36 14 -6
36 44 -4
36 47 6
37 20 -7
37 62 -3
37 24 2
37 21 6
37 22 1
37 52 -2
37 6 8
37 59 0
37 13 2
37 10 2
37 23 -3
37 64 -7
37 49 -6
37 15 5
37 44 -2
37 31 5
37 14 -9
37 54 -6
37 34 8
37 39 8
37 3 -8
37 28 0
37 4 -1
37 70 3
37 11 3
37 9 9
37 35 -6
37 41 8
37 61 6
37 2 2
37 63 -5
37 12 0
37 55 8
37 16 -1
37 36 -4
37 53 2
37 17 -8
37 38 -2
37 71 2
37 50 3
37 51 -8
37 26 8
37 8 -6
37 32 9
37 5 1
37 19 8
37 1 3
37 45 -8
37 67 0
37 48 7
37 40 -9
37 60 9
37 33 -1
38 50 2
38 16 -8
38 72 -2
38 22 -8
38 42 -3
38 37 -1
38 23 5
38 29 1
38 61 -9
38 53 -3
38 2 8
39 35 -4
39 49 6
39 11 -7
39 56 -5
39 46 -3
39 18 -5
39 9 4
39 8 -1
39 44 -5
40 3 -4
40 38 -9
40 45 -1
40 12 3
40 6 5
40 62 0
40 18 2
40 20 1
40 67 9
40 35 -1
40 60 -7
40 37 5
40 7 3
40 14 2
40 30 6
40 53 -3
40 52 2
40 64 -8
40 22 -4
40 26 -3
40 58 -2
40 43 -3
40 50 -6
40 31 -4
40 32 1
40 47 -5
40 39 -4
40 29 -6
40 17 -5
40 46 2
40 9 -5
40 0 -5
41 19 1
41 13 2
41 31 7
41 51 2
41 45 8
41 7 9
41 23 -7
41 44 3
41 47 -7
41 14 -7
41 22 -1
41 40 -5
41 28 8
41 5 8
41 29 -5
41 62 -8
41 27 -8
41 18 0
41 69 9
41 32 5
41 61 -3
41 59 4
41 57 6
41 52 -8
41 11 -3
41 9 0
41 72 -5
41 64 5
41 58 -6
41 17 9
41 37 5
41 53 1
41 48 1
41 1 -8
41 34 -1
41 20 5
41 0 -5
41 35 -5
41 67 5
41 6 2
41 43 2
41 55 6
41 54 -2
42 51 8
42 2 -3
42 31 -4
42 25 1
42 23 -5
42 63 7
42 43 -8
42 35 1
42 6 3
42 70 0
42 0 -3
42 67 -7
42 45 3
42 66 -1
42 46 -5
42 38 6
42 48 4
42 55 9
42 34 -7
42 4 8
42 20 -5
42 56 2
42 61 0
42 60 -4
42 52 1
42 65 0
42 12 2
42 54 1
42 19 4
42 26 9
42 36 -1
42 10 1
42 9 1
42 58 -2
42 24 4
42 18 -9
42 11 -2
42 64 8
42 41 -6
42 40 0
42 17 -9
42 8 4
43 12 0
43 16 4
43 70 -6
43 18 -6
43 47 -1
43 15 6
43 21 8
43 7 -5
43 26 -8
43 4 4
43 9 -8
43 25 -3
43 58 -4
43 67 7
43 52 9
43 55 -7
43 2 0
43 68 3
43 61 6
43 29 9
43 35 7
43 1 -1
43 11 -5
43 57 5
43 49 -5
43 64 7
43 13 -1
43 45 7
43 60 3
43 69 -8
43 30 1
43 59 5
43 44 -7
43 71 5
43 6 9
43 56 -1
43 66 -6
43 51 -1
43 54 3
43 39 -3
43 23 -8
43 41 6
43 32 -5
43 33 -3
43 50 -9
43 19 -9
43 10 -6
43 14 -9
43 36 -7
43 62 6
43 3 -3
43 27 5
43 31 -6
43 53 7
44 72 6
44 51 0
44 55 -2
44 35 2
44 63 -6
44 5 7
45 46 0
45 67 -6
45 70 -5
45 21 7
45 35 4
45 18 -7
45 32 -6
45 62 3
45 11 9
45 60 1
45 2 -3
45 40 -5
45 59 -1
45 56 5
45 38 2
45 51 -8
45 25 2
45 15 8
45 39 -9
45 14 2
45 64 -1
45 37 7
45 6 -5
45 5 3
45 48 7
45 42 6
45 26 9
45 27 4
45 29 -6
45 34 1
45 24 -9
45 41 7
45 3 -1
45 66 9
45 1 7
45 52 -9
45 28 -2
45 50 5
45 17 -4
45 72 -7
45 22 -5
45 30 9
45 9 1
45 69 -1
45 54 -3
45 23 -5
45 43 7
45 53 2
45 4 -6
45 47 5
45 20 0
45 10 -7
45 31 -8
45 61 2
45 44 2
45 58 8
45 0 -1
45 55 9
45 19 5
45 12 -3
45 16 -6
45 63 -1
45 71 2
45 68 -2
45 36 1
45 57 -1
45 33 9
45 13 -4
46 50 4
46 23 0
46 30 -4
46 5 -4
46 13 1
46 39 0
46 48 3
46 22 -3
46 18 -3
46 15 5
46 51 0
46 21 9
46 3 5
46 8 -6
46 42 6
46 2 3
46 19 -4
46 25 6
46 33 8
46 11 9
46 31 -3
46 63 9
46 66 6
46 65 2
46 10 4
46 64 -2
46 37 -1
46 24 1
46 49 1
46 38 0
46 41 -1
46 12 -6
46 0 3
46 35 -4
46 56 -9
46 6 -8
46 71 4
46 60 -7
46 72 -6
46 43 -9
46 54 -9
46 62 -2
46 67 5
46 69 6
46 59 -8
46 52 6
46 29 8
46 36 5
46 32 0
46 17 7
46 55 4
46 1 -2
46 53 3
46 27 3
46 26 -8
46 61 -9
46 40 -7
46 20 -8
46 58 8
46 70 6
46 7 -4
46 57 7
46 28 -4
46 4 8
46 45 3
47 13 -3
47 53 -8
47 30 1
47 49 5
47 51 4
47 43 3
47 9 7
47 57 3
47 19 5
47 31 1
47 55 -8
47 6 2
47 2 3
47 22 8
47 1 0
47 71 -2
47 64 9
47 67 3
47 62 1
47 12 3
47 26 0
47 38 -2
47 24 9
47 44 -1
47 10 -9
47 17 4
47 7 1
47 70 2
47 50 -3
47 56 -3
47 14 6
47 48 0
48 58 -5
48 35 7
48 53 -3
48 2 -7
48 57 8
48 1 -1
48 12 -9
48 19 5
48 8 1
48 17 -6
48 24 -9
48 14 4
48 72 -8
48 42 -6
48 46 9
48 37 2
48 27 4
48 63 2
48 36 -7
48 43 -3
48 34 1
48 45 8
48 68 0
48 59 -1
48 52 -7
48 15 -4
48 26 3
48 66 1
48 30 2
48 29 -2
48 67 4
48 39 7
48 33 0
48 70 -6
48 60 1
49 4 -9
49 8 -9
49 67 1
49 36 -4
49 42 -1
49 14 8
49 41 1
49 61 6
49 57 -5
49 20 2
49 10 8
49 48 0
49 33 7
49 29 -6
49 56 1
49 72 8
49 17 3
49 38 9
49 69 0
49 55 -8
49 47 7
49 25 2
49 71 -7
49 50 8
49 53 0
49 12 6
49 34 1
49 66 8
49 62 5
49 21 -5
49 65 -4
49 1 -4
49 44 -5
49 70 5
49 24 0
49 31 -6
49 16 -8
49 0 -2
49 19 8
49 32 1
50 38 -9
50 42 -8
50 28 0
50 71 -1
50 6 9
50 30 8
50 25 -4
50 58 5
50 36 -5
50 22 -1
50 5 2
50 63 -4
50 43 -4
50 70 5
50 72 0
50 9 -6
50 4 3
50 12 6
50 57 2
50 33 8
50 35 0
50 7 -6
50 37 -7
50 17 2
50 44 0
50 67 6
50 48 8
50 68 4
50 15 2
50 29 -5
50 45 8
50 10 4
50 49 -1
50 20 2
50 60 5
50 27 7
50 66 -1
50 61 3
50 52 -6
50 26 2
50 51 -8
50 56 -6
50 8 3
50 16 1
50 1 -9
50 32 -7
50 24 1
50 31 0
50 53 9
50 14 0
50 2 -3
50 34 8
50 41 4
50 39 9
50 64 5
50 21 9
50 59 4
51 9 4
51 62 -6
51 43 6
51 52 -3
51 53 -5
51 31 -9
51 70 -7
51 34 -5
51 41 -1
51 17 5
51 69 1
51 63 5
51 5 8
51 44 -7
51 56 6
51 71 -4
51 15 -4
51 16 3
51 18 -7
51 23 3
51 40 8
51 61 9
51 49 0
51 20 -6
51 7 -6
51 36 -4
51 48 7
51 39 -1
51 59 5
51 72 -9
51 6 -4
51 27 5
51 1 9
51 21 4
51 8 0
51 35 2
51 28 0
51 45 -4
51 58 -8
51 12 -6
51 25 -6
51 66 1
51 29 9
51 13 5
51 19 -2
51 30 -5
51 24 1
51 14 -8
51 64 5
51 55 7
51 3 9
51 42 -7
51 26 5
51 4 -5
51 65 -8
51 38 -6
51 0 3
51 46 -1
51 22 7
51 37 1
51 60 9
51 32 -5
51 68 -2
51 33 -8
51 50 -9
52 38 -1
52 31 5
52 27 8
52 65 6
52 21 2
52 71 -9
52 36 4
52 49 9
52 29 -9
52 17 -3
52 5 1
52 56 1
52 14 -1
52 47 7
52 19 1
52 7 -2
52 1 -9
52 51 -3
52 64 -2
52 43 9
52 39 -6
52 53 -9
52 20 -8
52 10 4
52 28 5
52 54 -5
52 37 1
52 26 9
52 18 -8
52 72 -4
52 69 -2
52 34 -4
52 32 -4
52 35 -4
52 66 1
53 72 -4
53 45 2
53 47 -4
53 8 -9
53 68 4
53 5 2
53 52 -8
53 31 -2
53 63 -3
53 33 7
53 29 4
53 43 -8
53 70 -5
53 36 -8
53 3 4
53 18 5
53 46 -4
53 10 1
53 55 3
53 51 -9
53 6 -2
53 17 6
53 58 -6
53 42 -3
53 2 3
53 54 -6
53 37 -5
53 50 6
53 62 4
53 71 9
53 21 4
53 23 -5
53 30 -2
53 26 -2
53 56 -8
53 12 -9
53 49 2
54 24 8
54 47 -4
54 64 -1
54 40 -7
54 1 9
54 52 9
54 7 -4
54 5 2
54 51 4
54 22 3
54 0 9
54 36 2
54 71 -7
54 63 -9
54 23 2
54 10 -9
54 41 4
54 4 -1
54 61 -7
54 44 -5
54 14 -2
54 16 4
54 69 -1
55 59 9
55 11 8
55 70 -7
55 20 -4
55 23 -2
55 3 -4
55 56 -2
55 34 -5
55 0 -3
55 45 8
55 54 6
55 25 7
55 37 8
55 40 0
55 52 0
55 57 5
55 47 -9
55 46 4
55 30 -9
55 44 9
55 67 -5
55 18 -5
55 2 -1
55 62 0
55 13 -1
55 36 8
56 48 7
56 61 -8
56 71 -2
56 51 3
56 30 3
56 57 -4
56 34 -8
56 72 -1
56 1 -2
56 50 7
56 59 1
56 27 6
56 17 -8
56 41 0
56 37 -5
56 60 4
56 36 5
56 24 5
56 46 6
56 44 7
56 47 0
56 13 3
56 28 1
56 31 -8
56 49 -8
56 69 5
56 25 -8
56 20 8
56 16 -5
56 62 -9
56 65 -3
56 9 8
56 42 7
56 15 -1
56 14 -2
56 67 9
56 3 -6
56 2 -1
56 4 8
56 38 -8
56 8 -8
56 39 -9
56 5 -7
56 45 -7
56 55 6
56 66 -9
56 18 5
57 16 -3
57 64 0
57 9 5
57 20 -1
57 26 1
57 49 8
57 29 -5
57 8 3
57 50 1
57 7 -9
57 28 3
57 32 -5
57 60 -6
57 13 -3
57 56 -5
58 16 -4
58 15 5
58 68 -1
58 41 0
58 45 6
58 36 -6
58 71 -2
58 11 8
58 26 -5
58 35 7
58 46 8
58 67 7
58 72 2
58 60 -1
58 70 -4
58 42 3
58 7 -5
58 3 4
58 19 -7
58 33 2
58 6 -4
58 61 4
58 28 8
58 44 3
58 17 -9
58 53 -7
58 0 -1
58 43 0
58 66 -1
58 64 2
58 22 -2
58 29 -1
58 34 2
58 2 -2
58 65 -1
58 14 1
58 10 9
58 50 7
58 18 -6
58 5 9
58 1 -2
58 54 9
58 13 -7
58 32 0
58 52 1
58 20 6
58 38 0
58 12 -8
58 56 -1
58 4 4
58 49 -8
58 9 -4
58 25 5
59 60 -1
59 12 -1
59 40 -6
59 1 4
59 48 -7
59 70 7
59 4 -5
59 6 3
59 14 7
59 9 8
59 15 -7
59 49 9
59 46 3
59 55 -7
59 29 -5
59 20 -8
59 24 -7
59 16 -7
59 44 -2
59 42 -2
59 61 8
59 53 -8
59 62 -6
59 50 -3
59 0 -6
59 39 -2
59 21 -2
59 26 -6
59 47 -7
59 34 -5
59 3 9
59 2 -1
59 11 -9
59 32 7
59 10 -3
59 71 -4
59 13 3
59 67 5
59 65 -2
59 37 5
59 31 7
59 66 -2
59 35 5
59 25 -2
59 19 1
59 64 -1
59 36 -7
59 63 -9
59 69 -2
59 45 -6
59 22 -2
59 41 2
59 17 -7
59 56 -8
59 7 8
59 58 7
59 8 -7
59 57 8
59 23 8
59 72 -7
59 68 7
60 8 0
60 3 8
60 48 9
60 21 -1
60 59 3
60 0 5
60 52 -5
60 17 9
60 39 7
60 57 0
61 27 -7
61 2 6
61 53 -1
61 50 -8
61 56 1
61 3 0
61 67 8
61 9 -8
61 20 -4
61 10 7
61 11 -4
61 18 2
61 28 7
61 62 -8
61 39 -4
61 29 3
61 16 -5
61 51 -7
61 52 1
61 57 2
61 15 -8
61 35 3
61 7 -6
61 41 7
61 71 0
61 33 -1
61 36 4
61 47 2
61 25 -2
61 31 -7
61 24 8
61 72 8
61 13 4
61 46 -2
61 12 -1
61 19 -4
61 38 4
61 0 5
61 44 3
61 48 1
61 42 6
61 1 3
61 70 -4
61 43 9
61 55 3
61 23 1
61 66 -6
61 63 7
61 64 4
61 14 -1
61 32 -8
61 54 0
61 21 3
61 6 -3
61 40 2
61 30 -9
61 59 1
61 22 2
61 69 6
61 45 -1
61 49 -2
61 68 -9
61 4 -8
61 5 5
61 37 7
61 8 8
61 34 -2
61 60 -4
61 65 -4
62 1 -5
62 56 -7
62 3 2
62 15 -6
62 31 5
62 5 3
62 66 4
62 21 -6
62 4 -8
62 23 2
62 52 -8
62 70 8
62 14 7
62 12 7
62 16 -9
62 57 -9
62 27 4
62 20 -6
62 22 -9
62 34 -7
62 43 0
62 59 1
62 44 7
62 11 -1
62 42 -1
62 68 8
62 10 -2
62 28 9
62 26 -4
62 63 -5
62 50 -7
62 48 -2
62 53 5
62 37 1
62 72 -6
62 69 0
62 35 -2
62 2 7
62 46 -1
62 30 -4
62 51 -5
62 64 4
62 0 1
62 25 3
62 39 -8
62 61 -1
62 54 4
62 8 -6
62 71 -1
62 24 -2
62 32 9
62 45 2
62 55 6
62 36 -8
62 17 -3
62 33 -4
62 13 1
62 65 -5
62 40 5
62 38 9
62 47 1
63 60 8
63 4 9
63 9 -4
63 65 -1
63 16 -6
63 49 -3
63 5 0
63 33 -7
63 21 7
63 58 -7
63 2 0
63 71 -8
63 25 -6
63 68 -6
64 20 4
64 22 -7
64 31 7
64 69 5
64 47 4
64 11 -7
64 37 1
64 32 5
64 26 2
64 19 8
64 18 2
64 8 8
64 14 -9
64 9 3
64 5 3
64 40 2
64 7 0
64 42 0
64 66 3
64 36 -1
64 29 5
64 72 -6
64 50 4
64 4 -5
64 34 3
64 21 3
64 60 -1
64 45 -9
64 67 4
64 35 -5
64 61 -3
64 70 -6
64 28 5
65 13 -1
65 2 1
65 23 5
65 37 -8
65 21 -1
65 53 2
65 29 -6
65 25 -8
65 1 3
65 11 7
65 49 -3
65 70 -3
65 59 -5
65 56 -5
65 62 -1
65 22 -6
65 58 -8
65 40 -5
65 67 8
65 61 2
65 17 -2
65 45 2
65 72 3
65 31 -3
65 12 0
65 57 2
65 4 7
65 14 9
65 20 -9
65 60 -9
65 33 1
65 46 2
65 34 -5
65 9 2
65 54 -3
65 24 -9
65 41 7
65 3 3
65 47 1
65 35 -4
65 44 -4
65 15 8
65 19 -8
65 48 -6
65 50 4
66 47 -6
66 36 6
66 34 -2
66 23 -2
66 65 -7
66 53 -3
66 17 5
67 59 2
67 35 9
67 70 -2
67 33 -2
67 62 2
67 6 1
67 12 8
67 28 -5
67 9 9
68 46 8
68 67 0
68 57 0
68 13 -5
68 60 3
68 55 3
68 54 4
68 65 7
68 31 -4
68 19 -5
68 0 0
68 11 5
68 49 6
68 3 4
68 40 4
68 25 -5
68 18 -1
69 3 -3
69 19 6
69 11 -2
69 5 9
69 39 1
69 54 6
69 49 1
69 65 -9
69 56 -6
69 28 -9
69 72 -6
69 23 8
69 42 -4
69 66 -4
69 45 -5
69 36 8
69 29 6
69 24 7
69 30 6
69 20 -1
69 48 -7
69 58 8
69 38 2
69 35 0
69 71 3
69 34 8
69 44 3
69 15 -5
69 52 9
69 14 9
69 10 -6
69 22 -2
69 9 -5
69 21 -9
69 13 -5
69 40 -9
69 2 -1
69 41 7
69 1 -8
69 12 1
69 51 4
70 6 -3
70 12 -7
70 41 -6
70 10 6
70 58 -7
70 54 -9
70 42 -7
70 55 -5
70 43 -1
70 21 9
70 20 4
70 62 -6
70 30 -5
70 0 -4
70 40 -6
70 56 1
71 52 2
71 63 6
71 60 0
71 5 -5
71 2 7
71 0 4
71 36 1
71 21 2
71 68 9
71 15 8
71 44 -6
71 16 5
71 20 0
71 27 -7
71 47 -4
71 53 -4
71 11 -1
71 51 5
71 1 1
71 8 -9
71 45 -3
71 50 -3
71 18 5
71 70 -4
71 32 5
71 19 4
71 30 9
71 24 -6
71 6 -4
71 64 6
71 23 9
71 34 -6
71 43 -9
71 33 3
71 7 -3
71 25 -3
71 37 6
71 42 -4
71 61 2
71 69 -8
71 58 7
71 3 -6
71 59 -3
71 28 9
71 56 -8
71 12 -5
71 55 -6
71 67 -1
71 41 7
71 22 1
71 13 6
71 72 5
71 66 -7
71 29 1
71 26 -7
71 54 -8
72 4 6
72 45 7
72 19 -1
72 53 -8
72 50 5
72 6 8
72 22 -3
72 66 6
72 62 1
72 47 -9
72 0 8
72 61 8
72 57 -2
72 30 -4
72 13 -4
72 26 -7
72 40 5
72 32 7
72 12 -7
72 48 7
72 35 3
72 54 8
72 44 -9
72 68 -7
72 37 -8
72 67 7
72 34 4
72 2 -8
72 18 3
72 43 3
72 14 -8
72 41 5
72 25 7
72 39 4
72 16 1
72 27 -3
72 63 0
72 7 -4
72 20 9
72 58 9
72 23 2
72 56 -4
72 64 -2
72 17 -7
72 70 -6
72 71 3
72 52 8
72 42 -8
72 38 -6
72 8 -9
72 3 -3
72 49 -3
72 15 8
72 5 8
72 46 -6
72 11 8
72 31 4
72 10 1
72 24 3
72 28 4
72 33 -8
72 60 5
72 65 -5
72 55 -9
72 51 -6
72 59 4
