75
2554
true
0 3 4
0 59 -4
0 63 -7
0 61 -6
0 42 0
0 34 5
0 74 5
0 30 4
0 39 -1
0 52 -4
0 25 -9
0 1 8
0 64 -6
0 54 -3
0 9 -6
0 33 -7
0 72 -5
0 71 5
0 60 -5
0 62 -1
0 5 6
0 44 1
0 20 -3
0 26 8
0 57 -8
0 67 -5
0 37 6
0 51 8
0 38 -6
0 12 -9
0 66 6
0 7 6
0 58 7
0 53 -5
0 55 -2
0 15 6
0 50 -7
0 56 -6
0 47 3
0 21 6
0 68 -2
0 13 0
0 11 1
0 43 -4
0 40 4
0 48 -1
0 17 1
0 29 2
0 31 0
0 6 1
0 23 -5
0 73 8
0 46 2
0 69 -5
0 10 0
0 24 -3
0 49 6
0 4 5
0 41 -5
0 70 4
0 45 -3
0 19 -7
0 27 4
0 22 -4
0 16 -4
0 14 -2
1 65 -1
1 27 -4
1 62 2
1 69 -7
1 35 4
1 51 9
1 67 -1
1 13 -9
1 42 -6
1 45 -7
1 40 5
1 26 3
1 7 9
1 6 -3
1 60 8
1 43 -4
1 16 3
1 63 8
1 20 -9
1 23 9
1 9 4
1 55 4
1 66 -7
1 12 2
1 50 9
1 53 8
1 41 -4
1 22 1
1 3 -5
1 25 2
1 72 5
1 8 -4
1 39 1
1 28 5
1 10 3
1 59 -3
1 2 2
1 44 -4
1 4 0
1 0 5
1 58 9
1 14 4
1 68 7
1 24 -4
1 74 -2
1 71 -5
1 15 9
1 19 0
1 33 -5
1 37 -3
1 54 3
1 31 -2
1 64 8
1 21 9
1 34 1
2 19 -9
2 9 4
2 26 -6
2 59 2
2 28 0
2 39 -4
2 51 4
2 29 -9
2 37 5
2 3 -6
2 24 -7
2 72 -8
2 18 9
2 21 0
2 12 -8
2 16 9
2 22 -1
2 63 9
2 66 -3
2 15 8
2 7 -3
2 0 0
2 45 3
2 6 -7
2 49 5
2 11 -7
2 43 -7
2 55 -2
2 56 -5
2 30 -3
2 32 1
2 64 -2
2 44 -6
2 1 2
2 40 -2
2 41 -6
2 46 -2
2 8 9
2 13 -7
2 74 8
2 69 -6
2 52 3
2 73 -4
2 23 0
2 34 0
2 31 -7
2 10 -5
2 68 9
2 62 2
2 35 1
2 57 6
2 20 -9
2 25 -4
2 5 9
2 61 -6
2 71 -8
2 50 -1
2 36 -9
2 38 -6
2 27 4
2 53 4
2 70 5
2 54 9
2 33 -8
2 47 -9
2 42 2
2 17 1
2 14 9
2 58 -1
2 48 6
2 4 -4
2 60 -7
3 50 0
3 41 -1
3 23 3
3 10 8
3 42 1
3 48 -5
3 17 9
3 44 -4
3 21 6
3 13 -2
3 9 -8
3 63 4
3 64 -7
3 26 8
3 59 -2
3 6 -3
3 47 9
3 40 0
3 33 1
4 19 -1
4 53 -8
4 44 4
4 0 -9
4 54 -7
4 47 6
4 41 1
4 63 2
4 12 6
4 67 -4
4 49 9
4 39 -2
4 62 9
4 24 8
4 37 8
4 36 8
4 68 7
4 55 2
4 64 0
4 51 -9
4 59 -1
4 11 -6
4 21 -2
4 13 4
4 6 7
4 34 5
4 45 9
4 18 2
4 2 -8
4 20 3
4 40 1
5 61 5
5 3 -6
5 18 -5
5 73 -8
5 56 5
5 52 7
5 29 3
5 37 6
5 28 -5
5 33 -9
5 38 -8
5 24 -8
5 43 -4
5 63 7
5 35 -2
5 72 -2
5 59 6
5 49 -4
5 31 -5
5 50 -9
5 51 7
5 67 9
5 10 -7
5 71 -7
5 23 -6
5 6 -5
5 12 -4
5 16 2
5 2 0
5 9 5
5 69 6
5 62 -5
5 7 4
5 68 8
5 40 5
5 46 -8
5 11 -9
5 60 8
5 26 -9
5 32 3
5 25 0
5 36 -5
5 27 -1
5 15 4
5 17 -6
5 42 3
5 53 -9
5 21 -8
5 14 8
5 66 2
5 44 0
5 58 -4
5 55 7
5 74 -9
5 19 -9
5 34 1
5 45 0
5 0 3
5 4 -2
5 48 2
5 57 2
5 22 2
5 1 5
5 47 -5
6 25 9
6 70 0
6 11 -8
6 16 6
6 41 4
6 73 6
6 39 -9
6 62 -1
6 74 -6
6 14 6
6 12 -5
6 23 8
6 57 9
6 5 4
6 60 -9
6 42 4
6 46 5
6 38 5
6 54 9
6 30 4
6 33 8
6 15 -4
6 51 -8
7 42 7
7 69 -9
7 30 -4
7 60 -4
7 68 7
7 2 -4
7 5 8
7 23 1
7 48 2
7 20 1
7 0 -9
7 45 1
7 59 -9
7 40 6
7 17 8
7 6 -9
7 46 -6
7 67 2
7 19 7
7 14 -4
7 64 -8
7 15 -4
7 70 2
7 35 4
7 62 1
7 72 5
7 24 -3
8 70 -2
8 21 8
8 43 6
8 27 4
8 64 0
8 35 -4
8 47 8
8 15 5
8 19 5
8 41 -5
8 24 6
8 23 1
8 31 -2
8 5 -5
8 32 7
8 39 -6
8 46 7
8 45 1
8 1 1
8 56 0
8 3 -5
8 29 6
8 17 3
8 14 6
8 9 4
8 26 7
8 54 -2
8 74 5
8 65 -6
8 53 -8
8 55 -1
8 71 1
8 0 -1
8 73 9
8 50 -1
8 6 9
8 67 -1
8 34 -8
8 62 7
8 7 4
8 40 8
8 69 -6
8 61 1
8 11 5
8 72 -1
8 22 2
8 66 4
8 51 -4
8 33 1
8 30 5
8 60 0
8 63 9
9 62 1
9 61 -5
9 42 -2
9 68 3
9 30 5
9 31 -1
9 15 5
9 55 8
9 26 5
9 63 9
9 44 -2
9 36 -1
9 71 2
9 13 7
9 43 3
9 65 6
9 69 0
9 74 9
9 3 8
9 27 0
9 50 4
9 72 2
9 19 7
9 8 4
9 56 -7
9 10 2
9 20 7
9 47 0
9 49 -1
9 2 -5
9 67 2
9 6 7
9 38 -6
9 14 -2
9 4 2
9 66 -7
9 40 -7
9 58 7
9 37 -9
9 73 -9
9 51 5
9 28 1
9 29 7
9 41 5
9 35 -4
9 70 -8
10 19 -8
10 1 -6
10 5 3
10 72 4
10 7 -2
10 23 -9
10 14 3
10 63 5
10 67 -3
10 52 7
10 58 9
10 33 2
10 55 -4
10 0 -7
10 69 -5
10 34 1
10 64 -8
10 24 -7
10 18 -3
10 65 -9
10 39 -1
10 35 1
10 3 6
10 25 2
10 12 -5
10 15 8
10 47 -5
10 31 -4
10 40 -8
10 70 -1
10 66 -7
10 43 4
10 68 -8
10 16 -5
10 49 -7
10 45 7
10 37 8
10 22 2
10 11 -2
10 62 -8
10 48 -9
10 27 -9
10 6 3
10 29 5
10 32 -1
10 73 9
10 8 5
10 57 1
10 26 1
10 56 -7
10 20 9
10 61 -3
10 42 -4
10 51 -5
10 36 -2
10 38 6
10 13 8
10 2 8
10 60 9
10 54 7
10 50 -9
10 41 0
10 46 1
10 4 4
10 9 1
10 74 6
10 28 9
10 59 -4
10 21 -7
12 67 0
12 35 3
12 63 -8
12 61 -4
12 62 5
12 58 -7
12 3 9
12 0 -3
12 49 -8
12 56 -8
12 65 -9
12 25 0
12 34 -9
12 29 0
12 1 -5
12 47 -7
12 69 8
12 17 -3
12 20 -5
12 64 2
12 5 -7
12 36 -3
12 4 0
12 13 -3
12 71 -9
12 15 9
12 10 2
12 54 1
12 16 7
12 28 -6
12 38 -3
12 55 0
13 35 6
13 74 -2
13 29 6
13 5 -1
13 70 -2
13 6 9
13 48 8
13 34 4
13 31 -5
13 12 -5
14 16 4
14 6 4
14 48 -6
14 63 -1
14 10 4
14 40 -3
14 72 2
14 18 -9
14 15 8
14 59 5
14 68 6
14 39 5
14 46 0
14 51 -2
14 34 -2
14 67 -7
14 73 7
14 65 8
14 36 3
14 71 3
14 74 1
14 52 2
14 4 1
14 69 -6
14 3 5
14 28 -1
14 26 -3
14 56 6
14 41 1
14 9 7
14 33 0
14 61 -8
14 35 -7
14 70 -7
14 32 -8
14 62 3
14 49 7
14 66 -4
14 30 -8
14 12 -4
14 11 2
14 20 5
14 45 8
14 58 -8
14 27 -8
14 22 8
14 37 -9
14 31 9
14 43 8
15 65 -6
15 48 7
15 63 -6
15 39 -6
15 47 -5
15 8 -5
15 37 3
15 71 1
15 31 9
15 2 9
15 56 5
15 28 5
15 46 4
15 49 4
15 62 -9
15 17 3
15 54 -6
15 21 -5
15 60 -2
15 11 7
15 44 5
15 38 8
15 53 8
15 7 5
15 12 1
15 52 -7
15 22 0
15 50 9
15 25 -6
15 14 -3
15 3 -7
15 20 6
15 74 -1
15 6 4
15 45 -9
15 68 -6
15 29 0
15 42 5
15 9 -8
15 27 -7
15 36 3
15 16 2
15 34 -6
15 26 -9
15 55 -3
15 4 0
15 58 9
15 30 -1
15 0 -5
15 72 -1
15 33 -8
15 1 2
15 40 3
15 69 -3
15 24 -2
15 67 5
15 64 -2
15 73 3
15 13 2
15 32 -4
16 62 -5
16 48 2
16 13 -8
16 44 -4
16 57 5
16 71 1
16 47 -9
16 23 -4
16 6 -9
16 52 -2
16 43 1
16 1 -9
16 70 -9
16 34 2
16 49 -5
16 51 -3
16 38 9
16 24 5
16 27 -4
16 74 5
16 59 -7
16 30 -5
16 55 9
16 10 -9
16 11 -6
16 72 -3
16 8 0
16 65 0
16 4 7
16 63 -3
16 35 -3
16 5 -4
16 18 9
16 41 4
16 19 -1
16 40 7
16 45 -7
16 2 2
16 0 -3
16 61 -6
16 21 -6
16 12 1
16 50 5
16 7 2
16 60 8
16 39 -1
16 22 -2
16 67 4
16 28 -7
16 32 -2
16 33 0
16 36 2
16 14 -2
16 54 -3
17 67 9
17 25 6
17 13 -6
17 5 -2
17 29 -8
17 55 -9
17 35 0
17 53 4
17 40 -1
17 45 8
17 9 9
17 60 7
17 11 5
17 54 1
17 48 -3
17 57 7
18 47 7
18 45 0
18 27 -6
18 58 5
18 7 6
18 22 -7
18 41 3
18 60 -5
18 43 1
18 49 6
18 32 2
18 28 2
18 46 -2
18 42 -6
18 17 8
18 20 -4
18 70 5
18 11 1
18 68 1
18 54 1
18 10 0
18 26 -5
18 9 -6
18 55 -8
18 67 2
18 19 -2
18 37 -4
18 64 7
18 44 2
18 69 4
18 2 8
18 48 -6
18 38 8
18 39 -9
18 33 -7
18 53 7
18 14 6
18 74 -4
18 13 3
18 29 -5
19 70 1
20 69 -5
20 29 1
20 64 6
20 73 -8
20 24 -4
20 8 0
20 27 -8
20 3 -1
20 70 -1
20 1 -2
20 55 7
20 40 8
20 7 -2
20 57 0
20 52 -5
20 51 -4
20 38 -5
20 60 1
20 45 3
20 63 5
20 46 3
20 37 -8
20 15 4
20 9 -8
20 23 -4
20 65 7
20 28 7
20 6 -7
20 17 4
20 18 5
20 25 7
20 44 -4
20 68 3
20 19 -4
21 25 9
21 17 -9
21 11 7
21 7 3
21 48 8
21 63 7
21 57 4
21 56 -7
21 22 2
21 27 -5
21 58 -4
21 20 -8
21 43 4
21 38 7
21 15 3
21 6 2
21 10 7
21 19 3
21 70 -1
21 72 -1
21 29 2
21 51 -5
21 16 -4
21 9 -5
21 12 7
21 52 1
21 35 7
21 36 -5
21 2 -4
21 49 -8
21 40 8
21 64 -7
21 59 8
22 20 -7
22 5 -8
22 50 -3
22 41 -2
22 38 9
22 39 9
22 73 -1
22 53 0
22 6 0
22 47 -9
22 72 7
22 58 0
22 19 1
22 54 -7
22 43 1
22 69 -7
22 9 2
22 24 7
22 8 -3
22 42 -3
22 61 -3
22 57 -2
22 46 -5
22 18 -7
22 36 -1
22 2 -5
22 4 0
22 29 -1
22 49 7
22 25 9
22 52 9
22 51 -7
23 14 -3
23 53 -3
23 40 8
23 27 1
23 2 -5
23 9 5
23 33 -9
23 42 0
23 52 -2
23 71 3
23 0 9
23 28 -8
23 51 -8
23 66 9
23 10 3
23 47 -6
23 74 -4
23 19 -4
23 46 -6
23 60 -2
23 61 -7
23 22 -5
23 16 -4
23 18 6
23 39 -4
23 8 5
23 63 6
23 37 -8
23 56 -8
23 50 4
23 5 0
23 59 -6
23 45 -3
23 55 -9
23 29 -1
23 4 5
23 41 7
23 69 5
23 62 -3
25 47 5
25 59 -5
25 58 6
26 16 4
26 32 4
26 67 3
26 33 -2
26 2 4
26 59 -9
26 5 7
26 11 2
27 63 4
27 10 6
27 39 0
27 50 -4
27 55 5
27 53 8
27 49 -5
27 40 9
27 71 2
27 54 -3
27 13 8
27 59 8
27 46 -4
27 12 -9
27 72 6
27 34 9
27 74 -5
27 70 -8
27 60 -3
27 64 -9
27 68 4
27 1 -7
28 61 -9
28 23 -5
28 24 -7
28 12 -4
28 46 1
28 62 3
28 14 1
28 51 -1
28 31 -3
28 29 -9
28 57 2
28 27 -7
28 6 -9
28 0 2
28 26 9
28 54 -3
28 38 -7
28 40 0
28 65 -8
28 70 7
28 2 9
28 19 8
28 21 4
28 1 2
28 64 5
28 59 -7
28 39 2
28 7 -6
28 68 0
28 41 8
28 9 -3
28 13 7
28 35 3
28 66 8
28 42 6
28 11 -2
28 56 6
28 48 2
28 18 -5
28 55 9
28 10 8
28 52 9
28 49 -8
28 36 -2
28 60 5
28 74 -2
28 44 -6
28 73 4
28 4 0
28 32 9
28 37 -5
28 3 -9
28 16 9
28 47 -5
28 22 6
28 50 -8
28 53 -4
28 72 0
28 5 0
28 71 2
28 34 1
28 30 9
28 8 -5
28 15 7
28 67 1
28 69 8
28 58 -4
28 63 -9
28 45 -8
28 20 -8
28 17 6
30 66 -3
30 28 -7
30 70 7
30 69 5
30 41 5
30 54 6
30 11 -1
30 53 1
30 55 7
30 56 9
30 9 -8
30 33 7
30 68 -1
30 40 -9
30 34 -8
30 5 1
30 1 3
30 39 -6
30 64 -2
30 27 1
30 45 1
30 13 -6
30 72 -8
30 22 4
30 2 6
30 44 1
30 6 -4
30 57 -2
30 52 -7
30 32 -7
30 8 -9
30 10 7
30 74 -4
30 31 -4
30 4 -6
30 62 -5
30 18 -6
30 43 -4
30 26 7
30 24 7
30 15 7
30 58 7
30 63 4
30 59 -1
30 36 -2
30 47 6
30 29 -1
30 38 6
30 61 -4
30 16 6
30 73 5
30 37 -7
30 65 -8
30 46 2
30 51 -8
30 19 -5
30 49 9
30 20 -5
30 21 9
30 14 4
30 35 8
30 23 -3
30 67 -5
30 50 -4
30 3 -1
30 0 7
30 42 5
30 12 3
30 25 -8
31 71 6
31 36 -2
31 19 -4
31 17 -2
31 26 9
31 60 7
31 48 7
31 24 4
31 15 3
31 35 -6
31 54 -8
31 16 -5
31 6 -5
31 68 0
31 0 -3
31 1 8
31 61 4
31 49 9
31 56 -2
31 63 6
31 55 -9
31 18 -4
31 37 -7
32 37 -4
32 17 -1
32 7 1
32 69 3
32 14 1
32 5 5
32 62 -3
32 19 -3
32 2 -3
32 68 -8
32 20 -1
32 66 -7
32 41 3
32 53 -9
32 12 -8
32 64 -6
32 23 -6
32 27 -1
32 4 -2
32 22 2
32 73 -6
32 74 7
32 46 5
32 15 2
32 31 3
32 52 6
32 54 -2
32 1 4
32 70 7
32 16 -8
32 58 -4
32 56 1
32 26 1
32 25 -6
32 38 -2
32 42 5
32 71 -5
32 63 -9
32 59 5
33 60 -1
33 61 -5
33 55 3
33 27 -8
33 65 -8
33 8 2
33 66 -9
33 51 9
33 3 -3
33 54 -9
33 47 2
33 37 -6
33 18 -5
33 31 1
34 63 -5
34 70 5
34 46 6
34 8 -8
34 2 7
34 28 7
34 40 -8
34 44 2
34 3 7
34 51 9
34 36 -4
34 72 -9
34 4 8
34 11 -5
34 67 -5
34 71 -4
34 39 -5
34 49 1
34 65 4
34 15 -3
34 16 0
34 64 -9
34 52 9
34 42 -1
34 29 5
34 19 1
34 0 9
34 27 4
34 31 3
34 17 -5
34 38 0
34 1 -4
34 32 5
34 22 -2
34 30 -6
34 10 -2
34 59 9
35 26 9
35 9 -2
35 65 -4
35 61 -5
35 49 -9
35 17 -1
35 45 -1
35 43 5
35 74 -7
35 40 -9
35 34 3
35 7 0
35 5 7
35 50 -7
35 71 -2
35 10 -5
35 1 3
35 20 -3
35 18 -7
35 63 -4
35 15 -8
35 60 8
35 3 7
35 68 9
35 54 -1
35 30 -9
35 23 0
35 14 1
35 29 1
35 32 7
35 24 3
35 55 -4
36 70 -6
36 1 -5
36 33 -2
36 8 8
36 58 6
36 42 6
36 47 6
36 53 8
36 6 -7
36 9 0
36 15 3
36 55 8
36 68 7
36 31 0
36 54 -8
36 43 2
36 22 -2
36 66 -7
36 21 4
36 5 7
36 17 1
36 45 2
36 35 -4
37 15 -9
37 2 6
37 30 6
37 31 7
37 68 -7
37 13 2
37 63 2
37 48 -2
37 39 -1
38 10 2
38 12 5
38 54 -5
38 22 -1
38 8 9
38 41 -6
38 50 4
38 71 2
38 59 -2
38 7 -7
38 26 3
38 20 -7
38 13 6
38 34 -4
38 55 -6
38 49 5
38 23 7
38 73 7
38 45 7
38 28 9
38 24 2
38 17 3
38 32 1
38 31 3
38 60 -4
38 74 -7
38 67 -2
38 64 0
39 40 -3
39 51 3
39 44 7
39 48 -1
39 33 -7
39 11 4
40 27 -8
40 15 -5
40 32 -3
40 25 -8
40 67 -5
40 10 3
40 29 -8
40 20 1
40 35 5
40 54 9
40 33 -9
40 5 2
40 23 0
40 36 -3
40 42 -2
40 21 -7
40 64 0
40 30 8
40 0 -7
40 50 6
40 66 6
40 11 6
40 49 -4
40 41 1
40 55 -5
40 47 -9
40 16 -4
40 22 9
40 17 -4
40 31 9
40 70 -5
40 3 6
40 65 -2
40 2 3
40 63 -9
40 61 -3
40 39 7
40 51 -1
40 24 0
40 46 -4
40 18 -1
40 19 4
40 74 -4
40 38 0
40 44 9
40 56 -8
40 7 9
40 43 -9
40 6 2
40 53 -4
40 12 9
40 68 1
40 1 -8
40 71 6
40 13 -6
41 25 -7
41 50 1
41 70 6
41 33 6
41 40 2
41 74 7
41 66 1
41 22 1
41 56 8
41 34 -6
41 35 5
41 71 -9
41 13 -1
41 72 0
41 16 -8
41 30 1
41 19 7
41 37 0
41 68 -6
41 5 3
41 52 -5
41 48 6
41 12 2
41 18 -2
41 51 -3
41 2 -5
41 69 -4
41 73 6
41 45 9
41 38 4
41 9 -9
41 47 6
41 23 -4
41 57 -3
41 14 2
41 17 -4
41 53 -8
41 49 6
41 24 8
41 42 3
41 62 -4
41 54 1
41 29 -4
41 20 -3
41 1 -3
41 3 -5
41 44 4
41 67 1
41 58 6
41 0 5
41 8 -5
41 21 -9
41 65 5
41 31 7
41 28 -1
41 7 1
41 26 -9
41 11 7
41 59 -1
41 32 5
41 39 2
41 63 2
42 56 5
42 66 -5
42 12 -5
42 59 -1
42 16 -6
42 28 -4
42 37 5
42 32 -9
42 23 -9
42 58 2
42 24 0
42 22 9
42 48 -9
42 50 -4
42 55 6
42 26 8
42 11 -9
42 18 -6
42 74 5
42 30 -1
42 34 -9
42 13 6
42 5 9
42 53 1
42 73 -7
42 45 9
42 63 -7
42 15 4
42 14 3
42 72 -9
42 0 -4
42 17 -9
42 62 -7
42 46 4
42 47 5
42 27 -3
42 40 3
42 52 -3
42 64 -6
42 44 -9
42 19 7
42 2 -8
42 61 -8
42 4 -3
42 69 0
42 57 6
42 39 -3
42 38 -6
42 68 -4
42 10 -4
42 7 -2
42 54 -8
42 3 -8
42 60 1
42 21 8
42 33 9
42 1 -6
42 49 2
42 8 3
42 29 8
42 9 9
42 20 4
42 65 -5
43 36 6
43 47 -6
43 28 -5
43 41 -6
43 56 4
43 64 5
43 35 7
43 67 -6
43 38 6
43 72 7
43 33 -6
43 30 -8
43 49 6
43 1 4
43 15 1
43 8 -1
43 62 7
43 29 -3
43 19 1
43 34 0
43 31 -9
43 73 9
43 11 -1
43 4 -9
43 9 1
43 55 3
43 17 5
43 51 8
43 45 -1
43 5 -1
43 25 3
43 59 9
43 40 -1
43 70 -6
43 39 4
43 10 -9
43 60 -9
43 63 9
43 61 -3
43 0 3
43 54 1
43 22 -1
43 21 7
43 7 -8
43 24 6
43 18 6
43 71 -5
43 48 9
44 8 9
44 28 1
44 47 -9
44 3 3
44 32 -2
44 55 4
44 23 -9
44 38 -4
44 4 8
44 15 7
44 68 2
44 21 -2
44 33 2
44 29 8
44 22 -2
44 49 -1
44 34 -5
44 41 3
44 11 2
44 69 3
44 45 7
44 58 2
44 64 -3
44 56 4
44 43 0
44 73 -4
44 50 -6
44 48 4
44 1 8
44 40 -7
44 27 -8
44 30 1
45 2 -1
45 29 -9
45 59 4
45 27 -2
45 43 -1
45 39 3
45 70 4
45 31 4
45 9 -4
45 20 1
45 12 0
45 5 -8
45 17 -8
45 19 5
45 21 5
45 68 7
45 57 9
45 72 5
45 41 9
46 57 2
46 27 -9
46 26 0
46 64 3
46 11 -4
46 12 7
46 39 3
46 58 -7
46 20 -1
46 24 0
46 5 -6
46 4 6
46 6 1
46 1 -6
46 71 -2
46 15 -6
46 65 -1
46 0 -7
46 38 -8
46 42 3
46 31 -2
46 9 -8
46 55 -5
46 66 -3
46 28 9
46 61 6
46 49 -3
46 18 -4
46 2 5
46 19 -3
46 37 9
46 17 0
46 74 -4
46 56 1
46 59 -7
46 53 -5
46 50 7
46 14 -7
46 7 5
46 62 3
46 72 1
46 35 7
46 10 -5
46 54 -5
46 32 -8
46 43 3
46 60 6
46 23 -6
46 45 -9
46 16 6
46 51 -1
46 30 3
46 22 8
46 13 -4
46 21 -5
47 49 -6
47 18 6
47 46 -4
48 65 -8
48 35 -7
48 74 -8
48 57 -5
48 3 3
48 0 6
48 39 -3
48 21 6
48 70 -3
48 42 7
48 72 -9
48 43 4
48 40 -5
48 37 7
48 11 -8
48 1 -2
48 64 -3
48 56 9
48 59 9
48 50 4
48 71 -2
48 32 0
48 15 -9
48 61 0
48 62 -5
48 25 9
48 30 8
48 7 7
48 60 7
48 19 2
48 2 -2
48 6 4
48 38 -6
49 34 1
49 25 6
49 48 0
49 36 -7
49 56 -1
49 13 3
49 4 1
49 11 -3
49 50 -9
49 3 4
49 8 -6
49 55 6
49 37 0
49 46 -7
49 74 7
49 71 -1
50 52 8
50 53 4
50 13 -6
50 7 8
50 16 3
51 23 5
51 34 2
51 20 3
51 52 9
51 12 9
51 44 9
51 67 -9
51 66 2
51 64 -2
51 27 8
51 17 6
51 24 -3
51 45 1
51 61 4
51 47 -8
51 48 -1
51 41 7
51 22 9
51 68 -9
51 57 -6
51 36 7
51 28 9
51 13 3
51 71 4
51 59 -7
51 26 8
51 35 2
51 32 -8
52 56 -7
52 43 -8
52 14 -8
52 25 3
52 15 -3
52 27 5
52 6 -5
52 44 7
52 4 7
52 23 6
52 13 5
52 18 5
52 37 8
52 28 -2
52 32 -9
52 22 2
52 2 -1
52 57 5
53 26 -1
53 43 0
53 46 6
53 58 -8
53 72 8
53 61 2
53 40 2
53 16 6
53 13 -8
53 71 1
53 63 -3
53 64 1
53 49 5
53 67 2
53 20 7
53 0 -5
53 55 -2
53 9 -1
53 34 9
53 56 -5
53 28 -3
53 65 0
53 7 3
53 73 -3
53 5 0
53 52 -8
53 1 6
53 62 -7
53 12 -8
53 35 -8
53 48 2
53 32 -7
53 69 -3
53 23 9
53 2 0
53 6 -2
53 57 0
53 4 7
54 29 -1
54 55 8
54 24 4
54 45 -4
54 20 5
54 40 -8
54 73 -1
54 69 8
54 8 -6
54 12 5
54 21 8
54 63 2
54 37 -9
54 48 9
54 42 -2
54 2 1
54 1 5
54 71 -4
54 66 -5
54 47 -5
54 38 -8
55 23 -8
55 57 -5
55 32 9
55 50 -1
55 72 -6
55 9 -8
55 47 0
55 39 -8
55 38 7
55 36 -9
55 66 -7
55 69 -9
55 62 9
55 35 -5
55 48 1
55 45 3
55 74 6
55 60 8
55 5 -1
55 34 9
55 14 -9
55 26 -9
55 2 3
55 28 9
55 61 -9
55 25 8
55 43 -5
55 16 4
55 29 -3
55 37 -7
55 65 -3
55 12 9
55 24 5
55 11 -7
55 1 6
55 59 6
55 54 4
55 41 -6
55 63 -9
55 49 1
55 58 -4
55 31 5
55 71 4
55 68 -7
56 57 -6
56 70 9
56 49 7
56 61 5
56 52 -7
56 64 5
56 63 5
56 51 1
56 21 -5
56 0 -3
56 42 7
56 25 -3
56 2 -3
56 71 4
56 65 0
56 37 7
56 1 3
56 28 -5
56 4 2
56 50 -6
56 29 -9
56 66 8
56 55 9
56 72 -7
56 59 -3
56 30 7
56 12 -6
56 16 -2
56 9 -2
56 43 5
56 34 6
56 67 -8
56 33 9
56 8 -3
56 11 -1
56 38 4
56 45 -8
56 69 5
56 60 -4
56 47 2
56 68 -7
56 74 7
57 68 2
57 44 1
57 29 4
57 34 -6
57 45 -2
57 11 9
57 60 9
57 49 9
57 59 8
57 22 -4
57 56 4
57 41 -5
57 3 -5
57 48 5
57 39 -5
57 30 2
57 61 4
57 18 -1
57 54 9
57 19 2
57 0 -5
57 38 7
57 26 4
57 46 -6
57 69 -2
57 14 8
57 51 1
57 25 -7
57 27 3
57 20 0
57 62 2
57 52 7
57 15 5
57 43 4
57 70 -5
57 58 4
57 9 -6
57 6 -1
57 35 -9
57 42 -2
57 21 8
57 31 8
57 64 -2
57 47 1
57 65 -4
57 24 2
57 72 6
57 66 8
57 67 -2
57 36 -8
58 60 -2
58 26 -8
58 13 -1
58 62 8
58 55 -5
58 27 -5
58 71 7
58 4 7
58 73 -3
58 31 -2
58 66 -6
58 0 0
58 44 0
58 48 5
58 33 7
58 15 0
58 17 -9
58 34 -8
58 28 -2
58 10 -4
58 24 -2
58 3 -1
58 23 -4
58 74 -4
58 5 5
58 8 4
58 69 5
58 49 -2
58 50 6
58 20 -3
58 51 0
58 46 -5
58 37 6
58 65 -5
58 16 1
59 38 -7
59 16 -5
59 43 -8
59 46 -4
59 42 8
59 15 7
59 22 0
59 67 3
59 52 -1
59 48 1
59 7 0
59 18 2
59 36 1
59 23 0
59 58 8
59 56 -4
59 68 -3
59 27 8
59 9 9
59 65 8
59 28 7
59 47 5
59 40 -7
59 30 -3
59 63 -1
59 3 6
59 66 9
59 29 7
59 21 6
59 37 -6
59 25 8
59 45 -5
59 69 3
59 34 -1
59 0 4
59 39 0
59 44 -5
59 61 9
59 31 4
59 20 -8
59 60 -1
59 41 8
59 2 -6
59 73 9
59 5 4
59 19 8
59 14 -9
59 57 9
59 12 9
59 1 -5
59 71 -4
59 74 7
59 33 2
59 62 3
59 17 -5
59 24 7
59 55 -5
59 26 0
59 51 3
59 72 -4
59 10 -7
59 4 8
59 54 5
59 64 5
60 10 -9
60 48 -9
60 21 5
60 56 9
60 6 -5
60 37 -3
60 54 -7
60 9 -7
60 68 -2
60 62 0
60 17 -6
60 16 -2
60 57 2
60 8 7
60 58 -2
60 46 8
60 72 8
60 71 7
60 27 4
60 67 9
60 59 1
60 66 4
60 28 4
60 53 -4
60 30 0
60 14 -8
60 18 3
60 47 4
60 33 9
60 50 3
60 25 -8
61 48 4
61 38 -8
61 49 -7
61 35 -5
61 13 5
61 15 -9
61 46 -7
61 14 -3
61 47 6
61 66 8
61 36 0
61 60 0
61 16 9
61 41 1
61 0 -2
61 30 -4
61 43 -1
61 56 -8
61 5 -7
61 1 5
61 10 -9
61 29 2
61 22 2
61 68 4
61 51 -5
61 40 -1
61 50 9
61 21 7
61 44 -6
61 11 5
61 72 1
61 65 0
61 31 -3
62 1 7
62 63 6
62 5 -4
62 14 -7
62 27 -8
62 21 -7
62 73 6
62 26 4
62 3 -8
62 53 3
62 45 5
62 38 3
63 68 -6
63 20 -5
63 47 8
63 3 -6
63 21 6
63 17 8
63 57 -1
63 8 9
63 14 9
63 28 -4
63 50 3
63 11 6
63 26 -4
63 16 -1
63 0 -2
63 67 -8
63 22 4
63 69 4
63 6 -5
63 2 4
63 29 -4
63 33 -1
63 31 2
63 40 8
63 27 7
63 4 6
63 10 1
63 60 -8
63 54 9
63 70 -9
63 37 -9
63 56 1
63 18 5
63 61 9
63 30 6
63 66 5
63 25 3
63 43 -3
63 42 -4
63 36 9
63 32 9
63 45 -9
63 7 4
63 49 5
63 13 8
63 38 -4
63 72 1
63 51 -9
63 41 -9
63 62 -4
63 34 7
64 14 -3
64 1 -9
64 37 -2
64 62 6
64 65 0
64 52 -7
64 17 -9
64 25 -5
64 41 -6
64 27 -2
64 61 -9
64 28 -9
64 42 0
64 11 -3
64 39 -3
64 53 -9
64 40 -3
64 72 0
64 7 -9
64 15 6
65 56 2
65 74 -2
65 15 -3
65 27 -3
65 3 -7
65 10 -5
65 33 -7
65 69 -9
65 1 8
65 31 -2
65 29 6
65 4 9
65 46 -4
65 72 -9
65 64 6
65 71 8
65 2 -4
65 41 -3
65 16 2
65 34 -8
65 48 0
65 35 4
65 42 6
65 9 -3
65 12 2
65 24 -7
65 28 7
65 36 -4
65 67 2
65 68 -1
65 54 -2
65 7 3
65 47 -1
65 55 0
65 62 -1
65 20 -7
65 60 -2
65 38 1
65 14 -3
65 58 6
65 45 -1
65 6 5
65 19 -5
65 63 6
65 11 5
65 0 9
65 5 9
66 27 -5
66 63 7
66 51 8
66 49 -3
66 13 -6
66 16 1
66 37 7
66 48 9
66 60 -9
66 52 1
66 71 -2
66 4 7
66 62 -4
66 32 -3
66 26 7
66 28 -7
66 24 6
66 68 -1
66 59 4
66 65 -9
66 15 1
66 72 -8
66 14 3
66 73 -9
66 53 -3
66 44 3
66 30 8
66 17 5
66 38 1
66 25 -7
66 23 9
66 64 -1
66 70 -3
66 35 -8
66 18 5
66 22 -2
66 55 -5
66 36 5
66 40 2
66 1 3
66 12 0
66 10 -1
66 3 -6
66 5 -6
66 2 7
66 20 -3
66 0 -4
66 6 -4
66 21 -1
66 33 -6
66 46 -4
66 74 -6
66 39 8
66 47 -7
66 8 0
66 34 7
66 61 9
66 7 -5
66 42 -5
66 11 -3
66 57 -1
66 43 9
66 69 7
66 54 -1
66 19 2
66 41 3
66 31 5
66 9 -8
66 56 8
66 45 -9
66 50 -1
66 29 -1
66 58 1
66 67 5
67 70 -4
67 22 -1
67 60 3
67 57 -7
67 28 -8
67 8 7
67 36 3
67 66 8
67 50 1
67 53 -5
67 64 -2
67 9 -2
67 59 0
67 52 -1
67 69 0
67 14 -2
67 73 -5
67 71 -8
67 23 -7
67 31 6
67 26 2
67 35 -7
67 30 6
67 38 9
67 6 -5
67 62 3
67 72 -8
67 37 0
67 11 -8
67 4 4
67 74 1
67 21 4
67 24 -9
67 47 3
68 62 2
68 47 -4
68 0 -5
68 59 6
68 14 9
68 53 7
68 22 -8
68 18 -5
68 67 2
68 69 -2
68 63 8
68 16 -4
68 8 8
68 46 6
68 19 4
68 30 -2
68 11 -7
68 29 8
68 36 -8
68 39 2
68 44 -7
68 31 -9
68 32 7
68 26 -7
68 12 5
68 20 2
68 33 -7
68 40 7
68 48 -7
68 38 2
68 55 -8
68 70 -6
68 57 4
68 65 -5
68 74 2
68 10 -5
68 42 0
68 27 -8
68 35 0
68 71 -8
68 34 -8
68 7 -3
68 24 -6
68 54 8
68 5 6
68 25 -6
68 28 3
68 1 -7
68 49 0
68 6 -8
68 51 0
68 13 3
69 14 5
69 42 -7
69 30 -6
69 73 -5
69 70 6
69 57 5
69 38 8
69 48 -2
69 39 -2
69 33 -5
69 16 4
69 24 1
69 41 -4
69 19 -8
69 0 8
69 12 -8
69 6 -5
69 52 -1
69 35 -8
69 58 -6
69 1 -7
69 50 5
69 8 -5
69 72 9
69 18 8
69 36 -5
69 74 -9
69 62 -4
69 40 3
69 22 7
69 28 -5
69 43 5
69 21 -1
69 71 2
69 5 -3
69 2 -2
69 46 4
69 63 -9
69 65 -7
69 37 4
69 32 -1
69 68 -7
69 20 6
69 60 8
69 49 3
69 13 8
69 27 5
70 74 0
70 9 -5
71 27 -7
71 53 -9
71 63 3
71 34 3
71 52 -4
71 24 -2
71 19 9
71 67 6
71 40 6
71 26 -8
71 3 7
71 30 -6
71 7 8
71 66 -8
71 51 9
71 29 2
71 0 9
71 61 9
71 44 3
71 25 2
71 10 -3
71 72 5
71 69 -1
71 42 -9
71 55 -2
71 5 -6
71 21 7
71 64 9
71 62 -4
71 12 0
71 13 9
71 32 9
71 68 3
71 60 5
71 47 3
71 74 7
71 37 7
71 4 0
71 56 -5
71 22 -1
71 18 7
71 23 -4
71 58 -9
71 57 -7
71 59 5
71 70 8
71 1 -7
71 17 9
71 43 4
71 33 7
72 45 -9
72 48 3
72 70 0
72 11 5
72 30 4
72 26 3
72 59 7
72 44 -2
72 47 3
72 15 4
72 2 2
72 3 -2
72 50 6
72 29 -3
72 17 -5
72 39 -1
72 41 1
72 6 3
72 66 -5
72 38 3
72 33 -7
72 71 1
72 51 -6
72 1 4
72 8 -5
72 13 2
72 19 4
73 29 3
73 72 8
73 27 -3
73 41 -7
73 10 3
73 5 -3
73 59 8
73 53 -8
73 56 0
73 38 9
73 17 6
73 70 3
73 74 3
73 71 6
73 36 -3
73 3 1
73 58 -2
73 11 -9
73 14 -5
73 66 1
73 46 -6
73 32 -7
73 18 -8
73 15 2
74 51 5
74 14 9
74 1 -5
74 16 -5
74 3 -5
74 54 -9
74 0 8
74 44 -7
74 55 0
74 65 5
74 36 6
