79
3359
true
1 77 -6
1 10 8
1 34 0
1 5 -4
1 75 -9
1 26 6
1 73 -1
1 18 -8
1 12 5
1 58 -9
1 38 9
1 59 -7
1 2 7
1 20 4
1 48 -9
1 32 7
1 29 3
1 67 -7
1 78 5
1 25 0
1 0 9
1 24 -3
1 44 6
1 4 4
1 15 -8
1 28 1
1 7 -5
1 43 -1
1 52 -1
1 6 7
1 51 3
1 11 -3
1 61 -7
1 8 6
1 68 -1
1 60 7
1 30 -4
1 45 3
1 62 -2
1 65 2
1 35 4
1 22 -1
1 53 -5
1 71 -8
1 16 8
1 40 9
1 72 3
1 66 -9
2 22 4
2 32 -3
2 60 -1
2 65 1
2 70 2
2 25 -5
2 41 -8
2 34 -5
2 30 6
2 56 4
3 7 7
3 15 4
3 34 -7
3 50 3
3 10 8
3 19 0
3 68 7
3 52 0
3 4 7
3 38 -9
3 60 4
3 31 -2
3 40 4
3 74 -7
3 13 2
3 21 -4
3 2 -7
3 57 -2
3 59 -8
3 61 -2
3 58 -2
3 12 2
3 32 -8
3 71 -8
3 47 -7
3 30 6
3 37 4
3 46 3
3 24 8
3 29 0
3 76 -9
3 18 -6
3 70 0
3 16 -6
3 44 2
3 77 3
3 36 4
3 9 4
3 54 -7
3 69 -4
3 5 -2
3 1 2
3 49 8
3 8 4
3 42 9
3 55 -7
3 43 -5
3 72 -8
3 20 -3
3 39 -2
3 35 -1
3 48 -4
3 0 2
3 64 -7
3 33 9
3 41 -1
3 22 -9
3 51 -3
3 27 -4
3 63 1
3 23 3
3 28 3
3 45 9
3 14 -4
3 17 5
3 66 -8
4 33 3
4 38 6
4 58 -9
4 28 -9
4 42 -7
4 7 3
4 78 2
4 77 -3
4 53 0
4 39 -4
4 10 1
4 65 -9
4 20 1
4 51 8
4 13 -5
4 31 -7
4 49 9
4 57 0
4 44 -4
4 75 4
4 76 -6
4 68 -2
4 24 -8
4 64 3
4 6 8
5 30 4
5 27 9
5 20 -1
5 59 -5
5 6 -3
5 77 -1
5 2 3
5 7 -2
5 50 -9
5 71 3
5 64 7
5 15 2
5 61 -5
5 70 -1
5 13 6
5 21 8
5 25 8
5 19 9
5 74 1
5 42 -5
5 72 -7
5 47 -4
5 26 8
5 75 -7
5 9 -4
5 31 -4
5 55 -3
5 62 -7
5 46 -2
5 29 2
5 14 -2
5 41 5
5 66 -9
5 23 -4
5 48 9
5 32 -4
5 38 8
5 67 -3
5 51 -6
5 12 1
5 78 0
5 16 8
5 28 -9
5 37 5
5 45 -1
5 36 3
5 24 -7
5 49 6
5 11 0
6 27 -4
6 46 -9
6 67 -4
6 43 2
6 38 4
6 8 -2
6 64 -9
6 62 -6
6 73 -6
6 21 6
6 49 -8
6 20 -1
6 48 -4
6 54 9
6 19 6
6 57 1
6 61 -7
6 71 9
6 74 -1
6 22 8
6 42 -6
6 23 3
6 9 8
6 59 -4
6 24 6
6 4 -3
6 30 2
6 10 7
6 56 6
6 12 6
6 63 -7
7 6 -2
7 11 -9
7 3 -5
7 8 -2
7 73 6
7 20 7
7 70 -5
7 12 1
7 23 -9
7 46 -8
7 60 -5
7 63 4
7 40 -2
7 49 2
7 78 -7
7 75 -9
7 9 -5
7 15 2
7 38 1
7 18 -5
7 57 7
7 26 -2
7 71 -1
7 14 3
7 67 9
7 16 8
7 29 8
7 68 -5
7 2 -9
7 0 6
7 50 -1
7 31 -4
7 44 -6
7 45 1
7 25 9
7 62 -7
7 64 -9
7 32 7
7 4 -3
7 33 6
7 13 -9
7 54 1
7 5 1
7 58 4
7 65 9
7 28 1
7 56 6
8 64 2
8 60 -2
8 65 7
8 44 4
8 2 -4
8 42 -1
8 1 -8
8 3 2
8 23 7
8 36 -6
8 67 -1
8 55 7
8 37 -1
8 56 -8
8 34 -7
8 73 9
8 43 -5
8 52 3
8 51 1
8 72 7
8 33 7
8 12 -1
8 74 7
8 57 8
8 77 -6
8 50 -4
8 21 -4
8 39 -4
8 26 -9
8 28 3
8 18 4
8 7 -6
8 25 4
8 11 1
8 41 1
8 76 3
8 59 -2
8 48 1
8 9 0
8 5 4
8 66 5
8 71 -4
8 75 -6
8 32 7
8 53 -8
8 40 5
8 54 6
8 4 -1
8 62 -7
8 78 7
8 6 -1
8 58 -2
8 20 4
8 10 -9
8 16 2
8 69 -4
8 68 -2
8 49 9
8 22 4
9 43 3
9 34 -8
9 41 5
9 7 6
9 64 0
9 36 7
9 38 -8
9 17 9
9 65 3
9 20 1
9 72 5
9 37 -6
9 68 -5
9 55 -8
9 57 7
9 12 3
9 54 6
9 29 -5
9 62 -9
9 27 -8
9 42 -4
9 67 7
9 46 -2
9 77 -4
9 6 -8
9 49 9
9 45 -5
9 19 7
9 56 -5
9 18 9
9 63 -6
9 23 -5
9 51 -7
9 10 -4
9 58 2
9 60 -7
9 26 0
9 15 -4
9 59 -3
9 25 -9
9 5 4
9 8 8
9 48 3
9 78 -9
9 75 -1
9 35 1
9 40 2
9 33 -6
9 44 -9
9 50 -2
9 13 -6
9 1 -6
9 39 3
9 31 -7
9 21 8
9 11 -1
9 53 -8
9 47 0
9 70 -6
9 0 2
9 71 1
9 66 0
9 22 -1
9 73 -4
9 74 -5
9 2 1
9 28 7
9 24 8
9 61 -8
9 3 5
10 31 -1
10 23 -4
10 52 9
10 61 -1
10 15 -1
10 64 -6
10 35 5
10 60 1
10 25 -1
10 29 -8
10 32 -4
10 47 2
10 76 -7
10 3 -3
10 66 3
10 12 -8
10 56 -4
10 50 -7
10 22 -6
10 62 -3
10 26 8
10 27 0
10 49 5
10 40 -6
10 74 5
10 16 3
10 63 3
10 24 9
10 68 0
10 44 -8
10 73 6
10 51 -6
10 6 6
10 36 -5
10 5 8
10 69 4
10 17 0
10 39 5
10 43 4
10 20 -5
10 38 -5
10 72 -4
10 4 1
10 77 4
10 34 1
10 28 1
10 37 -5
10 53 -3
10 2 -5
10 0 6
11 14 -9
11 60 -9
11 18 6
11 23 6
11 39 8
11 26 -9
11 42 -6
11 0 2
11 1 7
11 75 -4
11 77 -9
11 29 -2
11 22 -6
11 37 9
11 30 -4
11 44 2
11 78 4
11 28 1
11 12 -3
11 32 -3
11 10 9
12 11 6
12 10 4
12 5 0
12 57 -4
12 67 8
12 23 5
12 30 5
12 47 7
12 25 -5
12 31 6
12 36 1
12 15 -2
12 4 -6
12 70 -1
12 38 7
12 52 -5
12 77 1
12 63 6
12 56 8
12 76 -2
12 8 1
12 14 0
12 6 -5
12 44 6
12 61 4
12 53 8
12 48 4
12 49 7
12 73 -2
12 51 6
12 55 5
12 2 -6
12 19 -1
12 1 6
12 74 1
12 45 -1
12 35 9
12 42 9
13 11 4
13 75 -1
13 5 4
13 70 7
13 28 2
13 7 -9
13 12 -9
13 19 2
13 43 8
13 21 -8
13 56 -7
13 55 -1
13 40 -8
13 25 -8
13 10 5
13 9 -9
13 35 -1
13 71 -7
13 53 9
13 41 6
13 15 -5
13 32 -2
13 69 4
13 34 1
13 14 8
13 66 -4
14 76 5
14 39 0
14 64 9
14 31 3
14 18 8
14 45 -4
14 26 -1
14 47 3
14 35 0
14 3 -6
14 12 -2
14 65 -8
14 22 -8
14 4 3
14 63 7
14 60 -4
14 42 -2
14 50 -3
14 43 -8
14 36 5
14 13 -6
14 72 3
14 9 -4
14 15 -1
14 58 -1
14 53 -1
14 7 -2
14 21 3
14 20 8
14 10 0
14 34 -5
14 38 -4
14 30 4
14 57 -3
14 29 -1
14 44 1
14 41 0
14 40 9
14 51 -8
14 59 2
14 74 -8
14 62 5
14 23 9
14 37 -1
14 66 -8
14 49 8
14 48 -1
15 74 -3
15 71 5
15 41 -3
15 13 -1
15 12 1
15 16 9
15 10 7
15 20 -6
15 29 5
15 78 -4
15 9 -4
16 9 1
16 60 4
16 36 -8
16 28 -6
16 38 3
16 20 4
16 13 -2
16 45 -9
16 76 3
16 63 5
16 50 7
16 7 -8
16 30 9
16 8 2
16 47 -7
16 43 1
16 49 -3
16 31 -9
16 58 -1
16 69 2
16 64 1
16 44 8
16 37 -4
16 33 -5
16 2 -4
16 11 4
16 51 -7
16 10 -8
16 67 -5
16 48 3
16 52 7
16 23 -8
16 59 0
16 78 2
16 0 -2
16 71 -5
16 61 -6
16 41 -8
16 39 2
16 55 1
16 5 -3
16 1 3
16 15 -8
16 18 5
16 12 1
16 56 8
16 34 -1
16 19 9
16 17 1
16 21 1
16 40 6
16 68 -7
16 66 4
16 62 9
16 27 9
16 46 -2
17 10 -3
17 34 8
17 25 1
17 71 3
17 18 7
17 35 3
17 14 -5
17 28 4
17 46 9
17 20 0
17 27 2
17 13 -6
17 0 -8
17 67 5
17 8 1
17 47 0
17 62 -9
17 1 6
17 55 -2
17 5 -8
17 37 -3
17 43 -5
17 64 1
17 59 -1
17 9 0
17 76 -8
17 69 -3
17 39 -5
17 63 4
17 54 9
17 65 1
17 44 6
17 53 9
17 51 8
17 32 0
17 36 3
17 11 0
17 70 -7
17 22 0
17 45 -9
17 30 -4
17 41 -7
17 68 2
17 57 -8
17 33 5
17 7 -8
17 2 2
18 32 5
18 19 -7
18 10 3
18 68 9
18 28 -3
18 34 -8
18 21 -1
18 52 -9
18 66 0
18 35 -9
18 67 0
18 17 -5
18 30 -4
18 54 8
18 43 -3
18 76 -5
18 26 -3
18 33 2
18 38 -7
18 61 -3
18 47 0
18 59 -9
18 56 9
18 75 2
18 0 1
18 78 7
18 40 -6
18 29 1
18 55 0
18 60 -4
18 57 8
18 73 6
18 74 -8
18 50 5
18 22 9
18 64 -8
18 16 -6
18 31 4
18 23 -3
18 69 5
18 77 -2
18 12 -6
18 14 6
18 13 3
18 58 1
18 44 2
18 49 4
18 71 5
18 37 -1
18 46 -8
18 11 -1
19 24 -8
19 7 -4
19 1 5
19 75 -7
19 56 2
19 26 -7
19 76 -2
19 37 0
19 59 5
19 5 -2
19 39 2
19 14 -8
19 42 0
19 78 9
19 51 -3
19 40 -5
19 34 4
19 53 9
20 1 -8
20 16 -3
20 14 -4
20 25 -4
20 3 2
20 31 -9
20 36 -6
20 66 5
20 18 1
20 75 -4
20 42 8
20 5 5
20 0 1
20 28 -3
20 21 4
20 68 0
20 49 6
20 35 -8
20 17 -8
20 37 8
20 47 6
20 33 -5
20 23 3
20 13 -8
20 6 9
20 10 -8
20 45 1
20 15 -6
20 39 -7
20 59 -8
20 77 9
20 71 5
20 72 -3
20 11 4
20 19 0
20 69 0
20 27 6
20 53 6
20 44 5
20 2 -8
20 73 7
20 65 -2
20 46 -3
20 26 4
21 37 1
21 52 -7
21 26 0
21 49 9
21 55 -6
21 70 -3
21 75 -7
21 36 2
21 56 6
21 18 0
21 67 4
21 77 1
21 33 -9
21 60 -6
21 25 0
21 48 -8
21 74 5
21 76 1
21 2 -4
21 17 -7
21 45 2
21 5 -7
21 43 -6
21 16 -7
21 9 3
21 65 -6
21 32 2
21 42 -6
21 6 0
21 0 -6
21 62 0
21 47 -1
23 53 2
23 8 -2
23 4 -1
23 34 9
23 57 -7
23 35 7
23 62 -7
23 64 2
23 75 -5
23 11 -2
23 61 -9
23 10 9
23 50 -2
23 32 -4
23 30 6
23 15 -4
23 66 -9
23 18 2
23 3 -1
23 1 7
23 74 -8
23 5 2
23 14 -4
23 24 3
23 63 2
23 72 -2
23 78 -3
23 73 -2
23 0 -5
23 69 5
23 31 -7
23 22 3
23 33 -6
23 71 3
23 38 6
23 47 2
23 54 -1
23 28 7
23 67 4
24 67 9
24 68 8
24 57 -5
24 59 2
24 17 -8
24 56 5
24 39 1
24 38 -4
24 12 -9
24 60 -2
24 47 1
24 63 -9
24 29 -9
24 0 2
24 52 -5
24 54 7
24 15 2
24 73 -2
24 32 2
24 34 9
24 43 5
24 6 -4
24 66 5
24 26 -7
25 64 -7
25 21 -4
25 29 -4
25 39 -9
25 43 4
25 42 9
25 35 9
25 22 -3
25 27 8
25 2 -9
25 56 -4
25 12 2
25 4 -1
25 11 8
25 45 -3
25 24 7
25 17 -4
25 14 4
25 15 -2
25 51 -7
25 65 -7
25 60 -1
25 46 6
25 75 1
25 16 4
25 28 -1
25 73 -2
25 8 9
25 61 -5
25 41 8
25 18 -7
25 55 -9
25 1 -2
25 7 0
25 59 -8
25 63 -7
25 74 5
25 70 8
25 32 0
25 10 5
25 6 7
25 31 -6
25 37 -7
25 0 -1
25 67 -8
25 68 -1
25 69 8
25 72 7
25 62 7
25 77 1
25 48 -8
25 19 7
25 23 -5
25 54 -3
25 58 0
25 5 -8
25 57 6
25 38 -9
25 76 -6
25 50 5
25 20 7
25 47 -1
25 49 7
25 3 8
25 71 3
25 33 3
25 30 1
25 78 -8
25 36 0
25 66 8
25 13 -8
26 48 -5
26 41 -4
26 47 -9
26 9 -5
26 69 1
26 45 3
26 1 5
26 12 3
26 7 4
26 44 7
26 49 7
26 51 -1
26 17 4
26 32 2
26 64 0
26 28 7
26 42 4
26 75 2
26 10 3
26 39 -1
26 78 -1
26 3 -5
26 55 7
26 18 3
26 22 7
26 71 9
26 6 -5
26 36 7
26 31 -2
26 20 5
26 37 -3
26 63 6
26 14 -1
26 33 6
26 59 0
26 34 2
26 35 -3
26 73 6
26 46 5
26 72 -9
26 2 6
26 62 3
26 60 -5
26 54 -3
26 15 -1
26 77 7
26 65 -7
26 38 1
26 58 -7
26 16 2
26 11 7
26 67 -3
26 70 -2
26 56 -4
26 76 -2
26 74 -7
26 0 -5
26 24 -1
26 61 -1
26 13 -8
26 4 -8
26 53 7
26 68 -8
26 8 -6
26 57 -1
26 27 9
26 23 9
27 55 -8
27 76 9
27 32 3
27 51 -6
27 78 -4
27 35 -4
27 15 -5
27 44 3
27 34 -6
27 45 -2
27 30 -7
27 59 6
27 62 9
27 22 5
27 74 -9
27 64 6
27 73 -8
27 54 -4
27 66 -8
27 71 9
27 77 4
27 26 9
27 8 4
27 5 0
27 70 9
27 17 2
27 11 2
27 24 -3
27 65 8
27 42 -7
27 33 -1
27 23 5
27 52 7
27 9 5
27 0 5
27 20 -3
27 3 5
27 47 -5
27 61 6
27 75 6
27 56 4
27 43 1
27 67 9
27 72 8
27 4 2
27 41 9
27 38 2
27 2 -3
27 58 8
27 21 8
27 39 6
27 6 -4
27 69 9
27 50 -1
27 49 0
27 29 -9
27 12 3
27 10 2
28 39 2
28 42 2
28 7 -6
28 69 -3
28 61 -2
28 15 1
28 10 8
28 9 -3
28 29 3
28 57 7
28 44 3
28 53 -6
28 74 6
28 32 -2
28 43 6
28 40 7
28 34 4
28 52 2
28 64 -4
28 37 -5
28 23 2
28 55 -5
28 30 8
28 46 9
28 8 -8
28 21 -2
28 19 -2
28 24 -7
28 68 -1
28 0 -8
28 11 0
28 20 -5
28 1 1
28 65 6
28 49 1
28 6 -1
28 4 6
28 47 -1
28 59 -1
28 35 2
28 18 1
28 73 8
28 2 -4
28 25 1
28 16 5
28 51 -8
28 45 3
28 50 -6
28 17 5
28 13 2
28 14 8
28 70 9
28 3 -3
28 77 6
28 12 -6
28 38 7
28 5 1
28 78 -4
28 31 -8
28 67 -4
28 66 4
28 33 4
28 58 -9
28 41 5
28 76 8
28 62 -6
28 71 -8
28 54 -1
28 56 -8
28 60 1
28 63 1
29 73 1
29 50 -7
29 26 3
29 55 -7
29 28 -2
29 35 7
29 25 7
29 14 3
29 15 1
29 54 -9
29 60 -3
29 47 6
29 7 -3
29 39 7
29 30 6
29 58 -3
29 75 -5
29 37 6
29 9 0
29 56 7
29 71 -2
29 38 8
29 5 4
29 27 -9
29 74 -9
29 16 -8
29 66 -4
29 40 6
29 76 8
29 51 1
29 34 1
29 48 7
29 10 -9
29 8 5
29 21 -2
29 19 -4
29 13 3
29 1 6
29 67 -3
29 77 -3
29 42 -4
29 36 0
29 12 -4
29 69 -4
29 22 5
29 45 -8
29 4 7
29 32 -1
29 3 -2
29 62 4
29 44 6
29 63 -2
29 64 -4
29 72 8
29 0 -3
29 24 8
29 57 -1
29 46 -7
29 65 -2
29 6 8
29 23 -3
29 70 -6
29 41 8
29 20 2
29 49 9
29 52 -2
29 11 6
29 33 3
29 59 0
29 43 8
29 2 -1
29 61 -8
29 18 -6
29 53 1
30 2 -8
30 27 -3
30 28 5
30 19 -4
31 1 -3
31 60 -2
31 70 2
31 26 -6
31 39 9
31 62 6
31 25 7
31 73 -2
31 20 -1
31 4 -5
31 24 3
31 68 -8
31 43 -8
31 66 2
31 51 -3
31 63 -9
31 34 -3
31 41 -9
31 36 2
31 22 -6
31 76 -5
31 28 1
31 16 -1
31 64 4
31 59 -4
31 3 2
31 47 0
31 8 7
31 15 -3
31 12 1
31 7 5
31 37 -2
31 18 2
31 65 2
31 35 0
31 11 -7
31 45 -8
31 69 0
31 23 -8
31 38 -1
31 77 1
31 2 0
31 52 8
31 61 -7
31 40 -7
31 67 -5
31 17 -1
31 49 8
31 13 4
31 9 0
31 53 6
31 55 -2
31 32 -5
31 72 9
31 50 6
31 75 -2
31 46 -9
31 57 -1
31 14 -1
31 78 5
31 48 -7
31 10 6
31 74 0
31 58 9
31 0 -1
31 56 1
31 71 -8
31 5 -1
31 30 -3
32 57 4
32 58 7
32 6 1
32 36 2
32 75 -1
32 35 6
32 49 -4
32 29 -7
32 77 2
32 22 1
32 50 -8
32 53 -6
32 30 -1
32 33 8
32 70 -1
32 63 -7
32 71 2
32 20 5
32 24 -5
32 43 9
32 48 4
32 38 2
32 64 -7
32 17 3
32 2 -7
32 62 -4
32 51 -6
32 39 -5
32 66 5
32 47 7
32 25 7
32 45 9
32 69 4
32 21 -9
32 0 -7
32 4 -2
32 26 -2
32 16 9
32 78 0
32 5 -8
32 44 -9
32 74 1
32 18 -5
32 55 5
32 59 -7
32 60 0
32 73 -7
32 9 6
32 12 7
32 27 9
32 67 -9
32 52 -4
32 76 9
32 31 8
32 72 -2
32 68 -1
32 46 5
32 41 8
32 34 7
32 13 -1
32 8 4
32 23 -5
32 10 9
32 54 -6
32 7 -4
33 69 -9
33 42 -8
33 30 3
33 73 -6
33 29 -6
33 65 8
33 20 -2
33 1 -9
33 47 -7
33 10 8
33 3 -6
33 46 1
33 78 4
33 67 -2
33 22 -7
33 38 -7
33 28 6
33 60 6
33 0 2
33 71 7
33 7 1
33 23 1
33 25 8
33 24 5
33 56 -6
33 41 -9
33 63 -6
33 37 -1
33 72 -8
33 53 1
33 26 7
33 12 3
33 27 -5
33 55 6
33 62 2
33 64 -2
33 52 2
33 31 5
33 49 3
33 61 -5
33 13 -4
33 45 6
33 75 9
33 14 -2
33 9 7
33 35 -6
33 54 6
33 66 -7
33 43 6
33 59 9
33 51 -3
33 15 3
33 19 -1
33 21 3
33 70 -5
33 48 8
33 34 1
33 5 -7
33 74 6
33 8 -1
33 17 8
33 39 -9
34 31 8
34 42 -1
34 13 -3
34 37 -4
34 47 -6
34 58 -1
34 36 -6
34 17 7
34 74 0
34 20 -9
34 15 -9
34 23 0
34 38 -2
34 19 -6
34 1 8
35 43 -2
35 21 0
35 7 1
35 59 5
35 70 -4
35 51 6
35 56 5
35 15 -4
36 70 9
36 46 -1
36 10 -9
36 29 -6
36 25 9
36 33 6
36 3 5
36 28 0
36 53 9
36 8 -1
36 59 -7
36 38 -1
36 9 5
36 34 -5
36 71 -4
36 7 5
36 26 2
36 15 0
36 64 9
36 50 -9
36 67 -4
36 74 2
36 55 3
36 48 8
36 65 -9
36 66 -6
36 11 5
36 35 -1
36 73 -1
36 63 6
36 72 9
36 18 1
36 76 -7
36 14 -7
36 54 9
36 24 4
36 75 3
36 58 -9
36 62 9
36 16 4
36 31 -5
36 21 -3
36 44 3
36 52 6
36 69 -3
36 41 -1
36 5 9
37 46 -9
37 67 1
37 52 0
37 29 9
37 0 2
37 78 3
37 44 -6
37 47 -5
37 2 7
37 16 2
37 5 6
37 54 4
37 28 -8
37 11 1
37 35 -3
37 9 6
37 74 6
37 10 -7
37 61 0
37 20 0
37 27 4
37 55 -5
37 75 -1
37 19 -6
37 22 1
37 49 4
37 38 -4
37 21 -7
37 31 -7
37 17 3
37 50 -1
37 24 7
37 76 0
37 15 -5
37 8 9
37 66 -1
37 12 -6
37 36 -1
37 34 8
37 14 -6
37 13 9
37 53 -3
37 3 9
37 25 -7
37 59 -2
37 60 6
37 6 2
37 39 4
37 68 4
37 33 5
37 43 6
37 58 -6
37 62 -6
37 32 -8
37 48 6
37 45 1
37 42 0
37 72 -7
37 70 -9
37 77 7
37 56 -5
37 30 1
37 69 -1
38 69 -3
38 53 -6
38 39 -3
38 78 2
38 26 -4
38 16 9
38 66 -1
38 49 -6
38 35 -7
38 52 5
38 1 -5
38 60 1
38 71 5
38 56 8
38 32 6
38 55 8
38 23 9
38 75 -6
38 19 3
38 27 -2
38 36 4
38 30 8
39 58 5
39 30 5
39 12 -2
39 0 7
39 3 2
39 71 -7
39 62 9
39 28 8
39 8 -4
39 26 8
39 68 2
39 59 -9
39 6 0
39 75 8
39 76 -2
39 70 4
39 78 -6
39 73 -9
39 35 4
39 20 0
39 5 -3
39 74 8
39 10 5
39 2 0
39 66 -6
39 4 1
39 29 9
39 57 -3
39 31 -1
39 46 -9
39 47 4
39 34 -1
39 21 3
39 25 4
39 44 4
39 7 1
39 23 0
39 65 -8
39 51 -8
39 40 -2
39 60 5
39 16 7
39 13 9
39 27 9
39 32 -3
39 45 5
39 15 1
39 61 -8
39 19 7
39 41 0
39 49 -3
39 72 3
39 50 2
39 24 3
39 55 1
39 67 0
39 64 5
39 1 -1
39 53 -7
39 9 -3
39 63 -1
39 54 -4
39 22 9
39 42 -7
39 33 8
39 36 9
39 43 4
39 38 -5
39 37 -9
39 52 7
39 48 -8
39 18 3
39 11 -3
39 77 -1
39 14 -3
39 56 8
39 69 -1
40 5 1
40 36 8
40 7 -9
40 8 -7
40 1 2
40 56 -6
40 52 7
40 75 5
40 48 -7
40 62 5
40 12 5
40 50 1
40 0 -5
40 67 -3
40 71 -3
40 43 -3
40 76 4
40 69 -8
40 70 6
40 60 -9
40 37 3
40 27 -8
40 47 -4
40 57 2
40 18 -5
40 23 9
40 66 8
40 9 5
40 73 8
40 31 -7
40 74 -3
40 30 7
40 63 7
40 46 -6
40 21 -2
40 53 -8
40 22 9
40 28 -1
40 61 4
40 26 -8
40 19 -8
40 78 5
40 6 -4
40 17 -7
40 4 -1
40 41 1
40 34 6
40 15 -6
40 29 3
40 49 -9
40 77 -8
40 65 -4
40 25 1
40 13 -9
40 20 5
40 51 -2
40 32 5
40 68 5
40 59 2
40 3 -9
40 42 -3
41 69 7
41 48 5
41 40 4
41 23 -5
41 43 4
41 71 -5
41 60 -6
41 55 -8
41 10 5
41 46 8
41 24 4
41 38 -2
41 62 7
41 2 -1
41 54 -9
41 27 -2
41 72 -1
41 9 -7
41 1 8
41 58 3
41 70 0
41 13 -2
41 74 1
41 12 2
41 77 -7
41 42 -3
41 56 -4
41 44 1
41 73 2
41 67 6
41 57 -4
41 11 -6
41 64 -2
41 21 7
41 26 2
41 50 -1
41 8 9
41 5 1
41 47 -6
41 31 8
41 36 4
41 7 4
41 37 -9
41 22 5
41 0 -8
41 30 -1
41 6 8
41 78 2
41 75 2
41 25 2
41 51 8
41 17 -4
41 65 0
41 53 7
41 3 5
41 33 -8
41 20 5
41 49 -7
41 4 -8
41 66 -1
41 32 -5
41 59 8
41 14 7
41 76 -1
41 63 -5
41 19 3
41 28 9
41 18 4
41 16 4
41 29 3
42 33 -4
42 72 8
42 66 7
42 31 0
42 73 5
42 1 6
42 32 3
42 19 4
42 25 9
42 63 8
42 54 -2
42 0 -5
42 45 -8
42 2 2
42 77 -2
42 8 -6
42 64 1
42 9 9
42 16 2
42 35 -3
42 71 -4
42 52 -4
42 61 -4
42 30 -6
42 11 -6
43 31 -5
43 40 7
43 55 -3
43 18 8
43 4 8
43 60 -9
43 51 2
43 59 -5
43 25 -3
43 29 -3
43 74 -3
43 28 -6
43 58 1
43 48 2
43 66 -9
43 42 4
43 23 2
43 64 -2
43 54 -1
43 32 -7
43 77 5
43 34 7
43 12 3
43 5 -2
43 22 -4
43 26 9
43 78 -1
43 69 6
43 17 -5
43 63 -4
43 19 -7
43 71 -7
43 53 7
43 65 8
43 76 6
43 62 1
43 9 -8
43 39 5
43 70 9
43 75 -5
43 3 3
43 8 -9
43 41 3
43 35 2
43 11 3
43 47 -3
43 20 -6
43 68 5
43 72 -3
43 36 0
43 16 -8
43 57 -3
43 6 1
43 44 4
43 15 -9
43 33 -1
43 38 -9
43 49 -1
43 30 7
43 2 -7
43 52 -2
43 50 -2
43 56 -4
44 48 0
44 76 5
44 56 -1
44 40 -9
44 31 -1
44 20 1
44 53 5
44 50 9
44 26 -8
44 2 8
44 8 0
44 28 2
44 37 -5
44 42 -9
44 45 7
44 58 3
44 60 -5
44 41 8
44 70 9
44 1 1
44 12 7
44 17 9
44 15 6
44 71 -7
45 29 -5
45 0 -7
45 77 8
45 31 0
45 74 -5
45 21 -7
45 60 1
45 64 -6
45 68 -5
45 18 8
45 40 -6
45 62 8
45 19 -1
45 34 -4
45 65 3
45 32 6
45 70 -4
45 49 -1
45 12 -2
45 13 -8
45 6 4
45 8 4
45 59 -7
45 36 -5
45 50 -6
45 30 -1
45 69 -3
45 10 -5
45 51 2
45 66 7
45 2 6
45 63 1
45 33 9
45 16 9
45 14 -7
45 61 -9
45 22 -3
45 54 1
45 3 9
45 38 6
45 25 -4
45 76 0
45 9 2
45 4 -7
45 42 -3
45 78 4
45 46 5
45 44 0
45 55 8
45 15 9
45 20 -7
45 57 -8
45 28 -8
45 71 0
45 39 5
45 11 6
45 67 7
45 7 -1
45 26 2
45 23 5
45 43 -5
45 41 9
46 23 -2
46 66 8
46 77 -2
46 60 -7
46 76 -2
46 53 -5
46 62 8
46 55 -3
46 2 -1
46 50 -2
46 59 0
46 17 -6
46 31 -5
46 39 9
46 64 -7
46 43 3
46 51 8
46 68 6
46 58 -2
46 35 -5
46 69 -6
46 71 6
46 25 -9
46 22 7
46 47 -1
46 16 -1
46 38 -7
46 26 -8
46 36 4
46 19 -6
46 44 -6
46 1 2
46 74 2
46 70 8
46 9 -5
46 20 -8
46 0 1
46 32 -6
46 67 -5
46 10 7
46 52 7
46 24 7
46 3 -4
46 18 5
46 11 6
46 4 4
46 27 1
46 7 -8
46 5 3
46 15 3
46 14 8
46 63 -7
46 28 -1
46 54 -4
46 48 -8
46 61 1
46 49 0
46 78 -6
46 65 2
46 40 -4
46 6 -6
46 56 -4
46 34 8
46 37 8
47 37 -9
47 33 -3
47 23 -6
47 5 -9
47 8 -8
47 76 -8
47 22 2
47 62 1
47 77 8
47 34 -7
47 44 -4
47 43 2
47 56 -4
47 16 -4
47 41 -4
47 72 3
47 61 1
47 55 5
47 25 -6
48 35 -6
48 3 -8
48 38 7
48 41 -7
48 24 1
48 34 -4
48 29 3
48 43 4
48 39 2
48 61 -1
48 26 1
48 65 -7
48 10 -7
48 47 7
48 14 -7
48 18 7
48 70 2
48 32 6
48 44 -7
48 37 -2
48 16 7
48 13 -1
48 75 -9
48 6 -9
48 68 7
48 2 -7
48 31 -1
48 50 5
48 58 0
48 54 -1
48 27 -3
48 77 -5
48 59 -3
48 71 -3
48 17 -7
48 49 -9
48 40 3
48 56 -2
49 37 4
49 72 -3
49 10 -5
49 25 8
49 60 -8
49 19 -7
49 31 -6
49 41 5
49 26 0
49 75 -3
49 71 -3
49 44 6
49 40 1
49 53 -2
49 55 -2
49 63 -1
49 66 5
49 7 -5
49 12 -8
49 76 -4
49 59 3
49 39 -9
49 33 4
49 20 8
49 9 -9
49 36 -5
49 77 5
49 68 -7
49 28 3
49 69 -6
49 51 2
49 58 9
49 0 -6
49 21 -6
49 74 -6
49 29 -7
49 64 -5
49 16 9
49 30 -3
49 32 -8
49 18 -2
49 67 -6
49 62 -6
49 46 -3
49 27 8
49 11 6
49 5 -9
49 17 -6
49 2 -2
49 48 -9
49 78 7
49 56 -9
49 13 -2
49 15 -3
49 52 -8
49 8 -6
49 34 -1
49 14 6
49 1 -3
50 67 2
50 74 8
50 23 5
50 75 -3
50 35 0
50 20 5
50 63 -4
50 54 -2
50 43 -4
50 3 -5
50 52 9
50 40 9
50 15 -9
50 77 0
50 42 1
50 38 6
50 49 5
50 26 -2
50 69 5
50 19 -3
50 39 -9
50 71 9
50 51 -2
50 37 -4
50 44 0
50 53 -9
50 70 -1
50 78 -5
50 28 -3
50 59 7
50 31 9
50 6 0
50 5 8
50 68 4
50 60 2
50 18 5
50 73 9
50 32 8
50 11 -9
50 24 -4
50 64 -7
50 4 4
50 21 1
50 58 -6
50 0 8
50 27 -7
50 56 3
50 47 -2
50 61 3
50 7 -4
50 66 -5
50 9 9
50 22 -5
50 41 2
50 13 -2
50 17 -7
50 34 -8
50 57 3
50 72 7
50 62 5
50 29 -5
50 16 0
50 55 4
50 25 0
50 65 6
50 46 -4
50 33 -1
50 10 3
50 36 -3
50 45 9
50 76 -5
50 2 -1
50 14 -2
51 75 -1
51 67 5
51 8 1
51 2 5
52 47 -7
52 73 -6
52 8 -1
52 45 -8
52 28 -6
52 36 2
52 34 2
52 58 5
52 32 5
52 71 6
52 19 -1
52 0 4
52 31 1
52 26 -9
52 48 -5
52 5 -5
52 38 -9
52 66 -5
52 10 -8
52 29 4
52 9 3
52 6 -4
52 57 -1
52 44 -5
52 24 -1
52 69 4
52 39 4
52 70 8
52 14 -8
52 21 0
52 2 8
52 49 -6
52 1 1
52 61 2
52 55 -7
52 72 1
52 27 -9
52 3 1
52 43 7
52 46 3
52 20 -9
52 74 -3
52 33 -2
52 18 3
52 17 -1
52 16 -5
53 1 -4
53 34 -4
53 62 0
53 12 9
53 52 5
53 7 9
53 74 9
53 14 3
53 65 5
53 33 3
53 41 7
53 47 7
53 3 0
53 17 2
53 24 8
53 2 -5
53 19 -4
53 70 -4
53 5 -9
53 61 8
53 30 -1
53 15 -6
53 71 1
53 27 -7
53 11 5
53 56 8
53 45 -1
53 54 -3
53 51 5
53 77 7
53 60 8
54 18 3
54 32 0
54 40 5
54 4 4
54 41 3
54 23 9
54 39 7
54 26 -7
54 76 -2
54 30 4
54 58 -1
54 78 2
54 1 -2
54 9 -3
54 3 8
54 59 -5
54 10 -1
54 65 1
54 74 3
54 35 -5
54 15 3
54 19 6
54 73 -7
54 13 -3
54 2 -5
54 71 2
54 36 -6
54 57 1
54 63 -5
54 46 8
54 25 0
54 21 -2
54 70 -9
54 61 -7
54 72 1
54 17 6
54 29 -2
54 62 -9
54 68 2
54 48 0
54 69 -8
54 42 -4
54 14 9
54 44 8
54 27 -8
54 8 2
54 34 5
54 67 1
54 16 -1
54 64 -7
54 49 0
54 38 4
54 11 9
54 75 -5
54 66 -5
54 53 0
54 77 4
54 12 1
54 37 7
54 33 4
54 51 0
54 47 -5
54 0 -5
54 50 5
54 20 3
55 42 5
55 63 -7
55 68 5
55 17 -4
55 29 0
55 18 -2
55 71 -4
55 16 -1
55 67 -7
55 14 -6
55 35 -7
55 4 8
55 69 5
55 22 4
55 72 1
55 77 2
55 44 6
55 62 -3
55 51 6
55 19 3
55 32 -3
55 45 -5
55 24 0
55 50 8
55 46 7
55 78 0
55 30 -4
55 47 -6
55 73 8
55 10 9
55 56 -4
55 23 -8
55 48 4
55 0 -3
55 60 4
55 41 -4
55 65 -3
55 58 -5
55 20 -9
55 43 -9
55 52 5
56 62 1
56 41 -9
56 75 -5
56 53 -3
56 74 -8
56 42 -9
56 5 -3
56 1 6
56 59 7
57 74 0
57 1 -8
57 62 2
57 42 -5
57 39 8
57 40 -8
57 52 0
57 65 0
57 63 -1
57 32 -4
57 25 -5
57 41 0
57 46 -4
57 37 1
57 15 3
57 61 5
57 75 -6
57 12 -1
57 47 6
57 28 -6
57 51 6
57 50 8
57 59 -1
57 13 0
57 31 -1
57 23 3
57 68 0
57 14 -5
57 53 4
57 29 7
57 33 2
57 58 -6
57 38 4
57 67 3
57 0 9
57 64 -4
57 21 0
57 44 9
57 45 6
57 30 5
57 17 6
57 70 0
57 19 2
57 49 -1
57 56 4
57 16 5
57 5 -3
57 55 9
57 48 -3
57 54 -7
57 10 9
57 6 -6
57 71 -6
57 2 6
57 66 9
57 76 -7
57 8 -2
57 9 -4
57 43 1
57 35 -9
57 22 -3
57 4 5
57 3 7
57 11 -1
57 69 -8
57 18 -8
57 34 9
57 24 -4
57 26 -1
57 77 -8
57 72 6
58 46 -3
58 31 -4
58 61 2
58 60 -9
58 17 5
58 19 3
58 55 -5
58 41 1
58 12 -7
58 24 3
58 38 -5
58 36 -4
58 52 -5
58 23 -9
58 44 -2
58 75 5
58 5 8
58 43 -5
58 35 5
58 59 7
58 77 -3
58 2 -8
58 22 2
58 63 -3
58 66 3
58 72 -2
58 33 -3
58 34 -7
58 7 -8
58 26 -1
58 40 -8
58 65 3
58 18 -7
58 57 9
58 37 -5
58 76 5
58 13 8
58 14 -3
58 48 2
59 57 1
59 32 -7
59 9 2
59 72 0
59 74 8
59 68 8
59 31 6
59 6 7
59 8 -4
59 41 5
59 39 -9
59 69 -3
59 18 -1
59 45 -5
59 50 -6
59 35 2
59 44 -3
59 43 7
59 54 5
59 25 -5
59 66 7
59 49 1
59 1 7
59 37 5
59 58 8
59 62 5
59 78 -2
59 15 5
59 67 2
59 56 9
59 48 6
59 26 5
59 61 -2
59 27 -2
59 38 -3
59 23 -3
59 0 7
59 14 -3
59 53 -2
59 55 6
59 46 -3
59 22 9
59 13 9
59 19 -7
59 28 0
59 21 -8
59 33 -1
59 24 3
59 40 4
60 30 -5
60 35 -5
60 77 -7
60 17 -7
60 34 3
60 61 -4
60 7 0
60 9 -7
60 49 -2
60 66 -2
60 53 8
60 47 -4
60 11 6
60 71 -4
60 32 9
60 27 8
60 25 9
60 74 -1
60 24 2
60 23 -6
60 41 -4
61 48 9
61 47 -8
61 57 9
61 68 5
61 50 9
61 8 5
61 44 9
61 6 -6
61 2 -1
61 67 2
61 76 5
61 25 1
61 55 2
61 70 8
61 52 -8
61 36 -9
61 14 2
61 4 9
61 59 5
61 60 -9
61 64 -5
61 56 9
61 28 3
61 12 9
61 33 -5
61 62 -1
61 31 7
61 38 -2
61 10 -7
61 27 5
61 77 -9
61 23 -5
61 24 3
61 29 4
61 37 8
61 74 5
61 72 -1
61 35 1
61 46 9
61 11 4
61 16 2
61 20 -1
61 73 -9
61 7 2
61 43 1
61 34 -1
61 3 -7
61 21 4
61 66 -1
61 63 -6
61 13 -1
61 1 1
61 39 1
61 71 8
61 19 7
61 40 1
61 15 8
61 26 -3
61 32 -1
61 45 -4
62 78 1
62 28 0
62 77 9
62 1 9
62 9 -3
62 10 8
62 51 -9
62 31 7
62 73 5
62 19 -4
62 18 9
62 55 6
62 8 4
62 68 -8
62 15 -4
62 43 -6
62 60 -5
63 61 -9
63 9 -6
63 68 7
63 8 -4
63 11 9
63 71 4
63 21 -6
63 58 2
63 20 7
63 24 9
63 53 5
63 60 -9
63 15 8
63 39 8
63 30 5
63 0 -6
63 48 7
63 77 2
63 41 5
63 78 -3
63 17 -9
63 42 -4
63 67 2
63 46 -1
63 69 -4
64 21 -9
64 50 6
64 57 2
64 32 0
64 41 2
64 38 -6
64 43 -6
64 25 -6
64 46 6
64 11 8
64 0 -1
64 70 -3
64 34 -8
64 65 -4
64 36 -9
64 72 3
64 47 0
64 8 -3
64 13 -9
64 54 -9
64 9 5
64 24 -4
64 18 8
64 19 -5
64 31 1
64 29 4
64 42 7
64 71 8
64 28 0
64 63 -4
64 39 -9
64 68 -5
64 35 0
64 37 5
64 15 -9
64 74 -2
64 52 7
64 27 9
64 45 -7
64 49 -7
64 1 -5
64 75 6
64 7 -4
64 40 -5
64 12 -3
64 53 1
64 73 7
64 66 0
64 17 -3
64 33 -5
64 20 2
64 2 1
64 5 -8
64 58 -6
64 16 6
64 55 -5
64 23 -4
64 48 6
64 51 -3
64 69 -4
64 4 4
64 6 -7
64 14 1
64 59 -6
64 22 3
64 67 -3
65 64 9
65 13 -8
65 43 5
65 72 6
65 36 4
65 46 -5
65 51 9
65 32 6
65 39 -5
65 27 8
65 67 -5
65 15 7
65 40 0
65 54 -7
65 53 -4
65 47 -2
65 55 -3
65 38 1
65 17 -4
65 70 -5
65 71 2
65 49 -3
65 60 2
65 25 3
65 42 4
65 41 -3
65 12 -7
65 4 4
65 6 -8
65 8 0
65 50 2
65 48 -8
65 18 -9
65 63 -3
65 26 2
65 35 6
65 1 3
65 76 8
65 29 -5
65 0 -8
66 4 2
66 70 -2
66 55 6
66 24 5
66 38 8
66 12 -1
66 13 1
66 31 4
66 42 3
66 73 0
67 38 3
67 54 -5
67 26 9
67 71 6
67 34 5
67 2 -2
67 41 -8
67 33 1
67 4 -8
67 59 9
67 42 2
67 39 -1
67 13 -5
67 55 8
67 74 0
67 47 0
67 61 -4
67 7 1
67 1 -2
67 0 2
67 64 -7
67 62 -6
67 32 0
67 3 -1
67 75 -3
67 63 2
67 36 1
67 66 1
67 52 4
67 37 7
67 68 3
67 14 -3
67 78 8
67 8 -6
67 28 7
67 45 -9
67 48 5
67 18 1
67 16 -8
67 19 0
67 12 -2
67 43 -8
67 35 2
67 50 -3
67 69 0
67 23 -4
67 29 2
67 25 6
67 77 -3
67 70 -9
67 56 -8
67 17 5
67 5 4
67 51 -8
67 76 5
67 58 6
67 11 5
67 21 -3
67 46 -1
67 27 -3
67 72 -3
67 57 -5
67 24 7
67 49 -5
67 65 -9
67 15 9
67 22 -8
67 60 -8
67 9 -5
67 10 -9
67 73 8
68 56 4
68 53 4
68 62 -7
68 41 -9
68 69 8
68 18 3
68 61 7
68 74 -4
68 1 -1
68 10 -3
68 17 -2
68 29 3
68 37 5
68 40 0
68 49 2
68 59 -4
68 33 9
68 60 8
68 71 -7
68 28 2
68 77 4
68 3 -5
68 42 4
68 8 -9
68 46 3
68 44 2
68 63 1
68 54 6
68 21 6
68 35 -9
68 70 -8
68 43 -6
68 50 -3
68 55 -8
68 12 -9
68 14 -4
68 52 2
68 38 2
68 64 -6
68 30 -3
68 7 5
68 6 -2
68 75 6
68 67 -6
68 20 8
70 56 -1
70 71 -7
70 73 4
70 18 -2
70 51 2
70 17 4
70 10 -3
70 24 0
70 28 4
70 50 -6
70 67 -5
70 49 -2
70 8 1
70 0 4
70 72 -3
70 19 -7
70 3 -1
70 69 8
70 47 4
70 1 2
70 77 5
70 30 3
70 5 8
70 74 -9
70 40 0
70 65 2
70 42 9
70 48 -7
70 33 -3
70 21 1
70 63 6
70 7 5
70 53 -2
70 68 1
70 37 9
70 26 -5
70 4 -2
70 78 -9
70 38 -5
70 25 -6
70 29 -5
70 27 -9
70 54 -2
70 66 -6
70 20 0
70 32 -4
70 14 3
71 52 4
71 4 -7
71 35 0
71 25 2
71 57 8
71 31 4
71 66 6
71 34 -9
71 37 0
71 47 -1
71 48 1
71 41 4
71 72 4
71 64 6
71 44 -4
71 13 -4
71 55 1
71 11 3
71 28 -6
71 54 -3
71 17 4
71 65 -9
71 42 4
71 7 3
71 8 0
71 67 6
71 10 -3
71 53 -1
71 46 2
71 2 -8
71 60 4
71 33 9
71 68 9
71 74 -8
71 30 -4
71 78 1
71 43 -4
71 5 6
71 19 -3
71 9 9
71 14 3
71 61 3
71 50 -1
71 21 0
71 45 -8
71 58 -5
71 20 5
71 23 -3
71 36 4
71 77 -5
71 70 -7
71 38 3
71 15 4
71 3 5
71 59 -5
71 6 5
71 51 4
71 12 -4
72 24 9
72 15 5
72 32 3
72 21 6
72 44 4
72 29 -5
72 38 9
72 37 -3
72 0 -6
72 62 -7
72 18 -9
72 36 -5
72 17 -8
72 1 2
72 22 -5
72 70 4
72 56 -5
72 35 2
72 16 -4
72 54 9
72 28 1
72 34 -9
72 6 4
72 13 -9
72 77 3
72 46 9
72 11 6
72 25 3
72 5 8
72 23 -4
72 30 3
72 51 -7
72 7 7
72 73 -3
72 75 -7
72 14 -7
72 60 5
72 10 -8
72 47 -4
72 69 -8
72 63 5
72 27 -4
72 49 -3
72 76 -6
72 74 1
72 55 9
72 4 -5
72 53 -8
72 45 1
72 68 -4
72 64 -7
72 58 9
72 2 -4
73 12 9
73 10 -6
73 34 0
73 24 7
73 1 -7
73 23 -6
73 70 -3
73 49 8
73 26 -1
73 45 5
73 65 3
73 68 4
73 28 -3
73 9 -6
73 5 -1
73 75 -6
73 66 -6
73 42 -9
73 33 2
73 22 -3
73 13 0
73 69 7
73 74 -5
73 17 4
73 11 -5
73 63 1
73 29 3
73 61 -9
73 6 7
73 53 -5
73 8 -7
74 0 3
74 71 -7
74 69 8
74 45 -5
74 36 -9
74 9 3
74 18 -4
74 53 5
74 32 -8
74 2 -5
74 6 -5
74 70 -5
74 31 -9
74 8 6
74 66 -3
74 61 -4
74 75 4
74 29 1
74 1 0
74 57 4
74 55 -5
74 48 -1
74 49 9
74 14 3
74 42 1
74 3 -9
74 50 2
74 30 -5
74 78 1
74 17 -1
74 39 0
74 59 -1
74 28 -1
74 72 7
74 33 -3
74 15 2
74 63 -2
74 23 9
74 22 7
74 43 -9
74 19 -1
74 52 0
74 65 1
74 21 6
74 26 -9
74 51 5
74 4 6
74 12 -9
74 64 -4
74 62 -3
74 25 3
74 54 0
74 56 4
74 10 1
74 40 8
74 27 2
74 68 8
74 46 -9
74 13 -9
75 59 -9
75 22 -2
75 45 -6
75 18 9
75 42 1
75 37 2
75 71 -8
75 33 2
75 29 -3
75 15 8
76 68 -5
76 2 3
76 31 -3
76 35 8
76 50 1
76 39 -1
76 61 -6
76 9 8
76 43 3
76 17 -8
76 44 5
76 0 -8
76 12 0
76 6 -1
76 41 -9
76 13 6
76 58 -4
76 60 7
76 26 4
76 47 -7
76 7 -5
76 49 4
76 33 3
76 21 4
76 57 2
76 69 3
76 3 1
76 70 -6
76 54 -5
76 23 -4
76 4 0
76 16 -4
76 45 -7
76 15 -5
76 5 3
76 28 0
76 66 4
76 78 1
76 1 -1
76 27 -1
76 11 3
76 20 1
76 10 5
77 51 0
77 26 2
77 25 -9
77 37 8
77 33 -3
77 55 -8
77 18 0
77 40 -3
77 21 0
77 42 8
77 30 0
77 39 4
77 78 2
77 74 2
77 9 5
77 57 -1
77 72 1
77 47 -2
77 52 7
77 67 4
77 59 8
77 48 1
77 63 -6
77 65 9
77 71 2
77 8 -7
77 4 9
77 6 0
77 69 -8
77 28 5
77 7 -9
77 3 -2
77 73 6
77 23 -2
77 16 9
77 34 0
77 46 8
77 27 -8
77 49 7
77 19 -6
77 32 5
77 53 7
77 5 -3
77 17 7
77 35 -2
77 45 -3
77 2 -3
77 11 -2
77 54 -7
77 20 -6
77 38 9
77 0 6
77 22 -1
77 14 -3
77 36 0
77 31 -3
77 66 -7
77 15 9
77 64 3
78 40 5
78 10 -9
78 48 -5
78 12 -1
78 70 6
78 45 2
78 53 0
78 28 -7
78 33 -9
78 65 3
78 67 6
78 0 -6
78 42 -5
78 30 -9
78 54 9
78 77 1
78 25 2
78 11 5
78 24 -6
78 13 7
78 39 -3
78 51 -2
78 32 1
78 74 9
78 76 -1
78 37 -6
78 14 -3
78 20 -2
78 58 2
78 64 -4
78 75 4
78 16 8
78 61 8
78 62 -1
78 43 2
78 1 6
78 49 1
78 69 1
78 46 3
78 19 -4
78 47 9
78 26 7
78 31 -6
78 7 9
78 23 -4
78 29 1
78 71 -8
78 8 -6
78 63 1
