83
3249
true
0 42 0
0 46 -4
0 34 4
0 8 7
0 17 -9
0 50 8
0 61 -8
0 55 -5
0 12 -6
0 77 2
0 76 -8
0 69 1
0 27 -6
0 7 0
0 39 7
0 68 1
0 67 9
0 58 -8
0 64 -9
0 1 -7
0 9 -8
0 35 -1
0 14 1
0 71 5
0 59 6
0 53 1
0 40 -5
0 33 -3
0 18 3
0 62 -8
0 29 -9
0 22 9
0 81 -9
0 78 -4
1 8 1
1 19 0
1 56 2
1 57 -3
1 60 -5
1 32 -3
1 72 6
1 28 -3
1 62 8
1 63 5
1 23 3
1 16 -1
1 79 9
1 41 -1
1 80 -1
1 51 6
1 48 -3
1 69 -5
1 38 9
1 12 -1
1 45 -2
1 82 9
1 20 -9
1 36 -4
1 31 -5
1 26 4
1 52 4
1 75 6
1 35 -1
1 44 -5
1 59 -2
1 61 -6
1 78 8
1 65 -9
1 7 -8
1 40 -8
1 24 -7
1 73 -9
1 25 4
1 15 3
1 76 8
1 66 8
1 13 -1
1 9 5
1 43 -7
1 55 8
1 0 2
1 6 -8
1 17 7
1 29 -6
1 74 -4
1 71 -8
1 54 -5
1 37 3
1 30 -1
1 4 4
1 64 0
1 33 9
1 18 1
1 11 -6
1 10 5
1 27 -7
1 5 -1
1 68 -1
1 58 6
1 46 1
1 70 7
1 34 2
1 49 -8
1 77 4
1 3 9
1 50 1
1 81 -6
2 36 -7
2 50 -4
2 5 -7
2 80 7
2 21 -8
2 53 -2
2 59 6
2 40 -3
3 66 3
3 81 7
3 11 -7
3 4 7
3 49 4
3 1 9
3 82 1
3 64 9
3 52 0
3 13 -1
3 24 4
3 79 3
3 14 8
3 10 -5
3 60 1
3 26 9
3 7 -8
3 41 -4
3 46 -6
3 58 -6
3 62 -6
3 8 7
3 45 -4
3 57 4
3 35 4
3 75 9
3 78 -5
3 73 -2
3 39 -5
3 37 6
3 63 -8
3 69 1
3 48 3
3 68 2
3 20 9
3 67 -6
3 33 2
3 29 1
4 23 3
4 32 -9
4 37 -4
4 76 6
4 58 2
4 66 -2
4 29 4
4 57 8
4 26 8
4 15 1
4 56 9
4 24 7
4 13 2
4 61 -7
4 55 7
4 21 -4
4 51 -1
4 44 -6
4 9 7
4 25 8
4 17 -9
4 72 1
4 38 4
4 6 -5
4 35 -1
4 20 -5
4 52 7
4 80 9
4 73 -2
4 53 1
4 82 -9
4 71 5
4 41 -7
4 28 -7
4 46 5
4 68 5
4 22 -5
4 54 -2
4 60 -4
4 12 -4
4 33 2
4 31 -2
4 77 -1
4 65 9
4 59 9
4 69 7
4 49 6
4 81 8
4 45 -3
4 34 7
4 18 -4
4 19 -7
4 67 -8
4 14 -7
4 48 5
4 74 -7
4 63 -4
4 2 -5
4 27 -4
4 5 8
4 0 -4
4 10 1
4 16 1
4 43 -6
4 39 0
4 3 6
4 50 -5
4 79 -6
4 11 3
4 7 -7
4 64 4
4 62 -9
4 30 -5
4 40 8
4 42 3
4 47 3
4 70 2
5 19 2
5 14 -5
5 73 -8
5 29 -7
5 48 -8
5 55 -4
5 78 8
5 49 7
5 52 8
5 42 -6
5 53 2
5 75 -9
5 36 1
5 30 8
5 69 -3
5 82 5
5 33 -1
5 0 5
5 45 2
5 54 -7
5 58 -7
5 34 3
5 32 1
5 11 -8
5 68 -8
5 66 8
5 4 2
5 46 0
5 18 9
5 63 -3
6 12 -5
6 34 -8
6 75 -3
6 20 8
6 82 3
6 24 1
6 65 2
6 13 2
6 35 -9
6 41 -7
6 37 0
6 8 -9
6 32 -6
6 27 -7
6 70 -3
6 68 9
6 2 -5
6 55 8
6 7 -8
6 77 5
6 51 8
6 3 -1
6 43 9
6 69 -8
6 72 1
6 71 1
6 45 5
6 76 -6
6 54 0
6 67 3
6 16 0
6 26 -8
6 4 -9
6 46 0
6 58 2
6 60 1
6 39 -8
6 21 -5
6 59 7
6 38 -3
6 81 1
6 56 -9
6 53 9
6 44 -6
6 40 0
6 22 4
6 1 -3
6 48 -9
6 15 -9
6 33 -2
6 57 -4
6 9 -9
6 18 -8
6 19 -4
6 10 4
6 66 -9
6 79 -1
6 50 -3
6 73 5
6 29 -6
6 61 8
7 35 -3
7 63 -4
7 42 8
7 39 7
7 68 -9
7 43 -7
7 67 1
7 69 5
7 25 -9
7 44 -6
7 49 3
7 13 2
7 19 -2
7 29 -6
7 57 5
7 78 -8
7 77 9
7 18 8
7 27 -8
7 40 3
7 15 -2
7 2 -5
7 62 -6
7 41 7
7 60 -6
7 37 2
7 46 -5
7 54 -7
7 48 -3
8 16 2
8 9 6
8 79 -3
8 66 -8
8 38 9
8 50 0
8 59 4
8 2 -5
8 61 -2
8 45 -8
8 25 -2
8 15 2
8 55 -4
8 35 1
8 65 -1
8 33 -3
8 58 4
8 57 -7
8 37 4
8 44 5
8 1 -1
8 10 2
8 43 -3
8 31 6
8 63 1
8 30 0
8 0 5
8 71 6
8 49 3
8 7 2
8 23 6
8 21 6
8 75 7
8 22 -8
8 72 4
8 80 -9
8 5 7
8 19 0
8 3 -3
8 18 5
8 6 -8
8 74 7
8 13 -9
8 36 0
8 62 -7
8 42 9
8 28 -9
8 39 -9
8 52 3
8 78 0
8 54 -9
8 32 8
9 22 -1
9 12 7
9 65 -2
9 28 -8
9 31 1
9 41 -3
9 0 0
9 44 6
9 73 -5
9 29 4
9 14 0
9 3 2
9 70 8
9 60 -8
9 39 7
9 50 -9
9 27 -3
9 69 -2
9 35 5
9 80 8
9 76 8
9 17 4
9 77 -3
9 33 9
9 32 5
9 19 -6
9 16 -9
9 51 5
9 8 9
9 20 5
9 38 5
9 79 7
9 81 -2
9 45 -3
9 56 -5
9 75 8
9 62 1
9 24 2
9 15 7
9 13 -8
9 78 -2
9 48 -8
9 43 8
9 46 -3
9 74 -4
9 21 -4
9 30 -7
9 58 -4
9 82 -1
9 42 -1
9 64 -4
9 53 0
9 7 7
9 55 -5
9 54 -4
9 34 9
9 6 1
9 61 2
9 25 6
9 57 -5
9 67 0
9 4 8
9 63 8
9 68 6
9 18 -4
9 2 -4
9 36 -4
9 47 -1
9 52 2
9 37 6
9 11 -2
9 26 3
9 5 4
10 43 -4
10 71 -5
10 4 8
10 35 -5
10 62 -9
10 44 6
10 24 8
10 78 -7
10 15 8
11 38 -6
11 80 -5
11 55 4
11 64 -4
11 18 -4
11 73 0
11 22 -9
12 54 3
12 13 -4
12 14 6
12 38 -1
12 77 -5
12 33 -6
12 25 -4
12 39 -9
12 59 -8
12 36 -4
12 19 0
12 34 -9
12 78 -9
12 57 8
12 41 -5
12 42 8
12 79 -5
12 47 -1
12 0 -8
12 35 -4
12 15 -5
12 28 -3
12 60 6
12 32 -1
13 81 -6
13 71 0
13 52 6
13 42 -4
13 28 -4
13 64 -9
13 36 9
13 53 0
13 74 -6
13 72 -9
13 47 -2
13 15 -5
13 63 -5
13 10 -5
13 44 5
13 23 6
13 51 7
13 2 7
13 65 7
13 40 0
13 73 6
13 66 -3
13 20 -6
13 75 -6
13 34 -6
13 37 2
13 58 5
13 7 5
13 54 5
13 80 0
13 48 5
13 69 4
13 19 4
13 26 5
13 78 1
13 33 -7
13 0 5
13 11 -4
14 72 -6
14 42 -2
14 13 -2
14 40 3
14 50 5
14 56 3
14 26 2
14 31 -9
14 11 -9
14 12 -4
14 82 -6
14 69 -2
14 38 6
14 15 -6
14 57 -6
14 1 -6
14 6 -9
14 80 5
14 52 1
14 46 4
14 17 6
14 71 -1
14 78 -6
14 65 -1
14 3 -3
14 4 -7
14 5 8
14 48 -6
14 62 2
14 34 -2
14 66 -2
14 68 2
14 70 9
14 21 -8
14 41 0
14 7 7
14 76 1
14 23 5
14 39 -8
14 79 -1
14 45 3
14 64 -4
14 61 8
14 73 -4
14 35 -6
14 63 -5
14 49 3
14 20 0
14 8 1
14 32 -4
14 47 3
14 22 -3
14 37 3
14 25 -8
14 33 3
14 54 4
14 77 8
14 29 -5
14 67 4
14 10 -9
14 74 6
14 44 9
14 30 5
14 18 -1
14 75 -8
14 2 8
14 59 8
15 40 4
15 18 1
15 68 -8
15 67 -3
15 25 3
15 39 -3
15 29 4
15 52 -9
15 62 2
15 45 2
15 63 -6
15 57 -1
15 3 5
15 26 7
15 46 5
15 4 -1
15 7 1
16 15 -9
16 49 -4
16 42 8
16 63 8
16 62 7
16 81 4
16 2 -3
16 70 -7
16 69 -9
16 6 -5
16 7 2
16 12 5
16 1 -6
16 34 1
16 38 1
16 8 -1
16 78 9
16 36 2
16 50 -3
16 32 -9
16 20 -9
16 28 2
17 14 -7
18 68 6
18 26 -1
18 42 8
18 58 3
18 11 -5
18 9 0
18 29 1
18 43 -6
18 76 -2
18 60 -2
18 38 -9
18 73 2
18 22 -4
18 67 1
18 16 1
18 14 -7
18 65 -4
18 24 -6
18 3 -2
18 75 9
18 54 4
18 7 -4
18 20 1
18 6 8
18 4 2
18 36 -6
19 54 0
19 5 -1
19 48 0
19 63 4
19 10 2
19 11 -7
19 52 -7
19 65 -6
19 25 -3
19 39 2
19 46 -3
19 29 3
19 22 0
19 36 -7
19 80 -1
19 57 8
19 68 -8
19 32 -4
19 0 8
19 74 -5
19 28 -2
19 82 -5
19 9 -7
19 34 6
19 30 -7
19 77 -3
19 20 -7
19 38 -3
19 79 1
19 71 -2
19 42 -4
19 66 8
19 40 8
19 64 -4
19 12 9
19 45 -4
20 53 4
20 81 6
20 2 -8
20 23 -3
20 45 8
20 70 -8
20 80 -5
20 43 -4
20 5 9
20 24 -4
20 69 -8
20 40 4
20 61 8
20 68 3
20 75 7
20 33 -8
20 74 -9
20 37 -4
21 25 0
21 72 2
21 49 7
21 59 -8
21 10 3
21 66 -8
21 41 4
21 80 8
21 44 2
21 14 1
21 67 4
22 77 -2
22 23 -5
22 79 -8
22 57 -2
22 4 8
22 56 8
22 39 3
22 71 3
22 1 -8
22 63 4
22 68 7
22 20 -7
22 0 4
22 64 -9
22 65 -7
22 14 3
22 40 -6
22 58 1
22 69 -1
22 34 -4
22 44 -6
22 38 8
22 25 -9
22 35 -1
22 33 -8
22 37 -7
22 7 1
22 53 -5
22 51 -9
22 27 7
22 66 2
22 28 -4
22 78 5
22 61 6
22 76 -4
22 54 9
22 62 2
22 36 3
22 74 -1
22 6 7
23 66 -6
23 8 0
23 18 3
23 54 -7
23 72 -1
23 63 4
23 22 0
23 24 -3
23 57 -8
23 55 -3
23 64 2
23 59 9
23 21 -3
23 67 0
23 12 -9
23 58 -7
23 10 -6
23 7 -8
23 70 4
23 45 4
24 56 2
24 45 9
24 74 -3
24 39 0
24 80 3
24 64 -9
24 67 -2
24 29 1
24 9 6
24 21 6
24 81 5
24 20 -3
24 27 -2
24 42 -7
24 7 5
24 38 2
24 50 -6
24 16 -7
24 35 -6
24 19 1
24 59 5
24 76 -7
24 10 9
24 31 1
24 18 5
24 73 -1
24 12 -4
24 54 8
24 14 -9
24 71 -8
24 22 -2
24 65 -7
25 73 7
25 46 7
25 53 2
25 0 2
25 63 4
25 48 -3
25 69 4
25 51 2
25 26 -7
25 76 0
25 41 3
25 68 -4
25 3 -1
25 80 -3
25 45 3
25 60 -3
25 36 -1
25 74 -3
25 19 -1
25 75 -7
25 27 -5
25 30 4
25 71 -7
25 31 -9
25 29 -5
25 52 6
25 9 -3
25 57 2
25 8 6
25 7 -1
25 59 -2
25 82 -4
25 37 -3
25 11 -1
25 24 -6
25 78 7
25 40 7
25 12 0
25 62 6
25 42 0
25 1 -4
25 81 5
25 2 5
25 61 1
25 79 0
25 66 -1
25 65 1
25 10 -9
25 55 1
25 39 0
25 56 -2
25 22 7
25 64 1
25 72 -8
25 16 1
25 35 -3
25 44 -3
25 14 -9
25 54 5
25 47 -5
25 38 0
25 32 5
25 28 2
25 17 -4
26 13 -2
26 79 8
26 25 6
26 38 -5
26 53 8
26 45 -4
26 70 8
26 80 -4
26 51 -5
26 47 2
26 29 4
26 44 -5
27 36 -3
27 17 -7
27 13 -3
27 48 5
27 11 -1
27 4 7
27 30 -9
27 32 -5
27 77 3
28 48 -7
28 24 2
28 32 5
28 71 6
28 77 -7
28 16 -9
28 52 -4
28 80 -3
28 49 4
28 1 2
28 17 6
28 10 7
28 82 -3
28 67 -2
28 78 9
28 31 -2
28 37 6
28 61 -9
28 50 -3
28 68 -2
28 15 -8
28 27 -7
28 22 -8
28 65 -6
28 39 7
28 79 3
28 58 8
28 81 -7
28 6 -6
28 62 9
28 43 8
29 56 -6
29 72 -9
29 76 5
29 42 -2
29 17 -5
29 39 8
29 69 5
29 60 -3
29 18 -6
29 12 2
29 15 -3
29 11 -7
29 36 -2
29 77 -6
29 71 -3
29 64 3
29 62 8
29 32 -9
29 40 6
29 78 1
29 5 2
29 4 1
29 25 3
29 6 1
29 81 5
29 74 -7
29 82 -8
29 57 -4
29 59 -8
29 19 4
29 70 -9
29 54 -2
29 63 -8
29 3 -5
29 67 4
29 44 -3
30 4 9
30 5 7
30 62 1
30 3 0
30 43 7
30 66 2
30 56 9
30 74 7
30 61 6
30 6 3
30 82 -6
30 20 -6
30 31 -2
30 15 9
30 33 -2
30 46 -8
30 75 -7
30 28 -5
30 2 -1
30 79 4
30 13 -3
30 64 -1
30 81 -9
30 19 0
30 54 -5
30 47 5
30 80 -8
30 17 -8
30 72 9
30 70 2
30 35 -8
30 7 3
30 55 6
30 10 -9
30 14 -9
30 77 -6
30 42 -7
30 32 4
30 68 -1
30 78 -3
30 1 9
30 37 -5
30 23 5
30 76 -6
30 16 -9
30 60 -6
30 11 6
30 38 4
30 52 9
30 22 -3
30 26 -1
30 71 -6
30 27 6
30 69 4
30 50 1
30 39 -9
30 67 0
30 29 -3
30 57 -5
30 25 7
30 48 -6
30 45 5
30 65 6
30 40 8
30 24 0
30 12 -4
30 0 -3
30 44 -6
30 51 -9
30 36 -3
30 18 7
30 63 -6
30 41 -6
30 58 -1
31 29 2
31 67 9
31 30 4
31 44 -8
32 61 8
32 27 6
32 52 7
32 30 -7
32 17 5
32 58 -5
32 81 4
32 49 3
32 78 1
32 47 -5
32 77 -9
32 51 0
32 18 4
32 46 -6
32 8 7
32 22 -9
32 9 2
32 12 -8
32 26 -7
32 34 -9
32 0 -9
32 29 9
32 31 6
32 25 3
32 24 9
32 71 4
32 74 -8
32 75 -4
32 40 -9
32 55 5
32 6 -2
32 33 0
32 10 -7
32 67 1
32 79 -3
32 45 -2
32 15 -4
32 80 4
32 16 0
32 21 7
32 43 9
32 66 -6
32 48 7
32 7 1
32 41 3
32 39 -9
32 70 -4
32 23 -3
32 72 -8
32 60 8
32 2 4
32 59 0
32 65 -9
32 1 9
32 64 9
32 56 9
32 50 4
32 54 4
32 63 3
32 69 3
32 82 -6
32 14 4
32 3 8
32 42 -6
33 62 -9
33 68 5
33 20 4
33 53 -5
33 71 -2
33 5 -4
33 2 6
33 13 -8
33 10 -5
33 48 -6
33 49 3
33 18 2
33 82 2
33 17 -5
33 30 -7
33 23 -7
33 43 3
33 56 6
33 81 -3
33 28 8
33 55 -4
33 79 -9
33 25 3
33 37 1
33 7 -1
33 42 5
33 58 -2
33 57 8
33 11 1
33 76 8
34 25 3
34 38 7
34 68 1
34 29 0
34 64 1
34 58 -7
34 50 2
34 43 3
35 60 -9
35 61 8
35 20 3
35 62 6
35 11 -8
35 65 -4
35 59 6
35 17 7
35 28 -3
35 40 -9
35 75 -6
35 67 -8
35 36 -4
35 66 7
35 6 -6
35 80 7
35 74 -4
35 47 5
35 26 -9
36 34 8
36 12 -5
36 53 -4
36 21 6
36 60 -6
36 48 3
36 82 9
36 37 -9
36 63 -5
36 19 8
36 51 -7
36 15 -6
36 16 9
36 76 -7
36 6 3
36 79 -8
36 73 -8
36 35 -9
36 72 -6
36 66 1
36 27 9
36 31 -4
36 78 0
36 7 7
36 2 7
36 0 -2
36 74 1
36 9 2
36 4 -3
36 17 -7
36 81 -5
36 52 -8
36 40 4
36 70 -5
36 23 -6
36 5 7
36 8 3
36 13 8
36 50 9
36 55 -4
36 44 4
36 71 9
36 49 7
36 67 -1
36 65 2
36 80 5
36 24 6
36 68 7
36 45 4
36 26 -1
36 58 2
36 10 -1
36 46 6
36 28 5
36 33 -4
37 28 6
38 64 6
38 51 -1
38 7 2
38 62 4
38 56 4
38 45 1
38 46 4
38 1 3
38 22 -9
38 72 -5
38 55 -3
38 53 5
38 58 0
38 36 3
38 23 6
38 20 4
38 10 3
38 70 6
38 2 -1
38 57 -6
38 43 6
38 81 -1
38 18 -6
38 35 -6
38 52 3
38 14 -4
38 25 4
38 33 4
38 74 -1
38 21 6
38 39 -6
39 70 3
39 49 -6
39 43 -5
39 40 2
39 33 0
39 78 4
39 35 1
39 30 -5
39 58 5
39 48 -8
39 3 7
39 8 6
39 74 2
39 25 -9
39 12 3
39 67 -1
39 47 -7
39 29 6
39 18 -2
39 51 6
39 2 4
39 46 9
39 75 3
39 6 3
39 5 1
39 55 -1
39 13 6
39 45 2
39 42 9
39 20 -1
39 68 -6
39 59 6
39 7 7
39 41 -8
39 21 3
39 4 7
39 14 8
39 37 1
40 60 -3
40 5 4
40 22 6
40 6 -4
40 75 0
40 49 -5
40 70 1
40 28 -1
40 76 -5
40 56 -5
40 73 -3
40 41 -5
40 77 -5
40 27 9
40 30 3
40 15 9
40 39 -2
41 44 -5
41 6 4
41 7 3
41 79 4
41 25 8
41 52 9
41 80 2
41 55 -2
41 57 -2
41 60 -2
41 72 4
41 29 4
41 12 -6
41 66 4
41 26 4
41 0 5
41 37 9
41 63 2
41 49 6
41 39 1
41 28 -7
41 78 9
41 19 6
41 11 8
41 18 0
41 50 7
41 69 6
42 50 -6
42 44 6
42 6 9
42 49 -6
42 14 -3
42 51 -6
42 79 1
42 7 -8
42 25 7
42 64 1
42 74 -3
42 38 6
42 68 -4
42 35 8
42 15 3
42 29 -3
42 59 1
42 43 8
42 17 -2
42 33 -5
42 19 -3
42 12 -1
42 52 -2
42 31 8
42 45 7
42 54 1
42 81 6
42 80 1
42 63 -2
42 10 2
42 36 0
42 55 -3
42 21 1
42 13 3
42 47 -4
42 71 0
42 5 -2
42 76 6
42 8 8
42 20 -5
42 46 -9
42 40 9
42 23 3
42 56 2
42 72 -7
42 4 9
42 27 6
42 41 3
42 60 5
42 30 9
42 82 6
42 78 -9
42 37 -5
42 57 -3
42 73 -8
42 18 -4
42 32 -7
42 24 -7
42 61 1
42 1 -9
42 53 -4
42 34 3
42 66 6
42 67 9
42 62 -8
42 58 -1
42 65 8
42 75 -7
42 70 -8
42 2 0
42 9 1
43 69 6
43 27 -9
43 39 -2
43 41 -5
43 19 2
43 24 9
43 82 -5
43 46 8
43 3 -3
43 15 -8
43 52 6
43 42 -1
43 77 5
43 20 1
43 40 -6
43 47 -2
43 58 -4
43 48 -7
43 60 1
43 25 -3
43 72 1
43 34 5
43 14 1
43 67 -4
43 64 4
43 2 0
43 38 5
43 11 9
43 7 1
43 62 -5
43 18 6
43 17 5
43 57 -2
43 22 -1
43 13 5
43 0 4
43 9 -2
43 31 4
43 68 -7
43 66 -8
43 10 2
43 71 -2
43 5 -2
43 74 8
43 79 1
43 65 -5
43 70 9
43 49 9
43 78 3
43 12 -7
43 80 -2
43 8 2
43 28 1
43 53 -6
43 51 -9
43 1 8
43 45 -2
43 33 0
43 54 7
43 61 -9
44 4 5
44 47 -5
44 82 -1
44 10 7
44 42 -4
44 57 -2
44 41 -5
44 78 -1
44 1 9
44 24 -4
44 73 4
44 36 5
44 22 -9
44 80 8
44 61 0
44 54 3
44 9 2
44 3 -8
44 51 -1
44 13 5
44 53 2
44 70 2
44 37 3
44 19 6
44 31 5
44 16 4
44 7 -3
44 75 -6
44 69 -3
44 29 4
44 15 2
44 17 -6
44 63 7
44 18 6
44 20 -9
44 46 0
44 48 3
44 27 4
44 65 3
44 67 7
44 72 9
44 74 -4
44 62 -2
44 45 -8
44 66 -1
44 8 6
44 5 2
44 56 7
44 0 5
44 76 -5
44 12 8
44 11 8
44 43 -8
44 23 -7
44 81 2
44 30 6
44 35 -5
44 77 8
44 32 -9
44 58 7
44 71 8
44 49 -6
44 64 8
44 68 -7
44 14 -8
44 28 -7
44 39 2
44 2 5
44 79 1
44 40 3
44 21 -6
44 25 9
44 59 5
44 52 9
44 38 -6
44 60 4
44 55 7
45 69 -3
45 53 0
45 11 2
45 52 2
45 12 -3
45 1 -7
45 24 -6
45 55 3
45 47 -3
45 17 5
45 73 -2
45 4 -2
45 34 5
45 10 -9
45 81 8
45 48 8
45 66 -8
45 22 -5
45 19 9
45 8 -8
45 49 0
45 77 -2
45 20 0
45 3 3
45 75 9
45 61 -9
45 72 -6
45 28 8
45 35 -7
45 33 6
45 64 0
45 82 -5
45 6 4
45 59 5
45 27 3
45 38 8
45 51 8
45 37 -9
45 0 3
45 13 -1
45 76 -4
45 65 2
45 54 -8
45 26 4
45 14 6
46 75 7
46 71 -5
46 52 8
46 47 -9
46 5 8
46 6 -4
46 61 -4
46 20 1
46 18 -5
46 51 2
46 28 2
46 3 4
46 32 -7
46 41 1
46 12 -7
46 36 -9
46 74 4
46 53 4
46 4 -7
46 8 -9
46 49 -8
46 82 -3
46 1 3
46 44 -5
46 27 -2
46 54 -8
46 25 -9
46 67 5
46 59 7
46 60 -8
46 79 -2
46 62 5
46 63 8
46 76 9
46 40 9
46 50 -3
46 33 6
46 31 8
46 34 6
46 37 -6
46 77 -4
46 14 -9
46 73 5
46 11 0
46 42 2
46 55 -1
46 81 2
46 66 -8
46 69 -5
46 2 2
46 56 -4
46 0 -3
46 19 -4
46 80 -2
46 15 -4
46 24 9
46 13 -5
46 57 -5
46 23 -6
47 67 2
47 5 8
47 57 9
47 43 -7
47 73 3
47 12 -7
47 74 2
47 77 -7
47 49 -1
47 1 -2
47 30 8
47 42 -5
47 25 8
47 54 -5
48 47 5
48 31 -6
48 37 -6
48 16 -1
48 50 1
48 23 -8
48 79 -3
48 20 4
48 58 -7
48 71 -4
48 8 -1
48 63 -5
48 42 -8
48 67 3
48 49 4
48 80 -9
48 27 8
48 59 4
48 70 4
48 32 3
48 74 2
48 3 -3
48 13 -7
48 72 -9
48 51 4
48 61 -2
48 34 -5
48 57 0
48 25 1
48 73 -4
48 18 0
48 4 8
48 21 8
48 35 -7
48 14 -2
48 5 1
48 17 -8
48 45 8
48 12 -5
48 44 8
48 28 -7
48 64 -5
48 19 7
48 77 -8
48 81 -2
48 26 -3
48 78 -7
48 11 7
48 6 3
48 43 -1
48 41 4
48 52 -7
48 0 0
48 10 8
48 82 1
48 1 7
48 2 -7
48 22 9
48 60 -2
48 69 1
48 36 4
48 24 3
48 46 -9
48 30 -8
48 7 -1
48 33 -4
48 62 -8
48 9 5
48 65 -3
48 76 -1
48 56 8
48 66 -8
48 75 -3
48 40 -8
48 68 -6
48 38 8
48 39 3
48 55 0
48 15 6
48 54 -6
48 53 -5
48 29 -9
49 16 8
49 31 7
49 22 1
49 76 4
49 14 5
49 27 -2
49 63 -6
49 62 9
49 12 -7
49 11 -9
49 81 -2
49 56 5
49 29 -1
49 55 9
49 23 -4
49 32 7
49 80 -5
49 17 4
49 5 7
49 40 -6
49 6 -9
49 61 3
49 72 -6
49 34 -6
49 78 5
49 33 6
49 79 5
49 1 8
49 54 -7
49 64 -2
49 45 -4
50 40 -1
50 41 1
50 61 -4
50 32 -7
50 79 -4
50 19 -2
50 67 -6
50 1 5
50 47 -6
50 58 -7
50 64 -5
50 65 7
50 14 6
50 80 -3
50 5 -5
50 45 8
50 16 -4
50 11 -9
50 75 -4
50 71 8
50 77 7
50 60 3
50 57 2
50 55 5
50 54 8
50 28 0
51 9 -3
51 59 4
51 34 -2
51 58 -6
51 81 7
51 61 1
51 56 1
51 71 -9
51 62 -6
51 17 1
51 41 -1
51 10 -5
51 21 -9
51 18 -3
51 29 4
51 78 -8
51 19 9
51 33 -7
51 38 1
51 43 -4
51 13 -1
51 50 -6
51 6 7
51 73 9
51 47 -3
51 30 3
51 75 5
51 48 -3
51 45 7
51 80 -5
51 74 -1
51 69 -2
51 57 -7
51 12 7
51 25 -5
51 1 6
51 67 -8
52 67 -2
52 1 5
52 11 -1
52 48 -6
52 41 1
52 71 1
52 57 0
52 12 5
52 3 -5
52 79 -6
52 60 -1
52 62 2
52 26 -6
52 82 3
52 33 8
52 75 -4
52 8 2
52 32 -5
52 2 -9
52 53 -4
52 38 2
52 74 4
52 15 9
52 73 -9
52 21 -4
52 43 -6
52 70 1
52 20 -9
52 36 -9
53 23 -9
53 1 -4
53 37 5
53 16 -1
53 15 -4
53 11 5
53 20 5
53 17 -5
53 24 0
53 62 8
53 9 -2
53 75 1
53 61 -4
53 57 1
53 28 5
53 47 -9
53 65 4
53 18 -4
53 4 7
53 68 -3
53 46 -3
53 10 -8
54 12 1
54 56 -4
54 76 5
54 16 6
54 33 -4
54 10 -3
54 19 9
54 52 -9
54 81 0
54 30 -6
54 60 1
54 43 5
54 79 -8
54 7 7
54 70 7
54 21 9
54 41 -9
54 8 4
54 39 7
54 23 -2
54 29 3
54 1 8
54 34 9
54 42 2
54 69 -8
54 11 3
54 6 -3
54 18 1
54 24 -1
54 0 -2
54 47 -2
54 61 -4
54 20 -5
54 27 -2
54 44 -4
54 75 -4
54 15 7
54 71 -7
54 13 -3
54 80 -4
54 9 -1
54 14 -6
54 62 4
54 68 0
54 38 7
54 55 3
54 31 8
54 64 2
54 22 1
54 4 -9
54 5 3
54 51 -1
54 77 -6
54 17 2
54 58 3
54 53 5
54 37 8
54 57 1
54 63 -2
54 48 -4
55 0 4
55 57 1
55 30 2
55 44 -3
55 7 -3
55 65 6
55 60 -5
55 6 -8
55 4 0
55 73 0
55 26 7
55 22 -8
55 51 0
55 58 6
55 66 -8
55 42 6
55 72 -4
55 40 4
55 24 3
55 43 -2
55 69 3
55 19 9
55 36 -3
55 9 -2
55 10 3
55 59 -7
56 4 4
56 80 2
56 39 -7
56 76 -3
56 23 7
56 59 1
56 16 -2
56 26 8
56 32 4
56 52 -4
56 65 0
56 29 -3
56 7 5
56 37 -7
56 15 9
56 9 7
57 77 -6
57 36 8
57 54 7
57 56 8
57 44 4
57 58 -3
57 69 4
57 67 -5
57 72 9
57 32 1
57 43 2
57 35 -6
57 81 8
57 64 8
57 82 -4
57 3 -9
57 47 1
57 60 -4
57 37 -1
57 12 8
57 38 6
57 22 -5
57 11 2
57 61 8
57 29 -9
57 63 3
57 14 3
57 40 -8
57 75 1
57 15 2
57 2 8
57 16 0
57 24 1
57 8 8
57 79 -5
57 18 -4
57 21 -7
57 23 -1
57 1 8
57 25 -4
57 28 5
57 45 0
57 59 -4
57 76 6
57 78 -6
57 13 -8
57 73 8
57 34 1
57 65 -9
57 55 -1
57 6 -8
57 68 -6
57 10 2
57 50 4
57 9 9
57 46 8
57 48 -7
57 66 -7
57 7 5
57 27 7
57 74 9
57 4 -6
57 41 -7
57 33 7
57 42 2
57 30 -2
57 5 2
57 51 -7
57 31 4
58 32 -5
58 41 -3
58 60 -6
58 55 2
58 35 4
58 51 -2
58 81 0
58 15 8
58 52 5
58 66 3
58 11 -1
58 22 3
58 3 -2
58 50 9
58 68 4
58 29 5
58 75 0
58 46 -2
58 5 -2
58 76 6
58 61 1
58 79 -6
58 57 6
58 17 -1
58 1 -7
58 40 7
58 62 6
58 2 -4
58 0 2
58 54 2
58 38 2
58 9 2
58 19 -1
58 77 -8
58 30 -6
58 8 5
58 48 1
58 34 1
58 44 -9
58 23 -7
58 27 8
58 74 0
58 12 6
58 6 4
58 80 1
58 7 2
58 70 1
58 26 9
58 73 -6
58 18 -2
58 47 1
58 24 -5
59 55 -5
59 75 1
59 69 -7
59 74 -4
59 26 -8
59 12 5
59 64 0
59 52 0
59 24 6
59 78 2
59 14 2
59 36 7
59 63 -6
59 33 -1
59 20 9
59 60 -7
59 2 0
59 8 6
59 54 -3
59 72 -5
59 19 6
59 65 1
59 31 7
59 79 5
59 4 3
59 38 -8
59 13 -8
59 49 -2
59 42 -1
59 3 -2
59 29 -5
59 68 0
59 43 7
59 37 -3
59 45 3
59 34 -6
59 18 -2
59 80 1
59 27 1
59 16 -6
59 47 9
59 51 9
59 9 -5
59 35 -6
59 7 -9
59 81 3
59 0 9
59 61 9
59 70 -7
59 67 -1
59 5 -6
59 6 -3
59 77 -9
59 57 -7
59 82 9
59 44 1
59 39 -6
59 10 -4
59 46 8
59 73 -4
59 66 5
59 41 -9
59 23 -8
59 22 -2
59 15 -7
59 1 -3
59 76 3
59 25 0
59 40 3
59 30 4
59 11 2
59 50 -4
59 71 -8
59 21 -5
59 17 5
59 56 7
59 58 -2
59 28 -2
60 5 -8
60 23 -3
60 39 -1
60 38 2
60 28 -7
60 32 8
60 48 -4
60 4 -1
60 82 -7
60 6 9
60 72 -4
60 11 2
60 7 4
60 63 3
60 30 9
60 29 2
60 16 2
60 25 2
60 14 -9
60 0 4
60 19 -1
60 24 -7
60 78 9
60 33 -4
60 81 -5
60 17 -2
60 20 4
60 54 -1
60 18 -1
60 67 -1
60 57 -8
60 45 -3
60 8 -3
60 69 5
60 71 -9
60 1 -8
60 44 0
60 3 -8
60 80 4
60 76 1
60 52 -1
60 56 7
60 53 1
60 36 -1
60 49 9
60 62 3
60 31 -8
60 70 3
61 52 -1
61 63 9
61 43 -2
61 6 -5
61 27 -8
61 73 -6
61 38 -9
61 19 7
61 30 -2
61 41 3
61 66 6
61 45 -4
61 82 6
61 23 -7
61 7 -9
61 12 -4
61 9 -2
61 17 -1
61 58 -3
61 32 4
61 22 -2
61 4 -3
61 72 -6
61 0 -9
61 13 -8
61 11 -1
61 31 -4
61 62 -3
61 53 -6
61 16 -5
61 50 -1
61 69 -6
61 21 5
61 59 2
61 60 1
61 18 8
61 75 -7
61 3 -2
61 70 -3
61 51 6
61 49 6
61 65 -9
61 36 0
61 76 1
61 42 3
61 68 -6
61 5 -5
61 28 -2
62 14 6
62 23 -6
62 22 -2
62 17 8
62 57 -5
62 30 7
62 61 8
62 65 7
62 38 0
62 77 2
62 18 -4
62 64 3
62 34 -5
62 80 4
62 7 -7
62 71 -4
62 37 4
62 41 -3
62 51 4
62 3 8
62 39 3
63 64 6
63 46 -5
63 59 4
63 42 -4
63 44 -1
63 33 7
63 81 2
63 62 7
63 40 8
63 77 -3
63 67 -8
63 73 -3
63 66 -3
63 57 4
63 12 -5
63 0 1
63 45 3
63 26 -9
63 14 0
63 22 6
63 56 0
63 37 -7
63 4 -8
63 68 1
63 1 -8
63 52 2
63 36 6
63 78 6
63 27 5
63 80 3
63 15 6
63 13 -5
63 43 -6
63 20 -5
63 25 4
63 50 6
63 23 -7
63 31 3
63 24 -7
63 10 4
63 76 -7
63 9 6
63 82 -5
63 38 -8
63 58 -3
63 32 -8
63 47 -1
63 21 -6
63 49 4
63 48 -7
63 69 7
63 72 8
63 11 -7
63 5 -8
63 7 3
63 75 -1
63 54 -2
63 28 -8
63 17 -5
63 70 4
63 74 -8
63 8 0
63 60 7
63 18 -2
63 16 -2
63 51 3
63 55 0
63 29 0
63 39 -9
63 53 7
63 41 3
63 19 -5
63 6 -5
64 10 8
64 81 -3
64 63 -8
64 16 2
64 32 2
64 18 1
64 14 -4
64 51 -1
64 61 -5
64 58 9
64 55 5
64 67 -1
64 50 -1
64 47 -4
64 37 -2
64 25 -9
64 15 0
64 76 7
64 27 6
64 5 9
64 31 -6
64 44 -3
64 73 -6
64 62 9
64 71 4
64 11 1
64 23 -3
64 28 0
64 52 0
64 40 8
64 30 9
64 74 -1
64 9 3
64 26 5
64 53 9
64 6 0
64 42 7
64 8 -9
64 35 -8
64 57 -3
64 24 -5
64 3 6
64 21 2
64 12 -1
64 54 8
64 48 -9
64 60 8
64 7 6
64 13 9
64 45 -1
64 20 6
64 79 8
64 38 2
64 39 -2
64 75 -4
64 72 9
64 69 -9
64 70 -5
64 59 -9
64 43 0
64 77 3
65 19 7
65 41 0
65 69 -2
65 42 -2
65 64 5
65 43 -5
65 15 -5
65 32 5
65 3 3
65 46 0
65 25 4
65 50 1
65 0 0
65 77 -3
65 27 -7
65 1 2
65 14 -9
65 9 -6
65 18 -2
65 7 9
65 2 6
65 53 -9
65 37 -9
65 57 -3
65 70 1
65 45 4
65 75 2
65 82 8
65 63 -4
65 48 2
65 16 -7
65 4 -1
65 13 -6
65 34 -1
65 12 4
65 61 -9
65 36 0
65 29 5
65 52 2
65 56 -3
65 30 4
65 67 7
65 6 6
65 35 -9
65 23 2
65 58 -8
65 81 0
65 8 -8
65 76 5
65 31 3
65 68 -4
65 26 4
65 17 7
65 20 -2
65 47 -7
65 79 7
65 72 2
65 66 -7
66 11 -7
66 47 -2
66 19 8
66 13 -3
66 82 -9
66 25 8
66 54 -5
66 48 5
66 60 9
66 58 4
66 36 -7
66 5 -8
66 45 2
66 14 -1
66 65 2
66 17 -4
66 22 9
66 53 -6
66 59 -9
66 34 8
66 55 8
66 40 -9
66 43 8
66 62 -5
66 35 -1
66 78 -6
66 72 3
66 80 -3
66 26 1
66 46 -7
66 0 -7
66 9 3
66 7 -5
66 31 -8
66 57 1
66 42 6
66 18 3
66 6 4
66 29 -5
66 24 9
66 23 2
66 52 2
66 81 -1
66 1 -8
66 12 3
66 68 -5
66 30 2
66 73 -6
66 51 5
66 74 -6
66 20 2
66 2 -1
66 44 -8
66 64 -6
66 56 -9
66 33 8
66 27 -1
66 79 -2
66 10 -4
66 15 -5
66 38 5
66 76 6
66 41 -1
66 28 9
66 61 1
66 63 -8
66 37 -2
66 77 -6
66 49 -9
66 50 3
66 70 -3
67 44 9
67 19 -8
67 40 -4
67 27 -9
67 35 5
67 82 4
68 63 -4
68 19 1
68 61 -5
68 40 5
68 16 4
68 15 5
68 39 0
68 30 1
68 2 -2
68 29 -3
68 82 9
68 81 0
68 27 -6
68 72 0
68 6 9
68 64 1
69 47 8
69 13 -4
69 22 -1
69 15 -6
69 37 -3
69 50 0
69 46 -7
69 53 7
69 75 -7
69 43 0
69 19 -8
69 41 -7
69 54 7
69 21 4
69 4 -1
69 17 3
69 27 -8
69 36 -4
69 34 -4
69 68 -2
69 25 -9
69 30 -1
69 40 7
69 57 -3
69 56 4
69 20 -2
69 26 2
69 35 -9
69 45 8
69 80 1
69 9 -7
69 74 5
69 31 -5
69 66 0
69 32 4
69 23 8
69 14 8
69 71 8
69 51 -1
69 58 5
69 55 -8
69 8 -3
69 29 -5
69 28 -5
69 72 -5
69 3 7
69 0 -2
69 63 6
69 42 -4
69 39 -2
69 76 -5
69 73 9
69 38 -9
69 62 1
69 5 -4
69 67 2
69 59 -3
69 12 2
69 33 -6
69 6 7
69 44 0
69 61 -7
69 24 -2
69 65 0
69 7 7
69 16 6
69 70 9
69 49 1
69 64 -5
70 21 -5
70 26 -4
70 28 -4
70 17 -7
70 37 -2
70 3 -3
70 7 -6
70 23 8
70 65 8
70 24 6
70 9 3
70 18 9
70 58 6
70 80 5
70 25 1
70 63 4
70 44 2
70 71 -7
70 78 -5
70 46 -5
70 6 0
70 19 -6
70 11 -4
70 82 -6
70 64 -7
70 27 -8
70 47 -9
70 16 -2
70 52 -6
70 10 5
70 20 0
70 32 5
70 48 -5
70 53 -9
70 57 9
70 8 -8
70 72 0
70 50 -3
70 35 -7
70 2 6
70 4 -7
70 33 -7
70 40 -5
70 67 -1
70 79 -5
70 61 -2
70 75 4
70 81 -2
70 13 7
70 15 -2
70 31 -2
70 69 3
70 5 0
70 73 0
70 54 -2
70 56 -3
70 12 1
70 76 2
70 1 5
70 77 -5
70 66 1
70 43 2
70 34 -3
70 42 6
70 29 -4
70 0 2
70 55 -5
70 36 -9
71 28 1
71 79 -2
71 14 6
71 69 4
71 52 4
71 20 -7
71 82 -7
71 33 7
71 81 -9
71 39 6
71 8 -2
71 65 0
71 31 5
71 12 -7
71 63 1
71 76 9
71 34 -5
71 40 -4
71 62 -7
71 23 2
71 78 0
71 73 -6
71 64 -7
71 36 3
71 10 2
71 16 2
71 74 -8
71 18 8
71 44 5
71 26 -8
71 77 1
71 61 -2
72 76 -5
72 37 -4
72 2 -4
72 31 -7
72 79 -7
72 26 5
72 38 7
72 28 -2
72 22 3
72 60 8
72 35 -3
72 8 6
72 58 -7
72 21 -3
72 39 8
72 70 7
72 63 4
72 11 -2
72 50 -8
72 47 -8
73 11 -5
73 25 2
73 75 1
73 46 9
73 1 -6
73 5 9
73 38 -8
73 71 5
73 31 0
73 80 -6
73 57 9
73 60 -3
73 58 -6
73 50 7
73 10 0
73 79 -2
73 4 2
73 42 6
73 63 1
73 20 -2
73 6 -3
73 3 0
73 0 2
73 28 2
73 12 4
73 45 -7
73 15 8
73 21 9
73 27 -2
73 9 -4
73 69 8
73 55 -5
73 19 1
73 33 7
73 18 8
73 53 -3
73 52 -6
73 47 -4
73 82 0
73 7 -9
73 41 6
73 24 -3
73 67 -1
73 76 2
73 39 4
73 70 -7
73 22 -4
73 36 0
73 51 9
73 37 -2
73 72 8
73 35 3
73 44 -9
73 14 -1
73 66 -8
73 68 0
73 17 -9
74 17 9
74 8 8
74 35 -2
74 55 1
74 5 -2
74 81 1
74 29 -9
74 61 3
74 36 3
74 39 2
74 53 -5
74 57 -7
74 63 -7
74 71 4
74 75 4
74 7 -5
74 32 -1
74 66 -2
74 78 3
74 11 -8
74 20 8
74 65 9
74 59 8
74 79 -8
74 50 6
74 56 -8
74 13 -4
74 80 -8
74 62 -5
74 54 -7
74 27 4
75 47 -1
75 67 9
75 60 -3
75 66 9
75 49 8
75 35 -5
75 29 -7
75 14 -6
75 9 -1
75 31 0
75 54 -4
75 37 2
75 46 3
75 40 2
75 70 2
75 44 -6
75 55 -6
75 50 -7
75 22 -2
75 61 2
75 3 9
75 17 2
75 26 4
75 79 -7
75 28 -6
75 74 5
75 72 5
75 42 -1
75 16 7
75 57 -2
75 25 6
75 77 -9
75 1 4
75 39 -8
75 15 0
75 11 9
75 34 5
75 78 4
75 48 0
75 43 7
75 20 -8
75 36 1
75 2 -4
76 41 -7
76 6 9
76 63 2
76 49 -6
76 34 -6
76 42 7
76 29 -8
76 75 3
76 39 1
76 8 -8
76 14 3
76 18 0
76 37 2
76 70 -1
76 53 -2
76 3 -4
76 80 -5
76 66 8
76 81 4
76 64 1
76 23 9
76 43 -2
76 38 -6
76 72 -5
76 4 4
76 54 9
76 44 7
76 58 0
76 31 6
76 46 -4
76 36 -2
76 20 8
76 28 6
76 61 -8
76 11 -3
76 40 6
76 60 1
76 25 7
76 65 7
76 17 -3
76 62 -2
76 57 6
76 48 -2
76 69 -1
76 73 1
76 77 -3
76 22 8
76 21 -9
76 12 4
76 30 6
76 68 -8
76 35 7
76 15 -1
76 45 -6
76 50 -3
76 51 4
77 81 3
77 13 -3
77 82 -1
77 76 9
77 56 -6
77 8 -9
77 65 2
77 34 -9
77 72 1
77 63 -9
77 48 8
77 42 9
77 24 3
77 62 1
77 29 9
77 17 5
77 14 9
77 7 7
77 40 2
77 15 -8
77 28 4
77 53 -2
77 19 0
77 69 3
77 49 -7
77 57 8
77 21 0
77 54 -3
77 75 9
77 58 0
77 33 6
77 36 -6
77 70 -7
77 3 -2
77 74 -3
77 39 -1
77 26 -3
77 60 -2
77 73 4
77 4 -8
77 32 -8
77 64 -1
77 44 -3
77 16 -7
77 10 8
78 22 -2
78 20 3
78 79 3
78 81 -1
78 38 9
78 54 -4
78 24 -7
78 57 -1
78 14 -3
78 65 9
78 3 -8
78 33 -7
78 0 -9
78 35 3
78 19 -5
78 32 -5
78 50 -8
78 30 8
78 36 -3
78 73 -9
78 10 -4
78 26 -4
78 17 -3
78 40 7
78 6 4
78 70 8
78 52 -6
78 31 -4
78 29 -8
78 68 6
78 23 -5
78 27 2
78 76 -9
78 64 -4
78 45 -7
78 61 -3
78 1 -7
78 66 7
78 56 1
78 4 -7
78 72 9
78 59 6
78 51 0
78 13 -3
78 21 -4
78 43 -4
78 46 3
78 25 4
78 8 -4
78 15 0
78 12 6
78 2 9
78 47 -2
78 67 -5
78 49 -6
78 9 1
78 82 6
78 58 -6
78 80 -6
78 41 4
78 28 -5
78 60 3
78 69 -9
78 11 2
78 77 -8
78 39 -1
79 81 -3
79 8 7
79 58 -2
79 34 1
79 24 2
79 32 -4
79 31 8
79 47 -1
79 70 -6
79 3 -5
79 55 -4
79 56 9
79 40 -4
79 20 7
79 80 -3
79 77 -8
79 60 9
79 65 3
79 29 6
79 54 -9
79 27 2
79 74 -7
79 4 1
79 18 3
79 17 -2
79 51 8
79 9 4
79 7 -2
79 15 -1
79 19 -2
79 25 0
79 44 9
79 41 -9
79 45 6
79 37 8
79 68 -9
79 5 2
79 16 3
79 33 4
79 6 -2
79 61 -2
79 82 8
79 62 3
79 71 -6
79 75 8
79 46 1
79 13 -5
79 42 -8
79 67 0
79 63 4
79 36 -7
79 50 6
79 69 3
79 38 6
79 59 -7
79 35 -8
79 28 -8
79 1 7
79 26 -4
79 57 4
79 76 5
79 78 3
79 49 -1
79 23 9
79 0 3
79 52 2
79 30 6
79 72 -9
79 2 2
79 11 -5
80 26 6
80 50 -7
80 39 3
80 45 -9
80 18 8
80 9 1
80 0 -5
80 70 3
80 58 4
80 12 8
80 72 6
80 20 -6
80 15 7
80 31 3
80 51 -7
80 14 -8
80 60 0
80 81 -2
80 74 -3
80 27 -4
80 48 -4
80 1 5
80 32 1
80 10 8
80 79 4
80 69 -9
80 57 5
80 68 5
81 60 -3
81 68 5
81 11 -7
81 77 5
81 78 8
81 79 1
81 82 -6
81 27 9
81 17 8
81 33 7
81 74 -5
81 57 4
81 15 3
81 1 -4
81 37 -1
81 3 -4
81 48 7
81 9 -6
81 59 3
81 8 -3
81 30 3
81 67 -2
81 70 -6
81 52 2
81 39 -7
81 7 2
81 28 2
81 14 3
81 45 -4
81 44 5
82 17 -8
82 34 8
82 72 -7
82 48 8
82 4 -6
82 25 -5
82 43 5
82 75 3
82 71 -7
82 2 1
82 62 -4
82 19 -9
82 29 -2
82 5 9
82 67 1
