85
3694
true
0 52 8
0 83 3
0 74 7
0 18 -6
0 16 5
0 68 -3
0 4 4
0 3 2
0 35 7
0 36 -6
0 37 -3
0 51 6
0 27 -9
0 84 8
0 31 2
0 11 7
0 65 -8
0 17 0
0 8 0
0 79 6
0 12 0
0 69 -3
0 77 1
0 54 1
0 6 -1
0 32 8
0 9 6
0 23 -2
0 25 7
0 73 3
0 75 8
0 20 -9
0 45 -6
0 10 2
0 72 7
0 66 -5
0 64 1
0 67 -7
0 80 4
0 55 -5
0 40 6
0 44 -8
0 48 2
0 29 7
0 41 -7
0 61 -3
0 1 -1
0 14 6
0 2 0
0 43 -2
0 59 -3
0 15 -4
0 39 8
0 50 -5
1 28 1
1 41 -7
1 42 1
1 4 7
1 52 3
1 13 -7
1 76 3
1 54 9
1 69 -7
1 31 -9
1 17 4
1 71 -5
1 45 -6
1 37 7
1 33 1
1 64 -7
1 57 9
1 77 8
1 14 -9
1 22 -4
1 83 4
1 23 -6
1 12 -1
1 36 -7
1 60 0
1 80 2
1 19 -2
1 20 -9
2 57 4
2 44 -7
2 30 3
2 51 1
2 22 -4
2 27 -3
2 41 4
2 21 1
2 80 3
2 17 -1
2 14 5
2 20 -5
2 3 5
2 18 5
2 53 -2
2 35 7
2 34 9
2 29 -2
2 1 -7
3 11 3
3 14 2
3 16 4
3 33 7
3 72 -8
3 49 -5
3 71 3
3 74 -6
3 28 0
3 56 -2
3 37 -5
3 45 -4
3 58 7
3 35 4
3 61 5
3 38 7
3 66 7
3 36 -2
3 60 3
3 68 5
3 83 -8
3 23 -1
3 20 -7
3 43 2
3 32 -3
3 59 3
3 21 5
3 48 4
3 42 -7
3 41 9
3 64 1
3 75 1
3 25 -5
3 12 5
3 70 9
3 82 5
3 31 -9
3 54 3
3 9 -1
3 52 1
3 51 8
3 62 2
3 65 -2
3 80 2
4 7 6
4 8 7
4 32 -5
4 19 -5
4 46 -2
4 64 7
4 26 -8
4 52 -2
4 72 -1
4 6 6
4 17 8
4 36 0
4 37 2
5 46 -2
5 17 -2
5 7 -4
5 1 -7
5 52 -5
5 8 9
5 21 9
5 42 -5
5 56 8
5 68 5
5 82 -1
5 69 7
5 76 -6
5 11 -3
5 54 7
5 4 -5
5 18 -5
5 79 -6
5 63 -4
5 16 -9
5 26 -5
5 48 -8
5 74 2
5 29 8
5 78 -5
5 47 4
5 66 0
5 20 3
5 31 -4
5 24 -2
5 83 -1
5 41 2
5 40 -2
5 58 9
5 72 5
5 84 -2
5 9 -5
5 75 0
5 57 -9
5 27 -9
5 77 -4
5 12 1
5 49 6
5 14 4
5 51 0
5 32 8
5 30 6
5 43 1
5 55 7
5 45 1
5 34 6
5 38 2
6 77 -2
6 47 4
6 51 4
6 70 8
6 54 -8
6 0 6
6 82 -2
6 20 5
6 39 -2
6 24 2
6 63 -9
6 79 -7
6 7 1
6 19 -3
6 76 -6
6 4 -3
6 78 -2
6 65 -4
6 37 4
6 33 -4
6 35 -2
6 50 -9
6 48 -9
6 29 -3
6 57 -8
6 1 5
6 44 5
6 13 2
6 40 3
6 59 -7
6 18 -2
6 21 5
6 17 7
7 62 -5
7 73 -1
7 77 9
7 76 0
7 57 7
7 12 5
7 22 7
7 25 2
7 31 3
7 30 0
7 69 2
7 29 1
7 82 0
7 64 -9
7 17 8
7 16 8
7 13 -2
7 3 -8
7 24 4
7 61 -9
7 50 -9
7 54 -4
7 83 3
7 79 4
7 4 -2
7 34 4
7 26 -9
7 71 7
7 23 4
7 68 -5
7 18 6
7 75 -4
7 81 -9
7 32 -2
7 67 8
7 19 1
7 33 -9
7 59 6
7 6 1
7 78 2
7 63 -1
7 27 7
7 47 -6
7 1 -8
7 15 5
7 28 9
7 49 -3
7 37 -6
7 53 7
7 60 -6
7 36 -5
7 84 4
7 58 -5
7 9 2
7 45 4
7 70 7
7 42 2
7 74 -9
7 20 -1
7 11 3
7 35 -1
7 43 -3
7 0 -3
7 66 0
7 52 0
7 44 1
7 55 -8
7 10 -3
7 5 -4
8 36 9
8 4 -7
8 50 -2
8 24 -3
8 45 -8
8 59 0
8 0 -1
8 62 -7
8 10 1
8 5 3
8 77 -9
8 30 7
8 83 2
8 56 -3
8 42 -8
8 26 2
8 39 -5
8 25 7
8 66 -4
8 61 -8
8 75 -5
8 60 7
8 20 3
8 21 8
8 82 4
8 78 4
8 13 2
8 53 3
8 72 2
8 40 -8
8 79 -7
8 74 4
8 19 -6
8 18 5
8 70 8
8 14 -3
8 12 -8
8 58 -9
8 16 -4
8 6 -5
8 67 -9
8 57 -5
8 47 -8
8 41 -9
8 52 -5
9 59 6
9 11 3
9 33 5
9 27 -7
9 40 -1
9 39 9
9 25 -2
9 1 5
9 73 -4
9 57 4
9 48 3
9 64 -2
9 12 -3
9 43 3
9 26 -1
9 84 5
9 3 0
9 17 -5
9 67 0
9 50 -5
9 56 3
9 51 6
9 82 6
9 30 -7
9 75 6
9 15 5
9 62 -9
9 7 -5
9 78 1
9 44 5
9 76 -4
9 70 4
9 68 -3
9 69 2
9 81 0
9 49 0
9 60 -1
9 29 5
9 22 -3
9 13 7
9 47 -1
9 66 4
9 6 2
9 63 2
9 8 -1
9 79 8
9 24 3
9 58 3
9 10 7
9 71 -3
9 2 4
9 16 -1
9 20 5
9 61 -9
9 52 -3
9 5 6
10 13 -3
10 18 8
10 34 -5
10 5 0
10 56 -8
10 25 -8
10 0 3
10 38 3
10 64 -6
10 79 -9
10 51 8
10 36 -2
10 28 5
10 20 -5
10 22 -1
10 21 0
10 52 -5
10 27 3
10 65 9
10 3 -6
10 31 8
10 30 2
10 69 -1
10 19 4
10 26 -5
10 40 -5
10 16 -9
10 12 -7
10 6 -4
10 48 0
10 84 -7
10 44 3
10 57 -5
10 29 8
10 73 -4
10 55 7
10 47 1
10 50 -9
10 15 -9
10 62 -2
10 35 -1
10 74 -2
10 41 2
10 24 -9
10 60 5
10 77 3
10 72 3
10 8 5
10 63 -7
10 17 2
10 82 -2
10 33 -9
10 81 -1
10 67 6
10 37 8
10 39 -6
11 74 -4
11 63 5
11 32 -3
11 54 8
11 14 -4
11 78 -1
11 27 -4
11 56 7
11 49 3
11 62 9
11 72 -5
11 47 7
11 12 4
11 13 -8
11 73 -7
11 44 -9
11 84 -9
11 29 -8
11 82 0
11 20 -3
11 53 -8
11 23 3
11 50 -2
12 19 6
12 74 -6
12 55 -3
12 43 4
12 29 -7
12 4 0
12 34 8
12 41 -5
12 82 -2
12 76 2
12 44 8
12 17 -7
12 79 7
12 80 -4
12 5 -3
12 24 4
12 52 -9
12 31 -5
12 21 -8
12 83 5
12 26 -1
12 36 -7
12 84 -7
12 39 -2
12 3 -6
12 65 -1
12 66 5
12 1 7
12 57 3
12 25 -6
12 22 9
12 73 -8
12 45 5
12 69 0
12 40 9
12 54 -7
12 20 1
12 71 3
12 38 -9
12 33 -6
12 30 1
12 58 1
12 46 5
12 75 4
12 70 6
12 68 1
12 35 -5
12 37 -6
12 67 -5
12 27 -3
12 49 4
12 56 -4
12 78 -6
12 59 8
12 48 -3
12 28 0
12 11 3
12 9 5
13 25 -5
13 20 -1
14 31 8
14 32 0
14 60 1
14 52 6
14 73 -8
14 0 7
14 41 6
14 48 5
14 70 -8
14 38 -8
14 20 -2
14 76 -4
14 10 0
14 68 2
14 72 1
14 59 -6
14 12 7
14 26 0
14 45 7
14 80 8
14 53 7
14 54 -3
14 28 5
14 17 2
14 58 -8
14 78 5
14 22 7
14 1 0
14 2 3
14 44 -4
14 74 8
14 19 7
14 34 0
14 21 -1
14 29 3
14 11 -5
14 51 -8
14 15 -4
14 25 -7
14 65 2
14 36 5
14 67 1
14 5 -6
14 9 8
14 81 -5
14 37 5
14 23 -8
14 24 2
14 71 3
14 47 -5
14 13 -3
14 43 -7
14 79 -1
15 38 1
15 49 5
15 54 -9
15 29 4
16 47 -3
16 43 -4
16 70 -6
16 52 1
16 17 -1
16 23 1
16 33 4
16 22 6
16 20 7
16 71 9
16 76 0
16 5 -2
16 10 -9
16 8 9
16 24 7
16 82 -5
16 69 -8
16 65 8
17 9 -4
17 35 0
17 62 -2
17 82 0
17 74 7
17 84 -3
17 41 -2
17 79 -6
17 72 -4
17 33 -1
17 21 4
18 33 5
18 80 -6
18 70 1
18 27 0
18 29 9
18 0 8
18 61 -3
18 59 3
18 57 -2
18 60 8
18 46 1
18 45 3
18 75 7
18 71 -6
18 40 -1
18 15 1
18 22 4
18 69 -4
18 67 5
18 36 8
18 76 -5
18 43 9
18 50 1
18 64 6
18 16 -5
18 81 -8
18 10 -3
18 77 5
18 78 0
18 35 2
18 12 2
18 52 7
18 4 3
18 79 -8
18 6 -2
18 9 -6
18 3 -1
18 56 -7
18 19 2
18 53 -5
18 73 2
18 20 6
18 28 6
18 38 6
18 55 5
18 25 5
18 41 6
18 34 -8
18 1 9
18 21 3
18 82 7
18 49 3
18 68 -5
18 17 7
18 7 -2
19 66 3
19 18 -7
20 45 7
20 36 -4
20 2 5
20 46 3
20 8 9
21 9 8
21 69 7
21 2 -2
21 34 9
21 75 1
21 65 3
21 58 4
21 24 6
21 72 6
21 73 9
21 37 -1
21 6 9
21 56 0
21 39 1
21 59 -2
21 5 -3
21 83 -5
21 67 0
21 80 -7
21 45 4
21 29 0
21 12 -2
21 70 -9
21 79 -8
21 76 7
21 47 -1
21 13 -3
21 77 2
21 25 -1
21 51 -8
21 26 -5
21 57 0
21 42 7
21 0 7
21 7 5
21 66 4
21 61 7
21 68 -6
21 43 -9
21 84 5
21 33 -6
21 78 -2
21 46 2
21 36 -6
21 60 5
21 8 -9
21 10 7
21 64 -3
21 3 -6
21 41 3
21 40 -1
21 1 5
21 32 -5
21 55 -8
21 4 -4
21 16 -6
21 74 -3
21 54 -1
21 23 -6
21 19 2
21 49 -4
21 28 1
21 20 0
21 17 -7
21 22 7
21 48 3
21 81 -5
21 71 -9
21 52 -3
21 15 -3
21 11 -8
21 38 -2
21 30 9
21 82 4
21 44 -6
21 35 9
21 63 -1
21 62 -3
21 18 0
21 53 3
21 50 5
21 14 5
22 50 -8
22 33 -3
22 53 -2
22 36 -8
22 38 7
22 21 -1
22 55 2
22 63 -3
22 39 1
22 34 9
22 11 -8
22 8 -4
22 3 -4
22 45 0
22 12 -1
22 82 -9
22 54 -4
22 69 -3
22 20 -1
22 51 -2
22 19 3
22 6 7
22 4 -3
22 5 4
22 49 -3
22 65 -6
22 84 0
22 0 -3
22 23 8
22 75 7
22 62 4
22 16 1
22 57 2
22 2 0
22 9 -4
22 13 1
22 68 -9
22 42 7
22 40 -8
22 67 -3
22 66 1
22 56 -1
22 76 -2
22 26 8
22 60 0
22 59 -3
22 83 -6
22 35 3
22 46 3
22 52 -3
22 15 -5
22 80 1
22 44 7
22 31 -1
22 58 1
22 73 8
22 30 8
22 81 -5
22 14 6
22 24 4
22 79 2
22 41 -7
22 17 6
22 64 -9
22 78 1
22 27 -3
22 1 -2
22 72 4
22 18 3
22 71 2
22 37 5
22 77 2
23 39 -7
23 46 6
23 55 5
23 65 6
23 16 -8
23 37 5
23 82 -1
23 59 -1
23 38 0
23 77 9
23 0 -6
23 56 3
23 28 -3
23 22 -1
23 42 -4
23 73 -9
23 58 -1
23 84 2
23 21 -1
23 19 8
23 11 1
23 27 4
23 3 7
23 10 5
23 49 8
23 35 8
23 20 -6
23 62 0
23 68 -3
23 44 -7
23 12 -6
23 33 -1
23 47 3
23 53 -7
23 71 2
23 32 -9
23 50 -7
23 81 -4
23 17 -1
23 80 8
23 36 -5
23 25 1
23 45 6
23 52 3
23 79 -1
23 78 -4
23 69 -2
23 4 0
23 60 1
23 30 -3
23 51 -2
23 9 1
23 43 9
23 54 -9
23 76 -2
23 75 -2
23 8 -6
23 13 3
23 48 -2
23 66 -4
23 5 9
23 70 4
23 6 0
23 18 -1
23 41 8
23 67 0
23 83 -7
23 57 9
23 31 -8
24 5 9
24 76 -2
24 21 -7
24 28 -7
24 3 -5
24 54 -6
24 36 -1
24 52 -9
24 46 -7
24 49 -1
24 59 5
24 23 -5
24 16 9
24 80 -3
24 1 -8
24 75 2
24 41 -6
24 18 4
24 22 0
24 19 -8
24 67 3
24 9 2
24 32 9
24 15 -1
24 77 -7
24 38 -3
24 14 -7
24 55 4
24 39 -2
24 10 8
24 74 6
24 81 1
24 44 8
24 71 -4
24 58 -1
24 27 -4
24 0 3
24 11 4
24 73 -1
24 70 -5
24 7 0
24 30 9
24 84 6
24 50 6
24 69 6
24 35 -8
24 2 5
24 68 -2
24 83 -8
24 37 -9
24 8 -7
24 17 8
24 26 -2
24 82 1
24 61 5
24 62 -5
24 6 5
24 51 -4
24 78 6
24 57 -1
24 79 -5
24 53 1
24 60 -1
24 40 9
24 66 4
24 12 8
24 48 -4
24 43 -9
24 65 0
24 20 6
24 13 0
24 72 -8
24 4 -8
24 33 -8
24 31 0
24 42 -8
25 16 7
25 9 -3
25 13 -5
25 75 -2
25 53 -4
25 66 -3
25 21 2
25 26 -5
25 61 7
25 10 -5
25 70 1
25 6 6
25 19 -3
25 64 5
25 74 -3
25 22 -5
25 72 -6
25 15 4
25 76 7
25 4 0
25 50 -8
25 56 6
25 1 4
25 30 0
25 8 -3
25 41 1
25 37 -6
25 46 4
25 34 -7
25 32 2
25 27 4
25 62 2
25 45 9
25 83 -4
25 3 6
25 5 5
25 40 0
25 77 3
25 18 2
25 52 -2
25 73 -2
25 82 7
25 35 3
25 24 0
25 67 7
25 31 9
25 2 -2
25 44 -9
25 58 -8
25 12 -6
25 38 0
25 48 -3
25 42 -8
25 80 9
25 60 1
25 7 4
25 29 -5
25 20 6
25 59 5
25 28 -8
25 63 1
25 49 -2
25 84 -9
25 47 -7
25 36 -5
25 81 -8
25 17 -7
25 71 -7
25 33 -5
25 68 3
25 14 -3
25 79 -7
25 55 6
25 51 -8
25 39 3
25 54 -8
25 0 5
25 11 1
25 69 4
25 43 -1
25 78 7
25 65 8
25 57 -8
26 43 8
26 3 7
26 82 8
26 73 -3
26 27 0
26 23 5
26 50 3
26 0 5
26 65 6
26 29 -1
26 83 -8
26 40 3
26 37 -5
26 2 2
26 8 8
26 68 -7
26 72 8
26 84 0
26 55 -6
26 20 2
26 66 5
26 52 9
26 70 8
26 48 -1
26 7 -2
26 80 -6
26 47 9
26 78 -2
26 76 5
26 12 -1
26 62 -3
26 15 9
26 57 -6
26 35 -8
26 14 6
26 22 -5
26 19 -8
26 44 9
26 59 -5
26 67 9
26 28 -4
26 38 -1
26 69 3
26 5 -6
26 81 0
26 17 -5
26 45 3
26 49 6
26 41 -5
26 75 -5
26 9 -7
26 63 -5
26 42 -9
26 36 -1
26 24 -4
27 74 7
27 76 5
27 5 -8
27 9 -5
27 2 -9
27 52 -9
27 4 2
27 11 3
27 37 3
27 29 0
27 44 -5
27 73 -2
27 78 4
27 53 -4
27 65 -3
27 56 0
27 62 2
27 68 -7
27 70 9
27 30 7
27 51 6
27 80 -8
27 43 3
27 13 -1
27 75 -5
27 17 6
27 8 8
27 59 9
27 34 -2
27 31 -1
27 28 4
27 77 1
27 49 8
27 58 -6
27 47 -2
27 61 5
27 3 -3
27 46 -1
27 54 1
27 60 7
27 12 -5
27 7 -8
27 14 7
27 1 -6
27 38 -9
27 16 1
27 48 -4
27 41 4
27 45 -7
28 11 7
28 60 8
28 42 4
28 84 6
28 9 0
28 39 -4
28 72 -2
28 33 4
28 44 -5
28 69 -1
28 68 3
28 19 0
28 6 -5
28 65 -2
28 30 -7
28 78 -9
28 15 -2
28 71 -7
28 4 -4
28 22 7
28 13 -5
28 56 5
28 46 6
28 3 1
28 18 9
28 74 -7
28 32 -7
28 17 2
28 25 7
28 20 -8
28 31 6
28 16 0
28 75 6
28 1 5
28 76 -1
28 40 -6
28 26 1
28 35 -2
28 8 3
28 43 9
28 77 -7
28 37 2
28 54 6
28 47 -9
28 53 4
28 48 6
28 67 8
28 61 6
28 34 5
28 57 -7
28 64 4
28 50 -2
28 58 -1
28 49 4
28 73 5
28 52 -8
28 38 -5
28 55 -6
28 79 -8
28 5 -9
28 2 3
28 51 6
28 70 -5
29 30 -1
29 77 7
29 79 -7
29 46 0
29 43 8
29 36 -3
29 19 -3
29 45 -1
29 52 3
29 15 3
29 37 4
29 21 9
29 71 5
29 35 -1
29 76 9
29 25 8
29 51 1
29 44 5
29 55 4
29 17 -5
29 83 5
29 75 5
29 18 0
29 62 -1
29 27 -6
29 64 -2
29 7 9
29 9 -4
29 78 3
29 24 2
29 47 1
29 14 -7
29 6 -5
29 16 -3
29 68 -3
29 32 7
29 28 9
29 84 4
29 38 3
29 82 -2
29 39 -6
29 13 4
29 48 7
29 31 -4
29 69 2
29 4 0
29 5 5
29 70 2
29 3 -3
29 58 -3
29 2 -4
29 0 -3
29 60 1
29 23 3
29 40 0
29 57 -8
29 73 5
29 72 -3
29 8 3
29 59 3
29 81 5
29 74 -7
29 41 3
29 80 -6
29 56 7
29 53 -4
29 67 -7
29 26 -8
29 34 -2
29 65 -6
29 20 -6
29 63 -5
29 50 -9
29 49 -9
29 10 -5
29 42 6
29 11 -8
30 76 -4
30 83 0
30 47 -4
30 68 -6
30 77 6
30 46 -1
30 31 -1
30 19 -5
30 67 -5
30 78 -7
30 25 -8
31 41 5
31 35 -4
31 29 2
31 1 -5
31 54 0
31 79 -5
31 50 8
31 28 2
32 42 7
32 6 -9
32 61 -9
32 50 3
32 74 1
32 71 6
32 60 -8
32 68 -7
32 31 -9
32 52 6
32 48 7
32 41 5
32 59 1
32 43 1
32 79 3
32 57 5
32 39 -6
32 70 -2
32 64 -4
32 46 -7
32 30 -3
32 51 -3
32 36 1
32 9 5
32 24 -6
32 55 -2
32 3 -4
32 12 7
32 35 -1
32 67 -9
32 18 2
32 75 0
32 80 -7
32 65 4
32 14 -5
32 33 6
32 73 1
32 23 -9
32 45 -6
32 69 -5
32 76 -5
32 72 8
32 82 -2
32 63 -2
32 62 -1
32 54 7
32 20 0
32 37 1
32 2 -6
33 46 -1
33 45 -8
33 34 -9
33 70 7
33 18 0
33 42 8
33 2 -4
33 5 -5
33 41 5
33 6 -2
33 72 -2
33 23 -7
33 0 2
33 55 -2
33 64 -9
33 51 -9
33 21 -3
33 78 7
33 3 3
33 30 4
33 36 5
33 58 -8
33 27 -9
33 47 9
33 83 -1
33 76 -8
33 69 -1
33 15 6
33 12 -3
33 82 0
33 60 4
33 26 6
33 65 0
33 59 -7
33 79 -6
33 44 -8
33 75 4
33 81 -1
33 84 -3
33 17 1
33 40 3
33 43 -9
33 61 -2
33 13 2
33 49 6
33 28 -8
33 37 -8
33 10 -4
33 71 1
33 54 3
33 25 0
33 38 -7
33 4 8
33 74 3
33 53 -7
33 24 -5
34 78 -1
34 64 -2
34 10 -5
34 44 2
34 20 7
35 84 9
35 34 6
35 49 2
35 65 2
35 18 -7
35 0 -6
35 48 6
35 1 3
35 25 -6
35 83 9
35 26 1
35 43 7
35 56 8
35 20 4
35 74 8
35 57 -6
35 53 2
35 14 6
35 61 1
35 29 -9
35 77 -5
35 47 -3
35 73 -9
35 46 8
35 6 5
35 66 4
35 44 -1
35 69 -7
35 12 -3
35 27 8
35 75 0
35 32 2
35 5 -5
35 60 7
35 55 -8
35 80 6
35 45 -5
35 42 7
35 30 3
35 52 -5
35 21 -1
35 3 -1
35 78 8
35 68 -7
35 9 1
35 22 3
35 71 -4
35 40 2
35 7 3
35 33 -1
35 11 1
35 63 -7
35 41 7
35 36 -9
35 54 -3
35 51 9
35 13 -2
35 37 4
35 23 -8
35 8 -6
35 76 0
35 16 4
36 20 0
36 71 -1
36 53 -4
36 30 9
36 76 -6
36 45 4
36 34 -6
36 32 7
36 17 6
36 69 -7
36 3 7
37 57 5
37 27 2
37 51 3
37 12 3
37 78 2
37 59 3
37 66 9
37 80 -6
37 44 9
37 15 2
37 30 -9
37 3 -9
37 6 -4
37 53 8
37 8 9
37 28 -3
37 77 -4
37 19 -1
37 18 -1
37 54 -4
37 14 -4
37 29 -4
37 26 8
37 81 -1
37 42 0
37 21 -2
37 43 -8
37 65 -3
37 17 3
37 64 2
37 61 -4
37 47 -4
37 71 0
37 70 -5
37 79 8
37 45 -2
37 31 -2
37 68 -9
37 84 7
37 5 4
37 60 7
37 83 9
37 24 8
37 11 -8
37 38 -8
37 50 5
37 34 -5
37 23 5
37 10 5
37 74 -3
37 73 2
37 16 9
37 2 -8
37 58 1
37 35 -3
38 48 1
38 65 -8
38 26 -8
38 2 -5
38 35 9
38 73 5
38 16 9
38 80 -5
38 51 -3
38 55 7
38 74 1
38 44 4
38 41 2
38 79 8
38 78 -8
38 66 9
38 1 -6
38 5 0
38 45 8
38 9 -7
38 47 5
38 49 7
38 43 -7
38 56 -9
38 13 0
38 58 -8
38 25 -2
38 54 -7
38 62 1
38 36 -7
38 37 7
38 19 1
38 61 0
38 4 -1
38 82 6
38 57 -7
38 17 5
38 12 -9
38 34 -7
38 27 3
38 8 3
38 76 -7
38 14 -7
38 23 8
38 31 9
38 24 -1
38 39 2
38 33 5
38 75 -1
38 67 6
38 72 -1
38 46 -9
39 80 9
39 7 -7
39 44 -7
39 78 -3
39 32 -6
39 56 -9
39 40 -2
39 20 -8
39 5 -4
39 74 0
39 11 -7
39 42 9
39 4 -2
39 15 -4
39 61 -3
39 70 -5
39 55 9
39 45 9
39 59 -3
39 16 -2
39 81 2
39 50 7
39 51 2
39 34 8
39 13 -2
40 21 8
40 6 2
40 30 -5
40 53 -2
40 24 8
40 74 -3
40 83 -6
40 61 -9
40 13 -6
40 18 8
40 67 2
40 80 -3
40 36 5
40 29 5
40 1 -3
40 70 -1
40 62 -5
40 44 -7
40 50 8
40 47 -8
40 51 7
40 75 -3
40 17 9
40 71 -4
40 42 2
40 7 -9
40 73 -9
41 63 -1
41 82 -7
41 32 6
41 14 -6
41 11 9
41 81 9
41 75 2
41 42 -6
41 80 -4
41 54 -2
41 48 -4
41 50 2
41 37 6
41 12 1
41 55 -1
41 22 4
41 35 0
41 34 1
41 57 -6
41 36 9
41 30 -1
41 61 3
41 28 0
41 44 -1
41 83 -7
41 7 2
41 59 -5
41 24 8
41 43 -8
41 5 2
41 6 3
41 10 -8
41 13 7
41 3 5
41 74 0
41 60 -5
41 40 3
41 72 -6
41 68 -8
41 4 -2
41 70 -9
41 56 0
41 1 -7
41 58 5
41 21 9
41 18 6
41 51 8
41 73 -7
41 26 -3
41 33 1
41 15 1
41 66 -3
41 78 0
41 79 1
41 38 0
41 20 -4
41 71 -7
41 23 7
41 16 -5
41 49 -1
41 69 -4
41 31 -2
41 77 -9
41 29 -2
41 45 -1
41 9 2
41 53 -3
41 25 -1
41 46 -1
41 2 -8
41 67 7
41 17 9
41 52 -9
41 62 -7
41 19 -9
41 65 2
41 27 0
41 8 3
41 84 6
42 23 -6
42 70 4
42 59 -6
42 12 6
42 1 -1
42 45 8
42 29 5
42 44 -5
42 8 1
42 9 6
42 39 -7
42 27 -4
42 80 -3
42 21 -2
42 64 -5
42 55 -9
42 61 6
42 50 -4
42 10 -5
42 14 -7
42 69 8
42 74 -9
42 22 -4
42 19 1
42 52 6
42 4 -8
42 15 -6
42 28 7
42 18 7
42 11 6
42 53 9
42 72 -9
42 7 -2
42 33 2
42 38 4
42 67 -8
42 36 3
42 54 -3
42 57 -4
42 46 -8
42 40 3
42 34 -8
42 60 2
42 73 -5
42 81 6
42 43 -5
42 31 -3
42 62 1
42 17 -2
42 32 6
42 63 0
42 71 5
42 47 -2
42 20 6
42 83 -7
42 25 -6
42 2 0
42 66 -2
42 56 4
42 35 -9
42 5 7
43 80 -8
43 70 -7
43 71 8
43 48 5
43 19 -9
43 35 -7
43 11 -2
43 50 0
43 49 -4
43 38 3
43 31 5
43 47 3
43 75 -2
43 40 7
43 5 -6
43 0 0
43 81 -8
43 10 -2
43 76 -2
43 34 -8
43 30 0
43 12 6
43 27 1
43 28 -8
43 55 7
43 13 -4
43 2 -5
43 8 -2
43 52 2
43 59 -6
43 23 1
43 32 1
43 14 -9
43 77 4
43 25 -9
43 24 4
43 26 8
43 61 -7
43 57 -4
43 33 9
43 58 -1
43 69 -6
43 79 -3
43 42 -2
43 66 6
43 78 4
43 82 3
43 20 4
44 38 -2
44 32 3
44 9 -5
44 48 -1
44 5 7
44 73 6
44 41 5
44 10 8
44 66 -9
44 26 1
44 3 7
44 47 8
44 18 9
44 46 8
44 39 -7
44 23 2
44 34 1
44 82 -2
44 1 -9
44 11 -9
44 61 -1
44 70 4
44 21 7
44 2 9
44 17 8
44 62 1
44 57 4
44 28 -7
44 40 3
44 68 6
44 63 2
44 49 7
44 60 0
44 13 -9
44 14 -8
44 16 2
44 65 -1
44 30 3
44 36 9
44 31 -7
44 75 -2
44 15 -6
44 80 -8
44 51 -6
44 71 2
44 24 -3
44 20 -2
44 76 4
44 22 6
44 27 -7
44 19 0
44 52 -5
44 83 3
44 58 -5
44 0 5
44 8 1
44 6 1
44 69 -3
44 29 1
44 59 -1
44 67 8
44 42 -7
44 84 2
44 50 -8
44 72 -3
44 37 5
44 45 1
44 53 8
44 4 -5
44 35 -6
44 7 -5
44 55 0
44 12 7
44 25 3
44 79 -8
44 43 -3
45 82 -1
45 42 2
45 79 -8
45 18 9
45 60 9
45 26 6
45 44 -9
45 55 -1
45 62 -1
45 67 -4
45 8 6
45 5 1
45 54 -3
45 0 -1
45 13 6
45 17 -4
45 59 -3
45 6 -6
45 20 6
45 50 9
45 56 -9
46 23 -9
46 0 9
46 72 -5
46 81 -7
46 67 5
46 41 -5
46 84 9
46 75 -8
46 80 9
46 13 3
46 69 -1
46 1 3
46 36 -5
46 21 -9
46 43 -1
46 70 3
46 65 -7
47 80 1
47 4 1
47 59 8
47 10 -2
47 32 6
47 84 4
47 74 6
47 39 4
47 64 9
47 68 9
47 62 -4
47 81 5
47 49 7
47 78 -2
47 51 8
47 79 6
47 69 -5
47 13 8
47 24 -9
47 25 2
47 22 -5
47 45 -5
47 31 0
47 71 5
47 29 5
47 42 -2
47 61 7
47 75 -7
47 36 4
47 33 -8
47 65 -3
47 41 -3
47 63 7
47 9 -7
47 38 -5
47 16 3
47 55 9
47 6 0
47 82 -8
47 14 7
47 18 -4
47 54 1
47 76 2
47 60 -9
47 52 -5
47 11 -8
47 34 5
47 46 8
47 7 -7
47 48 9
47 1 1
47 5 -9
47 43 1
47 12 4
47 50 8
47 66 9
47 30 2
47 83 -3
47 8 -3
47 3 9
47 23 -9
47 20 -9
47 56 -6
47 58 -1
47 15 0
47 53 -6
47 72 -1
48 72 -8
48 83 -8
48 2 -8
48 3 -1
48 25 -7
48 33 0
48 12 3
48 67 -8
48 40 -6
48 8 3
48 37 7
48 17 4
48 11 2
48 21 -9
48 59 9
48 32 5
48 10 7
48 77 -4
48 14 8
48 47 4
48 50 -5
48 18 -4
48 28 0
48 74 -7
48 19 -9
48 7 8
48 38 5
48 24 -5
48 46 -6
48 16 1
48 68 -2
48 51 2
48 55 7
48 84 6
48 5 -5
48 23 -8
48 35 -4
48 13 -3
48 34 -2
48 26 4
48 53 7
48 0 -8
48 45 4
48 4 -6
48 1 6
48 62 -2
48 64 -3
48 61 -3
48 29 7
48 30 -9
48 79 -9
48 36 9
48 58 6
48 22 -7
48 41 7
48 15 -2
48 75 4
48 71 -9
48 20 -6
48 49 9
48 31 7
48 9 -1
48 42 3
49 56 4
49 5 -3
49 34 -3
49 0 -3
49 54 7
49 59 -5
49 36 -7
49 41 1
49 73 -2
49 55 9
49 33 -1
49 23 8
49 50 8
49 29 -1
49 83 -6
49 38 -3
49 67 -5
49 68 5
49 48 3
49 64 1
49 10 1
49 2 3
49 15 4
49 39 -4
49 27 9
49 66 -3
49 25 -1
49 43 -2
49 28 3
49 42 -3
49 51 -1
49 70 -9
49 17 -8
49 76 7
49 4 4
49 7 4
49 21 -5
49 18 2
49 40 -8
49 80 -4
49 13 8
49 52 3
49 20 -9
49 77 0
49 31 7
49 62 8
49 30 1
49 75 5
49 6 7
49 9 9
49 69 -3
49 71 0
49 84 -8
49 46 -9
49 63 -1
49 82 -1
49 19 -6
49 45 -5
49 79 7
49 78 7
49 58 2
49 8 8
49 74 -2
49 61 -7
49 11 6
49 3 6
49 12 -1
49 32 3
49 16 6
49 24 -3
49 22 -5
49 1 0
49 53 2
49 47 -8
49 81 2
49 26 -8
49 44 -8
49 72 -2
49 60 -5
49 65 -9
49 14 4
50 39 -2
50 46 7
50 0 -8
50 64 -1
50 12 8
50 72 6
50 35 -6
50 67 -3
50 25 -4
50 23 4
50 65 -4
50 36 -5
50 4 -8
50 29 -7
50 44 4
50 48 -7
50 78 -9
50 38 -7
50 53 6
50 26 3
50 60 -7
50 84 7
50 75 4
50 8 9
50 2 3
50 17 2
50 3 3
50 1 -4
50 30 4
50 71 9
50 76 -4
50 6 5
50 74 2
50 41 -7
50 73 7
50 61 4
50 80 9
50 20 9
50 54 5
50 14 -5
50 33 3
50 58 8
50 40 -7
50 37 9
50 27 -1
50 49 9
50 42 -4
50 63 6
50 83 3
50 82 -8
50 34 1
50 9 -8
50 56 5
51 67 -6
51 25 -3
51 36 3
51 7 -9
51 60 -8
51 41 -3
51 11 7
51 54 -2
51 49 2
51 61 -6
51 12 -3
51 50 9
51 47 -5
51 38 3
51 2 -3
51 0 -6
51 75 7
51 77 8
51 70 -8
51 44 -9
51 45 8
51 69 -8
51 62 -6
51 33 -3
51 3 1
51 82 -1
51 15 -1
51 31 1
52 58 -1
52 74 -9
52 44 7
52 48 8
52 30 5
52 55 4
52 13 -6
52 14 0
52 9 0
52 79 -8
52 82 6
52 66 -4
52 46 -7
52 19 -7
52 33 7
52 8 -5
52 69 -5
52 80 1
52 63 -9
53 19 -1
53 36 -5
53 20 -9
53 14 -9
53 78 -5
53 51 5
53 70 9
53 11 -5
53 56 -5
53 65 9
53 54 -2
53 42 -7
53 26 -2
53 37 6
53 77 5
53 40 6
53 31 6
53 30 3
53 59 0
53 25 -5
53 76 1
53 7 7
53 12 5
53 62 8
53 80 -3
53 5 9
53 15 2
53 35 5
53 0 4
53 18 1
53 16 -5
53 38 -4
53 48 -2
53 13 -8
53 3 -2
53 72 6
53 29 1
53 8 -7
53 60 2
53 52 8
53 57 -4
53 46 -4
53 73 -4
53 34 -6
53 71 -3
54 45 -6
54 44 2
54 10 8
54 32 2
54 1 5
54 17 9
54 3 5
54 34 3
54 22 -4
54 67 -2
54 36 2
54 66 9
54 27 -1
54 57 1
54 37 -1
54 78 7
54 56 -4
54 5 -8
54 2 0
54 65 -2
54 77 1
54 12 -5
54 4 0
54 75 -4
54 52 -8
54 20 1
54 24 4
54 68 -2
54 46 3
54 58 5
54 38 -2
54 28 3
54 83 -1
54 81 -5
54 39 3
54 15 5
54 55 -3
54 7 0
54 73 -1
54 69 -7
54 29 6
54 6 1
54 23 -6
54 71 -5
54 51 4
54 61 -4
54 14 1
54 8 1
54 35 4
54 62 7
54 50 -8
54 25 -2
54 70 -4
54 18 6
54 16 -6
54 74 6
54 79 7
54 0 -6
54 49 -6
54 30 4
54 40 2
54 60 -3
54 41 5
54 53 -2
54 42 2
54 31 -5
54 84 2
54 59 -1
54 80 -9
55 35 -7
55 37 -4
55 57 -7
55 33 -6
55 26 8
55 77 -2
55 71 7
55 82 -9
55 20 -6
55 25 2
55 4 -8
55 0 1
55 24 2
55 50 -5
55 48 -5
55 83 -8
55 27 -7
55 45 0
55 6 -2
55 3 6
55 61 6
55 8 1
55 42 -8
55 15 4
55 67 -6
55 59 7
55 46 9
55 43 9
55 30 -1
55 81 -6
55 79 0
56 12 -1
56 74 1
56 32 2
56 72 7
56 75 3
56 38 -6
56 54 -3
56 46 -2
56 14 6
56 18 -9
56 16 -2
56 83 7
56 29 -6
56 79 -9
56 57 8
56 40 2
56 9 2
56 34 6
56 6 -1
56 3 4
56 82 0
56 13 -6
56 33 -1
56 64 0
56 67 0
56 66 -9
56 77 -2
56 53 2
56 61 8
56 49 5
56 2 -5
56 4 -3
56 21 0
56 28 2
56 10 3
56 59 -8
56 31 8
57 66 5
57 56 -2
57 29 3
57 78 -7
57 9 2
57 50 -5
57 52 3
57 65 3
57 4 -4
57 59 -8
57 18 -5
57 19 -7
57 0 -7
57 68 -5
57 17 -9
57 80 4
57 70 4
57 33 -2
57 3 6
57 1 8
57 37 1
57 5 -5
57 83 -8
57 10 -8
57 26 -1
57 32 3
57 60 -4
57 44 -6
57 75 0
57 11 -3
57 46 0
57 38 4
57 69 -6
57 12 1
57 42 -4
57 15 6
57 51 -8
57 71 0
57 28 3
57 39 9
57 31 -5
57 61 -6
57 77 7
57 72 -9
57 6 6
57 40 -9
58 26 -3
58 80 0
58 52 -7
58 13 6
58 38 -8
58 12 2
58 15 -4
58 82 7
58 65 4
58 42 8
58 84 4
58 63 -2
58 47 -5
58 39 2
58 0 2
58 32 9
58 9 8
58 17 5
58 31 6
58 70 -7
58 8 4
58 64 5
58 22 8
58 66 -5
58 49 -8
58 6 5
58 51 8
58 5 8
58 55 -4
58 33 9
58 78 9
58 4 3
58 24 -3
58 7 -1
58 27 4
58 61 2
58 1 9
58 41 -9
58 48 -4
58 74 1
58 37 -8
58 30 3
58 71 3
58 40 -8
58 18 2
58 54 -7
58 44 -7
58 20 6
58 23 -2
58 35 -8
58 36 -8
58 16 -6
58 2 4
58 45 2
58 29 0
58 57 2
58 69 -5
58 79 -5
58 76 -4
58 67 9
58 50 -8
58 46 -3
58 34 5
59 50 -6
59 76 9
59 61 2
59 63 -4
59 31 -7
59 2 4
59 66 -2
59 21 -8
60 26 -1
60 30 -4
60 53 2
60 82 -6
60 21 -3
60 62 -4
60 77 -5
60 39 -9
60 42 7
60 0 0
60 37 5
60 27 -1
61 17 0
61 57 3
61 34 -7
61 22 3
61 9 7
61 1 -1
61 50 9
61 26 4
61 11 -4
61 62 5
61 48 2
61 65 -8
61 82 0
61 76 -3
61 36 8
61 51 -4
61 70 -6
61 78 -5
61 80 -1
61 7 -5
61 30 -1
61 64 3
61 27 -4
61 79 9
61 77 3
61 72 9
61 69 -4
61 24 -9
61 25 -4
61 28 5
61 19 -3
61 53 -1
61 83 -5
61 84 9
61 8 1
61 18 -6
61 37 1
61 67 5
61 47 8
61 39 -8
61 31 8
61 81 9
61 74 4
61 15 4
61 2 8
61 16 -7
61 14 -6
61 73 0
61 13 8
61 10 6
61 40 9
61 33 5
61 35 0
61 56 -1
61 52 -6
61 43 -2
61 41 -9
61 29 0
61 12 -3
62 30 5
62 28 9
62 43 -4
62 24 -4
62 55 -1
62 26 -1
62 37 6
62 84 5
62 71 -8
62 68 -5
62 44 -6
62 3 7
62 1 -7
62 22 7
62 20 0
62 32 0
62 54 -8
62 76 -7
62 39 1
62 46 7
62 19 6
62 42 -7
62 78 -9
62 29 -3
62 7 -8
62 12 0
62 4 1
62 66 -5
62 2 5
62 72 4
62 9 -3
62 59 4
62 23 6
62 64 -4
62 65 2
62 15 7
63 76 1
63 6 4
63 55 7
63 78 8
63 45 2
63 37 4
63 4 -4
63 30 0
63 17 9
63 35 2
63 34 6
63 8 7
63 49 -9
63 33 -5
63 59 4
63 39 -6
63 36 6
63 56 3
63 61 -9
63 29 6
63 40 0
63 79 -1
63 24 2
63 60 7
63 26 4
63 21 6
63 10 9
63 13 -5
63 84 0
63 82 -7
63 9 3
63 72 -6
63 74 0
63 51 6
63 66 8
63 2 -4
63 58 3
63 80 -5
63 57 7
63 7 -9
63 18 8
63 16 9
63 70 -5
63 11 -2
63 25 2
63 38 2
63 48 6
63 5 9
63 28 -3
63 77 7
63 47 6
63 83 7
63 1 7
63 22 5
63 19 8
63 54 6
63 42 5
63 23 -3
63 32 -3
63 44 3
63 43 1
63 27 -1
63 3 -5
63 53 2
63 64 0
63 14 3
63 75 -4
63 46 9
63 20 7
63 67 -1
63 73 8
63 68 4
63 31 -2
64 49 9
64 45 -6
64 33 -1
64 19 7
64 50 6
64 12 1
64 68 0
64 62 -6
64 73 -6
64 9 -3
64 59 -9
64 55 4
64 16 -7
64 4 -3
64 31 -3
64 67 -3
64 30 5
64 24 9
64 29 -2
64 38 4
64 69 -4
64 84 -8
64 76 1
64 83 3
64 66 -5
64 1 6
64 51 -5
64 17 1
64 82 -2
64 35 -7
64 0 0
64 11 5
64 61 -3
64 79 -6
64 42 5
64 28 0
64 72 1
64 3 2
64 44 -1
64 18 -1
64 36 -4
64 40 2
64 56 -9
64 27 6
64 74 -7
64 71 -2
64 58 1
64 43 5
64 21 -7
64 22 4
64 41 5
64 57 -7
64 14 5
64 34 -9
64 37 -3
64 81 -8
64 63 -7
64 47 -5
64 20 -8
64 75 1
64 15 2
64 10 2
64 8 8
64 26 -9
64 39 -8
64 80 -2
64 60 1
64 7 -3
64 32 -7
64 6 5
64 65 -3
65 64 6
65 41 -7
65 54 6
65 38 2
65 7 4
65 16 6
65 23 1
65 83 -9
65 5 6
65 9 -1
65 40 -1
65 48 3
65 79 0
65 1 -7
65 60 -1
65 17 -9
65 8 -3
65 2 -2
65 15 1
65 70 6
65 55 1
65 77 1
65 82 3
65 46 -3
65 66 -9
65 73 -8
65 50 -8
65 39 -4
65 74 -8
65 47 0
65 59 2
65 21 6
65 24 8
66 54 -4
66 73 -5
66 38 -8
66 51 9
66 1 9
66 35 -2
66 39 4
66 13 1
66 56 -6
66 62 1
66 20 0
66 19 -3
66 16 1
66 4 7
66 75 1
66 32 1
66 2 2
66 3 -5
66 52 4
66 59 0
66 69 5
66 29 -6
66 40 -9
66 33 -4
66 45 0
66 7 3
66 78 -9
66 48 6
66 49 9
66 30 6
66 83 6
66 70 1
66 71 8
66 37 3
66 21 9
66 10 -7
66 6 -9
66 72 6
66 24 2
66 46 3
66 81 -1
66 17 -2
66 82 -5
66 76 8
66 79 5
66 0 0
66 12 4
66 64 -1
67 79 -6
67 33 4
67 3 3
67 83 -1
67 64 1
67 44 9
67 76 6
67 58 -1
67 60 -3
67 23 0
67 57 6
67 32 0
67 84 0
67 6 -3
67 66 8
67 35 -5
67 15 5
67 70 -6
67 46 -2
67 49 -3
67 69 1
67 31 -5
67 14 9
67 9 1
67 17 1
67 27 -1
67 30 -6
67 28 7
67 1 -7
67 74 -3
67 19 8
67 53 3
67 59 -6
67 62 9
67 16 7
67 77 -8
67 50 0
67 78 -9
67 37 3
67 29 -6
67 82 6
67 24 -1
67 21 -7
67 7 2
67 34 -3
67 51 -8
67 72 -2
67 18 -1
67 5 6
67 52 -5
67 61 -1
67 40 -4
67 65 3
67 54 -4
67 41 -4
67 80 8
67 71 0
68 62 -6
68 67 -9
68 45 -5
68 55 9
68 3 7
68 59 -5
68 71 -2
68 1 3
68 66 -9
68 5 6
68 32 -3
68 16 -7
68 35 4
68 23 -8
68 84 3
68 18 2
68 48 -2
68 61 -3
68 28 6
68 72 -1
68 70 -8
68 38 7
68 50 7
68 77 9
68 63 9
68 36 1
68 83 -9
68 74 0
68 31 -7
68 8 -2
68 51 5
68 54 2
68 42 -6
68 19 9
68 44 2
68 73 -6
68 29 9
68 81 -4
68 40 9
68 65 -7
68 24 6
68 33 8
68 14 -2
68 76 -6
68 22 7
68 20 -1
68 11 -3
68 56 -5
68 52 -5
68 57 -2
68 39 -3
68 49 3
68 43 6
68 30 -5
68 4 -1
68 9 6
68 82 9
68 25 9
68 58 8
68 12 5
68 53 6
68 34 -5
68 80 2
68 37 -2
68 17 9
68 10 2
68 60 5
68 7 1
68 6 1
68 27 5
68 79 1
68 0 -1
68 41 7
68 21 8
68 64 6
68 15 -2
68 69 -8
68 46 -6
69 29 7
69 42 0
69 19 -1
69 84 1
69 7 5
69 65 9
69 36 -4
69 28 -8
69 73 -4
69 66 -3
69 72 -2
69 22 7
69 64 8
69 81 -2
69 82 -5
69 9 -8
69 30 8
69 47 -1
69 17 5
69 79 -4
69 12 -5
69 39 -8
69 67 -1
69 78 1
69 21 -6
69 77 7
69 51 7
69 24 0
69 1 2
69 46 3
69 27 -2
69 0 4
69 13 5
69 83 2
69 26 -5
69 68 -7
70 10 -1
70 55 2
70 45 -9
70 16 -2
70 3 -2
70 71 7
70 21 7
70 57 5
70 8 5
70 7 -9
70 75 2
70 37 -6
70 47 1
70 20 -4
71 8 -7
71 68 -8
71 38 -5
71 40 4
71 48 6
71 53 6
71 5 -9
71 79 2
71 24 -8
71 2 -6
71 35 -5
71 21 3
71 67 2
71 16 -1
71 61 -1
71 51 7
71 74 4
71 42 8
71 78 5
71 41 -7
71 84 9
71 20 7
71 43 3
71 60 8
71 33 -3
71 81 -3
71 52 2
71 50 2
71 39 1
71 13 -4
71 4 -4
71 26 -5
71 82 2
71 77 1
71 11 8
71 29 9
71 36 -4
71 70 1
71 23 3
71 1 -4
71 54 -1
71 32 9
71 12 -4
71 73 9
71 0 2
72 73 -4
72 42 -8
72 40 -8
72 82 -6
72 38 -6
72 15 0
72 58 -8
72 60 8
72 20 5
72 54 0
72 16 0
72 8 8
72 32 9
72 49 -4
73 28 -9
73 30 9
73 49 -9
73 27 -4
73 75 5
73 6 8
73 67 5
73 71 -2
73 36 -3
73 21 2
73 23 1
73 64 -7
73 4 -1
73 83 9
73 39 -8
73 78 3
73 0 -1
73 45 1
73 80 9
73 32 2
73 34 3
73 20 6
73 12 -1
73 57 4
73 62 -3
73 70 9
73 38 4
73 46 4
73 24 -4
73 58 -2
73 55 -5
73 59 9
73 63 -7
73 53 -5
73 2 -5
73 69 2
73 54 4
73 3 6
73 42 7
73 41 -9
73 29 -2
73 33 4
73 52 -3
73 5 -2
73 50 -9
73 72 5
73 56 0
73 17 -1
73 40 1
73 14 7
73 79 -4
73 43 -7
73 7 -4
73 61 5
73 16 5
73 60 2
73 74 -2
73 26 8
73 31 -4
73 10 -2
73 35 -2
73 11 -5
73 65 4
73 48 4
73 9 1
73 68 -9
73 22 -1
73 44 8
74 66 6
74 54 8
74 6 5
74 72 -7
74 43 9
74 61 -4
74 15 2
74 7 -8
74 73 0
74 49 6
74 58 8
74 20 -1
74 1 8
74 36 -3
74 39 5
74 22 3
74 46 -5
74 69 -3
74 63 -9
74 18 1
74 71 5
74 21 -5
74 76 7
74 68 -8
74 65 7
74 84 7
74 11 -4
74 29 -1
74 60 1
74 41 -5
74 44 -7
74 56 -6
74 47 -6
74 31 6
74 2 0
74 17 -5
74 48 -5
75 22 -5
75 39 -3
75 72 1
75 77 3
75 50 -5
75 28 -1
75 38 8
75 81 5
75 10 3
75 33 -1
75 49 1
75 44 -9
75 78 -1
75 20 6
75 58 -5
75 67 8
75 63 -3
75 18 9
75 69 -1
75 4 -5
75 13 6
75 19 0
75 8 -1
75 23 5
75 54 -9
75 11 -8
75 1 0
75 0 4
75 45 6
75 80 -9
75 42 6
75 6 2
75 15 4
75 34 2
75 35 1
75 16 -4
75 40 9
75 76 -9
75 56 -4
75 9 -1
75 70 3
75 17 -6
75 83 0
75 52 -4
75 84 0
75 53 -2
75 24 5
75 36 -4
75 61 -4
75 29 5
75 64 0
75 14 3
75 74 6
75 31 5
75 47 -7
75 46 8
75 27 1
76 67 -4
76 29 9
76 83 2
76 32 -7
76 74 -6
76 2 4
76 84 -7
76 26 -9
76 36 -3
76 69 2
76 63 -3
76 50 -4
76 45 4
76 22 -4
76 7 9
76 16 5
76 64 9
76 19 -6
76 47 -2
76 1 6
76 14 -3
76 33 4
76 10 -5
76 6 4
76 81 -5
76 70 -8
76 77 8
76 73 -4
76 52 -6
76 46 -2
76 61 -1
76 40 7
76 82 -4
76 41 -5
76 59 9
76 54 -5
76 34 -6
76 37 3
76 44 -3
77 52 -2
77 35 5
77 11 0
77 50 -2
77 22 -7
77 73 9
77 9 -2
77 26 -4
77 37 0
77 59 -4
77 17 1
77 20 -2
77 65 6
77 15 -9
77 48 -8
77 83 -8
77 14 -3
77 67 -7
77 30 7
77 27 8
77 39 -5
77 81 -8
77 33 3
77 61 8
77 28 -1
77 80 -4
77 18 -7
77 5 9
77 4 -1
77 40 6
77 60 -7
77 23 2
77 43 8
77 54 -7
77 71 3
77 34 0
78 49 -9
78 81 -1
78 64 5
78 44 -3
78 84 -6
78 47 1
78 19 7
78 9 -1
78 36 1
78 79 -2
78 28 5
78 15 -8
78 55 -6
78 1 9
78 0 -2
78 50 8
78 7 7
78 68 9
78 45 7
78 4 6
78 77 5
78 57 -7
78 59 -3
78 34 -6
78 52 2
78 31 -3
78 60 3
78 32 5
78 69 9
78 27 -3
78 56 -2
78 17 0
78 37 8
78 80 7
78 61 3
78 70 -5
78 41 7
78 18 3
78 24 0
78 74 -3
78 30 1
78 46 -3
78 21 8
78 22 6
78 43 -5
78 65 9
78 42 -2
78 5 6
78 73 -1
78 38 -7
78 39 0
78 13 -2
78 62 -7
78 67 -3
78 51 5
78 3 8
78 33 4
78 35 7
78 83 -2
78 20 -6
78 53 8
78 82 1
78 10 2
78 12 -9
78 54 4
78 76 6
78 25 2
78 66 5
79 48 -1
79 35 1
79 43 7
79 76 9
79 80 -4
79 2 7
79 10 8
79 58 6
79 70 -6
79 73 8
79 13 -8
79 3 2
79 45 4
79 19 4
79 12 -5
79 52 -7
79 21 0
79 32 1
79 8 -9
79 41 2
79 74 3
79 11 4
79 60 -1
79 55 8
79 56 0
79 20 -4
79 0 0
79 68 7
79 36 9
79 27 -9
79 39 -9
80 3 -8
80 15 -2
80 63 -3
80 1 -7
80 72 5
80 9 0
80 14 -3
80 35 -8
80 32 9
81 67 -1
81 6 -4
81 53 9
81 29 9
82 51 2
82 34 4
82 61 8
82 80 -9
82 28 -4
82 30 -4
82 50 4
82 9 -3
82 33 -3
82 36 -4
82 17 -2
82 73 1
82 63 6
82 60 5
82 39 -6
82 65 1
82 42 9
82 21 -5
82 66 5
82 15 -5
82 0 -1
82 56 -7
82 27 -6
82 26 -3
82 11 6
82 68 8
82 7 -7
82 6 -8
82 40 -7
82 49 7
82 71 -8
82 20 -6
82 78 9
82 1 4
82 70 5
82 43 7
82 10 1
82 46 -7
82 55 1
82 8 6
82 45 -9
82 13 -4
82 35 3
82 75 -9
82 29 7
82 58 0
82 41 -9
82 5 1
82 67 0
82 76 -6
82 3 9
82 23 6
82 84 -1
82 12 7
82 77 -1
82 48 0
82 38 -3
82 52 -7
82 64 4
82 62 6
82 44 6
83 43 -7
83 10 -6
83 60 -1
83 36 -8
83 14 5
83 37 -4
83 53 -7
83 15 5
83 29 -6
83 4 7
83 62 1
83 63 1
83 44 3
83 58 3
83 20 9
83 47 -7
83 71 3
83 25 -6
83 3 -9
83 50 2
83 56 0
83 7 0
83 59 8
83 8 -5
83 51 2
83 76 6
83 18 -4
83 39 -6
83 35 -9
83 65 -4
83 11 2
83 61 9
83 0 -6
83 69 1
83 34 -4
83 74 3
83 31 -3
83 13 9
83 80 -8
83 27 -4
83 70 6
83 28 -2
83 79 -9
83 55 0
83 21 3
83 19 -6
83 5 -1
83 84 3
83 16 -1
83 24 0
83 2 6
83 81 -4
83 1 4
83 75 -5
83 46 3
84 63 -6
84 4 3
84 24 -6
84 22 3
84 47 7
84 26 -6
84 60 0
84 30 -2
84 48 -8
84 56 -8
84 20 -5
84 43 3
84 49 8
84 53 4
84 59 -1
84 75 2
84 61 4
84 25 -5
84 62 -6
84 31 -4
84 69 -2
84 37 7
84 35 7
84 8 1
84 50 -1
84 10 0
84 58 1
84 32 3
84 54 5
84 13 4
84 7 -5
84 52 -6
84 14 -8
84 68 -6
84 70 -2
84 12 -4
84 79 -7
84 9 -2
84 82 7
84 29 -9
84 39 -2
84 2 3
84 74 0
84 36 6
84 6 3
84 83 3
84 11 -8
84 27 3
84 17 -5
84 45 3
84 5 0
84 34 3
84 28 7
84 41 6
