91
3870
true
0 41 8
1 75 1
1 8 -1
1 14 3
1 28 -5
1 6 -1
1 41 -6
1 48 4
1 49 -9
1 37 0
1 65 -4
1 55 -8
1 77 -2
1 59 2
1 2 -1
1 18 5
1 42 -5
1 73 -4
1 21 7
1 39 9
1 0 7
1 5 -4
1 72 -5
1 79 3
1 35 -7
1 3 -3
1 71 -6
1 76 6
1 61 -5
1 69 -2
1 78 6
1 10 -5
2 48 8
2 50 -1
2 64 4
2 84 -6
2 34 2
2 43 7
2 19 9
2 54 -5
2 9 1
2 81 9
2 61 -7
2 42 4
2 13 -8
2 55 -7
2 60 -4
2 32 -5
2 88 -8
2 18 2
3 23 3
3 53 7
3 28 9
3 50 -7
3 18 5
3 38 -7
3 34 7
3 77 8
3 54 2
3 86 -8
3 70 -8
3 42 -4
3 80 -1
3 5 -5
3 13 -5
4 75 -7
4 81 3
4 35 9
4 50 2
4 47 8
4 83 -7
4 68 -8
4 54 -5
4 53 -6
4 33 2
4 86 5
4 74 -9
4 22 -3
4 55 -3
4 9 1
4 3 -6
4 45 -7
4 82 2
4 23 5
4 72 9
4 12 -7
4 39 -8
4 46 4
4 40 -1
4 2 1
4 28 -7
4 8 -5
4 18 -9
4 80 1
4 84 -8
4 71 -2
4 60 8
4 56 -9
4 15 1
4 48 4
4 89 -7
4 77 -4
4 5 -3
4 78 1
4 1 3
4 10 5
4 70 -5
4 64 -5
4 7 -5
4 13 -2
4 62 7
4 25 -2
4 17 -7
4 79 0
4 14 -3
4 36 6
4 85 7
4 61 6
4 31 6
4 49 -8
4 88 -8
4 69 7
4 6 4
4 52 -7
4 16 -1
4 20 1
4 38 5
4 42 -7
4 43 -9
4 87 -8
4 27 4
4 30 -1
4 34 0
4 32 5
5 38 -6
5 25 -1
5 26 -9
5 63 0
5 23 3
5 34 7
5 17 -9
5 81 8
5 37 7
5 73 9
5 57 -9
5 7 -7
5 13 0
5 35 -2
5 52 -4
5 11 7
5 50 -5
5 21 -1
5 18 9
5 83 9
6 69 -3
6 41 -3
6 49 5
6 65 3
6 18 7
6 29 9
6 25 7
6 35 1
6 13 -1
6 0 2
6 48 6
6 19 -8
6 63 -3
6 44 -2
6 12 -7
6 73 6
6 77 -2
6 64 5
6 53 8
6 88 -8
6 22 5
6 71 -6
6 10 -2
6 27 6
6 32 -2
6 52 7
6 43 8
6 74 -6
6 57 -7
6 33 -3
6 79 -8
6 28 2
6 14 9
6 5 -9
6 87 4
6 42 5
6 23 -1
6 37 -2
6 66 1
6 4 -4
6 54 6
6 61 -5
6 26 2
6 70 4
6 16 1
6 24 -7
6 51 4
6 40 -1
6 8 4
6 39 -1
6 62 4
6 30 8
6 90 1
6 56 -2
6 47 4
6 68 4
6 45 6
6 1 5
6 67 -9
6 85 -7
6 89 1
6 84 6
6 34 -8
6 31 5
6 86 5
6 2 7
6 59 3
6 46 8
6 7 5
6 58 6
6 82 -1
6 9 0
6 80 9
6 50 -5
6 75 7
6 21 -9
6 15 -8
6 76 -9
6 17 1
7 14 -5
7 83 3
7 6 9
7 75 -5
7 81 -3
7 1 -7
7 8 8
7 12 6
7 25 -6
7 69 9
7 33 0
7 9 5
7 43 7
7 44 7
7 56 3
7 10 9
7 31 -4
7 17 -6
7 68 5
7 2 7
7 61 -1
7 24 -5
7 23 -7
7 76 -6
7 59 -9
7 21 4
7 85 -4
7 19 2
7 55 5
7 15 9
7 89 7
7 39 7
7 26 -5
7 32 2
7 20 -9
7 78 3
7 71 -8
7 58 -2
7 86 -4
7 46 5
7 41 3
7 50 -3
7 27 -4
7 53 0
7 18 2
7 49 1
7 66 1
7 47 0
7 51 6
7 67 -2
7 28 0
8 47 -2
8 35 3
8 19 1
8 76 7
8 71 -5
8 17 3
8 25 5
8 28 -9
8 3 -4
8 79 -8
8 78 -9
8 14 -1
8 63 5
8 13 4
8 15 -7
8 51 -4
8 11 9
8 90 5
8 6 -6
9 75 1
9 59 6
9 6 1
9 23 -4
9 89 8
9 62 8
9 63 -7
9 22 6
9 77 8
9 46 2
9 69 0
9 81 -8
9 76 6
9 71 5
9 29 -1
9 15 3
9 32 -6
9 13 2
9 36 -6
9 72 6
9 5 3
9 49 4
9 85 -3
9 27 0
9 21 -8
9 82 -7
9 70 4
9 4 6
9 48 4
9 84 -1
9 43 4
9 14 6
9 50 0
9 39 -8
9 18 2
9 67 -9
9 60 -7
9 41 -7
9 30 2
9 44 2
9 12 5
9 88 -1
9 42 5
9 86 4
9 83 9
9 80 -9
9 90 -1
9 74 6
9 7 3
9 47 6
9 20 5
9 66 -6
9 24 -1
9 65 1
9 53 4
9 73 -4
9 28 3
9 57 5
9 10 -1
9 64 -4
9 58 -1
9 35 -7
9 26 0
9 40 0
9 51 -8
9 55 -7
9 34 8
9 37 4
9 33 -4
10 42 5
10 9 -5
10 30 7
10 2 -2
10 49 0
10 51 -4
10 28 -1
10 4 9
10 57 8
10 19 -8
10 74 8
10 58 2
10 31 1
10 79 5
10 8 -3
11 0 0
11 78 -5
11 19 8
11 62 7
11 3 -7
11 15 -7
11 18 -1
11 6 -9
11 51 4
11 69 2
11 27 2
11 54 8
11 89 -7
11 12 -1
11 26 -9
11 25 8
11 30 -7
11 37 -3
11 13 3
11 48 3
11 14 -1
11 74 -4
11 63 7
11 42 -3
11 53 4
11 76 5
11 84 -7
11 61 5
11 1 6
11 31 8
11 72 1
11 5 -1
11 86 8
12 56 -9
12 32 8
12 25 -2
12 59 5
12 51 -5
12 2 -6
12 29 0
12 78 -5
12 83 -6
12 58 3
12 47 9
12 57 6
12 80 -6
12 76 -6
12 66 4
12 33 8
12 11 -1
12 85 -1
12 70 -4
12 43 4
12 19 -5
12 88 -5
12 3 -7
12 38 3
12 17 -5
12 68 -2
12 81 2
13 72 3
13 21 9
13 30 -7
13 7 4
13 53 9
13 75 -2
13 57 5
13 46 4
13 65 -2
13 26 4
13 38 6
13 87 9
13 25 -4
13 81 2
13 66 -1
13 51 -5
13 41 8
13 6 -6
13 9 -2
13 3 6
13 32 -4
13 19 -8
13 37 -9
13 44 8
13 27 8
13 11 3
13 60 -2
13 29 -1
13 50 -7
13 1 -9
13 40 -2
13 85 -1
13 80 5
13 78 9
13 83 -9
13 22 -8
13 61 5
13 20 -3
13 2 -1
13 45 -4
13 28 9
13 5 7
13 39 4
13 56 -8
13 43 -8
13 64 -2
13 36 -6
13 8 -2
13 82 2
13 47 7
13 59 0
13 74 5
13 73 -9
13 18 -4
13 90 8
13 31 -4
13 17 -7
13 14 -8
13 84 3
13 48 9
13 12 6
13 52 0
13 4 7
13 62 -3
13 15 -2
13 34 -1
13 10 -4
14 59 8
14 18 -9
14 82 -7
14 74 -4
14 55 -6
14 85 1
14 17 1
14 11 6
14 54 -4
14 2 5
14 15 -8
14 64 4
14 24 -4
14 77 6
14 58 1
14 60 -4
14 43 7
14 44 -5
14 35 -4
14 8 -2
14 46 -6
14 23 -5
14 27 -3
14 41 4
14 80 -4
14 50 -8
14 69 -6
14 28 8
14 88 8
14 90 -3
14 49 -6
14 22 0
14 42 3
14 6 9
14 86 3
14 29 6
14 65 -5
14 81 -8
14 66 6
14 19 6
14 39 5
14 56 -1
14 71 6
14 87 7
14 1 5
14 16 -8
14 63 -8
14 51 -2
14 47 -4
14 30 2
14 73 1
14 79 7
14 32 -4
14 5 -2
14 62 5
14 0 -1
14 45 0
14 84 3
14 57 0
14 89 -5
14 10 -8
14 53 -7
14 78 -7
14 61 -7
14 67 -1
14 3 7
14 37 -3
14 4 -6
14 48 1
15 65 6
15 63 9
15 50 -6
15 22 6
15 4 8
15 42 1
15 89 -1
15 19 -1
15 23 -6
15 88 -9
15 81 1
15 26 -1
15 78 9
15 11 2
15 52 -2
15 71 0
15 55 7
15 74 -2
15 58 -3
15 33 -4
15 0 4
15 57 -1
15 3 9
15 5 -5
15 86 -5
15 90 -5
15 69 -7
15 29 -3
15 35 1
15 56 9
15 82 -3
15 54 9
15 38 7
15 44 -8
16 20 3
16 44 4
16 68 5
16 62 8
16 53 9
16 67 1
16 4 -2
16 40 6
16 45 -5
16 6 9
16 23 -3
16 65 3
16 88 5
16 54 0
16 31 2
16 28 -7
16 60 2
16 79 3
16 47 1
16 41 8
16 51 -2
16 59 -6
16 37 -7
16 34 -5
16 26 -3
16 50 7
16 27 6
16 29 -7
16 74 6
16 15 6
16 12 -1
16 43 5
16 49 5
16 24 6
16 75 -8
16 35 7
16 77 9
16 7 -5
16 70 6
16 76 -5
16 63 -3
16 55 -4
16 30 7
16 89 0
16 72 -2
16 71 2
16 1 5
16 32 7
16 69 9
16 13 -6
16 56 -7
16 9 -7
16 14 -9
16 8 4
16 39 2
16 80 -7
16 2 8
16 22 1
16 81 -5
16 78 -5
16 86 -4
16 46 4
16 36 4
16 25 -8
16 5 -1
16 90 -8
16 87 -6
16 73 -1
16 52 5
16 82 -4
16 19 0
16 84 9
17 9 2
17 43 7
17 13 6
17 16 -6
17 71 0
17 15 6
17 7 1
17 23 5
17 12 -9
17 18 7
17 33 -7
17 75 -3
17 34 -6
17 41 3
17 88 -1
17 0 5
17 90 -3
17 55 -1
17 1 6
17 14 -2
17 76 -5
17 70 -8
17 36 -6
18 19 -6
18 87 1
18 1 -5
18 11 -1
18 90 0
18 16 5
18 13 -4
18 27 -9
18 63 3
18 41 -7
18 42 3
18 32 -6
18 74 -8
18 50 3
18 72 -6
18 61 -3
18 47 8
18 64 -1
18 81 0
18 22 -8
18 8 5
18 52 -3
18 75 -5
18 15 0
18 71 5
18 6 3
18 33 4
18 79 1
18 76 7
18 88 4
18 30 0
18 66 6
18 2 3
18 45 -4
19 62 2
19 29 4
19 3 6
19 1 -6
19 65 3
19 20 3
19 87 6
19 41 5
19 32 3
19 18 -4
19 16 2
19 24 1
19 39 -9
19 48 3
19 26 -1
19 88 7
19 12 -5
19 14 9
19 78 -4
19 66 9
20 76 3
20 34 8
20 29 1
20 56 -7
20 75 8
20 19 6
20 51 2
20 11 0
20 66 4
20 43 -7
20 14 -7
20 81 4
20 86 6
20 90 -4
20 46 6
20 83 -8
20 55 -5
20 6 -9
20 2 -2
20 9 2
20 42 7
20 82 -1
20 58 2
20 3 1
20 40 -9
20 33 3
20 72 7
20 73 -4
20 71 1
20 77 -5
20 57 5
20 27 8
20 16 -2
20 64 4
20 35 0
20 12 -9
20 89 4
20 69 1
20 13 1
20 63 0
20 24 6
20 23 -3
20 74 0
20 17 -4
20 0 -8
20 59 -1
20 67 5
20 18 0
20 84 4
20 39 -9
20 32 -8
20 68 -7
20 48 7
20 62 -2
20 36 8
20 49 1
20 53 6
20 7 6
20 15 4
20 41 6
20 1 -4
20 21 4
20 85 9
20 28 -7
20 10 3
20 4 7
20 38 5
20 30 7
20 70 7
20 79 -4
20 87 2
20 45 -4
20 60 -3
20 50 5
20 78 -3
20 80 0
20 5 8
20 26 2
20 47 -4
20 31 7
21 1 -1
21 37 2
21 73 5
21 26 -6
21 56 -2
21 42 -9
21 64 8
21 54 -9
21 69 0
21 68 6
21 63 -4
21 55 -5
21 33 1
21 74 -9
21 16 6
21 43 -1
21 2 -6
21 38 5
21 75 -4
21 48 -7
21 18 8
21 5 -4
21 28 5
21 15 -4
21 65 1
21 52 0
21 88 9
21 47 0
21 80 -1
21 79 9
21 87 6
21 66 -3
21 29 5
21 67 -5
21 72 -7
21 62 8
21 76 0
21 40 2
21 23 -8
22 31 6
22 59 4
22 57 -9
22 34 4
22 47 2
22 45 -6
22 84 6
22 33 5
22 17 5
22 16 0
22 58 8
22 12 -9
22 63 -7
22 74 -9
22 37 -7
22 36 9
22 27 5
22 8 -8
22 81 -8
22 11 3
22 44 4
22 51 -9
22 7 -4
22 61 -3
22 88 -8
22 24 -2
22 70 3
22 62 2
22 40 -3
22 75 1
22 30 -2
22 2 3
22 85 6
22 68 1
22 60 -9
22 23 6
22 80 6
22 48 3
22 43 -3
22 13 0
22 18 5
22 67 -8
22 82 6
22 19 -1
22 49 -1
22 5 7
22 0 -8
22 71 -1
22 35 -9
22 72 -4
22 20 0
22 55 -2
22 32 -9
22 78 1
22 65 -8
22 39 0
22 90 8
22 21 5
22 77 4
22 87 6
22 69 9
22 14 5
22 42 -8
22 25 1
22 1 2
22 10 -2
22 54 -3
22 9 2
22 28 -2
22 6 1
22 86 8
22 4 5
22 26 -2
22 64 -3
22 52 3
22 66 8
22 53 5
22 41 4
22 38 -5
22 73 -8
22 56 -9
23 71 -7
23 3 -3
23 89 7
23 0 -4
23 21 6
23 90 -6
23 56 -3
23 1 3
23 41 -3
23 48 3
23 15 -2
23 82 -1
23 8 0
23 27 -7
23 42 -4
23 38 9
23 81 -4
23 69 4
23 43 -6
23 26 6
23 36 6
23 76 -1
23 2 3
23 84 5
23 72 8
23 85 -6
23 47 -7
23 32 0
23 74 0
23 53 7
24 23 -8
24 66 -1
24 78 4
24 30 4
24 64 -7
24 55 2
24 21 -4
24 62 1
24 61 4
24 0 9
24 19 -2
24 40 -7
24 69 -7
24 37 -5
24 57 -6
24 46 -1
24 83 -9
24 18 -7
24 58 -1
24 26 5
24 68 -5
24 85 9
24 51 -3
24 14 -8
24 20 2
24 6 -6
24 74 4
24 13 0
24 44 -8
24 81 3
24 8 2
24 31 9
24 5 1
24 90 -1
24 41 -3
24 43 4
24 79 -7
24 4 8
24 16 4
24 54 4
24 60 -1
24 53 -4
24 47 3
24 28 -7
24 2 -5
24 32 9
24 11 1
24 89 9
24 59 6
24 65 -4
24 35 7
24 82 7
24 12 5
24 77 -2
24 38 -8
24 42 -7
24 50 7
24 76 -2
24 10 1
24 22 5
24 86 -5
24 73 9
24 39 -8
24 36 6
24 45 -1
24 80 1
24 17 -1
24 88 -2
24 70 -4
24 29 -4
24 1 9
24 49 -3
24 7 -8
24 3 7
24 34 -4
24 9 -9
24 56 -5
25 5 -5
25 1 7
25 29 -1
25 10 -5
25 55 1
25 20 -2
25 2 6
25 37 -3
25 81 5
25 7 1
25 47 -4
25 40 -3
25 85 -5
25 49 -6
25 70 7
25 51 -6
25 16 4
25 39 3
25 14 7
26 87 -3
26 72 -6
26 66 1
26 84 -1
26 43 8
26 89 -1
26 53 5
26 71 0
26 39 5
26 8 -5
26 14 8
26 18 4
26 0 8
26 88 7
26 50 -1
26 90 -6
26 63 -3
26 36 -6
26 29 8
26 58 -5
26 1 -2
26 30 4
26 34 -2
26 17 -8
26 69 7
26 77 -9
26 57 -3
26 24 -6
26 37 5
26 27 2
26 60 -9
26 47 8
26 6 -9
26 31 -3
26 78 8
26 52 1
26 7 2
26 65 9
26 74 7
26 76 -3
26 61 -1
26 81 9
26 38 -9
27 57 -8
27 24 -6
27 62 0
27 35 -4
27 23 5
27 55 1
28 0 8
28 22 2
28 80 -9
28 38 3
28 78 0
28 87 4
28 76 -7
28 89 9
29 3 8
29 17 -5
29 80 -3
29 75 -1
29 26 6
29 19 0
29 34 1
29 8 -7
29 14 9
29 9 -4
29 13 -8
29 60 1
30 36 -1
30 88 -8
30 86 5
30 87 -1
30 31 4
30 20 9
30 64 -7
30 74 4
30 47 -5
30 44 3
30 28 -1
30 89 -6
30 26 8
30 71 6
30 9 -3
30 6 6
30 82 -2
30 13 5
30 12 -3
30 50 4
30 39 -7
30 85 -3
30 51 6
30 38 -7
30 0 -9
30 63 2
30 22 5
30 60 1
30 2 -3
30 48 -2
30 40 -7
30 62 -6
30 49 8
30 32 9
30 42 -5
30 65 0
30 56 1
30 14 -2
30 34 -1
30 59 0
31 90 4
31 1 -2
31 32 0
31 67 6
31 76 1
31 51 9
31 80 -8
31 88 2
31 38 -2
31 89 -6
31 69 3
31 66 8
31 55 -4
32 40 -8
32 90 2
32 82 -3
32 89 -2
32 79 3
32 52 0
32 45 -4
32 16 -7
32 47 6
32 51 2
32 36 -8
32 13 -3
32 49 -3
32 58 7
32 71 2
32 21 -4
32 76 4
32 73 5
32 37 -3
32 60 6
32 67 -8
32 26 -6
32 6 -6
32 23 3
32 43 8
32 68 -6
32 28 3
32 69 -3
32 61 7
32 12 3
32 3 -6
32 24 -3
32 46 8
32 87 -7
32 44 -3
32 62 9
33 19 -7
33 36 -6
33 88 1
33 11 7
33 50 -9
33 80 -7
33 49 -6
33 32 0
33 66 7
33 44 -1
33 29 0
33 21 5
33 10 -2
33 25 3
33 8 2
33 13 -4
33 7 -9
33 60 4
33 67 -8
33 83 -3
33 41 -8
33 24 6
33 4 8
33 63 5
33 47 -9
33 2 3
33 23 3
33 14 -3
33 70 8
33 5 0
33 37 -7
34 32 -6
34 42 -9
34 56 -8
34 1 -6
34 74 0
34 7 -1
34 21 2
34 11 -4
34 48 8
34 45 -4
34 89 -8
34 90 -5
34 29 8
34 37 1
34 84 7
34 67 7
34 73 9
34 60 5
34 66 5
34 25 4
34 6 -4
34 36 -5
34 31 0
34 26 -7
34 54 -4
34 24 6
34 27 1
34 59 -6
34 33 4
34 79 -8
34 76 -2
34 20 8
34 23 -5
34 35 3
34 15 1
34 57 -2
34 14 1
34 81 0
34 50 -2
34 72 -8
34 83 3
34 46 -2
35 15 9
35 73 7
35 2 8
35 69 -8
35 90 3
35 19 5
35 89 -3
35 20 -6
35 72 -6
35 52 5
35 25 7
35 62 7
35 37 8
35 27 1
35 78 4
35 1 7
35 32 3
35 85 -4
35 76 -9
35 64 7
35 16 0
35 71 -1
35 24 9
35 77 2
35 57 -5
35 45 6
35 18 -3
35 49 0
35 9 -4
35 33 1
35 13 2
35 75 -3
35 70 -3
35 7 4
35 30 -1
35 23 -5
35 22 3
35 0 -6
36 70 9
36 85 2
36 55 8
36 81 -1
36 18 -2
36 63 -6
36 67 8
36 15 9
36 10 -2
36 35 -3
36 4 3
36 88 -1
36 61 -3
36 78 9
36 77 -6
36 84 -8
36 82 6
36 25 -8
36 11 -2
36 29 -5
36 38 9
36 22 -1
36 62 1
36 12 8
36 87 3
36 45 7
36 24 -6
36 75 0
36 66 -6
36 20 -2
36 83 0
36 28 -9
36 5 -5
36 23 3
36 52 -4
36 21 -8
36 51 -5
36 27 5
36 80 -7
36 56 -5
36 71 7
36 39 -2
36 41 9
36 33 4
36 43 -8
36 0 -9
37 44 8
37 6 -7
37 1 6
37 65 -3
37 49 -2
37 58 -7
37 61 7
37 27 5
37 60 -8
37 73 -5
37 56 -9
37 41 -9
37 35 2
37 12 3
37 5 3
37 30 0
37 33 -2
37 71 4
37 36 -4
37 55 0
37 84 2
37 22 -7
37 54 7
37 4 -8
37 64 3
37 40 8
37 68 -1
37 45 -5
37 66 6
37 15 8
37 31 6
37 69 9
37 21 -7
37 80 -5
37 63 -2
37 2 4
37 10 1
37 52 8
37 87 3
37 14 -2
37 75 5
37 79 4
37 90 -3
37 78 -1
37 20 -6
37 32 0
37 82 -5
37 81 -8
37 76 7
37 83 4
37 38 5
37 18 -9
37 39 0
37 72 9
37 42 -7
37 25 -6
37 17 -3
38 88 -4
38 56 -2
39 80 -9
39 38 8
39 21 2
39 82 -4
39 79 0
39 0 -2
39 57 5
39 35 2
39 43 9
39 83 4
39 12 1
39 11 2
39 78 3
39 45 0
39 70 2
39 69 -7
39 60 -5
39 19 -5
39 15 9
39 72 -6
39 36 5
39 75 -3
39 40 9
39 55 -6
39 2 9
39 16 -7
39 30 9
39 29 1
39 22 -4
39 63 1
39 18 6
39 49 -3
39 56 1
39 77 2
39 76 -9
39 86 -8
39 34 1
39 41 3
39 37 -2
39 47 -1
39 33 6
39 42 -6
39 61 -1
39 81 -3
39 54 -9
39 17 2
39 3 -2
39 84 3
39 14 0
39 26 -5
39 85 8
39 66 8
40 68 6
40 76 8
40 48 6
40 17 -9
40 8 5
40 21 -7
40 61 9
40 11 4
40 26 -2
40 24 -1
40 10 4
40 51 -2
40 22 -8
40 56 7
40 82 -5
40 12 4
40 80 8
40 86 3
40 67 -8
40 37 -6
40 39 -8
40 42 2
40 33 0
40 53 -3
40 43 3
40 52 3
40 71 6
40 63 -3
40 87 -3
40 4 -5
40 9 8
40 23 -5
40 38 1
40 0 5
40 13 -8
40 20 -4
40 83 -9
40 36 9
40 25 -3
40 74 -8
40 29 7
40 81 -3
40 44 -7
40 14 -8
40 57 -7
40 88 8
40 19 1
40 5 7
40 7 8
40 89 -9
40 60 4
40 55 3
40 65 -2
40 66 -1
40 79 4
40 31 -9
40 62 1
40 78 -9
40 45 9
40 59 -7
41 70 -4
41 32 -6
41 68 2
41 63 4
41 50 3
41 26 6
41 2 2
41 33 0
41 40 5
41 1 2
41 82 4
41 54 -6
41 73 -3
41 59 -3
41 56 0
41 88 2
41 64 -3
41 8 -4
41 10 2
41 42 -3
41 60 1
41 79 3
41 11 -4
41 76 3
41 29 -3
41 43 9
41 53 0
41 55 5
41 45 -6
41 37 -4
41 85 -6
41 5 -3
41 4 2
41 0 -3
41 22 5
41 12 1
41 15 -6
41 28 5
41 81 -1
41 35 1
41 77 -2
41 9 2
41 75 6
41 16 3
41 23 -7
41 66 -6
41 80 3
41 83 0
41 51 -8
41 69 7
41 49 -6
41 67 5
41 18 -6
41 17 5
41 78 -9
41 19 -7
41 44 5
41 7 -5
41 72 -9
41 14 7
41 57 7
42 60 8
42 31 6
42 20 -9
42 84 -7
42 2 2
42 26 4
42 49 0
42 29 -5
42 51 -3
42 78 -6
42 61 -5
42 35 -9
42 47 9
42 83 2
42 48 -3
42 72 0
42 39 -8
42 79 5
42 67 -1
42 74 2
42 34 8
42 11 7
42 71 -2
42 40 0
42 56 -8
42 62 -7
42 44 -1
42 66 4
42 64 5
42 8 7
42 30 2
42 89 -4
42 1 -2
42 9 -4
42 77 -4
42 22 -4
42 15 -1
42 7 6
42 16 -7
42 4 9
42 0 -3
43 88 4
43 9 3
43 5 1
43 4 -3
43 73 9
43 49 7
43 39 -3
43 16 -4
43 76 8
43 6 -5
43 14 -1
43 17 4
43 32 6
43 79 -2
43 8 -1
43 38 3
43 13 -2
43 11 -1
43 18 -9
43 28 8
43 0 -4
43 80 -5
43 36 0
43 2 2
43 51 0
43 72 -3
43 69 -8
43 83 8
43 65 6
43 22 7
43 64 0
43 74 4
43 63 -7
43 25 -8
44 1 2
44 70 0
44 28 -7
44 34 3
44 29 4
44 73 -5
44 45 6
44 74 0
44 54 1
44 39 4
44 86 -9
44 90 -6
44 3 -5
44 59 6
44 61 -5
44 16 8
44 21 -8
44 13 -7
44 65 8
44 17 -2
44 48 8
45 60 2
45 59 3
45 63 7
45 40 -6
45 3 -5
45 34 -5
45 12 -5
45 31 2
45 62 1
45 67 -1
45 6 -8
45 89 -9
45 2 7
45 48 -4
45 73 0
45 7 8
45 51 -4
45 82 -2
45 76 -2
45 11 -7
45 8 -9
45 16 -3
45 64 -8
45 14 -6
45 54 -9
45 10 -1
45 83 -8
45 74 0
45 50 -1
45 88 8
45 85 -3
45 18 0
45 27 8
45 20 8
45 37 6
45 13 -9
45 22 4
45 36 -6
45 52 4
45 84 -1
45 87 3
45 79 1
45 38 3
45 53 8
45 9 -1
45 44 -9
45 25 4
45 21 -3
45 86 -3
45 26 6
45 39 0
45 81 -3
45 66 -8
45 80 3
45 58 3
45 41 9
45 90 -9
45 29 1
45 75 5
45 5 -3
45 32 4
45 43 -6
45 56 3
45 70 -8
45 71 5
46 77 -7
46 69 -4
46 38 4
46 68 2
46 86 2
46 78 -6
46 7 -1
46 36 -2
46 81 3
46 44 -5
46 11 2
46 6 7
46 90 -7
46 17 -6
46 47 -8
46 50 5
46 9 -6
46 55 -3
46 61 2
47 67 1
47 4 7
47 24 8
47 31 4
47 51 8
47 72 -6
47 49 -4
47 15 2
47 46 -3
47 21 6
47 40 -9
47 80 -3
47 20 -7
47 77 8
47 30 5
47 22 4
47 11 3
47 18 -7
47 74 -3
47 26 8
47 14 8
47 35 7
47 16 0
47 73 2
47 8 7
47 3 -2
47 58 6
47 48 -5
47 55 3
47 19 3
47 29 -5
47 63 -9
47 84 5
47 13 8
47 56 7
47 71 -7
48 34 8
48 13 9
48 26 1
48 90 -9
48 80 -2
48 30 -8
48 46 3
48 42 6
48 22 5
48 29 6
48 49 5
48 66 7
48 61 -8
48 39 -4
48 37 -6
48 10 2
48 65 -6
48 17 6
48 57 -2
48 82 -3
48 18 5
48 89 4
48 77 1
48 70 2
48 19 8
48 54 -9
48 67 8
48 58 4
48 3 -6
48 45 0
48 78 -2
48 32 0
48 27 -1
48 60 9
48 52 -6
48 24 -6
48 51 7
48 50 6
48 14 -7
48 11 7
48 23 -7
48 56 7
48 44 -7
48 73 8
48 83 3
48 0 0
48 75 2
48 4 -5
48 79 -2
48 6 4
48 31 -4
48 88 -7
48 38 6
48 62 -4
48 20 6
48 68 -1
48 21 8
48 55 -9
48 41 5
48 76 -5
48 71 -5
48 8 7
48 87 -8
48 43 -3
48 72 -9
49 84 -3
49 39 -3
49 41 5
49 34 -3
49 60 0
49 69 -1
49 67 -7
49 24 -8
49 59 3
49 47 -5
49 23 7
49 43 -5
49 26 -6
49 37 3
49 78 1
49 45 -9
49 65 -8
49 18 4
49 32 9
49 29 -2
49 14 -8
50 77 -7
50 29 5
50 62 7
50 43 -7
50 36 -9
50 69 -8
50 65 -2
50 82 -7
50 2 -8
50 75 -7
50 20 7
50 15 0
50 12 -1
50 76 6
50 53 -9
50 35 -7
50 25 3
50 44 -6
50 71 -7
50 51 -7
50 27 -7
50 48 8
50 42 9
50 28 -1
51 78 1
51 19 2
51 89 -3
51 83 3
51 5 9
51 7 -7
51 65 8
51 33 -4
51 59 -9
51 29 -3
51 74 -6
51 66 -1
51 56 -3
51 62 9
51 71 -7
51 35 -7
51 21 -3
51 52 -9
51 3 1
51 38 -2
51 34 -8
51 79 -4
51 55 0
51 9 -7
51 73 9
51 72 4
51 42 -2
51 23 -4
51 67 -3
51 1 -5
51 58 2
51 32 -3
51 44 2
51 36 7
51 57 2
51 61 8
51 30 -2
51 64 6
51 14 -8
51 28 -8
52 6 8
52 72 -3
52 36 -6
52 81 -9
52 5 -6
52 41 8
52 57 5
52 68 2
52 69 -3
52 62 5
52 24 5
52 76 -3
52 0 -1
52 79 -5
52 60 -7
52 2 8
52 30 -6
52 27 -5
52 50 7
52 90 -3
52 85 -8
52 40 2
52 61 8
52 32 -4
52 35 6
52 28 3
52 9 1
52 17 -3
52 39 -2
52 23 6
52 42 3
52 38 -3
52 64 0
52 15 -6
52 49 -2
52 86 -7
52 75 1
52 47 0
52 29 -8
52 21 -4
52 3 2
52 31 3
52 89 9
53 21 -1
53 14 3
53 12 0
53 45 -1
53 90 -3
53 0 -7
53 27 -5
53 33 8
53 59 -8
53 52 3
53 75 -8
53 3 7
53 41 5
53 10 0
53 32 0
53 83 -5
53 35 -5
53 46 -8
53 74 -5
53 89 -2
53 15 7
53 2 -9
53 28 7
53 37 0
53 31 -9
53 51 -7
53 87 8
53 57 9
53 18 -5
53 9 -6
53 68 -6
53 70 -7
53 76 -1
53 48 -1
53 19 9
53 16 -7
53 67 -3
53 49 9
53 63 1
53 4 1
53 80 8
53 71 0
53 86 2
53 69 3
53 8 -6
53 50 1
53 79 5
53 6 6
53 85 -3
53 82 -8
53 17 7
53 54 -4
53 29 3
53 36 -9
53 58 -4
53 38 -2
53 56 -1
53 61 -9
53 7 -7
53 20 -1
53 40 3
54 44 6
54 24 9
54 68 -6
54 20 5
54 48 9
54 26 -8
54 10 6
54 65 -4
54 40 -8
54 62 -4
54 33 -2
54 85 4
54 37 -7
54 59 -1
54 2 1
54 83 0
54 82 3
54 11 -2
54 30 5
54 1 -5
54 86 -2
54 7 8
54 67 2
54 32 -6
54 15 7
54 9 0
54 6 5
54 31 -5
54 76 -1
54 80 -2
54 35 -2
54 25 8
54 12 -2
54 46 -5
54 75 -8
54 47 0
54 22 0
54 36 -3
54 45 -4
54 78 -3
54 60 -8
55 54 -5
55 61 -9
55 9 -2
55 20 8
55 45 2
55 56 -9
55 70 -4
55 52 -7
55 76 -2
55 80 -2
55 83 2
55 85 -4
55 42 1
55 17 0
55 50 5
55 51 -3
55 48 6
55 53 -3
55 11 6
55 34 6
55 87 -8
55 0 -2
55 84 -4
55 21 -8
55 89 -4
55 46 -1
55 19 7
55 8 1
55 1 9
55 35 3
55 49 8
55 12 3
55 63 4
55 37 -5
55 15 -4
55 67 4
55 33 -8
55 78 7
55 59 3
55 41 -7
55 36 -4
55 79 6
55 58 0
55 81 7
55 24 9
55 18 3
55 44 6
55 25 2
55 75 -7
56 79 2
56 18 -6
56 54 6
56 50 -1
56 42 8
56 16 5
56 8 -5
56 63 1
56 55 6
56 84 -4
56 48 -3
56 73 -2
56 43 -5
56 32 -9
56 69 6
56 20 -4
56 22 -5
56 80 -3
56 23 -7
56 1 8
56 71 -4
56 13 1
57 56 3
57 63 6
57 43 9
57 20 1
57 52 4
57 87 4
57 70 -9
57 11 -8
57 77 -8
57 7 0
57 58 9
57 19 4
57 26 -5
57 54 5
57 9 -2
57 4 6
57 38 4
57 13 -6
57 17 0
57 45 -7
57 14 0
57 31 3
57 40 9
57 74 5
57 15 4
57 37 -1
57 48 1
57 27 8
57 68 -2
57 1 8
57 66 -6
57 42 0
57 10 -9
57 49 -3
57 3 -8
57 89 9
57 46 -9
57 55 9
57 84 -6
57 73 -1
57 12 -7
57 61 -9
57 62 -6
57 36 6
57 67 -8
57 32 3
57 8 -9
57 6 2
57 72 -6
58 59 -9
58 40 7
58 38 -7
58 79 7
58 2 7
58 67 4
58 41 4
58 16 -6
58 33 8
58 60 -1
58 12 -3
58 36 0
58 10 9
58 3 8
58 68 0
58 81 -1
58 89 3
58 90 6
58 35 6
58 73 -1
58 4 -8
58 11 -9
58 13 9
58 27 -2
58 61 6
58 44 0
58 37 -6
58 56 2
58 5 0
58 48 3
58 64 -3
58 78 6
58 28 -5
58 74 -4
58 53 -9
58 85 -4
58 0 5
58 24 -4
58 54 -7
58 9 2
58 42 -6
58 75 -2
58 43 -7
58 18 -9
58 29 1
58 63 -3
58 52 7
58 26 0
58 7 6
58 45 -4
58 50 -2
58 31 3
58 69 7
58 83 5
58 70 7
58 46 2
58 77 -2
58 88 -9
58 6 -9
58 25 7
58 57 3
58 55 1
58 86 -1
58 34 9
58 65 2
58 80 4
58 47 6
58 17 -6
58 21 1
58 1 -3
58 71 -7
58 72 5
58 15 9
58 87 -5
58 22 -3
58 51 1
58 23 7
58 20 -4
58 76 -5
58 8 8
58 49 -3
58 66 -8
58 30 7
58 84 7
58 32 -8
58 82 -5
58 39 -3
59 60 -8
59 90 8
59 40 6
59 45 -2
59 89 -7
59 11 -2
59 63 -5
59 67 -9
59 14 -4
59 80 0
59 28 1
59 49 2
59 38 -3
59 10 -9
59 76 -5
59 70 -3
59 78 0
59 23 1
59 37 7
59 54 2
59 48 5
59 16 -6
59 84 -5
59 42 8
59 12 -7
59 6 9
59 20 2
59 19 1
59 77 -3
59 41 8
59 4 1
59 85 -9
59 0 1
59 22 -9
59 21 4
59 56 8
59 29 5
59 57 9
59 43 1
59 73 2
59 33 8
59 75 -3
59 26 7
59 32 -6
59 64 3
59 7 -7
59 61 9
59 36 -3
59 39 -6
59 52 -6
59 68 -9
59 69 8
59 44 -6
59 2 3
59 30 0
59 3 -9
59 9 -1
59 34 0
59 86 -3
59 18 9
59 15 8
59 47 8
60 79 5
60 80 7
60 62 -4
60 44 8
60 89 -2
60 37 4
60 87 -4
60 5 0
60 42 -7
60 66 0
60 9 -9
60 15 8
60 19 5
60 49 6
60 57 -5
60 61 -6
60 14 1
60 20 -2
60 22 2
60 51 6
60 8 -5
60 68 7
60 86 -8
60 83 -4
60 24 0
60 10 -3
60 31 -2
60 65 4
60 73 4
60 6 4
60 1 0
60 76 -6
60 38 8
60 27 6
60 35 -2
60 47 -3
60 7 -3
60 67 7
60 25 -6
60 78 8
60 75 -3
60 36 2
60 21 -9
60 58 0
60 46 -9
60 12 9
60 63 3
60 52 7
60 45 7
60 26 -2
60 85 -2
60 33 -1
60 88 4
60 40 7
60 3 -6
60 64 -8
60 23 9
60 41 -1
60 74 -6
60 13 -7
60 30 1
60 77 7
60 16 4
60 28 -5
60 50 2
60 72 -9
60 82 -9
60 32 0
60 90 8
60 53 1
60 56 -9
60 0 -9
60 43 -3
60 59 -4
60 2 -4
60 11 9
60 71 -8
61 67 5
61 58 -6
61 62 -8
61 76 5
61 81 -3
61 43 7
61 68 9
61 38 0
61 35 -1
61 11 -6
61 90 -3
61 7 -9
61 72 0
61 52 -8
61 83 6
61 64 -1
61 88 0
61 40 -1
61 85 -6
61 45 -6
61 63 0
61 42 7
61 22 -7
61 30 3
61 86 2
61 0 8
61 17 -7
61 60 4
61 50 1
61 49 6
61 54 3
61 33 -8
61 34 3
61 6 -5
61 27 -4
61 65 -4
61 89 6
62 86 8
63 77 -1
63 44 -9
63 74 0
63 45 9
63 72 -4
63 23 2
63 17 7
63 37 2
63 19 -2
63 6 -3
63 71 -8
63 43 -5
63 13 -4
63 52 -1
63 54 -7
63 16 0
63 90 -8
63 88 3
63 48 1
63 68 -9
63 5 -1
63 22 2
63 12 6
63 15 6
63 34 -2
63 41 -8
63 75 7
63 2 -5
63 31 1
63 57 7
63 66 4
63 84 9
63 38 5
63 73 4
63 83 -2
63 78 -7
63 35 5
63 50 -6
63 7 8
63 30 -4
63 64 4
63 36 8
63 81 -7
63 8 7
63 89 6
63 32 4
63 0 9
63 49 -6
63 1 -5
63 4 -2
63 86 -7
63 61 5
63 10 3
63 55 9
63 28 1
63 21 7
63 76 -9
63 67 9
63 25 4
63 24 -2
63 85 -3
63 62 -2
63 70 -3
63 87 -5
63 65 -9
63 11 -9
63 79 3
63 3 4
63 80 -4
63 20 -8
63 47 2
63 27 -8
63 9 7
63 56 -2
63 26 -8
64 5 0
64 7 -5
64 82 -1
64 13 2
64 89 3
64 85 -5
64 43 1
64 49 2
64 72 -6
64 23 7
64 75 0
64 29 -6
64 54 7
64 17 2
64 24 -9
64 39 -3
64 48 -3
64 31 -5
64 74 -5
64 51 7
64 36 -1
64 35 8
64 6 -6
64 69 0
64 33 0
64 81 -4
64 88 -7
64 18 -7
64 87 7
64 14 -5
64 73 -5
64 56 1
64 27 -7
64 28 -9
64 20 4
64 66 -9
64 63 -2
64 32 6
64 76 3
64 42 4
64 22 1
64 1 6
64 60 -5
64 50 3
64 21 -8
64 62 -9
64 77 -2
64 79 -8
64 12 6
64 67 -8
64 80 8
64 61 7
64 78 7
64 40 8
64 0 -1
64 11 -6
64 71 5
64 84 -2
64 41 5
64 57 3
64 86 -4
64 53 0
64 59 9
64 30 -5
64 9 0
64 10 4
64 8 -1
64 58 -2
64 47 3
64 19 -5
64 44 5
64 25 -7
64 68 7
64 45 -6
64 15 -3
64 90 -2
64 26 -6
64 2 -2
65 26 -2
65 89 -5
65 3 -9
65 72 9
65 27 1
65 46 3
65 36 -5
65 79 5
65 30 9
65 31 3
65 70 0
65 7 -5
65 2 0
65 78 0
65 68 -8
65 24 0
65 61 -2
65 19 4
65 14 -4
65 6 9
65 41 4
65 74 2
65 17 8
65 82 -5
65 23 7
65 62 2
65 34 8
65 80 5
65 60 -5
65 25 1
65 35 6
65 76 -1
65 55 0
66 53 7
66 24 -1
66 87 -3
66 84 -9
66 21 -4
66 37 9
66 45 -4
66 33 2
66 48 3
66 76 1
66 62 7
66 49 7
66 60 -9
66 55 -7
66 36 3
66 9 2
66 85 -1
66 73 -8
66 74 -7
66 40 -3
66 3 2
66 67 -3
66 28 -1
66 65 1
66 54 4
66 61 -2
66 22 9
66 89 4
66 4 9
66 43 -9
66 39 -5
66 72 4
66 63 1
66 56 -7
66 12 4
66 68 1
66 57 6
66 58 -8
66 31 -1
66 42 -3
66 77 -5
66 47 3
66 20 3
66 17 2
66 81 -1
66 18 7
66 10 3
66 80 -3
66 0 6
66 59 -9
66 13 -2
66 46 -5
66 35 2
66 8 6
66 75 -1
66 5 0
66 16 0
67 44 -6
67 1 -2
67 51 -4
67 71 3
67 31 1
67 45 -4
67 64 -3
67 0 3
67 7 -5
67 90 -3
67 19 4
67 27 9
67 35 -2
67 26 1
67 57 -4
67 23 -6
67 33 5
67 86 -7
67 38 5
67 29 -2
67 5 3
67 16 8
67 62 -7
67 17 2
67 68 -5
67 47 3
67 55 -4
67 66 -8
67 2 -5
67 60 -7
67 84 -7
67 14 -5
67 24 -9
67 12 9
67 58 4
67 46 8
67 54 1
67 63 -5
67 53 -8
67 9 -1
67 69 2
67 25 0
67 75 -3
67 61 0
67 87 -6
67 77 -4
67 20 -6
67 41 6
67 4 0
67 21 5
67 40 -7
67 8 9
67 78 -9
67 42 9
67 43 3
67 73 9
67 72 -6
67 15 9
67 11 7
67 50 -9
68 8 5
68 4 -5
68 63 -4
68 43 6
68 25 -3
68 31 0
68 36 -7
68 72 6
68 11 -8
68 81 2
68 76 -4
68 85 4
68 61 8
68 75 6
68 24 -2
68 64 -5
68 62 2
68 58 2
68 40 9
68 3 8
68 46 5
68 79 3
68 66 2
68 51 -8
68 6 -7
68 20 4
68 87 5
68 42 8
68 47 5
68 82 8
68 71 -2
68 9 -1
68 15 -5
68 52 0
68 26 3
68 16 -1
68 86 -3
68 49 -9
68 55 4
68 90 2
68 53 9
68 35 7
68 17 -4
68 18 1
68 83 -8
68 29 3
68 65 3
68 27 -7
68 67 6
68 21 -3
68 28 -5
68 70 -8
68 78 -7
68 59 -1
68 69 -9
68 60 6
68 54 2
68 56 1
68 2 2
68 37 -4
68 74 -6
68 84 2
68 39 -6
68 50 -5
68 33 7
68 89 5
68 30 -5
68 10 -9
68 5 -3
68 1 -8
68 23 4
69 21 3
69 15 9
69 18 4
69 71 -4
69 51 7
69 6 -9
69 33 -4
69 26 5
69 0 -3
69 48 -1
69 84 2
69 67 -5
69 20 9
69 35 1
69 86 -9
69 73 -6
69 75 1
69 34 5
69 3 8
69 65 -8
69 87 7
69 88 -9
69 89 6
69 9 0
69 4 8
69 54 9
69 16 4
69 43 8
69 12 -7
69 39 7
69 25 8
69 2 4
69 31 -6
69 10 0
70 45 -5
70 14 0
70 80 7
70 31 2
70 40 -3
70 83 -1
70 49 1
70 30 5
70 77 -5
70 0 8
70 58 -8
70 47 -3
70 84 -4
70 81 -8
70 74 4
70 32 0
70 13 6
70 66 1
70 1 6
70 6 -3
70 35 9
70 60 -4
70 8 -4
70 71 -1
70 26 5
70 67 -8
70 17 -5
70 61 7
70 65 -9
70 9 0
70 25 7
70 78 -8
70 36 -7
70 87 1
70 37 -7
70 7 6
70 82 0
70 68 1
70 56 -9
70 57 -3
70 16 -8
70 3 0
70 88 1
70 89 4
70 2 -3
70 20 4
70 11 6
70 79 -4
70 42 2
70 18 2
70 21 7
70 62 8
70 72 8
70 75 -5
70 24 -2
70 46 -6
70 43 9
70 41 -8
70 4 2
70 90 -7
70 59 3
70 73 -2
70 63 9
70 53 3
70 52 3
70 19 -8
70 39 9
70 22 7
71 20 7
71 28 -9
71 27 -4
71 9 9
71 62 -6
71 35 8
71 75 9
71 52 -5
71 26 7
71 32 -2
71 44 1
71 17 2
71 25 2
71 7 6
71 13 9
71 85 -2
71 79 -3
71 15 6
71 12 7
71 16 6
71 19 7
71 29 7
71 22 -8
72 67 -2
72 58 -4
72 13 -7
72 77 -8
72 17 1
72 33 -7
72 78 -7
72 46 9
72 23 2
72 61 0
72 31 -6
72 79 8
72 90 -2
72 24 -9
72 21 6
72 9 -2
72 52 -2
72 4 7
72 18 5
72 85 -5
72 60 -7
72 5 -5
72 73 0
72 49 -1
72 16 -7
72 28 5
72 29 -8
72 35 3
72 37 9
72 22 7
72 51 -5
72 2 4
72 53 1
72 59 -3
72 62 9
72 69 9
72 38 7
72 42 5
72 89 -5
72 40 4
72 19 2
72 84 8
72 81 0
72 54 -3
72 1 2
72 14 4
72 48 9
72 76 4
72 27 6
72 74 6
72 36 -7
72 39 -1
72 7 -5
72 56 5
72 34 -6
72 87 6
72 68 1
72 25 0
72 8 -6
72 6 -3
72 82 -9
73 50 -4
73 55 6
73 7 -1
73 28 4
73 25 -3
73 78 -9
73 61 6
73 47 7
73 58 -8
73 29 -8
73 17 1
73 15 -9
73 40 6
73 32 -6
73 9 6
73 54 9
73 66 -1
73 20 -5
73 34 -8
73 85 -2
73 53 2
73 49 8
73 21 8
73 90 -1
74 63 1
74 46 -2
74 8 -7
74 82 0
74 89 5
74 47 6
74 41 6
74 42 -3
74 80 -6
74 14 1
74 45 -6
74 31 -3
74 29 5
74 7 0
74 59 1
74 5 2
74 78 -1
74 60 7
74 40 -1
74 52 -4
74 86 5
74 24 -8
74 58 2
74 9 -4
74 56 3
74 3 6
74 21 -1
74 50 -7
74 38 5
74 15 9
74 55 1
74 2 -6
74 25 -5
74 22 6
74 34 6
74 84 7
75 60 8
75 28 -6
75 12 0
75 35 5
75 90 2
75 9 -6
75 54 2
75 49 -9
75 38 -4
75 87 -2
75 17 -2
75 52 -1
75 42 -9
75 48 8
75 43 -7
75 68 1
75 59 -3
75 51 0
75 65 8
75 55 9
75 25 3
75 85 -1
75 36 3
75 79 -3
76 58 4
76 70 8
76 18 -7
76 71 -9
76 0 -8
76 22 7
76 66 0
76 54 -7
76 81 6
76 67 9
76 48 1
76 34 -2
76 3 -8
76 26 -1
76 15 -4
76 69 5
76 90 2
76 9 -7
76 39 -8
76 80 -9
76 27 -9
76 73 -5
76 62 -6
76 19 3
76 11 -7
76 83 -3
76 4 2
76 68 -5
76 65 -4
76 13 8
76 55 9
76 29 3
76 25 -1
76 63 6
76 72 3
76 40 6
76 10 7
76 36 5
76 30 -5
76 51 -8
76 7 -7
76 49 -2
76 17 -1
76 20 -2
76 61 -1
76 32 5
76 23 6
76 43 2
76 46 -4
76 77 9
77 1 -8
77 72 0
77 43 -4
77 9 8
77 90 2
77 71 6
77 44 -4
77 40 8
77 51 7
77 11 2
77 84 5
77 85 8
77 86 -9
77 25 -9
77 82 7
77 58 -1
77 87 5
77 65 2
77 12 6
77 21 -9
77 6 8
77 53 9
77 83 -6
77 31 -2
77 46 4
77 32 9
77 59 7
77 36 -6
77 47 7
77 13 -5
77 48 -9
77 50 9
77 4 9
77 76 -4
77 70 6
77 15 4
77 33 -4
77 61 -6
77 68 -5
77 3 4
77 22 5
77 41 -3
77 49 7
77 18 -3
77 5 -2
77 88 -4
77 63 8
77 64 4
77 79 -1
77 20 -6
77 69 -4
77 28 -8
77 10 1
77 54 -6
77 60 -2
78 61 5
78 77 -9
78 51 -8
78 6 4
78 2 4
78 33 -1
78 20 4
78 70 0
78 35 7
78 50 4
78 28 -9
78 1 -9
78 44 4
78 21 -7
78 22 -8
78 11 -1
78 5 -7
78 7 -6
78 10 8
78 89 1
78 39 -1
78 47 3
78 83 8
78 14 5
78 74 -4
78 9 4
78 63 9
78 85 -5
78 69 1
78 12 -3
78 62 -7
78 15 -9
78 41 -4
78 82 -3
78 40 -2
78 88 5
78 49 5
78 25 4
78 30 -1
78 73 3
78 86 -9
78 60 4
78 55 3
78 36 6
78 76 -5
78 52 5
78 18 -7
78 58 -7
78 45 -3
78 43 8
78 46 -7
78 72 -7
78 56 6
78 19 8
78 37 9
78 16 -9
78 24 0
78 87 3
78 68 9
78 26 -6
78 32 6
78 59 4
79 26 -6
79 74 6
79 9 8
79 17 6
79 88 1
79 47 5
79 16 0
79 12 1
79 31 1
79 54 6
79 86 0
79 0 -8
79 36 3
79 46 4
79 68 2
79 38 2
79 77 -6
79 10 0
79 69 3
79 5 -8
79 72 4
79 21 -1
79 90 -5
79 89 4
79 42 9
79 57 2
79 18 9
79 67 -7
79 53 -3
79 64 7
79 1 2
79 40 -4
79 56 -7
79 7 7
79 27 9
79 84 -3
79 3 -7
79 61 0
79 55 9
79 20 7
79 41 -1
79 71 0
79 66 7
79 14 -1
79 23 -1
79 50 -6
79 39 -1
79 52 -9
79 19 -3
79 80 1
79 73 5
79 87 -2
79 58 4
79 59 -4
79 45 2
79 11 -3
79 51 -7
79 85 1
79 65 0
79 62 8
79 6 1
79 8 4
79 24 -3
79 25 -1
79 49 -9
79 15 2
79 28 8
79 37 -5
79 13 -7
79 70 -2
79 30 9
79 81 -7
79 29 -5
79 4 -4
79 2 9
79 60 3
79 43 -2
79 75 9
80 84 1
80 68 -4
80 51 5
80 72 -2
80 40 1
80 62 5
80 23 9
80 28 -1
80 36 7
80 52 -5
80 71 4
80 87 8
80 34 1
80 57 -4
80 55 -1
80 81 3
80 37 7
80 2 9
80 86 5
80 18 9
80 30 -3
80 27 -7
80 1 0
80 22 8
80 33 9
80 26 6
80 67 -6
80 69 3
80 39 9
80 45 -2
80 66 2
80 44 -4
80 31 -5
80 90 3
80 64 -1
80 61 2
80 49 6
80 15 -4
80 60 1
80 8 -2
80 59 -1
80 11 -2
80 53 9
80 13 8
80 50 -3
80 89 -2
80 25 3
80 78 -9
80 73 -3
80 24 1
80 19 4
80 20 5
80 17 -3
80 0 -1
80 74 2
80 63 6
80 83 -7
80 88 9
80 43 0
80 12 8
80 65 2
80 29 6
80 6 -1
80 77 7
80 42 -9
80 38 -6
80 10 9
80 76 2
80 7 8
80 14 -3
80 46 8
80 82 0
80 41 8
80 56 7
80 32 9
80 70 6
80 21 -7
80 9 -6
80 35 0
80 16 -8
80 4 5
80 3 9
80 47 -4
80 79 -1
81 33 5
81 48 -2
81 14 -3
81 9 2
81 22 1
81 26 -7
81 45 -1
82 83 -8
82 66 2
82 2 6
82 20 -6
82 3 8
82 90 -9
82 53 -9
82 87 -1
82 32 6
82 23 4
82 70 -7
82 89 2
82 88 -8
82 50 8
82 7 8
82 19 -8
82 22 -9
82 52 -5
82 43 -2
82 45 -4
82 11 -3
82 31 -8
82 4 0
82 1 1
82 81 7
82 30 9
82 28 -6
82 10 -7
82 73 6
82 80 3
82 40 1
82 68 -8
82 51 -2
82 0 3
82 39 5
82 84 -3
82 14 3
82 79 -5
82 48 9
82 5 4
82 57 4
82 29 -5
82 21 6
82 49 3
82 15 -5
82 71 3
82 33 8
82 12 -8
82 67 7
82 41 6
82 55 -6
82 36 3
82 27 2
82 63 4
82 86 4
82 56 0
82 72 -9
83 41 5
83 0 0
84 52 7
84 11 5
84 16 7
84 22 -1
84 68 -3
84 63 4
84 15 -2
84 47 8
84 61 -9
84 34 6
84 6 6
84 13 8
84 43 5
84 10 -7
84 0 9
84 69 -4
84 60 -8
84 76 0
84 49 6
84 59 8
84 45 -1
84 85 8
84 5 -3
84 56 -9
85 16 5
85 74 4
86 28 -8
86 76 -5
86 15 7
86 33 -6
86 77 -8
86 72 7
86 84 -3
86 4 6
86 51 7
86 63 -4
86 31 -4
86 83 2
86 52 1
86 70 7
86 1 -5
86 36 -4
86 56 -1
86 73 -5
86 85 -7
86 29 4
86 35 9
86 49 -6
86 42 -8
86 62 -1
86 37 6
86 89 0
86 81 6
86 7 -5
86 48 -4
86 19 1
86 44 3
86 90 -5
86 18 -9
86 13 -1
86 2 -9
86 25 -6
86 10 3
86 26 -1
86 41 7
86 71 7
86 0 8
86 32 -1
86 20 2
86 22 3
86 55 0
87 6 0
87 20 -1
87 17 5
87 47 -9
87 4 -8
87 79 0
87 12 4
87 71 6
87 69 -9
87 29 9
87 33 6
87 60 2
87 72 7
87 66 5
87 26 -7
87 23 -5
87 49 5
87 50 2
87 63 4
87 24 1
87 21 7
87 81 -4
87 80 9
87 67 2
87 28 -4
87 1 -1
87 56 9
87 75 3
87 36 4
87 46 -6
87 37 0
87 59 0
87 76 5
87 19 -7
87 8 -4
87 57 3
87 58 8
87 48 -2
87 0 -4
87 70 0
87 2 3
87 45 -4
87 88 5
87 16 6
87 5 -4
87 53 6
87 9 8
87 39 -2
87 78 7
87 62 -4
87 42 -8
87 10 -7
87 54 -4
87 14 6
87 84 0
87 55 1
87 18 6
87 27 -9
87 85 9
87 40 1
87 52 0
87 43 1
87 30 3
87 64 -2
87 86 1
87 51 -9
87 34 8
87 90 8
87 41 -8
87 31 2
87 25 3
87 38 -4
87 68 0
87 77 -8
87 89 2
87 32 9
87 11 -4
87 65 -7
87 83 -6
88 82 -3
88 18 3
88 9 5
88 0 9
88 38 5
88 27 -3
88 53 -2
88 89 0
88 41 8
88 31 7
88 6 3
88 47 -5
88 87 7
88 78 0
88 46 -3
88 19 -4
88 13 -3
88 85 -9
88 81 1
88 10 -3
88 20 8
88 61 -8
88 86 -5
88 56 -9
88 24 9
88 26 -2
88 21 -2
88 16 6
88 59 8
89 31 1
89 55 7
89 36 -1
89 71 1
89 34 -2
89 64 -4
89 39 -5
89 76 -3
89 65 -5
89 38 -1
89 13 0
89 78 -3
89 27 -4
89 81 4
89 8 -1
89 86 -7
89 20 -5
89 25 3
89 85 -1
89 33 -8
89 4 3
89 62 -8
89 28 1
89 17 -8
89 66 -3
89 2 8
89 87 -3
89 10 4
89 12 -4
89 14 5
89 49 7
89 22 4
89 26 2
89 53 -6
89 29 -5
89 48 -8
89 74 1
89 45 7
89 70 -8
89 47 1
89 59 -6
89 79 -1
89 3 7
89 1 9
89 52 -4
90 37 -9
90 48 2
90 36 3
90 63 -9
90 2 5
90 11 1
90 24 8
90 8 -3
90 61 -2
90 41 3
90 79 8
90 65 6
90 19 5
90 42 -3
90 39 8
90 10 2
90 17 5
90 40 -2
90 73 0
90 72 -4
90 53 9
90 55 4
90 4 -6
90 67 -2
90 35 -3
90 76 -1
90 16 -6
90 78 6
90 28 6
90 12 4
90 13 1
90 27 6
90 54 -8
90 52 -2
90 89 -3
90 88 -7
90 30 5
90 18 0
90 84 -3
90 9 9
90 71 -5
90 51 -7
90 58 -4
90 60 2
90 70 8
90 44 -9
90 85 -4
90 33 4
90 59 -2
90 75 1
90 32 -6
90 29 9
90 3 -1
90 50 -1
90 6 -7
90 86 -6
90 82 -3
90 77 6
90 0 -7
90 14 2
90 34 -8
90 43 -7
90 64 0
90 5 7
90 56 -2
90 47 3
90 7 -9
90 69 7
90 66 0
90 81 0
90 49 -1
90 57 6
90 25 8
