93
4169
true
0 77 8
0 89 3
0 3 7
0 7 -6
0 72 5
0 17 -3
0 74 4
0 59 6
0 21 2
0 82 7
0 68 -6
0 47 -3
0 42 6
0 12 -9
0 49 8
0 13 7
0 25 -8
0 6 0
0 63 -3
0 34 1
0 26 4
0 84 1
0 54 -1
0 44 6
0 69 -2
0 18 9
0 80 -5
0 48 7
0 28 9
0 27 -1
0 64 8
0 61 -9
0 33 2
0 30 7
0 20 9
0 29 -5
0 43 4
0 78 -8
0 53 -7
0 4 -5
0 39 -8
0 90 -5
0 31 6
0 85 -8
0 86 2
0 71 6
0 10 -6
0 65 -1
0 1 -1
0 67 7
0 52 -2
0 66 6
0 88 1
0 16 -7
0 32 3
0 60 2
0 8 6
0 24 -5
0 87 8
0 62 -3
0 41 1
0 57 -6
0 11 5
0 58 9
0 15 4
0 55 1
0 81 -7
0 14 -5
1 14 4
1 44 -6
1 35 -1
1 51 -7
1 10 0
1 13 2
1 61 -2
1 5 -9
1 45 6
1 16 -8
1 81 3
1 43 3
1 46 6
1 7 -8
1 9 -1
1 31 2
1 19 -6
1 34 7
1 68 -9
1 89 2
1 62 -6
1 50 0
1 17 -5
1 65 7
1 4 7
1 54 -8
1 32 3
1 57 2
1 39 4
1 78 -8
1 70 -6
1 22 0
1 86 4
1 71 7
1 69 -3
1 26 5
1 84 7
1 58 -3
1 38 3
1 36 -7
1 48 3
1 66 -2
1 6 5
1 75 -7
1 85 -4
1 15 -3
1 24 5
1 59 -9
1 0 3
1 80 -4
1 40 1
1 82 0
1 28 -2
1 90 -2
1 92 9
1 63 2
1 83 -6
1 23 0
1 27 -9
1 67 8
1 64 -7
1 79 -5
1 25 -2
1 33 7
1 72 -5
1 49 9
1 11 -5
1 42 2
1 60 -2
2 63 9
2 89 -7
2 40 2
2 75 -3
2 48 -3
2 0 -8
2 10 8
2 32 2
2 18 9
2 43 -9
2 92 5
2 52 1
2 68 4
2 61 -1
2 13 -2
2 3 -8
2 17 -4
2 22 1
2 35 -4
2 55 7
2 8 6
3 38 6
3 43 -1
3 24 4
3 52 -8
3 5 -6
3 81 -6
3 53 3
3 28 8
3 23 6
3 42 5
3 17 -7
3 87 5
3 16 1
3 73 5
3 25 -3
3 35 -6
3 40 4
3 78 7
3 54 7
3 85 -9
3 59 1
3 34 0
3 21 2
3 32 -8
3 83 3
3 62 -6
3 63 7
3 57 1
3 1 8
3 30 7
3 58 7
3 89 3
3 36 -2
3 72 -6
3 19 7
3 11 -8
3 91 3
3 82 8
3 67 3
3 48 -1
3 56 4
3 47 -2
3 26 -5
3 12 8
3 60 6
3 33 6
3 86 -3
3 92 2
3 79 6
3 31 3
3 20 0
4 11 6
4 35 2
4 59 -7
4 36 -8
4 15 8
4 81 -3
4 21 -5
4 61 -3
4 57 4
4 71 0
4 33 4
4 44 -1
4 58 -2
4 28 1
4 66 3
4 42 3
4 12 -1
4 10 -1
4 43 0
4 55 -2
4 88 1
4 67 -7
4 63 3
4 51 3
4 76 -1
4 37 9
4 45 -2
4 70 9
4 91 7
4 83 -5
4 38 8
4 19 -6
4 26 -4
4 65 -8
4 20 -6
4 92 8
4 2 -6
4 17 8
4 62 -9
4 31 1
4 1 -1
4 25 3
4 50 1
4 24 2
4 85 -8
4 40 -1
4 48 3
4 8 0
4 27 6
4 16 7
4 80 0
4 14 2
4 86 -5
4 9 -6
4 23 7
4 34 1
4 82 3
4 13 -5
4 18 -8
4 30 1
4 90 7
4 68 -2
4 5 -2
4 7 -2
4 32 -2
4 89 6
4 53 -9
4 47 -9
4 73 4
4 54 -9
4 6 1
4 64 9
4 29 1
4 49 3
4 46 -9
4 69 6
4 74 2
4 77 0
4 56 2
4 39 8
4 52 8
4 78 4
5 34 -1
5 67 5
5 88 0
5 37 4
5 49 8
5 8 9
5 32 -9
5 51 -4
5 7 8
5 79 -1
5 57 6
5 40 4
5 53 3
5 25 6
5 16 0
6 58 6
6 1 -5
6 60 -2
6 9 -2
6 47 -8
6 64 7
6 45 -2
6 74 4
6 79 -9
6 7 -5
6 50 9
6 84 -1
6 30 -7
6 37 -4
6 31 9
6 26 -6
6 23 9
6 87 -2
6 13 0
6 72 -9
6 62 -7
6 35 -4
6 18 9
6 83 9
6 21 -2
6 51 -7
6 90 8
6 32 -7
6 46 -3
6 88 -3
6 49 -4
6 22 5
6 4 -4
6 78 -2
6 25 -9
6 8 2
6 29 -3
6 91 -5
6 10 9
6 59 2
6 56 -8
6 24 5
6 38 5
6 12 -2
6 63 0
6 71 9
6 52 8
6 0 8
6 89 5
6 54 -4
6 43 3
6 76 7
6 42 -5
6 28 9
6 41 8
6 14 8
6 82 1
6 70 -4
6 34 -4
6 69 4
6 81 -5
6 33 3
6 11 8
6 66 -9
6 44 -6
6 2 4
6 61 -3
6 92 9
6 17 -8
6 5 -3
6 86 -5
6 53 -8
6 85 3
6 39 8
6 73 -2
6 16 -1
6 55 9
6 27 -6
6 65 -5
6 19 -9
6 75 2
6 68 -4
6 15 -4
6 40 -9
6 80 5
6 48 4
6 57 7
6 36 1
6 20 -4
6 77 -4
6 3 -6
6 67 -7
7 70 -6
7 15 6
7 16 8
7 23 1
7 79 -1
7 82 -8
7 77 -1
7 72 -6
7 60 -9
7 87 1
7 39 -1
7 38 9
7 12 2
7 88 -4
7 32 0
7 24 -2
7 28 7
7 51 -3
7 8 -2
7 61 -6
7 17 -4
7 44 4
7 53 -1
7 49 3
8 12 1
8 49 0
8 33 9
8 62 8
8 3 -3
8 40 3
8 66 -2
8 29 8
8 39 1
8 52 3
8 58 7
8 1 -7
8 92 -2
8 86 -1
8 34 1
8 77 4
8 65 -4
8 47 3
8 45 4
8 32 5
8 44 -5
8 51 8
8 80 -5
8 59 1
8 19 6
8 78 -5
8 18 -8
8 91 9
8 2 -3
8 55 3
8 23 2
8 4 -7
8 37 2
8 85 7
8 74 3
8 71 1
8 88 -8
8 22 -2
8 61 -1
8 36 -6
8 70 -1
8 42 -7
8 14 -5
8 50 -3
8 53 2
8 31 7
8 24 8
8 60 6
8 43 3
8 6 -7
8 56 3
8 38 6
8 73 -8
8 26 7
8 69 7
8 68 -5
8 81 6
8 16 7
8 41 9
8 21 -2
8 9 -4
8 87 5
8 7 3
8 54 9
8 35 -6
8 79 -7
8 13 -8
8 76 2
8 20 6
8 57 -5
8 15 -2
8 89 7
8 30 -7
8 10 -6
8 27 -3
8 84 -6
9 28 -9
9 79 6
9 86 -2
9 70 -5
9 39 -8
9 89 -6
9 73 -4
9 16 8
9 46 -5
9 43 -2
9 66 2
9 4 -6
9 91 -5
9 42 -3
9 47 -1
9 31 3
9 1 -9
9 82 -6
9 61 -8
9 77 -5
9 33 -4
9 27 7
9 8 9
9 83 1
9 35 -6
9 15 1
9 48 4
9 80 -6
9 3 -3
9 6 1
9 20 0
9 65 -8
9 58 -1
9 25 4
9 69 -3
9 88 6
9 11 -7
9 0 7
9 18 7
9 56 -1
9 62 5
9 2 2
9 34 6
9 14 3
9 55 7
9 24 -1
9 41 3
9 12 -4
9 68 2
9 49 -9
9 85 3
9 50 7
9 44 9
9 32 -5
9 30 -4
9 87 8
9 5 -8
9 37 8
9 59 5
9 51 -1
9 90 -6
9 29 1
9 57 3
9 38 -1
9 76 4
9 54 1
9 19 -3
9 23 9
9 52 -3
9 45 -2
9 21 4
9 78 -9
9 40 -8
9 7 -6
10 31 0
10 27 5
10 41 6
10 53 9
10 22 0
10 54 -4
10 56 -2
10 64 5
10 14 -8
10 37 -1
10 66 -7
10 91 5
10 61 0
10 55 4
11 54 -7
11 33 -7
11 70 -9
11 18 -9
11 8 9
11 25 2
11 76 2
11 22 -3
11 35 5
11 89 -7
11 51 0
11 27 5
11 65 -7
11 74 -1
11 4 -9
11 69 4
11 77 -6
11 37 0
11 15 3
11 44 -7
11 45 -3
11 92 -8
11 6 3
11 43 -1
11 87 1
11 58 3
11 38 7
11 80 -6
11 75 -4
11 39 -7
11 82 7
11 1 4
11 19 0
11 49 9
11 31 -5
12 69 7
12 27 9
12 2 6
12 85 -4
12 73 -3
12 45 -8
12 7 -3
12 39 -8
12 4 7
12 47 2
12 81 -3
12 87 1
12 25 9
12 0 -4
12 70 -9
12 14 -4
12 22 0
12 65 -1
12 64 -4
12 51 -3
12 15 -6
12 34 5
12 57 -2
12 32 3
12 24 7
12 52 -3
12 43 -2
12 74 -3
12 67 3
12 3 -6
12 77 0
12 33 -3
12 55 -8
12 6 8
12 17 -6
12 84 7
12 37 0
12 20 -1
12 50 4
12 30 2
12 35 -4
12 46 0
12 1 0
12 8 -7
12 79 7
12 86 -8
12 89 -3
12 16 -3
12 58 7
12 38 4
13 51 -5
13 8 1
13 58 -9
13 46 6
13 30 -1
13 28 -6
13 59 5
13 11 2
13 33 -7
13 24 8
13 88 6
13 3 -4
13 17 5
13 73 -4
13 36 1
13 72 0
13 79 9
13 40 -1
13 86 0
13 45 -1
13 78 9
13 21 6
13 14 5
13 41 2
13 54 -7
13 29 -2
13 25 8
13 68 0
13 35 2
13 57 -8
14 38 6
14 52 4
14 74 -8
14 16 -9
14 80 4
14 77 2
14 89 -6
14 65 6
14 78 5
14 42 8
14 31 -9
14 5 -7
14 57 6
14 76 -9
14 10 -7
14 33 9
14 54 5
14 48 3
14 46 4
14 45 0
14 30 -9
14 84 -4
14 53 -3
14 40 0
15 33 -4
15 28 -6
15 27 4
15 31 -2
15 40 -1
15 74 1
15 68 -8
15 30 -3
15 36 -2
15 1 -6
15 91 -8
15 29 -7
15 44 3
15 73 -4
15 42 5
15 79 2
15 59 -8
15 45 5
15 43 -2
15 18 5
15 84 -7
15 5 -3
15 11 -2
15 46 1
15 7 6
15 0 -1
15 54 8
15 49 -6
15 35 3
15 14 6
15 53 5
16 21 4
16 56 -4
16 23 -3
16 44 0
16 38 -6
16 9 -2
16 31 -9
16 66 -4
16 24 2
16 40 -8
16 42 0
16 84 5
16 70 4
16 20 -3
16 0 6
16 89 9
16 54 -3
16 80 -8
16 67 4
16 43 -1
16 79 -3
16 86 5
16 10 8
16 48 5
16 68 4
16 55 1
16 51 5
16 34 -4
16 47 -2
16 37 6
16 15 2
16 91 -2
16 81 5
16 19 1
16 60 0
16 92 5
16 2 9
16 59 2
16 35 -3
16 65 -9
16 3 2
16 13 -8
16 14 -7
16 30 -5
16 71 3
16 53 3
16 74 -6
16 41 -8
16 76 -8
16 22 5
16 73 -8
16 78 -7
16 87 0
16 39 0
16 58 -6
16 26 -8
16 90 -9
16 64 -3
16 46 -2
16 6 5
16 29 4
16 28 3
16 69 -6
16 50 1
16 61 -7
16 62 0
16 36 9
16 57 -5
16 77 -7
16 11 1
16 45 5
16 12 4
16 63 9
16 27 -7
16 4 -7
16 17 9
16 8 -3
16 83 2
17 44 6
17 39 -5
17 10 4
17 22 4
17 4 3
17 78 6
17 60 -7
17 62 7
17 28 7
17 76 8
17 15 -5
17 27 9
17 6 -2
17 54 -3
17 75 -6
17 53 -2
17 72 1
17 11 0
17 50 1
17 2 -3
17 67 -6
17 49 3
17 24 0
17 52 8
17 74 8
17 83 9
17 84 -7
17 64 4
17 88 8
17 48 4
17 33 -3
17 35 -9
17 77 0
17 3 -5
17 9 -2
17 19 3
17 29 9
17 73 5
17 79 -4
17 5 3
17 47 8
17 46 -2
17 13 -8
17 34 6
17 82 -1
17 26 -9
17 87 6
17 71 5
17 20 5
17 38 3
17 0 4
17 42 -1
18 26 -2
18 80 -3
18 63 -5
18 16 -8
18 42 -4
18 60 6
18 30 -1
18 72 -1
18 10 5
18 61 -4
18 91 -5
18 23 1
18 47 -1
18 81 9
18 21 -3
18 45 -7
18 14 5
18 4 6
18 20 -2
18 5 -6
18 37 3
18 11 2
18 77 4
18 82 8
18 40 -7
18 54 0
18 1 -4
18 34 -4
18 74 0
18 75 6
18 27 -6
18 17 -1
18 43 -4
18 53 -8
18 7 0
18 12 -6
18 51 -3
18 70 -4
18 76 -2
18 29 0
18 22 4
18 71 2
18 41 -4
18 65 0
18 9 -5
18 90 -8
18 59 0
18 39 -5
18 2 -6
18 24 3
18 83 -2
18 48 3
18 0 -6
18 56 1
18 28 -4
18 49 -2
18 84 -3
18 86 -1
18 15 5
18 85 8
18 19 -6
18 68 8
18 36 6
18 64 -6
18 46 5
18 69 0
18 3 -9
18 50 8
18 87 -9
18 58 7
18 62 -3
18 78 -6
18 13 9
18 38 -3
18 25 -6
18 44 -9
18 88 4
18 89 1
18 52 0
18 73 -3
18 67 6
18 6 -5
18 8 1
18 79 -7
18 66 -6
18 31 4
18 92 -7
18 57 -1
18 33 4
18 55 -6
18 35 -3
19 37 -1
19 74 8
19 68 -2
19 22 5
19 27 -7
19 61 8
19 51 -7
19 44 -1
19 58 3
19 52 8
19 25 -4
19 78 9
19 23 -6
19 56 -3
19 84 5
19 8 6
19 92 -3
19 43 9
19 89 7
19 16 8
19 2 -8
19 70 -2
19 9 5
19 1 -6
19 4 7
19 26 7
19 36 8
19 14 -8
19 53 4
19 30 -8
19 31 7
19 35 3
19 57 -3
19 66 7
19 41 -8
19 88 -1
19 91 2
19 45 0
19 75 1
19 12 2
19 76 4
19 42 -1
19 15 -5
19 83 1
19 71 -6
19 5 2
19 86 -3
19 18 -4
19 79 -5
19 81 7
19 54 7
19 82 -5
19 0 -7
19 10 4
19 48 8
19 69 -6
19 32 2
19 13 6
19 20 -6
19 38 6
19 77 4
19 39 -3
19 72 8
19 73 6
19 85 7
19 28 1
19 21 0
19 62 4
20 68 -5
20 12 7
20 32 -2
20 49 1
20 51 -9
20 56 4
20 90 -8
20 18 3
20 28 2
20 59 -1
20 33 3
20 86 -4
20 5 -5
20 73 3
20 35 2
20 4 3
20 43 3
20 39 -2
20 23 5
20 61 -6
20 14 -3
20 77 -7
20 26 -5
20 67 -6
20 29 5
20 9 9
20 50 -5
20 34 7
20 92 1
20 31 5
20 0 -3
20 38 7
20 60 6
20 47 3
20 83 -2
20 80 2
20 15 2
20 3 -3
20 27 1
20 52 -2
20 87 -3
20 69 3
20 41 2
20 45 1
20 1 -8
20 19 -7
20 70 8
20 57 6
20 55 0
20 82 4
20 63 -5
20 48 1
20 44 0
20 79 -5
20 66 -2
20 53 -2
21 32 -7
21 88 -5
21 74 -5
21 54 9
21 20 -6
21 2 5
21 80 -3
21 39 9
21 81 -6
21 92 9
21 10 -7
21 71 9
21 14 1
21 52 -4
21 34 -9
21 45 4
21 86 2
21 36 1
21 16 -3
21 59 2
21 18 -9
21 5 -3
21 33 -8
21 64 4
22 40 3
22 16 -7
22 37 -1
22 47 -8
22 76 9
22 61 9
22 15 -7
22 25 2
22 66 -6
22 13 0
22 54 1
22 70 6
22 48 -9
22 62 4
22 77 -9
22 82 -3
22 88 5
22 68 9
22 92 2
22 69 9
22 19 -5
22 0 -1
22 83 6
22 43 6
22 34 -9
22 60 5
22 46 -7
22 85 9
22 84 -2
22 72 -1
22 67 5
22 18 -2
22 2 -8
22 39 -5
22 91 4
22 87 -8
22 24 0
22 73 -9
22 31 3
22 5 -6
22 6 1
22 80 -3
22 64 -1
22 42 -5
22 74 5
22 56 -9
22 8 0
22 27 -9
22 86 0
22 10 -6
22 12 -3
22 45 7
22 23 -3
22 26 2
22 1 -3
22 11 3
22 33 2
22 65 -8
22 9 -7
22 71 -7
22 81 -4
22 75 5
22 52 4
22 28 -9
22 58 -7
22 63 2
22 51 5
22 14 -9
22 30 0
22 7 1
22 17 3
22 38 -5
22 21 9
22 20 -1
23 55 5
23 82 -6
23 24 -4
23 51 -6
23 47 -3
23 61 2
23 36 -3
23 73 -6
23 60 3
23 76 3
23 5 -7
23 21 7
23 71 5
23 49 1
23 78 -7
23 38 9
23 16 3
23 85 -7
23 22 -6
23 53 5
23 83 -1
23 12 5
23 69 -4
23 72 -7
23 68 -8
23 87 1
23 28 -2
23 59 2
23 31 7
23 26 7
23 84 -5
23 14 3
23 32 -7
23 50 5
23 6 3
23 46 0
23 4 -6
23 37 -8
23 43 7
23 89 -2
23 7 5
23 9 -2
23 11 -5
23 66 5
23 54 -4
23 41 1
23 91 -9
23 44 -3
23 27 -7
23 8 5
23 80 -9
23 48 7
23 17 -9
23 40 3
23 15 8
23 13 5
23 33 0
23 92 3
23 45 -5
23 20 -3
23 10 -3
23 62 1
23 65 -6
23 64 8
23 90 -6
23 25 7
24 92 0
24 30 7
24 42 7
24 32 2
24 65 -4
24 73 0
24 89 -2
24 5 -9
24 54 -4
24 61 8
24 39 -2
24 55 4
24 38 6
24 22 -6
24 18 -4
24 67 8
24 72 0
24 53 -4
24 69 -6
24 52 6
24 76 -1
24 2 -1
24 8 -5
24 37 -5
24 34 -7
24 20 -5
24 58 -5
24 85 -1
24 90 5
24 64 -8
24 46 -2
24 41 -3
24 62 7
24 87 7
24 25 -9
24 43 3
24 10 1
24 78 -7
24 21 -9
24 3 6
24 19 1
24 60 1
24 56 3
24 51 -6
24 86 -2
24 12 -4
24 82 -3
24 11 1
24 68 -9
24 31 -6
24 0 4
24 80 -2
24 77 4
24 59 7
24 6 -7
24 29 2
24 14 4
24 17 -5
24 91 4
24 7 -6
24 4 -6
24 71 -5
24 16 -5
24 75 -8
24 66 8
24 33 -2
24 45 1
24 50 7
24 1 -5
24 70 -1
24 47 1
24 84 8
24 44 -5
24 81 -3
24 9 -4
24 23 -4
24 36 -6
24 57 -9
24 49 -8
25 77 4
25 81 8
25 85 -1
25 71 -7
25 60 3
25 21 -3
25 16 1
25 80 3
25 20 9
25 15 8
25 24 -1
25 58 8
25 46 -9
25 18 -2
25 45 4
25 54 -3
25 36 -3
25 40 1
25 22 6
25 91 6
25 48 0
25 53 -8
25 62 -8
25 87 -4
25 14 9
25 64 1
25 63 3
25 11 1
25 41 3
25 56 3
25 68 9
25 26 -9
25 0 -3
25 66 0
25 4 -7
25 49 8
25 55 -7
25 86 2
25 5 0
25 76 1
25 84 5
25 31 4
25 30 2
25 33 -5
25 78 -7
25 12 -7
25 38 8
25 8 -8
25 57 6
25 23 2
25 61 2
25 37 -6
25 29 3
25 19 1
25 70 8
25 73 8
25 44 -9
25 9 -9
25 13 -7
25 83 4
25 75 3
25 59 -7
25 92 8
25 72 7
25 74 5
25 88 -1
25 50 -5
25 34 -7
25 67 7
25 32 -3
25 39 7
25 7 -6
25 43 6
25 2 -3
25 82 -2
25 42 4
25 17 -4
25 35 -8
25 89 -3
25 52 3
25 69 -4
26 56 -7
26 78 3
26 89 6
26 20 -1
26 85 -3
26 17 -4
26 69 1
26 67 -9
26 41 3
26 7 -3
26 25 -6
26 75 2
26 81 -7
26 77 6
26 38 6
26 51 -1
26 76 8
26 28 1
26 47 -8
26 8 3
26 61 5
26 3 -5
26 6 -4
26 45 -7
26 54 0
26 27 4
26 52 -6
26 66 5
26 22 -1
26 50 -4
26 12 3
26 60 0
26 90 0
26 84 9
26 46 -2
26 0 -1
26 33 -4
26 39 -8
26 29 -3
26 18 -5
26 57 4
26 44 6
26 9 6
26 31 -8
26 92 -8
26 74 9
26 87 -2
26 36 -3
26 63 -8
26 13 9
26 4 -7
26 86 7
26 58 -7
26 80 -9
26 82 -7
26 70 -7
26 23 0
26 37 -7
26 88 -6
26 55 8
26 83 9
26 49 -4
26 35 8
26 21 9
26 40 -1
26 59 -4
26 15 4
26 19 -1
26 16 4
26 64 0
26 62 5
27 68 -7
27 22 9
27 34 5
27 46 4
27 4 -2
27 91 -4
27 44 -5
27 36 9
27 83 9
27 72 2
27 23 -3
27 61 -2
27 48 2
27 37 7
27 77 2
27 74 8
27 49 -2
27 65 6
27 0 9
27 54 -8
27 56 -8
27 53 -2
27 81 -5
27 24 5
27 2 5
27 7 -3
27 85 -1
27 3 -3
27 90 -2
27 11 6
27 84 -4
27 71 6
27 17 6
27 40 3
27 58 3
27 43 -9
27 5 0
27 47 1
27 19 5
27 10 0
27 42 -2
27 35 6
27 73 9
27 78 -6
27 30 -4
27 76 6
27 33 -2
27 75 4
27 64 -3
27 13 1
27 12 9
27 45 0
27 21 -1
27 16 -3
27 39 -8
27 63 3
28 21 3
28 74 7
28 84 -2
28 7 -4
28 92 -9
28 29 4
28 53 2
28 82 5
28 32 -8
28 62 -8
28 8 8
28 86 3
28 27 -6
28 42 -2
28 38 5
28 54 6
28 79 -6
28 47 2
28 91 -6
29 55 9
29 21 6
29 6 -1
29 38 -5
29 86 -2
29 56 -6
29 26 -6
31 37 -7
31 12 -1
31 50 -1
31 23 9
31 90 8
31 65 -7
31 66 -3
31 82 -6
31 24 9
31 6 1
31 3 1
31 71 6
31 52 8
31 41 -3
31 43 0
31 67 2
31 75 1
31 7 -6
31 4 1
31 87 0
31 91 0
31 68 5
31 16 -9
31 46 -1
31 85 6
31 2 -3
31 9 -8
31 48 -8
31 34 7
31 17 7
31 20 -4
31 56 -6
31 36 -1
32 64 6
32 76 -3
32 41 -7
32 1 5
32 69 -1
32 0 5
32 50 6
32 46 1
32 42 5
32 19 -3
32 27 -1
32 2 3
32 23 6
33 48 -7
33 68 5
33 83 -1
33 34 3
33 51 4
33 60 2
33 92 2
33 31 1
33 73 -2
33 24 -9
33 90 -1
33 23 -1
33 64 -4
33 38 -8
33 10 -5
33 35 4
33 3 1
33 54 -2
33 84 -4
33 59 1
33 78 -9
34 0 -5
34 21 -2
34 85 8
34 80 2
34 84 -6
34 19 7
34 83 0
34 65 5
34 68 -5
34 25 -1
34 15 3
34 16 -2
34 20 -2
34 73 8
34 2 -3
34 77 -2
34 56 -5
34 39 0
34 28 -8
34 14 2
34 50 0
34 81 0
34 27 -4
34 38 -3
34 11 -7
34 30 -8
34 53 -4
34 13 -3
34 1 6
34 33 -3
34 63 5
34 31 -8
34 6 6
34 71 8
34 23 -3
34 54 -2
34 24 9
34 32 -5
34 29 -8
34 72 8
34 67 -7
34 12 -1
34 58 9
34 42 8
34 18 -9
34 87 -5
34 48 -6
34 59 9
34 45 1
34 43 -6
34 10 2
34 82 6
34 47 -9
34 37 -6
34 86 -9
34 69 7
34 9 -7
34 88 -1
34 35 -8
34 64 2
34 44 -9
34 57 -6
34 4 6
34 78 1
34 22 -5
34 70 1
34 7 6
34 51 9
35 68 -8
35 54 0
35 66 -8
35 15 9
35 20 4
35 29 -5
35 21 5
35 85 -2
35 91 -2
35 78 6
35 88 4
35 55 -6
35 16 0
35 38 3
35 44 -7
35 79 0
35 28 6
35 7 -2
35 43 3
35 18 1
35 58 -3
35 36 7
35 80 3
35 22 5
35 17 4
35 12 -1
35 23 8
35 86 8
35 75 1
35 33 0
35 70 -9
35 47 8
35 57 -3
35 87 6
35 40 9
35 10 -9
35 14 -6
35 53 -8
35 3 9
35 31 0
35 62 9
35 60 -9
35 73 -8
35 83 5
35 50 -5
35 42 3
35 92 -9
35 74 5
35 9 -8
35 76 2
35 0 -8
35 5 5
35 63 0
35 82 1
35 45 -6
35 30 -3
35 65 6
35 19 -8
35 2 7
35 90 -5
35 6 -2
35 89 2
35 26 9
35 11 -9
35 41 1
36 42 8
36 19 0
36 0 5
36 22 -7
36 9 -7
36 72 7
36 57 -3
36 77 -5
36 81 4
36 87 6
36 40 2
36 49 -9
36 32 4
36 11 9
36 58 -2
36 1 3
36 15 9
36 39 -7
36 12 -9
36 80 1
36 46 1
36 34 -3
36 38 5
36 27 -3
36 68 7
37 32 -8
37 53 1
37 63 4
38 87 -2
38 88 3
38 46 -5
39 8 -2
39 1 1
39 7 2
39 29 -6
39 12 5
39 27 4
39 88 0
39 58 -6
39 32 9
39 86 -1
39 14 5
39 84 -5
39 70 5
39 5 6
39 53 5
39 91 5
39 24 -7
39 3 5
39 2 -6
39 4 -3
39 46 2
39 83 -9
39 44 -8
39 82 -2
39 48 9
39 61 -9
39 0 -2
39 67 -3
39 20 -9
39 64 -1
39 23 -5
39 59 4
39 15 0
39 13 -3
39 62 -1
39 33 8
39 50 -6
39 22 -3
39 76 9
39 45 8
39 28 -6
39 40 -6
39 81 3
39 31 -9
39 47 7
39 66 -7
39 11 5
39 90 7
39 10 6
40 70 5
40 6 1
41 70 7
41 31 7
41 29 6
41 71 4
41 87 0
41 6 -3
41 9 5
41 17 6
41 72 0
41 24 -8
41 86 -3
41 61 -7
42 49 -8
42 58 -7
42 5 5
42 59 -1
42 85 2
42 63 9
42 73 -8
42 30 -2
42 16 -5
42 17 2
42 14 9
42 77 -5
42 50 -3
42 3 2
42 83 -6
42 41 -4
42 65 -3
42 52 5
42 72 0
42 28 3
42 37 1
42 33 7
42 40 -5
42 51 -4
42 79 7
42 68 2
42 2 6
42 10 9
42 91 8
42 53 -6
42 15 -8
42 88 -5
42 4 -8
42 47 -5
42 89 -1
42 20 7
42 26 5
42 86 -7
42 35 -2
42 38 -8
42 45 -6
42 66 8
42 11 -2
42 43 1
42 27 6
42 62 9
42 78 1
42 57 5
42 87 1
42 21 5
42 44 -3
42 36 -1
42 54 -7
42 6 1
42 1 7
42 22 7
42 13 6
42 34 7
42 29 -6
42 32 -1
42 19 1
42 92 3
42 39 5
42 82 0
42 90 9
42 67 8
42 60 -7
42 12 -1
42 84 5
43 74 2
43 71 -5
43 5 -5
43 21 0
43 22 0
43 39 -6
43 44 1
43 60 5
43 38 5
43 12 -2
43 79 7
43 82 -7
43 53 4
43 6 6
43 42 7
43 56 -3
43 50 -3
43 55 -3
43 31 -5
43 72 7
43 46 -7
43 19 -2
43 69 -1
43 20 -5
43 58 3
43 29 9
43 47 0
44 27 4
44 60 0
44 3 9
44 8 3
44 80 9
44 13 -9
44 79 0
44 34 3
44 20 3
44 11 -7
44 92 1
44 26 9
44 68 -4
44 9 -7
44 91 -5
44 48 -6
44 1 -9
44 39 2
44 65 4
44 31 0
44 64 7
44 58 5
44 66 -9
44 51 5
44 50 9
44 18 -2
44 55 7
44 38 1
44 5 -9
44 57 -6
44 67 2
44 17 2
44 87 -5
44 76 5
44 54 -4
44 52 -1
44 0 -3
44 84 -2
44 74 -1
44 36 0
44 90 -8
44 29 -2
44 72 -5
44 12 9
44 71 9
44 24 7
44 82 9
44 45 -6
44 63 -4
44 78 -7
44 6 -1
44 35 1
44 30 -4
44 42 -8
44 49 0
44 47 -6
44 28 3
44 61 7
44 56 9
44 19 -4
44 37 0
44 21 -9
45 46 -4
45 51 1
45 8 2
45 43 0
45 26 -2
45 73 -5
45 89 7
45 30 -6
45 11 -1
45 18 -8
45 35 6
45 39 0
45 85 6
45 20 6
45 48 6
45 75 6
45 37 9
45 21 -1
45 47 -5
45 36 -4
45 80 5
45 2 -3
45 66 7
45 82 -3
45 16 -9
45 7 -3
45 84 -2
45 15 2
45 64 8
45 68 1
45 60 -2
46 7 -3
46 74 -9
46 11 0
46 10 -9
46 35 9
46 39 3
46 25 -7
46 0 7
46 26 7
46 57 -8
46 55 -2
46 71 -4
46 3 -5
46 72 4
46 62 -6
46 12 7
46 52 -9
46 54 -6
46 42 6
47 52 -3
47 11 1
47 42 -9
47 53 2
47 69 4
47 32 7
47 20 -1
47 67 -2
47 51 -7
47 1 -7
47 31 -9
47 12 4
47 71 -3
47 89 -3
47 36 7
47 70 0
47 15 -5
47 29 -7
47 7 1
47 13 -2
47 48 9
47 58 8
47 78 8
47 44 -5
47 2 -6
47 80 -3
47 19 -5
47 10 5
47 39 1
47 65 3
47 84 4
47 41 -4
47 79 -3
47 83 0
47 40 -1
47 92 -2
47 90 3
47 9 -3
47 63 7
47 59 4
47 68 -5
47 54 -6
47 34 2
47 88 -7
48 82 -3
48 9 -8
48 65 -4
48 42 2
48 80 1
48 22 7
48 30 4
48 61 -4
48 81 -1
48 27 4
48 77 -3
48 21 -4
48 17 7
48 90 6
48 84 4
48 1 9
48 89 0
48 37 3
48 4 -2
48 64 7
48 79 -6
48 67 8
48 6 -6
48 52 -9
48 76 -6
48 24 -5
48 8 -1
48 29 4
48 75 -4
48 62 -1
48 2 4
48 45 -6
48 69 0
48 5 1
48 43 -1
48 20 9
48 57 -2
48 16 3
48 83 8
48 91 -8
48 47 -7
49 25 3
49 13 -5
49 83 -4
49 24 -4
49 23 6
49 32 6
49 8 -3
49 57 -5
49 10 -9
50 56 7
50 42 -2
50 4 -8
50 30 9
50 91 -8
50 78 7
50 19 9
50 63 1
50 69 7
50 5 -2
50 79 8
50 88 5
50 52 -5
50 76 2
50 37 -7
50 47 9
50 20 -9
50 73 2
50 59 8
50 45 8
50 32 -7
50 90 0
50 29 2
50 9 -3
50 58 -8
50 64 -2
50 65 9
50 10 -8
50 0 2
50 62 -5
50 11 5
50 89 -2
50 14 3
51 19 -7
51 3 -2
51 83 5
51 69 -2
51 87 -6
51 89 8
51 43 -4
51 72 9
51 12 -4
51 59 4
51 53 5
51 44 8
51 45 2
51 65 8
51 6 7
51 66 -7
51 85 7
51 61 -3
51 63 6
51 41 -5
51 31 4
51 55 9
51 48 -6
51 64 -5
51 37 8
51 58 -2
51 54 -2
51 10 -7
51 91 3
51 8 -7
51 50 8
51 71 4
51 52 -8
51 68 7
51 84 9
51 35 -9
51 25 4
51 14 -4
51 7 9
51 46 -9
51 82 -8
51 92 -2
51 67 -4
51 49 -6
51 27 8
51 32 9
51 22 -5
51 4 9
51 17 -9
51 24 6
51 57 -2
51 20 5
51 16 2
51 33 6
51 29 -4
51 47 -5
51 13 -8
51 80 -4
51 28 8
51 76 -6
51 40 6
51 42 -5
51 79 -3
51 36 -4
51 88 -6
51 70 -1
51 15 -3
51 81 -3
51 21 7
51 0 9
51 60 -8
51 34 -3
51 75 7
51 9 8
51 26 1
51 1 1
52 62 -5
52 61 -5
52 55 7
52 7 -1
52 59 -9
52 53 7
52 11 8
52 13 5
52 72 4
52 79 -6
52 77 0
52 41 0
52 78 0
52 32 -8
52 22 -4
52 48 -7
52 31 -7
52 37 7
52 19 -5
52 87 1
52 33 -5
52 1 -9
52 27 4
52 49 3
52 76 -9
52 46 -7
52 38 6
52 23 0
52 74 1
52 20 5
52 80 8
53 31 3
53 37 -1
53 73 0
53 13 -5
53 55 1
53 41 7
53 0 5
54 38 -5
54 18 -4
54 26 3
54 12 3
54 41 -2
54 63 -8
54 15 2
54 6 -9
54 80 -2
54 10 7
54 73 7
54 81 1
54 21 -8
54 50 6
54 60 -8
54 27 2
54 79 8
54 76 -8
54 55 -3
54 51 4
54 30 -7
54 4 7
54 52 -5
54 43 1
54 74 3
54 13 -1
54 9 5
54 24 -6
54 5 -4
54 32 5
54 89 2
54 57 2
54 90 -2
54 83 9
54 92 5
54 75 3
54 31 -4
54 64 9
54 39 -1
54 53 -1
54 1 -8
55 34 7
55 14 -4
55 87 -9
55 0 -5
55 27 -9
55 90 0
55 3 3
55 43 -9
55 16 1
55 58 0
55 5 -6
55 70 -4
55 49 4
55 12 1
55 51 -1
55 54 1
55 39 -3
55 78 -3
55 62 6
55 52 -7
55 67 -5
55 25 5
55 1 6
55 71 1
55 18 -9
55 24 1
55 82 7
55 44 2
55 68 -7
55 85 -9
55 77 9
55 60 -6
55 81 1
55 29 6
55 21 -2
55 57 -9
55 26 -8
55 42 6
55 88 4
55 46 -6
55 89 -9
55 28 7
55 37 -4
55 32 -7
55 38 -1
55 9 6
55 45 -3
55 20 8
55 48 -5
55 19 6
55 35 2
55 41 -1
55 72 6
55 83 4
55 91 3
55 76 -2
55 8 -5
55 4 5
55 65 9
55 64 0
56 53 -6
56 8 -7
56 16 -8
56 83 -2
56 28 8
56 38 -9
56 60 4
56 21 2
56 14 3
56 58 -3
56 64 2
56 72 -3
56 87 0
56 50 1
56 15 0
56 9 -9
56 41 -8
56 42 -3
56 61 -4
56 29 0
56 73 -5
56 43 7
56 0 7
56 18 2
56 10 9
56 44 4
56 62 2
56 76 7
56 2 -1
56 67 -3
56 34 -4
57 89 8
57 50 6
57 41 -6
57 51 9
57 32 8
57 47 -6
57 84 -3
57 90 2
57 39 -7
57 23 -4
57 77 -7
57 12 -6
57 64 8
57 1 7
57 9 -9
57 31 -6
57 49 2
57 22 -8
57 34 1
57 18 -4
57 19 -3
57 69 2
57 58 -5
57 24 -5
57 14 -8
57 74 0
57 7 -2
57 86 6
57 76 -4
57 46 9
57 17 1
57 8 4
57 15 -7
57 88 9
57 82 9
57 70 -6
57 25 -1
57 80 0
57 21 3
57 75 7
57 52 4
57 40 6
57 87 9
57 36 3
57 63 -9
57 61 -8
57 65 -6
57 78 -6
57 48 -3
57 28 3
57 83 -4
57 33 2
57 56 5
57 81 4
57 62 -1
57 16 1
57 38 -3
57 5 5
57 91 -7
57 10 2
57 54 3
57 55 3
57 11 -8
57 59 4
57 44 4
57 71 3
57 3 6
57 45 3
57 20 -5
57 66 -1
57 6 3
57 79 -4
57 13 -4
57 30 5
57 73 -7
57 27 9
57 67 9
57 2 -3
57 68 -1
57 53 -5
57 72 -2
57 43 3
57 92 -2
58 63 -4
58 32 8
58 70 9
58 22 -8
58 24 8
58 47 -9
58 52 -3
58 0 5
58 9 8
58 29 -6
58 71 9
58 74 -3
58 11 2
58 91 -7
58 13 8
58 19 9
58 12 2
58 67 -3
58 55 -4
58 26 -5
58 83 -9
58 69 0
58 78 5
58 46 -1
58 92 6
58 59 -4
58 62 0
58 21 -6
58 6 -2
58 34 6
58 90 -5
58 64 -5
58 73 -9
58 66 6
58 61 9
58 56 -7
58 15 -9
58 75 -9
58 35 -3
58 87 4
58 41 -7
58 88 8
58 18 -1
58 57 0
58 49 -5
58 48 -9
58 85 -8
58 86 0
58 79 5
58 7 -1
58 80 9
58 53 2
58 50 9
58 77 -7
58 2 -5
58 38 2
58 89 -1
59 55 8
59 82 0
59 71 -1
59 79 9
59 41 8
59 49 -1
59 76 -6
59 44 -2
59 25 -9
59 36 0
59 29 -3
60 0 5
60 76 9
60 56 -4
60 59 -4
60 67 -1
60 53 -1
60 18 6
60 71 5
60 33 -8
60 14 -5
60 30 -6
60 29 7
60 44 -7
60 89 7
60 51 0
60 25 7
60 38 0
60 78 -8
60 88 -7
60 49 1
60 41 -7
60 52 7
60 12 6
60 13 0
60 87 1
60 3 -9
60 15 -9
60 69 -3
60 22 -8
60 16 0
60 50 -1
60 85 -5
60 84 5
60 92 4
60 1 -3
60 82 4
60 32 6
60 73 5
60 46 2
60 11 8
60 91 7
60 37 0
60 8 -9
60 6 0
60 79 6
60 47 8
60 27 -5
60 58 -6
60 66 -9
60 74 -8
60 28 8
60 24 2
60 2 4
60 55 7
60 62 -8
60 65 3
60 19 -7
60 86 5
60 70 -2
60 42 -8
60 81 -7
60 63 7
61 78 7
61 56 -9
61 35 -4
61 75 -6
61 21 8
61 91 9
61 59 -5
61 41 7
61 51 -2
61 19 1
61 71 2
61 77 2
61 88 6
61 33 9
61 92 -3
61 62 7
61 15 6
61 73 7
61 2 7
61 5 -8
61 20 0
61 3 5
61 18 1
61 64 6
61 76 5
61 47 5
61 1 -9
61 43 -3
61 38 0
61 8 -3
61 57 -1
61 4 4
61 24 1
61 79 -5
61 27 -9
61 65 -5
61 32 -8
61 53 2
61 36 -7
61 13 3
61 39 5
61 49 -5
61 12 8
61 25 -6
61 69 -3
61 10 3
61 29 -4
61 52 9
61 28 5
61 89 1
61 45 -9
61 86 4
61 90 -7
61 7 2
61 9 -1
61 63 -6
61 17 4
61 22 -1
61 44 -2
61 80 -7
61 60 6
61 82 2
61 6 -6
61 23 -8
61 85 -2
61 72 3
61 40 9
61 16 7
62 77 -6
62 36 0
62 51 -6
62 23 -3
62 91 -9
62 60 4
62 71 -3
62 66 -7
62 69 6
62 85 -3
62 29 8
62 47 -3
62 15 -3
62 83 6
62 48 5
62 89 9
62 87 -2
62 4 3
62 43 6
62 7 4
62 33 -8
62 84 6
62 5 1
62 74 3
62 61 -5
62 79 6
62 78 -3
62 34 -5
62 14 -9
62 75 -7
62 52 5
62 38 6
62 20 -6
62 22 1
62 2 -5
62 28 -3
62 58 5
62 18 -4
62 30 0
63 46 -1
63 38 8
63 28 -9
63 15 0
63 54 -8
63 77 8
63 59 4
63 79 -6
63 42 7
64 77 -9
64 33 3
64 41 -2
64 26 6
64 2 -1
64 22 -6
64 76 -7
64 59 6
64 83 -2
64 63 5
64 92 9
64 19 -1
64 75 1
64 45 -5
64 34 6
64 79 5
64 27 5
64 44 -7
64 87 7
64 67 4
64 61 3
64 86 8
64 36 -7
64 84 -7
64 38 -4
64 66 7
64 53 -7
64 71 -3
64 12 5
64 69 -9
64 70 -8
64 68 -7
64 48 -5
64 24 -9
64 72 2
64 3 -4
64 80 2
65 0 2
65 39 -3
65 85 -3
65 14 -6
65 86 4
65 36 5
65 19 2
65 68 -7
65 12 -9
65 61 4
65 43 -8
65 67 -5
65 46 -9
65 73 2
65 9 0
65 60 -9
65 57 3
65 1 4
65 55 -9
65 15 3
65 51 -4
65 49 -7
65 71 -8
65 25 9
65 8 -4
65 23 -2
65 17 7
65 27 -4
65 72 6
65 10 -7
65 11 4
65 13 2
65 41 2
65 76 -9
65 44 -1
65 48 -7
65 80 -1
65 45 1
65 4 1
65 18 3
65 22 -3
65 82 -9
65 26 -4
65 78 -8
65 83 -8
65 34 -4
65 75 -7
65 59 -8
65 21 -4
65 20 2
65 33 6
65 77 -4
65 40 -1
65 89 8
65 81 -9
65 7 5
65 5 2
65 63 -9
65 50 2
65 42 -2
65 62 4
65 24 7
66 16 -6
66 29 -9
66 79 -4
66 33 0
66 61 3
66 56 7
66 74 -9
66 48 6
66 50 4
66 38 9
66 57 6
66 51 6
66 52 1
66 39 -9
66 26 -5
66 45 7
66 89 1
66 25 8
66 6 -8
66 31 4
66 75 3
66 11 3
66 77 9
66 23 -9
66 14 3
66 18 -9
66 72 -6
66 40 -9
66 63 -5
66 2 -8
66 35 6
66 85 2
67 54 -2
67 41 -4
67 73 8
67 2 4
67 83 -1
67 24 -6
67 92 -4
67 34 -6
67 72 1
67 20 -8
67 69 -8
67 16 -8
67 49 3
67 45 -1
67 22 2
67 26 -9
67 74 9
67 87 -9
67 0 1
67 71 -4
67 7 -9
67 51 5
67 61 -9
67 19 4
67 5 -6
67 37 4
67 35 3
67 64 7
67 21 -1
67 56 1
67 43 -8
67 23 9
67 33 -3
67 85 0
67 81 6
67 30 -3
67 48 8
67 15 -5
67 88 -5
67 47 -2
67 53 -5
67 70 5
67 42 1
67 55 -1
67 12 8
67 58 2
67 44 2
67 40 -8
67 62 -9
67 59 -6
67 50 -1
67 91 -4
67 3 -5
67 29 -7
67 76 -3
67 18 -4
67 39 0
67 9 -8
67 52 5
67 57 0
67 27 5
67 36 -6
67 10 5
67 14 6
67 65 -4
67 17 8
67 13 6
67 31 8
67 6 1
67 60 5
67 63 1
67 80 1
67 25 -6
67 4 3
67 1 9
67 11 2
67 77 -3
67 90 8
67 84 2
67 89 -5
67 75 -3
68 29 -2
68 71 2
68 2 -7
68 6 -6
68 72 9
68 62 2
68 16 -4
68 65 -3
68 15 -6
68 51 9
68 35 5
68 13 -4
68 7 -3
68 12 9
68 89 -7
68 23 6
68 67 8
68 48 -7
68 58 -2
68 30 -6
68 70 7
68 82 1
68 66 -8
68 41 -1
68 56 2
68 50 -3
68 74 -5
68 80 -2
68 4 -4
68 52 -8
68 57 -8
68 47 3
68 32 -3
68 63 -5
68 42 -6
68 28 -4
68 84 -1
68 75 8
68 9 -9
68 79 6
68 53 -6
68 87 6
68 46 2
68 64 -8
68 78 9
68 14 8
68 83 4
68 86 5
69 27 -4
69 46 1
69 6 -9
69 37 2
69 82 -4
69 20 1
69 60 -4
69 73 -9
69 86 9
69 38 8
69 34 -9
69 40 -5
69 48 -4
69 14 -7
69 65 4
70 49 2
70 75 2
70 73 5
70 58 -7
70 6 -3
70 86 4
70 62 -5
70 52 -2
70 25 7
70 4 -7
70 34 -7
70 31 9
70 47 3
70 7 -3
70 50 2
70 11 5
70 37 -6
70 14 8
70 76 -8
70 23 1
70 48 5
70 44 1
70 54 2
70 38 -9
70 16 1
70 53 5
70 51 6
70 46 8
70 71 -6
70 67 5
70 81 4
70 84 7
70 0 -2
70 85 -6
70 69 5
70 12 5
70 28 9
70 42 -1
70 27 7
70 79 4
70 21 7
70 35 -6
70 92 5
70 89 -3
70 59 8
70 43 -6
70 26 -2
70 74 8
70 68 -5
70 88 3
70 87 -1
70 55 2
70 61 -1
70 66 7
70 10 -2
70 32 4
70 15 -8
70 91 9
70 18 -3
70 13 -3
71 79 -3
71 51 -2
71 35 7
71 49 8
71 31 -2
71 48 -5
71 80 -8
71 21 8
71 63 -1
71 30 7
72 5 2
72 92 -6
72 53 6
72 60 4
72 2 -7
72 73 -7
72 26 6
72 57 -7
72 10 1
72 13 8
72 45 9
72 70 8
73 50 -6
73 18 7
73 34 7
73 21 2
73 52 6
73 3 3
73 20 -2
73 7 4
73 1 5
73 43 2
73 74 -5
73 41 1
73 22 -7
73 56 -1
73 46 3
73 37 1
73 68 -1
73 75 1
73 19 -7
73 24 -6
73 39 -9
73 88 6
73 44 8
73 15 -2
73 9 8
73 61 0
73 47 -5
73 14 -9
73 55 2
73 78 -8
73 17 -6
73 64 -5
73 83 2
73 87 7
73 2 4
73 67 8
74 39 4
74 0 -3
74 53 -9
74 32 3
74 38 2
74 46 6
74 9 -3
74 75 7
74 49 9
74 2 -8
74 69 5
74 51 8
74 5 3
74 52 0
74 31 2
74 34 5
74 64 5
74 89 8
74 82 7
74 85 5
74 48 1
74 50 -2
74 83 2
74 37 0
74 92 0
74 88 7
74 4 9
74 11 4
74 36 6
74 79 -8
74 65 -6
74 8 -7
74 35 -4
74 84 -8
74 87 8
74 44 0
74 19 -2
74 68 8
74 15 9
74 40 -4
74 33 0
74 81 5
74 77 4
74 63 -1
74 80 -3
74 62 6
74 57 -5
74 72 -1
74 43 2
74 27 6
74 26 8
74 7 -9
74 71 -9
74 22 6
74 60 2
74 24 8
74 14 -8
74 12 0
74 6 -8
74 59 -5
74 16 1
74 54 9
74 25 -6
74 30 -7
74 76 1
74 61 9
74 23 2
74 29 5
74 3 -3
74 56 3
74 18 -5
74 41 4
74 67 6
74 17 3
74 42 7
74 86 8
74 90 -9
74 73 7
74 1 6
74 10 -8
74 45 6
74 21 -5
74 13 9
74 47 -3
75 27 -9
75 84 -8
75 36 0
75 56 4
75 71 6
75 48 -9
75 68 9
75 44 2
75 17 6
75 23 2
75 19 7
75 12 5
75 33 -5
75 60 5
75 58 5
75 15 2
75 28 4
75 64 2
75 6 1
75 24 7
75 69 -4
75 83 9
75 30 2
75 86 9
75 90 -1
75 53 3
75 79 2
75 63 4
75 10 -6
76 88 -5
76 22 -2
76 87 -1
76 65 8
76 19 2
76 31 -9
76 10 -8
76 53 3
76 20 -9
76 17 -5
76 15 4
76 21 -5
76 86 -3
76 54 -4
76 32 -8
76 40 -2
76 38 9
76 45 2
76 0 5
76 7 3
77 74 6
77 72 8
77 39 8
77 24 1
77 68 5
77 79 5
77 0 -4
77 78 -8
77 59 -7
77 32 -9
77 47 -2
77 17 -2
77 64 -4
77 28 6
77 16 6
77 14 5
77 11 0
77 19 -1
77 58 -5
77 30 1
77 54 -9
77 89 -5
77 50 5
77 52 -8
77 20 -4
77 27 0
77 35 -2
77 25 6
77 65 1
77 83 5
77 87 0
77 5 2
77 48 -8
77 4 7
77 90 -5
77 37 1
77 51 5
78 87 -7
78 68 -5
78 40 9
78 55 -4
78 45 0
78 69 8
78 28 -7
78 17 5
78 70 7
78 66 -4
78 57 -9
78 42 -9
78 1 -2
78 32 6
78 34 1
78 10 -8
78 46 -3
78 91 -9
78 43 1
78 23 -1
78 72 -5
78 25 -6
78 75 -2
78 83 3
78 86 3
78 58 4
78 47 -6
78 67 -7
78 56 -5
78 29 -9
78 52 -7
78 63 6
78 33 -9
78 2 4
78 6 -7
78 41 -9
78 92 6
78 9 1
78 39 -9
78 4 -1
78 12 5
78 8 -3
78 37 1
78 71 5
78 31 -6
78 61 6
78 59 7
78 88 9
78 15 7
78 64 1
78 85 -7
78 49 -3
78 80 -4
78 14 9
78 65 5
78 82 0
78 84 0
78 36 -3
78 24 -9
78 44 1
78 81 -3
78 74 8
78 53 -5
78 21 -7
78 13 0
78 11 -3
78 22 -7
78 0 -5
78 16 4
78 3 7
78 50 -2
78 48 0
78 18 -4
78 89 -9
78 90 -3
78 20 1
78 51 -9
78 77 4
78 62 -2
78 73 2
78 54 5
78 30 3
78 35 6
78 5 -3
78 26 4
78 27 -2
78 38 2
78 7 -1
79 75 6
79 3 7
79 84 4
79 28 8
79 17 -5
79 45 -2
79 35 -3
79 36 -7
79 46 5
79 52 -8
79 67 -3
79 57 -2
79 69 6
79 7 8
79 81 3
79 64 -5
79 39 3
79 53 -5
79 5 -4
79 34 5
79 83 3
79 68 -8
79 12 -7
79 92 0
79 13 -1
79 16 2
79 4 -9
79 62 4
79 74 0
79 15 -6
79 27 -1
79 9 -1
79 51 6
79 47 -9
79 40 0
79 85 8
79 25 -7
79 90 2
79 33 -3
79 76 -1
79 37 2
79 20 8
79 30 8
79 56 2
79 82 -1
79 22 2
79 77 4
79 29 -4
79 10 5
79 44 -3
79 43 7
79 21 7
79 31 -6
79 66 3
79 38 -9
79 23 -7
79 60 5
79 26 7
79 63 -3
79 14 1
79 8 1
79 54 3
79 59 3
79 41 8
79 55 8
79 6 -7
79 18 1
79 42 -9
79 91 -2
79 78 -1
79 50 -3
79 89 3
79 65 9
79 71 -4
79 49 -9
79 11 0
79 2 3
79 1 -6
79 70 0
79 73 8
79 24 0
79 80 -1
79 88 8
79 58 -4
79 61 4
79 72 -9
79 32 -2
79 48 -5
79 87 -5
79 0 -2
80 5 8
80 75 -1
80 78 -3
80 30 9
80 55 -7
80 66 9
80 19 1
80 33 5
80 92 -6
80 74 -1
81 12 8
81 56 -1
81 85 -9
81 69 6
81 48 0
81 31 -6
81 66 7
81 59 -3
81 6 -1
81 36 9
81 53 0
81 29 9
82 66 0
82 12 -7
82 55 0
82 21 0
82 4 4
82 29 1
82 22 1
82 18 3
82 11 9
82 68 4
82 49 -3
82 65 5
82 86 8
82 9 4
82 62 6
82 7 7
82 53 3
82 27 -7
82 19 -9
82 10 8
82 57 -6
82 0 -2
82 6 9
82 13 -5
82 23 2
82 1 -4
82 48 4
82 42 3
82 74 -1
82 88 8
82 46 7
82 56 -6
82 52 -9
82 15 6
82 14 2
82 78 8
82 77 -7
82 71 5
82 24 8
82 26 -5
82 44 -6
82 16 -7
82 85 -9
82 40 -7
82 30 0
82 83 -9
82 2 -4
82 91 -8
82 63 4
82 51 0
82 60 7
82 28 4
82 25 -3
82 5 -6
82 31 5
82 59 5
82 64 -7
82 45 1
82 34 1
82 67 -8
82 61 -8
82 80 -1
82 72 1
82 84 -7
82 41 7
83 58 6
83 57 -6
83 59 3
83 5 2
83 42 -5
83 64 1
83 65 5
83 28 1
83 54 5
83 23 0
83 87 2
83 36 -6
83 55 -3
83 46 7
83 2 -6
83 62 -6
83 68 -6
83 71 -6
83 33 6
83 81 4
83 0 3
83 31 1
83 40 -6
83 19 -1
83 8 -1
83 12 7
83 7 -1
83 22 -3
83 49 9
83 63 -6
83 9 -8
83 1 5
83 73 -1
83 38 -5
83 10 -5
83 17 -4
83 89 -7
83 27 -1
83 45 5
83 43 9
83 85 9
83 60 -3
83 53 0
83 21 -9
83 16 -8
83 52 1
83 14 1
83 77 3
83 24 -4
83 76 1
83 82 6
83 50 1
83 56 -8
83 32 -8
83 88 -8
83 11 -4
83 29 -5
83 35 -8
83 79 9
83 72 -7
84 82 -1
84 51 3
84 88 -5
84 1 6
84 90 6
84 23 7
84 31 8
84 22 6
84 8 2
84 18 4
84 24 -1
84 15 5
84 44 0
84 83 0
84 75 7
84 0 5
84 6 4
84 36 -6
84 34 -4
84 2 -4
84 5 5
84 86 -3
84 50 -7
84 38 7
84 25 -1
84 81 -3
84 74 -6
84 77 -8
84 21 5
84 85 -8
84 79 -5
84 65 -3
84 20 6
84 63 0
84 55 3
84 66 2
84 73 1
84 29 2
84 59 -6
84 91 4
84 92 7
85 10 -8
85 30 -7
85 76 9
85 24 -4
85 21 0
85 73 5
85 52 -8
85 39 8
85 56 6
85 71 -4
85 54 7
85 25 4
85 9 -6
85 4 -5
85 83 -3
85 68 0
85 75 4
85 86 -6
85 38 0
85 47 1
85 29 -8
85 67 -4
85 66 -4
85 14 9
85 62 6
85 58 -9
85 89 9
85 87 5
85 6 -6
85 90 4
85 37 -1
85 65 -3
85 57 -3
85 84 -2
85 2 -4
85 36 3
85 55 -4
85 28 5
85 43 -7
85 22 9
85 34 7
85 82 -5
85 20 2
85 61 -9
85 42 -9
85 15 8
85 51 7
85 81 -5
85 33 4
85 63 0
85 64 -4
85 0 8
85 49 6
85 70 -1
85 5 -2
85 35 -8
85 7 -8
85 18 1
85 53 8
85 74 -3
85 31 -5
85 48 -9
85 3 1
85 50 -4
85 17 9
85 69 -3
85 13 6
85 60 -8
85 91 5
85 92 1
85 79 -9
85 72 -4
85 40 7
85 59 5
85 77 0
85 88 8
86 70 -6
86 56 7
86 81 -7
86 75 6
86 34 7
86 18 3
86 80 9
86 61 6
86 15 5
86 52 -2
86 38 6
86 54 6
86 37 -9
86 9 -2
86 73 -2
86 51 4
86 49 9
86 59 3
86 0 6
86 36 4
86 63 5
86 87 -5
86 29 8
86 12 9
86 88 -3
86 21 -7
86 5 3
86 68 1
86 26 1
86 41 6
86 4 0
86 45 -5
86 77 -1
86 25 9
86 35 -5
86 69 -3
86 74 -4
86 30 -1
86 78 7
86 89 0
86 28 3
86 91 4
86 40 0
86 47 1
86 48 7
86 66 -6
86 19 -5
86 67 1
86 79 0
86 92 -2
86 16 3
86 46 -5
86 13 8
86 55 8
86 82 -5
86 72 -8
86 17 4
86 60 -8
86 58 -4
87 19 3
87 32 -8
87 9 -4
87 86 1
87 81 -7
87 58 7
87 65 -7
87 26 -7
87 8 -6
87 90 -3
87 85 2
87 79 7
87 57 8
87 56 -4
87 60 -1
87 3 7
87 42 6
87 77 4
87 45 -3
87 76 -7
87 35 -2
87 67 -3
87 30 5
87 17 -1
87 7 5
87 82 6
87 12 -5
87 83 7
87 4 -3
87 66 2
87 11 8
87 37 2
87 50 -9
87 48 -1
88 30 -2
88 74 9
88 48 -4
88 65 -8
88 1 3
88 12 2
88 69 6
88 61 -9
88 62 -5
88 0 8
88 29 9
88 4 7
88 89 -4
88 42 8
88 8 8
88 17 0
88 20 -1
88 38 -5
88 83 -4
88 67 -1
88 5 -2
88 90 -6
88 77 6
88 27 -6
88 50 2
88 78 6
88 81 -8
88 49 7
88 37 7
88 58 -5
88 72 0
88 79 2
88 56 3
88 33 6
88 28 1
88 43 -5
88 32 -3
88 35 5
88 57 -7
88 53 -8
88 84 -2
88 52 9
88 40 -9
88 80 -6
88 66 0
88 39 3
88 70 6
88 51 -2
88 24 2
88 15 -8
88 44 1
88 36 8
88 86 8
89 10 -5
89 5 3
89 61 7
89 34 -3
89 46 -2
89 53 5
89 87 -2
89 48 -1
89 64 -3
89 30 -7
89 56 6
89 52 -3
89 81 -8
89 51 -1
89 8 -6
89 26 3
89 71 -2
89 91 5
89 63 -4
89 17 -2
89 75 8
89 21 -7
89 22 -3
89 82 -8
89 59 1
89 68 -1
89 12 -2
89 28 8
89 84 2
89 83 -1
89 65 8
89 55 -1
89 2 9
89 72 2
89 80 -4
89 20 4
89 37 8
89 40 4
89 38 8
89 41 -8
89 44 7
90 60 6
90 10 5
90 47 -9
90 48 -6
90 15 5
90 4 -6
90 74 3
90 29 -7
90 70 -6
90 37 -9
90 9 -4
90 87 5
90 85 -2
90 72 7
90 40 -9
90 67 0
90 91 1
90 42 1
90 11 -4
90 18 9
90 75 -8
90 92 0
90 1 -2
90 26 -4
90 5 9
90 25 1
90 36 0
90 2 -4
90 30 8
90 84 -7
90 44 0
90 41 2
90 51 -9
90 20 -7
90 8 -8
90 55 6
90 77 3
90 79 -1
90 49 -3
90 57 -9
90 46 6
90 34 5
90 86 -9
90 76 -6
90 3 -2
90 21 2
90 32 0
90 0 -6
90 54 -7
90 89 6
90 71 4
90 52 9
90 23 -3
90 12 7
90 82 -2
90 59 7
90 13 2
90 35 -3
90 58 2
90 88 -1
90 73 4
90 16 -1
90 27 8
90 31 -5
90 83 -2
90 6 1
90 62 -5
90 69 5
90 78 -3
90 65 2
90 22 -5
90 38 -4
90 28 6
90 61 -3
90 68 1
90 24 -6
90 64 6
90 14 -1
90 33 -3
90 81 -8
90 53 8
90 43 -6
90 80 -2
90 66 2
90 63 -2
90 39 -3
90 50 8
90 45 -5
90 17 -9
91 46 7
91 83 4
91 29 -9
91 60 -2
91 25 -3
91 1 3
91 85 4
91 44 -4
91 48 2
91 24 2
91 80 -1
91 45 3
91 49 0
91 81 -1
91 32 7
91 79 -7
91 27 -3
91 50 0
91 13 3
91 36 -8
91 31 -3
91 8 0
91 76 -6
91 4 -5
91 47 1
91 66 -6
91 51 -1
91 34 4
91 61 -2
91 7 7
91 82 -2
91 5 -5
91 56 4
91 84 4
91 77 -4
91 23 -6
91 6 -6
91 74 -8
91 73 -1
91 88 -1
91 87 -2
91 11 4
91 42 -8
91 0 6
91 69 -7
91 63 -4
91 3 -1
91 71 7
91 55 -6
91 35 -6
91 16 5
91 26 5
91 89 -3
91 75 6
91 40 -3
91 33 -1
91 64 4
91 54 -3
91 70 0
92 18 -4
92 4 9
92 77 -8
92 50 -8
92 64 5
92 13 7
92 51 -1
92 72 -5
92 22 -5
92 66 -4
92 39 -7
92 1 -2
92 63 3
92 43 -5
92 10 8
92 6 0
92 25 8
92 58 -6
92 54 9
92 12 -1
92 31 -2
92 68 -1
92 74 -1
92 34 3
92 11 -9
92 89 6
92 29 2
92 33 -1
92 42 7
92 65 1
92 8 0
92 3 -1
92 14 -8
92 73 7
92 53 2
92 62 -9
92 16 0
92 40 2
92 24 -2
92 45 -4
92 78 0
92 26 -1
92 91 -9
92 67 0
92 71 -5
92 9 6
92 56 -3
