94
4460
true
0 82 7
0 34 9
0 24 6
0 22 5
0 78 -4
0 72 -1
0 86 -5
0 28 -4
0 9 -2
0 13 2
0 33 7
0 75 -7
0 87 -8
0 23 -2
0 67 -2
0 26 1
0 69 -4
0 15 -5
0 64 3
0 52 -1
0 20 6
0 56 -3
0 55 -4
0 68 5
0 43 6
0 2 5
0 70 2
0 48 1
0 50 -9
0 92 -7
0 18 1
0 37 9
0 53 -4
0 83 -7
0 8 -6
0 90 7
0 31 1
0 19 -9
0 10 1
0 74 1
0 36 6
0 49 2
0 16 -3
0 21 -3
0 88 6
0 40 9
0 44 3
0 63 6
0 46 5
0 39 1
0 47 0
0 65 -2
0 54 -2
0 58 4
0 27 7
0 62 1
0 1 -4
0 84 8
0 71 9
1 38 4
1 52 -1
1 15 7
1 45 -5
1 65 1
1 48 4
1 3 9
1 91 -4
1 18 -9
1 8 4
1 4 -3
1 85 0
1 5 7
1 64 1
1 87 0
1 29 2
1 42 -1
1 17 1
1 55 -6
1 27 -4
1 92 -8
1 30 -4
1 86 8
1 21 1
1 35 -6
1 9 2
1 41 -4
1 75 6
1 43 2
1 72 -8
1 89 2
1 81 2
1 25 -9
1 58 6
1 19 0
1 44 5
1 6 8
1 2 4
1 54 7
1 23 -6
1 0 2
1 36 -8
1 34 9
1 51 -8
1 33 3
1 79 2
1 90 5
1 32 -8
1 22 -1
1 59 -8
1 31 -9
1 56 9
1 61 0
1 14 -2
1 40 -8
1 53 4
1 7 8
1 16 -8
1 74 -7
1 37 -9
1 80 0
1 50 -6
1 20 -7
1 78 -1
1 83 6
1 49 1
1 62 -2
1 93 6
1 63 0
1 13 3
1 26 0
1 88 3
1 60 2
1 12 -4
1 57 8
1 39 -3
1 70 -8
2 64 1
2 75 -4
2 22 -6
2 59 -4
2 9 -4
2 80 -5
2 74 -1
2 71 -2
2 88 -5
2 16 8
2 24 5
2 3 -5
2 18 3
2 14 3
2 50 3
2 39 3
2 67 2
2 5 1
2 70 -7
2 78 1
2 17 -9
2 26 -7
2 76 1
2 48 -7
2 86 -3
2 57 1
2 10 6
2 21 9
2 31 7
2 49 -9
2 33 -8
2 91 -6
2 72 -8
2 84 -1
2 58 6
2 81 7
2 11 -2
2 45 4
2 42 2
2 53 1
2 13 -7
2 23 -9
2 20 -5
2 35 3
2 90 -2
2 63 2
2 8 -2
2 92 0
2 69 -5
3 40 -7
3 89 2
3 5 -1
3 81 -8
3 80 -8
3 77 2
3 62 7
3 51 -7
3 52 2
3 10 7
3 67 1
3 91 9
3 16 0
3 88 6
3 19 -1
3 87 1
3 28 -9
3 63 -5
3 66 8
3 13 2
3 64 6
3 79 -8
3 9 8
3 90 -9
3 25 2
3 8 4
3 46 8
3 84 -1
3 12 -2
3 69 -1
3 15 4
3 56 5
3 59 -4
3 37 -6
3 50 9
3 34 -8
3 61 6
3 35 -6
3 18 -5
3 49 -7
3 26 -6
3 27 -9
3 47 1
3 38 -6
3 14 -7
3 45 -4
3 36 -7
3 42 6
3 68 -9
3 48 -7
3 85 -4
3 4 3
3 43 -8
3 57 9
3 1 5
3 92 5
3 31 -8
3 55 5
3 29 2
3 78 -6
3 76 7
3 17 4
3 70 -8
3 65 7
3 30 9
3 24 -9
4 32 8
4 14 -7
4 36 -8
4 10 5
4 92 -6
4 16 -2
4 6 -2
4 57 0
4 7 1
4 34 -1
4 47 -2
4 49 -3
4 3 5
4 74 8
4 22 6
4 70 -6
4 69 1
4 44 8
4 65 9
4 18 1
4 20 3
4 2 6
4 72 2
4 30 0
4 55 5
4 85 2
4 86 -6
4 33 -7
4 87 5
4 45 3
4 13 -8
4 43 -8
4 39 0
4 77 2
4 29 8
4 48 6
4 64 2
4 42 0
4 40 4
4 84 -1
4 28 5
4 91 9
4 12 -3
4 26 6
4 79 7
4 59 8
4 8 -5
4 61 2
4 41 1
4 68 5
4 62 7
4 93 -2
4 27 -4
4 90 -5
4 71 9
4 80 -5
4 83 3
4 17 -6
4 24 -9
4 76 7
4 25 -3
4 67 1
4 52 8
4 38 5
4 53 2
4 23 6
4 51 -4
4 1 1
4 15 7
4 19 -4
4 46 -1
4 88 7
4 9 2
4 75 9
4 58 -8
4 35 -2
4 56 -9
4 0 -9
4 60 -7
4 81 0
4 11 5
4 63 -7
4 5 -3
4 89 -3
4 31 4
4 66 2
4 54 7
4 21 -1
4 78 3
4 50 8
4 82 -5
5 81 6
5 34 -1
5 88 2
5 37 -5
5 54 3
5 62 -2
5 16 0
5 61 -7
5 3 4
5 73 0
5 2 9
5 56 2
5 69 5
5 78 -1
5 79 1
5 71 -2
5 11 1
5 77 -7
5 74 1
5 63 -8
5 40 -6
5 13 -6
5 89 -8
5 39 -9
5 15 -6
5 47 7
5 52 -5
5 51 -2
5 46 2
5 33 1
5 27 -8
5 10 6
6 5 7
6 56 1
6 93 -6
6 62 -5
6 26 -3
6 67 -6
6 12 9
6 41 -6
6 13 0
6 29 -5
6 36 -2
6 37 3
6 4 5
6 72 -4
6 89 -6
6 85 9
6 45 -1
6 14 7
6 31 -8
6 38 -5
6 30 9
6 59 3
6 60 3
6 78 -2
6 8 -5
6 92 2
6 61 -2
6 32 -9
6 71 -8
6 23 6
6 10 -6
6 81 4
6 50 3
6 34 6
6 84 -4
6 68 6
6 48 -6
6 47 -4
6 7 8
6 25 9
6 91 -8
6 40 8
6 15 -1
6 82 2
6 57 5
6 24 9
6 49 -4
6 18 7
6 20 7
6 0 6
6 66 -2
6 75 4
6 70 -1
6 16 7
6 55 8
6 63 7
6 74 6
6 52 3
6 19 1
6 77 9
6 42 9
6 9 0
6 65 -3
6 1 -9
6 21 -3
6 43 -9
6 83 1
6 51 2
6 28 2
6 2 -2
6 3 1
6 27 -8
6 90 -1
6 86 -3
6 53 3
6 33 -2
6 88 8
6 80 9
6 17 -7
6 79 -5
6 64 6
6 22 -2
6 44 -6
6 87 -5
6 11 0
7 43 3
7 87 3
7 28 -5
7 82 -8
7 44 7
7 22 -2
7 33 1
7 12 3
7 67 -8
7 11 1
7 76 6
7 13 -2
7 0 8
7 57 -3
7 61 -4
7 71 5
7 58 -6
7 19 7
7 6 9
7 10 -1
7 2 7
7 4 -8
7 35 -9
7 70 -4
7 38 -8
7 30 2
7 36 -6
7 26 -2
7 49 -5
7 29 0
7 42 -5
7 5 2
7 47 -3
7 18 3
7 75 6
7 15 0
7 46 -5
7 64 4
7 25 9
7 69 -8
7 72 -1
7 21 -3
7 52 1
7 48 -6
7 60 5
7 31 -9
7 17 -9
7 53 7
7 9 7
7 32 2
7 65 -1
7 63 3
7 90 6
7 45 -6
7 40 -6
7 23 -9
7 20 -3
7 83 -5
7 62 4
7 50 -9
7 54 -2
7 79 1
7 66 -8
7 86 4
7 24 -3
7 1 8
7 88 -9
7 89 2
7 37 7
7 77 8
7 55 -6
7 16 -9
7 14 -3
7 3 -5
7 74 8
7 51 4
7 8 -5
7 59 -2
7 91 -7
7 27 -2
7 80 8
7 39 -8
7 85 9
7 56 -5
7 81 7
7 92 5
7 93 -5
7 68 1
7 73 -6
7 78 1
7 34 6
8 93 -6
8 80 7
8 12 1
8 83 1
8 9 -5
8 72 2
8 92 2
8 57 -3
8 56 3
8 59 3
8 87 9
8 48 -7
8 26 2
8 24 5
8 20 -6
8 43 -8
8 79 1
8 60 -8
8 53 -2
8 6 1
8 14 -4
8 63 9
8 76 -5
8 13 -8
8 61 6
8 89 8
8 27 -7
8 3 -9
8 18 4
8 50 -3
8 34 3
8 62 5
8 55 8
8 30 -5
8 5 -1
8 49 -9
8 51 -5
8 58 2
8 28 -7
8 74 7
8 22 4
8 37 7
8 67 -8
8 40 1
8 19 4
8 1 6
8 25 0
8 42 2
8 33 0
8 35 1
8 75 -1
8 66 6
8 73 -9
8 70 -1
8 91 2
8 78 -1
8 36 -6
8 44 8
8 71 -7
8 84 2
8 31 0
8 17 -5
8 47 3
8 41 0
8 90 7
8 52 -1
8 45 1
8 4 -9
8 7 -4
8 0 1
8 29 -9
8 32 8
8 65 3
8 2 -5
8 86 4
8 38 7
8 81 -6
8 46 -3
8 68 8
8 88 -8
8 64 7
8 85 -6
8 54 -3
8 21 -4
8 16 -3
8 69 2
8 23 4
9 74 9
9 42 -8
9 5 8
9 52 -9
9 22 -7
9 29 -9
9 58 -7
9 90 -1
9 68 -7
9 56 8
9 15 -1
9 78 9
9 44 8
9 13 5
9 26 3
9 48 -1
9 73 2
9 84 -4
9 63 9
9 24 -6
9 38 9
10 60 -5
10 93 -8
10 1 2
10 61 -2
10 4 8
10 36 2
10 90 -6
10 59 -3
10 44 0
10 77 -6
10 81 7
10 62 9
10 18 3
10 49 4
10 29 5
10 86 7
10 6 5
10 38 8
10 70 1
10 32 -7
10 45 8
10 40 8
10 33 3
10 50 2
10 20 -6
10 39 -3
10 72 -8
10 79 4
10 12 -7
10 76 -7
10 22 -4
10 34 1
10 89 6
10 7 -8
10 24 9
10 52 -5
10 37 4
10 80 -7
10 88 -4
10 31 -1
10 41 9
10 48 -7
10 57 0
10 75 -4
10 9 6
10 84 -4
10 25 3
10 47 1
10 2 -9
10 63 -7
10 26 -8
10 21 7
10 5 -7
10 82 0
10 27 -9
10 55 -9
10 65 9
10 30 -8
10 66 0
10 74 -3
10 42 6
10 8 -9
10 23 -7
10 78 -3
10 0 -1
10 35 -4
10 85 4
10 19 0
10 43 -2
10 67 1
10 53 -2
10 68 -8
10 56 -5
10 17 3
10 16 5
10 58 1
10 15 2
10 51 -7
10 54 -6
10 13 3
10 14 6
10 73 3
10 83 1
10 69 -7
10 64 -7
10 28 -3
10 46 7
10 11 -5
10 71 -8
10 91 -5
10 87 3
10 92 -9
10 3 -1
11 91 0
11 8 -2
11 90 -5
11 70 -1
11 32 -4
11 18 -2
11 25 -1
11 93 4
11 15 4
11 85 -8
11 24 7
11 4 -2
11 52 -1
11 60 7
11 27 2
11 71 -1
11 26 -1
11 63 -8
11 66 -4
11 39 8
11 50 -8
11 29 6
11 76 -2
11 9 -4
11 74 9
11 89 6
11 68 0
11 64 4
11 5 -3
11 57 -1
11 45 3
11 86 -4
11 38 6
11 35 0
11 28 4
11 17 -3
11 69 -9
11 92 -4
11 22 2
11 42 1
11 14 -3
11 75 9
11 46 -1
11 36 -9
11 23 -2
11 34 1
11 62 -7
11 55 -5
11 10 -4
11 82 7
11 40 -9
11 41 -6
11 65 -1
11 49 -5
11 12 -7
11 37 -8
11 59 -7
11 47 9
11 6 9
12 67 -5
12 6 -6
12 27 9
12 24 -3
12 8 -8
12 73 2
12 2 -4
12 93 -9
12 65 -1
12 78 5
12 77 -5
12 40 7
12 48 9
12 0 1
12 22 -5
12 72 -7
12 28 0
12 69 -2
12 60 3
12 70 -1
12 59 0
12 92 0
12 80 7
12 39 9
12 9 4
13 49 1
13 36 0
13 50 -6
13 24 -9
13 62 3
13 43 -9
13 6 -1
13 82 -1
13 89 4
13 42 4
13 12 -2
13 31 8
13 40 2
13 17 -8
13 14 -5
13 66 -4
13 81 2
13 1 -7
13 30 4
13 21 1
13 27 9
13 71 0
13 68 8
13 41 -7
13 5 2
13 56 -7
13 67 -7
13 91 1
13 9 0
13 33 4
13 4 -7
13 63 -3
13 90 5
13 76 -2
13 79 -7
13 22 -1
13 70 -7
13 45 -3
13 78 -3
13 87 6
13 0 3
13 26 2
13 83 3
13 2 -3
13 64 1
13 46 9
13 34 -7
13 69 8
13 29 -8
13 54 -1
13 37 7
13 77 7
13 92 4
13 10 7
13 15 0
14 78 -2
14 21 4
14 19 -3
14 89 -8
14 85 -3
14 68 -3
14 49 1
14 16 1
14 86 9
14 6 2
14 58 -1
14 43 -6
14 39 2
14 63 -1
14 84 -2
14 34 -9
14 66 -9
14 37 -3
14 75 -2
14 36 4
14 54 -9
14 29 -2
14 65 -3
14 81 3
14 48 6
14 31 0
14 61 9
14 64 -9
14 8 9
14 50 0
14 44 6
14 80 2
14 73 5
14 0 6
14 74 4
14 88 -1
14 13 -1
14 47 7
15 72 -1
15 44 8
15 91 6
15 88 -9
15 59 9
15 83 -9
15 45 0
15 0 -8
15 11 -5
15 81 -7
15 57 8
15 63 -6
15 1 8
15 30 6
15 69 0
15 93 0
15 46 2
15 66 8
15 29 2
15 60 7
15 26 2
15 64 -9
15 38 -3
15 49 -9
16 36 1
16 44 5
16 0 4
16 48 -6
16 49 7
16 29 8
16 12 -2
16 9 -1
16 14 -2
16 70 -8
16 45 -6
16 83 4
16 47 -2
16 54 8
16 81 -8
16 84 -1
16 93 -1
16 64 3
16 86 7
16 18 -7
16 35 7
16 57 1
16 3 -2
16 80 3
16 51 -8
16 89 -9
16 41 -2
16 26 -6
16 87 -4
16 50 5
16 91 4
16 23 -5
16 88 -2
16 33 -1
16 15 -7
16 52 -2
16 61 -4
16 19 -6
16 27 -8
16 37 9
16 39 -2
16 76 4
16 55 4
17 75 -8
17 24 8
17 73 -8
17 68 -4
17 77 9
17 2 0
17 20 -2
17 46 -5
17 78 8
17 22 7
17 64 -2
17 5 9
17 47 1
17 76 2
17 82 6
17 3 5
17 87 6
17 38 -4
17 89 -7
17 19 4
17 13 -4
17 57 0
17 11 6
17 90 0
17 63 -5
17 35 -8
17 32 -3
17 7 7
17 52 -3
17 1 -7
17 44 3
17 21 7
17 43 1
17 70 1
17 34 -5
17 58 -8
17 62 -3
17 4 6
17 49 -3
17 93 7
17 14 4
17 48 4
17 23 6
17 29 -6
17 81 7
17 55 7
17 10 -9
17 12 -1
17 26 8
17 39 0
17 67 -8
17 36 4
17 59 -5
17 42 7
17 61 5
17 56 6
17 33 -5
17 28 -2
17 0 -6
17 31 1
17 16 3
17 66 8
17 37 -7
17 69 -9
17 9 -1
17 80 3
17 25 6
17 18 -2
17 60 8
17 45 -4
17 41 -6
18 91 8
18 7 -1
18 83 -9
18 70 4
18 56 3
18 11 -4
18 62 -1
18 4 0
18 5 6
18 73 -9
18 58 -8
18 53 1
18 89 -6
18 23 -1
19 20 -6
19 10 -2
19 66 -1
19 38 -7
19 22 6
19 56 9
19 44 -2
19 31 -7
19 40 -7
19 63 3
19 14 -8
19 27 -7
19 13 3
19 54 8
19 6 3
19 72 1
19 78 -3
19 68 -4
19 60 7
19 50 -8
19 45 -3
19 52 -6
19 48 0
19 53 2
19 83 3
19 76 -5
19 55 -6
19 26 -6
19 23 -3
19 42 7
19 18 -1
19 15 -1
19 8 2
19 30 6
19 90 2
19 71 -3
19 2 7
19 89 8
19 9 1
19 65 -1
19 70 1
19 21 -7
19 43 0
19 17 -9
19 32 -8
19 46 4
19 7 -9
19 73 0
19 92 8
19 62 -2
19 41 2
19 81 7
19 67 -1
19 11 8
19 25 6
19 80 3
19 74 1
19 61 -2
19 1 -4
19 93 -5
19 82 -9
19 57 5
19 39 -2
19 28 8
19 47 7
19 49 -9
19 69 -6
19 16 8
19 3 9
19 36 3
20 17 3
20 6 -8
20 45 -4
20 19 -9
20 75 9
20 93 -3
20 76 -4
20 47 3
20 31 6
20 9 3
20 46 -8
20 16 6
20 65 -1
20 4 -8
20 58 3
20 55 9
20 25 0
20 69 -4
20 42 2
20 72 9
20 44 6
20 70 5
20 52 -6
20 57 -3
20 84 -7
20 66 -5
20 26 -3
20 86 -3
20 78 4
20 15 -8
20 41 -2
20 79 1
20 71 3
20 74 4
20 80 4
20 56 -3
20 24 0
20 91 4
20 51 -5
20 12 -9
20 18 -5
20 81 1
20 48 0
20 30 7
20 63 4
20 23 7
20 90 -9
20 64 3
20 14 4
20 88 7
20 92 5
20 37 -6
20 89 1
20 59 4
20 3 5
20 77 5
20 82 0
20 85 -2
20 40 9
20 5 8
20 33 0
20 50 -7
20 53 0
20 1 -4
20 36 -4
20 28 -8
20 11 5
20 87 -9
20 62 3
20 32 -4
20 13 5
20 73 1
20 83 -9
20 38 0
20 34 2
20 27 -3
20 8 0
20 60 -4
20 61 6
20 29 -2
20 2 -4
20 54 9
20 67 8
20 43 -6
20 35 4
20 68 6
21 82 5
21 7 2
21 60 -3
21 17 2
21 15 6
21 86 -7
21 93 3
21 56 9
21 58 3
21 40 -7
21 13 7
21 76 -8
21 67 8
21 89 6
21 33 1
21 88 6
21 3 -3
21 65 5
21 69 5
21 23 -6
22 13 4
22 85 -6
22 42 7
22 53 6
22 67 8
22 52 5
22 59 -1
22 45 -4
22 8 -9
22 0 1
22 30 9
22 44 6
22 68 7
22 7 1
22 75 5
22 92 5
22 50 -2
22 21 -6
23 5 8
23 77 8
23 32 4
23 19 3
23 48 -2
23 1 2
23 35 0
23 47 -6
23 31 1
23 55 -8
23 27 5
23 87 4
23 7 3
23 43 5
23 52 8
23 73 3
23 81 -5
23 79 6
23 61 -7
23 12 -8
23 60 4
23 4 2
23 59 -7
23 28 4
23 15 -4
23 49 -7
23 84 3
23 25 -2
23 20 -6
23 21 -1
23 58 -3
23 34 4
23 39 -8
23 10 -3
23 24 -3
23 17 -8
23 37 -4
23 72 0
23 6 4
23 92 8
23 70 -5
23 22 1
23 26 -1
23 40 9
23 30 -4
23 93 3
23 51 7
23 50 9
23 45 -8
23 85 -4
23 67 -3
23 9 5
23 2 -4
23 46 6
23 11 4
23 69 4
23 64 5
23 75 -7
23 53 -8
23 33 -5
23 65 3
23 66 0
23 91 7
23 36 5
23 78 4
23 83 -5
23 76 0
23 18 -8
23 42 2
23 90 0
23 38 -2
23 13 4
23 74 3
23 41 -5
23 62 7
23 54 9
23 56 -7
23 29 -3
23 71 -8
23 8 -9
23 88 -9
23 80 3
23 82 -4
23 16 8
23 63 -5
24 47 -5
24 9 1
24 86 0
24 68 5
24 18 -9
25 41 7
25 3 5
25 83 -2
25 87 -5
25 55 -1
25 53 5
25 91 5
25 54 2
25 11 1
25 48 -6
25 70 8
25 52 0
25 86 0
25 88 4
25 60 -7
25 46 -3
25 19 7
25 49 0
25 61 4
25 8 -8
25 81 9
25 18 7
25 72 -6
25 90 -5
25 4 -2
25 27 -2
25 84 1
25 47 -8
25 5 8
25 17 2
25 33 7
25 2 6
25 20 1
25 67 -2
25 74 7
25 1 -7
25 71 6
25 16 2
25 73 1
25 62 -1
25 38 1
25 34 8
25 80 -9
25 10 0
25 0 -9
25 36 9
25 65 -9
25 75 6
25 59 5
25 32 5
25 7 2
25 29 -6
25 92 -8
25 51 -6
25 42 4
25 23 2
25 76 -9
25 57 7
25 39 6
25 56 -2
25 79 -5
25 63 -7
25 93 7
25 85 2
25 26 0
25 31 8
25 35 1
25 13 -3
25 45 -8
25 43 3
25 69 -3
25 37 2
25 30 -7
25 58 5
25 66 -4
26 58 -5
26 57 -7
26 12 5
26 35 -2
26 87 9
26 36 3
26 47 3
26 89 3
26 71 4
26 79 -1
26 6 -3
26 19 8
26 16 0
26 52 -1
26 1 1
26 66 8
26 82 -1
26 42 -3
26 21 8
26 74 8
26 5 -9
26 85 -7
26 0 9
26 63 -5
26 78 2
26 33 3
26 62 2
26 23 0
26 72 8
26 39 -7
26 31 -9
26 84 -9
26 49 1
27 54 1
27 34 2
27 24 -7
27 77 -7
27 26 -1
27 87 -5
27 20 8
27 50 1
27 85 3
27 70 -4
27 11 -8
27 39 -4
27 3 -9
27 5 9
27 15 1
27 80 -4
27 13 -1
27 37 -8
27 6 -1
27 16 -3
27 51 5
27 36 5
27 90 -2
27 17 2
27 93 -6
27 14 -1
27 66 -2
27 7 -9
27 33 1
27 74 -7
27 82 -7
27 83 -8
27 71 -8
27 68 0
27 88 1
27 19 3
27 79 -3
27 81 8
27 1 5
27 58 -8
27 23 -2
27 22 -3
28 59 -4
28 34 1
28 82 -2
28 33 3
28 10 1
28 23 -2
28 68 8
28 12 -5
28 89 0
28 37 -4
28 25 -4
28 46 7
28 32 -6
28 43 6
28 79 -3
28 78 5
28 40 6
28 18 -2
28 73 -7
28 27 7
28 76 6
28 77 -4
28 69 -1
28 88 4
28 91 -2
28 85 -2
28 3 -3
28 71 5
28 86 -8
28 54 -3
28 56 1
28 65 -8
28 62 4
28 44 -8
28 20 -2
28 92 -7
28 15 -5
28 4 2
28 29 7
28 0 -8
28 72 -8
28 7 -2
28 11 4
28 51 -4
28 8 -9
28 17 -4
29 48 7
29 54 -1
29 39 7
29 82 3
29 25 7
29 7 2
29 76 -3
29 86 -6
29 37 9
29 71 9
29 92 1
29 78 -4
29 17 -4
29 18 -7
29 1 4
29 30 2
29 80 -2
29 85 -9
29 74 9
29 68 7
29 2 7
29 36 9
29 52 -6
29 43 -6
29 51 2
29 69 0
29 65 2
29 31 8
29 56 -1
29 45 9
29 47 -5
29 67 -8
29 46 1
29 59 9
29 93 -9
29 55 -9
29 9 -3
29 4 1
29 34 5
29 72 -1
29 28 1
29 38 9
29 50 0
29 8 4
29 16 8
29 58 9
29 13 0
29 21 -4
29 84 -1
29 12 -5
29 11 -4
29 14 -1
29 70 4
30 87 5
30 79 8
30 31 -5
30 11 -9
30 28 6
30 86 1
30 7 1
30 26 -3
30 70 7
30 8 1
30 50 2
30 93 -9
30 51 5
30 77 -8
30 90 -1
30 56 7
30 9 -1
30 0 9
30 14 -4
30 84 5
30 3 -1
30 18 -9
30 52 -4
31 61 -6
31 29 6
31 90 1
31 40 -5
31 79 6
31 89 -4
31 15 -6
31 45 -8
31 57 8
31 64 -1
31 82 -1
31 51 -4
31 88 -1
31 35 9
31 25 7
31 18 -1
31 67 -3
31 43 2
31 70 -2
31 14 8
31 1 -2
31 58 3
31 5 -3
31 91 -6
31 17 -1
31 92 5
31 81 6
31 6 7
31 69 1
31 8 -4
31 75 -4
31 87 8
31 33 -6
32 56 -2
32 87 -9
32 11 0
32 55 -4
32 23 -2
32 36 -5
32 53 -3
32 72 -1
32 46 -4
32 90 -1
32 82 -6
32 44 8
32 50 8
32 83 8
32 85 -8
32 88 5
32 19 1
32 35 2
32 15 4
32 37 2
32 21 6
32 8 4
32 24 6
32 10 5
32 81 2
32 13 -1
32 39 0
32 84 4
32 78 -4
32 0 9
32 59 5
32 16 -1
32 89 -9
32 4 -9
32 9 6
32 42 -4
32 67 -9
32 79 6
32 60 4
32 64 0
32 54 0
32 76 5
32 17 -7
32 52 5
33 93 7
33 87 3
33 4 -4
33 43 8
33 3 5
33 7 3
33 64 3
33 86 1
33 80 -1
33 19 2
33 48 -2
33 20 9
33 61 5
33 54 3
33 16 5
33 36 0
33 25 -8
33 78 -1
33 12 -2
33 49 2
33 53 8
33 60 4
33 39 -1
33 40 -9
33 9 -9
33 67 3
33 31 5
33 83 9
33 82 3
33 81 9
33 65 -3
33 22 -7
33 35 9
33 27 0
33 62 8
33 55 5
33 52 -8
33 89 4
33 2 9
33 77 4
33 51 -4
33 38 8
33 5 6
33 17 -5
33 75 -3
33 13 -9
33 85 4
33 92 6
33 15 -1
33 72 -9
33 50 -8
33 45 1
33 34 -1
33 24 -4
33 21 -7
33 41 6
33 79 0
33 6 -7
33 57 -3
33 44 0
33 88 4
33 90 5
33 59 -9
33 23 -3
33 1 -8
33 29 -2
34 43 -8
34 88 8
34 66 -1
34 87 -2
34 69 -6
34 11 -4
34 40 -8
34 42 8
34 37 8
34 70 9
34 80 8
34 84 0
34 24 5
34 39 -4
34 81 2
34 68 -6
34 50 -4
34 63 4
34 58 -2
34 48 9
34 30 0
34 73 -4
34 21 -1
34 33 8
34 20 -9
34 3 5
34 64 -7
34 56 3
34 83 -3
34 25 6
34 61 2
34 49 4
34 16 -9
34 38 -7
34 47 -2
34 12 3
34 9 -5
34 27 8
34 6 5
34 46 0
34 86 9
34 74 -5
34 1 8
34 59 4
34 28 -3
34 75 7
34 55 -4
34 89 -4
34 57 -1
34 65 -4
34 26 -9
34 19 -3
34 32 -7
34 13 -4
34 29 1
34 76 7
34 44 6
34 54 4
34 18 -9
34 62 0
34 79 -5
34 91 1
34 52 -4
34 5 -9
34 77 -9
34 60 -7
34 8 -5
34 82 -3
34 7 0
34 51 -2
34 35 7
34 67 -2
34 92 -2
34 0 8
35 61 6
35 60 -9
35 46 5
35 91 7
35 77 -4
35 79 8
35 55 7
36 37 -9
36 3 1
36 45 8
36 87 2
36 76 -4
36 56 -4
36 13 7
36 70 7
36 86 -2
36 80 -1
36 68 -1
36 53 4
36 69 -2
36 9 6
36 44 -9
36 82 -3
36 40 -7
36 88 9
36 16 8
36 11 -4
36 2 -4
36 24 -4
36 62 -4
36 48 6
36 73 1
36 38 6
36 60 -6
36 85 -1
36 91 3
36 75 -4
36 43 -9
36 33 4
36 35 7
36 39 6
36 17 1
36 28 7
36 10 -4
36 77 1
36 46 -3
36 41 0
36 92 -1
36 14 5
36 63 8
36 78 4
36 20 7
36 49 3
36 27 9
36 51 4
36 23 -4
36 18 3
36 66 -5
36 52 4
36 19 -3
36 26 8
36 47 -9
36 30 -1
36 58 1
36 50 -9
36 31 3
36 79 -3
36 54 -6
36 57 7
36 90 -2
36 4 9
36 8 -7
36 93 0
36 84 1
36 67 -2
36 89 8
36 72 8
36 7 4
36 12 3
36 15 -9
36 61 -1
36 34 -1
36 81 4
36 1 5
36 32 -9
36 65 -6
36 0 -4
36 29 -9
36 25 0
36 5 -5
36 59 9
36 74 8
36 21 6
36 55 8
36 6 5
36 71 -9
37 53 3
37 71 3
37 73 -1
37 4 9
37 55 2
37 86 4
37 67 -8
37 24 4
37 76 9
37 80 -1
37 14 -2
37 38 6
37 21 5
37 68 -8
37 64 2
37 87 2
37 75 1
37 36 -5
37 49 2
37 82 -3
37 58 -8
37 44 -4
37 65 7
37 92 -3
37 93 0
37 25 -3
37 1 9
37 66 9
37 42 -4
37 45 -3
37 89 6
37 6 4
37 5 -7
37 41 -4
37 0 3
37 23 3
37 15 1
37 74 -4
37 62 8
37 51 -6
37 91 -3
37 2 -7
37 32 6
37 43 4
37 29 6
37 20 -9
37 10 -1
37 83 -4
37 7 -2
37 59 0
37 57 3
37 31 -3
37 19 -8
37 90 8
37 46 -4
37 70 5
37 85 7
37 35 -1
37 72 4
37 77 5
37 26 -8
37 60 3
37 88 -5
37 33 7
37 81 -7
37 16 -3
37 11 5
37 9 -3
37 27 -8
37 18 -6
37 28 8
37 8 8
38 29 7
38 35 -6
38 36 9
38 44 8
38 85 -9
38 13 -6
38 0 8
38 23 9
38 74 -8
38 77 -8
38 30 5
38 76 1
38 58 -4
38 3 6
38 47 9
38 1 5
38 88 7
38 89 -6
38 25 -6
38 79 -9
38 71 5
38 86 -3
38 31 2
38 24 1
38 45 5
38 78 -8
39 57 7
39 85 -9
39 71 3
39 59 -5
39 75 9
39 65 -6
39 41 4
39 66 4
39 28 1
39 54 -5
39 83 -1
39 92 1
39 61 -9
39 25 -9
39 67 1
39 38 2
39 68 -3
39 88 -3
39 40 -2
39 7 5
39 89 -4
39 36 -3
39 87 -7
39 26 -1
39 70 -2
39 19 -8
39 74 5
39 37 8
39 64 5
39 79 -1
39 4 5
39 31 -8
39 55 3
39 86 4
39 80 -4
39 23 3
39 53 -5
39 93 6
39 44 2
39 24 -8
39 42 -2
39 2 -9
39 43 -7
39 5 2
39 45 4
39 77 -3
39 69 -1
39 33 4
39 58 7
39 72 3
39 35 3
39 46 2
39 62 -8
39 15 6
39 60 -2
39 90 6
39 21 5
40 79 1
40 16 4
40 18 -2
40 93 -5
40 37 6
40 88 5
40 12 2
40 92 5
40 43 -4
40 19 1
40 42 8
40 68 0
40 45 -2
40 21 -7
40 31 2
40 65 -7
40 90 2
40 62 -1
40 23 3
40 80 8
40 20 -4
40 28 -1
40 44 0
40 24 5
40 63 7
40 75 -1
40 46 4
40 66 -1
40 91 9
40 84 2
40 50 -1
40 76 1
40 51 5
40 72 5
40 9 -7
40 11 7
40 61 -9
40 87 -6
40 5 8
40 54 -3
40 89 0
40 14 3
40 58 -3
40 7 -7
40 30 -6
40 57 3
40 36 5
40 26 -7
40 74 -7
40 67 0
40 73 -6
40 32 0
40 8 -8
40 85 -5
40 81 0
40 22 -4
40 39 4
40 41 -2
40 53 9
40 3 1
40 70 1
40 15 -8
40 69 0
40 49 5
40 71 1
40 83 -8
40 56 4
40 78 -7
40 4 6
40 38 4
40 55 8
40 25 -5
40 59 -6
40 2 -9
40 34 -1
40 29 -1
40 48 2
40 47 9
40 60 -7
40 17 3
40 52 -8
40 77 8
41 79 1
41 8 8
41 19 -2
41 49 8
41 35 0
41 77 5
41 17 6
41 33 2
41 14 -2
41 52 -5
41 66 -9
41 43 -3
41 29 -1
41 56 -3
41 93 -4
41 58 7
41 73 9
42 54 4
42 56 -7
42 5 -1
42 74 -8
42 82 5
42 65 -1
42 33 -9
42 71 3
42 79 -7
42 23 7
42 47 -2
42 21 4
42 73 -7
42 46 -1
42 68 -6
42 34 2
42 51 -9
42 85 -9
42 45 4
42 78 7
42 31 -6
42 8 5
42 67 -3
42 52 5
42 75 8
42 49 4
42 14 5
42 22 -6
42 50 7
42 12 3
42 20 3
42 38 -9
42 87 7
42 43 5
42 72 -2
42 48 8
42 1 -1
42 4 -1
42 17 2
42 63 -3
42 27 -3
42 9 -7
42 19 4
42 29 4
42 3 8
42 84 8
42 61 -8
42 69 2
42 77 -7
42 81 0
42 2 -1
42 10 -9
42 66 -8
42 93 -4
42 13 -8
42 83 -3
42 64 7
42 60 -2
42 18 -4
42 39 8
42 86 -6
42 58 6
42 44 9
42 36 -1
42 40 -5
42 57 8
42 59 -8
42 88 6
42 90 -7
42 15 -5
42 11 9
42 37 0
42 35 -8
42 53 4
42 91 4
42 6 3
42 92 1
42 80 -2
42 0 2
42 24 7
42 70 7
42 26 -9
42 32 3
42 7 -5
42 62 6
42 55 2
42 41 -2
42 76 -7
42 25 -1
43 66 -9
43 13 5
43 38 3
43 60 -5
43 26 -3
43 81 7
43 59 -7
43 92 3
43 9 5
43 25 -2
43 7 -5
43 56 -7
43 15 -4
43 40 -7
43 84 9
43 8 -3
43 70 6
43 73 2
43 88 -2
43 41 7
43 50 -7
43 19 5
43 39 -1
43 2 2
43 11 1
43 47 -1
43 27 7
43 5 -7
43 4 -4
43 49 -2
43 37 5
43 69 -4
43 93 -4
43 63 -6
43 14 0
43 67 -7
43 1 -9
43 75 -1
43 61 -6
43 45 0
43 65 4
43 79 6
43 3 7
43 48 -9
43 86 6
43 21 0
43 0 -1
43 76 -9
43 44 7
43 53 3
43 58 9
43 30 -6
43 17 0
43 36 3
43 87 -7
43 51 -9
43 54 4
43 64 -6
43 68 -8
43 33 0
43 35 7
43 72 -2
43 32 -7
43 74 9
43 46 8
43 78 7
43 20 7
43 6 -6
43 10 -6
44 12 -9
44 13 -7
44 53 4
44 57 1
44 10 8
44 63 3
44 31 9
44 75 1
44 58 1
44 37 6
44 29 -6
44 24 7
44 90 -5
44 40 -3
44 79 -3
44 8 4
44 59 9
44 30 -5
44 39 -6
44 88 -3
44 26 2
44 36 -6
44 47 -9
44 74 3
44 62 -7
44 11 -1
44 15 0
44 93 -3
44 38 8
44 22 3
44 5 9
44 1 -6
44 67 8
44 35 -7
44 18 -3
44 89 8
44 85 -3
44 50 6
44 33 -7
44 3 9
44 69 -6
44 68 0
44 43 9
44 92 -7
44 28 2
44 61 5
45 43 2
45 88 0
45 34 -2
45 4 -2
45 68 -9
45 66 1
45 41 4
45 20 -1
45 18 3
45 23 -8
45 82 7
45 58 -3
45 9 4
45 81 1
45 67 -3
45 47 0
45 46 8
45 10 -6
45 49 -5
45 19 0
45 65 5
45 62 -2
45 85 6
45 50 7
45 92 4
45 56 3
45 17 9
45 75 -4
45 91 6
45 64 -1
45 15 0
45 78 -2
45 73 8
45 39 -9
45 59 1
45 21 -6
45 53 -9
45 83 -8
45 16 2
45 30 7
45 48 -2
45 42 -7
45 14 8
45 22 4
45 28 9
45 72 7
45 37 2
45 77 -2
45 31 -1
45 51 3
45 12 9
45 63 4
45 70 -4
45 69 4
46 29 4
46 93 3
46 63 2
46 0 2
46 85 -3
46 2 -6
46 67 -9
46 61 -2
46 60 -3
46 34 -1
46 38 -7
46 90 -3
46 77 -6
46 71 -6
46 21 9
46 22 2
46 75 -3
46 50 2
46 3 -8
46 36 8
46 13 9
46 91 -8
46 45 -9
46 57 -2
46 82 5
46 24 7
46 59 -6
46 31 -2
46 64 -7
46 88 0
46 41 1
46 89 9
46 58 9
46 66 -6
46 15 4
46 53 -7
46 26 -7
46 23 5
46 48 4
46 73 9
46 62 7
46 17 -9
46 54 -2
46 84 9
46 18 -1
46 33 4
46 83 -8
46 16 -4
46 74 -3
46 30 8
46 25 5
46 1 -3
46 40 -4
46 52 0
46 42 6
46 55 -2
46 39 9
46 81 -4
46 20 2
46 68 -7
46 28 5
47 73 -2
47 64 -8
47 15 8
47 16 5
47 74 -6
47 58 5
47 48 -6
47 29 8
47 89 6
47 67 -4
47 91 1
47 26 4
47 51 -5
47 66 0
47 33 -1
47 18 5
47 3 2
47 31 -9
47 20 -9
47 69 -5
47 78 -9
47 9 9
47 4 5
47 81 -3
47 85 -2
47 88 -4
47 2 9
47 30 -9
47 71 -4
47 59 2
47 23 4
47 49 -4
47 93 -8
47 83 0
47 6 -9
47 5 6
47 57 4
47 79 -4
47 44 -4
47 12 -5
47 82 -8
47 54 5
47 62 4
47 84 9
47 7 0
47 45 3
47 1 2
48 91 7
48 52 -1
48 69 -5
48 73 9
48 16 8
48 29 5
48 62 9
48 81 5
48 64 -3
48 10 3
48 43 5
48 17 4
48 41 -2
48 77 6
48 83 -7
48 68 8
48 66 7
48 88 2
48 90 9
48 42 -4
48 3 5
48 34 0
48 8 -3
48 72 -3
48 55 0
48 40 -7
48 67 8
48 85 6
48 2 -6
48 89 5
48 5 -9
48 65 -3
48 58 8
48 9 9
48 60 9
48 7 -8
48 61 -5
48 6 -6
48 28 6
48 21 8
48 35 -7
48 39 1
48 37 -8
48 51 -1
48 45 9
48 82 1
48 86 -8
48 23 4
48 32 -1
48 22 1
48 38 -1
48 14 -6
48 24 -6
48 93 3
48 19 -5
48 56 -2
48 26 1
48 49 -4
48 76 1
48 18 -4
48 4 -3
48 30 7
48 74 1
49 58 6
49 74 4
49 55 8
49 69 2
49 89 -3
49 90 2
49 4 0
49 66 7
49 16 3
49 56 -8
49 68 3
49 59 4
49 14 2
49 51 -3
49 34 9
49 27 4
49 47 -5
49 91 3
49 28 0
49 63 -1
49 21 -2
49 65 3
49 9 -1
49 40 1
50 6 -2
50 77 7
50 43 7
50 52 2
50 86 5
50 82 -4
50 68 3
50 39 -4
50 8 6
50 65 -3
50 46 5
50 18 -7
50 41 -7
50 48 -3
50 23 -6
50 44 -2
50 58 -4
50 57 9
50 16 1
50 1 2
50 51 -7
50 26 4
50 84 5
50 72 7
50 5 5
50 33 -5
50 83 7
50 27 3
50 45 5
50 90 -8
50 76 -6
50 73 6
50 92 -7
50 42 8
50 3 -7
50 10 -8
50 19 -1
50 32 -7
50 30 8
50 11 1
50 60 -1
50 89 -5
50 0 7
50 62 1
50 80 6
50 12 2
50 91 1
50 70 -8
50 21 -1
50 75 5
51 35 -6
51 83 3
51 70 8
51 37 8
51 80 -4
51 62 -6
51 66 5
51 22 -9
51 33 0
51 10 1
51 44 7
51 6 0
51 30 -7
51 68 2
51 60 0
51 19 8
51 3 -8
51 77 8
51 9 1
51 7 -9
51 88 -5
51 59 4
51 50 5
51 92 6
51 86 8
51 41 -4
51 39 7
51 53 1
51 28 -3
51 18 -6
51 2 -9
51 58 -5
51 43 -8
51 13 -8
51 72 2
51 87 -1
51 32 3
51 17 -7
51 16 -8
51 26 -8
51 82 -5
51 71 2
51 56 -8
51 52 4
51 34 3
51 23 -5
51 91 -3
51 8 1
51 20 -1
51 84 5
51 67 9
51 0 0
51 74 -2
51 46 -8
51 63 -7
51 55 -4
51 21 4
51 24 9
51 31 -6
51 47 -9
51 12 5
51 48 2
51 57 -3
51 76 1
51 61 9
51 15 -2
51 36 -8
51 1 6
51 38 -6
51 14 -5
51 45 5
51 93 5
51 89 -9
51 42 -7
51 40 -2
51 4 -1
51 29 -4
51 64 -2
51 85 -9
51 75 -7
51 81 -4
51 69 9
51 49 -8
51 90 -2
51 25 -2
51 78 3
51 11 -1
51 73 6
52 25 -3
52 85 -3
52 26 4
52 17 0
52 42 -9
52 46 5
52 53 -1
52 30 1
52 38 -3
52 45 -6
52 51 2
52 19 -7
52 71 -6
52 5 -2
52 32 -9
52 35 -9
52 39 6
52 79 -7
52 61 -2
52 55 6
52 92 -4
52 12 6
52 63 6
52 1 8
53 46 -4
54 65 0
54 58 -3
54 34 -2
54 25 -7
54 24 -7
54 92 -7
54 51 -6
54 43 -9
54 80 4
54 78 9
54 39 4
54 70 -9
54 59 -8
54 38 -9
54 75 -9
54 7 -8
54 8 1
54 29 7
54 19 -9
54 1 0
54 93 5
54 50 -3
54 31 -8
54 57 -7
54 61 -3
54 37 -6
54 16 9
54 86 8
54 26 -2
54 46 -1
54 68 -9
54 42 -9
54 14 -3
54 27 8
54 23 -4
54 55 -9
54 71 8
54 73 3
54 12 -7
54 67 7
55 41 8
55 0 -1
55 72 -4
55 2 -9
55 22 -3
55 86 -4
55 14 7
55 9 -5
55 42 4
55 20 9
55 43 1
55 39 -9
55 23 -5
55 48 0
55 54 -4
55 46 9
55 3 -4
55 45 -4
55 56 5
55 68 -9
55 75 5
55 17 8
55 31 1
55 1 -5
55 8 -8
55 74 -7
56 26 -8
56 68 -9
56 51 -3
56 75 -2
56 39 -8
56 82 0
56 55 2
56 63 4
56 71 4
56 64 -3
56 36 6
56 54 3
56 59 3
56 91 -2
56 89 -2
56 40 4
56 52 -1
56 88 -5
56 38 0
56 14 0
56 80 5
56 73 -3
56 10 -4
56 33 8
56 30 1
56 5 7
56 44 -5
56 74 9
56 48 9
56 72 -8
56 90 -3
56 66 -3
56 93 1
56 45 9
56 81 5
56 3 -3
56 8 -8
56 16 6
56 17 -4
56 11 -9
56 24 -6
56 37 -4
56 78 -3
56 50 -4
56 12 -3
56 31 1
56 20 -4
56 9 6
56 32 7
56 0 4
56 49 9
56 23 8
56 60 5
56 58 2
56 76 6
56 69 -4
56 29 -8
56 86 -2
56 87 6
56 2 7
56 46 -6
56 1 1
56 42 4
56 53 2
56 21 4
56 7 4
56 6 -1
56 47 -4
56 83 7
56 15 -8
56 57 8
56 13 8
56 43 -7
56 22 -6
56 79 -6
56 85 3
56 4 -3
56 65 3
56 61 -6
56 35 9
56 77 8
56 19 -9
56 27 -6
56 25 -2
56 62 6
56 92 5
56 41 -2
56 18 8
56 70 3
56 84 -4
57 32 7
57 26 -9
57 68 1
57 50 -1
57 64 -7
57 93 3
58 44 -2
58 68 -1
58 45 -5
58 79 4
58 0 1
58 87 -2
58 71 7
58 49 -7
58 48 -8
58 78 -2
58 54 0
58 20 -9
58 22 5
58 34 -7
58 53 5
58 60 8
58 10 3
58 55 -5
58 19 -2
58 72 6
58 8 2
58 67 5
58 82 5
58 47 -9
58 64 -8
58 81 -5
58 30 -9
58 90 -1
58 62 6
58 23 -4
58 86 -7
58 27 -2
58 33 3
58 7 -5
58 57 8
59 67 -9
59 86 1
59 15 -6
59 9 9
59 54 8
59 73 -8
59 21 1
59 26 -5
59 62 1
59 45 5
59 80 -7
59 48 8
59 10 0
59 89 7
59 5 6
59 18 9
59 37 0
59 60 -4
59 35 -8
59 55 6
59 22 -2
59 87 9
59 61 -5
59 40 -9
59 17 -2
59 1 2
59 56 7
59 90 -8
59 81 -3
59 42 6
59 20 3
59 91 -7
59 92 6
59 57 3
59 47 -5
59 63 3
59 51 -6
59 19 -3
59 44 3
59 71 -4
59 46 3
59 34 -9
59 23 3
59 31 4
59 13 -3
59 39 3
59 75 -3
59 53 2
59 79 9
59 76 4
59 88 -5
59 77 -9
59 68 0
59 72 5
59 93 1
59 78 -7
59 8 7
59 70 -9
59 69 -5
59 7 3
59 3 0
59 84 1
59 0 -3
59 66 1
59 12 -3
59 50 4
59 36 6
59 16 6
60 59 -4
60 14 9
60 25 -9
60 21 2
60 6 1
60 1 -9
60 40 -9
60 91 0
60 30 4
60 34 5
60 18 6
60 36 9
61 88 5
61 11 1
61 41 9
61 70 4
61 63 -4
61 20 -3
61 32 -7
61 25 -6
61 68 -9
61 59 0
61 8 -6
61 18 6
61 78 6
61 77 -2
61 30 5
61 64 -6
61 15 0
61 23 2
61 58 0
61 27 1
61 71 -3
61 87 0
61 3 -2
61 16 -4
61 54 4
61 92 7
61 39 -8
61 84 -2
61 12 -6
61 43 8
61 49 -1
61 89 -2
61 66 -1
61 33 -9
61 57 -5
61 45 -3
61 72 8
61 47 9
61 69 -2
61 44 -7
61 42 -9
61 6 6
61 62 -3
61 1 -5
61 67 4
61 31 7
61 56 -6
61 91 4
61 0 8
61 21 3
61 53 3
61 76 -5
61 81 -3
61 51 8
61 93 -1
61 28 -2
61 17 1
61 85 0
61 2 -5
61 5 5
61 13 1
61 22 -3
61 36 7
61 74 -4
61 60 -8
61 14 -5
61 35 -8
61 34 -4
61 38 1
61 73 -5
61 75 -1
61 82 2
61 24 7
61 7 -2
61 65 9
61 83 -8
61 4 1
61 80 -8
61 10 9
61 90 8
62 70 0
62 78 -9
62 82 7
62 34 4
62 74 -3
62 36 7
62 52 3
62 3 8
62 0 -7
62 41 -7
62 51 1
62 68 -5
62 44 -1
62 69 9
62 87 -4
62 25 1
62 81 0
62 73 -2
62 66 4
62 2 -7
62 19 5
62 11 4
62 28 3
62 45 -1
62 71 -1
62 43 6
62 84 5
62 75 9
62 79 -5
62 16 7
62 6 4
62 80 -5
62 47 -9
62 83 -2
62 53 7
62 30 7
62 58 -6
62 60 3
62 67 1
62 10 7
62 88 -4
62 39 -3
62 42 -9
62 33 6
62 85 -1
62 38 -4
62 26 9
62 14 -9
62 91 -1
62 76 -4
62 18 5
62 89 0
62 29 2
62 37 -9
63 29 -1
63 49 3
63 83 1
63 11 2
63 58 1
63 66 -5
63 17 -7
63 36 -6
63 48 -6
63 30 0
63 31 -1
65 71 -2
66 23 2
66 78 -1
66 80 -6
66 16 2
66 56 1
66 88 -8
66 62 1
66 73 -8
66 32 7
66 86 4
66 24 6
66 6 -7
66 59 -9
66 12 2
66 43 -5
66 91 3
66 25 -4
66 49 6
66 11 -6
66 19 -6
66 29 1
66 68 8
66 37 7
66 41 2
66 7 5
66 14 -4
66 13 -6
66 0 5
66 22 -5
66 79 4
67 60 8
67 18 8
67 7 -4
67 82 5
67 91 2
67 64 -5
67 58 -6
68 78 -9
68 22 8
68 63 4
68 26 -7
68 77 3
68 56 -5
68 33 1
68 51 7
68 90 4
68 28 -3
68 21 7
68 84 5
68 36 -4
68 5 -3
68 39 4
68 93 -2
68 41 1
68 12 7
68 55 -5
68 48 7
68 23 7
68 61 -6
68 66 -8
68 8 -9
68 73 -3
68 42 -6
68 60 -3
68 46 2
68 34 8
68 45 -4
68 86 0
68 72 -3
68 1 7
68 25 3
68 20 -6
68 49 3
68 70 -3
69 1 -1
69 3 0
69 34 -1
69 22 2
69 88 -6
69 92 8
69 29 9
69 68 2
69 18 3
69 36 1
69 75 3
69 48 -4
69 10 -1
69 14 -6
69 44 3
69 30 -4
69 45 6
69 16 -3
69 60 -2
69 67 8
69 54 0
69 57 -6
69 23 -3
69 5 -4
69 64 9
69 56 -5
69 24 -2
69 61 -6
69 80 -8
69 76 -9
69 28 -9
69 11 4
69 42 -2
69 78 6
69 58 -8
69 71 1
69 65 -3
70 52 -5
70 40 -9
70 55 -5
70 23 2
70 34 7
70 50 6
70 43 4
70 20 9
70 73 -2
70 39 -3
70 66 7
70 37 -4
70 4 2
70 38 8
70 48 5
70 14 -6
70 75 7
70 2 1
70 58 7
70 81 4
70 13 5
70 25 8
70 59 -1
70 30 5
70 45 -5
70 46 1
70 28 -9
70 62 3
70 87 -6
70 63 7
70 65 1
70 51 5
70 17 -6
70 9 3
70 72 -2
70 85 0
70 71 -8
70 88 -3
70 86 8
70 19 7
70 8 5
70 74 9
70 78 2
70 44 -9
70 7 1
70 82 8
71 76 -8
71 89 0
71 41 -3
72 7 0
72 50 -7
72 82 -9
72 68 0
72 29 -2
72 25 -5
72 17 -5
72 54 3
72 57 3
72 73 -9
72 90 8
72 62 4
72 1 7
72 20 9
72 58 -3
72 66 -6
72 91 3
72 49 0
72 9 -7
72 48 6
72 85 -7
72 67 6
72 5 0
72 14 2
72 18 5
72 27 4
72 0 -6
72 41 9
72 32 9
72 56 -5
72 61 -7
72 40 -7
72 35 -3
72 83 -4
72 13 -9
72 92 -5
72 31 9
72 43 6
72 81 -8
72 63 -9
72 8 -3
72 78 0
72 84 -8
72 86 -7
72 89 -9
72 26 7
72 23 2
72 19 2
72 39 1
72 64 7
72 77 9
72 38 9
72 79 -8
72 51 6
72 34 6
72 4 9
72 75 1
72 15 5
72 88 -9
72 30 4
72 47 6
72 70 -9
72 60 -7
72 42 6
72 69 6
72 37 0
72 52 -1
72 74 -1
72 76 6
72 36 -8
73 63 3
73 27 6
73 81 1
73 44 1
73 50 2
73 59 6
73 41 0
73 9 9
73 61 0
73 68 -8
73 74 -3
73 47 -4
73 1 9
73 21 -2
73 35 -1
73 75 -9
73 43 -8
73 42 -2
73 0 -9
73 52 5
73 13 1
73 12 7
73 76 -1
73 10 -6
73 77 6
73 67 1
73 37 -4
73 86 -3
73 69 0
73 36 4
73 30 1
73 53 7
73 87 -7
73 39 -7
73 33 -1
73 80 6
73 7 5
73 49 -2
73 26 -1
73 11 -2
73 64 4
73 25 4
73 8 -9
73 84 5
73 90 -1
73 6 7
73 58 1
73 20 -5
73 3 -2
73 17 -9
73 14 0
73 16 4
73 19 9
73 40 -2
73 70 6
73 54 -8
73 55 -9
73 66 -5
73 15 3
73 4 -1
73 72 0
73 85 -5
73 60 -2
73 83 9
73 2 -8
73 89 8
73 32 -7
73 23 0
73 78 8
73 57 -9
73 5 6
73 92 -6
73 71 5
73 48 -9
73 18 -2
73 22 3
73 38 2
73 51 7
73 88 2
73 24 5
73 34 -6
73 91 -5
73 79 9
73 46 7
73 45 2
73 31 -5
73 82 -4
73 65 2
73 56 1
73 29 2
73 28 8
74 68 -8
74 54 8
74 45 -4
74 57 4
74 21 -9
74 29 8
74 64 -2
74 91 0
74 32 4
74 59 8
74 44 -1
74 27 9
74 40 -4
74 36 0
74 12 -8
74 50 -9
74 70 5
74 72 4
74 42 1
74 52 2
74 56 0
74 81 -7
74 49 -5
74 38 2
74 79 6
74 22 3
74 76 9
74 87 9
74 85 -9
74 63 -5
74 35 -2
74 3 -9
74 1 1
74 80 2
74 14 2
74 67 6
74 39 -7
74 4 7
74 16 2
74 26 9
74 8 -1
74 25 8
75 73 0
75 58 5
75 18 7
75 50 4
75 59 -4
75 63 -7
75 16 -6
75 66 -1
75 17 -4
75 85 4
75 37 -3
75 55 3
75 78 8
75 57 4
75 86 0
75 9 -7
75 84 8
75 32 3
75 31 5
75 15 -3
75 56 -6
75 46 0
75 7 2
75 48 5
75 64 9
75 41 6
75 92 -7
75 70 5
75 82 1
75 24 -6
75 2 8
75 36 2
75 80 -8
75 83 5
75 43 -2
75 88 -2
75 6 2
75 49 -6
75 74 -1
75 0 -8
75 40 -3
75 27 4
75 81 -4
75 67 0
75 26 8
75 12 4
75 25 -6
75 34 8
75 21 -4
75 35 -4
75 91 3
75 47 -4
75 3 -9
75 20 0
75 45 4
75 13 -9
75 52 9
75 62 5
75 54 1
75 22 2
75 60 -5
75 65 -9
75 69 7
75 39 4
75 51 -6
75 42 -8
75 87 2
75 44 6
75 76 9
75 29 2
75 53 -5
75 71 -8
75 4 -5
75 1 -5
75 90 8
75 72 9
75 33 8
75 89 -1
75 93 -6
75 38 -7
75 28 6
75 68 2
75 19 4
75 5 0
75 23 6
75 77 -4
75 11 -2
75 14 8
76 18 -7
76 9 1
76 74 2
76 23 -8
76 19 -3
76 43 4
76 56 0
76 21 0
76 54 -5
76 57 -4
76 32 -7
76 52 5
76 28 2
76 92 -3
76 87 6
76 83 7
76 72 -5
76 30 -2
76 49 -4
76 38 9
76 8 3
76 34 -7
76 71 7
76 27 -3
76 84 -1
76 82 7
76 17 -7
76 10 3
76 2 -7
76 36 8
76 75 3
76 45 -2
76 55 9
76 89 -3
76 46 -4
76 4 9
76 51 -9
76 39 2
76 80 5
76 48 0
76 22 -6
76 78 -6
76 29 -2
76 13 5
76 16 5
76 37 8
76 70 -6
76 93 0
76 79 -2
76 26 -2
76 77 -3
76 73 6
76 31 6
76 1 1
76 68 2
76 59 -8
76 62 3
76 14 2
76 69 -7
76 6 -4
76 7 8
76 58 4
76 24 -4
76 5 -6
77 38 8
77 15 -8
77 53 5
77 83 -3
77 54 -9
77 22 -2
77 68 7
77 45 0
77 30 -9
77 18 7
77 71 6
77 92 -2
77 57 2
77 0 -8
77 72 -8
77 55 0
77 26 6
77 16 0
77 76 -5
77 66 -5
77 78 -2
77 84 -1
77 27 8
77 17 9
77 51 4
77 67 3
77 74 -3
77 81 2
77 69 -4
77 19 9
77 88 9
77 2 4
77 58 6
77 87 -7
77 65 -8
77 20 -3
77 56 1
77 36 -1
77 33 4
77 47 5
78 48 -9
78 77 -8
78 65 -4
78 87 -1
78 73 8
78 43 2
78 68 4
78 42 9
78 41 -8
78 64 8
78 62 3
78 58 8
78 39 9
78 9 8
78 10 -3
78 18 -2
78 67 -7
78 22 2
78 53 -1
78 49 9
78 21 -5
78 11 6
78 44 3
78 24 8
78 40 4
78 6 6
78 7 -5
78 88 0
78 92 1
78 63 -7
78 80 -1
78 59 7
78 19 -8
78 30 -4
78 25 3
78 84 -7
78 72 6
78 8 1
78 74 5
78 4 9
78 85 3
78 15 -8
78 70 -2
78 90 -8
78 2 1
78 16 -9
78 76 -1
78 23 -1
78 55 2
78 31 -3
78 66 -7
78 36 -5
78 28 -7
78 57 -4
78 60 6
78 38 5
78 79 5
78 52 -9
78 26 1
78 86 2
78 82 -8
78 1 -7
78 71 -3
78 50 -3
78 17 3
78 0 -1
78 89 8
78 91 6
78 93 3
78 34 -3
78 75 0
78 37 8
78 20 9
78 83 -2
78 29 0
78 69 -5
78 12 -7
78 13 6
78 5 -9
78 61 3
78 45 3
78 56 -6
78 33 -4
78 81 -1
78 46 -5
78 47 3
78 51 6
78 35 -5
79 21 9
79 88 -4
79 75 4
79 85 5
79 29 5
79 68 3
79 71 0
79 74 0
79 60 5
79 33 2
79 11 -5
79 3 -9
79 0 -4
79 73 5
79 86 3
79 89 6
79 31 -5
79 37 -5
79 87 -4
79 1 2
79 53 9
79 62 -7
79 83 -3
79 18 3
79 70 -4
79 26 -2
79 65 9
79 48 1
79 44 -9
79 72 1
79 51 -9
79 12 -8
79 84 9
79 55 -4
79 20 7
79 43 7
79 9 -4
79 5 2
79 28 0
79 67 -1
79 82 5
79 10 -2
79 39 -7
79 41 5
79 90 9
79 80 -4
79 16 2
79 52 8
79 4 0
79 32 -1
79 23 -8
79 81 -5
79 49 3
79 38 6
79 8 0
79 59 8
79 47 -1
79 7 1
79 45 -3
79 30 1
79 17 0
79 40 -3
79 34 6
79 13 2
79 93 7
79 22 -3
79 76 1
79 36 -5
79 91 -5
79 58 8
79 69 4
79 14 -9
79 61 4
79 54 2
79 50 2
79 6 -5
79 24 9
79 77 0
79 19 -1
79 63 -1
80 85 -4
80 62 8
80 0 1
80 25 -5
80 45 3
80 38 -6
80 10 8
80 7 0
80 53 -7
80 58 -1
80 35 -7
80 51 6
80 42 -6
80 79 2
80 87 9
80 81 1
80 12 0
80 31 1
80 17 6
80 66 -9
80 24 4
80 37 9
80 2 -6
80 44 -7
80 86 -6
80 46 -8
80 90 9
80 60 -2
80 50 6
80 16 -9
80 29 -8
80 36 -5
80 67 -5
80 15 -2
80 52 -2
80 13 -3
80 32 2
80 39 -3
80 88 2
80 91 -1
80 77 9
80 43 3
80 89 9
80 69 -1
80 56 -6
80 41 -7
80 33 9
80 27 5
80 28 1
80 54 -9
80 75 -6
80 64 4
80 26 -5
80 70 4
81 36 0
81 26 -2
81 35 7
81 52 -2
81 78 -9
81 53 6
81 73 3
81 86 -9
81 77 8
82 1 -1
82 29 -7
82 63 -2
82 20 -3
82 76 7
82 39 -2
82 59 0
82 70 9
82 91 -7
82 42 0
82 40 -4
82 75 -9
82 41 3
82 69 -7
82 4 -8
82 12 0
82 64 -5
82 74 9
82 80 -8
82 13 -2
82 7 -5
82 81 1
82 88 -9
82 6 5
82 30 -1
82 34 5
82 61 9
82 48 8
82 50 3
82 57 3
82 43 -2
82 60 3
82 17 5
82 90 -7
82 5 5
82 0 -3
82 77 1
82 36 -3
82 14 7
82 89 -4
82 24 -2
82 45 7
82 11 -8
82 23 -3
82 47 -5
82 9 -1
82 54 4
82 19 2
82 62 -5
82 72 -5
82 87 5
82 56 -6
82 84 -2
82 35 0
82 92 5
82 31 9
82 93 0
82 26 8
82 46 8
82 71 7
82 28 7
82 65 9
82 38 2
82 53 -1
82 52 9
82 10 8
82 49 -8
82 51 -7
82 22 3
83 61 7
83 92 -8
83 0 0
83 54 -6
83 77 -5
83 41 -5
83 80 -9
83 44 2
83 29 4
83 84 -2
83 19 -2
83 55 0
83 87 -7
83 57 -5
83 81 5
83 65 -1
83 88 -8
83 11 -8
83 68 -4
83 14 1
83 16 8
83 74 4
83 37 9
83 33 -2
83 31 -7
83 71 -1
83 25 8
83 36 9
83 32 6
83 2 1
83 24 -9
83 93 6
83 20 1
83 1 -3
83 45 -5
83 66 -4
83 6 5
83 12 5
83 26 -2
83 10 -1
83 9 -2
83 22 2
83 62 1
83 58 -8
83 51 -9
83 78 5
83 76 -7
83 47 7
83 50 -1
83 8 -5
83 72 1
83 86 -5
83 73 -4
83 21 -8
84 66 -4
84 1 2
85 14 -7
85 64 -3
85 19 7
85 33 -5
85 78 -5
85 37 3
85 68 -9
85 5 -9
85 67 -6
85 23 -4
85 17 2
85 86 3
85 13 4
85 36 6
85 22 7
85 81 2
85 65 7
85 15 -8
85 11 -2
85 29 -4
85 21 -1
85 3 -6
85 52 1
85 88 3
85 18 3
85 57 5
85 73 5
85 48 -2
85 69 6
85 8 -2
85 34 -1
85 44 -7
85 4 4
85 83 -2
85 59 -4
85 87 -9
85 9 2
85 56 8
85 79 -7
85 70 5
85 51 1
85 77 -2
85 32 3
85 58 0
85 93 1
85 66 -9
85 41 -1
85 31 -2
85 91 -2
85 0 6
85 27 -1
85 90 8
85 82 6
85 63 1
85 40 2
85 38 6
85 60 -4
85 26 0
85 42 2
85 10 -2
85 46 -9
85 2 -4
85 24 4
85 53 2
85 30 2
85 61 8
85 25 -4
85 72 9
85 84 1
85 47 1
85 50 8
85 62 5
85 55 -9
85 75 4
85 92 -6
85 1 2
85 89 3
85 71 -8
85 76 6
85 7 -6
85 54 -5
85 28 -1
85 74 -9
85 49 6
85 80 1
85 45 -4
85 35 0
85 16 3
85 20 -4
85 12 -5
85 6 -1
85 39 -8
85 43 -9
86 34 7
86 70 -5
86 72 -8
86 13 2
86 12 -4
86 20 1
86 85 4
86 1 1
86 39 7
86 2 6
86 66 9
86 62 -7
86 63 -6
86 44 9
86 54 -4
86 55 -6
86 53 -3
86 90 -3
86 41 -3
87 68 4
87 31 -4
87 12 -5
87 57 -4
87 23 1
87 2 5
87 16 8
87 28 0
87 39 5
87 62 4
87 60 -2
87 61 -3
87 9 -7
87 84 5
87 20 9
87 19 -8
87 36 -1
87 56 -9
87 66 8
87 22 -3
87 26 -9
87 63 3
87 11 -7
87 81 3
87 74 -4
87 30 -2
87 17 2
87 0 3
87 10 -6
87 65 0
87 15 0
87 54 -7
87 21 9
87 4 -1
87 1 9
87 86 2
87 59 -7
87 47 9
87 45 -1
87 72 4
87 37 -2
87 67 -3
87 27 4
87 92 -7
87 69 0
87 89 0
87 76 9
87 43 3
87 24 -1
87 29 -2
87 90 3
87 58 -7
87 7 9
87 6 3
87 5 -4
87 40 7
87 25 0
87 82 0
87 3 0
88 61 2
88 11 -3
88 80 -5
89 24 7
89 63 6
89 70 8
89 32 5
89 87 6
89 26 -2
89 65 2
89 25 6
89 21 -8
89 62 5
89 17 -2
89 56 -1
89 46 9
89 38 3
89 27 5
89 52 -1
89 40 -7
89 3 9
89 7 3
89 76 -9
89 72 -1
89 19 -3
89 86 -9
89 69 -7
89 93 2
89 6 -3
89 28 3
89 58 -6
89 79 5
89 14 5
89 2 -3
89 49 -2
89 50 -6
89 54 1
89 81 3
89 41 1
89 61 0
89 9 -8
89 68 5
89 8 -7
89 64 9
89 67 4
89 20 7
89 73 7
89 47 3
89 5 -3
89 36 -6
89 90 -1
89 85 -1
89 43 -2
89 11 -6
89 13 -1
89 39 1
89 60 4
90 52 1
90 17 3
90 29 7
90 23 -7
90 50 9
90 80 -9
90 61 2
90 41 -9
90 33 1
90 21 -5
90 24 7
91 18 0
91 73 5
91 57 -2
91 75 -7
91 50 4
91 17 6
91 87 -8
91 23 -1
91 24 2
91 55 -8
91 22 -3
91 4 -1
91 34 -1
91 7 8
91 29 -7
91 14 -5
92 21 -6
93 11 -2
93 25 4
93 10 8
93 69 4
93 41 3
93 45 5
93 0 9
93 46 7
93 84 -6
93 85 1
93 70 2
93 38 -9
93 72 -5
93 29 2
93 67 9
93 62 -2
93 51 -2
93 81 2
93 18 9
93 19 -8
93 40 -5
93 30 4
93 12 8
93 21 -8
93 57 -6
93 6 -2
93 89 9
93 65 6
93 28 -3
93 52 9
93 58 -1
93 61 8
93 36 -5
93 76 5
93 88 -9
93 17 -6
93 23 0
93 27 8
93 71 -5
93 63 -8
93 15 4
93 9 8
93 50 -8
93 74 -2
93 55 -5
93 79 1
93 42 2
93 4 7
93 35 8
93 87 -9
93 77 -5
