98
4184
true
0 8 7
0 42 9
0 14 6
0 76 -4
0 84 8
0 78 -9
0 20 -1
0 40 -5
0 54 -4
0 21 -2
0 93 2
0 13 7
0 43 -7
0 87 -8
0 5 -2
0 53 -2
0 60 1
0 11 -4
0 27 -5
0 50 3
0 97 -7
0 61 -4
0 86 5
0 65 6
0 62 2
0 72 1
0 64 -9
0 26 -7
0 30 1
0 83 9
0 63 -7
0 79 1
0 95 -9
0 90 1
0 6 1
0 16 2
0 28 -1
0 70 6
0 10 2
0 92 -1
0 24 -2
0 18 -3
0 77 2
0 17 -8
0 29 -3
0 44 6
0 52 9
0 32 3
0 71 0
0 88 6
0 7 1
0 15 7
0 35 0
0 39 6
0 55 -2
0 47 4
0 80 -7
0 2 3
0 67 -5
0 49 -4
0 66 8
0 4 -9
0 45 -4
0 36 0
0 12 6
0 59 9
0 48 8
0 23 -9
0 85 -2
0 33 -8
0 1 0
0 38 -3
0 34 4
0 96 -7
0 19 -7
0 3 -7
0 41 -5
0 91 4
0 89 2
1 35 -4
1 61 -6
1 29 -5
1 14 2
1 70 -8
1 8 9
1 85 2
1 51 -8
1 23 7
1 45 -7
1 95 3
1 87 2
1 56 5
1 20 -8
1 24 6
1 46 -1
1 31 -8
1 80 9
1 94 4
1 52 -2
1 82 2
1 13 -9
1 34 9
1 67 8
1 26 8
1 27 6
1 63 -9
1 91 -3
1 6 4
1 38 -8
1 93 8
1 58 -5
1 66 -8
1 5 -2
1 48 -7
1 16 3
1 97 -9
1 10 0
1 54 -3
1 40 7
1 19 9
1 74 -6
1 96 -6
1 18 0
1 86 4
1 53 0
1 83 9
1 12 -7
1 11 2
1 72 -1
1 17 6
1 15 -3
1 36 7
1 57 -4
1 49 0
1 37 4
1 21 3
1 39 9
1 41 -8
1 69 -4
1 30 0
1 0 0
1 78 3
1 76 1
1 73 9
1 22 -8
1 55 8
1 65 -3
1 59 -3
1 44 -6
1 2 2
1 84 4
1 64 -6
1 77 -5
1 88 -2
2 44 -8
2 90 -1
2 88 6
2 31 7
2 68 2
2 7 -2
2 96 4
2 21 4
2 36 7
2 46 2
2 54 7
2 77 1
2 3 -7
2 51 8
2 94 -5
2 4 9
2 63 8
2 59 3
2 26 -2
2 57 2
2 48 -9
2 60 -2
2 78 0
2 15 9
2 75 -5
2 32 5
2 69 -5
2 41 -8
2 64 -7
2 49 3
2 62 4
2 11 4
2 66 0
2 43 -5
2 81 9
2 29 2
2 89 6
2 25 -1
2 1 9
2 73 -9
2 18 9
2 0 8
2 87 -4
2 83 8
2 37 0
2 34 3
2 61 -2
2 28 -1
2 47 -4
2 85 -9
2 71 -3
2 19 1
2 24 -1
2 76 1
2 30 4
2 13 8
2 55 -7
2 95 -5
2 45 -9
2 72 -9
2 56 -6
2 91 0
2 80 5
2 67 -1
2 10 -4
2 92 2
2 20 -9
2 17 1
2 6 6
2 93 -6
2 82 -4
2 16 8
2 65 -2
2 12 -5
2 22 -9
2 52 1
2 33 -5
2 40 -4
2 84 -6
2 14 -2
2 42 -2
2 8 6
2 97 5
2 23 3
2 70 0
3 93 9
3 51 -1
3 34 -7
3 59 5
3 67 1
3 43 -5
3 32 -8
3 73 -5
3 77 -7
3 4 -4
3 17 7
3 80 6
3 40 -9
3 65 5
3 9 0
3 35 -3
3 15 2
3 16 8
3 11 -6
3 45 3
3 86 8
3 70 1
3 84 -7
3 33 7
3 48 1
3 88 -1
3 72 8
3 50 3
3 36 -5
3 27 2
3 54 -1
3 71 -7
3 7 6
3 21 -5
3 57 -5
3 42 0
3 52 6
3 97 0
3 91 3
3 39 6
3 75 2
3 41 -2
3 96 -3
3 22 0
3 44 6
3 58 -2
3 92 2
3 95 3
4 31 1
4 63 -5
4 33 -7
4 7 7
4 37 -4
4 73 3
4 66 1
4 90 -1
4 96 -9
4 24 1
4 45 -7
4 49 2
4 54 7
4 70 -8
4 2 -1
4 59 8
4 51 9
4 20 -9
4 53 -6
4 52 9
4 26 -3
4 10 -8
5 32 6
5 85 0
5 48 -2
5 7 4
5 10 -1
5 68 -9
5 71 3
5 66 0
5 67 8
5 39 8
5 21 5
5 96 -3
5 1 -5
5 35 1
5 52 -1
5 79 -1
5 94 -2
5 12 0
5 13 -2
5 97 -1
5 6 5
5 91 0
5 37 -8
5 89 -9
5 86 9
5 51 8
5 47 2
5 95 2
5 76 -1
5 26 -9
5 63 2
5 81 -5
5 80 -4
5 78 -6
5 60 5
5 87 0
5 41 1
5 15 7
5 23 7
5 83 -3
5 72 -6
5 53 -6
5 29 1
5 45 -4
5 8 4
5 70 -2
5 88 -9
5 77 -8
5 50 -2
5 46 -4
5 31 7
5 2 7
5 44 7
5 64 -4
5 20 1
5 18 1
5 93 1
5 38 3
5 54 -9
5 3 -8
5 55 -5
5 58 6
5 82 -1
5 59 -2
5 90 -7
5 9 -9
5 61 -5
5 56 -3
5 74 5
5 4 2
5 40 2
5 62 2
5 43 -2
5 22 9
5 84 -7
5 28 3
5 30 -4
5 36 -4
5 92 2
5 16 -3
5 57 -7
5 19 -2
5 25 6
5 24 3
5 14 3
5 73 -7
5 0 2
5 49 -7
5 11 7
5 75 6
5 17 -5
5 69 -5
6 79 -8
6 23 6
6 31 5
6 18 -6
6 39 4
6 8 3
6 58 -3
6 2 6
6 34 6
6 28 -6
6 77 -4
6 91 -2
6 35 8
6 52 -3
6 81 -5
6 83 -4
6 75 -8
6 76 -6
6 0 -1
6 69 1
6 4 8
6 37 -1
6 74 2
6 45 5
6 10 9
6 51 -4
6 48 6
6 46 -4
6 9 4
6 26 -9
6 17 -4
6 61 -5
6 95 -7
6 82 4
6 22 5
6 88 -1
6 27 -6
7 73 -1
7 15 -9
7 37 1
7 93 -7
7 66 -6
7 75 -1
8 19 -7
8 38 1
8 1 -1
8 27 7
8 58 3
8 73 7
8 66 -2
8 96 6
8 25 7
8 15 8
8 3 7
8 52 5
8 86 6
8 4 4
8 62 3
8 31 1
8 89 7
8 79 3
8 85 1
8 74 2
8 47 9
8 5 -6
8 12 -8
8 87 0
8 49 -3
8 97 -9
8 42 6
8 91 -4
8 13 3
8 81 -9
8 35 -5
8 32 1
8 70 -5
8 46 3
8 88 -7
8 41 3
8 48 -5
8 55 1
8 2 9
8 75 2
8 16 2
8 51 1
8 6 -7
8 83 -8
8 82 2
8 95 -1
8 20 -1
8 54 -3
8 71 5
8 34 -4
8 30 -1
8 84 -7
8 92 0
8 93 1
8 23 2
8 56 -3
8 0 -8
8 67 7
8 24 -7
8 63 -4
8 37 3
8 44 9
8 36 4
8 21 0
8 53 6
8 59 3
8 61 4
8 94 5
8 14 -5
8 60 -2
8 17 6
8 9 0
8 68 3
8 33 -1
8 80 -1
8 39 4
8 26 1
8 7 -7
8 64 1
8 28 9
8 11 6
8 57 4
8 29 -8
8 90 -9
8 65 -8
8 43 0
8 50 -5
8 78 -4
9 81 -4
9 3 -6
9 31 7
9 58 9
9 53 -6
9 12 -1
9 94 2
9 89 -8
9 95 -1
9 78 9
9 11 -6
9 56 -9
9 54 -5
9 68 2
9 61 3
9 10 6
9 13 8
9 60 -5
9 39 -6
9 6 6
9 14 -6
9 41 -6
9 23 -6
10 3 -7
10 70 -4
10 85 -4
10 40 -9
10 33 2
10 31 -4
10 37 -3
10 68 2
10 38 -3
10 1 -6
10 60 -1
10 9 -2
10 47 8
10 26 -7
10 83 2
10 15 -8
10 21 7
10 11 9
10 4 7
10 51 -2
10 12 0
10 88 9
10 76 7
10 78 4
10 44 -8
10 71 4
10 56 6
10 48 -8
10 50 9
10 34 8
10 86 -2
10 43 3
10 49 5
10 58 -3
10 72 -6
10 54 -9
10 61 -9
10 91 -1
10 93 4
10 27 -4
10 69 1
10 57 -2
10 13 -1
10 46 3
10 16 4
10 7 4
10 8 -7
10 45 9
10 77 -3
10 22 -7
10 0 -3
10 79 7
10 64 -5
10 95 9
10 2 -5
10 62 -4
10 30 3
10 53 3
10 39 -6
11 93 0
11 85 3
11 31 8
11 27 -6
11 18 -7
12 9 -7
12 78 8
12 51 2
12 24 9
12 22 9
12 50 -9
12 31 -9
12 44 7
12 40 0
12 77 -1
12 96 -7
12 53 -3
12 45 8
12 52 -6
12 41 -6
12 89 0
12 54 -8
12 42 -3
12 6 -4
12 91 -7
12 3 -7
12 35 5
12 4 -5
12 28 -5
12 37 -2
13 45 -2
13 10 0
13 19 9
13 55 -9
13 63 -3
13 93 -5
13 16 -5
13 12 -7
13 9 -1
13 31 0
13 46 3
13 61 -1
13 75 7
13 54 1
13 24 8
13 80 -5
13 89 7
13 14 -8
13 4 5
13 35 -8
13 91 -8
13 26 -4
13 8 -3
13 57 -8
13 37 -5
13 39 0
13 81 -8
13 76 8
13 3 -4
13 88 4
13 74 8
14 3 -9
14 32 -5
14 37 -8
14 57 2
14 70 8
14 35 8
14 93 8
14 17 -4
14 63 -8
14 21 -9
14 18 -7
14 72 -5
14 47 7
14 24 6
14 43 9
14 71 1
14 31 8
14 28 1
14 7 4
14 52 -6
14 58 -1
14 13 9
14 41 -9
14 15 -5
15 62 9
15 79 -2
15 81 -7
15 96 6
15 36 3
15 9 -3
15 4 2
15 67 7
15 93 4
15 32 4
15 74 6
15 46 7
15 28 -3
15 33 -5
15 2 7
15 55 -4
15 24 1
15 61 -2
15 23 -4
15 17 6
15 11 -1
15 94 3
15 49 0
15 20 9
15 88 -3
15 90 7
15 12 1
15 69 -9
15 92 -4
15 70 -1
15 72 -8
15 51 -6
15 66 -3
15 14 9
15 84 8
15 16 4
15 86 3
15 91 5
15 59 2
15 85 -1
15 68 -4
15 6 6
15 40 -5
16 8 1
16 53 9
16 97 8
16 36 8
16 95 3
16 60 -3
16 33 2
16 34 -6
16 86 3
17 74 0
17 28 9
17 49 6
17 69 5
17 25 -2
17 19 -2
17 47 -2
17 6 3
17 33 -3
17 24 -5
17 97 -2
17 84 7
17 60 6
17 81 3
17 90 3
17 46 1
17 21 -5
17 9 8
17 13 6
17 41 -1
17 95 8
17 70 1
17 40 -4
17 76 -5
17 88 3
17 50 1
17 37 -2
17 64 -3
17 5 -3
17 66 -3
17 57 -9
17 61 0
17 27 -1
17 80 -9
17 53 -7
17 54 -4
17 18 -7
17 58 5
17 29 1
17 79 -6
17 1 -3
17 44 -1
17 20 -2
17 52 2
17 96 -9
17 72 -5
17 30 8
17 14 9
17 56 -7
17 93 4
17 91 1
17 83 -1
17 55 -6
17 78 6
17 38 4
17 0 6
17 10 -7
17 32 -8
17 86 -8
17 94 -3
17 35 2
17 3 9
17 87 -2
17 82 -6
17 73 3
17 4 -2
17 2 -5
17 16 -5
17 36 1
17 34 6
17 23 5
17 89 -6
17 31 -3
17 62 -9
17 75 -5
17 22 9
18 7 8
18 11 -5
18 69 3
18 65 7
18 79 0
18 88 7
18 73 0
18 35 0
18 34 0
18 76 -1
18 45 1
18 19 7
19 6 0
19 94 -9
19 11 -3
19 89 -6
19 70 -1
19 46 2
19 36 8
19 15 4
19 10 8
19 43 8
19 16 0
19 31 1
19 27 -8
19 24 -9
19 47 -1
19 68 8
19 51 -5
19 37 -2
20 63 3
20 86 -8
20 19 -9
20 60 -3
20 34 -5
20 71 -6
20 58 4
20 37 3
20 43 7
20 96 4
20 80 8
20 97 -8
20 48 -6
20 10 7
20 13 -9
20 76 5
20 15 -3
20 24 0
20 55 -6
20 52 -9
20 4 8
20 36 -6
20 47 -7
20 32 -8
20 85 3
20 2 -3
20 21 1
20 22 -1
20 56 8
20 75 -4
20 62 9
20 79 2
20 28 8
20 89 3
20 3 9
20 39 6
20 25 -6
20 35 8
20 33 -6
20 1 6
21 15 -8
21 25 2
21 36 -8
21 26 1
21 65 -2
21 20 -9
21 33 5
21 75 -4
21 87 -8
21 77 -6
21 19 0
21 69 9
21 39 -5
21 31 5
21 44 -7
21 23 4
21 2 8
21 88 0
21 0 6
21 58 -7
21 34 4
21 54 9
22 43 -9
22 41 9
22 2 2
22 49 7
22 55 -8
22 85 7
22 37 -7
22 79 6
22 75 -9
22 10 7
22 30 -5
22 47 -8
22 8 -8
22 87 3
22 78 4
22 20 -1
22 13 0
22 93 -8
22 11 -6
22 92 -6
22 34 -5
22 69 2
22 59 -2
22 28 8
22 54 2
22 32 -6
22 1 -6
22 86 9
22 19 4
22 38 3
22 74 7
22 62 5
22 0 3
22 84 -5
22 76 1
22 16 -7
22 35 8
22 26 8
22 83 3
22 68 -6
22 53 -3
22 14 4
22 66 9
22 25 4
22 24 -7
22 12 -4
22 88 1
22 31 6
22 89 -8
22 4 9
22 65 4
22 96 -3
22 40 7
22 50 4
22 33 -6
22 82 -7
22 5 9
22 18 9
22 36 -7
22 73 0
22 9 9
22 77 6
23 20 -4
23 53 -8
23 4 -7
23 27 2
23 6 -9
23 82 -6
23 14 -1
23 87 -4
23 57 -5
23 38 8
23 45 4
23 22 -3
23 31 9
23 46 9
23 40 -5
23 0 0
23 85 4
23 15 9
23 75 7
23 91 1
23 89 5
23 51 3
23 42 -6
23 50 9
23 94 -7
23 8 5
23 65 -2
23 25 -5
23 7 6
23 39 3
23 69 9
23 30 -2
23 64 -1
23 32 8
23 56 4
23 97 -8
23 60 -5
23 78 -8
23 36 -7
23 58 3
23 77 -8
23 76 5
23 33 -8
23 83 -8
23 43 5
23 81 5
23 52 -9
23 18 -6
23 67 6
23 41 6
23 73 2
23 17 7
23 68 2
23 26 2
23 29 9
23 80 6
23 48 0
23 12 1
23 54 1
23 90 4
23 10 -3
23 37 0
23 72 3
23 47 3
23 66 -9
23 5 2
23 92 -4
23 2 2
23 21 -7
23 35 7
23 44 -6
23 59 -6
23 96 3
23 93 -6
23 3 5
23 88 7
23 9 4
23 84 6
23 1 3
23 55 6
23 71 -7
23 13 8
23 24 -5
23 74 -9
23 11 2
23 95 -2
23 86 -1
23 16 -4
23 28 -5
23 62 -3
23 19 -5
23 61 0
24 85 -4
24 29 1
24 6 2
24 93 7
24 47 -4
24 73 8
24 35 -2
24 55 9
24 68 0
24 22 0
24 33 2
24 53 -5
24 44 7
24 11 -7
24 25 3
24 89 9
24 23 9
24 26 5
24 19 6
24 56 7
24 46 -5
24 61 -7
24 7 -9
24 59 1
24 72 -1
24 38 4
24 58 -6
24 39 6
24 14 7
24 76 9
24 78 -9
24 51 -7
24 3 8
24 28 1
24 92 -1
24 20 -2
24 15 9
24 96 -8
25 55 6
25 80 -9
25 5 -6
25 38 2
25 88 -8
25 41 -7
25 32 -6
25 58 -3
25 81 -6
25 42 -3
25 37 8
25 53 5
25 47 8
25 83 9
25 67 -3
25 76 4
25 39 9
25 12 3
25 54 -2
25 16 -2
25 79 -6
25 6 -9
25 10 8
25 50 3
25 90 -3
25 7 6
25 9 8
25 73 -1
25 8 -5
25 70 -8
25 45 2
25 74 6
25 0 -3
25 35 -5
25 26 3
25 91 2
25 66 -2
25 17 8
25 18 -1
25 77 4
25 86 8
25 49 -6
25 29 -2
25 33 -4
25 93 7
25 1 -9
25 44 4
25 94 -1
25 56 8
25 89 -8
25 14 -7
25 71 -4
26 4 9
26 64 3
26 48 -9
26 29 -5
26 2 9
26 67 -6
26 60 7
26 85 3
26 36 -6
27 78 -3
27 42 -5
27 21 0
27 60 -5
27 77 -6
27 36 -8
27 92 -4
27 8 -1
27 9 1
27 37 3
27 24 -1
27 56 -9
27 26 -1
27 2 -7
27 28 -4
27 81 -6
27 87 -6
27 79 -2
28 41 2
28 72 4
28 63 1
28 25 -9
28 78 6
28 33 -1
28 70 9
28 80 1
28 53 -7
28 0 3
28 20 1
28 42 9
28 44 1
28 95 -6
28 90 8
28 73 5
28 36 -6
28 88 -8
28 48 7
28 8 -2
28 22 3
28 54 3
28 19 1
28 85 1
28 30 -4
28 92 6
28 21 2
28 5 9
28 94 3
28 71 0
28 55 -5
28 65 -5
28 11 -4
28 79 2
28 27 -9
28 14 8
28 31 -3
28 37 -7
28 84 4
29 95 9
29 27 -1
29 79 -2
29 77 0
29 82 -2
29 88 -5
29 74 -1
29 76 -4
29 54 -2
29 67 -1
29 45 4
29 71 4
29 75 -8
29 90 7
29 64 -2
29 96 -1
29 50 7
29 13 2
29 21 -1
29 2 -1
29 16 -4
29 32 -7
29 91 8
29 8 9
29 20 -8
29 62 -2
29 61 0
29 11 6
29 10 4
29 59 3
29 40 2
29 7 0
29 15 -3
29 41 6
29 49 -9
29 36 -4
29 28 1
29 92 -3
29 66 -3
29 9 9
29 39 8
29 5 2
29 87 -2
29 19 -4
29 6 9
30 42 -7
30 21 -1
30 80 4
30 74 2
30 43 -6
30 4 -6
30 51 -4
30 65 -6
30 9 -4
30 52 2
30 64 -9
30 78 -5
30 75 -4
30 91 1
30 47 1
30 90 -7
30 11 -7
30 41 -5
30 55 -3
30 49 4
30 15 7
30 88 -9
30 24 -4
30 6 2
30 16 -6
30 87 9
30 36 -3
30 54 -8
30 44 -4
30 81 -9
30 85 -1
30 50 -2
30 40 5
30 13 -5
30 34 7
30 22 9
30 48 1
30 59 -2
30 72 -1
30 56 2
30 61 0
30 60 0
30 45 9
30 1 3
31 78 0
31 80 -6
31 70 -9
31 84 3
31 61 -9
31 32 -1
31 50 4
31 5 4
31 20 4
31 77 -4
31 51 0
31 90 -2
31 25 8
31 42 2
31 39 -8
31 24 -5
31 71 -7
31 18 9
31 57 1
31 17 9
31 41 0
31 23 7
31 38 8
31 47 2
31 86 -7
31 37 -3
31 63 4
31 19 -7
31 43 -2
31 93 1
31 3 0
31 29 4
31 34 -7
31 56 5
31 88 9
31 22 -2
31 53 -7
31 76 -1
31 14 -1
31 64 -7
31 94 -2
31 33 -3
31 95 6
31 8 4
31 21 8
31 9 3
31 69 -7
31 15 5
31 68 -3
31 72 1
31 60 -7
31 45 8
31 79 7
31 54 4
31 59 6
31 2 1
31 40 7
31 35 0
31 16 -9
31 91 3
31 13 6
31 82 -6
31 83 -4
31 74 -9
31 75 -7
31 55 7
31 12 -5
31 58 4
31 10 4
31 26 -8
31 49 -3
31 73 4
31 81 -4
31 1 -3
31 46 -9
31 6 -1
32 43 5
32 55 -9
32 65 -4
32 35 -1
32 0 -3
32 4 7
32 94 8
32 62 6
32 6 9
32 60 4
32 25 9
32 22 7
32 76 1
32 79 5
32 33 4
32 2 6
32 15 -2
32 48 -3
32 93 6
32 12 6
32 38 -4
32 85 0
32 73 -8
32 86 9
32 80 4
32 13 -1
32 1 2
32 72 -3
32 59 -9
32 17 3
32 52 1
32 30 5
32 92 4
32 8 -6
32 69 -1
32 90 -2
32 95 -6
32 87 4
32 27 -2
32 34 8
32 78 8
32 50 -1
32 28 7
32 61 -1
32 29 7
32 9 1
32 83 -7
32 36 0
32 5 4
32 16 9
32 77 6
32 41 -5
32 19 6
32 89 -1
32 97 -4
32 3 9
32 75 -2
32 57 4
32 45 -7
32 66 6
32 67 2
32 81 -7
32 96 2
32 21 3
33 10 -5
33 72 1
33 44 8
33 40 7
33 24 -2
33 37 9
33 74 5
33 79 1
33 60 2
33 32 6
33 69 5
33 57 6
33 4 -4
33 83 -7
33 27 4
33 9 -4
33 71 -9
33 29 6
33 41 8
33 91 -5
33 95 -7
33 82 -3
33 81 7
33 47 -7
33 90 3
33 21 7
33 23 1
33 38 1
33 31 -2
33 20 -5
33 56 -8
33 34 2
33 58 -3
33 70 0
33 94 -8
33 51 -3
33 54 4
33 5 6
33 45 6
33 42 7
33 39 7
33 53 7
33 96 -1
33 73 0
33 62 6
33 22 8
33 13 2
33 97 -8
33 80 4
33 16 7
33 52 -2
33 0 2
33 14 5
33 92 2
33 65 5
33 35 -5
33 46 -4
33 85 -8
34 70 -7
34 55 7
34 90 -4
34 84 -2
34 17 1
34 2 -3
34 79 9
34 41 -4
34 39 -9
34 93 8
34 71 -1
34 91 9
34 22 0
34 86 4
34 24 -8
34 77 6
34 3 5
34 29 -8
34 7 -1
34 37 -4
34 65 1
34 51 2
34 30 1
34 82 0
34 63 -1
34 52 -7
34 23 -6
34 47 -3
34 94 6
34 66 -3
34 26 2
34 1 8
34 25 -9
34 83 5
34 54 4
34 74 3
34 61 -4
34 32 -1
34 80 0
34 97 6
34 31 -9
34 73 -1
34 12 8
34 62 -7
34 5 -5
34 20 -7
34 64 8
34 53 6
35 80 -4
35 40 7
35 28 -8
35 71 -3
35 60 -6
35 78 0
35 31 2
35 12 -2
35 73 3
35 68 -5
35 27 -6
35 26 -6
35 21 -3
35 22 7
35 15 -1
35 56 2
35 0 6
35 70 2
35 13 -3
35 37 8
35 17 -2
35 75 1
36 1 5
36 93 2
36 96 4
36 94 2
36 72 -5
36 37 5
36 58 -2
36 26 3
36 43 -8
36 42 -8
36 81 -3
36 13 8
37 40 -8
37 73 5
37 95 -4
37 36 7
37 21 0
37 0 8
37 16 -4
37 28 -2
37 3 -4
37 67 7
37 17 2
37 71 7
37 19 -9
37 27 9
37 20 -2
37 35 6
37 76 1
37 51 3
37 48 -7
37 10 0
37 42 1
37 89 -2
37 45 -4
37 57 -5
37 11 5
37 6 3
37 60 -7
37 1 -2
37 38 8
37 44 5
37 87 5
37 26 2
37 54 9
37 43 -9
37 85 -6
37 58 8
37 82 2
37 30 -5
37 7 9
37 25 7
37 53 -5
37 41 5
37 72 3
37 77 -7
37 13 -8
37 23 0
37 79 7
37 24 -4
37 22 -1
37 74 2
37 75 1
37 4 0
37 18 4
37 69 -5
37 2 3
37 70 6
37 78 8
37 92 -4
37 81 2
37 55 -8
37 65 7
37 39 9
37 9 -7
37 94 6
37 49 6
37 97 -9
37 86 8
37 56 -8
38 85 -6
38 71 6
38 3 1
38 15 4
38 66 -8
38 13 6
38 19 5
38 17 5
38 27 -3
38 80 9
38 68 0
38 76 -8
38 83 7
38 55 8
38 77 -2
38 1 -1
38 58 6
38 32 9
38 45 8
38 57 0
38 40 -6
38 64 -7
38 44 -5
38 75 -1
38 22 1
38 54 -7
38 43 5
38 31 -3
38 5 8
38 21 -6
38 96 3
38 78 2
38 63 -6
38 2 -1
38 37 -4
38 14 6
38 95 -9
38 49 -8
38 28 -8
38 9 -5
38 23 7
38 72 3
38 61 -9
38 65 5
38 60 -2
38 56 7
38 20 6
38 79 -4
38 39 4
38 36 0
38 34 -3
38 10 8
38 59 -3
38 82 0
38 8 -1
38 29 6
38 97 7
38 7 -1
39 66 -8
39 54 -4
39 96 -4
39 9 9
39 70 -8
39 33 -9
39 45 -6
39 29 9
39 0 -4
39 43 -1
39 59 9
39 89 0
39 17 -3
39 57 3
39 41 -9
39 27 -9
39 75 -2
39 71 3
39 18 3
39 23 -8
39 44 8
39 30 -9
39 97 0
39 74 6
39 22 9
39 4 2
39 1 4
39 69 1
39 85 -8
39 64 8
39 62 -5
39 95 -9
39 37 -1
39 35 -1
39 32 -9
39 40 -1
39 12 7
39 49 9
39 38 2
39 94 -9
39 50 5
39 65 0
39 13 5
39 6 -4
39 78 5
39 5 -1
39 34 -6
39 72 -5
39 51 7
39 36 2
39 81 -5
39 58 6
39 79 3
39 76 -9
39 77 -2
39 83 -3
40 63 9
40 93 5
40 81 6
40 1 -1
40 14 -4
40 87 -3
40 91 3
40 74 9
40 28 -3
40 62 -3
40 76 9
40 29 -9
40 45 8
40 39 5
40 56 6
40 22 7
40 19 4
40 13 4
40 38 6
40 69 -6
40 21 -6
40 53 -3
40 44 6
40 70 -8
40 86 -8
40 31 -9
40 10 -5
40 2 -3
40 47 -7
40 35 -7
40 41 6
40 25 9
40 16 5
40 57 7
40 6 -1
40 66 -8
40 7 4
40 0 7
40 67 6
40 17 -1
40 24 1
40 96 9
40 4 -2
40 27 1
40 49 5
40 54 5
40 83 3
40 34 2
40 71 -9
40 95 -4
40 36 -4
40 68 -3
40 3 -7
40 79 0
40 5 -4
40 50 -1
40 58 7
40 30 -5
40 78 5
40 26 -5
40 12 3
40 75 -3
40 23 6
40 20 -7
40 60 -2
40 59 -5
40 9 -7
40 48 4
40 37 2
40 55 -9
40 42 -4
40 77 6
40 97 -4
40 32 -8
40 92 -6
40 15 4
40 61 9
40 65 2
40 8 8
40 51 -6
40 11 9
40 52 4
40 73 -9
40 46 1
40 85 4
40 43 3
40 33 -7
40 18 -8
40 82 -4
40 80 8
40 90 -2
40 88 6
40 72 -7
40 94 -9
40 64 -8
40 89 -6
40 84 -4
41 77 2
41 56 1
41 63 2
41 52 2
41 27 3
41 7 9
41 33 3
41 39 -7
41 49 8
41 28 -8
41 43 5
41 91 -6
41 5 -5
41 8 3
41 37 7
41 15 -3
41 50 4
41 20 -8
41 51 -2
41 67 -2
41 64 -3
41 38 2
41 22 0
41 70 7
41 61 1
41 26 -6
41 23 -9
41 29 -6
41 81 3
41 0 0
41 53 8
41 94 -1
41 80 8
41 79 9
41 92 -2
41 32 6
41 17 1
41 73 0
41 42 8
41 86 -4
41 4 5
41 88 -3
41 31 -2
41 93 -4
41 74 -1
41 1 6
41 47 0
41 78 8
41 90 8
41 59 -2
41 6 7
41 69 -5
41 87 0
41 12 7
41 48 -1
42 41 -2
42 25 1
42 39 -4
43 32 -3
43 62 -6
43 89 9
43 83 -5
43 7 9
43 8 1
43 36 -4
43 45 -4
43 20 -7
43 33 4
43 72 2
43 30 -2
43 78 -2
43 12 7
43 59 -9
43 58 9
43 6 7
43 86 7
43 4 9
43 92 -6
43 37 -6
43 63 7
43 53 2
43 23 0
43 61 2
43 39 8
43 14 3
43 48 -3
43 52 -1
43 85 -5
44 89 -9
44 5 -7
44 31 1
44 22 2
44 16 -5
44 83 -7
44 7 -7
44 63 0
44 81 8
44 76 6
44 51 -5
45 15 -3
45 90 1
45 4 5
45 48 -1
45 62 1
45 30 0
45 95 -1
45 76 -4
45 36 0
45 18 4
45 56 8
45 24 -1
45 69 0
45 22 9
45 27 0
45 31 9
45 41 2
45 77 -4
45 33 4
45 53 -5
45 23 -8
45 66 -3
45 68 -1
45 29 8
45 73 2
45 52 5
45 3 -5
45 2 -1
45 64 -2
45 8 3
45 6 4
45 59 -4
45 55 -2
45 34 9
45 93 -4
45 72 -7
45 21 2
45 14 -1
45 85 -2
45 13 6
45 97 -9
45 96 0
45 5 -7
45 37 -5
45 12 -4
45 65 -8
45 25 4
45 67 2
45 78 1
45 42 -5
45 17 6
45 39 -4
45 49 -2
45 44 -1
45 35 2
45 28 -2
45 19 -2
45 51 -3
45 47 -1
45 94 7
45 58 -1
45 79 6
45 82 6
45 26 -4
45 1 -4
45 16 -1
45 40 4
45 7 5
45 89 3
45 10 8
45 70 2
45 91 -9
45 92 4
45 63 1
45 75 7
45 81 -3
46 79 -5
46 89 0
46 8 -4
46 5 -8
46 80 9
46 70 -1
46 39 -7
46 13 -9
46 48 -9
46 36 -4
46 7 6
46 96 -4
46 43 9
46 73 6
46 74 4
46 24 5
46 67 -7
46 14 5
46 62 -4
46 33 2
46 83 -7
46 17 8
46 90 5
46 53 7
46 63 8
46 37 4
46 52 -5
46 47 -9
46 71 -4
46 12 -3
46 51 -7
46 97 5
46 11 0
46 41 1
46 9 -4
46 1 7
47 27 2
47 71 8
47 36 4
47 53 -1
47 33 7
47 20 -9
47 3 -9
47 39 3
47 6 -7
47 10 -8
47 73 5
47 19 9
47 79 7
47 40 3
47 81 9
47 48 6
47 37 2
47 45 -3
47 7 0
47 62 -4
47 11 -6
47 54 8
47 41 5
47 49 5
47 88 -8
47 50 9
47 55 4
47 97 -4
47 80 8
47 69 6
47 0 4
47 67 -3
47 83 -9
47 75 6
47 51 6
47 59 4
47 90 5
47 26 -8
47 93 0
47 22 6
47 91 -1
47 77 -2
47 4 -9
47 63 9
47 76 2
47 43 1
47 72 -1
47 64 7
47 70 -6
47 57 -5
47 30 -4
47 9 7
47 89 1
47 60 -7
47 15 9
47 38 6
47 13 8
47 78 -9
47 85 1
47 8 8
47 34 2
47 61 7
48 4 -4
48 1 3
48 13 -2
48 3 -6
48 61 -4
48 62 -8
48 0 8
48 93 8
48 22 5
48 55 3
48 12 9
48 46 8
48 68 -2
48 40 5
48 27 2
48 54 -6
48 64 -9
48 8 -4
48 47 4
48 66 -2
48 29 -9
48 36 0
48 9 -4
48 21 -1
48 89 8
48 77 5
48 10 -2
49 65 1
49 56 3
49 89 -1
49 27 -5
49 61 -8
49 58 -2
49 70 4
49 17 0
49 86 -5
49 35 3
49 23 1
49 24 -4
49 6 8
49 77 7
49 1 -7
49 76 -4
49 3 1
49 46 -9
49 83 -1
49 71 5
49 26 -3
49 57 4
49 31 -3
49 21 0
49 30 2
49 16 -9
49 29 3
49 39 -4
49 36 9
49 44 2
49 95 -1
49 12 -5
49 38 -7
49 55 8
49 7 -8
49 81 5
50 76 -9
50 90 -8
50 70 0
50 47 0
50 20 -7
50 69 4
50 68 4
50 79 -5
50 3 1
50 38 -4
50 31 -8
50 86 -8
50 0 9
50 78 3
50 67 -9
50 27 -9
50 32 0
50 84 -7
50 35 -3
50 64 7
50 63 0
50 73 8
50 96 8
50 92 -2
50 40 -2
50 45 -2
50 85 -5
50 83 5
50 10 0
50 52 0
50 36 1
50 37 -8
50 17 -1
50 97 -1
50 29 8
50 15 -4
50 33 0
50 49 7
50 93 -5
50 39 5
50 12 9
50 6 1
50 8 -2
50 42 8
50 61 -4
50 87 1
50 56 5
50 51 4
50 41 1
50 55 -9
50 13 1
50 81 8
50 54 7
50 48 -2
50 46 -1
50 7 -2
50 75 6
50 2 -9
50 72 -4
50 24 1
50 18 -4
50 30 6
50 59 -1
50 53 -4
50 44 3
50 71 6
50 34 7
50 58 1
50 23 1
50 26 -6
50 88 -3
50 16 3
50 11 3
50 89 9
50 95 4
50 60 -9
50 77 3
50 94 -1
50 21 4
50 22 1
50 62 -8
50 82 -6
50 65 7
50 14 9
50 91 5
50 1 9
50 43 3
50 5 -1
50 25 -3
51 10 -7
51 34 -9
51 20 8
51 79 -6
51 29 9
51 23 -9
51 93 -3
51 95 9
51 77 -4
51 81 9
51 46 7
51 41 6
51 82 -7
51 24 4
51 16 5
51 17 1
51 25 -9
51 37 -3
51 8 0
51 18 -8
51 63 5
51 53 0
51 4 -6
51 76 0
51 55 2
51 87 -9
51 65 3
51 0 5
51 12 4
51 64 -7
51 39 1
51 40 -6
51 94 -6
51 35 -2
51 28 -3
51 50 8
51 97 7
51 30 9
51 60 -9
51 80 -6
51 19 -2
51 45 -7
51 69 -5
51 2 -6
51 89 -9
51 61 2
51 52 4
51 92 0
51 73 4
51 15 -6
51 27 8
51 70 -6
51 7 8
51 49 -7
51 6 8
52 58 2
52 90 -3
52 25 7
52 50 -2
52 23 3
52 72 -7
52 83 -7
52 79 -9
52 12 -7
52 87 -7
52 20 -6
52 81 -1
52 3 -7
52 42 5
52 41 -8
52 47 5
52 44 -6
52 26 -7
52 9 3
52 70 3
52 17 3
52 91 -5
52 71 0
52 57 6
52 68 -7
52 67 -2
52 78 -2
52 2 -9
52 86 7
52 80 8
52 55 -6
52 4 6
52 65 -7
52 11 -8
52 34 -8
52 0 -2
52 51 -2
52 69 -5
52 6 3
52 62 -6
52 97 6
53 64 4
53 77 -3
53 54 -9
53 92 -8
53 10 5
53 14 -3
53 48 -1
53 69 -4
53 4 -6
53 22 -3
53 30 -9
53 32 0
53 31 3
53 45 3
53 37 -1
53 52 9
53 81 2
53 61 -8
53 36 4
53 72 -1
53 67 -2
53 18 6
53 23 5
53 60 -8
53 82 2
53 7 2
53 85 1
53 78 -2
53 84 -3
53 68 -8
53 6 9
53 88 -4
53 41 7
53 28 4
53 58 -3
53 19 -3
53 27 0
53 91 -3
53 87 9
53 44 9
53 16 -4
53 1 -3
53 15 -4
53 26 -9
53 71 3
53 35 1
53 73 -5
53 40 8
53 29 -6
53 49 -3
53 89 8
53 25 -3
53 47 6
53 0 -9
53 96 -1
53 9 -2
53 17 0
53 46 -9
53 57 -2
53 56 -6
53 66 8
53 62 -9
53 90 -9
53 97 8
53 65 0
53 11 -9
53 79 5
53 8 -8
53 70 -5
53 74 -4
53 63 -8
53 13 2
53 93 -8
53 94 -1
53 3 -6
53 5 5
53 42 2
53 20 -3
53 59 9
53 33 -6
53 86 4
53 55 0
53 80 1
53 39 -4
53 34 2
53 24 -3
53 2 -1
54 47 0
54 80 6
54 21 8
54 22 8
54 65 2
54 50 -4
54 20 -6
54 43 -5
54 75 -5
54 23 6
54 60 -3
54 90 -8
54 30 2
54 33 -2
54 7 7
54 41 5
54 5 -5
54 49 -5
54 92 1
54 97 -5
54 4 1
54 70 -2
54 71 1
54 96 -1
54 55 8
54 15 0
54 87 6
54 66 8
54 46 5
54 31 9
54 36 4
54 42 -7
54 61 -7
54 84 8
54 13 4
54 45 3
54 88 -9
54 91 3
54 78 -2
54 34 8
54 3 4
54 56 4
54 63 6
54 37 -4
55 23 -9
55 96 -2
55 68 3
55 37 7
55 71 -2
55 74 6
55 15 3
55 43 5
55 40 -1
55 81 -8
55 45 -4
55 93 -2
55 61 -7
55 97 7
55 82 8
55 53 -9
55 86 8
55 21 1
55 8 7
55 0 7
55 46 0
55 85 -4
55 28 -8
55 3 0
55 73 -7
56 68 1
56 32 -1
56 91 3
56 0 8
56 94 -7
56 38 -4
56 6 -1
56 58 5
56 80 0
56 42 5
56 55 7
56 8 -7
56 96 -9
56 59 -1
56 64 4
56 34 -1
56 4 7
56 19 9
56 78 -1
56 63 -7
56 92 1
56 29 5
56 86 -8
56 95 -7
56 51 -4
56 14 -8
56 81 -6
56 61 -9
56 72 -5
56 39 -6
56 60 -3
56 2 -7
56 75 -7
56 33 -6
56 57 -9
56 23 -5
56 31 -1
56 10 -7
56 1 4
56 54 -7
56 48 7
56 15 -9
56 79 7
56 47 -7
56 69 -5
56 77 0
56 74 -4
56 3 4
56 76 -1
56 84 1
56 25 -8
56 85 0
56 45 -7
56 71 1
56 11 5
56 49 0
56 52 4
56 27 -8
56 82 4
56 43 -5
56 20 -5
56 40 0
56 90 6
56 21 -5
56 7 -7
56 50 -9
56 41 7
56 44 4
56 88 -7
57 25 -1
57 69 8
57 0 -9
57 10 2
57 5 -9
57 84 7
57 79 9
57 75 8
57 56 -1
57 34 0
57 36 -4
57 43 -4
57 33 1
57 47 6
57 38 -8
57 87 1
57 54 8
57 83 -2
57 15 8
57 41 0
57 51 5
57 31 6
57 22 -2
57 96 -5
57 78 -9
57 29 -3
57 1 -1
57 65 -4
57 58 7
57 81 9
57 92 4
57 73 -1
57 13 -4
57 44 9
57 76 -1
57 72 4
57 82 9
57 89 7
57 35 -9
57 37 -3
57 64 1
57 32 -8
57 71 -1
57 70 1
57 4 8
57 17 5
57 63 5
57 46 2
57 27 5
57 97 4
57 66 1
57 21 -6
57 61 -3
57 55 -4
57 52 2
57 16 -5
57 39 -6
57 68 0
57 74 -6
57 12 5
57 26 -4
57 59 8
57 50 -8
57 18 -4
57 80 9
57 30 -3
57 67 -3
57 6 8
57 40 -7
57 94 -9
57 48 -3
57 45 -2
57 23 0
57 9 -8
57 49 4
57 60 9
58 68 -6
58 44 6
58 84 9
58 47 -3
58 18 -1
58 27 -3
58 25 7
58 43 6
58 41 -5
58 30 -5
58 49 8
58 81 -8
58 66 -6
58 29 -5
58 94 6
58 22 -7
58 63 -5
58 71 -2
58 6 9
58 9 8
58 36 -3
58 64 1
58 93 6
58 31 8
58 60 -1
58 89 -5
58 34 0
58 65 2
58 79 -5
58 16 9
58 80 -2
58 97 -8
58 85 4
58 1 4
58 91 -2
58 7 -7
58 87 1
58 42 -8
58 23 -7
58 86 1
58 14 -5
58 45 0
58 90 3
58 69 -1
58 26 7
58 96 -3
58 0 -6
58 70 2
58 51 1
58 8 -8
58 82 -5
58 4 -7
58 50 -8
58 53 -7
58 12 -9
58 59 -5
58 62 1
58 95 -1
58 76 -3
58 37 1
58 35 2
58 33 1
58 40 -3
58 20 -9
58 19 1
58 24 1
58 88 6
58 10 -7
58 28 9
58 83 0
58 55 9
58 39 7
58 17 -4
58 78 -7
58 77 -4
58 38 2
58 57 7
58 61 -2
58 52 -7
58 54 -1
58 5 8
58 92 3
58 3 5
58 13 5
58 67 -7
58 2 5
58 72 -4
58 74 5
58 15 -2
58 73 2
58 11 -2
58 75 -4
58 21 4
58 48 5
58 46 2
58 32 4
58 56 2
59 28 6
59 80 1
59 16 5
59 88 -6
59 15 8
59 21 6
59 55 -4
59 81 1
59 52 4
59 93 -5
59 65 -1
59 60 6
59 46 5
59 25 2
59 11 -9
59 74 -9
59 53 3
59 19 -5
59 64 -9
59 77 -8
59 96 5
59 7 -2
59 24 -4
59 69 1
59 32 9
59 66 -9
59 95 2
59 33 -8
59 6 -9
59 45 2
59 41 4
59 49 -4
59 30 -9
59 72 -1
59 43 4
59 5 -4
59 0 -5
59 47 7
59 44 -8
59 38 5
59 36 4
59 97 0
59 73 7
59 62 6
59 1 -5
59 27 -8
59 57 -2
59 56 8
59 90 -9
59 87 8
59 18 5
59 79 -5
59 31 -6
59 70 6
59 82 7
59 61 -8
59 71 7
59 29 4
59 58 9
59 34 -7
59 68 4
59 13 -9
59 40 -3
59 14 2
59 20 0
59 3 -1
59 42 -1
59 84 9
59 54 -9
59 67 -1
59 10 2
59 86 1
59 63 -3
59 48 0
59 89 -2
60 93 -6
60 32 1
60 97 2
60 95 6
60 22 0
61 81 0
61 32 0
62 32 2
62 46 4
62 21 -6
62 50 3
63 84 8
63 23 -7
63 22 -3
63 27 -3
63 17 4
63 6 6
63 5 -7
63 86 -5
63 45 -4
63 73 0
63 65 -5
63 25 4
63 51 1
63 19 7
63 59 -5
63 91 6
63 67 -3
63 54 -2
63 28 -3
63 50 2
63 88 2
63 69 7
63 74 -5
63 42 -8
63 85 0
63 11 2
63 97 -3
63 15 -3
63 35 -6
63 32 6
63 53 3
63 44 -8
63 21 5
63 92 4
63 80 3
63 26 6
63 83 8
63 79 2
63 1 -3
63 60 2
63 66 0
63 2 7
63 94 3
63 48 -8
63 55 -1
63 38 9
63 33 8
63 34 2
63 87 3
63 29 -1
63 10 1
63 4 -6
63 49 0
63 43 4
63 39 1
63 7 -2
63 13 -8
63 40 5
63 9 -5
63 75 -3
63 89 6
63 64 8
63 56 2
63 62 -6
63 76 -4
63 93 3
63 14 3
63 24 -3
63 12 8
63 20 -6
63 78 5
63 18 -9
63 36 6
63 72 -7
63 77 9
63 30 -5
63 31 4
63 46 5
63 3 -4
63 47 9
63 8 -8
63 52 -1
63 68 -8
63 41 -2
63 37 -3
63 81 6
64 13 0
64 35 -5
64 19 5
64 80 8
64 28 8
64 16 -1
64 75 -1
64 50 -6
64 77 -1
64 24 3
64 95 -1
64 71 -5
64 21 7
64 41 -3
64 69 -9
64 8 -4
64 54 4
64 20 8
64 7 -6
64 86 3
64 40 8
64 89 1
64 45 7
64 0 3
64 74 -7
64 56 -4
64 2 -9
64 53 -8
64 88 -7
64 26 1
64 39 8
64 23 1
64 25 -3
64 42 -3
64 91 0
64 67 -1
64 22 5
64 6 -9
64 81 -5
64 84 6
64 52 -6
64 4 4
64 57 6
64 11 7
64 63 9
64 61 -1
64 1 -6
64 27 -9
64 30 6
64 72 -5
64 37 7
64 62 -1
64 9 -1
64 68 3
64 83 5
64 55 -7
64 96 -5
64 34 0
64 12 -6
64 59 -3
64 43 -7
64 46 -3
64 14 -2
64 78 -9
64 79 -7
64 73 8
64 32 0
64 58 9
64 47 -1
64 51 1
64 5 8
65 35 5
65 40 -8
65 95 9
65 81 0
65 0 -1
65 91 9
65 96 3
65 93 -5
66 83 -2
66 1 5
66 27 -2
66 4 6
66 86 3
66 91 5
66 0 -3
66 37 -8
66 81 0
66 19 -1
66 56 -1
66 53 6
67 13 -9
67 95 -6
67 65 -3
67 80 3
67 14 7
67 23 -1
67 86 5
67 33 5
67 68 1
67 55 6
67 44 -6
67 1 9
67 61 1
67 3 -4
67 50 8
67 52 8
67 79 0
67 15 -2
67 28 2
67 77 -9
67 31 -1
67 11 5
67 19 -1
67 34 -2
67 2 -1
67 74 -3
68 77 2
68 65 -7
68 86 -3
68 39 -2
68 18 9
68 16 -4
68 23 -1
68 24 6
68 74 -1
68 41 6
68 3 8
68 1 -4
68 26 -9
68 19 0
68 10 -3
69 52 3
69 15 5
69 30 6
69 49 -9
69 78 8
69 83 -4
69 20 -4
69 95 -3
69 35 -5
69 82 -3
69 23 8
69 34 -6
69 16 -8
69 46 -2
69 65 -2
69 8 5
69 84 9
69 89 -9
69 40 6
69 37 7
70 57 -7
70 43 -3
70 20 8
70 39 -6
70 42 9
70 44 9
70 46 8
70 18 -2
70 76 -1
70 86 -9
70 48 -9
70 7 8
70 17 -4
70 31 -9
70 29 8
70 37 8
70 1 3
70 92 -3
70 24 3
70 69 3
70 8 -7
70 26 0
70 88 1
70 56 -7
70 49 -4
70 40 -3
70 81 -8
70 21 6
70 47 -8
70 34 -3
70 9 -8
70 33 -1
70 54 1
70 28 -4
70 90 -9
70 95 0
70 87 -4
70 61 -1
70 38 7
70 15 3
70 36 -1
70 67 -4
70 11 3
70 72 5
70 89 1
70 82 -8
70 16 -9
70 85 4
70 55 4
70 52 6
70 63 -2
70 78 -1
70 12 0
70 60 5
70 79 -3
70 50 -4
70 30 3
70 3 8
70 2 1
70 68 -5
70 0 -4
70 6 -3
70 10 -3
70 93 9
70 75 5
70 77 -4
70 84 -4
70 71 8
70 19 -4
70 97 8
70 5 1
70 64 4
70 65 7
70 14 8
70 59 1
70 62 7
70 4 9
70 94 -3
70 27 4
70 45 5
70 35 -8
70 96 -1
70 80 -3
70 22 -4
70 91 9
70 32 -6
70 41 -4
70 73 -5
70 83 1
70 66 0
71 2 0
71 33 2
71 43 1
71 12 -1
71 78 -8
71 88 4
71 54 -2
71 14 2
71 94 5
71 20 -7
71 64 4
71 62 -5
71 77 -3
71 45 5
71 67 8
71 66 3
71 16 1
71 41 -9
71 61 0
71 75 -3
71 34 4
71 30 -2
71 81 -9
71 0 -8
71 46 -8
71 90 5
71 92 4
71 24 -2
71 3 2
71 21 5
71 40 -6
71 55 -5
71 7 3
71 56 8
72 45 -6
72 36 -4
72 50 7
72 43 -9
72 87 9
72 38 -1
72 67 -3
72 42 6
72 53 2
72 66 -2
72 83 -5
72 79 4
72 94 1
72 55 -2
72 90 -3
72 62 -6
72 7 7
72 95 -5
72 14 -2
72 28 0
72 10 -9
72 64 5
72 26 -7
72 57 5
72 41 -5
72 82 1
72 18 6
72 70 2
72 49 5
72 54 5
72 91 -6
72 65 -5
72 11 -5
73 68 9
73 80 8
73 6 -4
73 45 2
73 71 -9
73 14 -3
73 20 8
73 65 4
73 44 4
73 83 -4
73 35 0
73 18 7
73 78 7
73 79 0
73 85 -6
73 67 -3
73 82 -1
73 48 8
73 69 -4
73 76 -6
73 37 -9
73 30 1
73 39 -6
73 27 9
73 54 8
73 91 -8
73 33 1
73 97 7
73 72 -7
73 24 0
73 32 9
73 55 0
73 86 -4
73 25 -8
73 94 9
73 9 6
73 28 0
73 4 -2
73 61 9
73 1 -5
73 19 -2
73 29 2
73 84 7
73 66 6
73 92 6
73 7 -5
73 89 3
73 81 -6
73 17 -7
73 51 -9
73 87 -4
73 56 3
74 50 -1
74 20 2
74 57 -5
74 40 6
74 18 -4
74 64 -4
74 97 6
74 38 4
74 42 3
74 11 4
74 23 5
74 39 9
74 19 -5
74 8 2
74 71 -5
74 60 6
74 68 9
74 47 -5
74 56 1
74 77 -8
74 63 7
74 30 7
74 22 6
74 9 3
74 65 -1
74 89 7
74 31 9
74 95 -4
74 52 4
74 61 5
74 87 4
74 14 2
74 70 8
74 96 4
74 66 -6
74 46 -8
74 0 -6
74 5 4
74 17 4
74 4 -4
74 90 -4
74 94 -7
74 83 -6
74 21 7
74 10 3
74 36 5
75 38 6
75 8 9
75 43 1
75 88 6
75 27 0
75 61 -7
75 7 8
75 0 6
75 97 -7
75 74 -5
75 69 4
75 41 -2
75 62 -3
75 94 -1
75 1 1
75 63 9
75 32 4
75 73 -4
75 4 -3
75 80 -7
75 65 -6
75 15 0
75 24 -9
75 47 0
75 34 -6
75 46 6
75 58 6
75 91 -2
75 56 5
75 40 -6
75 5 0
75 77 2
75 78 0
75 25 1
75 11 -3
75 95 0
75 90 -4
75 31 -4
75 20 4
75 64 -6
75 57 -1
75 18 1
75 2 -9
75 45 5
75 89 -9
75 37 -9
75 60 8
75 49 9
75 21 -5
75 55 4
75 39 7
75 12 -6
76 71 0
76 3 2
76 13 8
76 83 4
76 46 8
76 70 3
76 6 6
76 18 -3
76 51 9
76 63 -1
76 17 -8
76 40 2
76 45 -7
76 0 0
76 41 9
76 22 7
76 91 -1
76 49 -5
76 21 6
76 1 8
76 39 4
76 61 -6
76 32 -8
76 87 2
76 94 4
76 58 6
76 67 7
76 93 4
76 88 9
76 35 9
76 53 4
76 43 3
76 82 6
76 95 -5
76 92 -2
76 5 -5
76 15 -1
76 77 -3
76 60 2
76 44 -4
76 34 -6
76 11 1
76 89 7
76 69 3
76 8 8
76 37 9
76 97 -5
76 80 2
76 36 4
76 20 -2
76 31 -1
76 26 1
76 64 -6
76 16 7
76 28 -3
76 30 -3
76 56 1
76 23 -4
76 38 -8
76 59 0
76 10 0
76 50 3
76 2 -8
76 55 8
76 9 -4
76 84 3
76 27 2
76 24 -5
76 78 3
76 57 -7
76 85 6
76 68 6
76 4 5
76 90 6
76 81 7
76 62 -9
76 66 7
76 86 -7
76 7 -7
76 42 5
76 73 -5
76 19 1
76 14 8
76 33 0
76 65 -1
77 80 -6
77 50 9
77 67 -7
77 94 -2
77 84 2
77 57 6
77 22 5
77 25 8
77 49 5
77 90 -3
77 73 8
77 62 -3
77 34 -4
77 37 -1
77 47 3
77 33 1
77 85 2
77 81 -7
77 42 -6
77 70 -6
77 43 -1
77 4 -6
77 35 5
77 3 2
77 28 5
77 17 1
77 92 6
77 72 2
77 40 2
77 96 1
77 75 3
77 74 9
77 41 -6
77 48 -6
77 64 6
77 87 5
77 66 -7
77 7 -5
77 97 6
77 26 3
77 20 -4
77 15 7
77 13 -7
77 5 -8
77 12 8
77 2 -6
77 71 -8
77 30 8
77 6 5
77 95 2
77 24 -5
77 11 8
77 52 6
77 58 3
77 21 5
77 8 3
77 51 -3
77 91 -2
77 27 4
77 45 -3
77 82 -6
77 93 -8
78 13 -2
78 5 1
78 14 7
78 65 -5
78 10 7
78 3 7
78 21 -6
78 45 9
78 74 -8
78 2 3
78 89 -3
78 36 -6
78 56 -3
78 76 1
78 50 2
78 44 -9
78 35 -4
78 92 8
78 80 -4
78 22 9
78 81 -4
78 8 0
78 41 7
78 91 3
78 30 -6
78 61 3
78 54 -3
78 71 2
78 75 -6
78 4 6
78 79 -8
78 25 4
78 82 -7
78 17 -4
78 37 -1
78 12 -9
78 83 8
78 18 -1
78 68 3
78 11 7
78 34 6
78 66 -3
78 1 -3
78 70 4
78 48 1
78 43 -8
78 26 -1
78 46 5
78 6 -2
78 67 9
78 29 9
78 16 8
78 7 5
78 58 -6
78 38 0
78 69 2
78 40 7
78 88 6
78 0 -6
78 28 9
78 47 -3
78 95 -6
78 39 -4
78 72 -6
78 94 1
78 85 9
78 60 6
78 73 -7
78 20 -3
78 59 -1
78 86 5
78 42 0
78 23 5
79 38 -6
79 18 9
79 6 7
79 50 6
79 71 7
79 3 9
79 65 2
79 43 -4
79 88 6
79 95 -7
79 15 -3
79 68 3
79 45 6
79 46 7
79 2 -9
79 25 5
79 96 -6
79 32 -9
79 86 9
79 39 -6
79 73 -2
79 76 -8
79 55 0
79 89 -3
79 10 3
79 24 -2
79 13 -2
79 87 -9
79 12 -2
79 57 2
79 7 -3
79 37 5
79 11 -6
79 91 1
79 63 4
79 48 -7
79 33 7
79 30 -6
79 35 -4
79 83 9
79 49 -2
79 47 -1
79 97 1
79 58 1
79 23 3
79 21 -7
79 14 -1
79 62 -7
79 1 1
79 26 3
79 80 0
79 64 -2
79 84 1
79 82 -8
79 29 -8
79 51 8
79 17 1
79 74 3
79 78 -8
79 41 9
79 28 -1
79 94 9
79 0 -6
79 27 6
79 52 9
79 90 1
79 92 -3
79 8 9
79 5 9
79 4 -2
79 16 -7
79 77 2
79 20 4
80 28 3
81 70 0
81 9 2
81 23 4
81 16 7
81 69 2
81 17 2
82 71 -5
82 34 -9
82 28 3
82 73 0
82 25 6
82 6 -7
82 33 6
82 1 5
82 60 5
82 5 -9
82 15 0
82 61 3
82 38 -9
82 80 -1
82 65 -8
82 74 -8
82 3 -3
82 36 1
82 87 6
82 86 -1
82 72 8
82 26 6
82 94 8
82 68 0
82 8 -8
82 81 -5
83 63 1
83 26 1
83 68 2
83 87 6
84 52 -8
84 57 3
84 48 -1
84 31 3
84 51 -8
84 11 -8
84 54 -2
84 17 -5
84 66 -7
84 8 3
84 14 -1
84 81 0
84 43 -2
84 46 -9
84 34 2
84 92 8
84 61 -2
84 60 -9
84 72 -4
84 24 -3
84 88 -3
84 69 -4
84 28 0
84 40 -4
84 13 9
84 37 9
84 85 -9
84 32 -4
84 67 -7
84 29 7
84 22 -8
84 5 -1
84 7 2
84 71 -4
84 10 5
84 9 8
84 12 4
84 87 1
84 65 -3
84 20 -4
84 3 9
84 75 6
84 89 -2
84 4 -6
84 26 -7
84 62 -3
84 68 7
84 23 3
84 64 7
84 59 -7
84 42 -8
84 49 -8
84 90 -7
84 56 -8
84 86 4
84 41 -7
84 91 -8
84 96 -2
84 93 -3
85 91 -1
85 52 -3
85 60 -5
85 18 1
85 42 -5
85 38 -8
85 14 7
85 78 -5
85 37 -9
85 46 -5
85 61 3
85 62 -4
85 0 0
85 94 2
85 24 5
85 49 -1
85 48 0
85 57 0
85 93 8
85 56 -2
85 83 4
85 26 -2
85 65 -9
85 21 9
85 16 3
85 77 -5
85 40 -8
85 11 -8
85 89 8
85 12 -7
85 5 -7
85 69 -1
85 4 7
85 30 5
85 95 8
85 19 0
85 36 2
85 81 -4
85 63 6
85 34 7
85 41 6
85 74 -6
85 3 -5
85 51 -1
85 35 5
85 90 0
87 23 -8
87 26 -2
87 27 -3
87 34 3
87 82 8
87 90 -3
87 19 7
87 2 2
87 51 7
87 77 6
87 10 2
87 73 -7
88 22 3
88 74 -9
88 97 0
88 16 -5
88 20 7
88 69 9
88 47 7
88 15 -7
88 30 -9
88 51 -4
88 0 1
88 36 6
88 27 -9
88 54 -2
88 59 2
88 28 -5
88 23 5
88 49 -2
88 9 -2
88 26 -1
88 84 -2
88 92 5
88 18 -6
88 43 -2
88 19 -7
88 85 -6
88 12 8
88 17 4
88 55 9
88 89 9
88 53 -5
88 77 -3
88 63 -5
88 32 9
88 78 5
88 90 3
88 82 -3
88 24 -5
88 80 3
88 75 -1
88 76 -1
88 10 0
88 66 -6
88 6 -6
88 81 -9
88 29 -7
88 41 9
88 45 -3
88 61 0
88 58 -9
88 70 -6
88 83 7
88 40 -2
88 52 0
88 65 -6
88 48 1
88 60 -6
88 38 -1
88 21 -8
88 56 1
88 11 -6
88 37 0
88 68 0
88 93 6
88 5 6
88 34 9
88 4 6
88 42 7
88 46 0
88 50 5
88 13 -1
88 73 -9
88 94 -6
88 91 2
89 62 -3
89 6 -3
89 15 -5
89 31 0
89 10 -6
89 17 7
89 19 -4
89 29 -9
89 74 5
89 27 -2
89 70 -9
89 67 7
89 75 -6
89 46 -6
89 71 6
89 61 -3
89 50 8
89 38 -3
89 33 -5
89 26 -6
89 56 1
89 59 9
89 44 2
89 91 -8
90 63 -8
90 54 2
90 92 5
90 66 1
90 61 -2
90 47 0
90 59 5
90 60 -8
90 9 2
90 85 2
90 74 -7
90 53 7
90 81 -6
90 67 -9
90 45 4
90 8 -7
90 80 -1
90 40 -3
90 33 -3
90 56 5
90 39 0
90 55 -9
90 57 -6
90 29 -8
90 41 -9
90 82 9
90 84 4
90 79 7
90 26 -3
90 27 2
90 91 8
91 5 3
91 20 6
91 54 -1
91 13 -3
91 82 8
91 69 2
91 8 1
91 4 3
91 9 -4
91 48 -9
91 47 5
91 74 0
91 26 -9
91 78 3
91 85 1
91 40 9
91 19 -9
91 21 9
91 1 -5
91 88 5
91 86 3
91 92 -2
91 42 0
91 29 -7
91 25 8
92 55 8
92 16 -1
92 45 5
92 81 9
92 72 -7
92 60 -6
92 19 -9
92 6 -5
92 34 -3
92 86 -7
92 75 1
92 33 -4
92 42 -6
92 88 -1
92 85 -4
92 87 -5
92 8 7
92 26 -3
92 32 8
93 49 -8
93 18 7
93 65 -3
93 83 6
93 7 -2
93 14 -4
93 57 7
93 30 -4
93 79 -2
93 12 6
93 29 -6
93 21 7
93 68 8
93 72 3
93 84 -6
93 45 -8
93 28 2
93 10 -6
93 96 -2
93 64 3
93 38 1
93 46 0
93 20 -6
93 91 3
93 60 -9
93 53 1
93 50 4
93 70 3
93 77 2
93 27 -3
93 58 0
93 32 2
93 89 -4
93 33 -4
93 5 -8
93 48 -2
93 47 -3
93 56 -1
93 22 1
93 11 -1
93 44 -7
93 59 -4
93 85 -4
94 20 2
94 72 0
94 23 -7
94 77 -5
94 84 2
94 45 6
94 24 0
94 16 3
94 88 9
94 12 -9
94 17 -2
94 67 9
94 13 -9
95 45 2
95 87 3
95 73 6
95 41 -2
95 38 5
95 56 -6
95 75 -5
95 19 8
95 74 7
95 34 5
95 86 -2
95 44 -6
95 96 2
95 14 -7
95 92 -5
95 62 9
95 31 2
95 97 -6
95 90 1
95 85 0
95 80 4
95 21 -4
95 17 -7
95 26 -6
95 35 -4
95 57 4
95 91 3
96 46 6
96 67 -1
96 64 1
96 27 8
96 90 2
96 26 -6
96 70 6
96 7 -6
96 86 5
96 17 4
96 48 -1
96 77 3
96 31 0
96 95 -7
96 0 1
96 83 -2
96 94 3
96 92 -4
96 2 -2
96 73 -9
97 36 -9
97 76 5
97 92 1
97 38 -9
97 40 -6
97 79 -2
97 42 2
97 28 -8
97 55 -2
97 27 5
97 47 -2
97 69 -3
97 96 -2
97 65 -3
97 80 2
97 41 -6
97 24 -1
97 6 -8
97 66 -3
97 91 4
97 29 -4
97 5 0
97 33 1
97 10 8
97 3 -6
97 49 -1
97 11 0
97 20 8
97 61 -4
97 15 -4
97 63 3
97 17 -4
97 77 -9
97 35 -3
