12
false
0 7 8304
0 1 8309
0 3 8313
1 7 8321
1 2 8329
1 4 8329
1 8 8329
1 0 8337
1 11 8341
1 4 8348
1 2 8353
1 11 8357
1 10 8357
1 3 8357
1 8 8358
1 7 8363
2 11 8364
2 0 8368
2 8 8375
2 7 8381
2 10 8387
2 11 8390
3 9 8394
3 10 8395
4 6 8399
4 2 8406
4 0 8407
4 1 8409
4 8 8415
4 9 8423
4 11 8429
4 6 8438
4 10 8439
4 1 8444
4 0 8447
4 9 8455
4 2 8460
4 7 8462
5 3 8465
5 2 8470
6 2 8472
6 9 8478
6 8 8479
6 0 8480
6 11 8485
6 4 8493
6 1 8497
6 5 8505
6 2 8507
6 8 8516
6 11 8525
7 11 8530
7 1 8537
7 2 8545
7 10 8549
7 11 8550
7 8 8555
7 1 8556
8 11 8558
8 7 8558
8 10 8563
8 1 8572
8 5 8578
8 4 8578
8 6 8578
8 7 8581
8 3 8581
8 10 8588
8 2 8594
8 9 8599
8 4 8606
9 3 8612
9 4 8616
9 10 8624
10 1 8627
10 4 8632
10 5 8640
10 0 8645
10 11 8648
10 7 8654
10 6 8658
10 1 8659
10 0 8665
10 4 8666
10 2 8673
10 6 8682
10 9 8688
10 5 8688
11 5 8694
11 10 8696
11 3 8696
11 8 8703
11 6 8710
11 2 8715
11 10 8723
11 8 8730
11 6 8733
11 4 8736
11 7 8740
11 1 8740
