22
false
0 8 49368
0 17 49374
0 4 49374
0 21 49381
0 6 49384
0 20 49386
0 11 49391
0 10 49396
0 9 49398
0 3 49403
0 12 49411
0 11 49420
0 5 49423
0 18 49425
1 6 49431
1 3 49436
1 16 49444
1 8 49444
1 20 49451
1 18 49453
1 4 49458
2 6 49464
2 19 49468
2 18 49477
2 11 49478
2 0 49483
2 3 49489
2 10 49490
2 13 49498
2 15 49504
3 9 49510
3 0 49517
3 17 49519
3 4 49528
3 2 49531
3 7 49531
3 8 49539
3 18 49548
3 1 49552
3 11 49559
3 16 49568
3 1 49569
3 15 49577
3 13 49579
3 0 49580
3 10 49584
3 6 49593
3 17 49602
3 2 49609
4 20 49617
4 7 49620
5 0 49623
5 16 49627
5 4 49628
5 1 49635
5 14 49636
5 21 49644
5 3 49645
5 17 49653
5 9 49659
5 18 49664
5 12 49667
5 14 49670
5 11 49673
5 15 49679
5 4 49681
5 0 49689
5 16 49693
5 6 49693
5 13 49694
5 21 49694
5 10 49694
8 12 49699
8 21 49704
8 0 49710
8 6 49716
8 4 49721
8 11 49730
8 15 49731
8 7 49735
8 1 49737
8 19 49739
8 17 49746
8 6 49753
8 2 49757
8 21 49763
8 10 49767
8 1 49768
8 18 49770
8 11 49777
8 13 49785
8 16 49787
8 5 49792
8 12 49798
9 14 49798
9 6 49798
9 0 49806
9 21 49808
9 13 49817
9 15 49822
9 18 49825
9 7 49827
9 12 49827
9 20 49827
9 18 49828
9 11 49837
9 19 49844
9 3 49852
9 6 49855
9 0 49859
10 0 49860
10 13 49863
10 15 49871
10 19 49877
10 21 49881
10 9 49886
10 2 49887
10 11 49889
10 8 49891
10 12 49891
10 20 49897
10 7 49904
10 14 49906
10 6 49913
10 20 49913
10 15 49913
10 1 49915
10 8 49924
10 13 49930
10 3 49936
10 21 49937
10 16 49942
10 7 49947
10 5 49956
10 17 49962
11 18 49968
11 15 49977
11 14 49983
11 19 49985
11 19 49994
11 7 49999
11 12 50001
11 8 50005
11 14 50009
12 9 50012
12 10 50018
12 14 50026
12 11 50027
12 4 50029
12 15 50031
12 17 50037
12 20 50045
12 3 50048
12 2 50051
12 18 50051
12 21 50059
12 14 50059
12 10 50060
12 4 50068
12 21 50073
12 0 50082
12 11 50089
12 2 50098
12 19 50104
12 1 50107
12 7 50114
12 20 50114
13 17 50122
13 2 50126
13 4 50130
13 19 50132
13 16 50133
13 6 50135
13 12 50140
13 14 50148
13 7 50150
13 0 50155
13 12 50155
13 11 50161
13 18 50166
13 0 50169
13 1 50169
13 9 50170
13 4 50177
13 20 50180
13 21 50187
13 8 50190
13 15 50197
14 7 50199
14 6 50208
14 9 50214
14 16 50219
14 17 50220
14 18 50223
14 13 50224
14 0 50226
14 19 50229
14 21 50231
14 5 50238
14 1 50241
14 8 50242
14 2 50249
14 0 50254
14 16 50260
14 20 50269
14 5 50273
14 13 50276
14 4 50284
14 6 50289
14 10 50294
14 21 50297
14 8 50301
14 18 50309
15 18 50315
15 20 50320
15 9 50325
15 3 50331
15 2 50336
15 5 50342
15 4 50346
15 12 50353
15 19 50360
15 8 50363
15 7 50368
15 3 50377
15 5 50378
15 13 50381
15 10 50383
15 4 50384
15 2 50389
16 7 50393
16 13 50395
16 1 50396
16 10 50400
16 3 50406
16 19 50411
16 13 50420
16 11 50425
16 20 50433
16 17 50437
16 8 50440
16 7 50449
16 2 50458
17 7 50467
17 13 50469
17 3 50473
17 21 50477
17 5 50483
17 18 50487
17 16 50495
17 4 50500
17 11 50508
17 13 50510
17 1 50516
17 10 50519
17 14 50520
18 21 50525
18 16 50530
18 20 50530
18 1 50538
18 6 50542
18 14 50547
18 19 50551
18 8 50560
18 6 50569
18 3 50571
18 15 50572
18 20 50581
18 10 50583
18 17 50588
18 11 50590
18 13 50594
18 8 50595
18 4 50597
19 4 50599
19 1 50607
19 11 50614
20 4 50619
21 8 50628
21 19 50635
21 12 50643
21 13 50645
