26
false
0 8 85402
0 25 85408
0 18 85408
0 13 85415
0 22 85418
0 2 85420
0 6 85425
0 15 85427
0 20 85434
0 17 85435
0 9 85444
0 19 85451
0 4 85453
0 14 85461
0 12 85464
0 13 85466
0 8 85469
0 20 85477
0 2 85481
0 21 85489
0 10 85489
0 25 85498
0 23 85502
0 14 85511
0 5 85512
0 6 85517
0 22 85518
0 19 85526
0 17 85532
0 11 85535
1 16 85542
1 15 85544
1 24 85547
1 8 85549
1 18 85555
1 17 85555
1 25 85556
1 11 85560
1 19 85569
1 21 85573
1 3 85578
1 7 85586
1 6 85591
1 16 85592
1 2 85596
1 18 85605
1 25 85614
1 11 85623
1 20 85629
1 7 85638
1 6 85646
1 19 85648
1 8 85652
1 10 85653
1 13 85660
1 12 85666
1 4 85675
2 12 85677
2 15 85678
2 21 85686
2 11 85689
2 10 85689
2 5 85693
2 3 85701
2 25 85705
2 19 85708
2 12 85708
2 18 85716
2 0 85720
2 4 85728
2 14 85728
2 10 85731
2 8 85734
2 7 85741
2 1 85741
2 13 85747
2 16 85751
2 24 85757
3 13 85760
3 7 85764
3 16 85766
3 22 85767
3 23 85774
3 1 85779
3 21 85786
3 6 85791
3 2 85798
3 9 85800
3 11 85804
3 20 85810
3 12 85813
3 19 85813
3 0 85818
3 20 85820
3 15 85829
3 10 85835
3 9 85841
3 24 85849
3 12 85853
3 17 85855
3 1 85864
3 8 85873
3 22 85876
3 21 85883
3 0 85889
3 16 85889
3 18 85890
3 13 85899
3 6 85906
4 16 85909
4 18 85913
4 5 85913
4 15 85919
4 13 85922
4 3 85931
5 6 85936
5 15 85940
5 13 85945
5 12 85946
5 1 85948
5 20 85952
5 8 85959
5 22 85959
5 9 85968
5 4 85974
5 19 85978
5 2 85980
5 14 85980
5 21 85980
5 19 85982
5 23 85986
5 16 85995
5 13 86001
5 15 86007
5 25 86008
5 18 86013
5 7 86018
6 11 86021
6 14 86028
6 2 86037
6 9 86040
6 10 86046
6 3 86055
6 17 86055
6 12 86056
6 25 86065
6 1 86070
6 0 86072
6 16 86076
6 7 86085
6 15 86085
6 20 86087
6 13 86088
6 22 86093
6 24 86100
6 17 86108
6 11 86114
6 18 86122
6 4 86123
6 3 86129
6 23 86133
6 24 86136
6 2 86139
6 10 86145
6 15 86153
6 12 86154
6 19 86156
6 22 86162
6 16 86171
6 1 86177
6 14 86181
6 13 86184
6 0 86189
7 20 86196
7 21 86204
7 10 86210
7 8 86217
7 5 86223
7 11 86225
7 22 86226
7 14 86228
7 24 86233
7 16 86241
7 4 86243
7 21 86250
7 10 86250
7 17 86256
7 20 86261
7 16 86264
7 1 86265
7 18 86272
7 8 86275
7 2 86283
7 11 86291
8 11 86296
8 25 86304
8 17 86305
8 10 86311
8 5 86318
8 20 86324
8 7 86330
8 9 86331
8 6 86339
9 3 86347
9 0 86354
9 2 86361
9 24 86368
9 13 86375
9 1 86378
9 16 86384
9 15 86386
9 21 86394
9 22 86399
9 20 86405
9 2 86414
9 18 86422
9 3 86426
9 7 86429
9 4 86437
9 10 86442
10 24 86447
10 19 86450
10 0 86454
10 4 86460
10 21 86462
10 18 86462
10 6 86470
10 2 86474
10 14 86474
10 23 86479
10 1 86488
10 5 86495
10 20 86497
10 12 86505
10 13 86506
10 1 86506
10 17 86508
10 21 86517
10 19 86518
10 3 86520
11 20 86524
11 21 86533
11 1 86535
11 17 86544
11 5 86548
11 7 86550
11 15 86551
11 22 86555
11 25 86561
11 24 86567
11 23 86572
11 0 86581
11 18 86581
11 13 86590
11 3 86595
11 19 86598
11 12 86601
11 4 86610
11 24 86619
11 25 86624
11 20 86630
11 16 86631
11 7 86636
11 14 86641
11 9 86649
11 13 86651
11 22 86658
11 18 86663
12 14 86668
12 11 86672
12 19 86674
12 4 86677
12 22 86678
12 24 86682
12 18 86687
12 4 86695
12 0 86704
12 10 86713
12 1 86715
12 7 86716
12 11 86722
12 22 86729
12 3 86738
13 10 86744
13 19 86753
13 8 86755
13 0 86755
13 12 86758
13 4 86765
14 19 86773
14 8 86778
14 3 86784
14 25 86791
14 11 86791
14 24 86796
14 22 86801
14 4 86802
14 1 86803
14 0 86810
14 10 86819
14 23 86826
14 21 86832
14 18 86832
14 13 86833
14 11 86842
14 2 86846
14 16 86849
14 5 86855
14 22 86864
14 21 86868
14 1 86876
14 18 86879
14 4 86887
14 12 86894
14 8 86898
14 7 86903
14 20 86905
14 6 86907
14 23 86910
15 2 86914
15 1 86915
15 16 86916
15 6 86924
16 10 86930
16 12 86938
16 7 86939
16 2 86944
16 17 86944
17 0 86951
17 9 86953
17 18 86957
17 14 86966
17 2 86968
17 8 86970
17 4 86976
17 13 86978
17 3 86978
17 16 86986
17 15 86986
17 22 86989
17 4 86998
17 10 87001
17 6 87008
17 8 87016
17 1 87024
17 12 87027
17 16 87032
17 25 87037
17 0 87037
17 3 87045
17 20 87053
18 9 87061
18 16 87068
18 6 87069
18 25 87077
18 20 87080
18 5 87086
18 21 87093
18 0 87100
18 2 87100
18 3 87105
18 10 87106
18 15 87110
18 0 87117
18 6 87121
18 16 87124
18 25 87132
18 4 87136
18 17 87136
18 22 87142
18 3 87147
18 15 87156
18 10 87164
19 21 87166
19 13 87174
19 20 87177
19 0 87185
19 15 87191
19 17 87198
19 8 87207
19 25 87207
19 1 87210
19 10 87213
19 18 87220
19 2 87225
19 9 87234
19 24 87242
19 14 87249
19 17 87251
19 23 87259
19 11 87259
19 3 87263
19 5 87272
19 1 87281
19 2 87285
19 21 87291
19 12 87295
19 8 87297
19 9 87304
19 18 87310
19 14 87311
20 6 87312
20 9 87317
21 16 87323
21 15 87331
21 14 87335
21 10 87338
21 7 87339
21 11 87345
21 9 87351
21 4 87360
21 19 87365
21 6 87368
21 22 87376
21 1 87381
21 24 87381
22 9 87384
22 0 87388
22 5 87391
22 13 87398
22 3 87405
22 17 87409
22 7 87415
22 1 87418
23 11 87419
23 21 87421
23 14 87426
23 18 87429
23 19 87429
23 24 87436
23 13 87442
23 5 87442
23 15 87448
23 2 87450
23 17 87455
23 9 87455
23 20 87455
24 1 87463
24 14 87469
24 2 87474
24 25 87474
24 20 87481
24 13 87481
25 13 87483
25 5 87487
25 11 87487
25 20 87487
25 2 87495
25 21 87497
25 4 87499
25 16 87505
25 17 87509
25 18 87517
25 15 87518
25 9 87521
25 14 87526
25 6 87535
25 12 87543
25 3 87552
25 10 87554
25 7 87555
25 1 87564
25 5 87567
25 2 87574
25 23 87576
25 12 87580
25 24 87586
25 20 87586
25 17 87594
25 9 87597
25 21 87602
25 16 87610
25 13 87613
25 19 87617
25 0 87622
25 6 87626
25 7 87628
25 14 87637
