30
false
0 13 129970
0 6 129976
0 15 129983
0 6 129986
0 22 129986
1 15 129994
1 12 129997
1 2 130004
1 13 130005
1 18 130013
1 29 130020
1 7 130023
1 20 130025
1 24 130033
1 8 130039
1 3 130044
1 22 130052
1 23 130058
1 10 130062
1 17 130070
1 5 130079
1 26 130085
1 4 130094
1 13 130095
1 2 130100
1 23 130106
1 14 130107
1 12 130114
1 18 130121
1 26 130122
1 3 130128
1 17 130133
1 6 130142
1 22 130145
1 29 130145
1 28 130149
1 19 130149
1 21 130154
1 9 130163
1 7 130167
1 25 130168
2 28 130174
2 5 130176
2 16 130177
2 14 130181
2 20 130190
2 17 130199
2 9 130208
2 10 130214
2 27 130223
2 18 130226
2 13 130228
2 3 130229
2 24 130237
2 1 130238
2 0 130244
2 21 130252
2 19 130260
2 22 130262
2 27 130263
2 28 130266
2 23 130272
2 15 130276
2 11 130284
2 18 130287
2 4 130290
2 3 130297
2 26 130297
2 12 130305
3 4 130311
3 8 130315
3 10 130315
3 13 130319
3 23 130320
3 7 130329
3 0 130338
3 16 130342
3 14 130344
3 5 130347
3 26 130349
3 6 130350
3 12 130355
3 27 130364
3 25 130365
3 11 130372
3 4 130377
3 12 130384
3 22 130385
3 7 130387
3 24 130390
3 26 130390
3 16 130394
3 21 130394
3 15 130401
3 23 130409
3 14 130411
3 29 130420
4 6 130429
4 26 130429
4 28 130429
4 24 130437
4 23 130439
4 19 130448
4 20 130457
4 15 130463
4 3 130469
4 27 130476
5 16 130476
5 20 130476
5 14 130477
5 9 130486
5 21 130493
5 0 130500
5 28 130500
5 3 130506
5 27 130506
5 26 130507
5 6 130512
5 23 130516
5 17 130521
5 1 130527
5 15 130529
5 8 130533
5 2 130540
5 24 130540
5 7 130547
5 19 130551
5 16 130560
5 17 130564
5 12 130566
5 22 130566
5 9 130566
5 4 130566
5 27 130572
5 29 130578
5 11 130579
5 26 130584
6 25 130589
6 9 130592
6 27 130600
6 19 130609
6 7 130612
6 12 130618
6 23 130627
6 11 130627
6 26 130628
6 2 130631
6 29 130636
6 28 130638
6 8 130642
6 0 130646
6 13 130646
6 17 130647
6 15 130649
6 27 130656
6 25 130664
6 3 130670
6 20 130678
6 26 130679
6 16 130682
6 4 130682
6 13 130690
6 0 130690
6 21 130698
6 28 130699
6 5 130701
6 9 130710
6 17 130712
6 19 130716
6 8 130720
7 0 130725
7 2 130725
7 28 130732
8 18 130736
8 4 130742
8 24 130749
8 3 130755
8 17 130757
8 6 130758
8 22 130758
8 5 130762
8 12 130764
8 7 130768
8 20 130775
8 26 130775
8 5 130781
8 23 130786
8 0 130795
8 21 130799
8 27 130805
8 13 130811
8 28 130820
8 17 130828
8 3 130837
8 7 130845
8 1 130846
9 6 130855
9 17 130861
9 26 130866
9 23 130867
9 22 130875
9 3 130876
9 18 130878
9 7 130881
9 28 130888
9 12 130895
9 27 130902
9 15 130909
9 21 130911
9 8 130919
9 25 130925
9 18 130934
9 23 130938
9 3 130944
9 8 130950
9 5 130957
9 0 130961
9 25 130968
9 13 130968
9 14 130968
9 16 130971
9 12 130979
9 10 130981
9 6 130981
9 4 130987
9 15 130992
9 29 130998
9 20 131003
10 16 131005
10 4 131013
10 7 131014
10 20 131017
10 22 131020
10 19 131025
10 29 131032
10 11 131041
10 3 131043
10 4 131045
10 24 131046
10 9 131055
10 2 131060
11 14 131067
11 2 131068
11 17 131069
11 24 131072
11 6 131080
11 16 131087
11 25 131090
11 9 131093
11 5 131101
11 18 131110
11 4 131110
11 13 131115
11 23 131117
11 3 131121
11 29 131125
11 15 131134
11 26 131138
11 4 131146
11 24 131151
11 27 131159
11 15 131161
11 6 131168
11 26 131173
11 13 131179
11 25 131188
11 16 131194
11 12 131194
11 18 131195
11 28 131198
11 14 131206
11 10 131215
11 19 131222
11 2 131229
12 6 131231
12 27 131236
12 29 131238
12 9 131242
12 16 131243
12 4 131245
12 0 131247
12 3 131255
12 7 131262
12 18 131270
12 25 131279
12 19 131286
12 22 131291
12 2 131292
12 19 131293
12 8 131300
12 29 131301
12 17 131306
12 24 131307
12 18 131309
12 28 131312
12 9 131318
12 0 131320
12 21 131320
12 14 131324
13 6 131327
13 15 131333
13 10 131342
13 5 131346
13 16 131349
13 28 131349
13 23 131351
13 29 131352
13 8 131352
13 17 131352
13 24 131359
15 10 131366
15 25 131370
15 12 131378
15 22 131385
15 13 131385
15 20 131388
15 26 131392
15 21 131393
15 14 131394
15 24 131402
15 8 131408
15 2 131413
15 21 131413
15 0 131420
15 1 131422
15 26 131426
15 22 131435
15 14 131437
15 2 131445
15 6 131450
15 12 131457
15 20 131459
15 18 131467
15 9 131467
15 28 131471
15 13 131471
16 3 131477
16 27 131477
16 18 131486
16 12 131489
17 18 131494
17 4 131497
17 25 131497
17 0 131506
17 8 131506
17 22 131514
17 10 131515
17 27 131519
17 1 131526
17 28 131530
17 23 131537
17 26 131538
17 7 131543
17 12 131550
17 5 131554
17 1 131559
17 4 131561
17 27 131565
17 24 131573
17 2 131576
17 25 131584
17 9 131584
17 18 131590
17 26 131591
17 15 131596
17 29 131604
17 22 131609
17 8 131617
17 13 131619
17 19 131627
17 3 131634
18 28 131641
18 16 131644
18 23 131649
18 27 131658
18 14 131667
18 19 131667
18 7 131670
18 26 131673
18 2 131679
18 17 131688
18 24 131693
18 29 131702
18 22 131709
18 21 131711
18 15 131719
18 5 131719
18 9 131728
18 13 131737
18 21 131737
18 24 131746
18 15 131752
18 25 131755
18 19 131763
18 14 131772
18 28 131774
18 29 131781
18 16 131787
18 1 131796
18 11 131799
18 5 131805
18 26 131812
18 6 131816
19 23 131823
19 21 131828
19 16 131835
19 6 131844
19 15 131849
19 8 131852
20 28 131859
20 25 131863
20 10 131872
20 27 131875
20 24 131879
20 29 131882
20 13 131889
20 11 131896
20 23 131900
20 15 131906
20 1 131909
20 17 131910
20 2 131916
20 25 131924
20 23 131927
20 5 131927
20 9 131932
20 0 131939
20 21 131945
20 13 131945
20 26 131945
20 2 131948
20 15 131957
20 14 131957
21 6 131963
21 12 131968
21 13 131968
21 0 131975
21 5 131975
21 8 131978
21 2 131985
21 4 131994
21 20 132000
21 10 132006
21 24 132010
21 26 132018
21 9 132022
21 16 132030
21 27 132031
21 11 132038
21 23 132038
21 25 132044
21 19 132052
21 28 132060
21 4 132069
21 9 132071
21 12 132078
21 17 132087
21 7 132090
21 14 132097
21 2 132103
21 24 132103
21 6 132104
21 18 132104
22 28 132109
22 23 132118
22 5 132122
22 1 132125
22 29 132129
22 16 132134
22 4 132139
22 12 132140
22 15 132146
22 19 132147
22 26 132151
22 20 132157
22 24 132157
22 25 132163
22 9 132169
22 21 132172
22 8 132175
22 2 132178
22 1 132186
22 28 132189
22 9 132194
22 11 132194
22 6 132202
22 8 132204
22 10 132208
22 7 132208
22 21 132216
22 17 132216
22 13 132217
22 20 132217
22 3 132219
22 14 132226
22 4 132228
22 2 132232
22 12 132240
22 27 132240
23 8 132241
23 5 132248
23 13 132250
23 22 132257
23 27 132263
23 17 132263
23 2 132267
23 6 132276
23 24 132284
23 28 132293
23 10 132295
23 3 132302
23 4 132302
23 7 132309
23 20 132309
23 16 132316
23 0 132323
23 15 132329
23 9 132332
23 25 132337
23 22 132337
23 7 132341
23 11 132344
23 19 132347
23 26 132348
23 27 132356
23 13 132362
23 28 132362
23 5 132370
23 14 132372
23 12 132373
23 4 132375
23 0 132375
24 4 132375
24 29 132382
24 8 132384
25 5 132386
25 7 132393
25 1 132395
25 2 132404
25 6 132408
25 26 132409
25 9 132411
25 11 132413
25 29 132418
25 24 132427
25 20 132432
25 27 132433
25 28 132436
25 21 132441
25 8 132444
25 14 132449
25 16 132455
25 29 132461
25 4 132466
25 17 132472
25 15 132474
25 9 132481
25 11 132486
25 2 132488
25 20 132489
25 27 132493
25 0 132498
26 0 132505
26 7 132513
26 25 132517
26 1 132517
26 4 132526
26 17 132532
26 9 132537
26 19 132543
26 21 132551
26 3 132552
26 6 132560
26 13 132566
26 15 132567
26 28 132575
26 22 132580
26 12 132583
26 23 132592
26 25 132595
26 5 132598
26 19 132602
26 10 132610
26 0 132611
26 21 132611
26 20 132616
26 4 132624
26 17 132628
26 12 132636
26 22 132637
26 9 132646
26 27 132648
26 2 132656
26 28 132664
26 3 132666
26 13 132668
27 16 132673
27 25 132681
27 2 132682
28 7 132690
28 2 132690
28 8 132696
28 23 132699
28 25 132701
28 12 132710
28 26 132710
28 29 132716
28 13 132720
28 19 132727
28 24 132728
28 21 132728
28 16 132734
28 16 132742
28 7 132750
28 0 132757
28 4 132760
28 22 132761
28 17 132765
28 14 132771
28 29 132773
28 9 132777
28 12 132783
28 20 132789
28 11 132798
28 26 132807
29 26 132812
29 17 132816
29 25 132817
29 11 132826
29 2 132827
29 14 132832
29 27 132832
29 24 132841
29 12 132841
29 1 132841
29 23 132841
29 0 132847
29 9 132853
29 16 132861
29 3 132867
29 20 132871
29 21 132879
29 1 132883
29 20 132883
29 18 132886
29 16 132889
29 0 132898
29 19 132899
29 10 132902
29 21 132907
29 13 132908
29 22 132912
29 9 132912
29 2 132914
29 26 132923
29 3 132925
29 11 132928
29 8 132931
29 6 132937
