32
false
0 10 157876
0 15 157882
0 16 157882
0 21 157889
0 18 157892
0 28 157894
0 30 157899
0 29 157907
0 20 157910
0 4 157917
0 9 157920
0 17 157928
0 19 157935
0 11 157938
0 2 157940
0 7 157945
0 6 157948
0 26 157952
0 13 157960
0 14 157965
0 25 157971
0 29 157975
0 30 157984
0 27 157985
0 4 157990
0 6 157994
0 1 157996
0 23 158004
0 2 158008
0 19 158013
0 28 158019
0 31 158021
0 10 158023
0 22 158027
0 18 158036
0 11 158041
0 24 158050
0 15 158055
0 17 158062
1 8 158067
1 16 158073
1 31 158077
1 0 158077
1 23 158084
1 7 158084
1 25 158093
1 26 158101
1 12 158105
1 5 158113
1 27 158114
1 11 158114
1 4 158115
1 3 158123
1 2 158130
1 19 158131
1 20 158136
1 10 158137
1 30 158145
1 21 158149
1 5 158154
1 27 158161
1 7 158167
1 2 158169
1 26 158177
1 14 158183
1 22 158183
1 12 158186
1 9 158195
1 6 158204
1 16 158204
1 8 158206
1 28 158206
1 23 158211
1 17 158213
1 31 158222
2 25 158229
2 10 158234
2 18 158241
2 16 158242
2 5 158244
2 9 158248
2 20 158251
2 7 158252
2 6 158257
2 19 158260
2 12 158264
2 22 158273
2 11 158278
2 4 158284
2 21 158290
2 28 158294
2 26 158298
2 19 158300
2 31 158309
2 15 158314
2 22 158317
2 12 158324
2 29 158326
2 20 158326
2 10 158327
2 1 158336
2 25 158336
2 27 158345
2 30 158345
2 13 158351
2 8 158354
3 11 158357
3 21 158366
3 8 158375
3 26 158380
3 6 158387
3 28 158388
3 0 158393
3 24 158401
3 22 158403
3 11 158407
4 25 158411
4 8 158420
4 7 158424
4 12 158426
4 3 158428
4 0 158437
4 5 158439
5 30 158439
5 11 158446
5 16 158453
5 25 158459
5 31 158460
5 12 158465
5 28 158470
5 1 158475
5 21 158478
5 22 158485
5 24 158494
5 27 158497
5 0 158500
5 27 158500
5 26 158501
5 20 158504
5 29 158509
5 28 158511
5 16 158515
5 22 158519
5 23 158524
5 1 158527
5 0 158533
5 10 158541
5 31 158547
5 12 158552
6 17 158557
6 14 158560
6 26 158560
6 22 158561
6 27 158567
7 12 158567
7 17 158575
7 8 158575
7 30 158576
7 18 158584
7 1 158589
7 21 158598
7 29 158600
7 14 158609
7 25 158615
7 0 158619
7 13 158622
7 28 158627
7 22 158627
7 3 158635
7 6 158639
7 22 158646
7 18 158652
7 13 158660
7 2 158660
7 29 158664
7 26 158667
7 28 158669
7 25 158676
7 0 158676
7 31 158682
7 30 158685
7 4 158694
7 5 158698
7 9 158704
7 16 158713
7 15 158718
7 27 158726
7 23 158728
8 15 158734
8 14 158739
8 0 158742
8 3 158744
8 6 158747
8 11 158748
8 26 158750
8 9 158753
8 25 158755
8 31 158762
8 23 158767
8 18 158768
8 2 158775
8 0 158783
8 15 158789
8 6 158797
8 9 158805
8 17 158809
8 13 158812
8 22 158820
8 14 158825
9 0 158829
9 28 158835
9 27 158837
9 2 158837
9 14 158845
9 12 158845
9 8 158845
9 21 158850
9 15 158859
9 24 158859
9 29 158866
9 20 158870
9 22 158877
9 7 158884
9 11 158893
9 25 158902
9 3 158903
9 17 158906
9 24 158910
9 21 158919
9 28 158924
9 3 158933
9 10 158940
9 14 158941
9 1 158942
9 16 158946
9 17 158952
9 31 158957
9 27 158962
9 26 158970
9 25 158974
9 2 158977
9 15 158986
9 11 158993
9 5 158996
9 19 159000
10 22 159009
10 15 159018
10 29 159024
10 4 159028
10 23 159029
10 5 159033
10 0 159038
10 26 159043
10 2 159049
10 30 159054
10 6 159057
10 26 159058
10 7 159067
10 18 159072
10 11 159076
10 8 159076
10 15 159084
10 25 159090
11 31 159098
11 9 159102
11 4 159102
11 17 159108
11 13 159115
11 19 159116
11 30 159125
11 20 159127
11 7 159136
11 22 159145
11 26 159151
11 9 159155
11 4 159161
11 12 159163
11 17 159171
11 25 159178
11 27 159186
11 16 159191
11 15 159197
11 13 159204
11 8 159209
12 19 159211
12 7 159220
12 17 159228
12 28 159237
12 9 159244
12 29 159248
12 14 159250
12 11 159258
12 13 159264
12 30 159264
12 31 159265
12 10 159272
12 2 159276
12 21 159282
12 3 159287
12 23 159291
12 4 159294
12 10 159294
12 3 159296
12 1 159297
12 30 159305
12 16 159312
12 14 159319
12 26 159319
12 17 159324
12 28 159326
12 15 159329
12 7 159335
12 11 159336
12 24 159337
12 0 159345
12 2 159353
13 27 159354
13 16 159359
13 5 159359
14 22 159366
14 27 159368
15 0 159370
15 17 159374
15 12 159378
15 24 159386
15 4 159391
15 18 159398
15 22 159400
15 8 159408
15 13 159408
15 10 159412
15 19 159412
15 5 159418
15 22 159426
15 17 159434
15 14 159437
15 30 159442
15 23 159447
15 18 159447
15 27 159455
15 2 159457
15 0 159457
15 9 159465
15 20 159472
15 12 159473
15 3 159481
16 21 159488
16 10 159489
16 5 159496
16 17 159498
16 24 159501
16 7 159506
16 6 159507
16 29 159511
16 22 159518
16 30 159522
16 2 159524
16 19 159532
16 4 159536
16 12 159542
16 15 159547
16 17 159556
16 8 159558
16 0 159566
16 24 159569
16 11 159577
16 14 159580
16 23 159582
16 2 159589
16 13 159594
16 27 159603
16 12 159612
16 15 159612
16 21 159615
16 6 159618
16 29 159627
17 7 159634
17 15 159643
17 20 159651
17 5 159653
17 24 159658
17 12 159663
17 10 159672
17 29 159681
17 11 159681
17 30 159690
17 25 159696
17 31 159699
17 15 159708
17 30 159712
17 29 159720
17 12 159729
17 27 159735
17 16 159744
17 26 159745
17 1 159750
17 19 159753
18 10 159760
18 8 159766
18 28 159772
18 27 159779
18 21 159784
18 13 159790
18 25 159795
18 3 159803
18 1 159807
18 22 159814
18 17 159818
18 12 159827
18 19 159830
18 10 159834
18 1 159837
18 7 159844
18 3 159847
18 23 159853
19 9 159858
19 27 159859
19 11 159861
19 20 159866
19 14 159869
19 29 159874
19 22 159883
19 2 159890
19 3 159896
19 21 159896
19 1 159902
19 18 159905
19 31 159905
19 16 159911
19 30 159913
19 5 159916
19 10 159916
19 3 159921
19 0 159929
19 21 159931
19 17 159935
19 15 159935
19 28 159935
19 2 159943
19 8 159947
19 24 159947
19 22 159955
19 29 159959
19 13 159960
19 23 159960
20 5 159968
20 26 159976
20 4 159985
20 29 159987
20 31 159988
20 1 159995
20 21 159997
20 28 159997
20 22 159998
20 8 160006
20 12 160013
20 3 160016
20 15 160020
20 24 160021
20 27 160030
20 31 160032
20 22 160036
20 17 160038
20 15 160043
20 2 160052
20 3 160058
20 0 160062
20 4 160068
20 14 160068
20 18 160073
20 1 160082
20 21 160085
20 9 160093
20 23 160095
20 13 160103
20 29 160112
21 12 160120
21 18 160122
21 0 160126
21 29 160126
21 31 160127
21 16 160134
21 3 160135
21 22 160135
21 14 160136
21 6 160143
21 8 160145
21 25 160147
21 30 160151
21 13 160155
21 9 160155
21 8 160156
21 29 160159
21 22 160161
21 15 160166
21 6 160173
21 2 160180
21 20 160182
21 14 160184
21 16 160193
21 31 160201
21 1 160208
22 14 160211
22 17 160215
22 16 160222
22 25 160226
22 26 160226
22 9 160233
22 28 160240
22 31 160240
22 27 160245
22 14 160254
22 23 160259
22 29 160261
22 4 160264
22 7 160268
22 9 160269
23 1 160272
23 27 160278
24 17 160286
24 9 160292
24 22 160292
24 4 160297
24 5 160305
24 12 160310
24 23 160315
24 21 160324
24 29 160328
24 1 160331
24 14 160331
24 19 160338
24 20 160340
24 26 160347
24 2 160354
24 27 160355
24 0 160364
24 30 160365
24 15 160374
24 13 160376
24 21 160381
24 1 160388
24 12 160393
24 9 160394
24 11 160395
24 31 160403
24 22 160408
24 28 160414
24 27 160420
24 7 160424
24 25 160430
24 29 160432
24 3 160439
24 10 160441
24 16 160447
25 21 160451
25 23 160451
25 3 160457
25 0 160458
25 12 160465
25 22 160471
25 29 160475
25 4 160479
25 19 160486
25 24 160495
25 31 160501
25 7 160509
25 9 160515
25 16 160518
25 8 160523
25 4 160528
25 2 160530
25 31 160539
25 22 160544
25 13 160549
25 5 160558
25 0 160558
25 21 160559
25 16 160559
25 11 160563
25 27 160570
25 24 160572
25 18 160574
25 3 160583
25 17 160585
25 28 160593
26 5 160595
26 28 160598
26 14 160600
26 18 160605
26 13 160613
26 4 160614
26 10 160621
26 2 160623
26 20 160629
26 9 160632
26 6 160634
26 1 160640
26 19 160646
26 25 160650
26 7 160657
26 17 160658
26 22 160664
26 16 160673
26 27 160679
26 29 160687
26 17 160691
26 5 160693
26 3 160700
26 24 160700
26 14 160706
26 23 160708
26 6 160710
26 8 160710
26 28 160717
26 19 160723
26 11 160732
26 30 160737
26 21 160738
26 15 160742
26 1 160749
26 22 160753
26 13 160755
27 4 160758
27 2 160758
27 6 160767
27 18 160775
27 21 160781
28 22 160785
28 17 160793
28 10 160793
28 2 160801
28 7 160807
28 4 160816
28 0 160825
28 31 160825
28 23 160826
28 13 160829
28 1 160831
28 14 160840
28 6 160842
28 24 160848
28 29 160851
28 26 160853
28 3 160856
28 27 160862
28 30 160870
28 6 160878
28 29 160882
28 24 160884
28 4 160887
28 0 160889
28 8 160898
28 22 160907
28 12 160913
28 10 160918
28 5 160927
28 16 160935
28 31 160942
28 30 160948
28 14 160957
28 20 160957
28 19 160957
28 27 160958
30 20 160966
30 25 160969
30 18 160977
30 23 160984
31 3 160988
31 23 160997
31 18 161001
31 17 161003
31 13 161003
31 24 161004
31 0 161010
31 14 161017
31 9 161025
31 27 161027
31 6 161033
31 10 161041
31 11 161046
31 12 161049
31 9 161052
31 2 161056
31 25 161057
31 13 161059
31 14 161064
31 6 161064
31 23 161067
31 30 161072
31 26 161079
31 17 161084
31 20 161092
31 3 161097
31 1 161105
