34
false
0 30 186757
0 31 186763
0 16 186768
0 15 186774
0 21 186780
0 18 186780
0 7 186785
1 22 186788
1 4 186795
1 13 186798
1 31 186806
1 8 186811
1 27 186818
2 1 186818
2 20 186822
3 16 186828
3 27 186833
3 18 186841
3 25 186847
3 20 186847
3 14 186854
3 10 186856
3 17 186865
3 26 186871
3 23 186875
3 12 186884
3 13 186886
3 33 186892
3 15 186894
3 20 186901
3 26 186902
3 7 186908
3 21 186913
3 8 186919
3 19 186921
3 23 186930
3 28 186932
3 24 186941
3 30 186950
3 29 186955
3 18 186964
3 31 186971
3 32 186980
3 27 186981
4 12 186987
4 3 186989
4 6 186990
4 10 186999
4 1 187008
4 9 187017
4 2 187023
4 11 187032
4 8 187040
4 17 187043
4 14 187047
4 1 187048
4 18 187056
4 11 187057
4 9 187057
4 30 187058
4 10 187067
5 22 187069
5 23 187070
5 21 187078
5 19 187081
5 26 187081
5 8 187082
5 2 187090
5 15 187094
6 11 187097
6 5 187100
6 14 187100
6 24 187108
6 10 187112
6 28 187120
6 20 187123
6 30 187126
6 31 187133
6 21 187133
6 19 187139
6 16 187141
6 29 187146
6 18 187152
6 32 187153
6 20 187158
6 21 187167
6 23 187168
6 13 187175
6 9 187177
6 11 187179
6 27 187186
6 10 187193
6 24 187197
6 31 187203
6 14 187209
6 22 187212
6 29 187212
6 18 187216
6 16 187225
6 19 187230
7 2 187239
7 30 187239
7 28 187243
7 14 187247
7 33 187249
7 17 187258
7 20 187267
7 21 187273
7 16 187280
7 1 187282
7 18 187282
7 32 187282
7 12 187283
7 9 187283
7 29 187292
7 32 187295
7 12 187299
7 17 187299
7 27 187305
7 11 187308
7 1 187316
7 33 187322
7 21 187326
7 3 187331
7 4 187332
7 6 187337
7 28 187339
7 9 187343
8 2 187352
8 19 187356
8 18 187363
8 4 187363
8 23 187363
8 5 187365
8 1 187369
8 12 187378
8 31 187384
8 25 187393
8 32 187394
8 11 187400
8 13 187404
8 33 187409
8 9 187415
8 21 187424
8 26 187430
8 18 187436
8 17 187438
8 11 187447
8 23 187452
8 16 187454
8 32 187454
8 3 187459
8 1 187462
8 20 187468
8 28 187475
8 26 187477
8 12 187484
8 25 187492
8 31 187498
8 22 187506
8 19 187509
8 6 187512
9 17 187512
9 6 187518
9 3 187526
9 2 187527
9 15 187529
9 5 187538
9 33 187540
9 16 187546
9 21 187552
9 4 187556
9 29 187559
9 26 187564
9 18 187572
9 31 187575
9 12 187581
9 25 187584
9 14 187591
9 22 187592
9 32 187594
9 13 187598
9 23 187600
9 24 187605
9 3 187609
9 32 187616
9 30 187616
9 27 187622
9 25 187627
9 18 187636
9 33 187640
9 12 187643
9 8 187651
9 21 187658
9 0 187661
9 11 187666
9 15 187674
9 19 187675
9 16 187681
9 5 187688
9 10 187694
9 26 187697
9 13 187699
9 6 187702
9 22 187709
10 1 187716
10 25 187723
10 23 187728
10 5 187734
10 8 187735
10 28 187742
10 2 187750
10 17 187756
10 4 187764
10 9 187772
10 20 187775
11 33 187778
11 4 187786
11 28 187791
11 12 187795
11 1 187802
11 31 187802
11 18 187802
11 14 187805
11 32 187813
11 22 187815
11 20 187821
11 24 187827
11 29 187832
11 3 187841
11 14 187841
11 15 187848
11 10 187850
11 20 187858
11 1 187859
11 7 187859
11 26 187862
11 27 187869
11 31 187876
11 25 187879
11 2 187883
11 24 187887
11 19 187896
12 19 187905
12 27 187909
12 18 187910
12 31 187911
13 4 187914
13 6 187922
13 8 187929
13 5 187932
13 1 187935
14 26 187943
14 31 187947
14 22 187950
14 1 187959
14 13 187966
14 5 187975
14 9 187977
14 33 187981
14 29 187985
14 7 187994
14 3 188000
14 8 188004
14 25 188005
14 15 188009
14 0 188013
14 27 188020
14 24 188025
14 17 188031
14 13 188037
14 27 188043
14 29 188048
14 28 188053
14 11 188057
14 22 188057
14 9 188065
14 21 188071
14 18 188079
14 23 188087
14 24 188087
14 32 188096
14 17 188098
15 2 188100
15 27 188105
15 17 188107
15 10 188113
15 19 188122
16 6 188128
16 28 188130
16 13 188138
17 7 188147
17 12 188155
17 9 188161
17 3 188168
17 5 188168
17 32 188173
17 0 188178
17 28 188179
17 2 188186
17 13 188193
17 19 188197
17 32 188199
17 27 188207
17 29 188216
17 24 188225
17 30 188227
17 23 188228
17 8 188235
17 21 188239
17 20 188240
17 0 188243
18 10 188243
18 1 188248
18 22 188254
18 7 188262
18 32 188265
18 14 188274
18 27 188282
18 4 188282
18 31 188282
18 21 188282
18 16 188282
18 19 188287
18 20 188289
18 26 188291
18 3 188294
18 12 188294
18 0 188295
18 9 188299
18 23 188300
18 23 188300
18 33 188301
18 26 188305
18 30 188314
18 24 188316
18 16 188322
18 5 188324
18 2 188332
18 14 188341
18 10 188344
18 0 188353
18 6 188356
18 27 188356
18 11 188364
18 22 188367
18 20 188372
18 19 188377
18 32 188386
18 8 188386
18 12 188387
19 14 188394
19 10 188395
19 16 188399
19 11 188406
19 24 188407
19 29 188414
19 17 188416
19 12 188416
19 31 188417
19 0 188418
19 28 188425
19 12 188429
19 0 188431
19 29 188436
19 10 188440
19 16 188449
19 18 188455
19 23 188460
19 5 188469
19 6 188471
19 27 188479
20 28 188488
20 18 188491
20 31 188493
20 26 188500
20 30 188503
20 29 188508
20 13 188517
20 8 188526
20 21 188526
20 9 188529
20 14 188532
20 0 188538
20 11 188547
20 16 188552
20 7 188561
20 24 188569
20 25 188571
20 7 188572
20 2 188577
20 26 188582
20 16 188587
20 18 188596
20 15 188599
20 23 188600
20 3 188605
20 31 188608
20 17 188617
20 32 188621
20 21 188629
20 22 188638
20 5 188644
21 1 188652
21 17 188661
21 5 188662
21 8 188663
21 9 188668
22 6 188674
22 15 188682
22 16 188686
22 12 188689
22 31 188690
22 9 188696
22 1 188702
22 10 188711
22 23 188719
22 13 188723
22 4 188730
22 33 188734
22 7 188741
22 21 188745
22 25 188748
22 2 188753
22 4 188754
22 33 188759
22 23 188760
22 11 188762
22 6 188767
22 12 188770
22 17 188770
22 29 188775
22 20 188782
22 25 188788
22 26 188789
22 16 188789
22 13 188794
22 8 188799
22 32 188805
23 30 188810
23 17 188810
23 0 188817
24 12 188825
24 29 188827
24 17 188831
24 5 188831
24 20 188831
24 22 188839
24 23 188841
24 18 188845
24 26 188845
24 28 188853
24 30 188861
24 31 188864
24 25 188872
24 16 188876
24 14 188878
24 19 188879
24 31 188888
24 25 188891
24 30 188898
24 11 188900
24 4 188900
24 27 188904
24 28 188904
24 33 188912
24 29 188915
24 2 188916
24 1 188925
24 9 188931
24 3 188933
24 22 188937
24 23 188939
25 20 188945
25 14 188945
25 2 188949
25 22 188951
25 21 188957
25 19 188966
25 26 188967
25 27 188972
25 13 188980
25 17 188982
25 5 188990
25 6 188993
25 31 188998
25 1 188998
25 28 189006
25 8 189008
25 24 189012
25 29 189012
25 7 189013
25 22 189020
25 4 189027
25 15 189028
25 6 189028
25 0 189029
25 32 189033
26 32 189037
26 8 189038
26 4 189042
26 6 189042
26 15 189046
26 31 189046
26 3 189051
26 1 189054
26 32 189056
26 3 189061
26 4 189068
26 30 189075
26 10 189077
26 20 189079
26 18 189088
26 22 189091
26 29 189098
27 23 189105
27 10 189105
27 21 189112
27 28 189112
27 12 189118
27 5 189125
27 30 189132
27 29 189132
27 1 189137
27 8 189146
27 25 189151
27 11 189153
27 32 189156
27 17 189163
27 7 189166
27 1 189167
27 32 189168
27 13 189176
27 6 189184
27 0 189192
27 3 189200
27 22 189202
27 33 189205
27 18 189206
27 23 189209
27 2 189218
27 15 189222
28 5 189230
28 14 189234
28 15 189239
28 32 189246
28 23 189247
28 24 189249
28 33 189255
28 2 189261
28 25 189262
28 16 189263
28 8 189272
28 27 189279
28 6 189284
28 0 189292
28 19 189293
28 1 189301
28 20 189306
28 10 189315
28 30 189320
28 22 189327
28 10 189332
28 20 189341
28 29 189342
28 1 189346
28 12 189348
28 0 189348
28 19 189355
28 8 189364
28 24 189369
28 14 189369
28 9 189377
28 18 189382
28 17 189382
28 26 189391
28 21 189396
28 31 189402
28 33 189403
28 2 189410
29 12 189418
29 9 189424
29 31 189432
29 18 189434
29 3 189440
29 24 189443
29 27 189452
29 20 189457
29 13 189462
29 25 189471
29 8 189471
29 22 189471
29 5 189471
29 10 189476
29 30 189481
29 32 189483
29 6 189484
29 17 189493
29 12 189495
29 24 189503
29 18 189504
29 27 189507
29 2 189507
29 21 189509
29 14 189515
29 11 189520
29 16 189522
29 22 189524
29 10 189532
29 32 189535
29 25 189540
29 0 189542
29 1 189548
29 7 189554
29 19 189561
30 12 189567
30 2 189575
30 5 189582
30 14 189590
30 27 189598
30 18 189605
30 9 189607
30 19 189614
30 20 189618
30 6 189627
30 4 189636
30 28 189638
30 17 189639
30 25 189645
30 13 189654
30 8 189659
30 7 189660
30 29 189669
30 21 189673
30 23 189673
30 32 189673
30 17 189673
30 33 189673
30 4 189679
30 21 189685
30 24 189693
30 11 189699
30 22 189699
30 2 189700
30 28 189700
30 26 189703
30 8 189706
30 12 189715
30 10 189724
30 3 189724
30 31 189725
30 27 189726
30 14 189730
30 1 189732
30 6 189735
31 32 189737
31 24 189745
31 27 189749
31 30 189755
31 21 189761
31 16 189769
31 13 189773
31 10 189782
31 8 189788
31 19 189796
31 15 189805
31 4 189813
31 9 189820
31 12 189829
31 14 189833
31 6 189837
31 11 189837
31 7 189838
31 29 189840
31 20 189841
31 17 189845
31 0 189852
31 2 189859
31 13 189861
31 14 189868
31 29 189870
31 16 189872
31 9 189872
31 6 189880
31 7 189889
31 3 189897
31 5 189904
31 26 189912
31 2 189920
31 19 189925
31 30 189928
31 17 189931
31 23 189932
31 33 189934
31 4 189939
31 12 189939
31 11 189942
31 10 189947
31 8 189954
31 28 189962
32 2 189967
32 21 189972
32 31 189976
32 30 189977
32 12 189978
32 0 189986
32 26 189991
32 6 189993
32 27 189993
32 19 189994
32 11 189997
32 23 189999
32 10 190008
32 28 190011
32 16 190019
32 3 190021
32 4 190029
32 18 190031
32 27 190032
32 1 190032
32 22 190041
32 24 190042
32 12 190043
32 13 190052
32 31 190056
32 8 190064
32 19 190069
32 4 190076
32 21 190079
32 18 190088
32 20 190092
32 6 190098
32 26 190101
32 14 190105
33 20 190111
33 25 190113
