37
false
0 36 239773
0 4 239779
0 26 239779
0 35 239786
0 31 239789
0 8 239791
0 25 239796
0 33 239804
0 32 239806
0 3 239808
0 18 239813
0 27 239814
0 29 239822
0 7 239831
0 16 239838
0 9 239842
0 1 239845
0 25 239847
0 1 239850
0 12 239858
0 36 239862
0 27 239870
0 33 239872
0 20 239877
0 17 239883
0 19 239892
0 21 239896
0 3 239899
0 2 239904
0 5 239908
0 10 239910
0 4 239918
0 6 239919
0 29 239925
1 15 239927
1 13 239936
1 32 239939
1 19 239939
1 3 239947
1 20 239953
1 24 239953
1 26 239954
1 16 239963
1 35 239970
1 31 239979
1 17 239980
1 2 239988
1 18 239993
1 21 239999
1 6 240003
2 7 240012
2 9 240021
2 6 240030
2 11 240036
2 35 240045
3 2 240048
3 35 240050
3 27 240053
3 0 240061
3 30 240069
3 10 240070
3 15 240070
3 22 240071
3 6 240079
3 29 240086
3 26 240087
3 17 240090
3 7 240096
3 21 240100
3 33 240108
3 14 240112
3 8 240117
3 14 240124
3 10 240130
3 11 240132
3 24 240140
3 18 240146
3 22 240146
3 33 240150
3 6 240151
3 29 240151
3 17 240157
3 26 240157
3 15 240159
3 30 240162
4 9 240164
4 35 240165
4 19 240170
4 24 240179
4 6 240180
4 22 240187
4 5 240192
4 15 240199
4 16 240200
4 25 240202
5 30 240206
5 28 240212
5 31 240218
5 24 240221
5 6 240221
5 18 240226
5 10 240229
5 21 240233
5 11 240242
5 4 240247
5 26 240253
5 3 240259
5 14 240259
5 25 240262
5 34 240262
5 8 240267
5 2 240273
5 35 240275
5 7 240275
5 33 240276
5 12 240283
5 27 240291
5 0 240294
5 7 240298
5 32 240298
5 2 240304
5 1 240307
5 33 240316
5 28 240325
5 3 240330
5 24 240337
5 36 240341
5 14 240343
5 26 240347
5 12 240351
5 17 240358
5 8 240367
5 16 240373
5 18 240377
5 15 240379
5 21 240381
5 35 240390
5 19 240397
5 31 240402
5 13 240402
5 4 240403
6 30 240408
6 19 240417
7 33 240424
7 17 240433
7 35 240440
7 28 240442
7 10 240451
7 32 240457
7 26 240459
7 4 240468
7 0 240473
7 3 240475
7 6 240475
7 14 240480
7 15 240483
7 12 240485
7 24 240492
7 8 240497
7 11 240504
7 29 240507
7 1 240515
7 8 240516
7 11 240522
7 35 240526
7 32 240529
7 3 240532
7 20 240532
7 26 240533
7 24 240541
7 30 240546
7 19 240555
7 12 240562
7 0 240571
7 4 240577
7 29 240581
7 10 240584
7 16 240589
7 25 240591
7 6 240599
7 28 240602
7 18 240606
8 17 240608
8 6 240609
8 15 240611
8 27 240616
8 18 240624
8 25 240626
8 36 240631
8 30 240631
8 10 240637
8 7 240642
8 26 240645
8 7 240654
8 27 240658
8 28 240664
8 23 240672
8 34 240679
8 0 240682
8 10 240687
8 18 240695
8 13 240696
9 28 240702
9 25 240708
9 18 240709
9 26 240717
9 36 240720
9 22 240728
9 33 240735
9 6 240743
9 7 240745
9 2 240752
9 13 240755
9 0 240762
9 23 240768
9 34 240776
9 4 240781
9 17 240789
9 10 240797
9 11 240800
9 12 240809
9 8 240817
9 31 240822
9 4 240829
9 36 240829
9 8 240829
9 0 240832
9 34 240840
9 27 240842
9 32 240848
9 22 240852
9 20 240852
9 21 240861
9 6 240861
9 17 240868
9 18 240870
9 16 240870
9 10 240872
9 1 240879
9 11 240882
10 11 240886
10 36 240895
10 17 240897
10 27 240906
10 18 240910
10 0 240912
10 1 240919
10 15 240921
10 2 240924
10 30 240932
10 7 240939
10 35 240942
10 9 240950
10 26 240953
10 16 240958
10 17 240960
10 13 240964
10 35 240968
10 16 240973
10 30 240978
10 36 240984
10 5 240985
10 18 240990
10 25 240998
10 28 241003
10 0 241011
10 8 241013
10 34 241019
10 2 241025
10 33 241031
10 23 241036
10 21 241041
10 15 241046
10 14 241049
11 35 241053
11 18 241058
11 1 241061
11 12 241069
11 23 241078
11 24 241087
11 25 241089
11 4 241090
11 15 241099
11 30 241101
11 32 241110
11 10 241116
11 0 241125
11 9 241127
11 26 241127
11 10 241130
11 35 241137
11 13 241146
11 12 241154
11 19 241163
11 21 241172
11 30 241179
11 3 241187
11 14 241189
11 22 241190
11 20 241191
12 16 241193
12 1 241194
12 23 241199
12 11 241207
12 36 241216
12 20 241219
12 27 241225
12 29 241225
12 31 241234
12 34 241241
12 13 241245
12 25 241246
12 3 241249
12 7 241255
12 24 241264
12 15 241268
12 21 241276
12 28 241279
12 6 241288
12 10 241296
12 18 241296
12 26 241300
12 17 241300
12 2 241300
12 6 241307
12 35 241307
12 14 241313
12 34 241314
12 13 241318
12 21 241322
12 25 241322
12 29 241328
12 8 241336
12 20 241337
12 16 241338
12 31 241343
12 32 241350
12 19 241352
12 17 241354
12 9 241362
12 0 241367
12 4 241369
12 33 241378
12 7 241382
12 1 241386
13 25 241393
13 18 241401
13 8 241409
13 20 241412
13 5 241420
13 17 241424
13 3 241429
13 11 241429
13 1 241437
13 22 241439
13 33 241440
13 28 241448
13 23 241452
13 34 241455
13 36 241461
13 14 241468
13 21 241473
13 26 241479
13 15 241480
13 6 241484
13 29 241488
13 2 241496
13 15 241499
13 1 241507
13 9 241511
13 0 241511
13 18 241517
13 14 241518
13 22 241523
13 26 241525
13 7 241533
13 33 241541
13 31 241543
13 2 241551
13 20 241558
13 23 241565
13 19 241568
13 4 241573
13 16 241582
13 8 241588
13 21 241590
13 5 241597
13 30 241602
13 3 241611
13 35 241619
14 0 241621
14 29 241622
14 17 241627
14 24 241632
14 18 241636
16 33 241645
16 27 241645
16 6 241654
16 2 241660
16 11 241663
16 9 241672
16 1 241676
16 7 241684
16 22 241693
16 15 241699
16 19 241708
16 14 241717
16 35 241718
16 3 241719
16 5 241723
16 12 241727
16 4 241730
16 30 241731
16 21 241737
16 18 241743
16 10 241752
16 23 241760
16 8 241760
16 26 241767
16 36 241771
16 23 241780
16 25 241783
16 30 241784
16 34 241788
16 15 241791
16 21 241798
16 28 241805
16 17 241811
16 1 241819
16 33 241822
16 12 241822
16 4 241822
16 14 241823
16 6 241826
16 9 241832
16 10 241834
16 24 241839
16 19 241839
16 13 241848
16 29 241848
17 15 241848
17 14 241851
17 24 241858
18 21 241864
18 3 241870
18 6 241872
18 7 241876
18 11 241882
18 19 241888
18 13 241895
18 17 241896
18 0 241899
18 23 241904
18 1 241912
18 8 241920
18 24 241929
18 35 241931
18 31 241932
18 5 241941
18 29 241948
18 28 241948
18 25 241952
18 34 241952
18 10 241960
18 34 241963
18 36 241968
18 22 241969
18 35 241978
18 5 241983
18 1 241988
18 2 241996
18 8 242001
18 15 242002
18 19 242008
18 25 242014
18 31 242018
18 27 242024
18 16 242028
18 7 242033
18 4 242042
18 6 242048
18 33 242051
18 11 242056
18 20 242057
18 30 242060
18 14 242065
18 12 242065
19 3 242067
19 18 242071
19 16 242071
19 14 242072
19 1 242079
19 27 242086
19 22 242087
19 12 242087
19 2 242088
19 21 242092
19 30 242092
19 36 242093
19 27 242097
19 35 242105
19 3 242105
19 21 242112
19 34 242120
19 22 242125
19 36 242128
19 5 242130
19 29 242135
19 10 242142
19 26 242149
19 31 242151
20 1 242160
20 24 242168
20 9 242176
20 12 242183
20 16 242185
20 11 242192
20 8 242199
20 21 242203
20 6 242203
20 35 242210
20 23 242213
20 14 242220
20 7 242226
20 0 242229
20 2 242231
20 32 242234
20 5 242241
20 19 242246
20 1 242249
20 26 242255
20 27 242262
20 15 242262
20 13 242267
20 33 242269
20 9 242271
21 2 242274
21 16 242276
21 28 242276
21 7 242279
21 23 242288
21 20 242296
21 14 242300
21 9 242302
21 13 242309
21 27 242311
21 17 242317
21 34 242318
21 31 242327
21 35 242328
21 7 242337
21 19 242341
21 6 242348
21 17 242353
21 28 242354
21 25 242357
21 23 242362
21 27 242365
21 36 242370
21 4 242376
21 9 242382
22 31 242386
22 0 242392
23 14 242401
23 5 242402
23 20 242406
23 28 242408
23 29 242408
23 31 242415
23 19 242415
23 6 242415
23 7 242422
23 32 242428
23 10 242432
23 8 242436
23 13 242443
23 4 242452
23 27 242461
23 12 242462
23 17 242470
23 2 242471
23 16 242479
23 9 242481
23 34 242490
23 5 242495
23 22 242500
23 26 242504
23 10 242512
23 7 242513
23 21 242518
23 4 242523
23 17 242527
23 28 242535
23 2 242536
23 3 242545
23 1 242547
23 11 242555
23 25 242563
23 33 242568
23 15 242570
23 30 242572
23 18 242577
23 14 242579
23 8 242587
23 19 242587
23 36 242590
24 0 242596
24 16 242605
24 18 242608
24 33 242615
24 19 242619
25 0 242619
25 31 242625
25 28 242634
25 24 242642
25 17 242650
25 5 242657
25 10 242659
25 22 242666
25 34 242666
25 16 242672
25 12 242681
25 13 242683
25 23 242683
25 8 242690
25 32 242699
25 9 242708
25 7 242715
25 22 242721
25 18 242728
25 1 242734
25 6 242735
25 12 242744
25 35 242748
26 2 242752
26 4 242754
26 24 242755
26 0 242758
26 15 242764
26 1 242770
26 22 242778
26 3 242778
26 20 242786
26 5 242789
26 13 242789
26 7 242789
26 35 242790
26 12 242793
26 6 242798
26 27 242799
26 34 242803
26 23 242803
26 14 242805
26 19 242814
26 0 242816
26 24 242824
26 30 242830
26 34 242838
26 29 242840
26 4 242841
26 18 242843
26 19 242846
26 27 242848
26 13 242857
26 5 242859
26 2 242865
26 36 242870
26 20 242875
26 16 242877
26 8 242884
26 21 242890
26 35 242890
26 11 242890
26 17 242894
26 15 242895
26 7 242902
27 25 242905
27 7 242913
27 33 242920
27 22 242927
27 17 242936
27 9 242940
27 16 242949
27 24 242954
27 28 242956
27 29 242964
27 21 242973
27 13 242981
27 20 242984
27 8 242990
27 5 242998
27 19 243003
27 24 243006
27 34 243009
27 11 243013
27 7 243014
28 32 243022
28 6 243026
28 12 243033
28 15 243041
28 31 243043
28 1 243048
28 14 243052
28 21 243061
28 8 243066
28 18 243071
28 5 243076
28 33 243081
28 0 243089
28 7 243097
28 18 243097
28 20 243101
28 4 243103
28 29 243110
28 30 243113
28 33 243115
28 24 243123
28 1 243123
28 10 243126
28 6 243127
29 8 243131
29 16 243133
29 26 243135
29 15 243136
29 5 243137
29 34 243146
29 27 243150
29 19 243155
29 14 243164
29 21 243164
29 25 243165
29 17 243168
29 28 243169
29 12 243178
29 6 243181
29 30 243187
29 1 243187
29 27 243189
29 31 243193
29 36 243200
29 4 243207
29 20 243207
29 19 243209
29 24 243209
29 26 243210
29 12 243214
29 9 243222
29 18 243223
29 25 243232
29 22 243235
29 10 243237
29 6 243238
30 5 243243
30 8 243249
30 11 243253
30 26 243260
30 12 243263
30 6 243266
30 29 243273
30 3 243276
30 20 243276
30 17 243280
30 25 243282
31 10 243288
31 20 243295
31 17 243295
31 6 243302
31 36 243303
31 21 243306
31 7 243306
31 34 243310
31 14 243313
31 5 243317
31 27 243325
31 24 243329
31 35 243332
31 15 243336
31 23 243342
31 1 243350
31 11 243358
31 28 243366
31 32 243375
31 3 243380
31 12 243388
31 27 243393
31 21 243395
31 13 243397
31 22 243402
31 4 243403
31 5 243403
31 36 243411
31 28 243411
31 34 243419
31 29 243420
31 8 243429
31 11 243430
31 17 243433
31 15 243441
31 7 243441
32 27 243449
32 11 243458
32 2 243459
32 1 243462
32 35 243467
32 6 243468
32 30 243473
33 34 243476
33 15 243484
33 21 243484
33 36 243484
33 29 243484
33 27 243484
33 24 243493
34 29 243500
34 7 243505
34 26 243509
34 33 243512
34 9 243514
34 3 243515
34 27 243519
34 2 243527
34 22 243533
34 15 243533
34 14 243539
34 8 243543
34 28 243549
34 23 243550
34 0 243555
34 4 243558
34 10 243558
34 6 243564
34 21 243573
34 9 243582
34 30 243583
34 26 243591
34 14 243591
34 2 243591
34 18 243592
34 5 243596
34 32 243597
34 23 243604
34 12 243608
34 25 243615
34 0 243622
35 21 243628
35 36 243633
35 34 243639
35 2 243645
35 26 243650
35 18 243657
35 30 243659
35 6 243664
35 13 243665
35 0 243672
35 31 243681
35 34 243689
35 13 243698
35 12 243704
35 8 243713
35 7 243719
35 6 243726
35 30 243729
35 9 243732
35 29 243741
35 1 243746
35 15 243752
36 31 243761
36 19 243762
36 17 243770
36 5 243774
36 23 243778
36 6 243784
36 14 243791
36 35 243796
36 32 243797
36 21 243806
36 26 243814
36 27 243817
36 4 243826
36 0 243828
36 20 243832
36 18 243840
36 16 243843
36 31 243849
36 15 243857
36 12 243861
36 30 243861
36 8 243864
36 2 243869
36 28 243874
36 4 243876
36 10 243880
36 20 243886
36 35 243894
36 21 243903
36 23 243908
36 22 243914
36 32 243917
