41
false
0 11 324691
0 32 324698
0 1 324707
0 15 324711
0 40 324719
0 19 324724
0 17 324731
0 28 324731
0 9 324739
0 20 324742
0 5 324747
0 37 324749
0 3 324751
0 23 324756
0 10 324760
0 22 324760
0 33 324767
0 27 324775
0 36 324776
0 16 324782
0 7 324783
0 21 324785
0 12 324786
0 7 324786
0 17 324790
0 31 324796
0 1 324804
0 26 324809
0 33 324809
0 21 324814
0 9 324818
0 25 324818
0 8 324822
0 35 324826
0 12 324835
0 11 324843
0 23 324852
0 36 324852
0 29 324852
0 34 324852
0 10 324857
0 18 324862
1 35 324870
1 25 324877
1 29 324884
1 15 324887
1 20 324894
1 27 324901
1 30 324910
1 6 324913
1 2 324921
1 9 324928
1 19 324935
1 37 324936
1 39 324936
1 16 324939
1 3 324946
1 13 324948
1 18 324949
1 21 324955
1 7 324962
1 31 324967
1 32 324973
1 0 324976
1 37 324983
1 26 324988
1 30 324996
1 10 325002
1 35 325007
1 17 325015
1 12 325023
1 33 325029
1 23 325032
1 8 325038
1 32 325044
1 25 325048
1 27 325056
1 24 325061
1 20 325068
1 21 325074
1 22 325083
1 2 325085
1 4 325092
1 39 325100
2 15 325108
2 37 325115
2 21 325122
2 22 325125
2 10 325129
2 4 325129
2 9 325136
2 19 325143
2 5 325148
2 18 325150
2 17 325156
2 30 325160
2 26 325164
2 3 325169
2 25 325170
2 38 325178
2 12 325187
2 13 325195
2 29 325204
2 37 325209
2 30 325218
2 22 325227
2 35 325228
2 11 325230
2 18 325230
2 7 325236
2 24 325243
2 40 325247
2 16 325254
2 28 325261
2 0 325269
2 38 325271
2 10 325280
2 6 325281
3 4 325283
3 19 325289
3 18 325294
3 6 325301
3 0 325309
3 2 325318
3 16 325326
3 29 325326
3 38 325335
3 23 325344
3 28 325344
3 32 325351
3 30 325352
3 35 325355
3 7 325361
3 36 325366
3 24 325370
3 9 325372
3 27 325372
3 17 325378
3 14 325384
3 33 325387
3 30 325392
3 38 325396
3 24 325404
3 16 325410
3 22 325410
3 18 325418
3 37 325420
3 13 325423
3 40 325432
3 1 325440
3 26 325448
3 4 325449
3 8 325455
3 28 325457
3 32 325457
3 0 325458
3 20 325464
3 36 325468
3 15 325468
3 34 325477
3 9 325479
4 36 325487
4 24 325488
4 1 325488
4 33 325492
4 26 325493
4 37 325501
4 10 325509
4 22 325510
4 19 325511
4 30 325511
4 23 325520
4 34 325521
4 25 325529
4 11 325535
4 32 325540
4 20 325549
4 8 325551
4 40 325560
4 15 325569
4 35 325578
4 18 325578
4 12 325585
4 10 325594
4 28 325602
4 37 325609
4 8 325609
4 5 325618
4 13 325621
4 26 325626
4 21 325629
4 19 325634
4 39 325641
4 25 325642
4 6 325649
4 17 325657
4 12 325658
4 14 325658
4 33 325665
4 2 325670
4 24 325671
4 1 325678
4 9 325684
4 36 325688
4 40 325692
4 35 325698
5 3 325704
5 23 325710
5 27 325712
5 0 325717
5 19 325721
5 11 325725
5 17 325733
5 6 325736
6 30 325742
6 37 325747
6 0 325747
6 8 325750
6 7 325757
6 34 325765
6 31 325772
6 17 325780
6 21 325788
6 18 325797
6 3 325806
6 10 325808
6 22 325816
6 12 325820
6 1 325822
6 15 325822
6 23 325827
6 39 325834
6 40 325834
6 20 325840
6 30 325848
6 14 325855
6 23 325864
6 26 325865
6 25 325873
6 7 325875
6 16 325879
6 0 325888
6 36 325892
6 32 325893
6 39 325902
6 21 325907
6 37 325914
6 8 325919
6 27 325923
6 31 325932
6 33 325939
6 18 325943
6 17 325949
6 4 325954
6 1 325956
6 5 325964
6 35 325968
6 28 325975
6 22 325975
6 19 325981
7 28 325985
7 3 325989
7 19 325989
7 23 325995
7 1 325997
7 15 325997
7 5 325998
7 30 326000
7 26 326009
7 8 326018
7 34 326020
7 35 326023
7 13 326028
7 18 326032
7 37 326038
8 27 326044
8 11 326051
8 21 326059
8 3 326062
8 37 326063
8 1 326066
8 29 326070
8 20 326078
8 18 326083
8 13 326092
8 30 326093
8 34 326102
8 32 326107
8 39 326112
8 0 326113
8 24 326122
8 30 326127
8 4 326128
8 19 326134
8 13 326143
8 1 326147
8 39 326147
8 18 326149
8 2 326153
8 25 326154
8 23 326160
8 16 326165
8 38 326165
8 36 326172
8 15 326181
9 27 326182
9 16 326189
9 11 326198
9 1 326205
9 35 326207
9 21 326209
9 23 326214
9 12 326216
9 38 326222
10 16 326227
10 37 326231
10 22 326238
10 39 326247
10 14 326255
10 6 326258
10 26 326260
10 2 326264
10 18 326269
10 30 326270
10 36 326271
10 24 326275
10 22 326278
10 16 326279
10 34 326281
10 6 326283
10 32 326288
10 23 326288
10 29 326294
11 17 326294
11 9 326297
11 34 326302
11 22 326306
11 27 326309
11 29 326309
11 15 326314
11 7 326314
12 5 326322
12 33 326329
12 25 326331
12 26 326332
12 10 326335
12 24 326344
12 30 326348
12 13 326357
13 6 326361
13 0 326361
13 5 326364
13 4 326373
13 28 326378
13 38 326380
13 40 326381
13 35 326381
13 22 326386
13 29 326394
13 30 326400
13 14 326405
13 17 326410
13 21 326419
13 33 326427
13 1 326434
13 2 326434
13 34 326437
13 30 326437
13 36 326439
13 38 326445
13 19 326446
13 27 326453
13 16 326456
13 32 326456
13 6 326456
13 0 326463
14 34 326468
14 32 326472
14 26 326478
14 37 326487
14 17 326496
14 36 326496
14 6 326502
14 33 326511
14 35 326511
14 24 326517
14 40 326521
14 15 326527
14 16 326533
14 8 326537
14 39 326541
14 30 326541
14 12 326548
14 5 326556
14 29 326564
14 10 326570
14 18 326570
14 0 326572
14 20 326577
14 22 326577
14 21 326584
14 15 326590
14 40 326592
14 29 326595
14 3 326595
14 11 326598
14 37 326598
14 10 326603
14 20 326606
14 19 326613
14 32 326616
14 9 326621
14 2 326626
14 8 326634
14 31 326641
14 36 326645
14 5 326651
14 18 326657
14 23 326662
14 1 326668
14 17 326673
14 26 326681
15 37 326690
15 34 326690
15 24 326693
15 6 326695
15 33 326695
15 1 326696
15 22 326703
15 2 326703
15 18 326704
15 16 326710
15 4 326714
15 3 326721
15 7 326730
15 31 326737
15 25 326740
15 36 326740
15 11 326741
15 9 326750
15 30 326754
15 29 326756
15 19 326756
15 11 326758
15 13 326760
15 40 326762
15 30 326771
15 33 326778
15 19 326781
15 24 326784
15 6 326789
15 38 326794
15 36 326794
15 10 326797
15 18 326806
15 3 326809
15 9 326810
15 2 326816
15 7 326821
15 12 326827
15 31 326828
16 3 326828
16 4 326836
16 0 326844
16 15 326846
16 31 326848
16 6 326850
16 32 326858
16 28 326866
16 39 326866
16 8 326867
16 7 326873
16 13 326877
16 38 326884
16 26 326893
16 20 326896
16 14 326898
16 34 326900
16 19 326903
16 24 326911
16 29 326911
16 31 326915
16 13 326921
16 39 326930
16 11 326939
16 22 326939
16 35 326944
16 28 326953
16 36 326954
16 20 326962
16 32 326965
16 29 326968
16 0 326972
16 24 326974
16 4 326978
16 18 326978
16 15 326986
16 1 326993
16 25 326995
16 21 326998
16 33 327007
16 26 327011
16 8 327019
17 31 327028
17 21 327031
17 11 327032
17 8 327034
17 28 327041
17 3 327048
17 37 327057
17 35 327062
17 5 327069
17 34 327071
17 36 327077
17 15 327079
17 14 327084
17 22 327087
17 13 327091
17 19 327098
17 29 327100
17 24 327109
17 27 327117
17 12 327125
17 6 327125
17 25 327127
17 1 327133
17 32 327141
17 30 327145
17 9 327149
17 32 327151
17 40 327156
17 29 327160
17 35 327164
17 13 327164
17 0 327166
17 21 327167
17 38 327176
17 22 327180
17 8 327185
17 1 327192
17 14 327192
17 24 327200
17 39 327202
17 16 327202
17 2 327207
17 27 327215
17 25 327216
17 11 327220
17 12 327226
17 5 327234
17 7 327236
17 30 327238
18 33 327243
18 20 327245
18 39 327249
18 0 327258
19 5 327267
19 17 327267
19 14 327273
19 31 327282
19 11 327290
19 40 327292
19 15 327295
19 13 327299
19 3 327306
19 36 327310
19 32 327313
19 2 327317
19 22 327325
19 21 327332
19 31 327335
19 36 327339
19 16 327347
19 29 327353
19 37 327357
19 6 327363
19 38 327372
19 12 327375
19 15 327381
19 8 327383
19 10 327389
19 33 327393
19 14 327397
19 2 327398
20 9 327403
20 31 327409
20 32 327413
21 28 327414
21 9 327420
21 23 327424
21 39 327425
21 35 327426
21 8 327431
21 6 327432
21 40 327434
21 12 327434
21 17 327435
21 16 327438
21 25 327447
21 27 327448
21 5 327450
21 2 327458
21 13 327463
21 36 327471
21 14 327478
21 24 327486
21 31 327495
21 3 327501
21 15 327509
21 38 327513
21 37 327517
21 7 327524
21 34 327532
21 4 327536
21 1 327536
21 19 327545
21 20 327549
21 7 327550
21 6 327558
21 9 327566
21 3 327573
21 23 327578
21 4 327586
21 29 327591
21 27 327594
21 10 327603
21 13 327609
21 0 327617
21 28 327621
21 2 327622
21 1 327629
21 8 327635
21 11 327638
21 25 327646
21 31 327652
21 35 327653
21 14 327655
21 16 327656
21 18 327664
21 39 327671
21 26 327677
22 15 327684
22 37 327692
22 40 327698
22 3 327700
22 1 327703
22 28 327708
22 31 327710
22 4 327719
22 11 327719
22 18 327722
22 10 327731
22 8 327737
22 36 327742
22 26 327749
22 16 327758
22 20 327767
22 39 327773
22 13 327782
22 0 327786
22 21 327792
22 1 327792
22 16 327798
22 14 327804
22 3 327810
22 39 327812
22 19 327812
22 2 327820
22 13 327829
22 12 327829
22 34 327835
22 9 327842
22 6 327844
22 33 327849
22 8 327852
22 28 327855
22 5 327856
22 37 327858
22 15 327867
22 0 327875
22 26 327882
22 21 327890
23 5 327895
23 32 327896
23 0 327902
23 7 327910
23 26 327918
23 1 327923
23 6 327931
23 9 327933
23 25 327942
23 15 327950
23 13 327954
23 34 327959
23 19 327961
23 36 327961
23 10 327964
23 14 327966
23 4 327969
23 39 327978
23 16 327981
23 18 327982
23 38 327991
23 31 328000
23 14 328007
23 5 328008
23 2 328009
23 12 328014
23 0 328020
23 36 328020
23 21 328024
23 16 328027
23 9 328031
23 38 328032
23 30 328034
23 13 328041
23 22 328047
23 1 328047
23 17 328054
23 28 328057
23 40 328062
23 8 328068
23 15 328073
23 7 328073
23 24 328074
23 11 328076
23 25 328078
23 20 328079
23 10 328082
24 23 328087
24 1 328091
24 15 328097
24 34 328097
24 14 328099
24 28 328108
24 5 328114
24 10 328116
24 7 328121
24 22 328127
24 37 328129
24 40 328137
24 9 328145
24 35 328147
24 31 328150
24 32 328157
24 12 328158
24 4 328166
24 39 328172
24 19 328180
24 6 328186
24 38 328194
24 8 328195
24 20 328197
24 25 328200
24 39 328203
24 18 328208
24 30 328216
24 15 328223
24 20 328226
24 26 328229
24 38 328235
24 10 328242
24 17 328243
24 34 328252
24 7 328253
24 29 328256
24 16 328262
24 32 328270
24 6 328274
24 27 328276
24 0 328278
24 4 328285
24 37 328293
24 5 328298
24 3 328304
24 21 328307
24 35 328307
24 12 328312
24 25 328321
24 31 328327
25 8 328334
25 4 328341
25 34 328343
25 19 328346
25 5 328352
25 14 328353
25 6 328356
25 39 328365
25 20 328374
25 29 328376
25 9 328377
25 35 328385
25 0 328391
25 31 328396
25 21 328405
25 3 328410
25 32 328416
25 10 328419
25 18 328427
25 15 328434
25 2 328441
25 37 328449
25 1 328454
25 36 328459
25 26 328464
25 17 328466
25 38 328472
25 31 328472
25 30 328473
25 27 328479
25 36 328484
25 20 328490
25 35 328498
25 37 328499
25 32 328499
25 0 328502
25 19 328507
25 38 328515
25 33 328515
25 8 328518
25 39 328520
25 28 328527
25 34 328531
25 13 328531
25 11 328539
25 5 328544
25 6 328546
25 3 328548
25 24 328556
25 23 328564
25 29 328571
25 22 328574
25 16 328580
25 7 328581
25 4 328588
26 31 328588
26 18 328595
26 35 328604
26 33 328605
26 9 328606
26 17 328612
26 15 328615
26 29 328616
26 38 328623
26 36 328630
26 34 328636
26 40 328640
26 7 328645
26 27 328647
26 22 328650
26 20 328654
26 14 328655
26 5 328661
26 10 328664
26 11 328670
26 4 328674
26 0 328674
26 32 328681
26 18 328686
26 17 328691
26 40 328691
26 30 328700
26 13 328708
26 8 328713
26 24 328714
26 15 328714
26 10 328720
26 31 328721
26 3 328727
26 6 328736
26 39 328743
26 23 328746
26 34 328754
26 35 328763
26 20 328770
26 0 328773
26 38 328782
26 9 328787
26 36 328792
27 17 328799
27 36 328802
27 4 328805
27 20 328813
27 38 328819
27 13 328824
27 28 328829
27 40 328829
27 9 328835
27 8 328837
27 7 328837
27 35 328845
27 15 328845
27 37 328845
27 14 328854
27 5 328861
27 12 328868
27 32 328872
27 8 328880
27 30 328881
27 11 328885
27 22 328885
27 14 328893
27 26 328901
27 38 328901
27 4 328904
27 1 328908
27 18 328915
27 16 328924
28 6 328930
28 30 328935
28 22 328942
28 29 328944
28 25 328946
28 24 328953
29 6 328957
29 24 328964
30 35 328964
30 33 328971
30 39 328980
30 14 328984
30 9 328991
30 20 328999
30 12 329001
30 16 329007
30 8 329008
30 40 329014
30 32 329023
30 24 329032
30 39 329039
30 29 329046
30 12 329049
30 23 329056
30 7 329056
30 19 329058
30 33 329058
30 3 329061
30 25 329062
30 2 329069
31 2 329078
31 4 329087
31 35 329096
31 15 329101
31 7 329103
31 28 329109
31 27 329111
31 25 329114
31 33 329123
31 40 329126
31 11 329130
32 28 329130
32 11 329131
32 10 329135
32 15 329142
32 3 329147
32 25 329150
32 23 329158
32 37 329167
33 1 329172
33 29 329176
33 39 329178
33 38 329180
33 21 329181
33 16 329187
33 10 329188
33 23 329196
33 36 329197
33 30 329205
33 19 329205
33 2 329210
34 31 329217
34 21 329218
34 16 329221
34 14 329226
34 12 329233
34 13 329234
34 2 329235
34 36 329244
34 5 329244
34 0 329247
34 24 329248
34 4 329251
34 3 329252
34 6 329258
34 33 329265
34 30 329266
34 11 329267
34 28 329274
34 36 329279
34 10 329285
34 16 329285
34 19 329286
34 15 329295
34 21 329297
34 22 329297
34 18 329300
34 38 329308
34 30 329315
34 39 329317
34 31 329324
34 11 329324
34 8 329327
34 12 329327
34 27 329336
34 14 329344
34 23 329349
35 17 329357
35 18 329359
35 15 329359
35 11 329360
35 31 329365
35 23 329369
35 28 329376
35 32 329377
35 13 329379
35 8 329385
35 5 329393
35 22 329399
35 39 329400
35 20 329403
35 34 329409
35 24 329418
35 25 329424
35 16 329428
35 27 329436
35 10 329440
35 7 329444
35 37 329447
35 9 329454
35 30 329456
35 4 329462
35 14 329464
35 2 329471
35 21 329471
35 12 329480
35 29 329485
35 17 329485
35 26 329488
35 16 329491
35 40 329492
35 14 329498
35 3 329503
35 1 329506
35 20 329507
35 10 329511
35 15 329515
35 25 329520
35 9 329528
35 24 329532
35 27 329536
35 5 329543
35 18 329549
35 21 329554
35 7 329554
35 19 329556
35 39 329561
35 37 329566
35 11 329571
35 31 329573
35 0 329577
35 28 329582
36 3 329582
36 1 329591
36 30 329596
36 25 329602
36 8 329602
36 22 329607
36 18 329607
36 29 329611
36 5 329613
36 17 329613
36 28 329621
36 16 329622
36 6 329622
36 33 329624
36 40 329633
36 32 329641
36 10 329647
36 0 329655
36 20 329663
36 7 329671
36 2 329673
36 9 329677
36 15 329681
36 23 329687
36 28 329695
36 38 329696
36 2 329698
36 13 329700
36 19 329701
36 7 329705
36 35 329705
36 20 329710
36 14 329713
36 3 329717
36 33 329721
36 5 329726
36 0 329730
36 26 329739
36 1 329744
36 40 329751
36 12 329752
36 29 329754
36 21 329754
36 25 329757
36 39 329763
36 22 329766
37 33 329773
37 30 329777
37 25 329777
37 32 329778
37 0 329783
37 18 329786
37 34 329790
37 13 329793
37 28 329801
37 3 329802
37 6 329806
37 8 329809
37 22 329816
37 19 329821
37 7 329830
37 29 329837
37 3 329840
37 25 329841
37 9 329848
37 6 329852
37 17 329859
37 31 329866
37 30 329868
37 8 329876
37 14 329880
38 1 329883
38 36 329885
38 20 329889
38 30 329895
38 26 329899
38 10 329904
38 6 329907
38 35 329914
38 37 329923
38 6 329929
38 3 329933
38 22 329941
38 31 329941
38 34 329946
38 19 329946
38 2 329951
38 9 329957
38 27 329959
38 17 329966
39 29 329968
39 34 329972
39 8 329976
39 4 329976
39 13 329985
39 35 329993
39 28 329998
39 31 329999
39 16 330000
39 12 330003
39 33 330005
39 3 330013
39 17 330018
39 15 330027
39 22 330031
39 10 330034
39 19 330041
39 40 330043
39 20 330044
39 24 330047
39 2 330048
39 21 330051
39 40 330054
39 27 330060
39 29 330069
39 8 330071
39 2 330080
39 9 330087
39 15 330090
39 4 330094
39 34 330094
39 25 330100
39 16 330106
39 5 330113
39 11 330113
39 10 330116
39 1 330116
39 30 330121
39 31 330121
39 33 330129
39 6 330134
39 21 330142
40 37 330142
40 26 330142
40 3 330145
40 19 330146
40 35 330149
40 30 330149
40 1 330155
40 16 330160
40 11 330163
40 15 330164
40 0 330170
40 4 330173
40 27 330177
40 10 330178
40 13 330178
40 9 330180
40 22 330183
