43
false
0 23 376210
0 16 376217
0 7 376226
0 34 376230
0 31 376230
0 30 376238
0 14 376245
0 41 376250
0 6 376253
0 28 376258
0 1 376263
0 35 376268
0 25 376272
0 5 376272
0 13 376281
0 8 376287
0 24 376288
0 18 376293
0 3 376296
0 40 376299
0 4 376303
0 2 376307
0 33 376314
0 32 376318
0 10 376327
0 23 376327
0 27 376332
0 3 376339
0 35 376347
0 2 376347
0 39 376351
0 37 376355
0 7 376364
0 22 376373
0 21 376380
0 14 376389
0 25 376389
0 13 376389
0 8 376389
0 42 376392
0 1 376400
0 33 376405
0 24 376410
0 6 376418
0 12 376425
0 38 376428
0 20 376437
0 18 376444
0 4 376452
0 16 376459
1 12 376459
1 32 376462
1 3 376469
1 5 376475
1 7 376484
1 18 376490
1 24 376496
1 21 376500
1 8 376507
1 26 376513
1 16 376513
1 20 376516
1 22 376523
1 9 376528
1 2 376536
1 23 376542
1 15 376550
1 31 376553
1 34 376558
1 4 376559
1 30 376565
1 41 376565
1 39 376566
1 38 376574
1 27 376583
1 40 376589
1 21 376590
1 29 376599
1 23 376606
1 16 376614
1 22 376621
1 15 376629
1 38 376636
1 18 376643
1 11 376647
1 32 376647
1 39 376654
1 40 376661
1 30 376664
1 2 376668
1 42 376675
1 41 376681
1 6 376686
1 19 376690
1 27 376694
1 10 376703
1 17 376707
1 4 376716
1 24 376721
1 20 376723
1 34 376727
2 17 376734
2 7 376737
2 28 376740
2 12 376747
2 25 376753
2 15 376761
2 34 376769
2 30 376775
2 11 376778
2 32 376784
2 42 376786
2 18 376792
2 37 376797
2 39 376805
2 12 376810
2 14 376818
2 6 376819
2 3 376819
3 10 376827
3 12 376834
3 35 376842
3 37 376848
3 15 376856
3 20 376865
3 30 376868
3 18 376874
3 41 376878
3 42 376887
3 29 376888
3 16 376891
3 23 376896
3 25 376896
3 17 376902
3 33 376905
3 2 376908
3 13 376913
3 5 376917
3 1 376922
3 9 376922
3 33 376927
3 20 376929
3 42 376931
3 19 376938
3 15 376947
3 28 376955
3 41 376963
3 7 376964
3 26 376970
3 27 376972
3 38 376972
3 21 376973
3 31 376974
3 13 376978
3 8 376983
3 17 376992
3 40 376994
4 12 376995
4 13 377003
4 15 377011
4 41 377015
4 2 377024
4 28 377025
4 34 377025
4 11 377031
4 6 377034
4 7 377034
4 35 377043
4 21 377043
4 36 377045
4 19 377053
4 14 377059
4 16 377061
4 18 377067
4 38 377076
4 33 377085
4 5 377088
4 1 377088
4 37 377094
4 23 377099
4 25 377106
4 8 377107
4 9 377115
4 19 377121
4 42 377125
4 1 377126
4 2 377129
4 5 377130
4 33 377132
4 21 377136
4 28 377144
4 31 377151
4 32 377156
4 18 377157
4 13 377163
4 38 377171
4 30 377179
4 26 377183
4 14 377186
4 39 377187
4 29 377192
4 22 377201
4 10 377202
4 36 377208
4 0 377212
5 1 377220
5 16 377224
5 40 377228
5 24 377229
5 17 377234
5 31 377238
5 12 377242
5 42 377250
5 41 377253
5 35 377261
5 26 377262
5 20 377270
5 9 377270
5 38 377270
5 18 377272
5 34 377275
5 28 377279
5 8 377287
5 3 377296
5 10 377305
5 25 377306
5 23 377308
5 37 377315
5 7 377317
5 15 377325
5 38 377334
5 3 377341
5 19 377348
5 23 377348
5 40 377348
5 31 377350
5 41 377353
5 13 377353
5 30 377361
5 22 377362
5 1 377370
5 8 377372
5 0 377376
5 34 377382
5 12 377383
5 25 377386
5 16 377387
5 11 377392
5 37 377396
5 26 377396
5 33 377405
6 28 377411
6 9 377416
6 33 377418
6 19 377426
6 31 377432
6 2 377436
6 38 377436
6 39 377442
6 7 377442
6 32 377448
6 42 377456
6 29 377465
6 18 377473
6 22 377477
6 11 377481
6 8 377481
6 25 377490
6 13 377491
6 41 377493
6 16 377502
6 42 377504
6 3 377507
6 35 377511
7 3 377518
7 15 377526
7 24 377534
7 14 377539
7 9 377541
7 30 377546
7 29 377549
7 0 377555
7 6 377559
7 28 377567
7 34 377572
7 18 377581
7 33 377590
7 25 377590
7 40 377591
7 16 377593
7 41 377602
7 42 377604
7 37 377610
7 17 377613
7 10 377617
7 14 377617
7 42 377626
7 36 377628
7 5 377632
7 3 377633
7 0 377639
7 21 377644
7 24 377644
7 30 377651
7 26 377656
7 34 377657
7 31 377664
7 17 377664
7 23 377666
7 41 377668
7 16 377673
7 11 377675
7 15 377681
7 2 377682
7 40 377686
8 27 377689
8 7 377694
8 10 377702
8 33 377705
8 22 377707
8 32 377711
8 30 377716
8 12 377724
8 3 377725
8 19 377726
8 21 377730
8 18 377733
8 39 377738
8 28 377740
8 41 377745
8 37 377745
8 1 377754
8 31 377758
8 23 377761
8 34 377767
8 12 377767
8 26 377769
8 4 377772
8 32 377775
8 0 377777
8 34 377784
8 18 377793
8 35 377797
8 33 377803
8 30 377811
8 36 377820
8 39 377828
8 37 377833
8 40 377835
8 7 377836
8 11 377839
8 41 377844
8 22 377846
8 6 377852
8 21 377861
8 14 377863
8 16 377868
8 38 377871
9 40 377879
9 26 377885
9 38 377894
9 41 377897
9 33 377900
9 17 377902
9 14 377903
9 2 377910
9 30 377910
9 11 377910
9 21 377914
9 0 377919
9 29 377926
9 23 377930
9 6 377936
9 22 377939
9 32 377948
9 3 377948
9 1 377954
9 37 377963
9 31 377967
9 27 377976
9 25 377976
9 42 377982
9 35 377989
9 7 377990
9 18 377997
9 13 378005
9 22 378013
9 1 378013
9 26 378020
9 17 378022
9 18 378027
9 14 378028
9 16 378036
9 25 378042
9 29 378044
9 12 378047
9 4 378050
9 32 378050
9 0 378055
9 15 378058
9 21 378066
9 37 378069
9 34 378074
9 30 378079
9 11 378082
9 19 378086
9 23 378091
9 20 378093
9 41 378097
9 13 378105
9 28 378114
11 10 378117
11 18 378120
11 13 378128
11 42 378129
11 31 378133
11 8 378142
11 20 378143
11 21 378146
11 2 378152
11 12 378156
11 25 378165
11 17 378172
11 6 378174
11 34 378180
11 28 378181
11 37 378184
11 9 378190
11 7 378190
11 1 378194
11 14 378196
11 0 378197
11 26 378200
11 38 378203
11 2 378208
11 1 378213
11 19 378213
11 29 378216
11 30 378217
11 10 378226
11 20 378229
11 12 378237
11 4 378242
11 34 378247
11 40 378252
11 21 378258
11 7 378261
11 27 378265
11 14 378265
11 15 378272
11 36 378277
11 5 378280
11 18 378285
11 6 378287
11 17 378293
11 22 378294
12 9 378301
12 42 378301
12 1 378309
12 38 378310
12 5 378318
12 22 378326
12 0 378335
12 39 378336
12 3 378344
12 37 378351
12 4 378354
12 36 378359
12 40 378367
12 20 378374
12 24 378383
12 41 378384
12 30 378393
12 35 378399
12 42 378408
12 35 378408
12 32 378412
12 21 378417
12 17 378423
12 28 378427
12 19 378432
12 7 378440
12 41 378447
12 4 378449
12 26 378449
12 29 378449
12 25 378457
12 23 378457
12 2 378462
12 39 378471
13 17 378475
13 9 378484
13 33 378488
13 2 378492
13 20 378494
13 3 378503
13 32 378506
13 15 378507
13 37 378509
13 12 378516
13 14 378517
13 27 378517
13 22 378522
13 23 378528
13 25 378532
13 34 378538
13 36 378540
13 26 378545
13 16 378548
13 35 378557
13 5 378557
13 39 378566
13 6 378574
13 40 378581
13 31 378581
13 33 378581
13 40 378583
13 3 378586
13 25 378592
13 1 378600
13 19 378604
13 6 378607
13 30 378612
13 23 378621
13 5 378630
13 24 378634
13 37 378634
13 12 378636
13 2 378637
13 18 378646
13 31 378650
13 29 378655
13 11 378658
13 41 378665
13 26 378671
13 35 378671
13 36 378677
13 27 378677
13 39 378681
13 7 378687
15 17 378689
15 19 378697
15 16 378699
15 7 378701
15 26 378710
15 31 378713
15 13 378718
15 42 378720
15 11 378721
15 38 378724
15 20 378733
15 6 378733
15 20 378739
15 27 378742
15 35 378746
15 25 378754
15 4 378756
15 24 378759
15 5 378763
15 30 378770
15 3 378779
15 32 378786
15 26 378793
15 33 378797
15 28 378805
15 40 378812
16 24 378816
16 36 378824
16 23 378830
16 35 378834
16 40 378843
16 22 378846
16 27 378849
16 15 378855
16 37 378857
16 6 378859
16 12 378865
16 18 378869
16 27 378878
16 12 378883
16 42 378889
16 2 378893
16 8 378900
16 0 378901
16 28 378907
16 9 378911
16 4 378912
16 11 378917
16 19 378918
16 36 378920
17 18 378922
17 3 378930
17 5 378938
17 25 378944
17 31 378953
17 24 378957
17 33 378962
17 30 378964
17 35 378967
17 37 378976
17 8 378978
17 39 378984
17 12 378992
17 2 378995
17 1 379001
17 10 379005
17 7 379007
17 40 379012
17 9 379015
17 36 379021
17 11 379021
17 29 379023
17 27 379027
17 6 379035
17 16 379035
17 22 379040
17 13 379048
17 21 379050
17 32 379051
17 22 379060
17 23 379064
17 26 379073
17 19 379076
17 40 379081
17 15 379088
17 14 379094
17 13 379097
17 36 379104
17 7 379104
17 21 379110
17 42 379111
17 0 379115
17 1 379117
17 24 379121
17 39 379127
17 5 379134
17 8 379137
17 3 379142
17 29 379149
17 37 379155
17 18 379158
17 12 379163
17 20 379165
17 9 379169
17 25 379178
17 30 379184
18 6 379189
18 20 379196
18 14 379205
18 16 379214
18 9 379222
18 13 379228
18 22 379237
18 12 379246
18 38 379252
18 42 379261
18 19 379266
18 36 379272
18 8 379278
18 33 379286
18 15 379290
18 29 379294
18 26 379301
18 41 379307
18 10 379314
18 35 379316
18 1 379321
18 6 379324
18 33 379327
18 38 379333
18 32 379335
18 9 379344
18 2 379352
18 17 379354
18 36 379362
18 10 379369
18 31 379377
18 7 379378
18 22 379382
18 11 379383
18 12 379391
18 0 379399
18 29 379404
18 20 379412
18 16 379412
18 4 379420
19 38 379427
19 23 379435
19 36 379440
19 1 379442
19 8 379448
19 33 379456
19 6 379459
19 3 379461
19 7 379464
19 40 379473
19 35 379476
19 20 379483
19 34 379492
19 15 379501
19 31 379507
19 9 379509
19 25 379513
19 32 379520
19 18 379520
19 11 379520
19 0 379528
19 39 379530
19 7 379539
19 25 379543
19 2 379549
19 6 379549
19 34 379551
19 40 379555
19 41 379564
19 32 379572
19 10 379576
19 38 379576
19 21 379577
19 8 379580
19 23 379583
19 36 379588
19 35 379593
19 17 379597
19 29 379603
19 5 379605
19 18 379614
19 30 379616
20 40 379618
20 6 379623
20 28 379629
20 29 379631
20 11 379639
20 18 379642
20 1 379650
20 5 379655
20 0 379663
20 2 379664
20 36 379665
20 26 379668
20 7 379670
20 38 379676
20 39 379681
20 17 379689
20 18 379697
20 6 379703
20 24 379704
21 25 379707
21 11 379712
21 30 379715
21 20 379718
21 18 379723
21 1 379724
21 0 379727
21 31 379730
21 6 379736
21 28 379743
21 39 379744
21 32 379751
21 8 379756
21 11 379758
22 36 379763
22 5 379771
22 16 379771
22 31 379774
22 2 379776
22 6 379777
22 1 379784
22 29 379792
22 10 379797
22 32 379803
22 40 379809
22 26 379811
22 14 379812
22 17 379816
22 3 379823
22 18 379828
22 12 379835
22 42 379842
22 21 379849
22 34 379850
22 35 379859
22 13 379859
22 39 379861
22 0 379869
22 11 379869
22 27 379875
22 2 379883
22 15 379889
22 8 379891
22 7 379897
22 28 379902
22 39 379910
22 6 379913
22 10 379915
22 42 379917
22 3 379925
22 26 379934
22 9 379939
22 20 379946
22 18 379954
22 0 379959
22 41 379962
22 14 379968
22 23 379968
22 19 379969
22 4 379975
22 36 379980
22 13 379986
22 12 379987
22 40 379993
22 33 379997
23 1 380000
23 25 380005
23 17 380014
23 34 380017
23 21 380021
23 14 380028
23 33 380034
23 3 380039
23 5 380039
23 13 380044
23 18 380044
23 40 380045
23 19 380047
23 11 380049
23 0 380051
23 37 380056
23 28 380064
23 7 380066
23 9 380070
23 10 380077
23 8 380084
23 20 380090
23 6 380091
23 4 380100
23 30 380101
23 41 380106
23 24 380113
23 36 380116
23 22 380119
23 24 380126
23 8 380134
23 20 380141
23 26 380145
23 28 380150
23 29 380154
23 6 380162
23 10 380165
23 39 380169
23 4 380170
23 40 380176
23 0 380182
23 3 380185
23 25 380192
23 34 380197
23 35 380200
23 1 380204
23 9 380207
23 32 380214
23 11 380216
23 5 380221
23 36 380230
23 13 380236
23 14 380236
23 21 380242
23 15 380245
24 2 380247
24 19 380256
24 0 380262
24 31 380271
24 9 380278
24 5 380280
24 42 380288
24 22 380297
25 19 380306
25 33 380306
25 5 380313
25 23 380319
25 21 380326
25 38 380333
25 18 380336
25 13 380344
25 30 380348
25 0 380355
25 37 380363
25 3 380368
25 22 380368
25 24 380374
25 29 380381
25 4 380385
25 36 380386
25 17 380395
25 26 380401
25 7 380404
25 0 380410
25 29 380417
25 17 380421
25 3 380425
25 5 380429
25 39 380430
25 37 380434
25 21 380437
25 33 380437
25 40 380445
25 34 380451
25 11 380451
25 7 380453
25 27 380458
25 2 380467
25 22 380468
26 39 380476
26 1 380478
26 11 380484
26 27 380486
26 38 380489
26 28 380492
26 14 380493
26 18 380494
26 35 380497
26 29 380498
26 36 380502
26 33 380509
26 4 380518
26 0 380525
26 23 380527
26 20 380533
26 42 380535
26 25 380542
26 13 380546
26 40 380553
26 12 380556
26 21 380564
26 41 380564
26 6 380567
26 16 380574
26 9 380577
26 40 380585
26 29 380585
26 16 380591
26 28 380594
26 3 380595
26 36 380600
26 33 380603
26 7 380606
26 39 380609
26 24 380613
26 21 380615
26 42 380617
26 5 380618
26 30 380624
26 9 380626
26 20 380633
26 37 380637
26 1 380643
26 4 380652
26 11 380657
26 17 380661
26 15 380667
26 14 380675
26 19 380676
27 23 380685
27 32 380686
27 36 380688
27 21 380695
27 9 380703
27 29 380703
27 10 380703
27 17 380706
27 3 380714
27 19 380723
27 26 380726
27 0 380727
27 39 380730
27 13 380735
27 6 380736
27 35 380736
27 5 380743
27 22 380746
27 40 380747
27 12 380751
27 2 380756
27 25 380764
27 42 380768
27 38 380777
27 30 380777
27 7 380782
27 0 380785
27 28 380786
27 5 380793
27 36 380797
27 37 380803
27 40 380809
27 22 380814
27 39 380819
27 35 380820
27 3 380829
27 18 380829
27 42 380836
27 15 380843
27 24 380843
27 12 380846
27 20 380850
27 21 380858
27 11 380863
27 38 380869
27 6 380870
27 33 380874
27 25 380875
27 1 380881
28 5 380890
28 40 380896
28 31 380900
28 34 380908
28 25 380913
28 17 380915
28 6 380919
28 15 380928
28 7 380935
28 35 380943
28 37 380949
28 9 380956
28 42 380964
28 10 380964
28 37 380969
28 20 380969
28 38 380972
28 33 380975
28 10 380976
28 24 380982
28 4 380987
28 32 380991
28 7 380991
28 22 380991
28 40 380995
28 36 381002
28 25 381006
28 2 381012
29 0 381016
29 18 381019
29 34 381028
29 24 381033
29 16 381041
29 30 381044
29 25 381049
29 26 381058
29 23 381063
29 28 381068
29 33 381074
29 7 381076
29 4 381084
29 2 381085
29 35 381086
29 37 381086
29 15 381092
29 17 381099
29 11 381105
29 22 381105
29 35 381110
29 23 381110
29 38 381114
29 25 381116
29 8 381116
29 1 381124
29 41 381125
29 14 381125
29 11 381130
29 16 381132
29 20 381141
29 27 381146
29 0 381149
29 21 381155
29 40 381163
29 10 381165
29 15 381167
29 32 381171
30 2 381179
30 21 381182
30 16 381189
30 15 381189
30 19 381195
30 11 381199
30 1 381204
30 39 381210
30 31 381215
30 41 381215
30 13 381218
30 42 381224
30 24 381226
30 37 381233
30 14 381234
30 18 381234
30 12 381237
30 33 381242
30 28 381245
30 29 381254
30 8 381261
30 17 381265
30 26 381268
30 42 381270
30 32 381270
30 10 381275
30 3 381284
30 4 381290
30 31 381294
30 36 381297
30 21 381303
30 19 381305
30 1 381312
30 28 381312
30 13 381313
30 40 381318
30 12 381327
31 18 381329
31 16 381334
31 27 381340
31 33 381347
31 41 381356
31 8 381357
31 42 381362
31 34 381371
31 38 381377
31 14 381384
31 4 381392
31 17 381394
31 11 381394
31 21 381397
31 0 381404
31 24 381408
31 34 381412
31 7 381420
31 37 381427
31 20 381429
31 19 381436
32 12 381442
32 6 381447
32 35 381450
32 30 381459
32 11 381460
32 21 381465
32 22 381469
33 42 381477
33 34 381478
33 27 381483
33 14 381483
33 5 381488
33 13 381494
33 37 381496
33 24 381503
33 25 381512
33 32 381517
33 19 381521
33 10 381525
33 22 381533
33 30 381538
33 8 381538
33 4 381540
33 1 381549
33 18 381551
33 6 381556
33 6 381559
33 5 381567
33 7 381574
33 17 381576
33 28 381577
33 23 381580
33 24 381585
33 15 381585
33 11 381592
33 31 381600
33 36 381605
33 12 381608
33 34 381608
33 21 381611
33 20 381613
33 10 381621
33 14 381623
33 2 381624
33 9 381631
34 35 381636
34 3 381639
34 40 381642
34 22 381647
34 8 381650
34 18 381654
34 31 381662
34 32 381668
34 25 381668
34 26 381673
34 23 381673
34 42 381676
34 27 381677
34 0 381678
34 16 381678
34 25 381684
34 18 381690
34 26 381691
34 17 381697
34 23 381703
34 4 381712
34 3 381717
34 2 381719
34 31 381722
34 30 381730
35 19 381733
35 22 381734
35 34 381738
35 40 381738
35 8 381740
35 14 381746
35 12 381747
35 31 381752
35 26 381752
35 17 381757
35 41 381758
35 28 381759
35 39 381764
35 10 381769
35 3 381777
35 20 381780
35 14 381788
35 40 381792
35 6 381794
35 16 381803
35 22 381803
35 27 381806
35 5 381812
35 15 381817
35 8 381821
35 25 381823
35 33 381823
35 42 381831
35 2 381835
35 23 381835
35 29 381843
36 4 381851
36 41 381856
36 13 381860
36 17 381860
36 12 381865
36 34 381873
36 22 381875
36 27 381878
36 7 381880
36 1 381886
36 29 381894
36 28 381902
36 8 381909
36 2 381910
36 3 381913
36 19 381917
36 11 381920
36 15 381921
36 21 381922
36 20 381923
36 18 381925
36 31 381929
36 38 381932
36 11 381934
36 16 381943
36 30 381951
36 18 381957
36 29 381957
36 41 381966
36 22 381966
36 32 381971
36 13 381974
36 34 381982
36 9 381983
36 40 381990
36 7 381991
36 20 381996
36 28 382000
36 17 382001
36 14 382003
36 37 382003
36 26 382010
36 35 382014
36 25 382018
37 26 382023
37 25 382023
37 15 382031
37 38 382038
37 4 382044
37 40 382046
37 34 382047
37 39 382050
37 41 382052
37 28 382056
37 11 382058
37 21 382067
37 29 382071
37 14 382072
37 1 382076
37 12 382083
37 9 382088
37 36 382092
37 19 382099
37 5 382104
37 13 382107
37 15 382113
37 9 382122
37 8 382125
37 4 382131
37 41 382139
37 10 382139
37 19 382146
37 29 382154
37 25 382157
37 24 382157
37 22 382158
37 26 382160
37 28 382164
37 18 382166
37 30 382167
37 17 382167
37 36 382172
37 31 382172
38 26 382180
38 29 382188
38 34 382195
38 12 382202
38 41 382204
38 5 382210
38 31 382218
38 39 382218
38 21 382220
39 29 382226
39 22 382233
39 28 382237
39 2 382242
39 0 382249
39 37 382257
39 16 382257
39 4 382257
39 40 382259
39 6 382266
39 3 382271
39 33 382273
39 42 382278
39 31 382285
39 32 382292
39 41 382294
39 19 382303
39 35 382305
39 3 382308
39 20 382315
39 4 382319
39 18 382322
39 25 382331
39 27 382334
39 17 382340
39 22 382341
39 1 382341
39 40 382341
39 7 382350
39 42 382354
39 32 382362
39 29 382371
39 19 382377
39 38 382386
39 15 382392
39 9 382400
40 26 382404
40 0 382410
40 33 382416
40 23 382419
40 41 382426
40 17 382428
40 19 382435
40 38 382439
40 11 382441
40 5 382445
40 4 382454
40 31 382462
40 3 382466
40 35 382467
40 16 382475
40 13 382482
40 10 382487
40 42 382487
40 21 382490
40 29 382490
40 35 382495
40 0 382502
40 37 382511
40 33 382519
40 23 382527
40 26 382531
40 27 382535
40 9 382538
40 10 382541
40 25 382549
40 42 382555
40 12 382555
40 2 382559
40 19 382560
40 20 382567
41 33 382569
41 21 382569
41 11 382571
41 30 382571
41 38 382574
41 26 382574
41 14 382580
41 32 382589
41 13 382591
41 7 382599
41 31 382601
41 34 382602
41 23 382604
41 10 382607
41 6 382613
41 28 382618
41 39 382621
41 18 382621
41 19 382628
41 8 382636
41 5 382636
41 24 382643
41 17 382645
41 3 382653
41 20 382653
41 25 382653
41 1 382660
41 15 382663
41 29 382667
41 42 382675
41 27 382681
41 31 382687
41 21 382695
41 12 382701
41 18 382709
41 4 382715
41 25 382716
41 34 382721
41 39 382728
41 35 382734
41 33 382737
41 38 382739
41 17 382742
41 13 382751
41 9 382755
41 32 382755
41 0 382759
41 24 382764
41 16 382767
41 20 382768
42 15 382776
42 5 382782
42 25 382790
42 24 382792
42 11 382792
42 21 382798
42 20 382802
42 4 382811
42 32 382818
42 26 382818
42 13 382826
42 28 382831
42 19 382838
42 8 382842
42 34 382849
42 40 382849
42 39 382849
42 7 382856
42 27 382858
42 6 382862
42 33 382867
42 35 382875
42 37 382880
42 9 382884
42 29 382887
42 31 382892
42 17 382896
42 2 382899
42 3 382904
42 14 382912
42 20 382912
42 18 382921
42 22 382927
42 29 382932
42 36 382936
42 28 382941
42 35 382944
42 32 382946
42 26 382946
42 6 382949
42 17 382957
42 12 382959
42 13 382967
42 33 382971
42 2 382978
42 37 382987
42 40 382992
42 7 382993
42 30 382993
42 34 382997
42 9 383003
42 38 383010
42 16 383013
42 23 383021
42 24 383028
42 8 383030
42 31 383031
