46
false
0 23 457871
0 8 457878
0 16 457887
0 34 457891
0 32 457899
0 44 457904
0 10 457911
0 7 457911
0 2 457914
0 6 457919
0 33 457921
0 17 457923
0 20 457928
0 39 457932
0 13 457932
0 18 457939
0 45 457947
0 4 457952
0 14 457953
0 35 457958
0 27 457959
0 30 457963
0 5 457967
0 23 457971
0 16 457971
0 8 457976
0 7 457981
0 4 457981
0 32 457986
0 39 457990
0 41 457990
0 44 457994
0 24 457998
0 10 458007
0 9 458016
0 15 458020
0 25 458023
0 36 458025
0 37 458031
0 12 458036
0 29 458038
0 30 458042
0 45 458042
0 38 458051
0 14 458058
1 17 458063
1 19 458072
1 5 458073
1 27 458082
1 37 458089
1 7 458097
1 32 458104
1 20 458111
1 41 458115
1 44 458123
1 5 458131
1 37 458133
1 4 458139
1 9 458148
1 36 458154
1 7 458160
1 11 458164
1 31 458171
1 15 458171
1 28 458177
2 14 458180
2 45 458187
2 21 458192
2 18 458200
2 41 458206
2 40 458211
2 3 458219
2 35 458222
2 13 458230
2 34 458235
2 17 458238
2 23 458244
2 20 458250
2 12 458250
2 8 458251
2 4 458259
2 36 458266
2 15 458275
2 27 458280
2 28 458285
2 43 458286
2 42 458293
2 9 458301
2 37 458307
2 38 458309
2 39 458315
2 1 458322
2 36 458326
2 34 458326
2 22 458333
2 33 458340
2 25 458345
2 37 458347
2 28 458353
2 3 458357
2 40 458361
2 27 458366
2 43 458370
2 19 458374
2 30 458374
2 23 458382
2 14 458385
2 21 458386
2 41 458387
2 44 458396
2 17 458400
2 18 458406
2 6 458413
4 39 458420
4 25 458426
4 22 458434
4 41 458442
4 6 458448
4 15 458451
4 43 458452
4 31 458458
4 36 458460
4 7 458466
4 24 458471
4 30 458478
4 12 458487
4 17 458495
4 3 458495
4 18 458504
4 28 458513
4 19 458513
4 16 458520
4 13 458528
4 27 458537
4 45 458541
4 2 458550
4 21 458551
4 34 458556
4 8 458556
4 44 458562
4 20 458567
4 9 458575
4 29 458575
4 38 458582
4 42 458587
4 0 458587
4 28 458592
4 36 458594
4 8 458596
4 11 458603
4 14 458612
4 26 458620
4 25 458626
4 40 458629
4 23 458629
4 33 458630
4 30 458631
4 24 458632
4 13 458632
4 35 458636
4 21 458636
4 41 458644
4 37 458645
4 10 458652
4 31 458661
4 27 458669
4 12 458677
4 44 458678
5 35 458678
5 7 458682
5 37 458689
5 42 458690
5 14 458690
5 26 458693
5 17 458699
5 28 458704
5 10 458713
5 2 458715
5 23 458717
5 3 458717
5 11 458720
5 44 458725
5 29 458731
5 22 458738
5 1 458744
5 21 458745
5 22 458753
5 19 458759
5 14 458763
5 7 458764
5 32 458767
5 1 458768
5 11 458770
5 25 458774
5 13 458782
5 44 458789
5 9 458794
5 0 458795
5 3 458796
5 39 458804
5 29 458812
5 8 458820
5 45 458825
5 30 458826
5 12 458826
5 41 458833
6 33 458833
6 39 458834
6 23 458841
6 0 458847
6 19 458851
6 40 458855
6 31 458861
6 10 458869
6 32 458873
6 26 458877
6 36 458878
6 13 458883
6 20 458884
6 2 458891
6 24 458900
6 43 458908
6 12 458914
6 27 458919
6 8 458919
6 33 458921
6 4 458924
6 30 458928
6 27 458935
6 38 458936
6 42 458939
6 19 458945
6 36 458947
6 37 458955
6 3 458959
6 18 458968
6 14 458968
6 13 458968
6 2 458975
6 10 458983
6 8 458992
6 39 458999
6 29 459004
6 34 459012
7 2 459014
7 43 459022
7 11 459029
7 36 459038
7 24 459039
7 1 459039
7 12 459042
7 20 459050
7 17 459054
7 0 459063
7 26 459067
7 23 459070
7 25 459079
7 45 459084
7 21 459087
7 15 459092
7 3 459092
7 18 459097
7 9 459101
7 39 459103
7 8 459108
7 28 459113
7 22 459121
7 32 459130
7 40 459131
7 33 459137
7 38 459145
7 34 459149
7 6 459153
7 29 459153
7 14 459155
7 14 459155
7 5 459164
7 20 459165
7 41 459167
7 21 459176
7 34 459178
7 35 459181
7 27 459186
7 40 459190
7 37 459196
7 36 459203
7 30 459211
7 9 459213
7 17 459215
7 43 459220
7 32 459224
7 2 459229
7 23 459229
7 11 459230
7 3 459234
7 6 459241
7 15 459245
7 24 459254
7 33 459256
7 29 459258
7 10 459264
7 28 459266
7 8 459267
8 4 459271
8 12 459272
8 28 459278
8 30 459283
8 19 459283
8 35 459285
8 11 459293
8 41 459294
8 17 459300
8 7 459309
8 24 459316
8 45 459318
8 26 459320
8 5 459325
8 9 459327
8 34 459331
8 43 459336
8 16 459341
8 13 459346
8 20 459354
8 40 459357
8 43 459359
8 29 459363
8 5 459368
8 21 459376
8 27 459382
8 9 459387
8 25 459395
8 18 459396
8 31 459398
8 34 459400
8 22 459405
8 42 459410
8 24 459415
8 19 459415
8 36 459418
8 39 459422
9 35 459427
9 34 459433
9 31 459440
9 28 459442
9 4 459450
9 33 459457
9 17 459459
9 14 459460
9 37 459463
9 39 459472
9 36 459476
9 21 459485
9 6 459489
9 10 459489
9 13 459492
9 42 459501
9 1 459506
9 38 459508
9 43 459510
9 29 459510
9 45 459512
9 16 459516
9 32 459517
9 3 459524
10 9 459531
10 45 459536
10 29 459545
10 43 459553
10 13 459560
10 36 459560
10 38 459563
10 1 459563
10 7 459565
10 23 459571
10 18 459579
10 35 459584
10 39 459587
10 16 459596
10 34 459598
10 0 459598
10 27 459605
10 25 459610
10 6 459614
10 19 459620
10 42 459629
10 32 459638
10 24 459638
10 20 459644
10 5 459653
10 44 459657
10 18 459666
10 2 459666
10 30 459672
10 12 459679
10 5 459683
10 27 459692
10 34 459699
10 19 459704
10 26 459709
10 32 459711
10 24 459719
10 28 459719
10 33 459728
10 25 459733
10 9 459733
10 14 459740
10 20 459746
10 23 459750
10 11 459753
11 10 459756
11 45 459764
11 27 459768
11 3 459774
11 5 459781
11 33 459782
11 29 459790
11 37 459797
11 6 459803
11 22 459808
11 39 459810
11 44 459815
11 8 459820
11 15 459828
11 36 459832
11 14 459838
11 25 459841
11 9 459843
11 0 459843
11 33 459844
11 0 459851
11 7 459851
11 36 459852
11 30 459855
11 18 459861
11 12 459865
11 9 459872
11 3 459881
11 1 459888
11 40 459890
11 37 459896
11 32 459905
11 35 459908
11 8 459908
11 24 459912
11 44 459914
11 19 459916
11 25 459918
11 31 459926
11 17 459933
11 43 459933
12 31 459938
12 9 459943
12 13 459943
12 24 459946
12 35 459953
12 27 459962
12 5 459965
12 15 459973
12 40 459978
12 26 459983
12 29 459988
12 1 459994
12 30 459997
12 37 460001
12 3 460001
12 21 460003
12 30 460008
12 0 460010
12 34 460016
12 31 460024
12 32 460024
12 13 460025
12 35 460031
12 38 460038
12 36 460038
12 22 460046
12 21 460047
12 44 460055
12 42 460062
12 5 460065
12 19 460067
12 2 460074
12 6 460081
12 7 460088
12 17 460097
12 24 460097
13 20 460098
13 29 460107
13 27 460113
13 10 460122
13 17 460122
13 9 460126
13 41 460131
13 42 460137
13 44 460140
13 23 460143
13 14 460147
13 1 460149
13 19 460158
13 32 460162
13 34 460162
13 33 460162
13 37 460170
13 2 460177
13 21 460179
13 31 460179
13 33 460183
13 0 460192
13 23 460196
13 44 460200
13 16 460202
13 36 460211
13 39 460217
13 29 460224
13 6 460233
13 19 460242
13 5 460249
13 34 460258
13 9 460259
13 8 460266
13 32 460268
14 18 460277
14 40 460277
14 19 460277
14 29 460282
14 15 460286
14 42 460293
14 9 460295
15 23 460296
15 8 460304
15 42 460311
15 40 460317
15 28 460325
15 7 460329
15 4 460330
15 26 460331
15 3 460336
15 2 460341
15 20 460344
15 22 460348
15 18 460353
15 37 460362
15 13 460371
15 30 460371
15 39 460373
15 21 460375
15 12 460375
15 41 460380
15 16 460387
15 36 460393
15 14 460397
15 26 460397
15 21 460402
15 28 460408
15 19 460408
15 24 460410
15 30 460412
15 38 460416
15 6 460418
15 10 460425
15 34 460433
15 44 460438
15 31 460447
15 7 460450
15 43 460455
15 20 460459
15 13 460468
15 27 460471
15 33 460479
15 42 460484
15 8 460487
15 1 460491
16 40 460499
16 20 460500
16 7 460507
16 32 460514
16 41 460523
16 38 460530
16 25 460537
16 43 460541
16 24 460549
16 37 460556
16 10 460559
16 21 460563
16 35 460571
16 1 460577
16 42 460581
16 15 460590
16 8 460593
16 11 460596
16 44 460602
16 35 460605
16 26 460611
16 30 460617
16 18 460621
16 24 460627
16 14 460631
16 37 460640
16 21 460649
16 36 460650
16 9 460650
16 4 460654
16 40 460655
16 31 460658
17 21 460665
17 3 460668
17 6 460675
17 12 460675
17 19 460681
17 41 460683
17 23 460691
17 22 460699
17 1 460705
17 28 460714
17 42 460718
17 40 460723
17 4 460725
17 29 460732
17 33 460740
17 44 460749
17 45 460755
17 4 460763
17 31 460765
17 32 460771
17 20 460775
17 37 460783
17 18 460791
17 36 460795
17 43 460800
17 12 460807
17 28 460810
17 40 460819
17 6 460823
17 42 460824
17 35 460832
17 34 460840
17 27 460840
19 20 460848
19 32 460853
20 25 460854
20 11 460856
20 22 460865
20 14 460873
20 28 460877
20 17 460878
20 13 460883
20 38 460890
20 43 460896
20 31 460899
20 15 460906
20 6 460906
20 45 460912
20 10 460913
20 16 460917
20 32 460919
20 9 460923
20 15 460929
20 28 460931
20 2 460934
20 23 460939
20 13 460946
20 44 460948
20 36 460951
21 27 460956
21 0 460961
21 32 460961
21 44 460964
21 30 460969
21 7 460976
21 9 460978
21 41 460978
21 13 460986
21 35 460986
21 1 460990
21 10 460996
21 24 461004
21 3 461008
21 23 461017
21 19 461023
21 42 461028
21 28 461035
21 40 461038
21 25 461040
21 2 461040
21 12 461047
21 22 461051
21 33 461058
21 0 461065
21 42 461071
21 32 461078
21 8 461082
21 13 461091
21 3 461097
21 1 461100
21 30 461109
21 41 461117
21 9 461119
21 31 461127
21 24 461134
21 10 461135
22 42 461136
22 25 461142
22 45 461150
22 26 461158
23 45 461162
23 29 461170
24 0 461172
24 36 461181
24 34 461189
24 45 461193
24 38 461198
24 35 461203
24 22 461206
24 21 461212
24 10 461220
24 1 461223
24 22 461231
24 7 461234
24 29 461243
24 1 461246
24 28 461247
24 35 461255
24 30 461264
24 25 461273
24 40 461280
24 2 461281
24 19 461285
25 35 461290
25 3 461296
25 24 461296
25 0 461304
25 31 461312
25 22 461314
25 19 461323
25 14 461330
25 37 461336
25 10 461344
25 34 461351
25 11 461360
25 43 461368
25 28 461372
25 32 461372
25 21 461374
25 16 461376
25 2 461377
25 7 461385
25 13 461389
25 36 461392
25 42 461393
25 8 461402
25 5 461411
25 26 461417
25 11 461419
25 10 461424
25 19 461430
25 31 461432
25 14 461440
25 39 461443
25 12 461451
25 30 461456
25 9 461463
25 45 461464
25 16 461465
25 41 461473
25 7 461481
25 21 461483
25 20 461489
25 3 461494
25 2 461496
25 0 461504
25 8 461512
25 17 461518
25 1 461521
25 38 461524
25 18 461527
25 23 461533
26 15 461539
26 37 461546
26 35 461547
26 39 461554
26 33 461559
26 17 461561
26 7 461564
26 45 461570
26 12 461578
26 40 461582
26 11 461584
26 2 461586
26 0 461587
26 23 461594
26 38 461602
26 19 461607
26 10 461612
27 36 461614
27 23 461615
27 4 461619
27 16 461624
27 15 461628
27 33 461637
27 24 461639
27 7 461647
27 8 461654
27 32 461661
27 44 461668
27 21 461674
27 0 461683
27 43 461684
27 42 461693
27 41 461693
27 12 461695
27 3 461703
27 6 461712
27 20 461720
27 34 461726
27 9 461732
27 13 461737
27 14 461743
27 35 461745
27 1 461754
27 31 461759
27 20 461766
27 43 461771
27 44 461778
27 5 461783
27 17 461783
27 36 461786
27 41 461792
27 4 461798
27 12 461800
27 35 461801
27 32 461807
27 33 461813
27 34 461819
27 21 461824
27 7 461832
27 13 461837
27 14 461846
27 2 461849
27 0 461852
27 15 461854
27 16 461855
27 24 461859
27 11 461859
27 39 461867
27 22 461873
27 19 461875
27 8 461881
28 5 461886
28 44 461891
28 20 461899
28 18 461906
28 40 461909
28 24 461915
28 37 461922
28 1 461931
28 39 461936
28 38 461936
28 26 461945
28 13 461946
28 17 461947
28 3 461953
28 41 461956
28 22 461959
28 25 461966
28 21 461973
28 43 461981
28 12 461988
28 27 461992
28 19 461996
28 4 461998
28 36 461999
28 24 462007
28 19 462013
28 30 462022
28 34 462025
28 27 462027
28 9 462033
28 29 462039
28 1 462043
28 2 462043
28 17 462046
28 38 462053
28 43 462056
28 44 462061
28 23 462062
28 41 462071
28 37 462079
28 25 462085
28 3 462085
28 14 462093
28 26 462098
28 32 462100
28 10 462106
28 42 462113
28 33 462122
29 8 462126
29 21 462134
29 31 462134
30 13 462142
30 43 462145
30 7 462152
30 17 462152
30 45 462159
30 4 462164
30 3 462169
30 6 462172
30 26 462175
30 41 462183
30 9 462187
30 14 462194
30 31 462202
30 8 462207
30 23 462207
30 14 462212
30 37 462214
30 6 462218
30 19 462219
30 34 462228
30 8 462234
30 26 462241
30 20 462244
30 27 462250
30 21 462257
30 31 462261
30 10 462265
30 35 462268
30 28 462271
30 17 462271
31 8 462275
31 38 462278
31 36 462278
31 21 462285
31 6 462288
31 41 462294
31 10 462294
31 29 462296
31 35 462301
31 25 462306
31 39 462313
31 15 462315
31 30 462317
31 40 462324
31 28 462327
31 26 462331
31 1 462334
31 37 462334
31 27 462341
31 11 462342
31 20 462346
31 33 462354
31 14 462361
31 9 462365
31 44 462368
31 12 462377
31 19 462386
31 44 462393
31 6 462400
31 29 462401
31 41 462409
31 10 462417
31 34 462423
31 26 462423
31 33 462428
31 42 462435
31 21 462440
31 15 462440
31 17 462446
31 3 462449
31 43 462450
31 32 462455
31 38 462461
31 8 462470
31 35 462471
31 30 462473
31 20 462474
31 12 462481
31 18 462486
32 28 462492
32 7 462501
32 31 462506
32 24 462510
32 37 462512
32 0 462514
32 41 462515
32 29 462521
32 2 462522
32 18 462530
32 27 462531
33 2 462539
33 34 462541
33 3 462550
33 44 462551
33 41 462553
33 15 462560
33 21 462568
33 5 462568
33 23 462568
33 45 462571
33 29 462579
33 25 462588
33 22 462597
33 17 462600
33 11 462603
33 7 462606
33 27 462607
33 12 462607
33 16 462612
33 35 462613
33 6 462614
33 28 462621
33 40 462621
33 12 462622
33 18 462631
33 19 462633
33 0 462633
33 17 462636
33 37 462644
33 29 462652
33 43 462655
33 42 462657
33 20 462664
33 38 462664
33 7 462667
33 21 462667
33 27 462668
33 8 462677
33 26 462677
33 31 462684
33 25 462692
33 2 462694
33 9 462694
33 22 462695
33 45 462699
33 32 462706
33 4 462707
34 12 462713
34 23 462721
34 39 462725
34 0 462733
34 9 462739
34 5 462747
34 1 462749
34 21 462755
34 42 462755
34 20 462762
34 8 462766
34 44 462768
34 2 462771
34 41 462780
34 43 462787
34 30 462795
34 12 462801
34 6 462805
34 23 462807
34 31 462814
34 33 462814
34 27 462823
34 16 462823
34 13 462829
34 26 462838
34 7 462842
34 15 462849
34 21 462855
34 22 462857
34 37 462862
35 3 462862
35 27 462862
35 28 462862
35 4 462866
35 11 462873
35 30 462877
35 34 462885
35 10 462888
35 32 462894
35 22 462903
35 9 462910
35 24 462915
35 31 462923
35 22 462926
35 18 462932
35 17 462937
35 30 462946
35 38 462946
35 41 462952
35 45 462956
35 14 462958
35 8 462966
35 13 462967
36 35 462967
36 26 462976
36 14 462981
36 11 462987
36 28 462987
36 2 462992
36 20 462992
36 24 462996
36 8 462998
36 4 463006
36 34 463007
36 12 463007
36 30 463012
36 18 463021
36 43 463026
36 40 463032
36 17 463036
36 44 463044
36 13 463046
36 32 463054
36 0 463058
36 6 463062
36 21 463064
36 15 463068
36 2 463072
36 14 463078
36 22 463086
36 11 463087
36 42 463089
36 43 463091
36 35 463091
36 4 463094
36 13 463099
36 9 463106
36 40 463107
36 10 463112
36 23 463121
36 18 463124
36 3 463124
36 29 463131
36 20 463132
36 1 463139
36 8 463146
36 24 463151
36 41 463158
37 9 463162
37 29 463165
37 18 463171
37 26 463173
37 22 463180
37 40 463187
37 11 463191
37 4 463191
37 25 463192
37 8 463197
37 17 463200
37 5 463204
37 0 463212
37 19 463213
37 34 463217
37 27 463222
37 35 463225
37 15 463232
37 21 463237
37 16 463246
37 39 463253
37 24 463256
37 15 463257
37 1 463264
37 40 463268
37 22 463275
37 31 463278
37 45 463286
37 42 463289
37 18 463292
37 4 463295
37 17 463297
37 10 463301
37 26 463307
37 32 463313
37 14 463319
38 19 463322
38 6 463331
38 5 463332
38 7 463337
38 22 463339
38 30 463345
38 20 463353
38 37 463361
38 31 463361
38 41 463366
38 30 463372
38 25 463374
38 18 463381
38 28 463390
38 4 463395
38 12 463401
38 32 463403
38 10 463407
38 3 463413
38 33 463418
39 23 463419
39 22 463422
39 20 463424
39 38 463433
39 24 463441
39 28 463446
40 21 463451
40 44 463454
40 13 463462
40 30 463469
40 22 463471
40 33 463472
40 14 463475
40 7 463476
40 12 463479
40 3 463479
40 28 463486
40 29 463494
40 20 463499
40 23 463499
40 36 463502
40 17 463502
40 35 463504
40 15 463512
40 8 463512
40 42 463518
40 11 463519
40 3 463525
40 21 463532
40 37 463540
40 38 463545
40 35 463548
40 34 463551
40 22 463556
40 39 463559
40 10 463562
40 32 463570
40 24 463576
40 36 463581
40 4 463581
41 11 463586
41 39 463588
41 45 463589
41 16 463589
41 0 463595
41 25 463601
41 9 463601
41 29 463604
41 22 463610
41 31 463616
41 13 463621
41 42 463630
41 5 463633
41 6 463641
41 18 463646
41 24 463647
41 33 463651
41 27 463651
41 36 463651
41 30 463658
41 21 463661
41 33 463663
41 24 463663
41 22 463668
41 9 463673
41 25 463674
41 5 463683
41 7 463689
41 42 463694
41 19 463694
41 0 463698
41 13 463698
41 30 463701
41 18 463707
41 44 463710
41 35 463717
41 15 463720
41 12 463726
41 21 463727
41 26 463735
41 6 463740
41 37 463744
42 4 463748
42 5 463754
42 40 463758
42 7 463763
42 16 463772
42 30 463778
42 3 463781
42 37 463789
42 11 463791
42 12 463794
42 20 463796
42 27 463805
42 26 463809
42 36 463811
42 35 463819
42 31 463826
42 43 463827
42 19 463830
42 1 463836
42 0 463841
42 32 463850
42 1 463855
42 11 463858
42 12 463861
42 35 463862
42 30 463863
42 40 463865
42 21 463869
42 9 463872
42 39 463874
42 5 463875
42 7 463881
42 23 463887
42 18 463888
42 31 463896
42 32 463901
42 17 463904
42 2 463912
42 28 463921
42 26 463922
42 29 463929
42 44 463929
42 19 463932
42 33 463936
43 40 463937
43 24 463937
43 41 463945
43 30 463947
43 15 463947
43 45 463956
43 17 463964
43 34 463969
43 13 463973
43 33 463978
43 44 463978
43 7 463986
43 27 463993
43 28 463999
43 10 464001
43 8 464002
43 14 464005
43 19 464007
43 42 464010
43 20 464011
43 38 464012
43 11 464012
43 23 464016
43 13 464020
43 26 464021
43 37 464024
43 31 464029
43 41 464033
43 2 464034
43 25 464036
43 38 464041
43 21 464042
43 0 464045
43 36 464052
43 9 464060
43 42 464068
43 12 464076
43 33 464084
43 29 464084
43 6 464090
43 7 464091
44 38 464095
44 20 464095
44 36 464096
44 33 464097
44 23 464099
44 0 464108
44 21 464117
44 40 464122
44 15 464130
44 25 464138
44 9 464145
44 34 464152
44 39 464154
44 24 464154
44 8 464156
44 22 464158
44 4 464161
44 41 464169
44 37 464174
44 6 464181
44 10 464189
44 18 464196
44 5 464203
44 32 464208
44 12 464212
44 35 464219
44 28 464226
44 24 464231
44 13 464232
44 40 464238
44 31 464242
44 1 464245
44 10 464252
44 33 464259
44 19 464261
44 22 464264
44 43 464270
44 16 464277
44 45 464280
44 8 464282
44 36 464291
44 29 464299
44 18 464303
44 12 464303
44 11 464307
44 4 464313
44 27 464314
44 26 464316
44 14 464321
44 30 464329
44 9 464338
44 35 464345
44 38 464347
44 0 464354
44 28 464358
44 42 464361
44 7 464370
44 20 464378
45 34 464379
45 27 464387
