51
false
0 35 623027
0 32 623034
0 29 623043
0 4 623047
0 6 623055
0 37 623060
0 28 623067
0 21 623072
0 18 623075
0 27 623082
0 22 623087
0 45 623091
0 23 623095
0 7 623095
0 38 623104
0 16 623110
0 46 623114
0 42 623119
0 50 623122
0 13 623128
0 43 623129
0 47 623131
0 5 623138
0 1 623142
0 41 623151
0 20 623156
0 36 623156
0 23 623157
0 13 623159
0 18 623165
0 27 623173
0 14 623176
0 39 623179
0 29 623186
0 6 623195
0 1 623195
0 36 623195
0 45 623195
0 42 623198
0 34 623206
0 28 623208
0 41 623208
0 8 623216
0 43 623223
0 32 623230
0 33 623233
0 9 623240
0 2 623247
0 46 623256
0 44 623263
0 35 623265
0 11 623273
0 40 623277
0 37 623277
0 21 623285
0 49 623291
1 26 623298
1 14 623303
1 3 623309
1 12 623317
1 37 623318
1 29 623325
1 38 623333
1 27 623339
1 34 623344
1 23 623352
1 31 623355
1 43 623363
1 17 623369
1 47 623376
1 2 623377
1 44 623379
1 45 623387
1 18 623391
1 8 623391
1 32 623393
1 24 623398
1 4 623403
1 28 623404
1 50 623404
1 40 623413
1 15 623422
1 41 623424
1 33 623429
1 5 623436
1 13 623436
1 9 623443
1 35 623448
1 5 623450
1 6 623456
1 10 623460
1 38 623464
1 23 623469
1 49 623470
1 22 623478
1 47 623487
1 44 623495
1 36 623498
1 20 623499
1 11 623500
1 17 623502
1 29 623503
1 8 623509
1 15 623518
1 21 623524
1 27 623531
1 43 623535
1 41 623542
1 42 623550
1 3 623553
1 12 623555
1 14 623564
1 50 623565
1 30 623571
1 9 623573
1 18 623579
1 26 623585
1 4 623593
1 32 623601
1 46 623610
1 40 623616
2 43 623625
2 30 623625
2 25 623632
2 18 623633
2 40 623634
2 14 623634
2 4 623643
2 41 623644
2 5 623648
2 49 623653
2 46 623658
2 35 623658
2 24 623664
2 36 623670
2 41 623678
2 17 623678
2 13 623685
2 16 623690
2 5 623690
2 35 623698
2 7 623700
2 25 623703
2 42 623709
2 34 623709
2 20 623713
2 18 623721
2 33 623727
2 6 623730
2 1 623739
3 40 623745
3 7 623747
3 13 623748
3 12 623748
3 48 623757
3 38 623761
3 23 623762
3 22 623763
3 42 623770
3 30 623778
3 44 623785
3 24 623792
3 26 623801
3 10 623802
3 15 623802
3 16 623808
3 35 623811
4 30 623811
4 9 623815
4 45 623822
4 49 623823
4 50 623823
4 23 623826
4 11 623835
4 15 623841
4 20 623846
4 0 623855
4 10 623857
4 13 623866
4 2 623875
4 36 623880
4 48 623880
4 43 623887
4 41 623891
4 1 623898
4 3 623904
4 46 623912
4 22 623912
4 8 623912
4 21 623913
4 34 623915
4 31 623919
4 42 623926
4 39 623931
4 48 623932
4 23 623933
4 2 623940
4 46 623947
4 8 623955
4 28 623962
4 38 623970
4 42 623974
4 6 623977
4 31 623978
4 14 623980
4 45 623980
4 9 623981
4 0 623981
4 30 623984
4 15 623984
4 26 623990
4 44 623998
4 11 624002
4 49 624006
4 25 624011
4 13 624012
4 43 624020
4 7 624021
4 50 624021
5 29 624023
5 48 624026
5 11 624030
5 22 624037
5 41 624038
5 21 624041
5 4 624050
5 40 624052
5 38 624053
5 31 624061
5 12 624061
5 0 624068
5 17 624074
5 16 624074
5 48 624074
5 45 624081
5 24 624086
5 50 624094
5 7 624103
5 49 624105
5 44 624113
5 3 624120
5 34 624129
5 10 624130
5 20 624130
5 2 624133
5 26 624134
5 14 624138
5 47 624144
6 22 624147
6 19 624156
6 43 624165
6 38 624170
6 39 624177
6 41 624182
6 33 624186
6 36 624195
6 31 624202
6 35 624206
6 0 624212
6 25 624217
6 21 624219
6 28 624227
6 15 624233
6 13 624237
6 20 624237
6 17 624243
6 49 624243
6 34 624249
6 14 624249
6 46 624258
6 26 624264
6 42 624266
6 23 624266
6 2 624267
6 27 624269
6 25 624278
6 4 624287
6 41 624289
6 14 624292
6 7 624297
6 37 624301
6 24 624307
6 15 624314
6 35 624321
6 44 624329
6 34 624332
6 12 624333
6 29 624338
6 3 624344
6 11 624353
7 49 624362
7 31 624363
7 18 624372
7 47 624379
7 37 624379
7 29 624380
7 46 624384
7 42 624393
7 27 624395
7 30 624397
7 33 624406
7 35 624408
7 48 624410
7 39 624411
7 15 624414
7 17 624422
7 11 624424
7 44 624431
7 23 624439
7 38 624448
7 21 624449
7 3 624450
7 5 624450
7 22 624452
7 25 624454
7 28 624460
7 41 624461
7 8 624466
7 34 624469
7 32 624471
7 46 624474
7 38 624476
7 44 624480
7 32 624483
7 42 624490
7 40 624491
7 22 624492
7 10 624499
7 35 624505
7 45 624511
7 43 624516
7 47 624522
7 19 624530
7 24 624539
7 21 624544
7 11 624552
7 31 624559
7 23 624562
7 1 624567
7 36 624573
7 17 624575
7 6 624583
7 27 624585
7 25 624592
7 14 624601
7 8 624601
7 4 624607
7 3 624615
7 16 624623
7 2 624632
7 41 624639
8 20 624642
8 37 624647
8 35 624649
8 46 624653
8 7 624654
8 30 624661
8 12 624668
8 32 624673
8 26 624682
8 22 624691
8 24 624699
8 3 624705
8 0 624714
8 21 624716
8 50 624724
8 6 624729
8 47 624732
8 10 624741
8 40 624743
8 13 624743
8 26 624744
8 18 624749
8 12 624754
8 37 624758
8 7 624764
8 6 624773
8 32 624776
8 3 624785
8 25 624785
8 45 624791
8 5 624800
8 1 624800
8 2 624804
8 31 624810
8 50 624816
9 17 624820
9 32 624829
9 15 624836
9 47 624844
9 50 624852
9 25 624858
9 39 624862
9 37 624866
9 29 624875
9 43 624884
9 19 624892
9 27 624900
9 22 624908
9 16 624914
9 18 624923
9 0 624923
9 11 624926
9 2 624926
9 36 624931
9 46 624934
9 44 624942
9 34 624946
9 0 624952
9 32 624959
9 41 624960
9 21 624968
9 30 624975
9 27 624979
9 8 624985
9 28 624994
9 20 625000
9 40 625005
9 22 625011
10 17 625012
10 34 625016
10 11 625020
10 26 625026
10 21 625032
10 12 625035
10 38 625037
10 23 625037
10 50 625041
10 19 625041
10 39 625049
10 2 625057
10 18 625057
10 15 625058
10 40 625065
10 42 625068
10 3 625072
10 41 625075
10 26 625075
10 38 625076
10 19 625079
10 11 625083
10 18 625085
10 5 625085
10 12 625087
10 0 625089
10 44 625091
10 7 625100
10 37 625101
10 6 625107
11 21 625110
11 37 625115
11 8 625120
11 18 625120
11 38 625123
11 1 625124
11 44 625127
11 16 625128
11 33 625134
11 6 625136
11 3 625141
11 14 625147
11 24 625150
11 25 625154
11 30 625162
11 48 625171
11 29 625176
11 36 625179
11 31 625184
11 4 625186
11 2 625192
11 9 625196
11 10 625197
11 22 625204
11 29 625204
11 46 625212
11 14 625213
11 40 625221
11 30 625229
11 42 625238
11 1 625240
11 48 625246
11 5 625248
11 26 625255
11 20 625264
11 33 625271
11 25 625272
11 50 625281
11 44 625287
11 16 625296
11 7 625296
11 23 625297
11 10 625305
11 4 625308
11 9 625313
11 18 625321
11 28 625330
11 38 625332
12 45 625334
12 0 625342
12 11 625349
12 49 625358
12 7 625366
12 23 625373
12 17 625375
12 33 625375
12 47 625379
12 40 625388
12 50 625392
12 34 625396
12 15 625398
12 29 625407
12 30 625410
13 50 625417
13 16 625426
13 15 625435
13 46 625444
13 12 625444
13 19 625451
13 49 625452
13 34 625459
13 8 625461
13 2 625467
13 24 625467
13 0 625467
13 10 625472
13 14 625472
13 32 625477
13 23 625484
13 40 625485
13 6 625493
13 38 625500
13 41 625506
13 1 625508
13 22 625511
13 25 625515
13 47 625519
13 9 625521
13 20 625526
13 35 625535
13 24 625535
13 23 625537
13 50 625538
13 37 625547
13 9 625547
13 17 625552
13 15 625555
13 10 625562
13 26 625568
13 45 625572
13 48 625578
13 3 625583
13 0 625591
13 49 625592
13 36 625598
13 43 625602
13 31 625610
13 34 625616
13 44 625622
13 8 625629
13 5 625637
13 25 625641
13 46 625642
13 28 625651
13 14 625653
13 40 625657
13 39 625662
13 6 625668
13 22 625677
14 5 625685
14 29 625687
14 26 625690
14 49 625694
14 21 625701
14 23 625710
14 4 625717
14 45 625720
14 10 625726
14 32 625733
14 8 625736
14 17 625740
14 35 625748
14 43 625754
14 44 625758
14 13 625764
14 6 625768
14 19 625773
14 7 625777
14 36 625780
14 30 625786
14 27 625788
14 11 625794
14 25 625798
14 42 625799
14 46 625808
14 2 625809
14 20 625816
14 38 625823
14 31 625826
14 22 625833
14 0 625833
14 44 625839
14 9 625848
14 46 625850
14 5 625851
14 37 625853
14 17 625861
14 38 625869
14 43 625869
14 40 625877
14 15 625884
14 41 625892
14 22 625901
14 47 625907
14 36 625910
14 34 625914
14 7 625921
14 31 625923
14 6 625927
14 11 625936
14 23 625943
14 39 625946
14 27 625946
14 45 625950
14 33 625958
14 16 625960
14 1 625969
15 14 625973
15 6 625982
15 31 625985
15 27 625992
15 0 625994
15 45 625999
17 23 626002
17 31 626002
17 24 626008
17 38 626009
17 37 626013
17 6 626015
17 44 626024
17 8 626025
17 40 626033
17 46 626040
17 22 626046
17 12 626049
17 0 626050
17 42 626052
17 33 626059
17 2 626067
17 7 626068
17 26 626073
17 48 626073
17 24 626078
17 26 626083
17 8 626089
17 19 626091
17 42 626091
17 16 626099
17 2 626108
17 47 626116
17 5 626122
17 18 626131
17 20 626135
17 6 626144
17 43 626145
17 22 626145
17 46 626151
17 35 626157
17 27 626165
17 7 626169
17 11 626177
17 25 626186
17 36 626186
18 40 626193
18 39 626195
18 8 626200
18 14 626203
18 33 626206
18 48 626212
18 32 626215
18 50 626222
18 41 626222
18 20 626224
18 6 626232
18 45 626237
18 35 626243
18 9 626248
18 4 626249
18 17 626255
18 2 626263
18 13 626267
18 19 626276
18 22 626278
18 24 626287
18 23 626295
18 30 626299
18 0 626304
18 28 626309
18 5 626312
18 15 626320
18 26 626323
18 27 626326
18 7 626327
18 32 626328
18 15 626336
18 49 626345
18 50 626354
18 1 626361
18 40 626362
18 20 626366
18 9 626371
18 11 626371
18 3 626375
18 17 626378
18 2 626382
18 25 626383
18 39 626385
18 4 626386
18 7 626392
18 35 626400
18 8 626404
18 26 626409
18 36 626415
18 41 626415
18 6 626416
18 48 626422
18 5 626430
18 38 626437
18 47 626441
18 46 626444
18 33 626447
18 30 626448
19 49 626457
19 43 626459
19 24 626460
19 37 626464
19 39 626469
19 9 626476
19 34 626484
19 14 626489
19 31 626497
19 12 626502
19 1 626509
19 13 626516
19 17 626517
19 42 626520
19 15 626527
19 32 626527
19 50 626530
19 2 626530
19 28 626532
19 8 626540
19 10 626546
19 27 626547
19 25 626553
19 33 626558
19 18 626561
19 11 626564
19 38 626569
19 48 626577
19 3 626580
19 21 626586
19 34 626593
19 16 626602
19 38 626603
19 18 626608
19 1 626616
19 39 626616
19 6 626619
19 17 626621
19 12 626622
19 3 626629
19 22 626637
19 43 626642
19 35 626648
19 41 626648
19 27 626651
19 11 626651
19 46 626656
19 40 626665
19 9 626672
19 28 626678
19 42 626683
19 33 626690
19 0 626697
19 20 626703
19 13 626706
19 25 626712
19 44 626713
19 4 626716
19 47 626724
20 10 626730
20 50 626738
20 37 626744
20 3 626746
20 32 626752
20 17 626755
20 42 626760
20 16 626768
20 19 626769
20 2 626772
20 24 626776
20 38 626782
20 8 626789
20 0 626797
20 15 626806
20 14 626813
20 26 626818
20 27 626818
20 29 626819
20 45 626825
20 22 626826
20 49 626832
20 12 626833
20 46 626837
20 4 626838
20 48 626838
20 44 626841
20 39 626846
20 33 626854
20 41 626854
20 35 626861
20 9 626867
20 13 626872
20 39 626877
20 16 626877
20 0 626878
20 12 626880
20 22 626885
20 45 626887
20 35 626895
20 6 626901
20 9 626909
20 36 626911
20 5 626915
20 24 626924
20 40 626925
20 48 626932
20 42 626938
20 31 626939
20 7 626940
20 19 626945
20 8 626952
20 34 626955
20 43 626956
20 30 626963
20 15 626970
20 21 626976
20 25 626981
20 38 626985
20 28 626994
20 17 627000
20 3 627009
20 4 627012
21 49 627019
21 48 627024
21 36 627027
21 34 627029
21 8 627029
21 25 627032
21 24 627033
21 38 627035
21 6 627036
21 10 627037
21 37 627038
21 18 627041
21 45 627048
21 2 627054
21 7 627054
21 46 627062
21 12 627067
21 50 627068
21 32 627068
21 11 627070
21 47 627079
21 5 627085
21 14 627093
21 30 627101
21 9 627108
21 45 627113
21 47 627116
21 2 627121
21 34 627126
21 35 627133
21 50 627136
21 13 627139
21 37 627147
21 27 627151
21 39 627156
21 28 627160
21 8 627167
21 46 627173
21 17 627180
21 32 627188
21 36 627188
21 5 627196
21 41 627196
21 14 627199
21 49 627205
21 16 627212
21 33 627216
21 11 627224
21 30 627227
21 26 627230
21 12 627230
21 22 627234
21 43 627234
21 48 627241
22 11 627247
22 27 627247
22 41 627249
22 14 627254
22 47 627255
22 7 627261
22 10 627266
22 12 627273
22 9 627275
22 44 627277
22 1 627284
22 8 627287
24 9 627290
24 22 627291
24 33 627292
24 23 627295
24 5 627296
24 28 627300
24 42 627307
24 44 627315
24 10 627317
24 36 627323
24 11 627324
24 35 627330
24 48 627333
24 37 627342
24 12 627346
24 46 627348
25 17 627351
25 1 627358
25 31 627358
25 9 627360
25 43 627360
25 8 627363
25 50 627364
25 11 627372
25 34 627381
25 2 627390
25 37 627399
25 3 627408
25 17 627413
25 32 627415
25 14 627421
25 4 627423
25 28 627426
25 11 627435
25 27 627438
25 19 627442
25 36 627444
25 49 627446
26 24 627452
26 45 627454
26 28 627461
26 27 627465
26 3 627471
26 29 627480
26 48 627485
26 8 627489
26 46 627491
26 11 627493
26 47 627494
26 18 627500
26 25 627501
26 44 627502
26 21 627510
26 9 627512
26 32 627521
26 49 627522
26 17 627524
26 42 627531
26 13 627539
26 35 627539
26 4 627546
26 25 627547
26 12 627555
26 31 627564
26 6 627573
26 28 627576
26 24 627579
26 7 627584
26 22 627585
26 47 627585
26 8 627590
27 46 627593
27 50 627594
27 0 627598
27 34 627604
27 36 627609
27 14 627617
27 6 627623
27 21 627629
27 38 627633
27 48 627635
27 32 627640
27 3 627643
27 30 627644
27 41 627651
27 37 627653
27 15 627660
27 39 627660
27 24 627665
27 35 627666
27 29 627670
27 5 627670
27 44 627677
27 11 627679
27 19 627680
27 10 627689
27 4 627696
27 25 627702
27 47 627703
27 6 627705
27 29 627711
27 34 627719
27 46 627723
27 44 627731
27 26 627737
27 17 627745
27 30 627750
27 38 627759
27 18 627765
27 45 627769
27 5 627777
27 32 627782
27 33 627784
27 39 627793
27 9 627800
27 20 627802
27 31 627806
27 25 627812
27 11 627819
27 19 627826
27 49 627829
27 40 627838
27 24 627838
27 0 627844
27 43 627853
27 4 627860
27 12 627865
27 14 627865
28 14 627865
28 6 627869
28 35 627874
28 48 627882
28 19 627890
28 26 627896
28 20 627900
28 3 627903
28 30 627912
28 23 627917
28 27 627925
28 40 627927
28 19 627930
28 42 627936
28 31 627942
28 38 627947
28 30 627952
28 44 627958
28 11 627960
28 7 627968
28 9 627969
28 41 627969
28 12 627978
29 33 627985
29 35 627991
29 15 627991
29 32 627996
29 14 627996
29 37 628000
29 50 628002
29 13 628002
29 2 628010
29 41 628012
29 48 628017
29 24 628019
29 4 628028
29 42 628035
29 27 628043
29 36 628047
29 17 628051
29 44 628054
29 47 628062
29 30 628064
29 43 628066
29 20 628074
29 48 628077
29 12 628084
29 33 628084
29 37 628090
29 4 628094
29 31 628095
29 3 628097
29 26 628099
29 25 628100
29 8 628104
29 13 628110
29 34 628115
29 0 628118
29 38 628122
29 10 628122
29 23 628125
29 50 628128
29 21 628128
29 11 628135
29 41 628139
30 15 628146
30 13 628146
30 17 628151
30 5 628160
30 20 628166
30 22 628170
30 16 628173
30 45 628179
30 29 628181
30 37 628188
30 12 628191
30 33 628199
30 44 628202
30 9 628208
30 10 628213
30 14 628217
30 31 628219
30 49 628224
30 1 628230
30 37 628237
30 44 628246
30 35 628247
30 46 628252
30 17 628256
30 39 628262
30 23 628271
30 16 628278
30 9 628286
30 6 628288
30 14 628288
30 49 628291
30 50 628298
30 42 628301
31 23 628303
31 16 628310
32 37 628312
32 27 628316
32 17 628321
32 30 628326
32 43 628330
32 4 628337
32 45 628346
32 21 628352
32 47 628356
32 48 628364
32 15 628364
32 38 628372
32 13 628372
33 30 628380
33 50 628383
33 11 628385
33 4 628385
33 34 628390
33 14 628394
33 22 628394
33 1 628403
33 45 628411
33 48 628416
33 30 628416
33 16 628418
33 6 628420
33 24 628428
33 38 628433
33 0 628442
33 8 628445
34 7 628445
34 17 628447
34 22 628450
34 20 628450
34 39 628455
34 12 628456
34 25 628459
34 37 628459
34 40 628466
34 35 628474
34 1 628479
34 16 628479
34 18 628482
34 4 628482
35 3 628485
35 31 628489
35 34 628497
35 28 628499
35 6 628500
35 32 628506
35 48 628513
35 16 628521
35 9 628526
35 12 628529
35 21 628532
35 26 628537
35 25 628540
35 1 628544
35 0 628552
35 43 628558
35 23 628558
35 39 628563
35 29 628563
35 41 628563
35 49 628566
35 42 628567
35 24 628570
35 4 628570
35 36 628570
35 37 628576
35 50 628579
35 5 628583
35 19 628583
35 38 628586
35 22 628589
35 17 628593
35 10 628601
35 13 628602
35 39 628602
35 23 628602
35 1 628609
35 0 628610
35 41 628615
35 11 628621
35 36 628623
35 30 628628
35 33 628629
35 9 628638
35 32 628644
35 14 628648
35 5 628656
35 19 628656
35 49 628659
35 15 628665
35 16 628674
35 3 628674
35 13 628677
35 43 628683
35 50 628684
35 7 628692
35 26 628695
35 34 628703
35 40 628710
35 42 628710
35 8 628718
35 21 628727
35 12 628731
35 38 628736
35 6 628739
36 7 628742
36 40 628744
36 13 628753
36 45 628757
36 5 628759
36 18 628760
36 20 628763
36 44 628764
36 1 628767
36 38 628774
36 12 628778
36 14 628781
36 26 628790
36 33 628795
36 10 628798
36 0 628801
36 29 628802
36 6 628803
36 41 628805
36 35 628809
36 8 628812
36 23 628813
36 4 628821
36 39 628827
36 46 628836
36 21 628836
36 2 628844
36 29 628852
36 9 628854
36 28 628863
36 21 628869
36 7 628869
36 41 628872
36 4 628876
36 14 628880
36 18 628882
36 19 628891
36 38 628891
36 44 628900
36 34 628905
36 6 628912
36 45 628916
36 25 628923
36 35 628924
36 15 628928
36 1 628936
36 17 628940
36 11 628941
36 0 628943
36 22 628944
36 46 628945
36 10 628951
36 39 628955
36 48 628956
37 40 628960
37 3 628961
37 14 628965
37 31 628966
37 12 628969
37 48 628974
37 41 628982
37 49 628989
37 22 628996
37 18 629001
37 8 629004
37 25 629010
37 26 629013
37 33 629020
37 19 629020
37 17 629027
37 6 629028
37 13 629028
37 2 629028
37 50 629029
37 47 629037
37 21 629040
37 44 629046
37 39 629048
37 36 629050
37 43 629059
37 4 629060
37 28 629069
37 34 629078
37 10 629079
37 38 629086
37 9 629088
37 50 629094
37 39 629102
37 25 629102
37 35 629106
37 28 629112
37 23 629120
37 17 629127
37 42 629132
37 13 629133
37 40 629140
37 11 629148
37 33 629155
37 10 629164
37 3 629171
37 49 629176
37 26 629178
37 7 629183
37 12 629192
37 20 629196
37 34 629198
37 27 629204
37 29 629208
37 24 629211
37 22 629218
37 6 629220
37 4 629229
37 46 629235
37 45 629239
37 38 629244
37 5 629250
38 17 629258
38 8 629267
38 3 629273
38 40 629282
38 26 629288
38 1 629296
38 27 629302
38 2 629310
38 48 629316
38 18 629319
38 45 629324
38 9 629326
38 47 629333
38 44 629337
38 37 629340
38 21 629343
38 43 629351
38 30 629355
38 14 629359
38 19 629366
38 36 629374
38 21 629378
38 8 629378
38 20 629381
38 6 629381
38 26 629385
38 5 629392
38 2 629395
38 39 629403
38 9 629411
38 18 629413
38 0 629418
38 25 629420
38 1 629421
38 15 629429
38 23 629437
38 30 629437
38 47 629441
38 7 629449
38 37 629456
38 42 629463
39 1 629471
39 41 629475
39 20 629477
39 15 629477
39 3 629486
40 28 629492
40 14 629501
40 30 629503
40 34 629505
40 38 629514
40 47 629523
40 1 629532
40 25 629539
40 19 629545
40 20 629550
40 22 629557
40 23 629563
40 26 629565
40 13 629565
40 42 629570
40 16 629572
40 31 629576
40 46 629584
40 27 629586
40 5 629590
40 49 629590
40 17 629592
40 6 629596
40 24 629597
40 19 629603
40 25 629612
40 21 629618
41 49 629624
41 5 629632
41 21 629638
41 47 629646
41 42 629653
41 13 629658
41 18 629663
41 43 629670
41 28 629676
41 32 629681
41 20 629690
41 11 629693
41 27 629696
41 3 629699
41 10 629708
41 25 629709
41 9 629718
41 4 629722
41 22 629728
41 31 629736
41 19 629740
41 2 629745
41 39 629748
41 13 629750
41 35 629753
41 10 629754
41 36 629754
41 45 629756
41 44 629761
41 15 629761
41 1 629767
41 43 629768
41 17 629775
41 18 629777
41 22 629779
41 46 629785
41 14 629790
41 37 629794
41 40 629801
41 4 629809
41 34 629815
41 28 629815
41 33 629823
41 24 629827
41 42 629832
41 21 629833
42 14 629838
42 13 629845
42 40 629847
42 17 629850
42 0 629857
42 43 629858
42 36 629861
42 30 629863
42 33 629869
42 21 629877
42 15 629877
42 24 629884
42 31 629884
42 12 629886
42 2 629888
42 45 629891
42 35 629897
42 44 629902
42 50 629903
42 11 629905
42 34 629905
42 46 629911
42 1 629920
42 32 629924
42 16 629931
42 37 629935
42 28 629938
42 39 629940
42 24 629947
42 6 629950
42 48 629953
42 40 629961
42 16 629968
42 43 629968
42 41 629970
42 36 629974
42 29 629981
42 49 629990
42 46 629993
42 4 630002
42 2 630011
42 34 630014
42 18 630022
42 31 630027
42 39 630031
42 35 630039
42 21 630047
42 11 630047
42 7 630050
42 22 630051
42 5 630059
42 14 630059
42 20 630068
42 3 630074
42 50 630075
42 13 630076
42 26 630083
43 17 630090
43 6 630090
43 47 630098
43 26 630106
43 31 630112
43 14 630113
43 38 630119
43 5 630128
43 2 630128
43 39 630128
43 33 630134
43 31 630139
43 27 630148
43 20 630152
43 44 630154
43 19 630163
43 4 630168
43 15 630174
43 49 630179
43 14 630187
43 21 630195
44 38 630203
44 32 630204
44 10 630208
44 9 630212
44 0 630220
44 27 630226
44 45 630232
44 28 630234
44 36 630235
44 5 630235
44 46 630242
44 49 630247
44 21 630251
44 13 630254
44 8 630259
44 7 630260
44 41 630268
44 20 630273
44 35 630282
44 15 630289
44 19 630296
44 18 630300
44 42 630305
44 17 630308
44 11 630312
44 4 630313
44 25 630314
44 40 630315
44 30 630317
44 39 630319
44 24 630320
44 22 630321
44 20 630322
44 50 630324
44 15 630332
44 6 630341
44 27 630349
44 37 630351
44 9 630356
44 34 630357
44 30 630361
44 48 630370
44 2 630371
44 28 630373
44 24 630380
44 46 630381
44 41 630385
44 33 630388
44 7 630391
44 35 630393
44 0 630401
44 25 630403
44 17 630406
44 43 630410
44 36 630413
44 1 630417
44 13 630418
44 4 630423
44 5 630428
44 14 630432
44 23 630438
44 38 630439
44 26 630442
45 43 630447
45 10 630449
45 30 630455
45 40 630460
45 37 630461
46 6 630469
46 35 630470
46 21 630473
46 33 630476
46 4 630479
46 37 630484
46 10 630491
46 49 630500
46 41 630505
46 22 630507
46 43 630511
46 12 630518
46 8 630518
46 24 630527
46 20 630531
46 27 630536
46 1 630537
46 36 630541
46 7 630541
46 42 630548
46 34 630556
46 48 630556
46 47 630556
46 23 630564
46 22 630565
46 7 630571
46 25 630573
46 29 630575
46 8 630578
46 24 630579
46 10 630584
46 20 630590
46 21 630598
46 38 630599
46 37 630600
46 27 630600
46 33 630600
46 30 630604
46 13 630608
46 50 630614
46 36 630617
46 17 630620
46 26 630627
46 34 630632
46 2 630637
46 40 630642
46 45 630646
47 3 630653
47 13 630662
47 35 630669
47 28 630676
47 5 630684
47 40 630691
47 11 630700
48 28 630703
48 16 630706
48 45 630708
48 42 630713
48 19 630721
48 34 630724
49 0 630730
49 25 630735
49 12 630738
49 29 630746
49 13 630750
49 36 630755
49 41 630764
49 50 630765
49 34 630773
49 27 630776
49 30 630784
49 21 630787
49 18 630792
49 26 630792
49 14 630797
49 46 630806
49 24 630814
49 37 630816
49 15 630816
49 40 630823
49 24 630829
49 1 630830
49 0 630835
49 11 630836
49 50 630842
49 17 630851
49 20 630854
49 32 630859
49 45 630866
49 22 630868
49 19 630868
49 38 630873
49 6 630880
49 4 630886
49 30 630886
49 31 630895
50 16 630895
50 8 630900
50 21 630909
50 11 630912
50 34 630921
50 33 630929
50 42 630936
50 46 630944
50 18 630949
50 20 630958
50 0 630960
50 35 630969
50 39 630978
50 19 630985
50 6 630988
50 49 630989
50 1 630996
50 5 631003
50 29 631004
50 37 631008
50 7 631016
50 25 631025
50 38 631027
50 27 631030
50 9 631038
50 4 631038
50 42 631047
50 14 631052
50 31 631055
50 39 631062
50 1 631067
50 0 631073
50 34 631082
50 28 631087
50 2 631087
50 44 631095
50 32 631099
50 24 631104
50 47 631105
50 49 631107
50 27 631113
50 43 631120
50 48 631127
50 22 631130
50 7 631130
50 41 631139
50 21 631142
50 8 631149
50 18 631154
50 46 631155
50 33 631159
