53
false
0 41 701967
0 19 701970
0 52 701972
0 49 701972
0 47 701973
0 40 701973
0 10 701979
0 1 701980
0 12 701987
0 36 701990
0 29 701998
0 8 702001
0 35 702007
0 2 702009
0 16 702012
0 26 702020
0 24 702025
0 42 702026
0 14 702033
0 45 702040
0 15 702046
0 11 702050
0 6 702052
0 44 702056
0 21 702058
0 34 702067
0 31 702072
0 4 702079
0 22 702088
0 15 702096
0 48 702096
0 52 702102
0 41 702104
0 3 702105
0 24 702109
0 30 702117
0 46 702121
0 26 702127
0 45 702135
0 19 702141
0 20 702149
0 1 702149
0 18 702155
0 36 702157
0 7 702161
0 11 702163
0 51 702164
0 23 702170
0 27 702172
0 25 702175
0 42 702177
0 16 702179
0 35 702186
1 2 702189
1 43 702198
1 49 702203
1 8 702203
1 45 702209
1 37 702212
1 40 702213
1 13 702222
1 0 702223
1 32 702224
1 21 702231
1 47 702231
1 7 702232
1 51 702238
1 3 702243
1 46 702249
1 31 702253
1 48 702257
1 35 702260
1 17 702268
1 20 702269
1 44 702277
1 11 702280
1 33 702280
1 26 702286
1 52 702287
1 6 702296
1 32 702305
1 51 702307
1 36 702307
1 28 702315
1 4 702317
1 35 702323
1 19 702329
1 10 702332
1 2 702340
1 24 702349
1 25 702352
1 17 702357
1 33 702361
1 5 702367
1 43 702369
1 41 702373
1 50 702375
1 40 702376
1 49 702385
1 13 702391
2 5 702400
2 39 702401
2 30 702407
2 22 702416
2 32 702417
3 49 702425
3 36 702428
3 10 702430
3 26 702439
3 45 702440
3 32 702444
3 0 702445
3 20 702454
3 33 702461
3 8 702468
3 6 702474
3 28 702476
3 21 702479
3 19 702479
3 37 702487
3 28 702490
3 4 702490
3 42 702499
3 15 702502
3 12 702503
3 44 702507
3 50 702510
3 30 702511
3 24 702514
3 40 702515
3 29 702518
3 23 702524
3 43 702530
3 41 702538
3 21 702538
4 13 702547
4 28 702551
4 25 702557
4 50 702562
5 20 702563
5 31 702564
5 28 702565
5 45 702574
5 33 702578
5 7 702580
5 25 702581
5 40 702586
5 2 702591
5 41 702594
5 44 702602
5 4 702605
5 13 702609
5 11 702611
5 42 702619
5 9 702627
5 34 702636
5 18 702638
5 1 702643
5 27 702646
5 24 702654
5 38 702661
5 19 702665
5 14 702674
5 23 702681
5 35 702684
5 48 702688
5 52 702691
5 49 702700
5 36 702706
5 39 702715
5 28 702720
5 50 702728
5 29 702732
5 34 702741
5 45 702743
5 21 702750
5 43 702750
5 13 702754
5 14 702754
5 4 702754
5 16 702758
5 31 702766
5 23 702774
5 2 702778
5 0 702781
5 11 702786
5 3 702793
5 52 702793
5 38 702800
5 30 702803
5 19 702811
5 1 702815
5 20 702823
5 9 702829
5 17 702838
5 10 702841
5 27 702841
5 46 702845
5 32 702851
5 41 702857
5 22 702858
5 36 702861
5 35 702868
5 48 702871
5 37 702872
6 1 702873
6 52 702881
6 10 702885
6 19 702891
6 39 702895
6 49 702895
6 41 702898
6 29 702898
6 21 702902
6 4 702911
6 13 702920
7 27 702927
7 13 702936
7 40 702940
7 16 702949
7 30 702952
7 29 702953
7 9 702959
7 48 702965
7 12 702972
7 8 702979
7 44 702988
7 39 702990
7 25 702997
7 17 703004
7 15 703011
7 28 703017
7 4 703026
7 47 703031
7 19 703037
7 42 703040
7 38 703049
7 41 703057
7 18 703066
7 32 703068
7 24 703075
7 0 703078
7 34 703083
7 1 703092
7 36 703094
7 35 703097
7 6 703097
7 31 703102
7 25 703102
7 34 703102
7 5 703111
7 30 703114
7 48 703119
7 10 703123
7 8 703131
7 12 703132
7 6 703137
7 15 703144
7 2 703148
7 13 703156
7 44 703161
7 52 703164
7 26 703168
7 49 703175
7 29 703175
7 4 703180
7 46 703186
7 27 703193
7 47 703194
7 21 703202
7 1 703204
7 3 703211
7 35 703215
7 9 703223
8 7 703223
8 49 703230
8 29 703232
8 20 703241
8 35 703245
8 16 703252
8 51 703261
8 28 703267
8 18 703268
8 19 703271
8 23 703277
8 25 703285
8 37 703287
8 50 703288
8 4 703289
8 15 703290
8 52 703294
8 13 703300
8 34 703308
8 40 703308
8 51 703311
8 30 703319
8 48 703320
8 16 703326
8 49 703331
8 12 703337
8 32 703337
8 46 703344
8 18 703350
8 15 703353
8 28 703354
8 29 703360
8 31 703368
9 2 703371
9 5 703379
9 31 703381
9 46 703387
9 10 703396
9 16 703398
9 27 703407
9 44 703415
9 7 703419
9 24 703419
9 52 703427
9 21 703428
9 32 703434
9 51 703441
9 49 703450
9 3 703454
9 12 703454
9 50 703463
9 33 703465
9 42 703467
9 47 703473
9 28 703475
9 25 703483
9 36 703491
9 40 703496
9 41 703500
9 6 703505
9 16 703512
9 52 703514
9 50 703523
9 1 703526
9 49 703529
9 47 703532
9 26 703536
9 28 703536
9 3 703538
9 45 703542
9 12 703551
9 27 703557
9 7 703565
9 11 703573
9 10 703575
9 5 703578
9 33 703581
9 29 703587
9 44 703592
9 42 703597
9 46 703605
9 32 703605
9 18 703609
9 41 703610
9 20 703616
10 6 703625
10 17 703634
10 35 703637
10 26 703645
10 8 703648
10 4 703654
10 40 703658
10 5 703667
10 21 703668
11 49 703674
11 20 703675
11 28 703681
11 30 703683
11 46 703688
11 4 703691
11 23 703697
11 13 703700
11 32 703706
11 42 703708
11 12 703715
11 51 703723
11 48 703724
11 41 703733
11 8 703740
11 27 703740
11 12 703744
11 40 703750
11 32 703750
11 35 703754
11 0 703760
11 17 703764
11 44 703769
11 23 703778
11 43 703785
11 27 703785
11 25 703792
11 5 703798
11 13 703799
11 34 703802
11 28 703810
11 29 703815
11 15 703824
11 36 703828
12 20 703829
12 26 703837
12 35 703838
12 15 703840
12 40 703849
12 29 703857
12 41 703863
12 48 703867
12 9 703871
12 38 703871
12 25 703877
12 17 703886
12 37 703892
12 8 703894
12 45 703901
12 2 703906
12 44 703913
12 1 703921
12 6 703921
12 32 703922
12 7 703924
12 27 703925
12 51 703932
12 33 703938
12 5 703942
12 16 703950
12 31 703955
12 42 703958
12 39 703958
12 10 703963
12 14 703966
12 4 703974
12 16 703979
12 26 703982
12 11 703987
12 50 703991
12 33 704000
12 46 704007
12 28 704012
12 45 704013
12 20 704021
12 41 704022
12 36 704028
12 1 704037
12 2 704044
12 23 704052
12 48 704060
12 22 704066
12 52 704067
12 49 704074
12 35 704082
12 47 704088
12 40 704093
12 17 704093
12 18 704095
12 3 704097
12 5 704100
13 6 704102
13 15 704108
13 1 704111
13 32 704118
13 50 704118
13 14 704123
13 39 704131
13 12 704139
13 52 704142
13 51 704151
13 26 704151
13 34 704155
13 51 704158
13 46 704162
13 42 704171
13 6 704177
13 20 704183
13 22 704191
13 3 704191
13 9 704194
13 0 704195
13 12 704195
14 11 704200
14 44 704200
14 42 704209
14 35 704210
14 36 704216
14 47 704225
14 3 704234
14 27 704234
14 34 704234
14 10 704237
14 20 704245
14 51 704248
14 30 704254
14 38 704258
14 32 704260
14 12 704269
14 21 704271
14 22 704278
14 49 704280
14 1 704282
14 9 704285
14 48 704291
14 5 704292
14 19 704299
14 2 704301
14 33 704309
14 23 704313
14 16 704313
14 29 704322
14 4 704331
14 17 704337
14 50 704337
14 25 704342
14 31 704346
14 51 704349
14 45 704358
14 27 704364
14 35 704372
14 21 704378
14 15 704381
14 7 704384
14 24 704392
14 22 704396
14 29 704397
14 25 704402
14 16 704411
14 38 704418
14 5 704421
14 0 704424
14 40 704426
14 46 704426
14 12 704433
14 44 704442
14 36 704447
14 52 704447
14 50 704450
14 19 704458
14 20 704464
14 37 704470
14 30 704476
14 6 704476
14 48 704480
14 34 704489
14 1 704489
14 4 704494
14 23 704494
15 33 704495
15 37 704495
15 12 704496
15 18 704502
15 9 704509
15 5 704515
15 7 704520
15 28 704525
15 46 704526
15 36 704526
15 22 704526
15 14 704533
15 24 704541
15 41 704548
15 16 704557
15 42 704566
15 6 704569
15 10 704573
15 49 704581
15 24 704589
15 22 704598
15 16 704605
15 11 704605
15 19 704606
15 28 704606
15 20 704609
15 41 704610
15 18 704619
16 47 704626
16 41 704630
16 43 704635
16 45 704635
16 5 704643
16 8 704652
16 52 704657
16 6 704662
16 46 704667
16 31 704673
16 11 704676
16 9 704681
16 48 704682
16 15 704687
16 23 704695
16 14 704703
16 50 704709
16 2 704713
16 3 704718
16 35 704721
16 1 704728
16 21 704729
16 51 704734
16 33 704737
16 12 704737
16 24 704741
16 27 704745
16 29 704749
16 0 704751
16 38 704752
16 13 704759
16 32 704765
16 26 704770
16 22 704773
16 50 704782
16 4 704782
16 12 704784
16 0 704792
16 34 704793
16 46 704798
16 7 704805
16 39 704814
16 13 704819
16 10 704828
16 51 704830
16 45 704833
16 40 704839
16 28 704848
16 36 704855
16 15 704856
16 6 704861
16 25 704865
16 8 704870
16 5 704876
16 44 704878
16 26 704880
16 19 704881
16 18 704887
16 3 704894
16 24 704895
16 38 704900
16 35 704907
16 32 704913
16 2 704918
16 9 704924
16 37 704933
17 33 704937
17 14 704937
17 19 704940
17 50 704943
17 25 704950
17 49 704957
17 51 704962
17 16 704965
17 36 704967
17 34 704970
17 23 704972
17 22 704976
17 37 704978
17 30 704982
17 47 704986
17 35 704995
17 31 705004
17 28 705004
17 26 705009
17 15 705017
17 7 705017
17 12 705019
17 45 705021
17 13 705028
17 31 705029
17 51 705030
17 42 705033
17 13 705039
17 30 705048
17 23 705057
17 34 705059
17 16 705066
17 38 705069
17 18 705069
17 37 705074
17 20 705077
17 25 705082
17 11 705087
17 3 705089
17 14 705092
17 39 705093
17 2 705094
17 27 705102
17 50 705102
17 48 705106
17 33 705112
18 52 705112
18 36 705114
18 46 705114
18 32 705121
18 6 705122
18 3 705123
18 21 705129
18 0 705134
18 15 705136
18 1 705140
18 13 705144
18 7 705153
18 19 705158
18 26 705166
18 25 705174
18 22 705180
18 15 705186
18 36 705191
18 49 705200
18 31 705202
18 30 705211
18 13 705217
18 40 705217
18 8 705218
18 4 705227
18 1 705235
18 19 705243
18 26 705251
18 10 705258
18 28 705260
18 22 705269
18 51 705276
18 21 705280
19 34 705284
19 0 705292
19 24 705300
19 38 705307
19 16 705316
19 32 705316
19 33 705321
19 50 705322
19 40 705328
19 52 705337
19 15 705338
19 4 705341
19 8 705349
19 39 705355
19 47 705357
19 13 705359
19 11 705363
19 30 705367
19 1 705369
19 42 705369
19 8 705371
19 18 705371
19 3 705374
19 23 705382
19 48 705384
19 28 705387
19 14 705391
19 36 705397
19 34 705398
19 4 705398
19 35 705401
19 45 705407
19 7 705412
19 27 705421
19 24 705422
19 38 705430
19 17 705432
19 6 705439
19 41 705445
19 44 705449
19 26 705454
20 51 705456
20 10 705462
20 2 705462
20 42 705471
20 52 705473
20 26 705476
20 45 705485
20 39 705490
20 40 705490
20 44 705490
20 27 705492
20 3 705494
20 35 705495
20 4 705495
20 6 705496
20 17 705501
20 41 705507
20 34 705511
20 27 705511
20 10 705519
20 39 705523
20 15 705524
20 34 705533
20 11 705541
20 42 705542
20 8 705542
20 25 705542
20 49 705542
20 21 705544
20 22 705546
20 16 705549
20 32 705556
20 3 705556
20 18 705560
20 50 705566
20 9 705575
20 2 705576
20 43 705579
21 8 705587
21 15 705589
21 5 705594
21 44 705594
21 42 705596
21 37 705601
21 10 705610
21 39 705617
21 46 705624
21 11 705628
22 14 705630
22 39 705632
22 41 705633
22 24 705634
22 26 705641
22 45 705648
22 52 705653
22 1 705659
22 25 705662
22 20 705665
22 9 705674
22 37 705678
22 23 705682
22 8 705688
22 30 705691
22 27 705695
22 4 705698
22 5 705699
22 46 705705
22 47 705711
22 0 705720
22 36 705720
22 2 705724
22 44 705728
22 35 705731
22 38 705732
22 18 705734
22 17 705737
22 13 705739
22 48 705743
22 24 705748
22 5 705756
22 41 705756
22 31 705759
22 39 705760
22 7 705765
22 42 705766
22 29 705771
22 44 705777
22 15 705779
22 27 705788
22 46 705789
22 43 705797
22 14 705801
22 47 705807
22 52 705809
22 4 705813
22 21 705819
22 6 705824
23 47 705828
23 8 705828
23 9 705830
23 35 705835
23 16 705835
23 21 705840
23 26 705845
23 44 705851
23 41 705851
23 20 705857
23 7 705860
23 14 705863
23 50 705871
23 10 705871
23 51 705878
23 11 705878
23 15 705879
23 50 705886
23 6 705887
23 34 705894
23 48 705895
23 49 705895
23 41 705900
23 17 705905
23 5 705911
23 10 705918
23 25 705921
23 24 705924
23 52 705933
23 14 705941
23 31 705942
23 12 705946
24 1 705951
24 20 705955
24 46 705956
24 37 705962
24 45 705964
24 11 705973
24 7 705976
24 35 705983
24 8 705983
24 39 705990
24 34 705991
24 47 705997
24 22 705999
24 28 706005
24 10 706011
24 32 706013
24 50 706022
24 5 706026
24 14 706026
24 25 706035
24 31 706038
24 38 706046
24 27 706055
24 26 706058
24 6 706063
24 23 706071
24 33 706077
24 42 706081
24 12 706082
24 15 706088
24 43 706093
24 43 706096
24 34 706099
24 37 706106
24 20 706106
24 0 706106
24 29 706112
24 42 706112
24 4 706120
24 25 706126
24 23 706131
24 16 706136
24 6 706143
24 44 706146
24 35 706155
24 17 706163
24 51 706164
24 9 706170
24 40 706170
24 15 706179
24 26 706179
24 2 706184
24 30 706188
24 1 706197
24 31 706197
24 10 706201
24 27 706210
24 21 706217
24 13 706217
24 50 706217
24 22 706219
25 38 706219
25 43 706221
25 10 706222
25 51 706223
25 45 706223
25 30 706230
25 2 706233
25 20 706241
26 25 706249
26 48 706250
26 47 706252
26 15 706252
26 39 706254
26 27 706263
26 24 706271
26 34 706279
26 2 706282
26 51 706283
26 50 706288
26 28 706292
26 0 706294
26 43 706300
26 30 706300
26 37 706303
26 44 706311
26 48 706311
26 22 706320
26 51 706320
26 52 706325
26 7 706334
26 4 706337
26 15 706346
26 11 706350
26 31 706357
26 45 706358
26 37 706363
26 24 706368
26 0 706375
26 17 706376
26 40 706381
26 33 706382
26 14 706385
26 12 706394
26 9 706400
27 16 706406
27 6 706413
27 43 706413
28 44 706419
28 41 706426
28 5 706426
28 50 706435
28 19 706437
28 17 706445
28 0 706452
28 12 706452
28 21 706453
28 30 706457
28 52 706463
28 47 706467
28 16 706475
28 6 706484
28 18 706493
28 24 706494
28 32 706503
28 49 706503
28 51 706507
28 10 706511
28 33 706512
28 8 706520
28 25 706520
28 38 706521
28 37 706530
28 3 706538
28 40 706541
28 46 706547
28 48 706556
28 31 706560
28 43 706562
28 11 706564
28 16 706571
28 26 706577
28 41 706583
28 33 706583
28 48 706589
28 34 706598
28 31 706606
28 35 706612
28 0 706619
28 23 706626
28 17 706631
28 25 706631
28 13 706631
28 22 706640
28 21 706643
28 7 706646
28 52 706646
28 5 706647
28 51 706655
28 8 706660
28 49 706666
28 19 706672
28 15 706673
28 42 706674
28 38 706679
28 18 706680
28 12 706687
28 14 706695
28 44 706702
28 40 706710
28 47 706716
28 4 706723
29 3 706723
29 22 706731
29 36 706733
29 28 706740
30 13 706743
30 16 706752
30 44 706761
30 39 706764
30 28 706766
30 42 706771
30 33 706774
30 0 706775
30 27 706781
30 12 706787
30 51 706791
30 10 706799
30 48 706799
30 23 706805
30 7 706806
30 24 706806
30 45 706814
30 28 706814
30 49 706823
30 9 706826
30 21 706835
30 23 706844
30 25 706850
30 47 706859
30 43 706865
30 12 706870
30 46 706870
30 5 706870
30 15 706875
30 19 706882
30 17 706890
30 39 706890
31 15 706893
31 42 706894
31 25 706895
31 32 706897
31 7 706905
31 1 706913
31 30 706920
31 33 706921
31 6 706923
31 28 706928
31 41 706930
31 9 706937
31 52 706945
31 44 706946
31 12 706949
31 46 706952
31 8 706960
31 3 706960
31 43 706961
31 14 706962
31 16 706969
31 22 706972
31 51 706972
31 40 706976
31 27 706982
31 21 706985
31 34 706993
31 1 706993
31 11 706995
31 23 706996
31 42 707000
31 2 707003
31 26 707010
31 15 707018
31 10 707025
31 45 707034
31 43 707043
31 8 707052
31 16 707061
31 33 707061
31 5 707069
31 47 707076
31 52 707082
31 18 707091
31 34 707098
31 39 707104
31 49 707106
31 14 707108
31 20 707112
31 3 707114
32 15 707118
32 25 707120
32 14 707123
32 2 707128
32 4 707137
32 5 707146
32 52 707154
32 3 707159
32 35 707162
32 37 707162
32 27 707171
32 16 707174
32 10 707181
32 43 707183
32 47 707189
32 40 707193
32 41 707198
32 22 707204
32 17 707211
32 21 707217
32 20 707221
32 44 707229
32 50 707236
32 34 707245
32 24 707247
32 46 707251
32 18 707257
32 19 707265
32 3 707265
32 36 707272
32 41 707274
32 30 707282
32 24 707283
32 16 707289
32 40 707292
32 22 707301
32 29 707302
32 47 707311
32 10 707314
32 45 707319
32 37 707328
32 19 707337
32 25 707342
32 6 707346
32 1 707355
32 33 707359
32 21 707359
32 42 707359
32 4 707361
32 49 707367
32 13 707371
32 23 707373
32 51 707376
32 34 707381
32 39 707382
33 49 707391
33 16 707400
33 25 707407
33 28 707412
33 38 707414
33 4 707414
33 22 707414
33 8 707415
33 0 707421
33 20 707430
33 37 707432
33 1 707440
33 2 707444
33 31 707449
33 39 707453
33 34 707459
33 45 707465
33 11 707467
33 35 707469
33 23 707476
33 9 707484
33 2 707484
33 41 707491
33 42 707492
33 18 707497
33 39 707504
33 7 707509
33 32 707512
33 16 707519
33 14 707524
33 27 707524
33 29 707529
33 40 707533
33 50 707542
34 38 707542
34 3 707547
34 18 707547
34 15 707555
34 33 707560
34 25 707560
34 46 707569
34 49 707570
34 10 707577
34 30 707581
34 5 707586
34 40 707595
34 4 707601
34 16 707608
34 2 707610
34 27 707618
34 43 707618
34 36 707618
34 1 707622
34 13 707628
34 45 707634
34 7 707638
34 22 707642
34 3 707642
34 27 707643
34 4 707648
34 38 707657
34 23 707662
34 36 707663
34 50 707670
34 25 707675
34 20 707678
34 30 707680
34 8 707689
34 12 707696
34 47 707705
34 29 707707
34 32 707712
34 33 707713
34 41 707720
34 22 707725
34 35 707732
34 44 707736
34 11 707741
34 7 707745
34 0 707750
34 1 707758
34 9 707767
34 28 707772
34 37 707781
34 2 707786
34 5 707793
34 39 707796
34 21 707796
35 49 707800
35 0 707804
35 47 707807
35 46 707812
35 13 707820
35 22 707820
35 36 707825
35 3 707831
35 19 707835
35 39 707837
35 12 707846
35 33 707846
35 40 707848
35 20 707853
35 38 707854
35 17 707859
35 40 707864
35 16 707871
35 22 707880
35 39 707881
35 8 707886
35 14 707886
35 38 707887
35 30 707894
35 47 707903
35 45 707905
35 11 707909
35 6 707914
35 51 707916
35 46 707925
35 41 707929
36 11 707936
36 52 707942
36 43 707951
36 26 707958
36 15 707966
36 30 707967
36 33 707973
36 47 707974
36 38 707982
36 37 707984
36 19 707992
36 41 708000
36 8 708002
36 9 708004
36 2 708004
36 46 708004
36 32 708006
36 39 708012
36 40 708020
36 0 708026
36 5 708035
36 20 708043
36 12 708046
36 48 708050
36 21 708052
36 3 708060
36 50 708060
36 31 708060
36 45 708066
36 24 708068
36 6 708074
36 41 708075
36 16 708078
36 0 708083
36 30 708089
36 51 708098
36 37 708103
36 42 708112
36 35 708118
36 27 708127
36 50 708128
36 31 708135
36 7 708137
36 48 708141
36 49 708145
36 19 708149
36 39 708154
36 32 708158
36 46 708165
36 12 708168
36 47 708174
36 23 708175
36 52 708182
36 21 708191
36 14 708193
36 44 708199
36 18 708202
36 25 708205
36 9 708208
36 17 708210
36 8 708211
36 33 708212
36 3 708214
36 20 708219
37 6 708222
37 9 708222
37 0 708223
37 18 708229
37 27 708233
37 32 708239
37 41 708240
37 14 708245
37 45 708246
37 42 708253
37 11 708259
37 8 708266
37 5 708268
37 31 708270
37 16 708275
37 29 708284
37 32 708289
37 3 708290
37 9 708290
37 23 708299
37 10 708301
37 8 708310
37 21 708317
37 14 708322
37 4 708324
37 45 708327
37 49 708336
37 25 708345
37 38 708352
38 47 708358
38 21 708367
38 17 708372
38 23 708377
38 44 708380
38 10 708384
38 45 708386
38 51 708386
38 42 708395
38 42 708404
38 7 708405
38 8 708409
38 18 708414
38 28 708423
38 16 708425
38 30 708432
38 26 708434
38 13 708442
39 8 708445
39 2 708450
39 45 708450
39 44 708459
39 14 708461
39 25 708470
39 9 708476
39 31 708478
39 16 708483
39 1 708489
39 3 708492
39 50 708501
39 52 708504
39 6 708513
39 40 708520
39 33 708528
39 42 708534
39 20 708538
39 43 708546
39 15 708549
39 35 708556
39 7 708559
39 22 708566
39 4 708573
39 49 708577
39 12 708579
39 46 708580
39 29 708581
39 13 708589
39 15 708598
39 34 708598
39 31 708605
39 13 708607
39 41 708615
39 50 708623
39 47 708630
39 46 708634
39 17 708639
39 32 708643
39 33 708643
39 12 708649
39 43 708657
39 0 708659
39 24 708664
39 27 708672
39 48 708676
39 5 708681
39 2 708688
39 44 708692
39 38 708701
39 21 708703
39 4 708708
39 14 708714
39 30 708716
39 36 708716
39 49 708719
39 22 708726
40 21 708735
40 42 708739
40 36 708745
40 38 708749
40 14 708750
40 47 708759
40 30 708765
40 45 708767
40 3 708768
40 43 708775
40 37 708779
40 25 708787
40 0 708792
40 46 708795
40 31 708804
40 51 708806
40 16 708810
40 32 708813
40 52 708820
40 23 708825
40 7 708831
40 48 708832
40 13 708837
40 49 708844
40 44 708848
40 17 708856
40 34 708862
40 1 708864
40 22 708868
40 41 708877
40 5 708879
40 4 708887
40 11 708893
40 49 708899
40 10 708902
40 29 708907
40 2 708910
40 1 708916
40 11 708921
40 50 708922
40 46 708925
40 43 708930
40 47 708931
40 4 708932
40 33 708940
40 23 708946
40 36 708948
40 19 708949
40 48 708957
40 37 708959
40 27 708968
40 9 708976
40 51 708983
40 16 708992
40 20 708992
40 45 708997
40 15 708998
40 34 709006
40 38 709012
40 17 709019
40 12 709024
40 3 709028
40 13 709033
40 21 709038
40 8 709046
40 5 709050
41 39 709055
41 49 709055
41 4 709064
41 22 709066
41 24 709067
41 3 709067
41 19 709071
41 32 709078
41 5 709078
41 44 709083
41 20 709089
41 23 709091
41 13 709094
41 12 709096
41 30 709099
41 7 709099
41 10 709101
41 15 709108
41 9 709109
41 45 709110
41 34 709116
41 38 709124
41 52 709133
41 35 709136
41 47 709141
41 11 709144
41 14 709151
41 21 709160
41 27 709168
41 34 709168
41 40 709172
41 50 709174
41 26 709177
41 5 709181
41 23 709187
41 35 709195
41 31 709201
41 24 709205
41 28 709206
41 12 709214
41 2 709221
41 43 709230
41 18 709238
41 0 709239
41 6 709242
41 29 709244
41 4 709250
41 22 709256
41 21 709256
41 8 709263
41 39 709267
41 36 709276
41 37 709284
41 49 709287
41 44 709296
41 33 709300
41 20 709301
41 30 709304
42 34 709313
42 23 709315
42 28 709320
42 39 709322
42 2 709323
42 45 709324
42 41 709332
42 5 709333
42 3 709340
42 15 709346
42 20 709355
42 38 709364
42 29 709364
42 30 709373
42 8 709374
42 0 709383
42 31 709384
42 21 709390
42 44 709393
42 31 709400
42 2 709407
42 9 709414
42 36 709422
42 3 709429
42 45 709436
42 30 709442
42 21 709445
42 48 709445
42 13 709447
42 52 709448
42 19 709456
42 39 709463
42 7 709466
42 23 709475
42 24 709482
42 20 709491
43 8 709492
43 17 709501
43 11 709502
43 52 709502
43 31 709505
43 28 709511
43 36 709513
43 14 709516
43 2 709520
43 48 709525
43 21 709526
43 16 709534
43 41 709539
43 34 709548
43 29 709553
43 10 709561
43 0 709569
43 7 709574
43 47 709575
43 8 709580
43 33 709584
43 38 709586
43 40 709590
43 36 709599
43 11 709602
43 5 709603
44 46 709611
44 10 709618
44 25 709625
44 43 709634
44 37 709634
44 17 709636
44 50 709642
44 35 709647
44 36 709651
44 3 709655
44 13 709663
44 26 709665
44 32 709672
44 38 709680
44 49 709685
44 39 709693
44 27 709702
44 0 709704
44 14 709706
44 12 709712
44 29 709715
44 24 709721
44 51 709723
44 37 709725
44 28 709725
44 25 709732
44 3 709741
44 27 709744
44 45 709745
44 17 709754
44 30 709760
44 16 709760
44 52 709764
44 31 709765
44 21 709768
44 11 709773
44 18 709782
44 47 709790
44 22 709799
44 6 709802
44 14 709811
44 34 709813
44 20 709819
44 35 709825
45 21 709826
45 51 709829
45 12 709838
45 25 709844
45 47 709846
45 30 709850
45 11 709854
45 20 709859
45 4 709863
45 38 709863
45 3 709863
45 44 709866
45 0 709872
45 8 709875
45 37 709884
45 29 709886
45 39 709886
45 14 709890
45 15 709898
45 22 709906
45 26 709908
45 10 709910
45 32 709912
45 49 709913
45 31 709922
45 5 709923
45 13 709928
45 33 709935
45 39 709941
45 0 709949
45 5 709956
45 1 709956
45 9 709959
45 33 709968
45 16 709973
45 17 709981
45 18 709981
45 48 709981
45 49 709986
45 44 709987
45 26 709995
45 43 710000
45 3 710003
45 13 710012
45 46 710020
45 12 710026
45 27 710031
45 15 710033
45 29 710042
45 14 710049
45 11 710050
45 25 710057
45 10 710063
46 3 710071
46 31 710072
46 33 710079
46 44 710085
46 14 710089
46 34 710090
46 26 710090
46 43 710090
46 1 710096
46 13 710103
46 30 710106
46 45 710112
46 32 710119
46 9 710120
46 35 710128
46 15 710134
46 24 710143
46 0 710151
46 36 710158
46 20 710160
46 28 710166
46 2 710175
46 16 710176
46 29 710177
46 51 710179
46 38 710187
46 48 710187
46 5 710187
46 52 710193
46 50 710194
46 42 710194
46 4 710195
46 51 710199
46 31 710201
46 18 710202
46 9 710211
46 34 710211
46 43 710219
46 20 710220
46 25 710225
46 3 710225
46 48 710232
46 8 710241
46 12 710247
46 22 710250
46 35 710255
46 33 710255
46 44 710261
46 52 710264
46 15 710269
46 24 710274
46 42 710281
46 45 710284
46 21 710287
46 49 710292
46 38 710296
46 37 710302
46 14 710304
46 5 710313
47 34 710317
47 21 710320
47 13 710329
47 27 710333
47 20 710339
47 17 710342
47 9 710345
47 12 710347
47 50 710347
47 38 710356
47 36 710363
47 29 710368
47 23 710374
47 3 710383
47 49 710384
47 2 710391
47 16 710391
47 45 710398
47 18 710398
47 33 710398
47 51 710406
47 35 710407
47 0 710416
47 52 710417
47 26 710420
47 5 710428
47 46 710433
47 24 710439
47 29 710442
47 13 710443
47 31 710446
47 30 710453
47 39 710462
47 16 710470
47 37 710475
47 25 710481
47 48 710485
47 38 710487
47 9 710489
47 22 710497
47 35 710503
47 3 710504
47 36 710509
47 41 710510
47 45 710513
48 10 710520
48 32 710523
48 25 710525
48 30 710531
48 24 710537
48 27 710545
48 49 710548
48 7 710551
48 16 710560
48 18 710560
48 42 710565
48 13 710573
48 26 710581
48 34 710587
48 0 710593
48 14 710597
48 11 710597
48 5 710603
48 6 710610
48 17 710618
48 20 710625
48 51 710626
48 3 710635
48 8 710644
48 29 710645
48 41 710651
48 1 710657
48 12 710665
48 50 710666
48 9 710671
48 36 710673
48 47 710680
48 15 710688
48 0 710695
48 30 710704
48 43 710709
48 9 710717
48 10 710724
48 13 710728
48 2 710733
48 52 710741
48 50 710749
48 38 710756
48 32 710758
48 31 710758
48 51 710765
48 22 710768
48 16 710775
48 25 710783
48 37 710787
48 4 710791
48 23 710798
48 40 710801
48 29 710808
48 26 710813
48 41 710819
48 12 710821
48 27 710830
48 20 710838
48 36 710838
48 49 710846
48 44 710850
48 5 710852
48 8 710858
48 6 710861
48 24 710869
49 45 710875
49 18 710883
49 10 710883
49 48 710884
49 44 710889
49 9 710889
49 20 710896
49 35 710905
49 4 710913
49 36 710915
49 47 710922
49 30 710925
49 6 710927
49 34 710933
49 26 710942
49 16 710942
49 15 710949
49 22 710957
49 50 710958
49 15 710960
49 50 710962
49 18 710971
49 2 710979
49 24 710982
49 16 710982
49 20 710987
49 22 710992
49 31 710995
49 43 710995
49 26 710997
49 42 711001
49 41 711003
49 17 711009
49 9 711018
49 23 711024
49 51 711030
49 10 711039
49 7 711042
49 46 711049
49 32 711050
49 8 711054
50 17 711061
50 2 711066
50 19 711073
50 29 711073
51 17 711078
51 32 711085
51 40 711094
51 7 711094
51 43 711095
51 4 711096
51 52 711105
51 39 711105
51 22 711108
51 30 711112
51 9 711118
51 0 711124
51 5 711128
51 29 711128
51 36 711129
51 50 711134
51 48 711141
51 36 711150
51 10 711156
51 8 711159
51 19 711160
51 14 711168
51 23 711176
51 1 711177
51 16 711178
51 0 711182
51 24 711188
51 50 711189
51 39 711194
51 41 711197
51 7 711204
51 47 711212
51 44 711217
51 29 711218
51 49 711222
51 11 711231
52 18 711235
52 24 711237
52 19 711241
52 6 711245
52 36 711250
52 45 711255
52 21 711257
52 42 711264
52 40 711270
52 51 711277
52 47 711283
52 26 711290
52 28 711292
52 48 711296
52 0 711300
52 37 711307
52 22 711309
52 30 711313
52 31 711317
52 11 711321
52 1 711329
52 43 711336
52 16 711336
52 48 711336
52 18 711345
52 49 711350
52 1 711357
52 39 711362
52 29 711366
52 4 711373
52 38 711382
52 17 711388
52 21 711388
52 6 711395
52 31 711399
52 36 711399
52 32 711400
52 50 711405
52 46 711405
52 23 711406
