56
false
0 26 829161
0 9 829164
0 13 829166
0 38 829166
0 29 829167
0 49 829176
0 18 829184
0 20 829186
0 34 829192
0 35 829200
0 11 829208
0 7 829212
0 32 829213
1 9 829219
1 29 829221
1 30 829224
1 15 829229
1 36 829235
1 51 829235
1 19 829242
1 13 829242
1 23 829249
1 45 829252
1 26 829261
1 40 829265
1 12 829269
1 39 829271
1 0 829280
1 10 829287
1 42 829293
1 33 829299
1 7 829305
1 21 829305
1 24 829314
1 48 829315
1 38 829320
1 50 829325
1 4 829328
1 44 829330
1 8 829336
1 54 829337
1 45 829343
1 14 829351
1 53 829356
1 38 829360
1 44 829362
1 40 829371
1 8 829376
1 24 829378
1 18 829379
1 12 829385
1 31 829389
1 3 829391
1 30 829394
1 2 829396
1 17 829401
1 55 829406
1 37 829414
1 33 829417
1 46 829426
1 27 829430
1 4 829432
1 49 829439
1 29 829440
1 7 829449
1 34 829450
1 9 829451
1 35 829458
1 50 829467
1 13 829472
2 23 829473
2 22 829479
2 8 829483
2 50 829483
2 24 829491
2 15 829500
2 30 829508
2 49 829515
2 11 829523
2 16 829526
2 21 829530
2 4 829530
2 53 829531
2 20 829540
2 9 829549
2 14 829551
2 1 829551
2 52 829554
2 34 829560
2 44 829566
2 32 829573
2 45 829580
2 39 829581
2 19 829586
2 55 829591
2 32 829597
2 7 829599
2 41 829604
2 42 829608
2 28 829610
2 22 829611
2 5 829611
2 49 829618
2 15 829621
2 44 829627
2 20 829632
2 43 829633
2 47 829636
2 6 829641
2 23 829646
2 39 829651
2 24 829653
2 19 829657
2 48 829662
2 45 829664
2 54 829666
2 3 829675
2 31 829678
3 50 829680
3 21 829683
3 53 829683
3 42 829691
3 49 829693
3 28 829700
3 47 829709
3 19 829709
3 39 829716
3 4 829721
3 5 829727
3 29 829729
3 20 829730
3 38 829733
3 17 829737
3 0 829743
3 10 829749
3 6 829757
3 33 829757
3 15 829766
3 53 829775
3 32 829777
3 44 829785
3 34 829786
3 1 829787
3 50 829788
4 48 829789
4 14 829798
4 34 829802
4 27 829804
4 52 829805
4 30 829810
4 7 829815
4 3 829821
4 24 829825
4 8 829828
4 16 829832
4 53 829834
4 5 829836
4 0 829838
4 20 829847
4 19 829849
4 26 829854
4 6 829857
4 55 829865
4 29 829868
4 17 829870
4 25 829879
4 44 829881
4 39 829882
4 45 829882
4 27 829882
4 33 829888
4 45 829892
4 51 829895
4 14 829898
4 41 829907
4 16 829909
4 30 829914
4 5 829920
4 18 829920
4 15 829926
4 39 829931
4 6 829937
4 42 829937
4 35 829938
4 50 829942
4 29 829945
4 24 829950
4 19 829954
4 26 829954
4 17 829954
4 0 829954
4 21 829963
4 20 829966
4 34 829972
4 44 829977
4 9 829980
5 15 829983
5 48 829990
5 33 829990
5 1 829997
5 51 830000
5 41 830000
5 40 830005
5 52 830011
5 6 830018
5 47 830027
5 49 830030
5 16 830030
5 27 830034
5 37 830040
5 19 830046
5 26 830047
5 55 830052
5 22 830054
5 21 830063
5 31 830068
5 17 830069
5 0 830076
5 44 830084
5 4 830084
5 30 830084
5 34 830090
5 28 830097
5 43 830099
5 13 830103
5 25 830110
5 42 830119
5 36 830123
5 53 830124
5 39 830126
5 53 830126
5 22 830128
5 20 830135
5 35 830141
5 45 830150
5 19 830153
5 6 830161
5 9 830168
5 40 830177
5 46 830184
5 42 830192
5 34 830194
5 28 830203
5 3 830208
5 8 830214
5 41 830216
5 15 830216
5 44 830225
5 11 830227
5 49 830234
5 55 830239
5 26 830248
5 13 830250
5 31 830254
5 1 830256
5 48 830256
5 24 830257
5 39 830259
5 12 830264
5 43 830268
5 38 830276
5 29 830281
5 33 830286
5 50 830286
5 23 830290
6 44 830292
6 55 830294
6 43 830299
6 20 830305
6 1 830311
6 32 830320
6 39 830325
6 49 830331
6 23 830332
6 19 830334
6 42 830335
6 26 830338
6 15 830344
6 34 830352
6 36 830360
6 5 830364
6 12 830364
6 40 830371
6 46 830373
6 26 830382
6 20 830383
6 46 830390
6 29 830399
6 18 830405
6 39 830406
6 30 830409
6 11 830415
6 17 830423
6 7 830425
6 50 830426
6 45 830428
6 47 830437
6 31 830442
6 1 830446
6 34 830447
6 40 830451
6 38 830453
6 21 830461
6 51 830469
7 6 830475
7 17 830476
7 16 830478
7 46 830478
7 15 830485
7 0 830491
7 49 830497
7 11 830500
7 45 830501
7 14 830506
7 38 830514
7 22 830522
7 3 830522
7 9 830524
7 4 830530
7 48 830532
7 51 830532
7 50 830541
7 14 830542
7 34 830546
7 36 830549
7 48 830549
7 26 830557
7 24 830558
7 31 830564
7 18 830571
7 50 830580
7 55 830584
7 15 830584
7 12 830593
7 0 830595
7 4 830601
7 28 830609
7 43 830611
7 51 830620
7 6 830629
8 25 830637
8 18 830642
8 52 830647
8 7 830655
8 48 830660
8 16 830667
8 15 830669
8 6 830678
8 46 830681
8 13 830684
8 39 830686
8 17 830690
8 9 830690
8 24 830692
8 14 830696
8 47 830699
8 21 830708
8 38 830710
8 34 830712
8 5 830715
8 22 830716
8 11 830724
8 28 830732
8 2 830737
8 51 830742
8 50 830750
8 0 830750
8 33 830750
8 14 830758
8 4 830758
8 30 830762
8 51 830768
8 0 830772
8 36 830781
8 55 830784
8 35 830790
8 42 830798
8 25 830801
8 10 830807
8 45 830811
8 50 830820
8 1 830821
8 15 830827
8 19 830835
8 49 830841
8 21 830843
8 54 830848
8 9 830853
8 44 830856
8 28 830865
8 23 830874
8 17 830882
8 29 830883
8 38 830892
9 32 830899
9 15 830899
9 25 830903
9 44 830909
9 45 830909
9 46 830913
9 28 830919
9 42 830923
9 53 830928
9 23 830934
9 11 830941
9 5 830950
9 38 830958
9 47 830964
9 54 830965
9 55 830968
9 8 830968
9 35 830972
9 37 830978
9 16 830984
9 4 830988
9 0 830997
9 29 830999
9 22 831001
9 17 831008
9 30 831009
9 19 831018
9 50 831025
9 2 831026
9 48 831026
9 18 831029
9 34 831038
9 3 831040
9 41 831047
9 40 831048
9 48 831048
9 44 831048
9 22 831049
9 39 831051
9 45 831052
9 53 831055
9 52 831060
9 28 831064
9 33 831072
9 20 831079
9 15 831086
9 47 831086
9 21 831086
9 18 831089
9 17 831092
9 46 831096
9 55 831105
9 35 831112
9 25 831116
9 6 831125
9 13 831132
9 23 831137
9 7 831146
9 2 831152
9 8 831158
9 19 831167
9 37 831169
9 24 831176
9 31 831179
9 36 831181
9 38 831190
10 42 831196
10 8 831205
10 24 831209
10 53 831210
10 45 831212
10 34 831218
10 50 831219
10 21 831224
10 11 831226
10 26 831231
10 2 831239
10 41 831247
10 54 831254
10 27 831257
10 16 831266
10 36 831272
10 39 831277
10 25 831277
10 46 831279
10 40 831282
10 23 831290
10 21 831290
10 15 831293
10 12 831294
10 50 831294
10 22 831302
10 37 831307
10 2 831307
10 19 831316
10 55 831321
10 44 831329
10 13 831333
10 32 831333
10 0 831338
10 36 831346
10 53 831349
10 6 831354
11 40 831361
11 3 831365
11 24 831367
11 13 831376
11 52 831383
11 12 831385
11 26 831388
11 38 831391
11 43 831392
11 47 831400
11 39 831408
11 16 831410
11 7 831418
11 36 831422
11 10 831422
11 44 831431
11 2 831432
11 31 831436
11 29 831442
11 25 831444
11 51 831449
11 17 831449
11 53 831453
11 41 831454
11 8 831458
11 14 831464
11 54 831468
11 43 831474
11 37 831476
11 50 831481
11 26 831488
11 5 831495
11 53 831497
11 7 831503
11 49 831509
11 1 831517
11 32 831524
11 29 831526
11 22 831530
11 24 831538
11 35 831545
11 27 831547
11 9 831551
11 38 831554
11 55 831554
11 28 831557
11 15 831565
11 3 831565
11 16 831570
11 48 831579
11 47 831585
11 0 831593
11 2 831594
11 42 831594
11 14 831599
12 52 831599
12 40 831600
12 10 831601
12 44 831601
12 33 831602
12 20 831608
12 27 831615
12 5 831621
12 22 831623
12 1 831631
12 45 831640
12 47 831648
12 24 831651
12 17 831658
12 42 831666
12 3 831672
12 41 831674
12 13 831676
12 48 831679
12 55 831683
12 4 831691
12 38 831700
12 11 831709
12 8 831717
12 37 831721
12 14 831723
12 53 831730
12 35 831732
12 36 831736
12 28 831743
12 43 831747
12 19 831752
12 0 831752
12 14 831760
12 31 831765
12 39 831774
12 29 831774
12 49 831780
12 3 831781
12 48 831788
12 16 831791
12 6 831798
12 45 831803
12 53 831808
12 15 831816
12 40 831824
12 32 831833
12 30 831837
12 4 831842
12 41 831842
12 5 831851
12 24 831856
12 20 831859
12 11 831859
12 35 831863
12 42 831869
12 54 831873
12 10 831875
12 26 831876
13 8 831877
13 4 831884
13 5 831887
13 46 831895
13 18 831896
13 43 831897
13 29 831904
13 54 831907
13 32 831915
13 14 831916
13 44 831921
13 15 831924
13 7 831931
13 2 831936
13 22 831945
13 45 831947
13 47 831952
13 34 831961
13 21 831968
13 0 831969
13 35 831972
13 27 831977
13 42 831985
13 17 831986
13 36 831989
13 20 831995
13 24 831997
13 50 831999
13 33 832000
13 31 832006
13 39 832012
13 55 832013
13 23 832018
13 12 832020
13 40 832027
13 26 832033
13 46 832038
13 24 832043
13 41 832049
13 15 832052
13 27 832055
13 52 832064
13 21 832066
13 4 832071
13 12 832071
13 49 832074
13 48 832081
13 55 832088
13 37 832093
13 36 832096
13 25 832098
13 28 832101
13 33 832103
13 50 832103
13 5 832104
13 1 832106
13 32 832114
13 30 832121
13 16 832125
13 11 832132
13 9 832132
13 29 832141
13 22 832149
13 23 832149
13 0 832151
13 38 832158
13 39 832167
13 6 832170
13 2 832179
14 13 832183
14 40 832189
14 7 832198
14 53 832202
14 19 832207
14 37 832210
14 43 832215
14 30 832220
14 38 832228
14 36 832234
14 35 832237
14 47 832238
14 25 832247
14 31 832251
14 29 832258
14 42 832262
14 0 832263
14 41 832264
14 28 832268
14 24 832273
14 52 832275
14 34 832279
14 26 832286
14 18 832287
14 17 832288
14 2 832293
14 20 832295
14 6 832303
14 9 832305
14 4 832311
14 45 832314
14 34 832323
14 27 832329
14 8 832336
14 52 832338
14 37 832347
14 33 832348
14 24 832356
14 4 832364
14 30 832371
14 48 832376
14 41 832385
14 1 832392
14 43 832396
14 54 832397
14 2 832398
14 50 832406
14 7 832407
14 31 832413
14 46 832415
14 21 832423
14 25 832429
14 15 832431
14 51 832439
14 40 832440
14 32 832448
14 0 832448
14 38 832454
14 36 832457
14 6 832462
14 5 832466
14 26 832468
14 17 832468
14 16 832468
14 13 832476
15 30 832484
15 55 832488
15 12 832496
15 36 832500
15 21 832508
15 20 832515
15 8 832518
15 47 832524
15 7 832529
15 14 832535
15 53 832536
15 1 832536
15 43 832537
15 54 832545
15 39 832547
15 37 832554
15 34 832560
15 9 832566
15 10 832575
15 23 832580
15 27 832582
15 2 832585
15 11 832587
15 46 832591
15 19 832599
15 29 832604
15 17 832604
15 38 832611
15 52 832620
15 14 832624
15 27 832626
15 41 832631
15 19 832632
15 12 832632
15 53 832636
15 8 832645
15 47 832650
15 46 832650
15 42 832659
15 52 832666
15 3 832668
15 21 832670
15 34 832678
15 35 832679
15 10 832679
15 16 832682
15 43 832691
15 20 832697
15 31 832697
15 26 832699
15 9 832702
15 50 832711
15 37 832711
15 0 832714
15 55 832718
15 33 832724
15 22 832731
15 17 832737
15 4 832745
16 11 832747
16 18 832755
16 53 832764
16 48 832771
16 32 832778
16 1 832782
16 21 832784
16 25 832786
16 15 832789
16 41 832796
16 13 832799
16 37 832805
16 49 832806
16 30 832810
16 3 832812
16 54 832821
16 8 832825
16 31 832829
16 23 832835
16 44 832838
16 28 832844
16 43 832852
16 55 832858
16 5 832860
17 10 832862
17 30 832864
17 5 832873
17 40 832876
17 16 832881
17 26 832885
17 35 832885
17 45 832894
17 51 832895
17 32 832899
17 3 832905
17 18 832913
17 48 832916
17 43 832919
17 14 832925
17 2 832926
17 8 832931
17 9 832933
17 7 832939
17 54 832947
17 1 832956
17 53 832957
17 0 832957
17 28 832966
17 46 832972
17 36 832974
17 6 832976
17 41 832982
17 50 832985
17 13 832985
17 13 832990
17 0 832994
17 39 832994
17 38 833000
17 55 833004
17 46 833007
17 14 833011
17 31 833015
17 49 833020
17 54 833027
17 12 833032
17 7 833036
17 35 833036
17 5 833037
17 51 833044
17 47 833045
17 20 833046
17 10 833047
17 40 833053
17 23 833058
17 32 833063
17 29 833071
17 43 833078
17 19 833082
17 11 833082
17 2 833085
17 3 833090
17 48 833092
17 18 833095
17 22 833099
17 9 833100
17 8 833107
17 53 833116
17 41 833123
18 14 833132
18 51 833133
18 25 833138
18 50 833140
18 48 833140
18 34 833141
18 0 833143
18 31 833146
18 10 833151
18 36 833160
18 44 833163
18 45 833171
18 43 833171
18 46 833173
18 53 833182
18 29 833188
18 49 833195
18 20 833198
18 4 833204
18 42 833208
18 17 833215
18 54 833215
18 8 833218
18 11 833223
18 52 833226
18 27 833231
18 24 833231
18 8 833240
18 30 833249
18 17 833255
18 52 833260
18 33 833265
18 23 833271
18 1 833279
18 15 833282
18 3 833291
18 42 833293
18 9 833294
18 6 833300
18 34 833302
18 11 833310
18 27 833319
18 0 833319
18 35 833324
18 32 833326
18 13 833327
18 54 833333
18 22 833337
18 29 833338
18 46 833347
18 26 833352
18 49 833359
18 10 833359
18 41 833359
18 20 833359
18 4 833361
18 24 833361
18 40 833363
18 36 833364
18 43 833367
18 39 833374
19 13 833382
19 37 833390
19 10 833390
19 35 833390
19 22 833391
19 42 833395
19 34 833399
19 39 833400
19 54 833401
19 12 833409
19 11 833411
19 41 833416
19 55 833423
19 29 833427
19 40 833435
19 15 833442
19 4 833445
19 26 833452
19 31 833456
19 24 833461
19 43 833470
19 17 833476
19 14 833476
19 45 833476
19 2 833485
19 0 833488
19 41 833497
19 53 833501
19 5 833508
19 22 833509
19 34 833514
19 14 833519
19 2 833520
19 6 833525
19 48 833526
19 49 833535
19 17 833541
19 38 833550
19 42 833556
19 29 833556
19 11 833562
19 33 833571
19 44 833580
19 20 833582
19 31 833590
20 37 833596
20 15 833596
20 13 833597
20 23 833601
20 49 833607
20 27 833608
20 50 833615
20 16 833624
20 29 833633
20 18 833640
20 35 833647
20 25 833650
20 52 833659
20 33 833666
20 1 833670
20 46 833678
20 22 833681
20 9 833687
20 2 833691
20 44 833700
20 54 833709
20 5 833710
20 7 833718
20 26 833723
20 3 833724
20 51 833727
20 36 833735
20 19 833735
20 50 833740
20 48 833746
20 27 833750
20 12 833759
20 4 833764
20 5 833770
20 54 833779
20 34 833787
20 42 833793
20 46 833800
20 47 833807
20 25 833814
20 7 833816
20 1 833821
20 0 833821
20 30 833824
20 52 833830
20 11 833831
20 16 833838
20 49 833839
20 21 833842
20 44 833842
20 43 833846
20 36 833851
20 45 833857
20 38 833857
21 13 833862
21 41 833867
21 52 833867
21 18 833875
21 25 833883
21 26 833890
21 4 833898
21 30 833904
21 33 833911
21 15 833911
21 23 833919
21 6 833921
22 35 833927
22 16 833930
22 10 833939
22 47 833948
22 42 833951
22 29 833953
22 13 833958
22 34 833961
22 36 833966
22 45 833972
22 6 833976
22 5 833980
22 46 833980
22 49 833988
22 26 833988
22 17 833989
22 23 833991
22 16 833999
22 20 834001
22 38 834002
22 53 834005
22 1 834008
22 24 834008
22 11 834017
22 21 834020
22 10 834029
22 33 834035
23 29 834043
23 50 834047
23 32 834050
23 5 834051
23 4 834058
23 49 834066
23 35 834066
23 25 834074
23 33 834082
23 41 834083
23 45 834085
23 6 834093
23 2 834101
23 20 834108
23 0 834109
23 27 834111
23 17 834116
23 22 834124
23 28 834132
23 47 834132
23 51 834134
23 29 834141
23 1 834149
23 46 834157
23 52 834157
23 13 834160
23 37 834165
23 43 834173
23 20 834176
23 47 834178
23 40 834186
23 4 834194
23 38 834200
23 8 834208
23 26 834208
23 55 834210
23 53 834212
23 32 834216
23 27 834217
23 17 834221
23 18 834221
24 31 834225
24 55 834233
24 46 834242
24 42 834245
24 49 834249
24 51 834257
24 40 834264
24 10 834266
24 19 834268
24 5 834271
24 1 834280
24 41 834282
24 20 834284
24 30 834286
24 43 834289
24 21 834296
24 53 834300
24 35 834304
24 37 834306
24 28 834309
24 52 834312
24 16 834320
24 19 834324
24 1 834332
24 17 834336
24 45 834345
24 14 834346
24 29 834352
24 11 834356
24 0 834360
24 51 834363
24 31 834363
24 9 834371
24 25 834373
24 22 834374
25 18 834378
25 36 834383
25 15 834389
25 10 834396
25 7 834402
25 12 834406
25 51 834408
25 44 834410
25 28 834418
25 31 834425
25 3 834434
25 42 834436
25 32 834444
25 20 834449
25 23 834451
25 0 834459
25 49 834463
25 26 834464
25 38 834470
25 13 834476
25 16 834483
25 24 834485
25 55 834493
25 19 834496
25 27 834505
25 43 834512
25 34 834521
25 41 834524
25 8 834529
25 12 834538
25 27 834545
25 21 834548
25 11 834555
25 33 834559
25 46 834568
25 43 834572
25 37 834581
25 38 834581
25 55 834590
25 36 834590
25 30 834591
25 4 834598
25 24 834601
25 16 834602
25 18 834605
25 44 834610
25 6 834611
25 17 834619
25 42 834628
25 23 834628
25 14 834630
25 40 834630
25 51 834630
25 39 834638
25 8 834642
25 13 834650
26 32 834651
26 14 834654
26 20 834659
26 12 834663
26 51 834669
26 48 834675
26 30 834677
26 4 834684
26 29 834692
26 49 834692
26 0 834699
26 17 834700
26 39 834705
26 41 834712
26 43 834717
26 44 834720
26 3 834729
26 15 834733
26 11 834733
26 27 834742
26 52 834744
26 21 834748
26 50 834752
26 31 834757
26 13 834757
26 9 834760
26 18 834760
26 55 834768
26 16 834775
26 10 834779
26 43 834782
26 35 834787
26 23 834796
26 7 834802
26 51 834809
26 6 834811
26 28 834819
26 2 834819
26 0 834819
26 33 834823
26 48 834829
26 36 834835
26 42 834842
26 31 834850
26 34 834853
26 50 834858
26 46 834867
26 44 834871
26 30 834876
26 16 834876
26 53 834877
26 20 834882
26 11 834891
26 8 834896
26 19 834897
26 47 834904
26 5 834909
26 18 834912
26 3 834918
26 41 834927
26 32 834936
26 27 834940
26 49 834940
26 39 834946
27 25 834950
27 24 834955
27 37 834962
27 40 834965
27 7 834965
27 12 834974
27 49 834983
27 53 834988
27 52 834993
27 14 835001
27 31 835006
27 39 835011
27 47 835014
27 5 835014
27 10 835018
27 15 835022
27 29 835025
27 13 835031
27 4 835036
27 26 835036
27 7 835041
27 35 835047
27 16 835051
27 50 835053
27 9 835062
27 11 835062
27 54 835064
27 43 835066
27 33 835067
27 4 835069
27 15 835078
27 13 835087
27 31 835090
27 1 835094
27 37 835103
27 51 835110
27 18 835113
27 12 835120
27 29 835129
28 24 835131
28 55 835135
28 29 835140
28 36 835142
28 8 835151
28 23 835155
28 2 835157
28 21 835164
28 32 835170
28 6 835179
28 46 835186
28 54 835194
28 17 835195
28 5 835197
28 52 835203
28 43 835211
28 46 835217
28 14 835220
28 36 835226
28 43 835228
28 22 835228
28 35 835228
28 24 835234
28 21 835240
28 31 835248
28 32 835257
28 13 835266
28 40 835274
28 4 835282
28 17 835283
29 15 835287
29 11 835289
29 26 835289
29 52 835297
29 30 835301
29 16 835301
29 2 835303
29 4 835311
29 22 835311
29 54 835312
29 40 835313
29 35 835319
29 32 835325
29 33 835332
29 47 835335
29 49 835339
29 3 835345
29 51 835354
29 55 835359
29 21 835368
29 42 835377
29 8 835378
29 13 835380
29 48 835384
29 2 835388
29 16 835392
29 42 835401
29 9 835410
29 52 835411
29 34 835416
29 20 835421
29 35 835428
29 41 835437
29 24 835441
29 17 835449
29 54 835449
29 1 835453
29 33 835462
29 25 835468
29 12 835471
29 48 835478
29 27 835481
29 47 835489
29 44 835491
29 19 835492
29 30 835500
29 5 835504
30 40 835508
30 31 835517
30 14 835520
30 42 835520
30 35 835521
30 0 835526
30 8 835526
30 6 835532
30 4 835539
30 27 835540
30 5 835545
30 54 835546
30 18 835553
30 11 835559
30 7 835564
30 43 835566
30 41 835571
30 1 835580
30 37 835587
30 15 835588
30 21 835597
30 20 835597
30 26 835604
30 9 835607
30 3 835611
30 2 835613
30 24 835616
30 23 835625
30 36 835634
30 54 835641
30 41 835645
30 8 835648
30 21 835653
30 25 835655
30 39 835655
30 42 835658
30 11 835662
30 43 835667
30 46 835669
30 12 835676
30 31 835682
30 19 835685
30 7 835693
30 6 835700
30 5 835704
30 15 835713
30 40 835715
30 50 835722
30 49 835724
30 35 835725
31 40 835728
31 42 835728
31 1 835736
31 46 835740
31 0 835749
31 44 835751
31 52 835753
31 5 835758
31 4 835764
31 19 835767
31 7 835776
31 50 835779
31 6 835788
31 9 835794
31 34 835796
31 14 835800
31 53 835808
31 2 835808
31 3 835817
31 37 835820
31 23 835822
31 45 835825
31 21 835832
31 28 835840
31 18 835848
31 38 835851
31 39 835852
31 10 835861
31 24 835869
31 33 835878
31 12 835885
31 17 835892
31 24 835901
31 46 835908
31 44 835915
31 1 835923
31 2 835924
31 43 835927
31 28 835935
31 38 835942
31 36 835945
31 30 835947
31 12 835953
31 41 835957
31 50 835964
31 29 835967
31 42 835974
31 19 835977
31 8 835980
31 14 835989
31 22 835998
31 39 836005
31 32 836012
31 47 836016
31 11 836023
31 9 836025
31 23 836025
31 25 836033
31 51 836040
31 4 836047
31 37 836049
31 26 836058
31 45 836062
31 52 836068
31 17 836076
31 7 836082
31 10 836090
32 12 836091
32 50 836098
32 20 836102
32 8 836110
32 25 836116
32 49 836123
32 33 836123
32 9 836126
32 10 836128
32 46 836137
32 45 836146
32 13 836152
32 3 836157
32 30 836164
32 27 836165
32 43 836170
32 19 836177
32 47 836181
32 23 836189
32 1 836195
32 55 836197
32 44 836202
32 48 836204
32 39 836209
32 53 836217
32 38 836219
32 40 836227
32 31 836230
32 51 836233
32 11 836235
32 2 836240
32 29 836249
32 17 836254
32 15 836255
32 7 836263
32 1 836270
32 6 836276
32 38 836281
32 2 836283
32 47 836284
32 37 836287
32 12 836287
32 36 836289
32 19 836294
32 3 836294
32 30 836303
32 17 836310
32 20 836319
32 35 836319
32 21 836324
32 10 836325
32 16 836330
32 54 836331
32 7 836334
32 40 836339
32 0 836343
32 25 836348
32 5 836357
32 22 836358
32 11 836362
32 42 836363
32 4 836370
32 13 836375
32 18 836384
32 9 836392
32 28 836399
32 29 836404
32 8 836407
32 51 836409
33 36 836409
33 37 836411
33 53 836413
33 29 836414
33 47 836414
33 0 836415
33 22 836421
33 7 836429
33 16 836438
33 39 836441
33 44 836444
33 43 836450
33 31 836452
33 11 836460
33 45 836466
33 24 836475
33 15 836475
33 49 836475
33 28 836477
33 19 836480
33 42 836484
33 5 836490
33 25 836499
33 13 836505
33 9 836509
33 27 836510
33 41 836518
33 6 836525
33 34 836534
33 54 836543
33 20 836546
33 35 836548
33 38 836554
33 12 836560
33 43 836560
33 25 836567
33 23 836571
33 28 836580
33 55 836588
33 47 836591
33 7 836595
33 15 836598
33 24 836606
33 21 836607
33 14 836610
33 51 836614
33 41 836623
33 29 836632
33 53 836640
33 52 836649
33 1 836650
33 27 836651
33 46 836659
33 31 836660
33 2 836660
33 13 836669
33 9 836678
33 48 836678
33 8 836687
33 44 836688
33 18 836697
33 6 836704
34 3 836710
34 52 836713
34 13 836720
34 49 836727
34 14 836734
34 4 836742
34 12 836749
34 50 836756
34 30 836757
34 11 836757
34 40 836759
34 53 836760
34 6 836768
34 55 836775
34 32 836778
34 37 836781
34 54 836782
34 28 836791
34 19 836798
34 39 836803
34 35 836804
34 9 836813
34 21 836814
34 16 836816
34 0 836822
34 41 836824
34 38 836828
34 26 836833
34 23 836834
34 36 836836
34 27 836839
34 45 836847
34 1 836855
34 35 836862
34 12 836862
34 40 836871
34 45 836875
34 13 836877
34 41 836880
34 25 836888
34 1 836893
34 14 836901
34 6 836908
34 15 836915
34 54 836924
34 48 836925
34 27 836927
34 24 836932
34 10 836936
34 0 836936
34 47 836944
34 55 836946
34 9 836953
34 53 836961
34 7 836965
34 17 836972
34 5 836972
34 28 836974
34 19 836976
34 16 836976
34 8 836982
34 3 836984
34 22 836986
34 21 836987
34 11 836990
35 22 836996
35 31 836996
35 54 837000
35 42 837001
35 43 837004
35 25 837009
35 51 837018
35 50 837026
35 33 837030
35 40 837039
35 34 837042
35 6 837051
35 46 837053
35 17 837059
35 19 837065
35 38 837072
35 8 837075
35 7 837083
35 45 837087
35 32 837093
35 10 837095
35 13 837096
35 30 837100
35 11 837104
35 29 837111
35 55 837111
35 0 837119
35 3 837127
35 12 837130
35 4 837130
35 1 837133
35 52 837141
35 33 837145
35 25 837154
35 40 837162
35 5 837170
35 49 837170
35 38 837170
35 54 837172
35 32 837175
35 23 837184
35 6 837185
35 20 837185
35 45 837191
35 8 837198
35 29 837207
35 27 837213
35 39 837221
35 53 837228
35 16 837228
35 7 837231
35 42 837236
35 18 837236
35 12 837237
35 17 837242
35 21 837249
35 30 837257
35 10 837266
35 37 837274
36 23 837277
36 34 837286
36 26 837295
36 44 837299
36 18 837301
36 15 837308
36 20 837314
36 5 837318
36 0 837322
36 27 837323
36 53 837330
36 39 837335
36 29 837335
36 12 837340
36 16 837347
36 38 837347
36 46 837355
36 17 837362
36 13 837368
36 19 837372
36 33 837376
36 22 837376
36 1 837382
36 43 837382
36 32 837388
36 7 837395
36 15 837396
36 17 837404
36 46 837410
36 47 837419
36 11 837427
36 31 837430
36 8 837433
36 54 837441
36 29 837444
36 30 837445
36 13 837446
36 27 837446
36 4 837454
36 24 837463
36 28 837463
36 18 837465
36 38 837468
36 25 837469
36 53 837478
36 9 837483
37 35 837492
37 52 837492
37 54 837494
37 42 837495
37 6 837500
37 47 837500
37 21 837507
37 48 837516
37 2 837519
37 23 837526
37 29 837528
37 36 837529
37 4 837532
37 43 837534
37 13 837539
37 25 837546
37 46 837549
37 38 837550
37 53 837557
37 0 837561
37 11 837566
37 34 837570
37 20 837577
37 49 837579
37 28 837585
37 16 837586
37 12 837586
37 27 837595
37 17 837599
37 26 837606
37 10 837609
37 3 837613
37 18 837621
37 9 837627
37 31 837630
37 25 837632
37 48 837633
37 54 837634
37 1 837637
37 9 837641
37 26 837648
37 5 837656
37 24 837660
37 44 837660
37 31 837660
37 23 837665
37 41 837670
37 14 837679
37 10 837680
37 32 837683
37 30 837689
37 51 837690
37 50 837692
37 39 837695
37 15 837699
37 3 837705
37 7 837714
37 43 837719
37 12 837725
37 6 837732
37 20 837741
37 2 837743
37 34 837752
37 28 837753
37 4 837757
37 55 837761
37 45 837761
37 35 837763
37 18 837769
38 7 837771
38 47 837772
38 20 837779
38 30 837779
38 14 837783
38 26 837791
38 5 837794
38 55 837797
38 39 837806
38 48 837806
38 42 837811
38 16 837819
38 27 837827
38 45 837836
38 29 837842
38 46 837846
38 32 837846
38 53 837852
38 11 837852
38 2 837859
38 17 837860
38 10 837867
38 31 837868
38 25 837873
38 4 837882
38 33 837891
38 9 837897
38 21 837903
38 50 837906
38 3 837907
38 40 837915
38 28 837922
38 35 837930
38 33 837930
38 18 837932
38 3 837936
38 50 837943
38 53 837943
38 44 837951
38 29 837959
38 23 837960
38 8 837966
38 40 837970
38 17 837979
38 49 837982
38 51 837989
38 10 837998
38 0 838001
38 28 838009
38 22 838017
38 25 838025
38 47 838029
38 21 838034
38 39 838037
38 46 838042
38 43 838051
38 30 838059
38 4 838062
38 37 838070
38 26 838070
38 16 838071
38 20 838077
38 6 838079
38 5 838083
38 32 838089
38 36 838097
38 48 838105
38 12 838109
38 52 838118
39 46 838127
39 19 838134
39 13 838136
39 50 838139
39 30 838144
39 1 838149
39 37 838154
39 28 838157
39 42 838165
39 47 838170
39 0 838170
39 3 838177
39 27 838185
39 34 838188
39 54 838188
39 4 838194
39 26 838200
39 5 838209
39 2 838216
39 44 838221
39 10 838224
39 41 838231
39 22 838234
39 20 838243
39 21 838245
39 35 838245
39 32 838246
39 29 838255
39 7 838264
39 6 838267
39 11 838276
39 52 838280
39 38 838283
39 23 838286
39 33 838292
39 40 838296
39 53 838301
39 5 838304
39 55 838309
39 42 838317
39 11 838320
39 1 838320
39 4 838327
39 13 838327
39 52 838330
39 17 838334
39 14 838340
39 47 838346
39 24 838350
39 48 838350
39 22 838351
39 27 838356
39 41 838364
39 35 838373
39 20 838374
39 0 838381
39 54 838386
39 31 838392
39 6 838396
39 49 838402
39 25 838409
39 26 838417
40 51 838417
40 49 838418
40 46 838423
40 33 838424
40 43 838428
40 18 838430
40 19 838434
40 12 838438
40 28 838438
40 21 838445
40 17 838454
40 6 838461
40 54 838467
40 8 838473
40 37 838480
40 55 838482
40 27 838486
40 47 838490
40 16 838497
40 32 838499
40 52 838501
40 20 838510
40 22 838518
40 45 838519
40 1 838519
40 7 838522
40 13 838530
40 41 838538
40 35 838546
40 35 838549
40 38 838558
40 21 838561
40 52 838565
40 19 838573
40 55 838577
40 24 838577
40 54 838583
40 1 838588
40 33 838594
40 44 838600
40 14 838601
40 3 838605
40 16 838605
40 17 838612
40 48 838617
40 37 838617
40 46 838623
40 6 838623
40 41 838631
40 51 838632
40 34 838634
40 36 838641
40 39 838641
40 7 838650
40 10 838655
40 22 838659
40 15 838668
40 43 838668
40 27 838668
40 25 838673
40 50 838679
41 11 838682
41 1 838691
41 42 838691
41 29 838700
41 5 838708
41 36 838711
41 18 838720
41 49 838728
41 7 838736
41 53 838738
41 6 838747
41 14 838754
41 17 838758
41 19 838764
41 22 838768
41 8 838769
41 45 838770
41 51 838771
41 37 838775
41 48 838784
41 39 838788
41 32 838790
41 46 838790
41 50 838791
41 38 838800
41 28 838804
41 30 838805
41 0 838812
41 25 838815
41 4 838820
41 10 838823
41 33 838830
41 13 838831
41 29 838840
41 19 838848
41 23 838854
41 7 838860
41 46 838864
41 26 838868
41 32 838868
41 30 838868
41 2 838873
41 22 838881
41 3 838884
41 4 838885
41 52 838890
41 14 838895
41 28 838895
41 39 838904
41 21 838906
41 45 838907
41 43 838916
41 47 838919
41 36 838919
41 38 838919
41 40 838921
41 49 838929
41 44 838933
41 31 838934
41 33 838943
41 48 838946
41 5 838949
41 20 838957
41 1 838962
42 17 838969
42 8 838973
42 18 838976
42 30 838977
42 47 838980
42 6 838980
42 26 838987
42 46 838993
42 0 838996
42 4 839004
42 37 839010
42 48 839012
42 33 839021
42 28 839025
42 38 839028
42 1 839031
42 5 839038
42 27 839038
42 9 839043
42 10 839048
42 22 839048
42 2 839050
42 34 839052
42 55 839054
42 36 839054
42 39 839058
42 29 839066
42 19 839069
42 16 839077
42 21 839082
42 26 839090
42 55 839097
42 40 839101
42 29 839107
42 28 839116
42 8 839125
42 49 839126
42 18 839132
42 3 839136
42 20 839145
42 54 839147
42 16 839154
42 32 839156
42 5 839159
42 53 839164
42 24 839166
42 33 839172
42 19 839177
42 27 839183
42 10 839187
42 13 839191
42 35 839194
42 37 839195
42 38 839201
42 52 839201
42 31 839210
42 4 839214
42 41 839215
42 34 839216
42 46 839221
42 9 839221
43 22 839228
43 53 839229
43 7 839235
43 37 839237
43 11 839242
43 28 839246
43 55 839246
43 46 839250
43 50 839250
43 47 839251
43 31 839251
43 5 839256
43 52 839264
43 35 839273
43 34 839276
43 15 839283
43 19 839284
43 2 839289
43 42 839298
43 3 839305
43 44 839311
43 45 839313
43 39 839317
43 36 839321
43 16 839325
43 25 839331
43 0 839333
43 0 839342
43 48 839345
43 17 839350
43 18 839356
43 27 839357
43 34 839366
43 46 839372
43 16 839379
43 8 839388
43 15 839395
43 44 839398
43 19 839402
43 51 839411
43 11 839419
43 54 839419
43 10 839426
43 32 839429
43 55 839436
43 21 839436
43 4 839442
43 22 839449
43 53 839458
43 25 839458
43 26 839467
43 37 839471
43 47 839473
43 24 839480
43 9 839488
44 24 839496
44 30 839504
44 34 839507
44 0 839510
44 18 839512
44 29 839519
44 25 839528
44 17 839529
44 20 839531
44 1 839537
44 33 839545
44 43 839547
44 31 839548
44 45 839554
44 51 839560
44 14 839560
44 23 839560
44 4 839560
44 46 839563
44 53 839567
44 47 839569
44 19 839571
44 3 839574
44 6 839582
44 11 839585
44 39 839589
44 28 839589
44 40 839593
44 8 839601
44 52 839605
44 16 839610
44 41 839616
44 42 839621
44 21 839629
44 41 839635
44 40 839643
44 13 839644
44 9 839650
44 48 839650
44 34 839653
44 4 839654
44 22 839657
44 37 839657
44 2 839662
44 32 839663
44 1 839665
44 31 839673
44 45 839681
44 30 839687
44 33 839687
44 51 839690
44 27 839694
44 16 839701
44 0 839708
44 14 839713
44 25 839721
44 15 839727
44 3 839728
44 43 839731
44 6 839737
44 49 839742
44 7 839748
45 0 839755
45 39 839759
45 48 839760
45 37 839764
45 52 839764
46 26 839770
46 28 839774
46 0 839780
46 33 839781
46 48 839787
46 6 839794
46 12 839803
46 32 839803
46 1 839809
46 17 839810
46 20 839818
46 52 839825
46 38 839825
46 16 839826
46 3 839832
46 42 839839
46 49 839841
46 50 839841
46 47 839849
46 9 839854
46 11 839860
46 30 839866
46 18 839870
46 13 839873
46 22 839882
46 8 839890
46 25 839892
46 34 839894
46 4 839903
46 15 839907
46 41 839909
46 25 839915
46 2 839919
46 42 839922
46 51 839924
46 8 839933
46 52 839936
46 14 839942
46 53 839944
46 55 839947
46 24 839950
46 9 839951
46 31 839956
46 34 839960
46 22 839966
46 32 839970
46 41 839978
46 38 839980
46 39 839982
46 48 839988
46 26 839988
46 6 839989
46 43 839992
46 23 839998
46 5 839999
46 29 839999
46 49 840000
46 50 840002
46 36 840002
46 20 840009
46 1 840014
46 28 840021
46 15 840021
47 20 840024
47 30 840031
47 3 840040
47 54 840046
47 48 840049
47 32 840049
47 53 840057
47 33 840065
47 17 840065
47 26 840069
47 38 840072
47 41 840075
47 15 840082
47 42 840089
47 21 840098
47 52 840106
47 11 840110
47 46 840117
47 23 840124
47 22 840133
47 34 840140
47 4 840141
47 18 840150
47 55 840157
47 27 840158
47 45 840160
47 51 840165
47 16 840170
47 25 840173
47 5 840180
47 10 840183
47 14 840189
47 43 840194
47 41 840198
47 24 840200
47 44 840202
47 33 840206
47 34 840212
47 55 840221
47 45 840229
47 54 840233
47 20 840240
47 5 840243
47 4 840247
47 14 840256
47 15 840260
47 19 840267
47 29 840269
47 38 840273
47 18 840279
47 36 840287
47 8 840296
47 37 840304
47 35 840308
47 25 840313
47 48 840319
47 21 840319
47 31 840328
47 1 840329
47 50 840334
47 23 840343
47 51 840350
47 39 840359
47 52 840366
47 40 840369
47 10 840372
48 12 840372
48 25 840380
48 41 840380
48 19 840387
48 30 840388
48 6 840395
48 4 840398
48 2 840400
48 22 840409
48 35 840414
48 0 840422
48 27 840427
48 7 840429
48 46 840432
48 47 840436
48 54 840442
48 39 840448
48 26 840456
48 13 840457
48 20 840462
48 23 840466
48 1 840475
48 21 840481
48 32 840490
48 33 840492
48 11 840500
48 28 840501
48 16 840502
48 7 840510
48 24 840514
48 15 840522
48 41 840522
48 50 840531
48 12 840532
48 40 840539
48 32 840542
48 34 840543
48 51 840548
48 6 840553
48 45 840558
48 27 840558
48 52 840561
48 49 840561
48 4 840563
48 22 840563
48 43 840571
48 17 840576
48 1 840582
49 28 840587
49 52 840593
49 8 840599
49 32 840599
49 23 840600
49 0 840603
49 36 840607
49 11 840610
49 36 840613
49 47 840613
49 32 840622
49 46 840626
49 16 840627
49 23 840633
49 3 840635
49 2 840644
49 20 840646
49 54 840648
50 44 840651
50 39 840653
50 23 840658
50 17 840667
50 38 840675
50 33 840682
50 36 840683
50 32 840687
50 48 840694
50 3 840703
50 27 840711
50 35 840712
50 46 840715
50 55 840719
50 6 840724
50 13 840728
50 4 840734
50 11 840736
50 40 840739
50 51 840742
50 9 840745
50 19 840748
50 10 840752
50 52 840756
50 13 840762
50 51 840765
50 55 840766
50 31 840773
50 37 840774
50 45 840774
50 44 840777
50 43 840779
50 15 840786
50 26 840790
50 49 840791
50 53 840793
50 0 840798
50 6 840807
50 19 840812
50 17 840820
50 47 840824
50 21 840828
50 1 840833
50 39 840834
50 23 840838
51 22 840842
51 54 840842
51 17 840848
51 47 840855
51 55 840860
51 26 840862
51 53 840865
51 20 840866
51 9 840867
51 0 840874
51 14 840880
51 50 840883
51 35 840883
51 7 840891
51 44 840895
51 5 840897
51 39 840901
51 30 840904
51 4 840913
51 25 840916
51 8 840922
51 36 840928
51 31 840931
51 6 840932
51 27 840938
51 7 840944
51 15 840948
51 39 840949
51 28 840954
51 32 840956
51 36 840961
51 37 840965
51 41 840966
51 9 840972
51 30 840976
51 10 840984
51 17 840986
51 40 840995
51 21 840998
51 33 841006
51 29 841010
51 42 841012
51 23 841016
51 3 841016
52 37 841017
52 30 841021
52 4 841021
52 6 841026
53 7 841032
53 4 841039
53 52 841046
53 54 841053
54 2 841059
54 7 841062
54 26 841067
54 16 841070
54 30 841077
54 11 841083
54 0 841089
55 30 841094
55 53 841099
55 42 841107
55 26 841112
55 32 841118
55 50 841118
55 3 841118
55 49 841122
55 24 841128
55 27 841132
55 31 841133
55 45 841141
55 38 841147
55 46 841155
55 0 841157
55 40 841166
55 10 841166
55 43 841172
55 11 841181
55 7 841183
55 14 841187
55 8 841192
55 20 841201
55 19 841208
55 9 841213
55 13 841214
55 25 841223
55 6 841227
55 48 841231
55 39 841239
55 29 841245
55 44 841248
55 31 841255
55 41 841263
55 22 841268
55 12 841268
55 0 841274
55 26 841282
55 51 841289
55 23 841290
55 29 841297
55 27 841300
55 10 841302
55 39 841302
55 11 841307
55 46 841313
55 50 841316
55 42 841321
55 2 841321
55 53 841322
55 54 841330
55 8 841331
55 37 841331
55 13 841334
55 4 841339
55 9 841345
55 5 841349
55 14 841351
55 49 841353
55 36 841355
55 7 841360
55 3 841366
