60
false
0 22 1011766
0 1 1011769
0 5 1011771
0 18 1011771
0 13 1011772
0 45 1011781
0 2 1011789
0 46 1011795
0 51 1011803
0 7 1011811
0 3 1011815
0 48 1011816
0 33 1011825
0 36 1011830
0 50 1011833
0 23 1011838
0 6 1011843
0 20 1011844
0 57 1011851
0 27 1011854
0 53 1011858
0 49 1011864
0 4 1011872
0 24 1011879
0 32 1011883
0 39 1011890
0 54 1011897
0 42 1011903
0 26 1011904
0 35 1011910
0 37 1011910
0 19 1011910
0 8 1011911
0 10 1011917
0 6 1011922
0 42 1011927
0 31 1011933
0 44 1011939
0 53 1011947
0 52 1011951
0 46 1011952
0 48 1011956
0 13 1011962
0 26 1011970
0 5 1011975
0 24 1011981
0 22 1011983
0 29 1011987
0 35 1011987
0 30 1011988
0 20 1011994
0 39 1011998
0 15 1012000
0 38 1012003
0 2 1012006
0 23 1012011
0 57 1012019
0 19 1012026
0 50 1012032
0 12 1012035
1 25 1012036
1 19 1012045
1 18 1012046
1 9 1012047
1 3 1012054
1 58 1012054
1 21 1012059
1 6 1012059
1 55 1012060
1 26 1012066
1 40 1012070
1 42 1012070
1 24 1012078
1 23 1012087
1 48 1012088
1 37 1012097
1 51 1012105
1 20 1012108
1 41 1012109
1 39 1012112
1 50 1012114
1 30 1012120
1 8 1012123
1 22 1012131
1 56 1012135
1 36 1012142
1 33 1012149
1 59 1012150
1 15 1012153
1 35 1012155
1 44 1012161
1 22 1012168
1 5 1012172
1 34 1012180
1 52 1012182
1 14 1012185
1 49 1012185
1 9 1012192
1 7 1012195
1 56 1012201
1 36 1012206
1 39 1012207
1 11 1012210
1 26 1012215
1 19 1012220
1 51 1012225
1 57 1012233
1 32 1012236
1 35 1012245
1 45 1012246
1 31 1012249
1 6 1012258
1 47 1012261
1 27 1012268
1 38 1012270
1 53 1012273
1 13 1012273
1 48 1012280
1 40 1012287
1 43 1012287
1 17 1012291
2 32 1012294
2 16 1012295
2 10 1012298
2 21 1012302
2 36 1012308
2 18 1012314
2 42 1012322
2 5 1012322
2 11 1012331
2 13 1012340
2 8 1012342
2 44 1012350
2 6 1012351
2 25 1012352
2 46 1012353
2 14 1012354
2 56 1012355
2 59 1012359
2 24 1012362
2 0 1012363
2 30 1012368
2 20 1012373
2 15 1012376
2 28 1012380
2 23 1012388
2 29 1012390
2 49 1012392
2 48 1012394
2 39 1012396
2 50 1012401
2 53 1012408
2 7 1012415
2 53 1012424
2 24 1012433
2 42 1012433
2 29 1012442
2 56 1012444
2 7 1012445
2 13 1012454
2 10 1012459
2 50 1012462
2 16 1012463
2 4 1012468
2 43 1012472
2 33 1012473
2 39 1012473
2 12 1012479
2 5 1012486
2 6 1012492
2 40 1012501
2 36 1012510
2 35 1012510
2 38 1012516
2 34 1012516
2 59 1012517
2 22 1012521
2 57 1012524
2 0 1012529
2 47 1012533
2 18 1012533
2 25 1012533
2 52 1012537
2 1 1012546
2 48 1012549
2 37 1012552
2 11 1012557
3 52 1012564
3 57 1012564
3 40 1012571
3 27 1012580
3 43 1012585
3 0 1012593
3 55 1012597
3 4 1012605
3 26 1012611
3 47 1012618
3 39 1012623
3 23 1012627
3 30 1012627
3 19 1012631
3 34 1012640
3 56 1012641
3 6 1012649
3 51 1012654
3 5 1012657
3 38 1012659
3 37 1012668
3 25 1012676
3 41 1012680
3 21 1012681
3 28 1012688
3 44 1012689
3 16 1012697
3 24 1012697
3 10 1012697
3 53 1012703
3 50 1012709
3 42 1012718
3 13 1012725
3 49 1012729
3 29 1012730
3 27 1012737
3 46 1012744
3 19 1012753
3 53 1012755
3 8 1012762
3 49 1012769
3 32 1012778
3 22 1012785
3 18 1012793
3 26 1012795
3 24 1012804
3 25 1012806
3 38 1012809
3 12 1012810
3 9 1012819
3 20 1012827
3 39 1012836
3 2 1012839
3 51 1012842
3 15 1012847
3 42 1012856
3 45 1012858
3 34 1012863
3 52 1012863
3 16 1012863
3 30 1012863
3 21 1012872
3 33 1012881
3 0 1012886
3 54 1012894
3 58 1012902
3 1 1012907
3 35 1012911
4 43 1012916
4 44 1012922
4 37 1012928
4 30 1012934
4 29 1012939
4 35 1012944
4 5 1012950
4 53 1012957
4 31 1012958
4 42 1012966
4 1 1012968
4 13 1012975
4 56 1012979
4 38 1012981
4 8 1012984
4 19 1012992
4 40 1012998
4 57 1013000
4 52 1013006
4 20 1013007
4 34 1013015
4 27 1013016
4 9 1013024
4 16 1013031
4 51 1013031
4 11 1013037
4 47 1013046
4 18 1013053
4 2 1013057
4 31 1013060
4 22 1013061
4 9 1013062
4 5 1013066
4 37 1013070
4 6 1013071
4 8 1013075
4 30 1013077
4 53 1013085
4 58 1013088
4 11 1013096
4 45 1013097
4 16 1013099
4 14 1013099
4 3 1013106
4 24 1013112
4 29 1013118
4 23 1013123
4 21 1013131
4 46 1013136
4 38 1013144
4 50 1013152
4 18 1013155
4 10 1013163
4 41 1013165
4 26 1013169
4 32 1013178
5 42 1013182
5 9 1013188
5 1 1013196
5 34 1013200
5 53 1013200
5 50 1013204
5 48 1013212
5 11 1013219
5 56 1013223
5 17 1013227
5 29 1013234
5 24 1013235
5 0 1013235
5 36 1013237
5 20 1013243
5 46 1013248
5 35 1013250
5 8 1013256
5 19 1013258
5 51 1013267
5 54 1013275
5 39 1013277
5 58 1013285
5 55 1013291
5 25 1013294
5 57 1013295
5 32 1013303
5 18 1013306
5 3 1013309
5 22 1013314
5 13 1013314
5 44 1013316
5 2 1013320
5 49 1013329
5 37 1013335
5 18 1013343
5 32 1013344
5 3 1013344
5 51 1013347
5 15 1013355
5 16 1013363
5 43 1013363
5 25 1013372
5 35 1013377
5 14 1013385
5 0 1013385
5 11 1013388
5 41 1013388
5 42 1013396
5 44 1013396
5 22 1013400
5 31 1013406
5 34 1013414
5 59 1013423
5 39 1013429
5 23 1013431
5 49 1013434
5 54 1013440
5 57 1013444
5 38 1013453
5 27 1013459
5 6 1013468
5 12 1013472
5 40 1013475
5 55 1013481
5 52 1013484
5 1 1013486
5 47 1013487
5 29 1013495
6 51 1013502
6 39 1013504
6 49 1013511
6 28 1013518
6 47 1013518
6 1 1013522
6 12 1013528
6 20 1013528
6 24 1013530
6 56 1013538
6 4 1013545
6 5 1013550
6 16 1013559
6 17 1013566
6 9 1013566
6 31 1013572
6 15 1013575
6 23 1013583
6 40 1013588
6 14 1013597
6 56 1013601
6 46 1013609
6 52 1013613
6 44 1013622
6 1 1013624
6 38 1013626
6 41 1013633
6 2 1013634
6 35 1013643
6 20 1013651
6 17 1013657
6 24 1013659
6 4 1013661
6 13 1013667
7 59 1013673
7 26 1013676
7 52 1013681
7 57 1013687
7 25 1013696
7 32 1013697
7 8 1013697
7 20 1013697
7 41 1013704
7 5 1013705
7 36 1013712
7 43 1013718
7 15 1013724
7 44 1013733
7 48 1013735
7 37 1013740
7 40 1013743
7 30 1013746
7 45 1013749
7 38 1013753
7 35 1013762
7 34 1013766
7 54 1013775
7 2 1013782
7 21 1013783
7 29 1013791
7 46 1013792
7 6 1013795
7 19 1013796
7 37 1013798
7 28 1013805
7 58 1013809
7 26 1013812
7 11 1013815
7 47 1013823
7 8 1013823
7 32 1013829
7 9 1013834
7 51 1013834
7 12 1013843
7 52 1013847
7 13 1013848
7 42 1013854
7 25 1013861
7 50 1013861
7 15 1013861
7 45 1013869
7 30 1013876
7 4 1013885
7 33 1013893
7 31 1013893
7 38 1013897
7 43 1013902
7 44 1013909
7 49 1013909
7 56 1013912
7 59 1013920
8 10 1013925
8 23 1013925
8 21 1013927
8 30 1013927
8 18 1013936
8 55 1013942
8 27 1013951
8 41 1013952
8 5 1013958
8 58 1013967
8 24 1013976
8 32 1013976
8 20 1013981
8 48 1013989
8 25 1013992
8 22 1013997
8 36 1014003
8 47 1014010
8 54 1014018
8 2 1014021
8 59 1014022
8 52 1014022
8 4 1014029
8 56 1014031
8 39 1014033
8 34 1014036
8 6 1014039
8 19 1014040
8 3 1014048
8 18 1014050
8 12 1014055
8 52 1014059
8 54 1014059
8 48 1014068
8 39 1014068
8 31 1014077
8 14 1014078
8 16 1014087
8 20 1014090
8 55 1014095
8 41 1014095
8 34 1014097
8 13 1014101
8 49 1014102
8 46 1014106
8 3 1014112
8 53 1014114
8 58 1014119
8 17 1014120
8 27 1014125
8 2 1014134
8 37 1014140
9 13 1014141
9 12 1014145
9 44 1014145
9 48 1014150
9 37 1014156
9 59 1014158
9 45 1014162
9 14 1014165
9 31 1014165
9 0 1014168
9 39 1014176
9 27 1014176
9 56 1014181
9 49 1014186
9 16 1014194
9 17 1014194
9 23 1014198
9 41 1014201
9 10 1014201
9 40 1014205
9 15 1014210
9 50 1014216
9 1 1014218
9 21 1014218
9 0 1014227
9 31 1014235
9 46 1014244
9 37 1014245
9 16 1014251
9 22 1014256
9 58 1014261
9 19 1014262
9 48 1014262
9 33 1014262
9 41 1014269
9 17 1014277
9 7 1014283
9 49 1014285
9 8 1014286
9 42 1014295
9 44 1014298
9 27 1014302
9 28 1014304
9 38 1014304
9 29 1014313
10 22 1014316
10 28 1014318
10 21 1014325
10 59 1014327
10 9 1014336
10 24 1014340
10 48 1014348
10 7 1014355
10 4 1014364
10 35 1014372
10 30 1014380
10 38 1014389
10 45 1014398
10 0 1014403
10 56 1014408
10 51 1014414
10 27 1014416
10 43 1014422
10 25 1014423
10 29 1014428
10 31 1014436
10 12 1014444
10 40 1014450
10 49 1014458
10 14 1014466
10 33 1014466
10 13 1014470
10 57 1014479
10 41 1014487
10 25 1014495
10 53 1014503
10 27 1014503
10 45 1014507
10 23 1014511
10 42 1014517
10 34 1014521
10 14 1014523
10 26 1014524
10 43 1014530
10 5 1014532
10 44 1014533
10 4 1014540
10 57 1014543
10 6 1014551
10 31 1014557
10 35 1014558
10 13 1014565
10 9 1014565
10 50 1014568
10 32 1014574
10 58 1014582
10 51 1014584
10 59 1014591
10 2 1014596
10 49 1014598
11 23 1014603
11 16 1014611
11 19 1014612
11 17 1014620
11 7 1014623
11 35 1014628
11 33 1014632
11 18 1014637
11 31 1014639
11 53 1014643
11 44 1014645
11 10 1014647
11 28 1014649
11 13 1014650
11 36 1014656
11 47 1014662
11 1 1014665
11 4 1014667
11 40 1014674
11 52 1014678
11 5 1014678
11 55 1014679
11 36 1014680
11 23 1014687
11 3 1014691
11 49 1014697
11 37 1014699
11 44 1014704
11 0 1014704
11 33 1014707
11 53 1014715
11 57 1014720
11 27 1014727
11 45 1014729
11 21 1014731
11 8 1014734
11 17 1014736
11 2 1014736
11 41 1014740
11 22 1014742
11 58 1014746
11 24 1014750
11 39 1014757
11 19 1014760
12 45 1014769
12 50 1014777
12 43 1014777
12 24 1014779
12 26 1014781
12 7 1014789
12 11 1014798
12 1 1014798
12 3 1014798
12 30 1014807
12 15 1014816
12 34 1014818
12 6 1014825
12 29 1014828
12 4 1014828
12 55 1014831
12 33 1014840
12 25 1014846
12 58 1014854
12 52 1014860
12 39 1014863
12 59 1014864
12 8 1014865
12 38 1014866
12 14 1014866
12 57 1014873
12 18 1014877
12 48 1014878
12 21 1014879
12 46 1014885
12 35 1014887
12 20 1014889
12 10 1014896
12 17 1014896
12 31 1014901
12 56 1014905
12 16 1014907
12 44 1014915
12 29 1014920
12 16 1014925
12 28 1014925
12 34 1014933
12 32 1014939
12 36 1014945
12 26 1014950
12 58 1014959
12 3 1014961
12 19 1014970
12 56 1014977
12 0 1014979
12 41 1014988
12 11 1014988
12 44 1014996
12 48 1015004
12 14 1015011
12 1 1015013
12 35 1015022
12 49 1015025
12 7 1015034
12 10 1015035
12 54 1015036
12 18 1015038
12 8 1015046
12 27 1015047
12 45 1015047
12 5 1015055
12 21 1015058
12 52 1015067
12 20 1015068
12 9 1015071
12 40 1015071
12 42 1015077
12 43 1015079
12 2 1015084
12 24 1015086
12 31 1015087
13 4 1015093
13 2 1015100
13 0 1015100
13 52 1015102
13 40 1015102
14 13 1015103
14 18 1015106
14 2 1015114
14 43 1015118
14 24 1015126
14 36 1015130
14 1 1015138
14 0 1015145
14 52 1015148
14 19 1015154
14 25 1015154
14 17 1015155
14 29 1015155
14 43 1015156
14 48 1015159
14 32 1015160
14 57 1015162
14 16 1015163
14 46 1015167
14 9 1015168
14 35 1015177
14 3 1015179
15 3 1015179
15 46 1015188
15 22 1015196
15 14 1015199
15 48 1015208
15 17 1015213
15 37 1015213
15 27 1015213
15 42 1015219
15 50 1015227
15 52 1015236
15 31 1015243
15 30 1015247
15 11 1015249
15 53 1015254
15 36 1015254
15 45 1015258
15 24 1015267
15 55 1015272
15 34 1015280
15 9 1015284
15 7 1015285
15 2 1015294
15 12 1015298
15 48 1015301
15 21 1015309
15 10 1015313
15 13 1015318
15 39 1015318
15 26 1015325
15 30 1015328
15 22 1015334
15 32 1015343
15 43 1015343
15 59 1015350
15 0 1015350
15 53 1015357
15 44 1015362
15 56 1015368
15 49 1015374
15 31 1015376
15 47 1015379
15 52 1015387
15 58 1015389
15 46 1015394
15 34 1015394
15 27 1015396
16 28 1015401
16 17 1015410
16 12 1015417
16 20 1015424
16 4 1015426
16 13 1015428
16 41 1015430
16 23 1015433
16 21 1015440
16 1 1015443
16 59 1015450
16 56 1015455
16 51 1015461
16 24 1015464
16 52 1015467
16 50 1015476
16 4 1015480
16 19 1015484
16 51 1015490
16 20 1015493
16 41 1015497
16 23 1015505
16 36 1015512
16 49 1015518
17 22 1015527
17 49 1015527
17 13 1015531
17 45 1015539
17 34 1015543
17 3 1015543
17 5 1015552
18 41 1015554
18 54 1015557
18 36 1015559
18 38 1015563
18 53 1015568
18 13 1015576
18 56 1015576
18 22 1015579
18 11 1015583
18 55 1015589
18 21 1015591
19 47 1015597
19 10 1015605
19 32 1015614
19 5 1015615
19 6 1015623
19 30 1015623
19 59 1015627
19 54 1015633
19 40 1015635
19 2 1015637
19 57 1015643
19 42 1015646
19 13 1015651
19 25 1015651
19 42 1015655
19 30 1015655
19 8 1015657
19 2 1015662
19 45 1015662
19 34 1015667
19 0 1015672
19 46 1015673
19 14 1015673
19 33 1015679
19 4 1015682
19 24 1015685
19 5 1015693
19 7 1015693
20 27 1015697
20 11 1015697
20 17 1015698
20 34 1015707
20 43 1015714
20 8 1015715
20 58 1015716
20 15 1015716
20 56 1015717
20 5 1015726
20 50 1015732
20 57 1015740
20 54 1015749
20 0 1015757
20 33 1015758
20 44 1015760
20 3 1015765
20 4 1015770
20 21 1015771
20 16 1015778
20 52 1015781
20 29 1015781
20 45 1015788
20 53 1015792
20 40 1015792
20 29 1015799
20 1 1015800
20 25 1015806
20 32 1015808
20 10 1015814
20 22 1015820
20 11 1015822
20 2 1015831
20 33 1015835
20 35 1015835
20 58 1015843
20 19 1015843
20 43 1015850
20 38 1015856
20 12 1015865
20 39 1015868
20 46 1015873
20 57 1015873
20 8 1015876
20 6 1015882
20 44 1015890
20 5 1015897
20 14 1015897
20 0 1015900
20 45 1015906
20 15 1015908
21 3 1015913
21 47 1015917
21 20 1015923
21 40 1015930
21 36 1015930
21 0 1015939
21 38 1015948
21 45 1015954
21 44 1015959
21 1 1015964
21 55 1015970
21 37 1015978
21 43 1015981
21 59 1015990
21 58 1015992
21 17 1015993
21 56 1015998
21 50 1016000
22 8 1016009
22 39 1016009
22 0 1016016
22 45 1016022
22 24 1016024
22 49 1016025
22 27 1016030
23 26 1016030
23 44 1016037
23 21 1016039
23 59 1016047
23 35 1016056
23 27 1016056
23 20 1016057
23 10 1016057
23 40 1016066
23 12 1016068
24 10 1016073
24 0 1016075
24 44 1016076
24 2 1016077
24 43 1016077
24 1 1016084
24 37 1016087
24 28 1016090
24 58 1016090
24 31 1016090
24 41 1016090
24 34 1016092
24 59 1016093
24 18 1016094
24 8 1016102
24 52 1016103
24 45 1016108
24 35 1016115
24 17 1016119
24 32 1016127
24 3 1016134
24 16 1016137
24 30 1016144
24 25 1016144
24 49 1016150
24 50 1016155
24 20 1016161
24 12 1016164
24 5 1016173
24 14 1016176
24 27 1016184
24 21 1016186
24 55 1016186
24 15 1016191
24 17 1016191
24 41 1016199
24 35 1016201
24 27 1016204
24 9 1016213
24 56 1016219
24 49 1016221
24 1 1016228
24 53 1016228
24 10 1016237
24 6 1016245
24 37 1016254
24 0 1016258
24 8 1016260
24 59 1016268
24 23 1016275
24 46 1016282
24 50 1016287
24 34 1016294
24 11 1016298
24 28 1016307
24 39 1016315
24 47 1016324
24 7 1016331
24 48 1016340
24 5 1016347
24 20 1016348
24 58 1016356
24 14 1016359
25 37 1016367
25 4 1016369
25 9 1016369
25 30 1016378
25 51 1016379
25 59 1016387
26 58 1016392
26 3 1016393
26 13 1016402
26 25 1016404
26 38 1016407
26 40 1016411
26 34 1016413
26 55 1016415
26 46 1016422
26 34 1016428
26 49 1016434
26 5 1016434
26 57 1016440
26 10 1016449
26 54 1016457
26 2 1016463
26 14 1016470
26 27 1016477
26 32 1016486
27 47 1016487
27 42 1016492
27 5 1016496
27 0 1016496
27 3 1016496
27 56 1016505
27 21 1016507
27 37 1016510
27 41 1016513
27 40 1016513
27 51 1016517
27 28 1016522
27 55 1016525
27 6 1016531
27 30 1016537
27 17 1016541
27 23 1016542
27 44 1016547
27 24 1016551
27 25 1016553
27 58 1016556
27 38 1016556
27 12 1016564
27 22 1016570
27 33 1016577
27 53 1016586
27 10 1016595
27 14 1016597
27 43 1016604
27 9 1016613
27 59 1016617
27 29 1016619
27 15 1016620
27 26 1016621
27 46 1016628
27 17 1016636
27 30 1016636
27 21 1016644
27 46 1016644
27 33 1016645
27 51 1016647
27 0 1016655
27 8 1016657
27 50 1016658
27 9 1016661
27 57 1016664
27 39 1016673
27 29 1016676
27 56 1016684
27 13 1016690
27 32 1016695
27 38 1016695
27 24 1016695
27 3 1016700
27 11 1016708
27 20 1016709
27 48 1016712
27 58 1016713
27 22 1016713
27 18 1016713
27 28 1016721
27 16 1016728
27 1 1016733
27 35 1016740
27 42 1016748
27 25 1016749
27 12 1016752
28 41 1016757
28 11 1016765
28 17 1016769
28 33 1016770
29 0 1016778
29 4 1016786
29 6 1016792
29 38 1016795
29 28 1016803
29 42 1016803
29 23 1016805
29 45 1016806
29 22 1016810
29 54 1016813
29 21 1016820
29 24 1016828
29 34 1016835
29 59 1016843
29 26 1016852
29 19 1016860
29 20 1016867
29 58 1016869
29 27 1016871
29 46 1016876
29 23 1016885
29 17 1016887
29 42 1016893
29 8 1016895
29 6 1016897
29 59 1016900
29 33 1016907
29 21 1016911
29 15 1016915
29 53 1016917
29 4 1016920
29 24 1016923
29 52 1016931
29 3 1016935
29 5 1016943
29 14 1016952
29 39 1016960
29 11 1016965
30 23 1016969
30 40 1016973
30 39 1016976
30 0 1016983
30 38 1016988
30 22 1016990
31 16 1016996
31 24 1016996
31 25 1017003
31 6 1017003
31 27 1017008
31 36 1017014
31 14 1017018
31 59 1017020
31 40 1017022
31 28 1017024
31 7 1017031
31 51 1017040
31 54 1017042
31 44 1017050
31 4 1017055
31 3 1017057
31 1 1017061
31 50 1017062
31 26 1017069
31 56 1017071
31 17 1017079
31 32 1017080
31 8 1017086
31 52 1017091
31 53 1017094
31 15 1017103
31 5 1017104
31 47 1017104
31 9 1017110
31 43 1017114
31 19 1017119
31 57 1017128
31 33 1017133
31 17 1017137
31 46 1017146
31 47 1017150
31 39 1017152
31 10 1017157
31 9 1017158
31 20 1017158
31 22 1017159
31 16 1017166
31 44 1017169
31 52 1017170
31 32 1017179
31 18 1017182
31 24 1017187
31 30 1017188
31 49 1017196
31 29 1017201
31 0 1017208
31 41 1017213
31 58 1017215
31 36 1017215
31 43 1017215
31 51 1017223
31 4 1017225
31 28 1017227
31 8 1017228
31 33 1017232
31 15 1017234
31 14 1017240
31 19 1017246
31 27 1017248
32 42 1017256
32 57 1017263
32 18 1017272
32 0 1017280
32 17 1017287
32 31 1017296
32 25 1017301
33 19 1017306
33 32 1017309
33 27 1017318
33 7 1017322
33 15 1017329
33 20 1017331
33 35 1017340
33 44 1017342
34 4 1017351
34 30 1017355
34 20 1017358
34 35 1017367
34 6 1017375
34 45 1017378
34 50 1017378
34 39 1017386
34 31 1017395
34 52 1017402
34 4 1017403
34 33 1017408
34 15 1017413
34 49 1017414
34 46 1017423
34 17 1017429
34 42 1017431
34 28 1017435
34 50 1017441
34 40 1017444
34 24 1017450
34 56 1017454
34 16 1017460
34 47 1017467
35 34 1017470
35 54 1017475
35 18 1017484
35 12 1017488
35 15 1017490
35 30 1017493
35 11 1017497
35 25 1017506
35 59 1017512
35 31 1017513
35 51 1017520
35 17 1017525
35 23 1017530
35 2 1017533
35 29 1017540
35 27 1017546
35 39 1017548
35 55 1017552
35 1 1017552
35 47 1017558
35 45 1017564
35 57 1017567
35 20 1017572
35 24 1017575
35 40 1017583
35 53 1017592
35 36 1017597
35 6 1017605
35 3 1017610
35 0 1017611
35 13 1017616
35 46 1017624
35 5 1017630
35 10 1017631
35 19 1017637
35 12 1017641
35 34 1017643
35 5 1017652
35 7 1017652
35 58 1017654
35 23 1017659
35 22 1017664
35 1 1017672
35 52 1017677
35 9 1017682
35 27 1017685
35 49 1017689
35 41 1017698
35 15 1017705
35 10 1017708
35 21 1017712
35 17 1017715
35 29 1017717
35 2 1017726
35 54 1017731
35 55 1017739
35 48 1017748
35 44 1017756
35 32 1017761
35 37 1017769
35 26 1017771
35 18 1017778
35 38 1017786
35 53 1017787
35 16 1017793
35 31 1017801
35 51 1017803
35 6 1017811
35 43 1017819
35 20 1017828
35 40 1017836
35 42 1017845
35 8 1017849
35 36 1017858
35 39 1017866
36 10 1017872
36 8 1017875
36 31 1017879
36 23 1017883
36 42 1017889
36 44 1017897
36 30 1017901
36 40 1017901
36 22 1017903
36 0 1017911
36 6 1017911
36 14 1017913
36 51 1017919
36 21 1017928
36 16 1017932
36 56 1017936
36 9 1017943
36 33 1017946
36 54 1017951
36 39 1017958
36 15 1017960
36 49 1017969
36 26 1017978
36 59 1017980
36 41 1017984
36 7 1017987
36 2 1017995
36 24 1018003
36 44 1018003
36 34 1018007
36 39 1018012
36 19 1018016
36 51 1018020
36 35 1018028
36 25 1018035
36 33 1018044
36 56 1018048
36 45 1018056
36 54 1018056
36 11 1018056
36 17 1018060
36 37 1018069
36 12 1018071
36 21 1018077
36 8 1018080
36 52 1018087
36 57 1018092
36 53 1018097
36 23 1018105
36 32 1018107
37 51 1018108
37 38 1018116
37 41 1018120
37 52 1018124
37 55 1018133
37 26 1018136
37 30 1018143
37 16 1018148
37 36 1018148
37 14 1018154
37 7 1018155
37 17 1018160
37 6 1018161
37 31 1018167
37 50 1018174
37 5 1018176
37 11 1018178
37 29 1018183
37 59 1018187
37 25 1018194
37 1 1018194
37 19 1018200
37 12 1018200
37 23 1018205
37 34 1018211
37 42 1018215
37 33 1018222
37 39 1018222
37 57 1018229
37 44 1018235
37 53 1018244
37 55 1018249
37 2 1018254
37 50 1018256
37 23 1018259
37 24 1018264
37 25 1018266
37 52 1018266
37 19 1018272
37 43 1018273
37 18 1018277
37 27 1018277
37 45 1018281
37 29 1018283
37 32 1018283
37 7 1018290
37 8 1018294
37 10 1018297
37 11 1018302
37 20 1018305
37 38 1018305
37 49 1018313
37 22 1018317
37 9 1018319
37 59 1018325
37 1 1018330
37 4 1018336
37 35 1018339
37 58 1018342
37 46 1018351
38 57 1018357
38 58 1018359
38 16 1018359
38 24 1018364
38 8 1018370
38 30 1018377
38 19 1018386
38 45 1018389
38 5 1018396
38 27 1018398
38 33 1018401
38 29 1018408
38 28 1018416
38 4 1018420
38 42 1018423
38 15 1018424
38 23 1018425
38 10 1018434
38 32 1018442
38 51 1018451
38 59 1018451
38 17 1018455
38 52 1018464
38 37 1018472
38 7 1018479
38 34 1018480
38 3 1018484
38 18 1018484
38 56 1018487
38 40 1018495
38 2 1018497
38 46 1018502
38 54 1018510
38 57 1018511
38 3 1018515
38 17 1018520
38 33 1018527
38 32 1018530
38 29 1018532
38 23 1018539
38 7 1018546
38 34 1018552
38 35 1018559
38 56 1018562
38 1 1018564
38 47 1018571
38 50 1018576
38 8 1018579
38 51 1018586
38 48 1018593
38 5 1018595
38 30 1018604
38 44 1018604
38 13 1018608
38 18 1018617
38 36 1018623
38 28 1018624
38 14 1018631
39 52 1018639
39 57 1018645
39 5 1018652
39 53 1018652
39 49 1018655
40 22 1018655
40 14 1018664
40 13 1018673
41 6 1018680
41 26 1018685
41 35 1018691
41 37 1018696
41 27 1018697
41 3 1018702
41 47 1018709
41 44 1018712
41 8 1018713
41 16 1018714
41 2 1018716
41 5 1018720
41 32 1018729
41 45 1018737
41 42 1018739
41 28 1018747
41 19 1018750
41 26 1018756
41 59 1018759
41 39 1018761
41 0 1018767
41 3 1018769
41 5 1018772
41 23 1018775
41 6 1018780
41 11 1018781
42 23 1018790
42 55 1018793
42 51 1018802
42 1 1018803
42 58 1018808
42 17 1018814
42 56 1018816
42 25 1018816
42 2 1018817
42 31 1018824
43 28 1018824
43 8 1018826
43 7 1018831
43 19 1018831
43 58 1018840
43 25 1018847
43 16 1018856
43 50 1018861
43 0 1018864
43 45 1018871
43 31 1018874
43 44 1018882
43 35 1018888
43 24 1018893
43 36 1018897
43 9 1018902
43 41 1018911
43 39 1018919
43 11 1018928
43 14 1018928
43 21 1018929
43 2 1018934
43 38 1018934
43 37 1018943
43 22 1018952
43 20 1018952
43 47 1018952
43 57 1018957
43 33 1018963
43 32 1018965
43 5 1018968
43 40 1018968
43 1 1018970
43 17 1018971
43 51 1018971
43 52 1018972
43 50 1018978
43 39 1018986
43 56 1018995
43 27 1018998
43 4 1019001
43 15 1019007
43 1 1019008
43 52 1019011
43 28 1019018
43 46 1019026
43 49 1019035
43 40 1019043
43 41 1019043
43 10 1019047
43 20 1019049
43 35 1019052
43 30 1019056
43 26 1019061
43 8 1019062
43 53 1019068
43 57 1019072
43 59 1019073
43 9 1019081
43 38 1019088
43 19 1019094
43 51 1019102
43 23 1019103
43 42 1019103
43 6 1019105
43 33 1019112
43 31 1019116
43 32 1019125
43 11 1019133
43 14 1019140
43 13 1019141
44 23 1019146
44 29 1019155
44 32 1019164
44 9 1019169
44 48 1019171
44 19 1019174
44 11 1019177
44 31 1019179
44 8 1019180
44 41 1019181
44 57 1019190
44 6 1019190
44 37 1019199
44 53 1019208
44 12 1019208
44 39 1019214
44 18 1019223
44 42 1019230
44 54 1019231
44 59 1019237
44 3 1019246
44 7 1019251
44 58 1019258
44 0 1019266
44 28 1019273
44 10 1019280
44 46 1019281
44 43 1019281
44 52 1019283
44 27 1019290
44 40 1019293
44 13 1019296
44 2 1019297
44 47 1019299
44 15 1019308
44 1 1019311
44 49 1019316
44 51 1019316
44 42 1019319
44 32 1019325
44 5 1019327
44 33 1019329
44 4 1019335
44 55 1019342
44 1 1019348
44 8 1019350
44 28 1019355
44 19 1019358
44 35 1019359
44 25 1019367
44 59 1019372
44 50 1019373
44 0 1019378
44 47 1019382
44 20 1019384
44 9 1019389
44 34 1019392
44 52 1019401
44 53 1019404
44 38 1019405
44 6 1019413
44 30 1019420
44 51 1019427
44 22 1019435
44 31 1019437
44 46 1019439
44 45 1019447
44 13 1019454
44 17 1019462
45 9 1019462
45 56 1019462
45 12 1019469
45 32 1019472
45 5 1019478
45 50 1019481
45 36 1019490
45 2 1019497
45 7 1019499
45 20 1019500
45 57 1019501
45 59 1019504
45 43 1019508
45 41 1019511
45 59 1019511
45 46 1019516
45 50 1019524
45 14 1019528
45 11 1019537
45 43 1019538
45 15 1019543
45 29 1019547
45 18 1019554
45 54 1019554
45 9 1019560
45 58 1019569
45 42 1019571
45 33 1019577
45 55 1019583
46 37 1019585
46 13 1019592
46 51 1019600
46 33 1019604
46 39 1019610
46 56 1019614
46 32 1019621
46 41 1019623
46 14 1019630
46 54 1019635
46 25 1019642
46 15 1019642
46 28 1019642
46 38 1019645
46 52 1019648
46 2 1019657
46 14 1019659
46 44 1019659
46 1 1019662
46 56 1019670
46 17 1019674
46 21 1019683
46 20 1019691
46 53 1019699
46 5 1019699
46 42 1019699
46 2 1019701
46 13 1019708
46 31 1019717
46 9 1019721
46 11 1019721
46 0 1019726
47 49 1019735
47 7 1019741
47 55 1019749
47 57 1019756
47 8 1019756
47 35 1019759
47 13 1019768
47 26 1019773
47 11 1019781
47 0 1019781
47 41 1019781
47 29 1019786
47 27 1019795
47 38 1019803
47 58 1019812
47 9 1019817
47 18 1019821
47 25 1019826
47 33 1019832
47 39 1019840
47 19 1019848
47 4 1019854
47 52 1019859
47 12 1019865
47 9 1019869
47 24 1019873
47 7 1019874
47 45 1019881
47 11 1019886
47 57 1019886
47 32 1019891
47 16 1019898
47 30 1019898
47 22 1019906
47 59 1019907
47 46 1019908
47 4 1019913
47 44 1019914
47 10 1019919
47 0 1019928
47 38 1019935
47 20 1019938
47 40 1019944
47 51 1019951
47 43 1019952
47 17 1019960
48 16 1019961
48 29 1019966
48 15 1019973
48 53 1019975
48 3 1019981
48 38 1019986
48 39 1019990
48 11 1019997
48 1 1019998
48 30 1020005
48 12 1020013
48 28 1020022
48 52 1020022
48 18 1020022
48 32 1020028
48 33 1020029
48 21 1020030
48 9 1020030
48 6 1020031
48 35 1020035
48 47 1020036
48 59 1020036
48 40 1020036
48 42 1020044
48 34 1020045
48 20 1020048
48 17 1020050
48 19 1020050
48 46 1020053
48 5 1020055
48 41 1020061
48 13 1020065
48 25 1020070
48 10 1020073
48 22 1020074
48 13 1020081
48 28 1020085
48 43 1020090
48 18 1020094
48 35 1020100
48 27 1020100
48 25 1020102
48 16 1020108
48 19 1020108
48 11 1020113
48 36 1020117
48 10 1020120
48 29 1020129
48 4 1020132
48 6 1020139
48 53 1020145
48 54 1020147
48 38 1020147
48 42 1020156
48 26 1020163
48 33 1020167
48 5 1020169
48 46 1020175
48 22 1020177
48 31 1020185
48 41 1020186
48 23 1020193
48 24 1020193
48 47 1020200
48 30 1020205
48 0 1020209
48 8 1020209
48 7 1020209
48 49 1020214
48 59 1020218
48 45 1020218
49 55 1020219
49 26 1020221
49 3 1020224
49 21 1020228
49 43 1020237
49 44 1020237
49 7 1020243
49 59 1020252
49 38 1020256
49 35 1020261
49 32 1020267
49 52 1020271
49 27 1020273
49 2 1020275
49 36 1020279
49 1 1020280
49 17 1020285
49 15 1020287
49 14 1020288
49 13 1020288
49 20 1020295
49 47 1020299
49 56 1020302
49 22 1020305
49 51 1020307
49 46 1020307
49 6 1020311
49 54 1020319
49 37 1020322
49 23 1020325
49 29 1020331
49 40 1020333
49 18 1020338
49 8 1020343
49 30 1020344
49 12 1020351
49 20 1020359
49 7 1020366
49 1 1020368
49 42 1020375
49 51 1020376
49 29 1020381
49 44 1020382
49 8 1020391
49 25 1020400
49 57 1020406
49 16 1020408
49 17 1020416
49 23 1020419
49 35 1020420
49 22 1020423
49 43 1020430
49 32 1020430
49 18 1020433
49 46 1020441
49 37 1020448
49 48 1020457
49 5 1020457
49 38 1020459
49 47 1020463
49 14 1020470
49 30 1020470
49 45 1020478
49 21 1020480
49 36 1020480
49 4 1020487
49 39 1020494
49 19 1020501
49 59 1020509
49 3 1020513
49 34 1020521
49 28 1020524
49 27 1020527
49 10 1020532
50 9 1020540
50 15 1020546
50 48 1020548
50 43 1020557
50 1 1020565
50 30 1020565
50 32 1020566
50 8 1020574
50 26 1020582
50 2 1020586
50 22 1020595
50 54 1020603
50 21 1020606
50 28 1020614
50 36 1020622
50 44 1020628
50 29 1020636
50 51 1020636
50 49 1020637
50 11 1020639
50 25 1020641
50 10 1020644
50 47 1020651
50 58 1020654
50 37 1020659
50 53 1020664
50 23 1020670
50 39 1020675
50 56 1020675
50 55 1020682
50 49 1020683
50 42 1020687
50 13 1020690
50 22 1020690
50 52 1020696
50 9 1020701
50 18 1020707
50 19 1020707
50 37 1020712
50 36 1020717
50 14 1020720
50 33 1020727
50 30 1020730
50 29 1020734
50 41 1020736
50 16 1020742
50 5 1020751
50 31 1020757
50 17 1020766
50 4 1020769
50 23 1020778
50 2 1020781
50 47 1020790
50 24 1020794
50 58 1020797
50 53 1020802
50 27 1020811
50 0 1020815
50 15 1020822
50 39 1020827
51 13 1020828
51 0 1020836
51 47 1020845
51 37 1020845
51 4 1020848
51 54 1020856
51 16 1020863
51 32 1020867
51 24 1020867
51 34 1020868
51 6 1020869
51 35 1020874
51 38 1020881
51 3 1020890
51 36 1020891
51 15 1020892
51 28 1020899
51 5 1020900
51 56 1020901
51 30 1020905
51 45 1020911
51 1 1020918
51 25 1020920
51 33 1020928
51 57 1020928
51 59 1020928
51 21 1020931
51 49 1020935
51 9 1020936
51 14 1020940
51 52 1020947
51 40 1020952
51 27 1020957
51 19 1020959
51 6 1020966
51 2 1020972
51 4 1020979
51 36 1020985
51 41 1020992
51 39 1020994
51 11 1020998
51 31 1021002
51 0 1021009
51 8 1021011
51 56 1021015
51 40 1021017
51 24 1021017
51 49 1021021
51 18 1021029
51 28 1021033
51 17 1021034
51 13 1021034
51 59 1021037
51 25 1021045
51 35 1021053
51 34 1021058
51 42 1021067
51 5 1021070
51 20 1021074
51 7 1021082
51 55 1021089
51 54 1021091
51 50 1021097
51 26 1021098
51 15 1021103
51 16 1021103
51 1 1021104
51 14 1021109
51 58 1021111
51 10 1021118
51 37 1021124
51 21 1021124
52 16 1021132
52 0 1021141
52 48 1021148
52 47 1021149
52 54 1021151
52 10 1021157
52 8 1021163
53 31 1021163
53 55 1021172
53 14 1021177
53 38 1021181
53 13 1021186
53 19 1021191
53 23 1021191
53 7 1021191
53 57 1021196
53 30 1021204
53 46 1021213
53 5 1021222
53 3 1021231
53 49 1021231
53 10 1021236
53 33 1021244
53 44 1021247
53 41 1021255
53 28 1021262
53 32 1021264
53 58 1021273
53 22 1021280
53 37 1021284
53 23 1021290
53 54 1021294
53 49 1021299
53 44 1021300
53 5 1021301
53 1 1021310
53 37 1021314
53 16 1021323
53 7 1021327
53 14 1021333
53 32 1021339
53 20 1021341
53 17 1021345
53 18 1021345
53 9 1021349
53 4 1021355
53 31 1021355
53 57 1021364
53 33 1021364
53 0 1021369
53 28 1021373
53 43 1021380
54 1 1021381
54 39 1021384
54 35 1021392
54 47 1021398
54 43 1021404
54 18 1021408
54 2 1021412
54 40 1021412
54 26 1021412
54 38 1021417
54 46 1021425
54 55 1021428
54 48 1021429
54 56 1021434
54 45 1021442
54 7 1021451
54 53 1021453
54 41 1021454
54 23 1021463
54 29 1021472
54 33 1021476
54 14 1021476
54 52 1021478
54 37 1021486
54 12 1021490
54 28 1021493
54 17 1021502
54 3 1021506
54 57 1021514
54 20 1021522
54 9 1021527
54 31 1021532
54 42 1021537
54 15 1021543
54 30 1021544
54 6 1021544
54 10 1021551
54 34 1021557
54 28 1021560
54 24 1021568
54 53 1021574
54 2 1021581
54 59 1021587
54 44 1021593
54 33 1021594
54 13 1021599
54 27 1021600
54 50 1021609
54 5 1021617
54 56 1021625
54 35 1021631
54 0 1021633
54 52 1021639
54 42 1021646
54 23 1021646
54 47 1021650
54 57 1021658
54 48 1021664
54 49 1021667
54 38 1021669
54 39 1021676
54 1 1021682
54 36 1021691
54 20 1021700
54 21 1021708
54 16 1021709
54 30 1021711
55 28 1021713
55 45 1021716
55 13 1021721
55 12 1021723
55 25 1021729
55 23 1021732
55 35 1021736
56 26 1021740
56 5 1021744
56 47 1021747
56 17 1021748
56 6 1021754
56 53 1021754
56 0 1021755
56 29 1021759
56 24 1021761
56 49 1021762
56 11 1021768
56 34 1021777
56 40 1021778
56 12 1021784
56 23 1021790
56 32 1021799
56 15 1021807
56 44 1021812
56 58 1021816
56 9 1021818
56 50 1021821
56 31 1021822
56 10 1021824
56 49 1021829
56 8 1021837
56 47 1021846
56 42 1021849
56 23 1021856
56 51 1021860
56 55 1021860
56 29 1021865
56 27 1021871
56 16 1021876
56 17 1021883
56 24 1021884
56 30 1021889
56 4 1021893
56 54 1021900
56 36 1021902
57 52 1021911
57 20 1021914
57 5 1021919
57 34 1021925
57 43 1021926
58 59 1021934
58 16 1021940
58 17 1021940
58 29 1021947
58 7 1021951
58 43 1021954
58 14 1021961
58 9 1021964
58 38 1021970
58 40 1021970
58 0 1021973
58 15 1021980
58 47 1021981
58 50 1021981
58 41 1021981
58 24 1021981
58 57 1021990
58 46 1021994
58 4 1022003
58 20 1022003
58 34 1022007
58 52 1022013
58 37 1022022
58 8 1022023
58 30 1022031
58 3 1022035
58 32 1022038
58 30 1022040
58 53 1022047
58 33 1022056
58 29 1022057
58 44 1022059
58 10 1022062
58 6 1022068
58 13 1022076
58 42 1022085
58 11 1022090
58 16 1022099
58 56 1022103
58 51 1022103
58 34 1022109
58 50 1022117
58 9 1022121
58 43 1022123
58 18 1022128
58 12 1022131
58 28 1022134
58 54 1022141
58 36 1022141
59 16 1022149
59 7 1022157
59 44 1022161
59 11 1022163
59 5 1022164
59 46 1022170
59 55 1022171
59 8 1022176
59 36 1022176
59 28 1022177
59 57 1022183
59 56 1022183
59 30 1022186
59 41 1022186
59 53 1022195
59 20 1022195
59 18 1022200
59 21 1022209
59 42 1022211
59 48 1022220
59 57 1022224
59 56 1022233
59 54 1022240
59 20 1022243
59 13 1022250
59 43 1022254
59 2 1022256
59 17 1022258
59 58 1022263
59 8 1022265
59 34 1022274
59 16 1022275
59 51 1022281
59 32 1022290
59 53 1022296
59 3 1022299
59 45 1022304
59 36 1022305
59 24 1022307
59 27 1022314
