64
false
0 63 1215064
0 34 1215068
0 30 1215075
0 52 1215082
0 24 1215085
0 10 1215090
0 33 1215098
0 12 1215099
0 23 1215103
0 47 1215108
0 49 1215116
0 7 1215116
0 16 1215122
0 27 1215122
0 32 1215130
0 60 1215136
0 62 1215138
0 22 1215146
0 36 1215148
0 21 1215149
0 34 1215151
0 59 1215151
0 4 1215155
0 5 1215156
0 25 1215165
0 41 1215172
0 48 1215173
0 55 1215179
0 9 1215179
0 6 1215179
0 22 1215183
0 2 1215183
0 26 1215189
0 20 1215197
0 43 1215203
0 18 1215206
0 51 1215210
0 17 1215214
0 53 1215214
1 2 1215219
1 32 1215228
1 11 1215231
1 17 1215240
1 19 1215245
1 28 1215252
1 63 1215258
1 16 1215263
1 40 1215267
1 43 1215274
1 29 1215283
1 33 1215291
1 45 1215291
1 46 1215295
1 57 1215298
1 37 1215306
1 5 1215314
1 15 1215317
1 53 1215323
1 56 1215328
1 50 1215334
1 8 1215335
1 10 1215339
1 24 1215341
1 9 1215346
1 26 1215346
1 49 1215348
1 36 1215356
1 51 1215358
1 31 1215360
1 23 1215364
1 38 1215371
1 60 1215376
1 6 1215378
1 52 1215383
1 43 1215385
1 34 1215389
1 10 1215395
1 9 1215395
1 30 1215396
1 17 1215402
1 54 1215409
1 28 1215413
1 41 1215418
1 38 1215420
1 33 1215424
1 48 1215431
1 12 1215437
1 50 1215441
1 60 1215448
1 11 1215456
1 8 1215461
1 47 1215461
1 27 1215462
1 53 1215469
1 39 1215469
1 56 1215477
1 46 1215477
1 2 1215478
1 49 1215483
1 26 1215487
1 29 1215491
1 52 1215499
1 35 1215500
1 23 1215502
1 0 1215506
1 31 1215507
1 5 1215509
1 20 1215509
1 19 1215511
1 16 1215520
2 42 1215525
2 3 1215534
2 14 1215537
2 1 1215544
2 25 1215552
2 6 1215552
2 59 1215554
2 37 1215556
2 9 1215556
2 57 1215559
2 39 1215561
2 63 1215562
2 34 1215568
2 12 1215571
2 13 1215579
2 11 1215580
2 26 1215589
2 27 1215595
2 51 1215596
2 32 1215596
2 52 1215597
2 29 1215599
2 22 1215604
2 40 1215612
2 53 1215618
2 55 1215619
2 48 1215625
2 61 1215631
2 8 1215639
2 17 1215639
2 58 1215645
2 60 1215649
2 43 1215656
2 6 1215664
2 17 1215671
2 3 1215680
2 4 1215687
2 5 1215693
2 46 1215693
2 16 1215702
2 1 1215706
2 37 1215711
2 62 1215714
2 34 1215718
2 51 1215719
2 40 1215727
2 31 1215730
2 28 1215739
2 49 1215746
2 53 1215755
2 41 1215763
2 21 1215767
2 38 1215770
2 35 1215776
2 15 1215776
2 26 1215779
2 13 1215784
2 19 1215789
2 56 1215798
2 58 1215807
3 14 1215815
3 54 1215820
4 25 1215827
4 1 1215828
4 3 1215828
4 30 1215835
4 41 1215844
4 14 1215851
4 31 1215858
5 4 1215866
5 12 1215872
5 35 1215876
5 63 1215879
5 25 1215880
5 59 1215881
5 62 1215884
5 19 1215885
5 32 1215891
5 18 1215892
5 55 1215897
5 30 1215897
5 61 1215904
5 51 1215913
5 32 1215920
5 10 1215923
5 35 1215925
5 36 1215931
5 59 1215931
5 48 1215933
5 29 1215933
5 30 1215941
5 26 1215948
5 41 1215957
5 14 1215964
5 42 1215972
5 44 1215977
5 60 1215986
6 28 1215995
6 51 1216002
6 2 1216009
6 37 1216017
6 16 1216024
6 61 1216028
6 8 1216030
6 55 1216038
6 26 1216041
6 42 1216047
6 18 1216049
6 27 1216057
6 7 1216060
6 14 1216067
6 48 1216071
6 35 1216074
6 56 1216075
6 10 1216075
6 40 1216080
6 34 1216086
6 3 1216088
6 0 1216096
6 43 1216100
6 22 1216101
6 36 1216110
6 1 1216112
6 57 1216118
6 5 1216124
6 47 1216126
6 46 1216127
6 44 1216127
6 29 1216129
6 63 1216129
6 3 1216131
6 5 1216136
6 29 1216138
6 27 1216147
6 17 1216156
6 37 1216162
6 53 1216170
6 58 1216174
6 20 1216180
6 36 1216188
6 18 1216197
6 49 1216199
6 35 1216204
6 9 1216209
6 10 1216217
6 61 1216217
6 45 1216225
6 0 1216231
6 14 1216231
6 7 1216240
6 63 1216247
6 15 1216248
6 33 1216251
6 4 1216253
6 23 1216260
6 44 1216261
6 24 1216264
6 39 1216273
6 12 1216282
6 56 1216283
6 34 1216287
7 31 1216290
7 46 1216299
7 8 1216304
7 56 1216305
7 5 1216314
7 0 1216315
7 54 1216320
7 59 1216327
7 39 1216332
7 12 1216341
7 50 1216342
7 62 1216342
7 58 1216351
7 52 1216355
7 27 1216362
7 60 1216370
7 17 1216375
7 28 1216383
7 11 1216392
7 24 1216400
7 23 1216409
7 33 1216413
7 34 1216415
7 14 1216420
7 47 1216428
7 57 1216429
7 51 1216430
7 1 1216432
7 18 1216436
7 53 1216441
7 3 1216446
7 42 1216449
7 21 1216451
7 6 1216451
7 25 1216454
7 22 1216460
7 60 1216463
7 31 1216469
7 46 1216477
7 9 1216479
7 40 1216486
7 10 1216493
7 34 1216500
7 19 1216502
7 20 1216508
7 41 1216508
7 16 1216517
7 57 1216518
7 32 1216519
7 35 1216521
7 43 1216530
7 29 1216534
7 11 1216536
7 49 1216536
7 8 1216545
7 24 1216550
7 62 1216559
7 18 1216566
7 53 1216571
7 5 1216577
7 51 1216583
7 13 1216588
7 56 1216592
7 2 1216592
7 30 1216594
7 0 1216598
7 3 1216604
7 58 1216608
7 12 1216614
8 7 1216614
8 6 1216623
9 4 1216624
9 7 1216633
9 12 1216635
9 10 1216637
9 15 1216643
9 1 1216650
9 47 1216657
9 21 1216657
9 32 1216666
9 29 1216670
9 11 1216670
9 24 1216674
9 13 1216676
9 18 1216681
9 6 1216688
9 41 1216692
9 51 1216701
9 63 1216705
9 5 1216707
9 26 1216711
9 39 1216717
9 37 1216724
9 56 1216726
9 52 1216734
9 2 1216735
9 48 1216740
9 50 1216743
9 44 1216745
9 40 1216752
9 49 1216754
9 16 1216756
9 8 1216760
9 54 1216767
9 42 1216772
9 22 1216778
9 43 1216784
9 31 1216788
9 23 1216793
9 54 1216798
9 7 1216800
9 57 1216801
9 56 1216801
9 33 1216805
9 20 1216814
9 8 1216818
9 58 1216821
9 36 1216829
9 11 1216833
9 34 1216840
9 55 1216848
9 39 1216851
9 59 1216860
9 3 1216864
9 48 1216872
9 53 1216879
9 62 1216884
9 52 1216887
9 16 1216892
9 29 1216898
9 24 1216898
9 32 1216906
9 12 1216911
9 50 1216912
9 37 1216914
9 17 1216914
9 26 1216917
9 43 1216922
9 51 1216923
9 19 1216927
9 40 1216928
10 9 1216937
10 44 1216941
10 24 1216945
10 14 1216950
10 50 1216952
10 0 1216957
10 39 1216965
10 13 1216972
10 36 1216981
10 37 1216989
10 18 1216989
10 17 1216992
10 15 1216999
10 22 1217006
10 1 1217013
10 49 1217019
10 35 1217026
10 38 1217031
10 20 1217031
10 52 1217040
10 27 1217049
10 33 1217056
10 33 1217064
10 2 1217071
10 26 1217073
10 16 1217078
10 14 1217086
10 61 1217091
10 60 1217093
10 57 1217102
10 39 1217104
10 7 1217111
10 36 1217120
10 38 1217128
10 48 1217134
10 51 1217134
10 27 1217136
10 15 1217139
10 18 1217146
10 17 1217151
10 31 1217156
10 22 1217161
10 45 1217164
11 43 1217172
11 15 1217180
11 4 1217187
11 13 1217193
11 62 1217195
11 44 1217204
11 59 1217206
11 33 1217212
11 31 1217212
11 42 1217217
11 17 1217226
11 36 1217228
11 9 1217233
11 55 1217234
11 60 1217240
11 52 1217246
11 50 1217253
11 28 1217255
11 58 1217261
11 49 1217267
11 63 1217269
11 0 1217275
11 22 1217284
11 37 1217291
11 39 1217300
11 26 1217300
11 5 1217308
11 53 1217311
11 52 1217316
11 28 1217317
11 1 1217319
11 25 1217326
11 63 1217331
11 33 1217332
11 13 1217337
11 35 1217343
11 40 1217352
11 3 1217361
11 15 1217361
11 32 1217368
12 59 1217370
12 46 1217377
12 7 1217386
12 20 1217389
12 45 1217394
12 40 1217396
12 2 1217399
12 3 1217408
12 29 1217414
12 56 1217419
12 41 1217422
12 50 1217426
12 52 1217432
12 16 1217439
12 27 1217448
12 9 1217456
12 36 1217458
12 53 1217463
12 35 1217471
12 19 1217480
12 28 1217488
12 18 1217493
12 44 1217500
12 23 1217505
12 61 1217509
12 13 1217518
12 9 1217519
12 52 1217519
12 17 1217522
12 45 1217526
12 35 1217530
12 33 1217535
12 53 1217541
12 57 1217548
12 27 1217557
12 56 1217561
12 22 1217569
12 25 1217571
12 10 1217576
12 36 1217585
12 49 1217593
12 24 1217593
12 5 1217599
12 39 1217607
12 32 1217608
12 15 1217612
12 59 1217614
13 24 1217615
13 63 1217624
13 59 1217627
13 60 1217627
13 7 1217636
13 8 1217639
13 44 1217646
13 36 1217654
13 22 1217661
13 62 1217669
13 15 1217669
13 46 1217677
13 37 1217686
13 25 1217690
13 1 1217692
13 51 1217699
13 49 1217702
13 40 1217708
13 54 1217717
13 56 1217725
13 61 1217727
13 58 1217729
13 12 1217735
13 32 1217738
13 5 1217740
13 18 1217749
13 28 1217757
13 2 1217763
13 35 1217772
13 41 1217775
13 31 1217777
13 53 1217783
13 48 1217791
13 34 1217798
13 10 1217802
13 44 1217810
13 26 1217818
13 46 1217825
13 49 1217830
13 48 1217836
13 22 1217839
13 8 1217842
13 24 1217851
13 43 1217855
13 55 1217856
13 17 1217860
13 56 1217868
13 21 1217872
13 59 1217879
13 58 1217882
13 33 1217886
13 25 1217893
13 31 1217901
13 29 1217901
13 6 1217910
13 50 1217917
13 62 1217919
13 35 1217920
13 18 1217929
13 42 1217932
13 54 1217934
13 30 1217942
13 45 1217943
13 40 1217946
13 16 1217951
13 53 1217953
13 20 1217953
13 39 1217960
13 37 1217969
14 62 1217977
14 54 1217979
14 53 1217983
14 30 1217988
14 7 1217994
14 20 1217996
14 52 1218005
14 51 1218008
14 25 1218016
14 47 1218016
14 60 1218023
14 36 1218027
14 5 1218027
14 11 1218030
14 49 1218033
14 28 1218041
14 41 1218050
14 24 1218056
14 59 1218057
14 2 1218064
14 56 1218073
14 34 1218078
14 10 1218078
14 44 1218080
14 3 1218088
14 48 1218092
14 40 1218100
14 13 1218106
14 23 1218106
14 19 1218109
14 21 1218110
14 50 1218116
14 9 1218123
14 38 1218131
14 17 1218139
14 61 1218139
14 39 1218142
14 42 1218151
14 37 1218159
14 1 1218166
14 58 1218166
14 26 1218175
14 43 1218184
14 46 1218192
14 59 1218199
14 58 1218201
14 5 1218209
14 10 1218217
14 33 1218225
14 35 1218226
14 2 1218232
14 4 1218239
14 54 1218245
14 49 1218247
14 48 1218249
14 22 1218255
14 25 1218256
14 46 1218256
14 29 1218265
14 41 1218265
14 51 1218269
14 55 1218277
14 0 1218282
14 1 1218290
14 32 1218296
14 28 1218301
14 21 1218301
14 19 1218310
14 3 1218313
14 8 1218313
14 45 1218315
14 15 1218320
14 61 1218321
14 7 1218330
14 36 1218333
14 16 1218342
14 12 1218343
14 50 1218352
14 56 1218357
15 44 1218364
15 18 1218373
15 2 1218376
15 47 1218378
15 61 1218385
15 52 1218394
15 62 1218403
15 14 1218403
15 23 1218405
15 9 1218407
15 60 1218410
15 35 1218413
15 53 1218422
15 37 1218424
15 3 1218432
15 49 1218436
15 46 1218439
15 11 1218444
15 7 1218445
15 56 1218453
15 24 1218462
15 22 1218463
15 16 1218470
15 25 1218471
15 31 1218474
15 16 1218477
15 62 1218485
15 50 1218488
15 26 1218497
15 51 1218498
15 17 1218500
15 60 1218504
15 6 1218507
15 21 1218513
15 36 1218517
15 52 1218520
15 22 1218521
15 20 1218523
15 40 1218531
15 14 1218533
15 5 1218539
15 44 1218544
15 13 1218553
15 27 1218555
15 56 1218559
15 11 1218562
15 31 1218566
15 59 1218568
15 25 1218574
15 30 1218576
15 34 1218577
15 47 1218584
15 24 1218590
15 61 1218597
15 2 1218602
16 57 1218611
16 4 1218619
16 1 1218621
16 12 1218628
16 32 1218631
16 44 1218639
16 27 1218648
16 24 1218655
16 17 1218657
16 56 1218665
16 41 1218670
16 8 1218677
16 18 1218685
16 39 1218694
16 3 1218698
16 19 1218698
16 15 1218703
16 54 1218706
16 31 1218715
16 35 1218723
16 51 1218724
16 53 1218729
16 30 1218729
16 5 1218737
16 62 1218745
16 50 1218747
16 11 1218754
16 20 1218757
16 49 1218762
16 60 1218763
16 36 1218772
16 6 1218772
16 0 1218781
16 9 1218787
16 2 1218794
16 7 1218799
16 63 1218802
16 26 1218807
16 58 1218808
16 38 1218812
16 23 1218821
16 22 1218830
16 40 1218839
16 4 1218840
16 39 1218849
16 54 1218858
16 21 1218862
16 22 1218863
16 63 1218866
16 59 1218873
16 30 1218873
16 28 1218879
16 9 1218885
16 38 1218891
16 31 1218891
16 24 1218894
16 27 1218903
16 46 1218907
16 42 1218912
16 26 1218913
16 34 1218918
16 57 1218921
16 6 1218930
16 11 1218936
16 56 1218945
16 1 1218947
16 32 1218949
16 15 1218958
16 61 1218961
16 2 1218961
16 41 1218967
16 37 1218974
16 20 1218982
16 58 1218987
16 7 1218994
16 14 1218997
16 47 1219004
16 53 1219009
17 2 1219018
17 19 1219022
17 11 1219027
17 41 1219027
17 20 1219032
17 52 1219033
17 47 1219041
17 21 1219045
17 62 1219045
17 6 1219050
17 48 1219051
17 31 1219052
17 18 1219059
17 36 1219061
17 13 1219067
17 26 1219070
17 25 1219071
17 27 1219074
17 2 1219075
17 28 1219078
17 19 1219079
17 48 1219086
17 54 1219088
17 4 1219095
17 13 1219098
17 30 1219102
17 20 1219111
17 44 1219111
17 52 1219114
18 14 1219118
18 12 1219123
18 59 1219132
18 24 1219140
18 46 1219145
18 28 1219154
18 29 1219158
18 60 1219165
18 52 1219166
18 4 1219170
18 58 1219174
18 21 1219181
18 40 1219182
18 53 1219184
18 39 1219187
18 30 1219196
18 63 1219197
18 15 1219202
18 6 1219205
18 32 1219213
18 61 1219214
18 57 1219222
18 41 1219230
18 35 1219235
18 34 1219235
18 50 1219244
18 5 1219246
18 43 1219251
18 9 1219257
18 27 1219258
18 17 1219258
18 11 1219264
18 16 1219264
18 7 1219269
18 37 1219274
18 47 1219283
18 33 1219291
18 9 1219300
18 2 1219306
18 24 1219310
18 61 1219313
18 57 1219321
18 44 1219322
18 59 1219328
18 21 1219329
18 14 1219336
18 12 1219342
18 63 1219348
18 36 1219349
18 43 1219358
18 30 1219363
18 8 1219369
18 23 1219373
18 0 1219373
18 58 1219376
18 47 1219384
18 27 1219386
18 3 1219387
18 11 1219392
18 35 1219399
18 49 1219404
18 39 1219410
18 28 1219410
18 13 1219411
18 53 1219418
18 37 1219425
18 46 1219429
18 25 1219436
18 34 1219445
19 45 1219452
19 42 1219456
19 17 1219457
19 7 1219457
19 26 1219457
19 39 1219462
19 1 1219462
19 4 1219470
19 56 1219475
19 47 1219475
19 46 1219483
19 28 1219492
19 27 1219499
19 50 1219503
19 36 1219510
19 29 1219516
19 48 1219516
19 61 1219525
19 37 1219530
19 12 1219532
19 9 1219539
19 23 1219545
19 15 1219553
19 49 1219554
19 57 1219556
19 44 1219562
19 8 1219563
19 2 1219565
19 6 1219569
19 25 1219577
19 13 1219583
19 22 1219592
19 30 1219599
19 0 1219604
19 62 1219612
19 53 1219614
19 63 1219617
19 40 1219623
19 38 1219630
19 14 1219632
19 24 1219632
19 40 1219635
19 21 1219644
19 63 1219647
19 4 1219650
19 60 1219654
19 12 1219657
19 45 1219658
19 30 1219659
19 8 1219661
19 54 1219670
19 3 1219673
19 25 1219675
19 20 1219676
19 34 1219679
19 57 1219686
19 61 1219690
19 28 1219696
19 27 1219700
19 39 1219709
19 44 1219715
19 51 1219722
19 56 1219729
19 23 1219738
19 49 1219744
19 10 1219745
19 9 1219745
19 26 1219748
19 17 1219750
19 1 1219757
19 18 1219764
19 2 1219766
19 42 1219768
19 35 1219772
19 15 1219781
19 31 1219789
19 29 1219797
19 22 1219804
19 0 1219813
19 46 1219818
21 52 1219819
21 49 1219825
21 35 1219828
21 61 1219834
21 11 1219837
21 26 1219842
21 12 1219848
21 47 1219854
21 32 1219854
21 20 1219859
21 43 1219865
21 57 1219870
21 2 1219872
21 17 1219880
21 8 1219881
21 51 1219885
21 10 1219889
21 36 1219895
21 33 1219897
21 23 1219904
21 14 1219906
21 6 1219907
21 39 1219909
21 37 1219909
21 31 1219915
21 3 1219921
21 42 1219929
21 19 1219935
21 40 1219937
21 9 1219940
21 18 1219943
21 41 1219943
21 13 1219952
21 5 1219953
21 4 1219961
21 24 1219969
21 26 1219970
21 23 1219972
21 46 1219977
21 34 1219984
21 39 1219985
21 2 1219988
21 17 1219997
21 63 1220003
21 48 1220005
21 50 1220014
21 7 1220019
21 52 1220027
21 30 1220034
21 5 1220035
21 15 1220044
21 57 1220044
21 43 1220047
21 44 1220055
21 58 1220060
21 60 1220068
21 38 1220077
21 11 1220080
21 20 1220088
21 59 1220090
21 16 1220096
21 37 1220103
21 4 1220104
21 55 1220104
21 10 1220106
21 54 1220114
21 14 1220117
21 9 1220122
21 29 1220122
22 31 1220129
22 6 1220129
22 12 1220133
22 26 1220140
22 62 1220143
22 23 1220143
22 18 1220146
22 15 1220155
22 46 1220162
22 20 1220170
22 63 1220178
22 36 1220182
22 40 1220183
22 45 1220183
22 27 1220186
22 55 1220190
22 43 1220197
22 0 1220199
22 44 1220205
22 37 1220207
22 53 1220213
22 50 1220218
22 4 1220224
22 14 1220230
22 54 1220235
22 29 1220239
22 48 1220248
22 11 1220250
22 34 1220259
22 17 1220264
22 52 1220264
22 5 1220273
22 9 1220280
22 25 1220287
22 38 1220291
22 21 1220292
22 28 1220295
22 26 1220301
22 56 1220307
22 25 1220316
22 10 1220321
22 8 1220330
22 43 1220332
22 4 1220341
22 54 1220350
22 11 1220351
22 47 1220357
22 62 1220362
22 46 1220369
22 3 1220370
22 39 1220376
22 15 1220379
22 16 1220382
22 19 1220385
22 40 1220387
22 32 1220396
22 24 1220399
22 33 1220402
22 2 1220403
22 30 1220406
22 55 1220415
22 37 1220423
22 42 1220427
22 17 1220430
22 1 1220433
22 9 1220438
22 49 1220447
22 7 1220449
22 61 1220456
22 44 1220457
23 11 1220465
23 44 1220470
23 19 1220478
23 6 1220486
23 3 1220489
23 37 1220493
23 17 1220501
23 35 1220503
23 43 1220508
23 58 1220515
23 1 1220515
23 7 1220518
23 53 1220520
23 0 1220521
23 61 1220530
23 10 1220537
23 59 1220541
23 48 1220544
23 20 1220550
23 16 1220556
23 25 1220559
23 29 1220567
23 31 1220569
23 2 1220574
23 28 1220578
23 36 1220584
23 33 1220591
23 21 1220595
23 13 1220602
23 63 1220602
23 54 1220605
23 4 1220614
23 30 1220618
23 24 1220618
23 60 1220620
23 26 1220622
23 46 1220629
23 18 1220634
23 52 1220637
23 56 1220639
23 32 1220642
23 45 1220642
23 38 1220646
23 62 1220646
23 31 1220646
23 54 1220651
23 47 1220658
23 24 1220665
23 63 1220673
23 55 1220681
23 52 1220683
23 6 1220684
23 9 1220685
23 0 1220686
23 58 1220688
23 57 1220691
23 61 1220694
23 59 1220699
23 18 1220704
23 1 1220708
23 42 1220714
23 2 1220720
23 22 1220724
23 12 1220724
23 17 1220724
23 37 1220732
23 10 1220734
23 26 1220740
23 53 1220743
23 19 1220743
23 60 1220752
23 56 1220761
23 3 1220769
23 5 1220774
23 11 1220779
23 27 1220784
23 21 1220790
23 48 1220799
23 16 1220807
23 20 1220808
23 49 1220812
23 44 1220815
24 40 1220824
24 17 1220827
24 6 1220828
25 29 1220836
25 0 1220839
25 2 1220846
25 36 1220847
25 30 1220851
25 55 1220857
25 39 1220865
25 13 1220873
25 22 1220882
25 18 1220888
25 51 1220894
25 60 1220895
25 38 1220904
25 7 1220904
25 3 1220904
25 32 1220904
25 52 1220907
25 24 1220911
25 63 1220911
25 41 1220918
25 42 1220927
25 23 1220934
25 27 1220940
25 26 1220942
25 34 1220950
25 47 1220957
25 20 1220961
25 28 1220968
25 37 1220973
25 9 1220975
25 56 1220975
25 37 1220982
25 59 1220982
25 12 1220983
25 26 1220988
25 48 1220996
25 60 1221002
25 11 1221011
25 18 1221017
25 35 1221026
25 33 1221035
25 61 1221039
25 20 1221047
25 23 1221048
25 53 1221050
25 29 1221052
25 2 1221053
25 13 1221057
25 36 1221062
25 7 1221069
25 3 1221072
25 24 1221080
25 63 1221087
25 32 1221095
25 6 1221100
25 38 1221107
25 28 1221111
25 57 1221117
25 43 1221117
25 10 1221123
26 28 1221124
26 29 1221131
26 33 1221138
26 59 1221139
26 14 1221142
27 50 1221149
27 37 1221152
27 54 1221158
27 18 1221166
27 31 1221175
27 49 1221179
27 4 1221180
27 44 1221184
27 43 1221185
27 9 1221190
27 39 1221193
27 0 1221195
27 30 1221202
27 10 1221209
27 60 1221216
27 16 1221220
27 61 1221226
27 40 1221233
27 42 1221242
27 3 1221246
27 5 1221248
27 57 1221251
27 21 1221259
27 19 1221268
27 17 1221272
27 24 1221272
27 47 1221275
27 25 1221280
27 59 1221282
27 35 1221282
27 52 1221283
27 7 1221291
27 1 1221293
27 15 1221300
27 38 1221306
27 29 1221315
27 6 1221323
27 32 1221326
27 55 1221331
27 10 1221339
27 31 1221346
27 22 1221348
27 47 1221357
27 18 1221362
27 30 1221366
27 60 1221371
27 0 1221371
27 20 1221378
27 54 1221386
27 3 1221390
27 43 1221396
27 13 1221405
27 5 1221406
27 53 1221408
27 24 1221410
27 7 1221413
27 48 1221419
27 38 1221421
27 32 1221421
27 26 1221428
27 29 1221431
27 6 1221433
27 58 1221434
27 21 1221438
27 17 1221441
27 62 1221449
27 61 1221451
27 37 1221458
27 42 1221464
27 11 1221470
27 34 1221477
27 9 1221478
27 39 1221487
27 46 1221491
27 63 1221500
27 35 1221504
27 41 1221512
28 35 1221515
28 11 1221522
28 59 1221524
28 24 1221524
28 8 1221528
29 17 1221534
29 10 1221536
29 20 1221538
29 24 1221540
29 55 1221549
29 15 1221554
29 7 1221557
29 0 1221558
29 16 1221563
29 37 1221563
29 12 1221567
29 31 1221573
29 59 1221575
29 18 1221584
29 45 1221591
29 63 1221597
29 11 1221606
29 22 1221615
29 46 1221623
29 30 1221624
29 53 1221625
29 2 1221626
29 42 1221630
29 25 1221635
29 14 1221642
29 41 1221647
29 32 1221656
29 50 1221657
29 60 1221666
29 22 1221670
29 12 1221679
29 0 1221685
29 16 1221692
29 17 1221696
29 5 1221700
29 18 1221702
29 19 1221702
29 4 1221703
29 48 1221708
29 35 1221710
29 9 1221714
29 58 1221715
29 44 1221720
29 42 1221727
29 24 1221729
29 36 1221733
29 33 1221734
29 14 1221734
29 59 1221743
29 55 1221743
29 39 1221750
29 47 1221750
29 56 1221757
29 32 1221763
30 10 1221763
30 34 1221768
30 47 1221774
30 14 1221776
30 8 1221784
30 53 1221788
30 59 1221789
30 42 1221793
30 16 1221793
30 22 1221795
30 43 1221796
30 36 1221796
30 62 1221796
30 4 1221798
30 49 1221802
30 1 1221803
30 48 1221805
30 60 1221811
30 51 1221819
30 15 1221823
30 29 1221832
30 2 1221835
30 24 1221840
30 33 1221841
30 3 1221846
30 11 1221851
30 12 1221859
30 13 1221860
30 32 1221861
30 55 1221861
30 63 1221870
30 52 1221878
30 17 1221878
30 45 1221881
30 61 1221886
30 36 1221890
30 34 1221892
30 35 1221901
30 41 1221905
30 33 1221908
30 42 1221915
30 2 1221921
30 49 1221924
30 4 1221931
30 52 1221933
30 60 1221939
30 10 1221940
30 58 1221944
30 1 1221949
30 16 1221953
30 46 1221956
30 6 1221960
30 40 1221963
30 0 1221964
30 37 1221969
30 26 1221972
30 13 1221978
30 9 1221983
30 5 1221984
30 15 1221989
30 22 1221989
30 50 1221997
30 32 1222000
30 54 1222009
31 27 1222013
31 18 1222021
31 43 1222023
31 39 1222023
31 1 1222030
31 44 1222036
31 48 1222039
31 23 1222040
31 29 1222045
31 59 1222050
31 10 1222052
31 15 1222056
31 34 1222057
31 56 1222064
31 53 1222071
31 51 1222080
31 22 1222088
31 37 1222093
31 26 1222101
31 62 1222107
31 12 1222108
31 24 1222115
31 17 1222123
31 32 1222127
31 16 1222129
31 8 1222133
31 60 1222136
31 61 1222145
31 2 1222153
31 6 1222159
31 63 1222166
31 30 1222166
31 41 1222167
31 51 1222172
31 32 1222179
31 20 1222184
31 9 1222190
31 62 1222192
31 29 1222197
31 27 1222199
31 19 1222208
31 46 1222216
31 14 1222219
31 1 1222219
31 16 1222227
31 6 1222231
31 35 1222232
31 22 1222238
31 4 1222243
31 37 1222249
31 5 1222252
31 44 1222256
31 28 1222258
31 61 1222263
31 47 1222266
31 56 1222271
31 8 1222276
31 55 1222278
31 49 1222286
31 45 1222294
31 42 1222302
31 39 1222307
31 11 1222316
31 59 1222325
31 57 1222329
31 60 1222337
31 40 1222341
31 48 1222350
31 26 1222351
32 8 1222360
32 29 1222360
32 39 1222369
32 54 1222372
32 11 1222375
32 20 1222379
32 49 1222380
32 61 1222389
32 46 1222398
32 48 1222400
32 63 1222403
32 6 1222407
32 50 1222412
32 10 1222418
32 31 1222427
32 24 1222430
32 52 1222432
32 40 1222433
32 59 1222434
32 15 1222439
32 57 1222447
32 19 1222448
32 18 1222453
32 17 1222455
32 9 1222464
32 0 1222470
32 33 1222470
32 60 1222470
32 34 1222479
32 12 1222481
32 11 1222483
32 44 1222491
32 14 1222498
32 60 1222505
32 54 1222507
32 30 1222515
32 20 1222516
32 43 1222524
32 9 1222528
32 63 1222537
32 50 1222544
32 33 1222549
32 62 1222554
32 23 1222559
32 8 1222559
32 52 1222567
32 26 1222572
32 59 1222573
32 53 1222580
32 15 1222582
32 55 1222584
32 29 1222588
32 40 1222588
32 56 1222589
32 38 1222596
32 57 1222601
32 61 1222607
32 7 1222611
32 51 1222613
32 42 1222621
32 47 1222623
32 34 1222625
33 18 1222632
33 52 1222632
33 51 1222639
33 26 1222645
33 5 1222650
33 58 1222651
33 14 1222653
33 48 1222653
33 40 1222659
33 6 1222666
33 37 1222671
33 59 1222677
33 29 1222678
33 60 1222686
33 22 1222693
33 7 1222695
33 55 1222700
33 49 1222708
33 54 1222709
33 8 1222712
33 16 1222712
33 11 1222718
33 44 1222719
33 36 1222724
33 38 1222724
33 31 1222728
33 47 1222730
33 24 1222738
33 56 1222739
33 9 1222741
33 0 1222749
33 23 1222756
33 41 1222757
33 13 1222763
33 29 1222766
33 63 1222775
33 37 1222783
33 20 1222787
33 61 1222793
33 30 1222794
33 45 1222795
33 5 1222800
33 24 1222803
33 25 1222811
33 23 1222814
33 47 1222814
33 10 1222814
33 1 1222815
33 57 1222815
33 19 1222817
33 55 1222825
33 4 1222831
33 21 1222839
33 3 1222840
33 42 1222848
33 2 1222852
33 28 1222859
33 54 1222859
33 8 1222867
33 35 1222876
33 27 1222883
33 11 1222888
33 15 1222890
33 0 1222893
33 32 1222898
33 6 1222904
33 51 1222909
34 52 1222917
34 61 1222918
34 23 1222920
34 21 1222926
34 43 1222934
34 62 1222937
34 27 1222940
34 51 1222949
34 13 1222957
34 47 1222964
34 15 1222969
34 12 1222970
34 29 1222974
34 54 1222982
34 49 1222982
34 9 1222989
34 7 1222996
34 60 1223000
34 40 1223004
34 41 1223011
34 5 1223013
34 19 1223015
34 17 1223015
34 56 1223023
34 11 1223026
34 61 1223035
34 4 1223037
34 18 1223041
34 58 1223047
34 22 1223054
34 43 1223056
34 36 1223057
34 24 1223065
34 15 1223065
34 26 1223071
34 21 1223071
34 52 1223073
34 31 1223081
34 39 1223084
34 38 1223084
34 7 1223092
34 25 1223094
34 12 1223101
34 37 1223106
34 8 1223107
34 51 1223112
34 27 1223121
34 62 1223130
35 16 1223138
35 52 1223147
35 41 1223150
35 11 1223158
35 42 1223163
35 2 1223169
35 21 1223170
35 55 1223171
35 34 1223180
35 51 1223184
35 8 1223185
35 53 1223187
35 25 1223195
35 22 1223196
35 10 1223196
35 29 1223201
35 23 1223202
35 7 1223206
35 47 1223206
35 30 1223210
35 13 1223213
35 26 1223219
35 57 1223223
35 61 1223232
35 49 1223237
35 17 1223241
35 32 1223247
35 43 1223253
35 59 1223255
35 4 1223260
35 38 1223264
35 39 1223266
35 5 1223268
35 0 1223274
35 28 1223281
35 45 1223290
35 62 1223290
35 6 1223297
35 40 1223298
35 24 1223301
35 12 1223301
35 33 1223309
35 28 1223315
35 22 1223319
35 25 1223321
35 2 1223323
35 18 1223323
35 9 1223328
35 36 1223337
35 54 1223341
35 47 1223347
35 29 1223353
35 16 1223357
35 41 1223366
35 50 1223370
35 63 1223376
35 23 1223385
35 43 1223394
35 20 1223401
35 58 1223410
35 61 1223410
35 44 1223415
35 19 1223417
35 51 1223420
35 60 1223428
35 15 1223428
35 14 1223434
35 42 1223440
35 27 1223449
35 6 1223456
35 38 1223460
35 53 1223469
35 11 1223474
35 37 1223474
35 10 1223480
35 57 1223483
35 32 1223490
35 48 1223494
35 52 1223503
36 46 1223509
36 13 1223513
36 25 1223514
36 38 1223522
36 44 1223530
36 39 1223539
36 23 1223547
36 37 1223555
36 0 1223561
36 29 1223562
36 61 1223568
36 50 1223571
36 11 1223579
36 19 1223588
36 17 1223592
36 45 1223597
36 49 1223606
37 36 1223615
37 63 1223615
37 2 1223624
37 56 1223631
37 48 1223639
37 7 1223646
37 46 1223651
37 0 1223658
37 12 1223658
37 13 1223660
37 33 1223661
37 61 1223667
37 1 1223675
37 14 1223683
37 19 1223686
37 9 1223692
37 55 1223701
37 8 1223704
37 34 1223712
37 26 1223720
37 53 1223723
37 11 1223729
37 39 1223735
37 54 1223737
37 27 1223738
37 10 1223738
37 18 1223747
37 58 1223756
37 21 1223756
37 38 1223757
37 31 1223765
37 11 1223774
37 26 1223777
37 6 1223786
37 54 1223793
37 32 1223793
37 43 1223793
37 34 1223796
37 60 1223805
37 29 1223806
37 51 1223811
37 63 1223814
37 0 1223818
37 62 1223822
37 9 1223827
37 38 1223827
37 55 1223835
37 44 1223844
37 24 1223845
37 5 1223850
37 7 1223856
37 41 1223860
37 21 1223862
37 57 1223869
37 3 1223871
37 15 1223878
37 53 1223885
37 23 1223887
37 36 1223888
37 27 1223894
37 13 1223897
38 54 1223906
38 42 1223912
38 55 1223919
38 8 1223923
38 10 1223929
38 25 1223932
38 2 1223940
38 46 1223943
38 58 1223943
38 28 1223948
38 53 1223952
38 16 1223960
38 24 1223966
38 37 1223967
38 44 1223968
38 12 1223976
38 45 1223979
38 29 1223982
38 52 1223986
38 49 1223990
38 1 1223996
38 44 1223996
38 25 1223997
38 10 1224006
38 34 1224006
38 32 1224008
38 24 1224016
38 50 1224016
38 48 1224016
38 51 1224019
38 63 1224020
38 33 1224029
38 17 1224035
38 55 1224038
38 8 1224041
38 58 1224047
38 14 1224051
38 11 1224054
38 21 1224059
39 29 1224064
39 15 1224065
39 48 1224065
39 25 1224073
39 26 1224081
39 61 1224086
39 11 1224093
39 46 1224097
39 2 1224104
39 5 1224105
39 13 1224112
39 53 1224115
39 0 1224124
39 8 1224125
39 62 1224125
39 9 1224130
39 42 1224137
39 12 1224138
39 55 1224147
39 24 1224150
39 38 1224156
39 43 1224165
39 18 1224172
39 7 1224173
39 16 1224175
39 4 1224177
39 27 1224184
39 57 1224191
39 20 1224194
39 56 1224199
39 28 1224208
39 49 1224208
39 1 1224211
39 10 1224211
39 23 1224215
39 24 1224224
39 16 1224232
39 9 1224233
39 1 1224235
39 20 1224243
39 59 1224252
39 0 1224252
39 12 1224258
39 47 1224267
39 31 1224275
39 25 1224276
39 27 1224284
39 13 1224285
39 54 1224286
39 62 1224290
39 45 1224297
39 18 1224302
39 63 1224303
39 57 1224305
39 23 1224306
39 6 1224308
39 55 1224315
39 37 1224319
39 60 1224324
39 17 1224330
39 7 1224339
39 34 1224346
39 40 1224352
39 61 1224353
39 14 1224357
39 38 1224359
39 28 1224360
39 2 1224367
39 36 1224374
39 50 1224378
40 25 1224378
40 36 1224382
40 2 1224386
40 22 1224387
40 27 1224390
40 48 1224398
40 17 1224406
40 50 1224408
40 16 1224410
40 34 1224416
40 57 1224417
40 19 1224425
40 1 1224433
40 4 1224435
40 39 1224435
40 47 1224435
40 55 1224435
40 46 1224442
40 20 1224444
40 18 1224447
40 23 1224449
40 41 1224450
40 43 1224453
40 21 1224455
40 30 1224455
40 29 1224456
40 55 1224464
40 20 1224470
40 50 1224475
40 8 1224475
40 59 1224484
40 54 1224486
40 57 1224492
40 46 1224501
40 6 1224503
40 47 1224508
40 29 1224516
40 52 1224522
40 37 1224522
40 10 1224525
40 35 1224527
40 24 1224531
40 14 1224533
40 7 1224541
41 17 1224548
41 32 1224549
41 44 1224552
41 22 1224554
41 28 1224557
41 16 1224557
41 4 1224561
41 56 1224563
41 12 1224567
41 62 1224570
41 13 1224570
41 14 1224573
41 36 1224577
41 34 1224577
41 52 1224586
41 10 1224587
41 54 1224591
41 48 1224592
41 36 1224592
41 44 1224593
41 59 1224595
41 25 1224596
41 56 1224598
41 50 1224602
41 21 1224607
41 12 1224612
41 26 1224620
41 58 1224628
41 7 1224628
41 57 1224636
41 5 1224639
41 8 1224645
42 6 1224650
42 39 1224657
42 50 1224658
42 53 1224662
42 33 1224664
42 38 1224671
42 32 1224675
42 30 1224677
42 60 1224683
42 44 1224691
42 51 1224697
42 13 1224699
42 0 1224704
42 17 1224704
42 14 1224705
42 26 1224714
42 5 1224715
42 4 1224720
42 2 1224721
42 16 1224729
42 62 1224737
42 28 1224737
42 58 1224745
42 56 1224748
42 63 1224755
42 46 1224759
42 29 1224768
42 19 1224771
42 34 1224774
42 20 1224778
42 49 1224780
42 48 1224789
42 43 1224794
42 55 1224802
42 18 1224807
42 22 1224815
42 15 1224824
42 55 1224832
42 35 1224839
42 38 1224843
42 24 1224843
42 33 1224847
42 46 1224854
42 13 1224858
42 61 1224863
42 1 1224867
42 31 1224869
42 50 1224872
42 21 1224877
42 52 1224880
42 40 1224883
42 19 1224892
42 16 1224897
42 11 1224905
42 51 1224910
42 3 1224911
42 47 1224917
42 37 1224919
42 32 1224926
42 54 1224926
42 39 1224933
42 12 1224937
42 60 1224938
42 25 1224947
42 53 1224953
42 17 1224961
42 58 1224968
43 31 1224970
43 48 1224979
43 51 1224982
43 34 1224985
43 57 1224988
43 32 1224989
43 29 1224991
43 37 1224994
43 40 1224998
43 36 1225005
43 10 1225005
43 53 1225007
43 30 1225013
43 2 1225022
43 39 1225030
43 4 1225031
43 38 1225035
43 15 1225037
43 21 1225043
43 62 1225044
43 25 1225052
43 55 1225053
43 23 1225054
43 28 1225062
43 11 1225070
43 0 1225076
43 45 1225078
43 33 1225087
43 59 1225088
43 7 1225090
43 60 1225090
43 16 1225090
43 14 1225093
43 59 1225093
43 58 1225099
43 13 1225101
43 38 1225104
43 20 1225113
43 53 1225120
43 4 1225120
43 60 1225124
43 32 1225133
43 34 1225142
43 11 1225147
43 63 1225151
43 50 1225160
43 44 1225160
43 1 1225160
43 7 1225165
43 5 1225169
43 12 1225176
43 29 1225182
43 62 1225187
43 22 1225193
43 3 1225197
43 14 1225197
43 49 1225206
43 37 1225210
43 17 1225216
43 18 1225224
43 21 1225226
43 19 1225233
43 28 1225235
43 2 1225244
43 25 1225245
43 61 1225254
44 45 1225258
44 61 1225267
44 41 1225272
44 22 1225275
44 36 1225277
44 10 1225282
44 3 1225284
44 12 1225290
44 4 1225293
44 19 1225293
44 58 1225297
44 15 1225300
44 13 1225305
44 49 1225307
44 48 1225310
44 55 1225316
44 27 1225324
44 59 1225326
44 56 1225326
44 31 1225326
44 24 1225326
44 34 1225334
44 6 1225343
44 0 1225348
44 26 1225352
44 23 1225359
44 1 1225363
44 37 1225363
44 11 1225369
44 43 1225378
44 48 1225380
44 34 1225388
44 18 1225392
44 55 1225394
44 56 1225399
44 27 1225400
44 61 1225407
44 29 1225416
44 32 1225420
44 40 1225426
44 13 1225434
44 14 1225441
44 42 1225450
44 45 1225451
44 51 1225454
44 7 1225455
44 20 1225457
44 60 1225459
44 57 1225463
44 31 1225463
44 63 1225468
44 35 1225475
44 11 1225483
44 52 1225484
44 2 1225485
44 59 1225485
44 46 1225490
45 52 1225495
45 61 1225503
45 30 1225512
45 42 1225518
45 33 1225525
45 19 1225532
46 18 1225534
46 49 1225535
46 17 1225536
46 45 1225545
46 53 1225549
46 14 1225554
46 43 1225556
46 21 1225556
46 29 1225564
46 1 1225567
46 62 1225574
46 4 1225576
46 19 1225585
47 38 1225592
47 23 1225592
47 29 1225596
47 49 1225605
47 5 1225609
47 42 1225613
47 14 1225613
47 17 1225621
47 6 1225629
47 20 1225632
49 36 1225633
49 32 1225634
49 28 1225641
49 22 1225646
49 18 1225646
49 24 1225653
49 52 1225659
49 37 1225664
49 54 1225664
49 15 1225668
49 7 1225674
49 12 1225675
49 40 1225683
49 48 1225686
49 2 1225695
49 0 1225696
49 44 1225705
49 30 1225711
49 43 1225715
49 25 1225722
49 17 1225722
49 9 1225724
49 39 1225726
49 9 1225727
49 20 1225736
49 58 1225744
49 46 1225748
49 26 1225751
49 15 1225760
49 45 1225769
49 1 1225776
49 50 1225782
49 18 1225783
49 42 1225789
49 36 1225792
49 56 1225799
49 32 1225799
49 24 1225800
49 37 1225800
49 53 1225805
49 35 1225814
49 62 1225817
49 23 1225825
49 6 1225827
49 63 1225835
49 29 1225836
49 8 1225837
49 43 1225838
49 52 1225841
50 29 1225847
50 58 1225855
50 47 1225858
50 54 1225861
50 45 1225861
50 20 1225861
50 11 1225867
50 53 1225868
50 33 1225877
50 21 1225885
50 41 1225885
50 60 1225888
50 15 1225895
50 48 1225902
51 62 1225907
51 49 1225907
51 32 1225911
51 41 1225916
51 33 1225925
51 21 1225929
51 40 1225938
51 5 1225947
51 42 1225955
51 11 1225963
51 19 1225968
51 37 1225970
51 22 1225978
51 26 1225979
51 60 1225984
51 44 1225992
51 46 1225996
51 24 1225996
51 10 1226003
51 35 1226005
51 30 1226008
51 31 1226015
51 23 1226016
51 34 1226025
51 0 1226026
51 42 1226026
51 40 1226026
51 21 1226030
51 26 1226037
51 33 1226042
51 27 1226043
51 13 1226048
51 18 1226055
51 47 1226056
51 6 1226064
51 23 1226065
51 35 1226074
51 5 1226083
51 24 1226092
51 61 1226094
51 2 1226095
51 49 1226095
51 39 1226103
51 37 1226111
51 36 1226111
51 9 1226120
51 44 1226120
52 49 1226129
52 24 1226132
52 26 1226141
52 14 1226142
52 56 1226146
52 46 1226146
52 63 1226154
52 31 1226158
52 32 1226166
52 53 1226174
52 18 1226180
52 22 1226187
52 62 1226194
52 13 1226200
52 23 1226209
52 47 1226209
52 39 1226218
52 17 1226219
52 2 1226224
52 51 1226226
52 28 1226235
52 4 1226242
52 35 1226243
52 8 1226251
52 50 1226253
52 6 1226257
52 38 1226261
52 11 1226270
52 5 1226272
52 16 1226280
52 48 1226285
52 59 1226292
52 57 1226301
52 33 1226305
52 55 1226312
52 30 1226319
52 61 1226319
52 25 1226321
52 58 1226325
52 45 1226333
52 2 1226336
52 31 1226339
52 16 1226345
52 39 1226348
52 61 1226350
52 21 1226357
52 33 1226366
52 38 1226367
52 51 1226376
52 12 1226377
52 47 1226384
52 44 1226391
52 11 1226400
52 36 1226403
52 54 1226404
52 23 1226411
52 8 1226420
52 24 1226429
52 18 1226435
52 28 1226435
52 55 1226435
52 35 1226435
52 60 1226443
52 30 1226452
52 34 1226459
52 53 1226466
52 7 1226470
52 1 1226476
52 0 1226482
52 20 1226490
52 37 1226490
53 8 1226490
53 9 1226498
53 2 1226506
53 56 1226506
53 14 1226509
53 31 1226509
53 38 1226517
53 41 1226518
54 49 1226525
54 43 1226530
54 55 1226535
54 12 1226538
54 32 1226539
54 28 1226546
54 14 1226552
54 25 1226559
54 41 1226567
54 7 1226568
54 20 1226575
54 37 1226579
54 9 1226580
54 18 1226581
54 40 1226581
54 36 1226585
54 15 1226590
54 22 1226593
54 60 1226594
54 5 1226597
54 42 1226600
54 2 1226609
54 10 1226611
54 29 1226616
54 17 1226623
54 13 1226627
54 0 1226628
54 8 1226631
54 58 1226636
54 35 1226638
54 40 1226645
54 50 1226649
54 52 1226652
54 49 1226652
54 26 1226661
54 30 1226668
54 32 1226673
54 24 1226673
54 35 1226680
54 37 1226681
54 45 1226685
54 46 1226686
54 10 1226690
54 31 1226691
54 1 1226700
54 5 1226704
54 43 1226711
54 4 1226720
54 42 1226722
54 56 1226727
54 41 1226735
54 15 1226735
54 53 1226739
54 47 1226744
54 34 1226751
54 61 1226756
54 63 1226765
54 20 1226770
54 7 1226779
54 12 1226784
54 11 1226791
54 60 1226792
55 26 1226799
55 17 1226801
55 59 1226803
56 10 1226809
56 54 1226815
56 49 1226819
56 29 1226828
56 59 1226830
56 12 1226830
56 23 1226833
56 51 1226839
56 16 1226839
56 13 1226842
56 34 1226850
56 57 1226854
56 7 1226854
56 2 1226856
56 55 1226859
56 46 1226868
56 42 1226872
56 50 1226877
56 31 1226877
56 60 1226885
56 28 1226892
56 21 1226896
56 37 1226901
56 48 1226909
56 12 1226917
56 52 1226918
56 15 1226922
56 16 1226925
56 62 1226931
56 41 1226938
56 25 1226945
56 32 1226950
56 59 1226957
56 50 1226965
56 23 1226969
56 51 1226970
56 18 1226974
56 39 1226982
56 27 1226982
57 16 1226985
57 3 1226987
57 9 1226992
57 10 1226998
57 30 1227004
57 53 1227010
57 6 1227016
57 56 1227022
57 33 1227027
57 7 1227027
57 42 1227028
57 19 1227028
57 40 1227029
57 52 1227030
57 63 1227036
57 32 1227039
57 55 1227048
57 21 1227057
57 51 1227066
57 36 1227074
57 34 1227080
57 24 1227081
57 35 1227086
57 12 1227092
57 39 1227096
57 45 1227104
57 38 1227113
57 1 1227120
57 22 1227129
57 2 1227134
57 14 1227135
57 15 1227138
57 58 1227142
57 59 1227150
57 61 1227155
57 43 1227161
57 46 1227166
57 33 1227174
57 9 1227179
57 37 1227187
57 18 1227187
57 40 1227187
57 39 1227193
57 23 1227202
57 49 1227206
57 13 1227211
57 30 1227215
57 50 1227222
57 47 1227224
57 48 1227227
57 24 1227230
57 5 1227231
57 28 1227235
57 34 1227238
57 6 1227244
57 22 1227248
57 8 1227257
57 16 1227263
57 61 1227266
57 44 1227266
57 55 1227266
57 26 1227270
57 54 1227279
57 19 1227281
57 21 1227286
57 62 1227294
57 35 1227301
57 56 1227310
57 17 1227310
57 1 1227311
58 34 1227311
58 14 1227315
58 2 1227317
58 26 1227321
58 8 1227327
58 11 1227336
58 32 1227341
58 30 1227346
58 49 1227346
58 27 1227347
58 6 1227353
58 36 1227355
58 15 1227364
58 42 1227365
58 10 1227367
58 29 1227369
58 1 1227376
58 24 1227377
58 25 1227378
58 33 1227386
58 25 1227391
58 34 1227395
58 48 1227396
58 52 1227400
58 63 1227402
58 5 1227403
58 12 1227410
58 22 1227410
58 42 1227411
58 26 1227413
58 19 1227415
58 57 1227415
58 6 1227418
58 13 1227422
58 55 1227425
58 44 1227432
58 30 1227437
58 18 1227446
58 62 1227452
59 13 1227460
59 8 1227464
59 4 1227466
59 60 1227472
59 14 1227478
59 50 1227478
59 37 1227482
59 54 1227484
59 44 1227486
59 57 1227491
59 45 1227496
59 7 1227500
59 6 1227505
59 29 1227509
59 3 1227513
59 18 1227515
59 62 1227517
59 2 1227521
59 32 1227523
59 47 1227523
59 46 1227529
59 49 1227532
59 22 1227539
59 37 1227545
59 6 1227547
59 23 1227554
59 28 1227563
59 38 1227567
59 33 1227574
59 48 1227575
59 35 1227579
59 31 1227579
59 15 1227588
59 16 1227591
59 60 1227593
59 20 1227594
59 7 1227601
59 55 1227602
59 46 1227602
59 53 1227605
59 42 1227610
59 44 1227611
60 32 1227614
60 13 1227623
60 33 1227628
60 15 1227635
60 14 1227639
60 43 1227640
60 24 1227640
60 5 1227647
60 35 1227655
60 0 1227661
60 45 1227670
60 40 1227679
60 51 1227684
60 62 1227687
60 46 1227692
60 63 1227695
60 7 1227699
60 22 1227701
60 42 1227706
60 39 1227707
60 29 1227711
60 34 1227715
60 58 1227718
60 21 1227718
60 36 1227723
60 27 1227725
60 53 1227733
60 63 1227733
60 47 1227739
60 51 1227743
60 19 1227752
60 12 1227757
60 44 1227757
60 49 1227764
60 43 1227771
60 0 1227773
60 38 1227778
60 61 1227781
60 16 1227784
60 30 1227785
60 3 1227786
60 8 1227791
60 45 1227792
60 40 1227796
60 41 1227800
60 59 1227804
60 33 1227806
60 13 1227810
61 40 1227813
61 56 1227819
61 27 1227824
61 14 1227829
61 25 1227832
61 55 1227836
61 62 1227844
61 63 1227845
61 1 1227848
61 24 1227851
61 4 1227855
61 28 1227861
61 38 1227862
61 31 1227868
61 29 1227872
61 23 1227879
61 19 1227884
61 33 1227884
61 17 1227888
61 15 1227892
61 11 1227893
61 47 1227894
61 42 1227902
61 34 1227910
61 59 1227913
61 60 1227922
61 32 1227931
61 0 1227936
61 6 1227936
61 20 1227942
61 10 1227944
61 54 1227949
61 2 1227953
61 8 1227954
61 30 1227963
61 52 1227972
61 43 1227976
61 47 1227981
61 45 1227988
61 59 1227989
61 2 1227990
61 37 1227990
61 42 1227995
61 28 1228002
61 9 1228004
61 56 1228011
61 0 1228019
61 23 1228023
61 7 1228027
61 17 1228029
61 19 1228036
61 40 1228042
61 36 1228043
61 31 1228045
61 33 1228048
61 41 1228053
61 5 1228057
61 32 1228066
61 16 1228069
61 39 1228076
61 25 1228083
61 63 1228083
61 58 1228088
61 30 1228094
61 62 1228094
61 60 1228094
61 15 1228096
61 21 1228105
61 44 1228113
62 23 1228116
62 17 1228122
62 20 1228127
62 14 1228128
62 7 1228135
62 55 1228141
62 43 1228150
62 52 1228152
62 27 1228155
62 11 1228155
62 52 1228158
62 36 1228160
62 38 1228167
62 40 1228168
62 45 1228169
62 56 1228178
62 20 1228179
62 42 1228187
62 8 1228187
62 15 1228189
63 58 1228192
63 27 1228200
63 16 1228200
63 56 1228204
63 4 1228209
63 28 1228218
63 49 1228224
63 59 1228232
63 0 1228236
63 1 1228245
63 23 1228249
63 19 1228253
63 43 1228261
63 44 1228264
63 5 1228266
63 3 1228266
63 34 1228266
63 50 1228269
63 61 1228269
63 10 1228273
63 48 1228274
63 14 1228275
63 15 1228277
63 33 1228278
63 60 1228287
63 25 1228292
63 30 1228294
63 29 1228300
63 18 1228300
63 13 1228307
63 40 1228308
63 29 1228309
63 8 1228313
63 32 1228321
63 3 1228321
63 51 1228325
63 16 1228333
63 39 1228339
63 41 1228339
63 5 1228348
63 0 1228355
63 58 1228359
63 33 1228364
63 10 1228373
63 28 1228382
63 37 1228388
63 61 1228389
63 35 1228395
63 43 1228396
63 60 1228399
63 7 1228406
63 48 1228406
63 21 1228409
63 9 1228412
63 54 1228418
63 24 1228424
63 46 1228425
63 56 1228425
63 36 1228430
