67
false
0 61 1386348
0 30 1386352
0 65 1386356
0 2 1386360
0 33 1386360
0 57 1386364
0 29 1386369
0 8 1386373
0 23 1386377
0 56 1386382
0 12 1386387
0 48 1386390
0 51 1386392
0 43 1386395
0 10 1386401
0 46 1386401
0 17 1386407
0 20 1386407
0 7 1386413
0 3 1386422
0 16 1386424
0 6 1386433
0 14 1386437
0 53 1386442
0 38 1386447
0 39 1386456
0 54 1386462
0 18 1386468
0 37 1386468
0 7 1386468
0 33 1386474
0 58 1386478
0 18 1386487
0 14 1386491
0 47 1386498
0 39 1386505
0 19 1386514
0 30 1386523
0 9 1386528
0 61 1386537
0 60 1386540
0 49 1386549
0 15 1386554
0 1 1386561
0 35 1386567
0 31 1386567
0 40 1386575
0 5 1386578
0 64 1386579
0 45 1386587
0 37 1386589
0 20 1386592
0 8 1386599
0 10 1386601
0 59 1386604
0 46 1386604
0 62 1386609
0 21 1386615
0 26 1386616
1 52 1386621
1 54 1386621
1 0 1386623
1 27 1386631
1 24 1386640
1 36 1386642
1 37 1386644
1 44 1386648
1 63 1386648
1 29 1386648
1 15 1386652
1 66 1386661
1 64 1386667
1 45 1386669
1 32 1386671
1 12 1386675
1 30 1386681
1 31 1386686
1 56 1386690
1 41 1386697
1 14 1386702
1 23 1386703
1 51 1386709
1 57 1386716
1 49 1386720
1 8 1386725
1 4 1386727
1 53 1386731
1 44 1386739
1 37 1386741
1 49 1386745
1 5 1386752
1 7 1386756
1 24 1386762
1 18 1386769
1 51 1386774
1 16 1386775
1 8 1386776
1 10 1386783
1 50 1386787
1 56 1386795
1 21 1386797
1 65 1386797
1 55 1386798
1 45 1386803
1 31 1386807
1 46 1386809
1 23 1386817
1 14 1386818
1 66 1386823
1 26 1386827
1 13 1386827
1 64 1386834
2 25 1386836
2 38 1386838
2 45 1386843
2 24 1386848
2 27 1386857
2 46 1386860
2 31 1386861
2 33 1386869
2 37 1386874
2 57 1386875
2 21 1386876
2 34 1386879
2 15 1386884
2 26 1386886
2 63 1386890
2 54 1386890
2 5 1386898
2 35 1386899
2 14 1386908
2 16 1386909
2 42 1386918
2 22 1386919
2 11 1386921
2 30 1386925
2 23 1386927
2 10 1386930
2 9 1386931
2 13 1386933
2 12 1386942
2 39 1386947
2 36 1386951
2 1 1386959
2 52 1386965
2 7 1386972
2 38 1386979
2 43 1386985
2 58 1386985
2 34 1386994
2 13 1386998
2 30 1387003
2 0 1387006
2 3 1387010
2 31 1387011
2 54 1387020
2 22 1387022
2 24 1387022
2 66 1387031
2 14 1387038
2 51 1387047
2 62 1387055
2 10 1387062
2 65 1387062
2 39 1387071
2 8 1387071
2 28 1387071
2 12 1387074
2 59 1387081
2 61 1387086
2 9 1387092
2 33 1387098
2 49 1387104
2 29 1387112
2 50 1387112
2 42 1387119
2 63 1387128
2 25 1387131
2 26 1387135
2 5 1387143
2 16 1387149
2 27 1387153
2 44 1387156
3 66 1387157
3 30 1387163
3 52 1387164
3 54 1387164
3 48 1387166
3 25 1387171
3 7 1387171
3 14 1387171
3 63 1387180
3 17 1387183
3 21 1387189
3 64 1387197
3 42 1387198
3 51 1387206
3 13 1387211
3 36 1387220
3 28 1387228
3 20 1387237
3 12 1387241
3 24 1387249
3 34 1387253
3 1 1387259
3 5 1387265
3 11 1387270
3 26 1387275
3 49 1387275
3 35 1387283
3 4 1387290
3 57 1387296
3 29 1387304
3 56 1387307
3 59 1387309
3 46 1387313
3 10 1387316
3 39 1387323
3 17 1387327
3 65 1387332
3 45 1387340
3 11 1387341
3 13 1387341
3 18 1387346
3 30 1387352
3 49 1387354
3 55 1387362
3 60 1387369
3 48 1387377
3 6 1387385
3 37 1387386
3 43 1387392
3 66 1387399
3 52 1387403
3 1 1387405
3 25 1387407
3 31 1387410
3 50 1387417
3 63 1387426
3 36 1387431
3 16 1387433
3 23 1387438
3 61 1387444
3 33 1387452
3 59 1387458
3 8 1387464
3 21 1387473
3 46 1387474
3 47 1387479
3 15 1387480
4 63 1387486
4 16 1387491
4 15 1387497
4 42 1387506
4 18 1387513
4 37 1387514
4 33 1387517
4 48 1387519
4 1 1387520
4 65 1387527
4 6 1387528
4 38 1387531
4 27 1387540
4 62 1387549
4 43 1387553
4 64 1387557
4 24 1387561
4 66 1387570
4 3 1387572
4 57 1387577
4 51 1387578
4 9 1387587
4 41 1387596
4 29 1387601
4 2 1387602
4 30 1387602
4 5 1387611
4 46 1387614
4 26 1387615
4 8 1387621
4 16 1387628
4 60 1387633
4 59 1387641
4 64 1387643
4 62 1387644
4 40 1387649
4 29 1387650
4 18 1387657
4 58 1387662
4 31 1387666
4 1 1387674
4 41 1387681
4 7 1387686
4 22 1387689
4 37 1387694
4 34 1387696
4 56 1387703
4 51 1387707
4 46 1387713
4 2 1387716
4 43 1387722
4 20 1387730
4 23 1387732
4 5 1387736
4 30 1387738
4 42 1387744
4 11 1387753
4 26 1387758
4 33 1387760
4 52 1387769
4 66 1387773
4 19 1387775
5 21 1387781
5 19 1387783
5 66 1387788
5 2 1387797
5 52 1387803
5 25 1387806
5 8 1387813
5 56 1387819
5 13 1387825
5 18 1387834
5 54 1387839
5 39 1387843
5 65 1387843
5 10 1387847
5 12 1387849
5 55 1387854
5 36 1387854
5 17 1387858
5 34 1387859
5 59 1387859
5 42 1387868
5 60 1387868
5 47 1387877
5 46 1387883
5 62 1387884
5 23 1387891
5 31 1387898
5 37 1387906
5 24 1387911
5 32 1387912
5 51 1387913
5 48 1387918
5 42 1387925
5 52 1387934
5 9 1387938
5 35 1387943
5 6 1387947
5 28 1387951
5 10 1387953
5 8 1387957
5 63 1387958
5 38 1387967
5 3 1387969
5 48 1387977
5 31 1387978
5 13 1387987
5 0 1387989
5 44 1387996
5 4 1388001
5 19 1388009
5 60 1388015
5 56 1388020
5 24 1388027
5 17 1388032
5 59 1388041
5 23 1388042
5 27 1388049
5 39 1388056
5 14 1388063
5 16 1388065
5 45 1388072
5 21 1388072
5 22 1388074
5 61 1388078
6 34 1388082
6 7 1388089
6 39 1388094
6 38 1388101
6 35 1388104
6 2 1388113
6 37 1388120
6 62 1388122
6 41 1388128
6 40 1388135
6 45 1388143
6 5 1388143
6 66 1388148
6 61 1388154
6 50 1388162
6 21 1388170
6 65 1388178
6 0 1388187
6 54 1388189
6 30 1388189
6 48 1388196
6 20 1388198
6 39 1388198
6 60 1388204
6 55 1388212
6 62 1388215
7 11 1388219
7 60 1388223
7 58 1388224
7 57 1388229
7 50 1388231
7 22 1388233
7 35 1388235
7 61 1388243
7 2 1388249
7 15 1388250
7 32 1388258
7 6 1388261
7 12 1388263
7 65 1388266
7 41 1388269
7 29 1388276
7 23 1388282
7 3 1388289
7 5 1388294
7 4 1388294
7 17 1388303
7 30 1388310
7 11 1388317
7 21 1388325
7 27 1388332
7 3 1388334
7 33 1388339
7 22 1388347
7 9 1388352
7 57 1388354
7 24 1388363
7 4 1388368
7 8 1388375
7 16 1388383
7 36 1388391
7 35 1388396
7 46 1388401
7 18 1388410
7 30 1388414
7 1 1388417
7 6 1388422
7 51 1388427
7 0 1388434
7 39 1388439
7 13 1388443
7 54 1388451
7 41 1388458
8 29 1388463
8 15 1388465
8 63 1388465
8 10 1388470
8 11 1388472
8 27 1388478
8 6 1388478
8 64 1388483
8 17 1388485
8 55 1388490
8 14 1388491
8 5 1388497
8 54 1388503
8 13 1388510
8 66 1388512
8 31 1388518
8 45 1388524
8 16 1388526
8 19 1388533
8 4 1388537
8 12 1388543
8 46 1388552
8 43 1388555
8 48 1388555
8 32 1388563
8 51 1388566
8 36 1388571
8 34 1388579
8 17 1388580
8 49 1388587
8 44 1388592
8 65 1388593
8 26 1388594
8 9 1388601
8 16 1388606
8 54 1388612
8 13 1388616
8 55 1388618
8 29 1388619
8 28 1388619
8 64 1388625
8 18 1388632
8 3 1388634
8 52 1388643
8 42 1388645
8 58 1388648
8 0 1388654
8 23 1388656
8 45 1388665
8 12 1388674
8 50 1388680
8 35 1388685
8 39 1388688
9 11 1388691
9 39 1388698
9 30 1388707
9 40 1388710
9 44 1388710
9 20 1388711
9 24 1388718
9 36 1388719
9 57 1388722
9 14 1388730
9 7 1388735
9 28 1388743
9 29 1388750
9 6 1388753
9 54 1388754
9 34 1388756
9 55 1388757
9 62 1388757
9 65 1388760
9 13 1388761
9 52 1388768
9 12 1388777
9 18 1388779
9 63 1388785
9 43 1388792
9 3 1388792
9 22 1388801
9 35 1388805
9 59 1388812
9 27 1388813
9 16 1388818
9 38 1388826
9 18 1388831
9 8 1388832
9 43 1388840
9 37 1388841
9 31 1388845
9 58 1388846
9 36 1388853
9 46 1388854
9 32 1388855
9 13 1388864
9 47 1388867
9 48 1388867
9 16 1388876
9 28 1388880
9 25 1388882
9 40 1388890
9 60 1388890
9 45 1388898
9 7 1388907
9 42 1388907
9 57 1388910
9 15 1388913
9 62 1388920
9 30 1388929
9 56 1388930
10 45 1388932
10 13 1388938
10 47 1388941
10 35 1388943
10 42 1388951
10 21 1388958
10 12 1388966
10 4 1388969
10 32 1388975
10 7 1388984
10 59 1388987
10 16 1388992
10 8 1388994
10 11 1389000
10 17 1389002
10 19 1389011
10 58 1389018
10 23 1389022
10 30 1389030
10 18 1389038
10 39 1389040
10 54 1389047
10 50 1389052
10 59 1389060
10 44 1389066
10 26 1389072
10 23 1389078
10 7 1389087
10 2 1389092
10 38 1389096
10 13 1389104
10 11 1389108
10 25 1389114
10 65 1389123
10 32 1389125
11 2 1389132
11 14 1389140
11 34 1389140
11 7 1389149
11 25 1389156
11 60 1389158
11 6 1389159
11 15 1389168
11 46 1389171
11 9 1389173
11 31 1389177
11 37 1389186
11 40 1389190
11 56 1389192
11 47 1389197
11 36 1389199
11 0 1389199
11 4 1389206
11 66 1389212
11 33 1389221
11 59 1389229
11 42 1389231
11 62 1389235
11 41 1389240
11 29 1389246
11 16 1389248
11 22 1389255
11 58 1389260
11 51 1389266
11 55 1389266
11 57 1389267
11 45 1389274
11 18 1389280
11 10 1389289
11 5 1389292
11 49 1389295
11 64 1389304
11 20 1389309
11 3 1389315
11 58 1389323
11 16 1389327
11 64 1389327
11 63 1389335
11 26 1389341
11 47 1389349
11 25 1389349
11 8 1389350
11 53 1389359
11 15 1389360
11 3 1389366
11 18 1389373
11 39 1389381
11 30 1389389
11 50 1389390
11 52 1389397
11 29 1389404
11 43 1389413
11 54 1389421
11 38 1389427
11 56 1389434
11 66 1389442
11 61 1389444
11 10 1389447
11 23 1389451
11 34 1389458
11 2 1389466
11 44 1389473
11 55 1389481
11 35 1389482
11 62 1389488
11 65 1389494
11 13 1389496
11 4 1389500
11 32 1389500
11 37 1389509
11 41 1389509
11 31 1389513
11 19 1389521
11 20 1389529
12 15 1389534
12 21 1389534
12 38 1389543
12 17 1389552
12 49 1389558
12 22 1389558
12 39 1389560
12 48 1389560
12 65 1389561
12 29 1389566
12 8 1389567
12 43 1389576
12 26 1389579
12 7 1389585
12 23 1389586
12 43 1389588
12 52 1389588
12 53 1389596
12 29 1389597
12 0 1389605
12 38 1389606
12 18 1389615
12 63 1389617
12 9 1389624
12 54 1389624
12 51 1389631
12 10 1389640
12 60 1389643
12 55 1389644
12 25 1389650
12 64 1389659
12 24 1389668
13 36 1389672
13 27 1389681
13 20 1389681
13 56 1389683
13 39 1389686
13 0 1389689
13 4 1389698
13 16 1389700
13 61 1389703
13 31 1389708
14 37 1389714
14 38 1389723
14 26 1389724
14 44 1389732
14 60 1389741
14 32 1389742
14 2 1389749
14 62 1389758
14 34 1389761
14 61 1389765
14 29 1389768
14 16 1389776
14 39 1389779
14 31 1389788
14 40 1389789
14 15 1389791
14 10 1389795
14 64 1389802
14 54 1389804
14 20 1389811
14 47 1389814
14 19 1389815
14 0 1389817
14 13 1389825
14 3 1389827
14 56 1389833
14 59 1389838
14 63 1389847
14 4 1389849
14 36 1389854
14 52 1389861
14 1 1389867
14 25 1389875
14 49 1389882
14 48 1389888
14 5 1389894
14 21 1389895
14 11 1389904
14 65 1389907
14 35 1389911
14 22 1389915
14 58 1389922
14 42 1389924
14 21 1389932
14 51 1389937
14 18 1389946
14 31 1389953
14 3 1389961
14 42 1389970
14 27 1389971
14 8 1389976
14 39 1389981
14 57 1389990
14 62 1389998
14 53 1390003
14 50 1390008
14 45 1390010
14 32 1390011
14 37 1390013
14 59 1390021
14 44 1390024
14 19 1390031
14 49 1390034
14 10 1390039
14 4 1390040
14 46 1390049
14 35 1390049
14 34 1390057
14 61 1390060
14 25 1390060
14 33 1390067
14 22 1390072
14 28 1390077
14 0 1390078
14 66 1390085
14 20 1390092
14 2 1390096
14 54 1390105
14 24 1390114
14 11 1390123
14 16 1390130
15 64 1390130
15 18 1390130
15 7 1390138
15 63 1390144
15 39 1390150
15 62 1390156
15 30 1390156
15 28 1390159
15 2 1390162
15 26 1390170
15 54 1390176
15 16 1390182
15 20 1390190
15 5 1390190
15 41 1390193
15 66 1390195
15 24 1390197
15 19 1390206
15 14 1390214
15 45 1390216
15 13 1390220
15 30 1390226
15 16 1390229
15 25 1390229
15 63 1390230
15 36 1390238
15 6 1390240
15 22 1390246
15 37 1390253
15 44 1390258
15 20 1390260
15 29 1390265
16 59 1390266
16 31 1390272
17 61 1390275
17 50 1390284
17 34 1390288
17 59 1390293
17 14 1390293
17 62 1390298
17 7 1390299
17 10 1390307
17 29 1390311
17 24 1390311
17 22 1390316
17 58 1390317
17 0 1390322
17 11 1390328
17 40 1390335
17 52 1390341
17 13 1390341
17 5 1390348
17 66 1390357
17 51 1390363
17 43 1390366
17 54 1390367
17 53 1390374
17 25 1390376
17 26 1390383
17 9 1390383
17 53 1390392
17 51 1390392
17 45 1390392
17 52 1390395
17 36 1390397
17 11 1390405
17 26 1390408
17 43 1390410
17 61 1390410
17 25 1390418
17 22 1390420
17 66 1390421
17 28 1390427
17 56 1390433
17 0 1390439
17 42 1390440
17 29 1390441
17 44 1390449
17 48 1390450
17 55 1390451
17 41 1390451
17 39 1390451
17 47 1390454
17 33 1390459
17 46 1390467
17 19 1390475
17 27 1390480
17 62 1390487
18 16 1390487
18 29 1390494
18 7 1390494
18 45 1390499
18 9 1390506
18 34 1390511
18 41 1390518
18 4 1390521
18 66 1390523
18 38 1390529
18 54 1390529
18 60 1390533
18 27 1390534
19 0 1390539
19 18 1390548
19 38 1390553
19 58 1390558
19 6 1390566
19 66 1390570
19 48 1390575
19 27 1390584
19 42 1390584
19 32 1390585
19 52 1390591
19 5 1390592
19 7 1390599
19 61 1390608
20 26 1390614
20 23 1390623
20 37 1390632
21 28 1390638
21 50 1390643
21 48 1390643
21 49 1390643
21 52 1390644
21 8 1390650
21 60 1390652
21 24 1390653
21 64 1390656
21 20 1390664
21 66 1390665
21 1 1390670
21 40 1390675
21 42 1390681
21 63 1390681
21 11 1390682
21 36 1390691
21 17 1390692
21 41 1390695
21 39 1390695
21 26 1390700
21 61 1390708
21 2 1390716
21 15 1390719
21 10 1390726
21 44 1390734
21 32 1390738
21 19 1390739
21 0 1390739
21 59 1390744
21 33 1390744
21 7 1390748
21 47 1390749
21 3 1390749
21 36 1390751
21 38 1390757
21 13 1390758
21 55 1390764
21 63 1390764
21 60 1390773
21 9 1390778
21 24 1390779
21 25 1390781
21 34 1390788
21 4 1390789
21 29 1390795
21 0 1390798
21 10 1390801
21 3 1390810
21 32 1390810
21 26 1390816
21 39 1390816
21 6 1390823
21 30 1390825
21 43 1390828
21 57 1390832
21 41 1390841
21 35 1390849
21 17 1390858
21 19 1390859
21 47 1390865
21 16 1390871
21 20 1390876
21 44 1390883
21 5 1390885
21 11 1390886
21 31 1390886
21 48 1390893
22 11 1390897
22 47 1390897
22 51 1390906
22 65 1390913
22 7 1390919
22 23 1390923
22 45 1390926
22 8 1390927
22 50 1390928
22 44 1390930
22 39 1390939
22 55 1390942
22 30 1390944
22 40 1390945
22 32 1390947
22 66 1390949
22 17 1390956
22 43 1390960
22 3 1390966
22 10 1390975
22 6 1390984
22 5 1390993
22 49 1390999
22 34 1391006
22 35 1391013
22 63 1391022
22 64 1391023
22 25 1391023
22 14 1391029
22 57 1391031
22 60 1391032
22 21 1391039
22 31 1391041
22 28 1391045
22 13 1391048
22 52 1391049
22 61 1391057
22 37 1391063
22 38 1391069
22 46 1391075
22 49 1391079
22 32 1391080
22 9 1391083
22 28 1391092
22 21 1391097
22 3 1391103
22 61 1391110
22 66 1391114
22 36 1391120
22 65 1391125
22 26 1391126
22 4 1391128
22 57 1391128
22 35 1391131
22 17 1391133
22 52 1391135
22 1 1391135
22 7 1391137
22 48 1391139
22 42 1391140
22 15 1391142
22 37 1391142
22 6 1391148
22 18 1391154
22 12 1391155
22 8 1391155
22 64 1391162
22 33 1391168
22 34 1391174
22 2 1391174
22 54 1391179
22 43 1391188
22 10 1391189
22 11 1391192
22 29 1391200
22 19 1391208
22 45 1391210
22 23 1391217
22 0 1391220
22 51 1391229
23 3 1391238
23 44 1391243
23 7 1391251
23 38 1391258
23 17 1391259
23 60 1391267
23 8 1391267
23 42 1391270
23 43 1391278
23 10 1391283
23 25 1391291
23 29 1391293
23 28 1391302
23 6 1391311
23 9 1391319
23 21 1391322
23 57 1391328
23 62 1391333
23 15 1391340
23 4 1391345
23 12 1391347
23 55 1391347
23 27 1391347
23 45 1391351
23 33 1391358
23 19 1391358
23 35 1391361
23 59 1391368
23 53 1391368
23 36 1391372
23 48 1391379
23 14 1391383
23 65 1391383
23 34 1391386
23 39 1391392
23 66 1391392
23 37 1391400
23 40 1391407
23 43 1391412
23 39 1391417
23 0 1391424
23 5 1391430
23 2 1391434
23 18 1391438
23 44 1391439
23 6 1391439
23 11 1391445
23 12 1391447
23 35 1391453
23 31 1391459
23 1 1391463
23 46 1391472
23 4 1391473
23 47 1391477
23 22 1391479
23 59 1391484
23 66 1391486
23 20 1391495
23 14 1391495
23 17 1391504
23 49 1391513
23 54 1391517
23 8 1391521
23 27 1391521
23 26 1391528
23 38 1391533
23 45 1391536
23 64 1391536
23 56 1391538
23 16 1391543
23 42 1391551
23 29 1391553
23 58 1391562
24 0 1391567
24 21 1391574
24 47 1391581
24 46 1391586
24 30 1391593
24 13 1391600
24 49 1391607
24 32 1391608
24 59 1391608
24 12 1391616
24 10 1391622
24 48 1391624
24 66 1391624
24 50 1391629
24 20 1391633
24 41 1391636
24 64 1391637
24 40 1391641
24 19 1391649
24 4 1391651
24 54 1391656
24 42 1391659
24 25 1391664
24 61 1391667
24 2 1391676
24 11 1391681
24 9 1391687
24 45 1391690
24 62 1391697
24 7 1391699
24 16 1391704
24 51 1391712
24 20 1391720
24 47 1391723
24 49 1391727
24 60 1391734
24 39 1391741
24 56 1391746
24 43 1391753
24 63 1391758
24 61 1391763
24 31 1391766
24 58 1391767
24 36 1391768
24 46 1391777
24 30 1391784
24 27 1391784
24 7 1391791
24 50 1391795
24 9 1391801
24 22 1391804
24 0 1391812
24 13 1391816
24 55 1391818
24 54 1391820
24 34 1391826
24 35 1391831
24 38 1391838
24 21 1391838
24 10 1391841
25 13 1391843
25 3 1391847
25 6 1391847
25 58 1391849
25 7 1391857
25 41 1391859
25 21 1391861
25 64 1391867
25 33 1391872
25 44 1391875
25 60 1391877
25 65 1391884
25 54 1391887
25 32 1391895
25 26 1391899
25 55 1391908
25 43 1391908
25 46 1391911
25 31 1391917
25 37 1391918
25 51 1391920
25 8 1391921
25 24 1391930
25 47 1391932
25 53 1391937
25 28 1391944
25 45 1391949
25 30 1391951
25 27 1391958
25 39 1391964
25 22 1391972
25 42 1391976
25 36 1391976
25 10 1391976
25 18 1391984
25 54 1391986
25 31 1391992
25 44 1391995
25 56 1392001
25 40 1392008
25 48 1392014
25 62 1392016
25 51 1392025
25 38 1392033
25 11 1392038
25 58 1392043
25 66 1392046
25 6 1392051
25 34 1392057
25 28 1392064
25 23 1392064
25 4 1392070
25 47 1392077
25 21 1392078
25 32 1392087
25 24 1392088
25 13 1392092
25 9 1392097
25 46 1392105
25 19 1392114
25 49 1392122
25 17 1392125
25 27 1392126
25 37 1392130
25 22 1392137
25 7 1392139
26 44 1392140
26 38 1392149
26 32 1392149
26 18 1392149
26 49 1392155
26 65 1392162
26 23 1392165
26 37 1392171
26 34 1392174
26 58 1392183
26 47 1392192
26 1 1392201
26 53 1392208
26 33 1392214
26 56 1392221
26 66 1392223
26 31 1392232
26 2 1392238
26 20 1392241
26 48 1392248
26 11 1392255
26 59 1392264
26 16 1392271
26 17 1392271
26 51 1392279
26 5 1392279
26 40 1392287
26 41 1392294
26 45 1392296
26 63 1392301
26 21 1392304
26 3 1392307
26 62 1392309
26 32 1392311
26 14 1392315
26 60 1392316
26 50 1392321
26 25 1392324
26 43 1392327
26 58 1392330
26 41 1392332
26 8 1392341
26 52 1392350
26 38 1392358
26 65 1392358
26 19 1392363
26 39 1392370
26 30 1392377
26 66 1392381
26 28 1392387
26 9 1392390
26 35 1392399
26 23 1392405
26 21 1392414
26 12 1392415
26 16 1392416
26 40 1392417
26 0 1392421
26 37 1392429
26 6 1392435
26 54 1392436
26 1 1392444
26 44 1392453
26 20 1392454
26 55 1392461
26 3 1392466
26 56 1392469
26 51 1392472
26 45 1392474
27 45 1392482
27 48 1392489
27 2 1392497
27 20 1392497
27 7 1392503
27 66 1392510
27 52 1392519
27 41 1392523
27 47 1392525
27 52 1392526
27 30 1392535
27 28 1392539
27 53 1392548
27 18 1392548
27 2 1392552
27 61 1392558
27 16 1392561
27 37 1392566
27 17 1392568
28 33 1392568
28 64 1392569
28 61 1392573
28 58 1392578
28 38 1392582
28 31 1392584
28 37 1392592
28 47 1392601
28 4 1392608
28 60 1392614
28 63 1392623
28 40 1392631
29 11 1392634
29 58 1392636
29 28 1392640
29 42 1392647
29 35 1392652
29 4 1392660
29 44 1392667
29 21 1392669
29 2 1392674
29 5 1392678
29 13 1392683
29 59 1392683
29 0 1392690
29 12 1392691
29 20 1392692
29 46 1392699
29 7 1392700
29 18 1392706
29 39 1392715
29 3 1392723
29 49 1392723
29 37 1392729
29 7 1392732
29 26 1392738
29 0 1392740
29 4 1392742
29 65 1392742
29 49 1392749
29 16 1392752
29 28 1392754
29 17 1392756
29 2 1392761
29 40 1392770
29 10 1392775
29 5 1392779
29 61 1392783
29 31 1392788
29 42 1392790
29 27 1392792
29 38 1392798
29 36 1392805
29 19 1392806
29 45 1392813
29 56 1392814
30 6 1392818
30 0 1392822
30 35 1392825
30 4 1392830
30 40 1392835
30 24 1392836
30 42 1392843
30 57 1392847
30 43 1392850
30 31 1392851
30 18 1392851
30 9 1392855
30 55 1392858
30 37 1392866
30 21 1392866
30 3 1392874
30 38 1392883
30 12 1392888
30 15 1392892
30 54 1392901
30 65 1392909
30 22 1392910
30 7 1392919
30 44 1392926
30 33 1392931
30 63 1392940
30 36 1392949
30 56 1392957
30 26 1392958
30 58 1392959
30 23 1392964
30 45 1392971
30 60 1392975
30 5 1392980
30 66 1392987
30 21 1392992
30 24 1393001
30 41 1393002
30 26 1393011
30 7 1393015
30 33 1393024
30 35 1393030
30 15 1393037
30 56 1393041
30 32 1393043
30 44 1393044
30 38 1393050
30 0 1393059
30 23 1393064
30 40 1393064
30 4 1393069
30 8 1393074
30 20 1393078
30 1 1393078
30 29 1393086
30 31 1393090
30 62 1393097
30 61 1393102
30 49 1393106
30 51 1393107
30 34 1393109
30 18 1393111
30 10 1393113
30 36 1393117
30 27 1393118
30 42 1393118
30 48 1393118
30 3 1393127
30 43 1393135
30 45 1393137
30 13 1393141
31 5 1393145
31 0 1393145
31 52 1393147
31 40 1393148
31 30 1393150
31 49 1393156
31 58 1393160
31 59 1393161
31 62 1393166
31 2 1393170
31 53 1393172
31 14 1393172
31 11 1393177
31 66 1393183
32 49 1393192
32 40 1393192
32 55 1393193
32 35 1393198
32 37 1393199
32 30 1393204
32 39 1393211
32 50 1393216
32 5 1393224
32 38 1393233
32 8 1393234
32 57 1393243
32 36 1393243
32 25 1393252
32 43 1393260
32 34 1393269
32 51 1393274
32 30 1393279
32 37 1393283
32 42 1393285
32 9 1393294
32 13 1393298
32 7 1393301
32 45 1393303
32 4 1393308
32 47 1393308
32 43 1393314
32 12 1393318
32 2 1393321
32 11 1393322
32 54 1393326
32 24 1393334
32 22 1393342
32 60 1393345
33 20 1393349
33 43 1393349
33 36 1393358
33 60 1393358
33 35 1393359
33 16 1393362
33 28 1393367
33 46 1393368
33 57 1393373
33 31 1393373
33 42 1393373
33 29 1393381
33 17 1393383
33 12 1393383
33 59 1393383
33 41 1393392
33 53 1393396
33 10 1393404
33 62 1393411
33 54 1393418
33 24 1393426
33 5 1393434
33 32 1393439
33 35 1393440
33 41 1393446
33 5 1393446
33 12 1393450
33 23 1393451
33 60 1393458
33 50 1393465
33 44 1393474
33 18 1393482
33 55 1393487
33 10 1393495
33 9 1393501
33 30 1393508
33 36 1393509
33 25 1393516
33 11 1393516
33 61 1393518
33 40 1393525
33 14 1393534
33 26 1393538
33 20 1393542
33 4 1393551
34 40 1393553
34 52 1393558
34 22 1393566
34 61 1393570
34 21 1393574
34 17 1393576
34 27 1393583
34 56 1393583
34 30 1393586
34 45 1393590
34 19 1393590
34 55 1393591
34 8 1393593
34 18 1393595
34 28 1393596
34 51 1393597
34 14 1393605
34 8 1393613
34 62 1393622
34 18 1393626
34 49 1393626
34 46 1393627
34 41 1393634
34 36 1393640
34 44 1393645
34 35 1393654
34 43 1393655
34 54 1393661
34 33 1393661
34 66 1393668
34 14 1393672
34 2 1393675
34 25 1393680
34 21 1393685
34 6 1393687
34 31 1393695
35 5 1393703
35 39 1393711
35 10 1393716
36 13 1393719
36 7 1393728
36 25 1393729
36 29 1393733
36 45 1393737
36 59 1393745
36 3 1393749
36 52 1393757
36 17 1393757
36 35 1393761
36 56 1393762
36 20 1393764
36 57 1393765
36 54 1393766
36 4 1393774
36 43 1393779
36 0 1393783
36 11 1393784
36 30 1393793
36 24 1393802
36 32 1393804
36 12 1393807
36 1 1393811
36 60 1393816
36 49 1393825
36 15 1393833
36 42 1393833
36 19 1393837
36 47 1393841
36 31 1393850
36 2 1393850
36 55 1393854
36 37 1393860
36 5 1393861
36 65 1393864
36 50 1393867
36 64 1393872
36 9 1393872
36 13 1393879
36 7 1393887
36 14 1393890
36 44 1393894
36 3 1393896
36 25 1393897
36 8 1393899
36 42 1393902
36 22 1393905
36 51 1393910
36 19 1393912
36 49 1393916
36 21 1393920
36 11 1393926
36 38 1393934
36 57 1393935
36 2 1393943
36 4 1393947
36 16 1393956
36 59 1393963
36 41 1393969
36 47 1393974
36 45 1393974
36 32 1393982
36 0 1393986
36 23 1393993
36 66 1393995
36 34 1394002
36 20 1394007
36 60 1394014
37 8 1394018
37 11 1394022
37 41 1394022
37 27 1394024
37 52 1394029
37 18 1394030
37 46 1394035
37 14 1394041
37 51 1394045
37 47 1394047
37 60 1394047
37 12 1394047
37 58 1394052
37 31 1394058
37 57 1394064
37 19 1394070
37 0 1394077
37 5 1394082
37 7 1394090
37 21 1394095
37 25 1394101
37 34 1394107
37 55 1394107
37 38 1394107
37 26 1394114
37 35 1394119
37 65 1394120
37 16 1394126
37 10 1394126
37 32 1394128
37 30 1394130
37 39 1394137
37 62 1394142
37 46 1394151
37 10 1394153
37 53 1394155
37 11 1394159
37 12 1394164
37 28 1394173
37 14 1394177
37 1 1394178
37 34 1394183
37 26 1394183
37 41 1394187
37 66 1394189
37 43 1394196
37 47 1394205
37 42 1394209
37 48 1394216
37 20 1394216
37 4 1394222
37 7 1394229
37 30 1394229
37 44 1394234
37 35 1394243
37 58 1394251
37 65 1394255
37 64 1394261
37 13 1394262
38 18 1394266
38 65 1394271
38 58 1394272
38 43 1394275
38 31 1394277
38 61 1394282
39 55 1394282
39 3 1394284
40 21 1394284
40 2 1394284
40 3 1394291
40 52 1394292
40 5 1394300
40 20 1394308
40 18 1394314
40 44 1394316
40 59 1394321
40 11 1394321
40 28 1394329
40 66 1394338
40 64 1394342
40 61 1394343
40 51 1394352
40 8 1394357
40 33 1394360
40 49 1394362
40 54 1394363
40 30 1394370
40 50 1394375
40 27 1394384
40 17 1394387
40 43 1394392
40 57 1394393
40 19 1394396
40 35 1394405
40 62 1394410
40 45 1394410
40 53 1394419
40 15 1394424
40 62 1394432
40 49 1394439
40 17 1394444
40 42 1394447
40 6 1394453
40 51 1394453
40 4 1394453
40 58 1394460
40 66 1394467
40 38 1394471
40 12 1394477
40 33 1394484
40 11 1394491
40 55 1394494
40 14 1394495
40 19 1394495
40 60 1394498
40 45 1394507
40 28 1394515
40 52 1394517
40 3 1394521
40 27 1394523
40 46 1394524
40 65 1394524
40 57 1394530
40 2 1394530
40 64 1394532
40 26 1394540
41 8 1394546
41 26 1394554
41 50 1394555
41 28 1394556
41 35 1394562
41 43 1394571
41 20 1394572
41 22 1394577
41 60 1394586
41 14 1394593
41 9 1394601
41 49 1394610
41 47 1394613
41 13 1394621
41 30 1394621
41 31 1394626
41 58 1394630
41 18 1394639
41 15 1394647
41 7 1394653
41 46 1394655
41 10 1394663
41 59 1394665
41 55 1394668
41 4 1394677
41 19 1394680
41 44 1394681
41 37 1394683
41 56 1394690
41 66 1394698
41 38 1394701
41 42 1394708
41 11 1394708
41 35 1394713
41 33 1394715
41 3 1394719
41 59 1394725
41 1 1394734
41 39 1394743
41 43 1394748
41 60 1394748
41 48 1394753
41 18 1394757
41 24 1394766
41 5 1394768
41 36 1394774
41 12 1394776
41 17 1394785
41 20 1394785
41 64 1394789
41 61 1394797
42 18 1394800
42 29 1394805
42 66 1394805
42 63 1394813
42 5 1394819
42 11 1394823
42 44 1394825
42 34 1394827
42 39 1394827
42 7 1394832
42 43 1394841
42 54 1394845
42 2 1394846
42 60 1394850
42 25 1394859
42 35 1394865
42 58 1394871
42 10 1394877
42 9 1394886
42 43 1394892
42 55 1394894
42 52 1394903
42 13 1394904
42 2 1394908
42 51 1394917
42 0 1394919
42 19 1394922
43 25 1394929
43 65 1394937
43 64 1394937
43 24 1394943
43 61 1394951
43 40 1394960
43 44 1394965
43 39 1394972
43 7 1394978
43 27 1394986
43 49 1394994
43 34 1394999
43 55 1395007
43 20 1395012
43 21 1395012
43 46 1395021
43 47 1395027
43 53 1395030
43 59 1395033
43 64 1395040
43 20 1395044
43 65 1395053
43 40 1395057
43 51 1395060
43 44 1395063
43 46 1395071
43 17 1395071
43 12 1395078
43 33 1395087
43 47 1395094
43 23 1395098
43 19 1395101
43 48 1395102
43 0 1395108
43 63 1395113
43 16 1395122
44 61 1395127
44 26 1395134
44 47 1395143
44 57 1395152
44 27 1395152
44 21 1395161
44 39 1395168
44 35 1395176
44 17 1395183
44 30 1395188
44 0 1395195
44 52 1395195
44 24 1395197
44 66 1395198
44 20 1395204
44 16 1395212
44 59 1395217
44 64 1395224
44 34 1395229
44 25 1395232
44 12 1395240
44 48 1395248
44 50 1395249
44 56 1395252
44 18 1395253
44 59 1395260
44 23 1395266
44 20 1395272
44 24 1395276
44 36 1395278
44 5 1395287
44 50 1395287
44 0 1395287
44 33 1395296
44 15 1395302
44 17 1395311
44 6 1395320
44 25 1395323
44 48 1395330
44 37 1395331
44 21 1395340
44 31 1395349
44 55 1395352
44 3 1395361
44 4 1395368
44 29 1395368
45 36 1395371
45 47 1395375
45 14 1395378
45 50 1395386
45 49 1395391
45 12 1395394
45 44 1395398
45 35 1395402
45 0 1395406
45 5 1395411
45 63 1395419
45 6 1395422
45 57 1395430
45 22 1395439
45 30 1395443
46 66 1395452
46 47 1395457
46 57 1395458
46 27 1395467
46 4 1395470
46 0 1395479
46 12 1395485
46 20 1395486
46 9 1395493
46 63 1395496
46 60 1395497
46 21 1395498
46 29 1395506
46 31 1395512
46 1 1395518
46 10 1395524
46 15 1395527
46 22 1395531
46 53 1395539
46 39 1395546
46 32 1395550
46 11 1395554
46 65 1395556
46 51 1395558
46 36 1395560
46 38 1395565
46 14 1395569
46 3 1395577
46 44 1395583
46 59 1395584
46 49 1395585
46 6 1395594
46 37 1395599
46 30 1395607
46 58 1395611
46 45 1395611
46 42 1395620
46 3 1395620
46 58 1395622
46 19 1395630
46 17 1395630
46 50 1395630
46 44 1395633
46 22 1395638
46 39 1395641
46 13 1395650
46 51 1395659
46 30 1395659
46 32 1395663
46 66 1395665
46 7 1395670
46 59 1395677
46 62 1395684
46 0 1395689
46 18 1395693
46 53 1395696
46 61 1395699
46 35 1395702
46 47 1395710
46 12 1395717
46 25 1395724
46 43 1395733
46 8 1395733
46 27 1395738
46 56 1395745
46 38 1395746
46 28 1395755
46 34 1395761
46 5 1395761
46 16 1395770
46 26 1395778
47 27 1395787
47 43 1395791
47 57 1395793
47 32 1395795
47 28 1395798
47 58 1395805
47 38 1395808
47 49 1395815
47 30 1395818
47 23 1395823
47 44 1395832
47 60 1395832
47 39 1395835
47 18 1395842
47 62 1395842
47 37 1395850
47 21 1395855
47 64 1395859
47 46 1395867
47 10 1395868
47 17 1395870
47 55 1395879
47 50 1395880
47 24 1395888
47 61 1395889
47 54 1395898
47 48 1395903
47 35 1395904
47 4 1395912
47 34 1395916
47 56 1395923
47 15 1395923
47 2 1395924
47 26 1395925
47 9 1395927
47 5 1395934
47 41 1395936
47 29 1395940
47 39 1395945
47 35 1395951
47 21 1395960
47 11 1395967
47 53 1395971
47 59 1395975
47 62 1395980
47 13 1395989
47 23 1395993
47 48 1395995
47 31 1395997
47 41 1395999
47 56 1396000
47 27 1396002
47 49 1396008
47 50 1396012
47 61 1396015
47 22 1396017
47 0 1396021
47 54 1396022
47 19 1396025
47 57 1396026
47 60 1396026
47 51 1396033
47 18 1396038
47 29 1396045
47 20 1396046
47 6 1396050
47 2 1396054
47 42 1396062
47 66 1396069
47 9 1396072
47 44 1396073
48 8 1396082
48 47 1396091
48 17 1396091
48 24 1396093
48 58 1396101
48 45 1396106
48 55 1396108
48 31 1396112
48 49 1396121
48 41 1396123
48 36 1396128
48 5 1396131
48 22 1396139
48 20 1396147
48 1 1396147
48 51 1396150
48 39 1396157
48 11 1396165
48 35 1396171
48 25 1396179
48 15 1396183
48 29 1396190
48 16 1396191
48 24 1396194
48 61 1396194
48 0 1396196
48 17 1396198
48 18 1396202
48 66 1396204
48 56 1396208
48 43 1396211
48 36 1396211
48 5 1396214
48 45 1396218
48 44 1396225
48 2 1396234
48 31 1396235
48 55 1396243
48 7 1396251
48 52 1396257
48 19 1396261
48 11 1396264
48 37 1396269
48 51 1396273
48 21 1396279
48 62 1396285
49 65 1396293
49 20 1396301
49 16 1396302
49 62 1396303
49 27 1396304
49 44 1396312
49 39 1396314
49 17 1396318
49 13 1396323
49 7 1396330
49 0 1396334
49 10 1396343
49 33 1396345
49 21 1396352
49 57 1396356
49 29 1396362
49 22 1396366
49 66 1396372
49 32 1396376
49 8 1396376
49 53 1396384
49 60 1396385
49 15 1396391
49 52 1396399
49 18 1396399
49 1 1396407
49 36 1396409
49 6 1396418
49 40 1396421
49 11 1396430
49 19 1396431
49 2 1396432
49 24 1396435
49 62 1396444
49 36 1396449
49 50 1396452
49 6 1396460
49 57 1396465
49 47 1396473
49 33 1396482
49 59 1396490
49 39 1396497
49 5 1396501
49 42 1396501
49 13 1396506
49 26 1396515
49 65 1396519
49 29 1396528
49 7 1396537
49 8 1396539
49 30 1396542
49 27 1396551
49 12 1396555
49 19 1396561
49 61 1396562
49 48 1396562
49 44 1396565
49 41 1396570
49 45 1396571
49 38 1396573
49 63 1396579
49 3 1396586
49 11 1396587
49 28 1396589
49 55 1396595
49 23 1396596
49 46 1396598
49 66 1396607
49 40 1396611
49 18 1396618
49 54 1396625
49 60 1396626
50 0 1396629
50 52 1396632
50 14 1396633
50 3 1396635
50 56 1396638
50 33 1396642
50 31 1396649
50 28 1396649
50 1 1396651
50 8 1396657
50 12 1396660
50 16 1396669
50 49 1396677
50 51 1396678
50 21 1396682
50 6 1396689
50 11 1396698
50 42 1396700
50 24 1396701
50 65 1396709
50 36 1396710
50 19 1396710
50 49 1396711
50 12 1396719
50 51 1396727
50 3 1396729
50 28 1396730
50 55 1396737
50 62 1396740
50 44 1396743
50 17 1396743
50 43 1396747
50 38 1396756
50 58 1396757
50 54 1396761
50 40 1396761
50 11 1396763
50 27 1396772
51 47 1396775
51 4 1396784
51 5 1396791
51 53 1396791
51 21 1396795
51 33 1396804
51 15 1396813
51 10 1396818
51 55 1396822
51 2 1396831
51 43 1396831
51 34 1396836
51 8 1396837
51 44 1396841
51 31 1396845
51 11 1396852
51 36 1396858
51 29 1396864
51 45 1396868
51 24 1396877
51 41 1396883
51 61 1396889
51 7 1396893
51 26 1396902
51 19 1396905
51 16 1396913
51 46 1396920
51 48 1396922
51 39 1396931
51 9 1396932
51 66 1396938
51 64 1396939
51 17 1396946
51 63 1396952
51 34 1396955
51 40 1396956
51 29 1396963
51 50 1396963
51 66 1396969
51 62 1396974
51 39 1396976
51 24 1396980
51 0 1396981
51 25 1396985
51 41 1396988
51 17 1396991
51 7 1396994
51 4 1396997
51 27 1397003
51 64 1397011
51 45 1397013
51 30 1397013
51 8 1397016
51 56 1397022
51 10 1397026
51 33 1397032
51 2 1397036
51 65 1397041
51 12 1397045
51 15 1397054
51 28 1397055
51 9 1397056
51 16 1397062
51 19 1397071
51 44 1397075
52 44 1397077
52 62 1397079
52 49 1397084
52 35 1397085
52 61 1397092
52 56 1397101
52 0 1397105
52 14 1397107
52 54 1397111
52 13 1397117
52 7 1397124
53 26 1397133
53 33 1397134
53 10 1397143
53 31 1397143
53 3 1397143
53 2 1397148
53 29 1397149
53 18 1397149
53 40 1397152
53 48 1397155
53 30 1397155
53 57 1397159
53 37 1397167
53 16 1397167
53 21 1397169
53 61 1397175
53 45 1397180
53 44 1397180
53 0 1397186
53 46 1397193
53 34 1397200
53 35 1397204
53 54 1397207
53 64 1397210
53 39 1397217
53 59 1397217
53 8 1397222
53 47 1397222
53 29 1397230
53 63 1397237
53 55 1397243
53 54 1397245
53 57 1397248
53 0 1397257
53 19 1397264
53 10 1397264
53 61 1397265
53 1 1397272
53 9 1397280
53 28 1397280
53 66 1397289
53 44 1397293
53 33 1397301
53 17 1397307
53 18 1397309
53 12 1397313
53 34 1397320
53 31 1397325
53 40 1397325
53 11 1397328
54 19 1397328
54 10 1397332
54 9 1397339
54 34 1397347
54 14 1397351
54 25 1397357
54 60 1397366
54 2 1397368
54 21 1397376
54 36 1397376
54 58 1397385
54 5 1397391
54 41 1397400
54 61 1397400
54 66 1397402
54 37 1397402
54 30 1397404
54 12 1397406
54 22 1397407
54 60 1397409
54 65 1397411
54 34 1397411
54 38 1397414
54 18 1397417
54 29 1397426
54 61 1397435
54 36 1397442
54 9 1397448
54 20 1397454
54 42 1397457
54 0 1397457
54 55 1397458
55 54 1397463
55 42 1397466
55 49 1397472
55 40 1397475
55 27 1397482
55 51 1397484
55 53 1397491
55 20 1397491
55 34 1397499
55 56 1397500
55 33 1397502
55 11 1397504
55 22 1397504
55 12 1397512
55 60 1397515
55 66 1397518
55 2 1397518
55 50 1397518
55 41 1397519
55 1 1397527
55 7 1397529
55 52 1397533
55 58 1397541
55 39 1397541
55 31 1397546
55 13 1397546
55 23 1397550
55 6 1397555
55 0 1397564
55 30 1397570
55 21 1397579
55 32 1397582
55 36 1397587
55 37 1397589
55 28 1397589
55 44 1397590
55 5 1397598
55 14 1397602
55 65 1397610
55 62 1397618
55 33 1397621
55 46 1397627
55 12 1397630
55 45 1397637
55 49 1397637
55 48 1397646
55 44 1397653
55 5 1397653
55 53 1397654
55 54 1397654
55 42 1397654
55 64 1397654
55 18 1397663
55 56 1397664
55 60 1397669
55 16 1397676
55 8 1397677
55 6 1397685
55 61 1397694
55 40 1397703
55 30 1397710
55 38 1397711
55 52 1397712
55 15 1397721
55 2 1397724
55 0 1397732
55 3 1397732
55 24 1397741
55 13 1397741
55 65 1397741
55 23 1397741
55 31 1397745
55 17 1397753
56 46 1397761
56 34 1397767
56 54 1397773
56 4 1397780
56 17 1397781
56 11 1397788
56 0 1397797
56 52 1397798
56 15 1397803
56 20 1397805
56 48 1397807
56 61 1397814
56 39 1397815
56 27 1397823
56 2 1397825
56 63 1397829
56 1 1397833
56 40 1397842
56 12 1397851
56 6 1397853
56 60 1397858
56 32 1397865
56 64 1397870
56 18 1397873
56 29 1397876
56 28 1397883
56 9 1397883
56 55 1397884
56 53 1397887
56 5 1397892
56 34 1397896
56 11 1397904
56 12 1397906
56 31 1397909
56 17 1397912
56 58 1397918
56 8 1397921
56 1 1397927
56 5 1397934
56 9 1397943
56 59 1397944
56 46 1397953
56 20 1397954
56 42 1397961
56 26 1397970
56 39 1397973
56 48 1397974
56 29 1397981
56 25 1397990
56 38 1397999
56 3 1398007
56 7 1398014
56 32 1398014
56 44 1398022
56 62 1398022
56 33 1398023
56 63 1398023
57 61 1398025
57 53 1398034
57 39 1398041
57 55 1398048
57 38 1398052
57 1 1398058
57 20 1398058
57 19 1398058
57 40 1398066
57 18 1398073
57 32 1398078
57 8 1398078
57 60 1398086
57 7 1398094
58 1 1398096
58 13 1398097
58 64 1398101
58 41 1398110
58 59 1398116
58 26 1398123
58 21 1398128
58 22 1398133
58 40 1398136
58 45 1398140
58 18 1398148
58 36 1398156
58 38 1398163
58 29 1398170
58 5 1398175
58 19 1398175
58 11 1398180
58 43 1398189
58 54 1398191
58 30 1398195
58 37 1398203
58 15 1398209
58 27 1398214
58 14 1398214
58 60 1398220
58 40 1398221
58 29 1398224
58 20 1398233
58 43 1398239
58 57 1398242
58 53 1398251
58 59 1398258
58 27 1398260
58 41 1398264
58 65 1398265
58 23 1398268
58 38 1398273
58 13 1398280
58 48 1398289
58 21 1398296
58 26 1398300
58 9 1398302
58 2 1398302
58 36 1398310
58 28 1398315
58 47 1398315
58 46 1398322
58 37 1398323
59 60 1398327
59 53 1398328
59 63 1398332
59 29 1398336
59 1 1398337
59 32 1398346
59 42 1398347
59 40 1398354
59 62 1398363
59 13 1398365
60 59 1398372
60 1 1398379
60 53 1398386
60 51 1398387
60 49 1398391
60 52 1398396
60 45 1398405
60 23 1398410
60 19 1398417
60 5 1398420
60 42 1398425
60 37 1398432
60 41 1398433
60 6 1398441
60 9 1398448
60 62 1398453
60 30 1398458
60 46 1398464
60 24 1398470
60 18 1398474
60 0 1398483
60 9 1398485
60 65 1398485
60 50 1398488
60 11 1398494
60 23 1398494
60 2 1398503
60 25 1398505
60 31 1398508
60 13 1398513
60 34 1398521
60 52 1398523
60 49 1398523
60 42 1398532
60 58 1398536
60 48 1398541
60 21 1398541
61 19 1398548
61 64 1398552
61 12 1398557
61 9 1398565
61 42 1398573
61 1 1398574
61 44 1398578
61 16 1398581
61 59 1398587
61 37 1398594
61 3 1398601
61 22 1398606
61 41 1398613
61 60 1398621
61 56 1398625
61 65 1398632
61 47 1398636
61 32 1398637
61 30 1398645
61 23 1398651
61 66 1398654
61 6 1398661
61 18 1398669
61 51 1398673
61 57 1398678
61 17 1398684
61 58 1398687
61 40 1398692
61 15 1398700
61 62 1398702
61 55 1398704
61 43 1398705
61 10 1398708
61 48 1398716
61 46 1398722
61 60 1398726
61 55 1398728
61 1 1398732
61 44 1398741
61 26 1398744
61 20 1398751
61 8 1398756
61 35 1398760
61 54 1398763
61 58 1398772
61 37 1398781
61 11 1398789
61 34 1398794
61 32 1398798
61 19 1398804
61 30 1398813
61 48 1398818
61 14 1398818
61 4 1398824
61 66 1398829
61 12 1398837
61 27 1398842
61 46 1398850
61 31 1398850
61 38 1398850
61 6 1398855
61 36 1398856
61 18 1398863
61 43 1398864
61 22 1398871
61 21 1398873
61 7 1398876
61 50 1398877
61 17 1398881
61 39 1398885
61 40 1398891
61 52 1398891
61 29 1398893
62 37 1398898
62 42 1398900
62 15 1398902
62 33 1398902
62 63 1398902
62 47 1398904
62 3 1398909
62 64 1398914
62 45 1398915
62 18 1398923
62 52 1398931
62 11 1398938
63 40 1398938
63 12 1398943
63 6 1398948
63 54 1398954
63 51 1398957
63 14 1398957
63 32 1398961
63 61 1398963
63 34 1398967
63 24 1398968
63 43 1398968
63 62 1398968
63 58 1398973
63 64 1398973
63 39 1398974
63 57 1398980
63 38 1398982
63 50 1398991
63 41 1398993
63 49 1398995
63 13 1398999
63 9 1399006
63 30 1399007
63 31 1399009
63 55 1399016
63 44 1399024
63 42 1399024
63 66 1399031
63 18 1399038
63 15 1399040
63 8 1399042
63 52 1399042
63 9 1399050
63 43 1399058
63 23 1399059
63 35 1399065
63 58 1399070
63 60 1399073
63 21 1399077
63 36 1399083
63 49 1399092
63 48 1399100
63 11 1399108
63 29 1399116
63 3 1399120
63 38 1399122
63 17 1399128
63 50 1399128
63 16 1399130
63 12 1399132
63 33 1399139
63 25 1399142
64 13 1399146
64 33 1399150
64 19 1399152
64 28 1399154
64 16 1399158
64 31 1399164
64 48 1399169
64 2 1399173
64 51 1399178
64 43 1399186
64 50 1399191
64 66 1399195
64 18 1399196
64 12 1399204
64 55 1399211
64 22 1399212
64 40 1399216
64 39 1399216
64 32 1399225
64 18 1399228
64 17 1399229
64 40 1399231
64 9 1399232
64 29 1399239
64 35 1399240
64 42 1399241
64 19 1399241
64 54 1399244
64 55 1399249
64 6 1399250
64 23 1399252
64 63 1399253
64 20 1399258
64 39 1399259
64 2 1399267
64 33 1399272
64 46 1399276
64 56 1399281
64 14 1399287
65 56 1399296
65 31 1399305
65 16 1399308
65 1 1399311
65 37 1399316
65 53 1399319
65 7 1399328
65 54 1399328
65 62 1399332
65 39 1399335
65 34 1399342
65 46 1399350
65 11 1399352
65 48 1399360
65 66 1399363
65 4 1399367
65 44 1399372
65 7 1399374
65 26 1399382
65 36 1399382
65 45 1399388
65 53 1399392
65 22 1399401
66 34 1399405
66 5 1399406
66 58 1399413
66 22 1399418
66 11 1399418
66 13 1399420
66 32 1399427
66 56 1399427
66 17 1399435
66 12 1399436
66 61 1399443
66 65 1399448
66 33 1399449
66 2 1399455
66 35 1399459
66 22 1399463
66 13 1399466
66 21 1399467
66 50 1399471
66 57 1399471
66 37 1399474
66 41 1399476
66 65 1399479
66 28 1399485
66 19 1399492
66 10 1399499
66 43 1399507
66 15 1399514
