77
false
0 37 2065259
0 19 2065267
0 39 2065269
0 68 2065274
0 26 2065283
0 59 2065285
0 12 2065288
0 2 2065297
0 56 2065300
0 11 2065309
0 4 2065312
0 49 2065321
0 57 2065328
0 21 2065329
0 22 2065329
0 52 2065337
0 14 2065338
0 67 2065338
0 6 2065341
0 62 2065347
0 8 2065347
0 43 2065354
0 35 2065362
0 73 2065368
0 16 2065372
0 71 2065376
0 9 2065379
0 72 2065381
0 53 2065385
0 41 2065390
0 50 2065398
0 40 2065405
0 30 2065414
0 32 2065415
0 70 2065415
0 48 2065421
0 13 2065427
0 66 2065433
0 44 2065441
0 10 2065443
0 29 2065452
0 15 2065456
0 36 2065462
0 3 2065466
0 64 2065466
0 20 2065473
0 75 2065478
0 63 2065486
0 59 2065490
0 49 2065492
0 12 2065493
0 7 2065495
0 14 2065502
0 66 2065503
0 55 2065511
0 69 2065517
0 3 2065517
0 51 2065519
0 24 2065520
0 60 2065522
0 65 2065526
0 37 2065531
0 23 2065536
0 73 2065536
0 38 2065541
0 15 2065545
0 17 2065550
0 61 2065559
0 18 2065565
0 11 2065568
0 72 2065576
0 54 2065578
0 46 2065582
0 62 2065590
0 6 2065594
0 20 2065603
0 25 2065612
0 33 2065619
0 50 2065625
0 52 2065632
0 4 2065633
0 21 2065640
0 32 2065642
0 40 2065651
0 22 2065660
0 63 2065664
0 70 2065664
0 16 2065666
0 74 2065675
0 35 2065677
0 57 2065682
0 13 2065683
0 2 2065686
0 31 2065687
0 9 2065694
1 54 2065701
1 74 2065702
1 71 2065709
1 73 2065716
1 62 2065725
1 18 2065731
1 16 2065740
1 30 2065749
1 59 2065749
1 33 2065757
1 75 2065761
1 13 2065770
1 0 2065770
1 41 2065779
1 27 2065784
1 4 2065785
1 60 2065787
1 65 2065793
1 21 2065801
1 69 2065810
1 64 2065818
1 29 2065820
1 34 2065821
1 25 2065825
1 26 2065827
1 31 2065836
1 54 2065836
1 17 2065839
1 60 2065844
1 3 2065844
1 64 2065850
1 27 2065853
1 49 2065856
1 25 2065857
1 51 2065866
1 5 2065875
1 15 2065877
1 45 2065880
1 38 2065887
1 19 2065891
1 61 2065893
1 33 2065894
1 74 2065897
1 72 2065905
1 58 2065911
1 35 2065913
1 6 2065918
1 50 2065925
2 34 2065932
2 21 2065936
2 35 2065938
2 16 2065944
2 72 2065950
2 44 2065959
2 29 2065962
2 8 2065970
2 19 2065979
2 36 2065985
2 28 2065992
2 5 2066000
2 31 2066006
2 11 2066015
2 13 2066016
2 37 2066018
2 70 2066026
2 74 2066027
2 24 2066029
2 23 2066030
2 65 2066035
2 18 2066044
2 4 2066052
2 30 2066053
2 17 2066059
2 12 2066067
2 15 2066073
2 52 2066073
2 63 2066076
2 47 2066076
2 7 2066080
2 56 2066081
2 58 2066084
2 73 2066087
2 55 2066087
2 25 2066095
2 60 2066097
2 17 2066098
2 71 2066104
2 66 2066105
2 75 2066109
2 30 2066118
2 52 2066118
2 50 2066127
2 65 2066136
2 72 2066138
2 31 2066147
2 51 2066151
2 69 2066152
2 68 2066157
2 59 2066162
2 4 2066171
2 42 2066171
2 27 2066177
2 40 2066181
2 7 2066188
2 39 2066192
2 70 2066197
2 47 2066201
2 76 2066207
2 23 2066214
2 48 2066220
2 28 2066221
3 50 2066227
3 42 2066229
3 14 2066234
3 61 2066238
4 22 2066239
4 3 2066246
4 37 2066246
4 19 2066247
4 48 2066250
4 33 2066252
4 5 2066256
4 60 2066261
4 30 2066262
4 15 2066263
5 16 2066271
5 53 2066278
5 21 2066284
5 11 2066284
5 57 2066284
5 24 2066287
5 71 2066289
5 41 2066292
5 72 2066300
5 74 2066306
5 65 2066306
5 3 2066309
5 22 2066318
5 29 2066318
5 76 2066322
5 59 2066326
5 39 2066332
5 0 2066336
5 48 2066337
5 2 2066338
5 50 2066343
5 33 2066344
5 23 2066352
5 73 2066359
5 40 2066368
5 13 2066377
5 45 2066378
5 32 2066381
5 44 2066384
5 42 2066387
5 56 2066389
5 37 2066393
5 60 2066401
5 23 2066407
5 50 2066410
5 64 2066416
5 41 2066419
5 39 2066427
5 46 2066433
5 71 2066435
5 58 2066441
5 49 2066444
5 20 2066446
5 72 2066447
5 7 2066456
5 40 2066461
5 67 2066470
5 12 2066477
5 76 2066484
5 47 2066484
5 34 2066492
5 42 2066494
5 22 2066499
5 15 2066506
5 19 2066512
5 31 2066521
5 6 2066525
5 44 2066526
5 61 2066526
5 63 2066534
5 33 2066537
5 3 2066537
5 68 2066537
5 73 2066544
5 17 2066547
5 29 2066552
5 48 2066553
6 16 2066559
6 75 2066564
6 59 2066564
6 50 2066567
6 20 2066575
6 19 2066581
6 15 2066583
6 51 2066589
6 8 2066596
6 33 2066603
6 71 2066607
6 35 2066608
6 49 2066610
6 18 2066613
6 61 2066617
6 60 2066626
6 14 2066629
6 62 2066635
6 34 2066641
6 44 2066650
6 36 2066655
6 27 2066664
6 48 2066665
6 40 2066673
6 53 2066675
6 24 2066675
6 43 2066678
6 0 2066682
6 55 2066688
6 52 2066693
6 39 2066702
6 76 2066702
6 64 2066706
6 56 2066711
6 25 2066720
6 19 2066720
6 67 2066721
6 63 2066727
6 18 2066727
6 57 2066735
6 75 2066738
6 59 2066743
6 66 2066752
6 41 2066760
6 71 2066769
6 0 2066769
6 65 2066773
6 62 2066779
6 26 2066779
6 73 2066782
6 61 2066791
6 38 2066797
6 8 2066804
6 24 2066807
6 20 2066813
6 53 2066818
6 10 2066824
6 35 2066830
6 2 2066837
6 40 2066844
6 23 2066844
6 28 2066847
6 37 2066855
6 31 2066862
6 39 2066869
6 45 2066876
6 43 2066879
6 64 2066880
6 33 2066884
6 13 2066891
7 40 2066899
7 66 2066904
7 64 2066908
7 46 2066914
7 12 2066916
7 36 2066923
7 38 2066926
7 29 2066926
7 60 2066929
7 13 2066930
7 58 2066937
7 72 2066945
7 3 2066945
7 48 2066952
7 76 2066961
7 61 2066965
7 49 2066967
7 57 2066967
7 26 2066970
7 41 2066978
7 75 2066983
7 39 2066984
7 74 2066993
7 54 2067002
7 16 2067005
7 20 2067012
7 5 2067015
7 43 2067017
7 57 2067022
7 58 2067031
7 2 2067034
7 11 2067034
7 65 2067043
7 6 2067045
7 71 2067047
7 25 2067052
7 44 2067056
7 36 2067057
7 70 2067065
7 63 2067071
7 74 2067072
7 16 2067076
7 26 2067079
7 52 2067087
7 23 2067089
7 53 2067091
7 49 2067091
7 75 2067099
8 21 2067102
8 61 2067103
8 2 2067106
8 31 2067108
8 54 2067116
8 24 2067119
8 55 2067120
8 6 2067127
8 75 2067127
8 59 2067131
8 51 2067140
8 16 2067148
8 11 2067149
8 37 2067149
8 41 2067149
8 4 2067153
9 41 2067153
9 72 2067157
9 64 2067159
9 60 2067163
9 8 2067165
9 50 2067168
9 1 2067174
9 24 2067180
9 30 2067182
9 45 2067188
9 40 2067189
9 16 2067195
9 12 2067203
9 17 2067210
9 34 2067217
9 73 2067221
9 49 2067229
9 30 2067233
9 13 2067234
9 10 2067235
9 47 2067240
9 16 2067243
9 0 2067245
9 59 2067247
9 38 2067247
9 46 2067251
9 48 2067253
9 32 2067259
9 71 2067265
9 20 2067274
9 64 2067275
9 45 2067278
9 21 2067279
10 70 2067283
10 5 2067283
10 12 2067287
10 57 2067296
10 30 2067301
10 28 2067309
10 38 2067309
10 68 2067309
10 35 2067313
10 9 2067313
10 75 2067314
10 63 2067320
10 74 2067326
10 0 2067327
10 8 2067327
10 47 2067328
10 72 2067333
10 11 2067338
10 53 2067345
10 4 2067347
10 23 2067354
10 19 2067356
10 15 2067358
10 59 2067358
10 44 2067366
10 66 2067366
10 18 2067372
10 47 2067380
10 55 2067380
10 4 2067388
10 54 2067393
10 63 2067395
10 29 2067404
10 52 2067410
10 33 2067410
10 56 2067415
10 24 2067416
10 60 2067423
10 36 2067432
10 76 2067432
10 19 2067435
10 65 2067438
10 0 2067447
10 22 2067456
10 39 2067464
10 61 2067471
10 15 2067474
10 50 2067476
10 21 2067478
10 64 2067486
11 6 2067488
11 18 2067495
11 10 2067499
11 21 2067501
11 23 2067506
11 30 2067510
11 53 2067512
11 13 2067512
11 44 2067512
11 69 2067512
11 65 2067516
11 28 2067524
11 0 2067527
11 31 2067530
11 34 2067531
11 61 2067538
11 9 2067540
11 24 2067549
11 26 2067552
11 60 2067558
11 8 2067558
11 75 2067560
11 41 2067565
11 33 2067565
11 3 2067566
11 67 2067571
11 59 2067579
11 43 2067584
11 17 2067588
11 5 2067589
11 58 2067598
11 70 2067602
11 62 2067602
11 15 2067605
11 76 2067609
11 73 2067609
11 48 2067615
11 1 2067621
11 37 2067623
11 6 2067623
11 70 2067629
11 47 2067629
11 15 2067634
11 10 2067640
11 46 2067647
11 76 2067654
11 50 2067657
11 59 2067660
11 61 2067667
11 55 2067672
11 38 2067675
11 56 2067678
11 48 2067686
11 18 2067693
11 49 2067702
11 5 2067702
11 39 2067710
11 71 2067714
11 63 2067718
11 67 2067722
11 58 2067722
11 14 2067726
11 68 2067732
11 22 2067733
11 43 2067734
11 36 2067734
11 23 2067738
11 64 2067744
11 8 2067744
11 62 2067750
11 2 2067754
11 41 2067758
11 29 2067759
11 60 2067759
12 13 2067760
12 69 2067760
12 73 2067768
12 18 2067768
12 5 2067769
12 0 2067778
12 60 2067783
12 62 2067789
12 68 2067797
12 51 2067799
12 52 2067802
12 35 2067806
12 43 2067807
12 30 2067812
12 74 2067816
12 38 2067823
12 6 2067824
12 59 2067826
12 65 2067829
12 37 2067838
12 4 2067840
12 75 2067842
12 45 2067849
12 58 2067854
12 20 2067855
12 1 2067862
12 34 2067867
12 11 2067875
12 53 2067880
12 48 2067888
12 54 2067895
12 47 2067904
12 14 2067904
12 24 2067907
12 33 2067911
12 55 2067916
12 31 2067917
12 23 2067920
12 26 2067920
12 28 2067923
12 25 2067930
12 76 2067935
12 61 2067941
12 66 2067948
12 22 2067951
12 46 2067960
12 41 2067962
12 31 2067968
12 54 2067973
12 43 2067980
12 37 2067986
12 39 2067990
12 69 2067992
12 3 2067996
12 62 2068001
12 70 2068007
12 1 2068011
12 64 2068011
12 42 2068018
12 44 2068020
12 22 2068026
12 34 2068031
12 9 2068034
12 65 2068034
12 56 2068037
12 20 2068037
12 6 2068046
12 0 2068050
12 45 2068050
12 36 2068057
12 7 2068066
12 51 2068067
12 11 2068074
12 38 2068074
12 27 2068079
12 18 2068080
12 76 2068087
12 25 2068087
12 29 2068088
12 23 2068097
12 47 2068102
12 49 2068106
12 16 2068107
12 41 2068108
12 28 2068116
12 72 2068116
12 19 2068123
12 33 2068129
12 35 2068131
12 5 2068138
13 20 2068147
13 14 2068148
13 56 2068155
13 59 2068158
13 52 2068165
13 65 2068173
13 54 2068178
13 76 2068178
13 38 2068178
13 40 2068183
14 74 2068185
14 46 2068186
14 44 2068190
14 36 2068191
14 47 2068192
14 58 2068197
14 15 2068205
14 33 2068207
14 38 2068216
14 2 2068220
14 10 2068227
14 39 2068230
14 76 2068235
14 54 2068242
14 4 2068244
14 48 2068250
14 35 2068254
14 18 2068260
14 5 2068260
14 6 2068260
14 13 2068260
14 17 2068261
14 24 2068261
14 9 2068268
14 64 2068276
14 43 2068277
14 7 2068285
14 55 2068285
14 69 2068289
14 27 2068290
14 31 2068295
14 68 2068299
14 0 2068302
14 20 2068304
14 73 2068313
14 16 2068319
14 49 2068325
14 56 2068329
14 3 2068333
14 41 2068336
14 70 2068336
14 61 2068340
14 36 2068344
14 11 2068345
14 37 2068351
14 31 2068355
14 8 2068362
14 54 2068371
14 12 2068374
14 50 2068376
14 28 2068379
14 60 2068387
14 56 2068388
14 4 2068394
14 16 2068395
14 51 2068397
14 38 2068401
14 57 2068408
14 46 2068414
14 15 2068419
14 23 2068422
14 21 2068423
14 0 2068424
14 25 2068424
14 58 2068424
14 5 2068431
14 61 2068439
14 17 2068446
14 2 2068450
14 48 2068457
14 75 2068463
14 71 2068467
14 26 2068473
14 35 2068479
14 32 2068486
14 44 2068489
14 66 2068490
14 65 2068494
14 47 2068498
14 18 2068500
14 55 2068504
14 27 2068507
15 66 2068515
15 36 2068521
15 29 2068523
15 5 2068531
15 40 2068540
15 19 2068542
15 52 2068542
15 21 2068546
15 47 2068547
15 34 2068548
15 1 2068548
15 72 2068551
15 30 2068552
15 71 2068555
15 58 2068555
15 63 2068560
15 13 2068567
15 33 2068570
15 22 2068578
15 32 2068582
15 60 2068583
15 11 2068591
15 2 2068598
15 3 2068607
15 76 2068609
15 35 2068610
15 12 2068612
15 68 2068616
15 6 2068618
15 26 2068624
15 53 2068630
15 50 2068634
15 55 2068639
15 70 2068642
15 64 2068643
15 18 2068648
15 10 2068655
15 16 2068663
15 33 2068664
15 10 2068667
15 57 2068671
15 60 2068673
15 52 2068673
15 70 2068676
15 62 2068684
15 73 2068691
15 44 2068694
15 35 2068696
15 58 2068705
15 43 2068713
15 36 2068713
15 55 2068715
15 11 2068718
15 61 2068723
15 54 2068727
15 18 2068736
15 40 2068745
15 37 2068749
15 31 2068751
15 22 2068760
15 19 2068768
15 41 2068768
15 45 2068770
15 49 2068777
15 8 2068779
16 56 2068788
16 20 2068791
16 73 2068800
16 46 2068808
16 50 2068814
16 33 2068818
16 15 2068821
16 14 2068828
16 48 2068828
16 61 2068834
16 12 2068839
16 44 2068844
16 17 2068847
16 1 2068851
16 45 2068854
16 76 2068858
16 70 2068858
16 37 2068866
16 2 2068872
17 75 2068873
17 53 2068874
17 54 2068878
17 19 2068878
17 44 2068878
17 40 2068882
17 36 2068885
17 72 2068889
17 73 2068890
17 7 2068899
17 0 2068908
17 45 2068915
17 55 2068921
17 39 2068923
17 13 2068926
17 52 2068932
17 67 2068936
17 35 2068937
17 51 2068939
17 12 2068943
17 48 2068950
17 49 2068954
17 43 2068959
17 62 2068968
17 21 2068968
17 61 2068969
17 32 2068976
17 10 2068977
17 45 2068985
17 51 2068987
17 53 2068988
17 63 2068996
17 43 2069001
17 62 2069008
17 44 2069017
17 67 2069026
17 56 2069031
17 9 2069038
17 52 2069047
17 16 2069053
17 46 2069056
17 55 2069061
17 60 2069065
17 72 2069067
17 71 2069068
17 2 2069072
17 4 2069078
17 30 2069080
17 42 2069088
17 13 2069091
17 8 2069095
17 37 2069099
17 20 2069108
18 31 2069108
18 45 2069112
18 20 2069113
18 50 2069122
18 66 2069126
18 58 2069126
18 60 2069132
18 2 2069136
18 29 2069145
18 57 2069151
18 63 2069154
18 7 2069160
18 1 2069166
18 24 2069170
18 74 2069171
18 75 2069171
18 11 2069179
18 69 2069184
18 23 2069189
18 65 2069198
18 72 2069205
18 28 2069211
18 56 2069215
18 67 2069223
18 15 2069227
18 54 2069234
18 19 2069235
18 50 2069243
18 31 2069246
18 39 2069255
18 6 2069259
18 71 2069264
18 3 2069272
18 33 2069275
18 48 2069277
18 42 2069283
18 16 2069284
18 4 2069288
18 30 2069288
18 8 2069297
18 13 2069298
18 59 2069305
18 36 2069310
18 70 2069311
18 14 2069312
18 22 2069318
19 55 2069327
19 31 2069333
19 26 2069337
19 13 2069339
19 63 2069344
19 47 2069345
19 34 2069354
19 21 2069360
19 53 2069362
19 25 2069362
19 70 2069363
19 62 2069364
19 68 2069370
19 10 2069373
19 46 2069378
19 0 2069380
19 16 2069382
19 58 2069383
19 35 2069390
19 17 2069393
19 66 2069396
19 33 2069396
19 65 2069404
19 45 2069405
19 37 2069409
19 18 2069415
19 2 2069420
19 14 2069425
19 23 2069432
19 43 2069438
19 76 2069443
19 3 2069443
19 42 2069444
19 28 2069453
19 32 2069453
19 36 2069453
19 54 2069459
19 24 2069466
19 4 2069471
19 8 2069474
19 51 2069483
19 40 2069491
19 75 2069494
19 38 2069495
19 7 2069497
19 8 2069500
19 63 2069505
19 35 2069514
19 30 2069515
19 75 2069520
19 29 2069525
19 12 2069526
19 76 2069531
19 25 2069539
19 2 2069547
19 43 2069550
19 21 2069552
19 51 2069556
19 58 2069562
19 46 2069564
19 31 2069569
19 49 2069578
19 37 2069578
19 48 2069585
19 62 2069587
19 13 2069592
19 22 2069597
19 11 2069603
19 54 2069605
19 27 2069608
19 10 2069612
19 33 2069612
19 5 2069621
19 41 2069626
19 26 2069635
19 57 2069637
19 47 2069642
19 18 2069644
19 17 2069650
19 61 2069659
19 70 2069666
19 28 2069675
19 60 2069675
19 72 2069684
19 20 2069692
19 16 2069700
19 24 2069702
19 55 2069706
20 18 2069714
20 5 2069720
20 28 2069720
20 71 2069727
20 32 2069736
20 25 2069743
20 68 2069751
20 11 2069753
20 64 2069753
20 13 2069759
20 63 2069768
20 0 2069775
20 44 2069775
20 7 2069778
20 34 2069786
20 35 2069794
20 29 2069801
20 42 2069806
20 49 2069807
20 58 2069812
20 12 2069818
20 48 2069824
20 72 2069828
20 56 2069831
20 27 2069834
20 26 2069836
20 4 2069839
20 1 2069843
20 36 2069845
20 21 2069854
20 55 2069860
20 57 2069867
20 59 2069871
20 38 2069880
20 37 2069880
20 41 2069884
20 39 2069888
20 69 2069889
20 15 2069895
20 33 2069895
20 73 2069899
20 29 2069907
20 16 2069913
20 5 2069922
20 75 2069926
20 17 2069927
20 14 2069928
20 49 2069933
20 9 2069935
20 48 2069941
20 22 2069947
20 57 2069949
20 4 2069958
20 64 2069967
20 61 2069972
20 50 2069977
20 8 2069981
20 19 2069986
20 31 2069991
20 45 2070000
20 52 2070002
20 23 2070002
20 32 2070004
20 2 2070004
20 71 2070006
20 40 2070013
20 68 2070017
20 69 2070018
20 10 2070019
20 53 2070028
20 65 2070033
20 39 2070033
20 26 2070033
20 59 2070037
20 54 2070045
20 72 2070047
20 60 2070050
20 66 2070051
20 25 2070055
20 67 2070061
20 28 2070063
20 30 2070066
20 58 2070066
21 52 2070074
21 66 2070075
21 76 2070082
21 24 2070083
21 10 2070091
21 27 2070092
21 5 2070101
21 14 2070101
21 51 2070106
21 20 2070106
21 1 2070111
21 71 2070118
22 64 2070120
22 74 2070125
22 70 2070126
22 57 2070129
22 3 2070134
22 56 2070136
22 53 2070138
22 73 2070144
22 71 2070151
22 47 2070154
22 54 2070159
22 42 2070164
22 44 2070169
22 31 2070174
22 17 2070175
22 25 2070184
22 0 2070188
22 58 2070192
22 75 2070200
22 9 2070208
22 62 2070208
22 43 2070214
22 15 2070214
22 29 2070220
22 40 2070223
22 6 2070223
22 48 2070224
22 7 2070227
22 38 2070230
22 37 2070235
22 52 2070241
22 66 2070250
22 46 2070254
22 65 2070254
22 28 2070260
22 34 2070266
22 14 2070274
22 33 2070281
22 16 2070284
22 50 2070288
22 59 2070296
22 19 2070301
22 4 2070305
22 26 2070308
22 55 2070308
22 54 2070308
22 70 2070317
22 72 2070325
22 62 2070332
22 74 2070338
22 26 2070344
22 47 2070344
22 67 2070348
22 11 2070351
22 30 2070359
22 59 2070361
22 28 2070369
22 15 2070376
22 4 2070379
22 53 2070383
22 35 2070385
22 37 2070388
22 9 2070392
22 71 2070393
22 60 2070400
22 20 2070408
22 57 2070409
22 50 2070418
22 1 2070426
22 52 2070429
22 51 2070437
22 34 2070439
22 0 2070444
22 29 2070451
22 5 2070459
22 68 2070460
22 17 2070468
22 33 2070477
22 75 2070481
22 45 2070486
22 16 2070495
22 63 2070497
22 19 2070505
22 65 2070514
22 48 2070516
22 18 2070517
23 66 2070526
23 65 2070527
23 5 2070534
23 41 2070537
23 39 2070539
23 62 2070539
23 12 2070539
23 38 2070544
23 72 2070547
23 61 2070548
23 24 2070555
23 75 2070557
23 0 2070557
23 48 2070557
23 16 2070565
23 7 2070574
23 28 2070574
23 70 2070575
23 13 2070584
23 50 2070589
23 26 2070597
23 22 2070603
23 15 2070603
23 20 2070612
23 44 2070617
23 51 2070623
23 36 2070623
23 57 2070628
23 68 2070634
23 45 2070643
23 71 2070652
23 54 2070654
23 55 2070654
23 3 2070655
23 43 2070659
23 47 2070662
23 29 2070664
23 53 2070666
23 18 2070669
23 69 2070671
23 30 2070674
23 34 2070681
23 40 2070686
23 25 2070687
23 52 2070696
23 2 2070703
23 1 2070712
23 58 2070718
23 11 2070725
23 14 2070732
23 34 2070736
23 39 2070740
23 29 2070745
23 7 2070748
23 26 2070754
23 55 2070754
23 56 2070756
23 50 2070761
23 32 2070765
23 46 2070765
23 19 2070765
23 48 2070767
23 73 2070772
23 8 2070776
23 20 2070780
23 43 2070780
23 52 2070780
23 64 2070785
23 10 2070792
23 67 2070800
23 57 2070801
23 21 2070803
23 74 2070805
23 62 2070807
23 18 2070815
23 63 2070817
23 59 2070826
23 17 2070827
23 36 2070835
23 69 2070840
23 71 2070849
23 2 2070855
23 44 2070861
23 66 2070866
23 38 2070875
23 40 2070879
23 42 2070880
23 22 2070882
23 12 2070888
23 33 2070892
23 65 2070893
23 68 2070901
23 28 2070904
23 11 2070912
23 6 2070912
23 72 2070912
23 47 2070917
23 16 2070919
23 24 2070928
24 65 2070937
24 5 2070941
24 33 2070942
24 43 2070943
24 73 2070945
24 70 2070947
24 63 2070953
24 47 2070962
24 71 2070964
24 60 2070973
24 55 2070974
24 14 2070979
24 10 2070984
24 1 2070992
24 62 2070992
24 28 2070996
24 7 2071000
24 57 2071002
24 51 2071008
24 29 2071010
24 27 2071011
24 68 2071019
24 54 2071020
24 11 2071026
24 76 2071027
24 42 2071027
24 35 2071033
24 23 2071038
24 41 2071045
24 19 2071048
24 37 2071051
24 38 2071059
24 13 2071060
24 45 2071066
24 31 2071073
24 56 2071082
24 53 2071084
24 9 2071091
24 49 2071097
24 50 2071097
24 21 2071098
24 34 2071102
24 44 2071107
24 72 2071110
24 52 2071111
24 30 2071119
24 6 2071126
24 62 2071135
24 15 2071136
24 70 2071136
24 42 2071140
24 0 2071140
24 59 2071141
24 20 2071149
24 5 2071150
24 40 2071155
24 74 2071161
24 46 2071165
24 56 2071168
24 9 2071169
24 6 2071177
24 71 2071185
24 26 2071189
24 65 2071194
24 25 2071196
24 69 2071200
24 17 2071206
24 16 2071211
24 18 2071217
24 21 2071220
24 3 2071227
24 33 2071229
24 1 2071229
24 64 2071238
24 30 2071247
24 49 2071255
24 43 2071260
24 50 2071266
24 41 2071266
24 12 2071268
24 52 2071275
24 22 2071276
24 27 2071281
24 58 2071290
24 10 2071297
24 23 2071301
24 4 2071308
24 48 2071313
24 60 2071313
24 14 2071314
24 53 2071318
25 14 2071325
25 34 2071326
25 20 2071327
25 21 2071331
25 48 2071332
25 55 2071334
25 54 2071341
25 47 2071347
25 67 2071352
25 56 2071358
25 43 2071363
25 19 2071372
25 15 2071379
25 8 2071380
25 7 2071389
25 64 2071389
25 61 2071394
25 1 2071400
25 65 2071408
25 41 2071410
25 9 2071411
25 58 2071416
25 24 2071422
25 3 2071426
25 49 2071428
25 26 2071430
25 40 2071433
25 18 2071435
25 56 2071441
25 7 2071446
25 12 2071454
25 42 2071458
25 55 2071461
25 39 2071461
25 9 2071470
25 48 2071478
25 31 2071485
25 71 2071485
25 41 2071488
25 13 2071494
25 70 2071496
25 22 2071505
25 28 2071509
25 64 2071514
25 51 2071521
25 36 2071523
25 75 2071527
25 35 2071533
25 21 2071534
25 5 2071539
25 68 2071543
25 54 2071549
25 24 2071553
25 69 2071557
25 2 2071566
25 49 2071568
26 75 2071574
26 49 2071579
26 54 2071587
26 72 2071591
26 70 2071600
26 59 2071609
26 6 2071616
26 32 2071621
26 16 2071627
26 56 2071634
26 0 2071641
26 1 2071650
26 76 2071658
26 11 2071662
26 43 2071671
26 20 2071678
26 25 2071680
26 3 2071680
26 40 2071680
26 13 2071687
26 66 2071691
26 68 2071694
26 74 2071698
26 30 2071704
26 55 2071710
26 4 2071710
26 37 2071716
26 71 2071722
26 21 2071726
26 28 2071727
26 51 2071730
26 48 2071732
26 27 2071734
26 23 2071741
26 8 2071749
26 57 2071749
26 15 2071750
26 50 2071750
26 67 2071755
26 39 2071755
26 36 2071758
26 7 2071759
26 48 2071759
26 8 2071768
26 10 2071772
26 19 2071777
26 40 2071781
26 18 2071789
26 7 2071794
26 72 2071796
26 43 2071799
26 62 2071807
26 17 2071807
26 68 2071810
26 11 2071814
26 47 2071819
26 36 2071820
26 69 2071822
26 16 2071824
26 31 2071829
26 4 2071830
26 56 2071830
26 2 2071837
26 23 2071845
26 0 2071845
26 74 2071849
26 57 2071851
26 41 2071851
26 63 2071856
26 64 2071864
26 1 2071866
26 24 2071871
26 6 2071875
26 21 2071883
26 34 2071892
26 46 2071898
26 29 2071899
26 39 2071907
26 58 2071914
26 5 2071919
26 73 2071925
26 44 2071933
26 66 2071938
27 18 2071939
27 48 2071940
27 43 2071945
27 23 2071948
27 7 2071955
27 22 2071962
27 46 2071962
27 45 2071968
27 5 2071971
27 4 2071972
27 69 2071973
27 11 2071974
27 41 2071982
27 31 2071991
27 57 2071999
28 73 2072000
28 13 2072009
28 38 2072016
28 55 2072018
28 17 2072022
28 54 2072027
28 27 2072035
28 41 2072044
28 5 2072052
28 49 2072060
28 59 2072063
28 42 2072069
28 69 2072069
28 20 2072078
28 14 2072079
28 50 2072088
28 24 2072095
28 22 2072098
28 76 2072103
28 33 2072104
28 7 2072109
28 34 2072114
28 8 2072120
28 10 2072124
28 72 2072125
28 62 2072128
28 46 2072129
28 6 2072136
28 39 2072137
28 63 2072137
28 1 2072143
28 18 2072152
28 66 2072157
28 21 2072160
28 14 2072166
28 45 2072168
28 11 2072171
28 75 2072177
28 24 2072178
28 3 2072183
28 46 2072186
28 39 2072191
28 13 2072197
28 64 2072200
28 66 2072204
28 61 2072204
28 41 2072213
28 52 2072221
28 71 2072221
28 0 2072229
28 20 2072233
28 31 2072235
28 6 2072235
28 65 2072238
28 68 2072242
28 27 2072250
28 54 2072252
28 63 2072255
28 48 2072263
28 1 2072269
28 33 2072271
28 35 2072277
28 37 2072286
28 12 2072292
28 23 2072296
28 51 2072301
28 49 2072307
28 76 2072313
28 67 2072315
28 47 2072317
28 44 2072317
29 43 2072323
29 25 2072324
29 10 2072325
29 65 2072331
29 56 2072332
29 53 2072334
29 68 2072340
29 45 2072345
29 35 2072348
29 57 2072350
29 33 2072356
29 22 2072356
29 55 2072364
29 23 2072364
29 2 2072364
29 27 2072373
29 18 2072378
29 69 2072387
29 46 2072390
29 44 2072393
29 13 2072393
29 11 2072401
29 42 2072410
29 61 2072416
29 9 2072416
29 40 2072424
29 59 2072433
29 39 2072434
29 20 2072440
29 60 2072445
29 49 2072448
29 8 2072452
29 52 2072455
29 4 2072464
29 36 2072473
29 3 2072481
29 16 2072484
29 34 2072493
29 54 2072500
29 26 2072507
29 63 2072515
29 50 2072522
29 17 2072522
29 21 2072523
29 28 2072530
29 64 2072536
29 66 2072538
29 37 2072539
29 71 2072543
29 70 2072552
29 47 2072559
29 64 2072562
29 54 2072562
29 57 2072567
29 3 2072576
29 17 2072582
29 16 2072582
29 30 2072589
29 63 2072593
29 28 2072598
29 45 2072602
29 24 2072603
29 38 2072609
29 32 2072611
29 69 2072619
29 39 2072623
29 7 2072626
29 11 2072631
29 31 2072639
29 58 2072641
29 66 2072648
29 53 2072652
29 52 2072660
29 14 2072665
29 2 2072666
29 68 2072669
29 18 2072677
29 56 2072679
29 62 2072683
29 1 2072683
29 75 2072688
29 0 2072695
29 19 2072702
29 41 2072703
29 23 2072703
29 44 2072711
29 60 2072720
29 6 2072729
29 72 2072730
29 26 2072738
29 61 2072745
29 25 2072754
30 52 2072755
30 51 2072757
30 24 2072762
30 44 2072771
30 2 2072778
30 33 2072778
30 23 2072778
30 75 2072785
30 41 2072785
30 47 2072792
30 38 2072792
30 29 2072795
30 12 2072799
30 76 2072799
30 14 2072803
30 3 2072803
30 59 2072812
30 8 2072815
30 55 2072815
30 43 2072822
30 7 2072831
30 46 2072838
30 52 2072839
30 68 2072841
30 31 2072843
30 75 2072849
30 44 2072853
30 7 2072862
30 10 2072863
30 48 2072871
30 73 2072879
30 51 2072879
30 45 2072884
30 5 2072889
30 53 2072895
30 69 2072895
30 66 2072902
30 29 2072906
30 11 2072914
30 36 2072916
30 42 2072922
30 17 2072926
30 13 2072929
31 62 2072934
31 26 2072934
31 39 2072939
31 34 2072947
31 49 2072950
31 32 2072959
31 12 2072966
31 69 2072975
31 17 2072977
31 23 2072981
31 54 2072985
31 71 2072993
31 8 2072999
31 15 2073006
31 67 2073015
31 18 2073019
31 44 2073019
31 58 2073022
31 57 2073030
31 51 2073035
31 20 2073042
31 68 2073045
31 42 2073054
31 19 2073059
31 21 2073068
31 9 2073069
31 16 2073078
31 5 2073086
31 37 2073089
31 72 2073096
31 65 2073103
31 55 2073104
31 56 2073104
31 46 2073106
31 35 2073110
31 66 2073119
31 73 2073119
31 29 2073121
31 47 2073129
31 75 2073136
31 36 2073138
31 51 2073141
31 20 2073144
31 42 2073147
31 10 2073150
31 38 2073152
31 43 2073158
31 15 2073160
31 33 2073160
31 57 2073165
31 1 2073166
31 47 2073168
31 39 2073176
31 16 2073177
31 58 2073179
31 69 2073188
31 22 2073193
31 4 2073195
31 26 2073195
31 34 2073199
31 65 2073201
31 13 2073202
31 36 2073206
31 19 2073211
31 23 2073212
31 70 2073218
31 8 2073226
31 53 2073234
31 45 2073243
31 68 2073252
31 37 2073261
31 5 2073262
31 56 2073264
31 27 2073264
31 71 2073267
31 54 2073276
31 25 2073279
31 28 2073285
31 21 2073290
31 35 2073294
31 2 2073297
32 5 2073305
32 69 2073311
32 0 2073315
32 8 2073322
32 13 2073324
32 33 2073331
32 42 2073332
32 52 2073333
32 55 2073336
32 15 2073340
32 60 2073343
32 73 2073345
32 61 2073346
32 75 2073350
32 10 2073350
32 24 2073350
32 53 2073351
32 67 2073354
32 56 2073360
32 29 2073360
32 8 2073360
32 22 2073367
32 34 2073376
32 23 2073384
32 53 2073393
32 42 2073393
32 33 2073400
32 11 2073409
32 48 2073411
32 45 2073420
32 59 2073420
32 75 2073425
32 43 2073425
32 46 2073434
32 2 2073438
32 4 2073445
32 73 2073454
32 9 2073455
32 40 2073455
32 18 2073463
32 35 2073471
32 31 2073477
32 38 2073477
33 74 2073477
33 69 2073484
33 17 2073491
33 46 2073491
33 29 2073498
34 33 2073505
34 63 2073507
34 20 2073516
34 8 2073521
34 40 2073521
34 4 2073528
34 15 2073531
34 71 2073537
34 22 2073540
34 55 2073548
34 60 2073548
34 12 2073550
34 3 2073559
34 59 2073564
34 28 2073564
34 49 2073572
34 48 2073580
34 70 2073586
34 10 2073588
34 54 2073594
34 47 2073599
34 39 2073605
34 37 2073609
34 50 2073612
34 46 2073620
34 16 2073626
34 73 2073628
34 66 2073629
34 62 2073634
34 65 2073638
34 57 2073638
34 48 2073647
34 11 2073648
34 10 2073656
34 50 2073662
34 17 2073668
34 52 2073668
34 71 2073676
34 73 2073676
34 8 2073677
34 7 2073679
34 37 2073685
34 70 2073689
34 22 2073698
34 62 2073707
34 18 2073716
34 26 2073725
34 59 2073728
34 66 2073733
34 42 2073733
34 41 2073742
34 49 2073742
34 16 2073743
34 53 2073746
34 54 2073747
34 14 2073754
34 2 2073756
34 65 2073757
34 4 2073759
35 62 2073768
35 71 2073771
35 57 2073772
35 16 2073779
35 53 2073786
35 34 2073791
35 21 2073794
35 40 2073800
35 67 2073802
35 65 2073802
35 44 2073806
35 56 2073813
35 8 2073817
35 2 2073826
35 11 2073828
35 5 2073834
35 15 2073834
35 51 2073839
35 66 2073843
35 74 2073843
35 47 2073851
35 42 2073857
35 31 2073857
35 55 2073859
35 11 2073865
35 3 2073870
35 56 2073877
35 74 2073883
35 70 2073892
35 43 2073896
35 18 2073900
35 69 2073909
35 0 2073916
35 15 2073919
35 63 2073923
35 59 2073928
35 20 2073936
35 57 2073937
35 25 2073938
35 73 2073940
35 72 2073946
35 64 2073949
35 60 2073957
35 50 2073957
35 55 2073966
35 4 2073966
35 24 2073969
35 75 2073972
35 61 2073979
36 8 2073979
36 26 2073980
36 25 2073986
36 68 2073988
36 45 2073995
36 15 2073998
36 59 2074001
36 1 2074008
36 54 2074008
36 16 2074017
36 30 2074019
36 24 2074023
36 66 2074031
36 13 2074035
36 6 2074042
36 37 2074049
36 71 2074053
36 19 2074053
36 70 2074057
36 2 2074059
36 53 2074060
36 57 2074069
36 32 2074070
36 23 2074079
36 74 2074084
36 50 2074086
36 62 2074093
36 49 2074093
36 31 2074101
36 9 2074104
36 63 2074105
36 65 2074110
36 40 2074113
36 7 2074117
36 14 2074124
36 52 2074125
36 34 2074131
36 55 2074138
36 29 2074138
36 12 2074147
36 10 2074148
36 18 2074154
36 33 2074158
36 4 2074158
36 48 2074164
36 70 2074166
36 47 2074171
36 28 2074176
36 12 2074181
36 40 2074188
36 51 2074194
36 25 2074199
36 45 2074204
36 5 2074205
36 13 2074207
36 21 2074213
36 41 2074220
36 61 2074225
36 58 2074228
36 73 2074233
36 9 2074233
36 4 2074241
36 33 2074246
36 18 2074252
36 26 2074254
36 7 2074262
36 8 2074267
36 11 2074273
36 55 2074277
36 29 2074277
36 74 2074283
36 37 2074286
36 57 2074288
36 71 2074296
36 39 2074303
36 60 2074312
36 15 2074318
36 16 2074318
36 32 2074322
36 22 2074329
36 66 2074331
36 63 2074340
36 68 2074346
37 1 2074349
37 47 2074355
37 22 2074359
37 62 2074359
37 3 2074359
37 17 2074359
37 66 2074359
37 58 2074363
37 70 2074365
37 61 2074371
37 11 2074376
37 64 2074382
37 16 2074388
37 63 2074389
37 42 2074392
37 13 2074401
37 4 2074407
37 56 2074407
37 54 2074410
37 55 2074415
37 39 2074418
37 68 2074421
37 24 2074422
37 12 2074429
37 14 2074431
37 31 2074435
37 21 2074439
37 2 2074441
37 26 2074444
37 27 2074452
37 73 2074452
37 53 2074453
37 46 2074454
37 48 2074457
37 20 2074458
37 44 2074458
37 20 2074458
37 19 2074458
37 57 2074460
37 72 2074464
37 5 2074467
37 76 2074471
37 23 2074478
37 45 2074483
37 9 2074487
37 32 2074487
37 50 2074488
37 58 2074495
37 30 2074502
37 7 2074511
37 64 2074520
37 61 2074529
37 75 2074535
37 53 2074541
37 59 2074550
37 25 2074556
37 39 2074557
37 70 2074563
37 29 2074568
37 52 2074576
37 46 2074581
37 41 2074590
37 66 2074597
37 36 2074598
37 33 2074598
38 9 2074604
38 18 2074613
38 29 2074618
38 12 2074622
38 32 2074631
38 74 2074638
38 20 2074643
38 73 2074649
38 47 2074653
38 76 2074657
38 65 2074666
38 56 2074670
38 54 2074672
38 34 2074675
38 19 2074676
38 22 2074683
38 32 2074690
38 11 2074695
38 20 2074699
38 5 2074705
38 76 2074714
38 68 2074720
38 26 2074721
38 71 2074722
38 28 2074730
38 41 2074736
38 12 2074742
38 1 2074751
39 2 2074758
39 68 2074763
39 46 2074767
39 11 2074768
39 29 2074770
39 34 2074776
39 24 2074783
39 27 2074786
39 4 2074793
39 49 2074802
39 75 2074803
39 53 2074804
39 5 2074807
39 35 2074810
39 23 2074817
39 47 2074817
39 10 2074822
39 36 2074829
39 69 2074837
39 51 2074840
39 19 2074845
39 60 2074849
39 9 2074856
39 18 2074860
39 58 2074863
39 54 2074868
39 52 2074872
39 20 2074874
39 15 2074878
39 76 2074878
39 6 2074884
39 26 2074888
39 74 2074897
39 16 2074903
39 61 2074909
39 72 2074910
39 57 2074918
39 32 2074923
39 67 2074924
39 25 2074933
39 45 2074939
39 30 2074941
39 37 2074941
39 63 2074945
39 44 2074953
39 59 2074957
39 21 2074966
39 14 2074969
39 64 2074973
39 74 2074975
39 61 2074975
39 51 2074975
39 6 2074981
39 73 2074987
39 40 2074989
39 11 2074994
39 33 2075001
39 8 2075004
39 36 2075013
39 62 2075018
39 0 2075026
39 70 2075029
39 20 2075037
39 52 2075039
39 69 2075042
39 72 2075045
39 3 2075048
39 44 2075057
39 42 2075064
39 48 2075070
39 31 2075079
39 29 2075086
39 45 2075087
39 19 2075092
39 55 2075101
39 25 2075109
39 24 2075113
39 34 2075113
39 7 2075118
39 10 2075118
39 64 2075121
39 35 2075124
39 53 2075124
39 60 2075124
39 21 2075129
39 54 2075137
39 26 2075146
39 12 2075153
39 76 2075156
39 41 2075159
39 49 2075167
39 66 2075168
39 1 2075173
39 56 2075179
39 43 2075183
40 32 2075184
40 73 2075188
40 9 2075194
40 20 2075197
40 16 2075198
40 60 2075201
40 17 2075207
40 15 2075209
40 37 2075211
40 23 2075214
40 8 2075218
40 7 2075225
40 34 2075230
40 29 2075232
40 42 2075241
40 45 2075249
40 19 2075252
40 48 2075259
40 26 2075264
40 30 2075266
40 52 2075266
40 11 2075272
40 65 2075278
40 31 2075283
40 63 2075290
40 22 2075299
40 25 2075301
40 67 2075303
40 64 2075306
40 14 2075309
40 38 2075313
40 21 2075319
40 13 2075321
40 2 2075322
40 62 2075325
40 46 2075327
40 53 2075334
40 47 2075342
40 13 2075351
40 33 2075352
40 21 2075355
40 75 2075359
40 74 2075367
40 35 2075371
40 72 2075379
40 26 2075379
40 51 2075387
40 28 2075390
40 15 2075392
40 50 2075396
40 41 2075400
40 4 2075409
40 9 2075414
40 20 2075420
40 23 2075427
40 60 2075434
40 38 2075437
40 53 2075438
40 71 2075443
40 37 2075447
40 27 2075453
40 1 2075460
40 58 2075465
40 70 2075466
40 66 2075470
40 46 2075474
40 52 2075476
40 31 2075482
40 65 2075487
40 30 2075495
40 62 2075504
40 22 2075509
41 43 2075517
41 65 2075525
41 10 2075526
41 27 2075526
41 9 2075534
41 68 2075537
41 6 2075545
41 63 2075548
42 17 2075549
42 12 2075558
42 4 2075563
42 64 2075569
42 44 2075575
42 56 2075580
42 15 2075585
42 37 2075585
42 36 2075592
42 19 2075599
42 46 2075600
42 35 2075608
42 5 2075610
42 53 2075610
42 20 2075619
42 6 2075627
42 10 2075631
42 73 2075634
42 11 2075638
42 39 2075647
42 67 2075650
42 74 2075655
42 38 2075657
43 72 2075666
43 24 2075670
43 49 2075672
43 13 2075679
43 58 2075683
43 59 2075684
43 73 2075690
44 65 2075694
44 48 2075703
44 15 2075709
44 41 2075710
44 36 2075715
44 71 2075719
44 32 2075726
44 68 2075734
44 26 2075742
44 61 2075743
44 42 2075744
44 17 2075750
44 16 2075759
44 30 2075761
44 64 2075761
44 40 2075766
44 76 2075767
44 69 2075769
44 70 2075776
44 22 2075781
44 62 2075781
44 18 2075781
44 13 2075782
44 72 2075784
44 9 2075784
44 57 2075787
44 10 2075795
44 19 2075803
44 6 2075806
44 74 2075811
44 23 2075819
44 59 2075821
44 35 2075828
44 43 2075830
44 73 2075831
44 3 2075837
44 41 2075842
44 58 2075844
44 72 2075851
44 13 2075859
44 61 2075868
44 16 2075868
44 42 2075877
44 76 2075877
44 7 2075879
44 56 2075879
44 9 2075883
44 66 2075883
44 38 2075883
44 43 2075891
44 24 2075900
44 65 2075904
44 63 2075909
44 22 2075916
44 59 2075919
44 70 2075927
44 28 2075931
44 54 2075932
44 47 2075938
44 1 2075944
44 14 2075953
44 40 2075957
44 2 2075959
44 18 2075963
44 12 2075971
44 31 2075977
44 36 2075984
44 33 2075987
44 30 2075996
44 29 2075997
44 21 2076001
44 20 2076002
44 0 2076006
44 60 2076007
44 25 2076010
44 37 2076013
45 14 2076021
45 58 2076021
45 70 2076025
45 23 2076029
45 0 2076033
45 27 2076036
45 50 2076041
45 39 2076042
45 13 2076046
45 53 2076052
45 31 2076054
45 16 2076058
45 40 2076065
45 42 2076069
45 11 2076078
45 3 2076086
45 63 2076094
45 8 2076098
45 53 2076102
45 44 2076102
45 32 2076111
45 34 2076117
45 71 2076123
45 0 2076125
45 55 2076132
45 23 2076136
45 9 2076143
45 35 2076143
45 60 2076151
45 33 2076157
45 48 2076157
45 59 2076166
45 49 2076166
45 57 2076166
45 24 2076167
45 3 2076172
45 51 2076179
45 73 2076179
46 3 2076180
46 60 2076184
46 1 2076193
46 9 2076194
46 39 2076199
46 70 2076200
46 49 2076202
46 12 2076209
46 34 2076214
46 59 2076223
46 14 2076223
46 8 2076224
46 35 2076226
46 48 2076229
46 17 2076238
46 43 2076240
46 23 2076244
46 58 2076248
46 40 2076249
46 62 2076251
46 33 2076260
46 72 2076264
46 10 2076265
46 36 2076271
46 33 2076276
46 65 2076278
46 67 2076282
46 72 2076291
46 8 2076297
46 19 2076299
46 20 2076308
46 51 2076314
46 29 2076323
46 45 2076328
46 14 2076328
46 47 2076337
46 13 2076345
46 42 2076348
46 3 2076357
46 23 2076361
46 27 2076367
46 17 2076368
46 7 2076371
46 61 2076376
46 16 2076378
46 76 2076387
46 43 2076391
48 55 2076393
48 75 2076396
48 61 2076401
48 31 2076408
48 9 2076412
48 54 2076418
48 59 2076422
48 26 2076426
48 6 2076432
48 16 2076436
48 44 2076442
48 0 2076443
48 22 2076443
48 4 2076447
48 64 2076450
48 33 2076452
48 73 2076455
48 15 2076461
48 12 2076463
48 11 2076464
48 37 2076471
48 21 2076480
48 62 2076481
48 47 2076486
48 58 2076492
48 43 2076497
48 39 2076504
48 5 2076508
48 76 2076516
48 72 2076523
48 70 2076529
48 8 2076538
48 29 2076547
48 13 2076549
48 50 2076549
48 34 2076549
48 41 2076549
48 52 2076558
48 23 2076565
48 3 2076565
48 7 2076571
48 60 2076575
48 66 2076579
48 18 2076584
48 2 2076592
48 35 2076592
48 12 2076594
48 31 2076602
48 19 2076606
48 42 2076612
48 74 2076618
48 29 2076627
48 34 2076630
48 45 2076631
48 0 2076633
48 17 2076640
48 50 2076642
48 1 2076651
48 38 2076652
48 7 2076657
48 64 2076659
48 4 2076659
48 41 2076664
48 33 2076669
48 71 2076674
48 21 2076682
48 10 2076682
48 20 2076684
48 37 2076693
48 68 2076693
48 69 2076694
48 9 2076694
48 16 2076700
48 73 2076702
48 11 2076709
48 39 2076715
48 26 2076722
48 49 2076725
48 5 2076725
48 47 2076732
48 3 2076733
48 57 2076735
48 2 2076743
48 61 2076751
48 8 2076754
48 15 2076762
48 36 2076770
48 23 2076778
48 40 2076784
48 30 2076784
48 76 2076791
48 32 2076794
48 70 2076802
49 54 2076810
49 17 2076813
49 3 2076814
49 21 2076817
49 73 2076821
49 4 2076829
49 7 2076838
49 43 2076842
49 35 2076846
49 53 2076847
50 7 2076854
50 24 2076862
50 52 2076865
50 65 2076871
50 31 2076879
50 44 2076887
50 12 2076888
50 76 2076895
50 73 2076903
50 42 2076905
50 2 2076908
50 60 2076908
50 11 2076916
50 43 2076917
50 70 2076920
50 14 2076923
50 33 2076926
50 38 2076932
50 32 2076936
50 75 2076944
50 21 2076946
50 59 2076954
50 15 2076955
50 1 2076959
50 53 2076960
50 49 2076964
50 20 2076971
50 27 2076978
50 56 2076987
50 16 2076992
50 57 2077000
50 18 2077000
50 8 2077005
50 62 2077012
50 25 2077018
50 15 2077025
50 29 2077032
50 49 2077033
50 59 2077042
50 57 2077047
50 5 2077056
50 12 2077056
50 66 2077061
50 48 2077065
50 26 2077073
50 44 2077082
50 11 2077088
50 37 2077092
50 67 2077097
50 53 2077105
50 24 2077105
50 21 2077110
50 7 2077116
50 28 2077122
50 71 2077129
50 4 2077136
50 17 2077145
50 74 2077152
50 46 2077152
51 72 2077158
51 70 2077158
51 63 2077166
51 16 2077169
51 66 2077171
51 42 2077175
51 33 2077179
51 11 2077184
51 35 2077185
51 15 2077193
51 7 2077195
51 2 2077198
51 36 2077198
51 68 2077204
51 46 2077207
51 43 2077209
51 23 2077217
51 8 2077225
51 9 2077230
51 0 2077236
51 26 2077240
51 14 2077244
51 74 2077244
51 1 2077248
51 29 2077256
51 52 2077264
51 18 2077266
51 53 2077273
51 71 2077274
51 10 2077281
51 4 2077285
51 39 2077286
51 59 2077286
51 24 2077288
51 6 2077297
51 54 2077300
51 31 2077304
51 65 2077304
51 57 2077310
51 49 2077310
51 50 2077310
51 17 2077319
51 55 2077326
51 24 2077326
51 21 2077326
51 37 2077330
51 42 2077332
51 50 2077334
51 19 2077342
51 30 2077343
51 39 2077352
51 33 2077358
51 23 2077366
51 6 2077367
51 40 2077375
51 36 2077375
51 35 2077380
51 48 2077387
51 73 2077391
51 17 2077396
51 22 2077399
51 68 2077404
51 28 2077408
51 65 2077411
51 12 2077415
51 38 2077420
51 45 2077422
51 67 2077424
51 76 2077433
51 56 2077439
51 14 2077440
51 69 2077447
51 11 2077448
51 27 2077450
51 75 2077459
51 62 2077466
51 16 2077469
51 34 2077477
51 72 2077482
51 31 2077490
51 63 2077492
51 9 2077500
51 53 2077502
51 13 2077507
51 18 2077507
51 10 2077508
51 74 2077516
52 49 2077518
52 15 2077525
52 35 2077525
52 75 2077531
52 43 2077540
52 64 2077546
52 19 2077553
52 48 2077561
52 76 2077564
52 31 2077568
52 34 2077577
52 6 2077582
52 54 2077586
52 59 2077588
52 40 2077591
52 9 2077599
52 42 2077608
52 66 2077608
52 39 2077611
52 11 2077614
52 5 2077619
52 36 2077626
52 16 2077633
52 51 2077635
52 58 2077643
52 62 2077651
52 37 2077654
52 24 2077659
52 55 2077664
52 44 2077671
52 10 2077679
52 21 2077683
52 18 2077692
52 12 2077701
52 47 2077702
52 71 2077709
52 22 2077709
52 17 2077716
52 30 2077718
52 51 2077720
52 18 2077720
52 4 2077726
52 55 2077731
52 15 2077732
52 64 2077738
52 21 2077742
52 75 2077742
52 40 2077745
52 29 2077750
52 34 2077755
52 44 2077755
52 76 2077759
52 27 2077766
52 60 2077766
52 50 2077769
52 42 2077774
52 3 2077774
52 31 2077778
52 70 2077785
52 26 2077785
52 35 2077789
52 9 2077792
52 32 2077792
52 25 2077801
52 66 2077807
52 13 2077814
52 49 2077814
52 11 2077814
52 74 2077815
52 39 2077815
53 76 2077821
53 72 2077829
53 54 2077829
53 21 2077830
53 30 2077831
53 27 2077836
53 33 2077841
53 24 2077844
53 64 2077853
53 73 2077861
53 69 2077863
53 70 2077872
53 17 2077877
53 9 2077882
53 4 2077886
53 61 2077895
53 31 2077900
53 28 2077907
53 1 2077915
53 62 2077920
53 10 2077929
53 45 2077931
53 39 2077931
53 19 2077936
53 51 2077937
53 48 2077942
53 58 2077947
53 6 2077955
53 67 2077964
53 68 2077966
53 18 2077971
53 11 2077973
53 3 2077982
53 13 2077982
53 46 2077983
53 7 2077991
53 65 2077999
53 37 2078008
53 34 2078016
53 40 2078024
53 32 2078026
53 9 2078029
53 19 2078031
53 0 2078039
53 29 2078041
53 40 2078045
53 16 2078054
53 28 2078054
53 25 2078061
53 55 2078069
53 20 2078078
53 8 2078081
53 59 2078084
53 18 2078090
53 52 2078096
53 3 2078101
53 32 2078109
53 70 2078109
53 58 2078113
53 34 2078121
53 48 2078129
53 31 2078131
53 7 2078132
53 60 2078132
53 62 2078140
53 50 2078140
53 66 2078149
53 37 2078152
53 69 2078156
53 1 2078160
53 26 2078163
53 45 2078166
53 75 2078166
53 56 2078170
53 49 2078172
53 14 2078181
53 30 2078189
53 41 2078193
53 64 2078193
53 12 2078195
53 57 2078199
54 4 2078208
54 67 2078213
54 16 2078220
54 11 2078228
54 19 2078228
54 57 2078236
54 12 2078242
54 62 2078245
54 69 2078249
54 42 2078256
54 6 2078265
54 63 2078274
54 39 2078276
55 17 2078284
55 9 2078287
55 27 2078294
55 67 2078299
55 13 2078307
55 42 2078310
55 53 2078314
55 64 2078323
55 36 2078325
55 7 2078334
55 14 2078335
55 0 2078340
55 54 2078348
55 60 2078355
55 51 2078355
55 3 2078361
55 66 2078363
55 25 2078372
55 11 2078375
55 45 2078382
55 19 2078383
55 69 2078386
55 76 2078393
55 48 2078393
55 28 2078402
55 32 2078409
55 74 2078417
55 58 2078425
55 31 2078433
55 43 2078433
55 23 2078440
55 75 2078441
55 50 2078444
55 15 2078452
55 22 2078455
55 18 2078463
55 47 2078471
55 1 2078478
55 6 2078481
55 61 2078483
55 30 2078488
55 65 2078492
55 38 2078499
55 34 2078508
55 16 2078513
55 68 2078517
55 72 2078522
55 35 2078527
55 20 2078529
55 24 2078536
55 8 2078545
55 26 2078550
55 62 2078553
55 40 2078557
55 52 2078566
55 8 2078574
55 66 2078579
55 65 2078584
55 69 2078593
55 30 2078594
55 18 2078599
55 61 2078607
55 24 2078610
55 63 2078616
55 57 2078616
55 76 2078622
55 16 2078626
55 11 2078627
55 26 2078634
55 31 2078640
55 3 2078649
55 67 2078654
55 34 2078655
55 25 2078657
55 62 2078659
55 1 2078665
55 12 2078671
55 73 2078677
55 35 2078686
55 32 2078691
55 56 2078691
55 4 2078700
55 60 2078709
55 42 2078716
55 33 2078717
55 46 2078721
55 27 2078726
55 29 2078735
55 41 2078742
55 19 2078750
55 14 2078750
55 7 2078757
55 10 2078762
55 59 2078767
55 53 2078771
55 68 2078779
55 70 2078787
55 0 2078792
55 51 2078796
55 74 2078802
55 75 2078803
55 17 2078811
55 2 2078813
55 54 2078822
56 47 2078822
56 32 2078829
56 22 2078829
56 59 2078838
56 43 2078841
56 23 2078845
56 29 2078846
56 46 2078854
56 8 2078863
56 35 2078868
56 18 2078869
56 26 2078871
56 19 2078880
56 69 2078886
56 16 2078893
56 39 2078895
56 0 2078899
56 72 2078906
56 4 2078912
56 25 2078921
56 75 2078927
56 24 2078927
56 31 2078927
56 21 2078928
56 40 2078930
56 76 2078937
56 5 2078941
56 37 2078947
56 2 2078951
56 55 2078958
56 58 2078966
56 64 2078972
56 54 2078973
56 17 2078981
56 50 2078982
56 20 2078983
56 33 2078989
56 1 2078991
56 21 2078999
56 37 2079005
56 39 2079009
56 4 2079017
56 54 2079025
56 26 2079026
56 28 2079035
56 55 2079038
56 45 2079043
56 17 2079051
56 32 2079053
56 31 2079061
56 43 2079069
56 23 2079074
56 69 2079082
56 41 2079085
56 75 2079094
56 52 2079098
56 46 2079098
56 12 2079105
56 67 2079106
56 71 2079114
56 6 2079116
56 30 2079125
56 47 2079133
56 18 2079133
56 10 2079139
56 20 2079139
56 50 2079146
56 49 2079151
56 3 2079154
56 33 2079158
57 27 2079160
57 32 2079166
57 53 2079171
58 17 2079178
58 40 2079180
58 19 2079180
58 14 2079185
58 39 2079192
58 13 2079201
58 3 2079204
58 12 2079213
58 70 2079218
58 20 2079224
58 27 2079229
58 8 2079233
58 66 2079234
58 60 2079243
58 34 2079248
58 6 2079253
58 1 2079262
58 15 2079268
58 30 2079271
58 37 2079280
58 48 2079286
58 67 2079287
58 72 2079288
58 43 2079288
58 50 2079297
58 61 2079306
58 46 2079309
58 57 2079318
58 13 2079325
58 41 2079332
58 69 2079339
58 35 2079344
58 53 2079353
58 21 2079358
58 43 2079366
58 64 2079374
58 18 2079374
58 57 2079375
58 0 2079382
58 28 2079386
58 62 2079395
58 33 2079398
58 6 2079399
58 54 2079406
58 67 2079411
58 24 2079414
58 60 2079415
58 34 2079415
58 7 2079416
58 19 2079421
58 55 2079428
58 71 2079437
58 23 2079441
58 52 2079449
58 47 2079453
58 9 2079453
58 73 2079455
58 14 2079464
59 72 2079464
59 51 2079466
59 53 2079466
59 8 2079469
59 46 2079476
59 3 2079483
59 37 2079483
59 24 2079485
59 33 2079485
59 20 2079493
59 45 2079501
59 48 2079509
59 47 2079514
59 56 2079516
59 54 2079518
59 7 2079523
59 29 2079528
59 11 2079528
59 63 2079531
59 10 2079537
59 69 2079546
59 65 2079552
59 9 2079558
59 12 2079564
59 19 2079568
59 57 2079577
59 25 2079581
59 58 2079590
59 39 2079596
59 68 2079599
59 4 2079603
59 32 2079608
59 1 2079608
59 16 2079612
59 27 2079617
59 34 2079618
59 44 2079624
59 75 2079624
59 21 2079628
59 70 2079633
59 67 2079635
59 38 2079636
59 71 2079644
59 36 2079645
59 26 2079650
59 73 2079652
59 74 2079661
59 51 2079663
59 16 2079665
59 14 2079665
59 34 2079671
59 52 2079671
59 18 2079675
59 21 2079682
59 27 2079689
59 76 2079692
59 53 2079701
59 9 2079701
59 40 2079704
59 42 2079706
59 10 2079710
59 6 2079715
59 22 2079724
59 66 2079727
59 12 2079729
59 55 2079730
59 56 2079734
59 68 2079741
59 1 2079745
59 57 2079747
59 75 2079756
59 15 2079765
59 20 2079766
59 30 2079770
59 38 2079779
59 74 2079782
59 63 2079790
59 48 2079796
59 43 2079800
59 44 2079808
59 64 2079816
59 37 2079818
59 49 2079824
59 41 2079824
59 39 2079827
59 23 2079828
59 3 2079831
59 50 2079836
59 28 2079843
59 4 2079846
59 61 2079849
60 35 2079851
60 49 2079851
60 75 2079859
60 61 2079863
60 26 2079866
60 9 2079868
60 17 2079877
60 25 2079885
60 68 2079892
60 55 2079894
60 3 2079900
60 40 2079905
60 66 2079907
60 22 2079907
60 32 2079914
60 13 2079915
60 30 2079915
60 10 2079917
60 2 2079923
60 69 2079930
60 59 2079934
60 51 2079943
60 0 2079951
60 15 2079953
60 1 2079962
60 41 2079966
60 31 2079974
60 6 2079979
60 54 2079986
60 9 2079987
60 4 2079990
60 57 2079994
60 34 2079994
60 62 2079995
60 8 2079996
60 7 2080000
60 33 2080009
60 46 2080015
60 25 2080020
60 66 2080029
60 72 2080034
60 21 2080038
60 3 2080038
60 12 2080038
60 40 2080043
60 27 2080052
60 41 2080060
60 76 2080066
60 5 2080073
60 16 2080077
60 73 2080082
60 67 2080084
60 52 2080091
60 29 2080099
60 39 2080100
61 38 2080104
61 18 2080111
61 59 2080117
61 63 2080118
61 74 2080124
61 68 2080130
61 52 2080133
61 0 2080133
61 13 2080135
61 19 2080144
61 26 2080148
61 75 2080151
61 41 2080157
61 1 2080166
61 64 2080175
61 40 2080178
61 37 2080182
61 14 2080189
61 73 2080189
61 24 2080191
61 9 2080191
61 10 2080192
61 53 2080195
61 18 2080201
61 29 2080207
61 27 2080216
61 16 2080224
61 43 2080228
61 68 2080235
61 34 2080242
61 63 2080249
61 39 2080249
61 12 2080258
61 22 2080259
61 57 2080261
61 52 2080270
61 41 2080273
61 59 2080282
61 13 2080282
61 37 2080288
61 49 2080293
62 15 2080294
62 18 2080299
62 25 2080302
62 31 2080308
62 7 2080316
62 28 2080324
62 50 2080327
62 21 2080332
62 10 2080337
62 44 2080343
62 22 2080352
62 29 2080359
62 43 2080359
62 3 2080366
62 23 2080371
62 30 2080373
62 48 2080380
62 67 2080388
62 33 2080392
62 63 2080398
62 35 2080400
62 6 2080401
62 19 2080407
62 69 2080411
62 36 2080419
62 64 2080419
62 71 2080422
62 3 2080426
62 44 2080432
62 52 2080432
62 2 2080436
62 76 2080436
62 13 2080440
62 40 2080445
62 39 2080446
62 33 2080450
62 32 2080454
62 68 2080454
62 1 2080460
62 54 2080462
62 41 2080465
62 30 2080468
62 10 2080470
62 70 2080470
62 4 2080471
62 11 2080477
62 51 2080480
63 75 2080486
63 13 2080495
63 4 2080504
63 74 2080509
63 38 2080517
63 64 2080520
63 67 2080521
63 28 2080527
63 69 2080535
63 18 2080542
63 25 2080542
63 16 2080548
63 24 2080550
63 73 2080555
63 68 2080557
63 43 2080565
63 39 2080570
63 7 2080570
63 70 2080576
63 65 2080579
63 44 2080580
63 37 2080586
63 3 2080587
63 17 2080595
63 1 2080604
63 33 2080609
63 55 2080616
63 14 2080619
63 47 2080622
63 45 2080631
63 9 2080639
63 50 2080645
63 8 2080654
63 71 2080656
63 6 2080662
63 22 2080669
63 49 2080671
63 16 2080675
63 57 2080680
63 66 2080684
63 1 2080691
63 59 2080697
63 42 2080701
63 19 2080703
63 72 2080706
63 24 2080710
63 4 2080712
63 43 2080719
63 6 2080724
63 69 2080729
63 47 2080731
63 75 2080740
63 32 2080740
63 41 2080744
63 34 2080745
63 54 2080752
63 65 2080755
63 51 2080763
63 46 2080764
63 17 2080764
63 21 2080766
63 2 2080766
63 31 2080767
63 36 2080767
63 27 2080770
63 25 2080770
63 60 2080774
63 29 2080778
63 53 2080787
63 0 2080788
64 43 2080793
64 72 2080798
64 75 2080801
64 71 2080801
64 49 2080810
64 53 2080811
64 2 2080813
64 37 2080817
64 27 2080817
64 23 2080821
64 50 2080827
64 74 2080835
64 3 2080840
64 29 2080847
64 8 2080849
64 56 2080851
64 48 2080853
64 44 2080853
64 69 2080856
64 59 2080864
64 16 2080870
64 73 2080877
64 65 2080878
64 38 2080882
64 60 2080888
64 66 2080890
64 29 2080894
64 14 2080903
64 68 2080905
64 46 2080908
64 32 2080913
64 76 2080918
64 4 2080927
64 54 2080930
64 30 2080937
64 72 2080938
64 12 2080947
64 23 2080947
64 20 2080953
64 7 2080961
64 67 2080969
64 69 2080977
64 26 2080982
64 40 2080985
64 56 2080989
64 8 2080996
64 70 2081001
65 72 2081009
65 55 2081013
65 31 2081021
65 1 2081030
65 68 2081031
65 34 2081034
65 57 2081040
65 63 2081040
65 67 2081042
65 16 2081050
65 32 2081057
65 24 2081065
65 61 2081070
65 44 2081079
65 22 2081088
65 50 2081092
65 3 2081094
65 9 2081095
65 40 2081101
65 37 2081106
65 54 2081111
65 70 2081120
65 19 2081128
65 52 2081131
65 45 2081131
65 36 2081140
65 60 2081147
65 43 2081149
65 7 2081155
65 18 2081159
65 73 2081166
65 4 2081166
65 71 2081173
65 76 2081175
65 15 2081175
65 48 2081181
65 58 2081184
65 42 2081189
65 8 2081198
65 12 2081198
65 53 2081198
65 20 2081200
65 74 2081203
65 75 2081203
65 49 2081207
65 55 2081208
65 9 2081210
65 21 2081216
65 57 2081224
65 30 2081228
65 72 2081237
65 53 2081242
65 28 2081250
65 6 2081257
65 51 2081257
65 47 2081266
65 22 2081270
65 23 2081270
65 38 2081275
65 42 2081276
65 17 2081277
65 37 2081284
65 52 2081289
65 26 2081294
65 36 2081301
65 10 2081305
65 75 2081313
65 35 2081313
65 11 2081317
65 27 2081320
65 48 2081325
65 33 2081331
65 63 2081338
65 8 2081345
65 44 2081352
65 46 2081355
65 24 2081358
65 12 2081358
65 14 2081364
65 13 2081369
65 34 2081378
65 5 2081387
65 16 2081391
65 62 2081392
65 39 2081392
65 29 2081400
65 56 2081405
65 74 2081405
66 49 2081407
66 42 2081410
66 17 2081413
66 30 2081421
66 4 2081426
66 40 2081426
66 22 2081431
66 36 2081434
67 69 2081436
67 68 2081445
67 47 2081448
67 72 2081456
67 53 2081458
67 45 2081460
67 52 2081466
67 9 2081473
67 70 2081480
67 17 2081485
67 50 2081494
67 30 2081502
67 54 2081505
67 37 2081510
67 34 2081515
68 44 2081515
68 21 2081516
68 53 2081516
68 63 2081521
68 36 2081523
68 65 2081530
69 73 2081535
69 23 2081541
69 38 2081549
69 8 2081557
69 58 2081559
69 24 2081568
69 11 2081573
69 49 2081576
70 53 2081581
70 76 2081585
70 22 2081591
70 14 2081591
70 3 2081600
70 40 2081605
70 45 2081606
70 67 2081606
70 50 2081612
70 27 2081613
70 39 2081621
70 17 2081625
70 43 2081627
70 13 2081634
70 0 2081637
70 4 2081640
70 62 2081640
70 47 2081644
70 33 2081651
70 46 2081657
70 38 2081659
70 11 2081661
70 72 2081662
70 51 2081668
70 75 2081668
70 57 2081675
70 18 2081680
70 36 2081680
70 23 2081684
70 17 2081692
70 41 2081695
70 8 2081703
70 34 2081703
70 68 2081709
70 73 2081717
70 15 2081717
70 54 2081724
70 44 2081728
70 59 2081731
70 49 2081739
70 30 2081740
70 66 2081743
70 61 2081749
70 14 2081749
70 21 2081754
70 64 2081763
70 50 2081770
70 3 2081771
70 12 2081775
70 65 2081780
70 5 2081783
70 35 2081785
70 10 2081787
70 29 2081794
70 71 2081800
70 51 2081809
71 65 2081809
71 48 2081812
71 42 2081812
71 12 2081815
71 74 2081824
71 72 2081826
71 21 2081831
71 0 2081838
71 46 2081843
71 70 2081849
71 62 2081851
71 9 2081857
71 31 2081858
71 25 2081867
71 58 2081876
71 36 2081884
71 35 2081884
71 17 2081886
71 60 2081889
71 18 2081892
71 56 2081900
71 8 2081903
71 49 2081912
71 40 2081920
71 26 2081926
71 41 2081932
71 50 2081935
71 60 2081939
71 21 2081940
71 47 2081940
71 55 2081946
71 72 2081954
71 37 2081960
71 68 2081969
71 17 2081978
71 7 2081980
71 25 2081986
71 76 2081989
71 31 2081990
71 36 2081994
71 33 2082003
71 62 2082007
71 66 2082011
71 45 2082013
71 10 2082019
71 8 2082022
71 48 2082027
71 57 2082034
72 10 2082034
72 39 2082037
72 58 2082037
72 40 2082042
72 13 2082051
72 44 2082052
72 64 2082058
72 4 2082063
72 65 2082068
72 73 2082071
72 70 2082071
72 71 2082080
72 51 2082086
72 0 2082086
72 30 2082087
72 15 2082091
72 38 2082096
72 48 2082103
72 32 2082106
72 14 2082112
72 43 2082121
72 54 2082121
72 42 2082128
72 69 2082129
72 60 2082134
72 8 2082142
72 18 2082145
72 67 2082151
72 17 2082153
72 61 2082162
72 27 2082162
72 2 2082165
72 63 2082166
72 62 2082173
72 1 2082178
72 6 2082182
72 28 2082183
72 41 2082189
72 26 2082194
72 9 2082197
72 31 2082206
72 56 2082208
72 10 2082208
72 1 2082210
72 24 2082215
72 45 2082221
72 62 2082227
72 15 2082228
72 16 2082236
72 27 2082241
72 38 2082248
72 21 2082257
72 59 2082262
72 74 2082267
72 48 2082267
72 13 2082274
72 50 2082281
72 32 2082283
72 68 2082283
72 36 2082289
72 55 2082294
72 52 2082300
72 73 2082306
72 5 2082306
72 34 2082314
72 29 2082321
72 26 2082322
72 0 2082330
72 60 2082330
72 69 2082335
72 22 2082344
72 47 2082347
72 39 2082353
72 53 2082362
72 35 2082369
72 31 2082374
72 65 2082380
72 37 2082386
72 76 2082388
72 14 2082390
72 4 2082397
72 33 2082397
72 43 2082400
72 58 2082407
72 75 2082408
73 32 2082412
73 67 2082413
73 23 2082417
73 64 2082420
73 15 2082424
73 3 2082433
73 19 2082442
73 74 2082442
73 7 2082451
73 1 2082457
73 40 2082458
73 22 2082465
73 8 2082466
73 50 2082475
73 5 2082480
73 70 2082488
73 24 2082488
73 43 2082495
73 66 2082496
73 34 2082498
73 52 2082502
73 56 2082505
73 16 2082509
73 58 2082515
73 39 2082520
73 46 2082527
73 26 2082533
73 0 2082541
73 2 2082546
73 29 2082548
73 30 2082556
73 28 2082560
73 13 2082564
73 27 2082573
73 37 2082580
73 60 2082584
73 76 2082590
73 10 2082598
73 72 2082605
73 35 2082612
73 61 2082615
73 57 2082622
73 59 2082630
73 37 2082633
73 42 2082640
73 74 2082642
73 57 2082651
73 58 2082655
73 16 2082660
73 71 2082667
73 2 2082674
73 52 2082678
73 60 2082680
73 18 2082686
73 39 2082690
73 70 2082690
73 24 2082698
73 12 2082706
73 11 2082706
73 6 2082709
73 34 2082709
73 47 2082712
73 48 2082720
73 72 2082720
73 50 2082727
73 23 2082728
73 5 2082731
73 19 2082739
73 36 2082740
73 63 2082748
73 59 2082751
73 68 2082755
73 31 2082764
73 75 2082772
73 29 2082780
73 13 2082788
73 15 2082795
73 38 2082801
73 45 2082805
73 51 2082813
73 9 2082814
73 67 2082816
73 33 2082822
73 62 2082829
73 44 2082832
73 21 2082839
73 7 2082841
73 43 2082843
73 3 2082843
74 27 2082849
74 10 2082849
74 21 2082858
74 34 2082865
74 53 2082869
74 68 2082870
74 52 2082873
74 59 2082878
74 35 2082880
74 11 2082881
74 18 2082886
74 19 2082894
74 48 2082899
74 65 2082904
74 46 2082906
74 71 2082908
74 13 2082909
74 56 2082909
74 25 2082916
74 36 2082922
74 12 2082931
74 29 2082938
74 39 2082944
74 51 2082948
74 59 2082952
74 32 2082955
74 49 2082958
74 42 2082966
74 9 2082969
74 24 2082978
74 62 2082982
74 44 2082991
74 61 2082991
74 70 2082991
74 50 2082995
74 26 2083001
74 30 2083009
74 45 2083014
74 56 2083022
74 12 2083025
74 34 2083033
74 16 2083039
74 41 2083045
75 27 2083045
75 73 2083047
75 59 2083050
75 49 2083059
75 42 2083063
75 6 2083065
75 16 2083065
75 0 2083068
75 48 2083075
75 7 2083077
75 15 2083083
75 72 2083086
75 5 2083088
75 45 2083095
75 66 2083095
75 60 2083099
75 23 2083105
75 22 2083110
75 19 2083111
75 9 2083116
75 76 2083122
75 2 2083126
75 4 2083134
75 19 2083140
75 76 2083148
75 36 2083155
75 42 2083159
75 57 2083163
75 8 2083166
75 28 2083171
75 49 2083176
75 1 2083178
75 39 2083184
75 64 2083188
75 38 2083188
75 74 2083197
75 13 2083204
75 31 2083209
75 5 2083211
75 40 2083212
75 45 2083213
75 46 2083216
75 26 2083223
75 62 2083226
76 27 2083231
76 42 2083237
76 58 2083237
76 66 2083243
76 72 2083243
76 41 2083252
76 73 2083260
76 33 2083268
76 31 2083275
76 45 2083276
76 20 2083281
76 6 2083282
76 67 2083289
76 55 2083290
76 32 2083293
76 36 2083302
76 1 2083307
76 14 2083307
76 39 2083313
76 17 2083313
76 50 2083321
76 7 2083329
76 44 2083338
76 8 2083347
76 0 2083349
76 24 2083358
76 51 2083359
76 63 2083359
76 19 2083362
76 9 2083367
76 11 2083374
76 46 2083376
76 49 2083385
76 42 2083386
76 6 2083392
76 19 2083395
76 5 2083396
76 66 2083401
76 67 2083405
76 10 2083412
76 17 2083421
76 75 2083424
76 63 2083432
76 31 2083432
76 40 2083441
76 24 2083448
76 45 2083449
76 30 2083450
76 36 2083454
76 23 2083454
76 1 2083456
76 8 2083463
76 56 2083472
76 44 2083478
76 32 2083485
76 2 2083494
76 39 2083494
76 12 2083500
76 37 2083503
76 38 2083507
76 59 2083516
76 22 2083518
76 71 2083527
76 41 2083531
76 69 2083537
76 62 2083546
76 47 2083550
76 21 2083550
76 73 2083552
76 7 2083560
