80
false
0 56 2309969
0 67 2309976
0 18 2309979
0 32 2309984
0 36 2309991
0 33 2309995
0 48 2310004
0 44 2310009
0 8 2310013
0 37 2310017
0 20 2310023
0 49 2310025
0 17 2310026
0 10 2310033
0 43 2310038
0 30 2310041
0 3 2310045
0 31 2310047
0 14 2310051
0 57 2310055
0 15 2310057
0 11 2310058
0 2 2310063
0 70 2310070
0 5 2310076
0 66 2310085
0 73 2310092
0 11 2310094
0 47 2310098
0 32 2310103
0 35 2310104
0 22 2310112
0 53 2310120
0 30 2310123
0 18 2310125
0 46 2310126
0 75 2310129
0 41 2310133
0 20 2310140
0 69 2310142
0 10 2310144
0 74 2310151
0 39 2310154
0 9 2310158
0 76 2310164
1 18 2310171
1 60 2310177
1 49 2310178
1 41 2310187
1 35 2310196
1 70 2310198
1 22 2310199
1 26 2310201
1 0 2310210
1 63 2310212
1 51 2310218
1 68 2310218
1 55 2310220
1 21 2310221
1 10 2310230
1 58 2310230
1 16 2310238
1 66 2310239
1 12 2310246
1 69 2310247
1 3 2310251
1 43 2310253
1 44 2310256
1 52 2310264
1 74 2310264
1 27 2310268
1 9 2310275
1 30 2310284
1 76 2310292
1 31 2310295
1 78 2310304
1 32 2310305
1 53 2310308
1 56 2310317
1 47 2310317
1 13 2310318
1 39 2310321
1 25 2310326
1 2 2310332
1 72 2310334
1 37 2310343
1 23 2310351
1 33 2310356
1 19 2310359
1 60 2310363
1 54 2310371
1 15 2310371
1 59 2310374
1 10 2310378
1 66 2310386
1 64 2310388
1 34 2310397
1 44 2310399
1 22 2310406
1 11 2310407
1 78 2310412
1 68 2310420
1 51 2310420
1 3 2310421
1 9 2310421
1 79 2310426
1 69 2310429
1 13 2310437
1 39 2310444
1 52 2310450
1 46 2310454
1 77 2310463
1 67 2310468
1 49 2310476
1 25 2310480
1 14 2310482
1 73 2310485
1 61 2310488
1 48 2310494
1 8 2310498
1 6 2310503
1 40 2310512
1 17 2310514
2 71 2310520
2 22 2310525
2 78 2310533
2 7 2310537
2 62 2310539
2 77 2310546
2 0 2310549
2 42 2310557
2 9 2310558
2 37 2310565
2 56 2310572
2 6 2310572
2 75 2310572
2 53 2310574
2 52 2310576
2 30 2310581
2 28 2310584
2 72 2310592
2 73 2310601
3 55 2310602
3 71 2310606
3 64 2310612
3 46 2310614
3 8 2310621
3 62 2310626
3 59 2310630
3 38 2310637
3 66 2310639
3 19 2310639
3 16 2310639
3 18 2310643
3 10 2310647
3 48 2310649
3 0 2310655
3 25 2310658
3 60 2310667
3 69 2310676
3 34 2310685
3 37 2310689
3 27 2310690
3 53 2310694
3 17 2310698
3 11 2310701
3 56 2310710
3 29 2310711
3 72 2310714
3 79 2310718
3 7 2310727
3 26 2310735
3 21 2310742
3 77 2310749
3 50 2310756
3 67 2310761
3 58 2310765
3 51 2310773
3 43 2310774
3 49 2310781
3 57 2310789
3 1 2310795
3 4 2310795
3 78 2310800
3 76 2310805
3 63 2310807
3 5 2310808
3 65 2310814
3 39 2310819
3 12 2310825
3 20 2310830
3 56 2310834
3 42 2310840
3 70 2310842
3 38 2310848
3 22 2310853
3 75 2310855
3 12 2310857
3 39 2310863
3 37 2310866
3 78 2310868
3 9 2310877
3 57 2310885
3 2 2310890
3 76 2310894
3 11 2310896
3 29 2310901
3 10 2310906
3 28 2310911
3 14 2310918
3 41 2310919
3 15 2310924
3 43 2310926
3 27 2310932
3 72 2310941
3 5 2310942
3 58 2310945
3 55 2310946
3 66 2310951
3 19 2310953
3 33 2310956
3 60 2310962
3 59 2310965
3 21 2310970
3 16 2310979
3 31 2310982
3 49 2310986
3 71 2310990
3 65 2310990
3 53 2310999
3 61 2311000
3 64 2311009
3 73 2311011
3 36 2311016
3 23 2311017
3 45 2311023
3 24 2311025
3 69 2311033
3 54 2311041
4 53 2311047
4 13 2311051
4 54 2311055
4 75 2311061
4 10 2311065
4 61 2311070
4 52 2311078
4 60 2311086
4 39 2311088
5 73 2311095
5 40 2311104
5 72 2311106
5 61 2311108
5 56 2311117
5 28 2311123
5 22 2311127
5 29 2311133
5 60 2311138
5 63 2311146
5 65 2311153
5 30 2311153
5 0 2311156
5 41 2311165
5 55 2311171
5 64 2311173
5 46 2311175
5 37 2311184
5 70 2311190
5 6 2311190
5 3 2311195
5 48 2311200
5 10 2311203
5 27 2311205
5 14 2311205
5 53 2311209
5 13 2311216
5 20 2311221
5 74 2311224
5 78 2311225
5 77 2311232
5 42 2311239
5 25 2311240
5 26 2311240
5 41 2311240
5 68 2311247
5 49 2311247
5 23 2311256
5 65 2311265
5 44 2311267
5 75 2311271
5 19 2311280
5 59 2311284
5 47 2311286
5 31 2311292
5 46 2311300
5 11 2311309
5 43 2311315
5 15 2311318
5 53 2311326
5 45 2311327
5 18 2311332
5 38 2311333
5 58 2311340
5 42 2311347
5 29 2311353
5 60 2311355
5 8 2311356
5 77 2311360
5 71 2311364
5 37 2311367
5 30 2311367
5 64 2311376
5 48 2311383
6 23 2311388
6 51 2311396
6 4 2311396
6 47 2311396
6 27 2311398
6 13 2311406
6 17 2311408
6 5 2311416
6 39 2311421
6 44 2311421
6 73 2311430
6 21 2311433
6 35 2311433
6 3 2311437
6 60 2311442
6 45 2311447
6 7 2311451
6 12 2311453
6 42 2311460
6 2 2311469
6 20 2311469
6 14 2311475
6 50 2311480
6 26 2311485
6 28 2311494
6 16 2311498
6 37 2311506
6 19 2311510
6 59 2311519
6 71 2311522
6 55 2311522
6 57 2311528
6 38 2311530
6 31 2311535
6 68 2311541
6 46 2311545
6 22 2311554
6 32 2311561
6 66 2311561
6 61 2311562
6 56 2311570
6 65 2311576
6 76 2311578
6 74 2311578
6 24 2311583
6 5 2311591
6 32 2311592
6 29 2311601
6 41 2311610
6 12 2311610
6 27 2311618
6 62 2311627
6 71 2311631
6 0 2311632
6 78 2311640
6 69 2311645
6 47 2311649
6 33 2311654
6 8 2311661
6 64 2311662
6 73 2311668
6 54 2311676
6 58 2311679
6 20 2311687
6 51 2311688
6 42 2311693
6 13 2311696
6 72 2311700
6 67 2311706
6 25 2311707
6 38 2311713
6 7 2311715
6 48 2311722
6 30 2311726
6 19 2311727
6 35 2311727
6 2 2311736
6 39 2311739
6 43 2311746
6 36 2311746
6 14 2311751
6 34 2311756
6 1 2311763
6 65 2311765
6 52 2311768
6 28 2311770
6 26 2311776
7 63 2311782
7 5 2311787
7 45 2311796
7 2 2311796
7 74 2311805
7 14 2311810
7 15 2311811
7 4 2311819
7 59 2311819
7 20 2311828
7 42 2311833
8 43 2311837
8 12 2311839
8 53 2311847
8 65 2311853
8 26 2311855
8 1 2311856
8 21 2311861
8 3 2311866
8 16 2311874
8 30 2311875
8 39 2311882
8 79 2311882
8 9 2311884
8 20 2311887
8 67 2311889
8 63 2311897
8 34 2311902
8 61 2311906
8 70 2311915
8 62 2311918
8 2 2311921
8 66 2311929
8 54 2311936
8 64 2311944
8 18 2311945
8 69 2311954
8 41 2311963
8 23 2311970
8 44 2311973
8 49 2311979
8 59 2311980
8 45 2311981
8 36 2311988
8 47 2311991
8 37 2311997
8 25 2311999
8 35 2312000
8 50 2312003
8 13 2312004
8 42 2312011
8 33 2312014
8 73 2312018
8 58 2312019
8 38 2312028
8 10 2312030
8 32 2312035
8 27 2312040
8 77 2312041
8 55 2312041
8 25 2312041
8 76 2312042
8 15 2312046
8 13 2312050
8 65 2312052
8 56 2312059
8 5 2312068
8 26 2312077
8 62 2312077
8 78 2312079
8 31 2312081
8 6 2312087
8 39 2312092
8 61 2312098
8 68 2312106
8 69 2312110
8 35 2312114
8 20 2312114
8 10 2312119
8 2 2312125
8 73 2312134
8 38 2312135
8 44 2312144
8 4 2312151
8 63 2312151
8 43 2312153
8 57 2312154
8 34 2312159
8 29 2312166
8 71 2312170
8 1 2312170
8 30 2312176
8 18 2312185
8 42 2312190
8 45 2312195
8 47 2312197
8 14 2312205
8 58 2312207
8 40 2312215
8 32 2312224
8 28 2312233
9 37 2312237
9 39 2312244
9 58 2312245
9 21 2312245
9 26 2312251
9 11 2312255
9 36 2312256
9 76 2312265
9 35 2312265
9 34 2312269
9 23 2312276
9 31 2312279
9 61 2312284
9 53 2312287
9 63 2312291
9 56 2312297
9 1 2312301
9 46 2312310
9 70 2312315
9 59 2312322
9 12 2312322
9 14 2312326
9 65 2312335
9 38 2312342
9 72 2312348
9 6 2312350
9 18 2312356
9 2 2312364
9 48 2312371
9 10 2312372
9 13 2312373
9 50 2312380
9 64 2312381
9 54 2312388
9 62 2312389
9 68 2312392
9 17 2312401
9 63 2312404
9 65 2312404
9 18 2312407
9 1 2312410
9 46 2312415
9 11 2312418
9 49 2312423
9 76 2312432
9 2 2312435
9 39 2312441
9 54 2312448
9 45 2312450
9 72 2312452
9 42 2312460
9 78 2312469
9 48 2312471
9 66 2312476
9 74 2312484
9 13 2312485
9 68 2312487
9 67 2312492
9 12 2312493
9 3 2312502
9 0 2312509
9 79 2312516
9 52 2312517
9 14 2312526
9 10 2312531
9 58 2312538
9 50 2312544
9 55 2312551
9 24 2312559
9 38 2312565
9 33 2312568
9 56 2312572
9 75 2312576
9 44 2312576
9 21 2312585
10 60 2312594
10 24 2312601
10 18 2312602
10 8 2312611
10 17 2312618
10 42 2312620
10 11 2312629
10 25 2312638
10 55 2312640
10 50 2312646
10 47 2312654
10 44 2312659
10 37 2312661
10 16 2312669
10 29 2312677
10 48 2312686
10 57 2312694
10 41 2312703
10 72 2312707
10 58 2312709
10 30 2312717
10 28 2312721
10 67 2312721
10 67 2312721
10 6 2312723
10 39 2312731
10 31 2312739
10 62 2312739
10 78 2312739
10 76 2312745
10 52 2312748
10 24 2312748
10 46 2312753
10 65 2312754
10 54 2312763
10 33 2312767
10 49 2312774
10 11 2312783
10 17 2312791
10 1 2312796
10 13 2312799
10 43 2312803
10 41 2312810
10 56 2312811
10 57 2312815
10 69 2312824
10 45 2312826
10 7 2312833
11 28 2312833
11 71 2312841
11 67 2312845
11 77 2312851
11 65 2312852
11 78 2312856
11 6 2312860
11 17 2312863
11 50 2312871
11 72 2312875
11 29 2312877
11 64 2312882
11 76 2312890
11 36 2312895
11 3 2312898
11 47 2312904
11 61 2312910
11 60 2312911
11 54 2312916
11 42 2312923
11 75 2312931
11 23 2312940
11 35 2312948
11 62 2312954
11 24 2312960
11 30 2312969
11 32 2312969
11 55 2312976
11 57 2312976
11 56 2312982
11 74 2312991
11 48 2312995
11 69 2313000
11 7 2313000
11 63 2313004
11 12 2313007
11 46 2313016
11 35 2313021
11 1 2313028
11 73 2313029
11 66 2313034
11 24 2313036
11 72 2313036
11 36 2313039
11 68 2313043
11 7 2313050
11 21 2313051
11 17 2313052
11 65 2313053
11 33 2313056
11 77 2313065
11 32 2313069
11 26 2313078
11 9 2313085
11 75 2313090
11 23 2313099
11 69 2313102
11 57 2313104
11 51 2313107
11 29 2313111
11 55 2313119
11 15 2313119
11 58 2313123
11 42 2313124
11 61 2313127
11 45 2313135
11 52 2313139
11 19 2313140
11 16 2313144
11 22 2313151
11 79 2313152
11 12 2313155
11 10 2313161
11 48 2313161
11 13 2313161
11 49 2313164
12 44 2313168
12 37 2313175
12 2 2313177
12 47 2313181
12 8 2313190
12 25 2313191
12 35 2313200
12 63 2313205
12 29 2313207
12 76 2313207
12 26 2313216
12 52 2313218
12 69 2313220
12 61 2313221
12 60 2313228
12 57 2313234
12 39 2313242
12 14 2313247
12 68 2313252
12 23 2313261
12 21 2313265
12 78 2313268
12 74 2313273
12 4 2313277
12 5 2313286
12 65 2313295
12 77 2313301
12 40 2313307
12 3 2313316
12 54 2313318
12 33 2313320
12 72 2313328
12 10 2313335
12 56 2313342
12 53 2313344
12 9 2313352
12 27 2313359
12 7 2313363
12 6 2313372
12 39 2313379
12 24 2313382
12 42 2313390
12 4 2313399
12 14 2313408
12 63 2313410
12 11 2313413
12 20 2313413
12 48 2313416
12 53 2313416
12 75 2313418
12 22 2313419
12 78 2313426
12 9 2313434
12 28 2313439
12 57 2313441
12 33 2313444
12 62 2313451
12 77 2313452
12 58 2313452
12 32 2313460
12 60 2313467
12 3 2313469
12 16 2313476
12 34 2313483
12 71 2313486
12 17 2313492
12 74 2313497
12 8 2313501
12 50 2313506
12 36 2313514
12 13 2313522
12 47 2313525
12 21 2313526
12 1 2313527
12 61 2313536
12 54 2313543
12 79 2313550
12 73 2313558
12 64 2313566
13 52 2313574
13 73 2313581
13 33 2313585
13 36 2313591
13 37 2313599
13 8 2313605
13 23 2313609
13 19 2313614
13 50 2313622
13 24 2313631
13 51 2313631
13 29 2313636
13 57 2313640
13 21 2313645
13 76 2313648
13 44 2313649
13 1 2313658
13 7 2313665
13 46 2313668
13 45 2313674
13 3 2313683
13 18 2313685
13 20 2313685
13 60 2313685
13 43 2313687
13 25 2313695
13 22 2313696
13 79 2313705
13 41 2313711
13 55 2313719
13 65 2313722
13 62 2313722
13 9 2313727
13 5 2313734
13 26 2313734
13 69 2313742
13 75 2313746
13 42 2313746
13 4 2313752
13 12 2313757
13 64 2313757
13 63 2313762
13 38 2313762
13 40 2313766
13 27 2313766
13 47 2313772
13 11 2313781
13 7 2313790
13 75 2313793
13 3 2313800
13 37 2313802
13 73 2313802
13 53 2313805
13 12 2313809
13 79 2313817
13 39 2313818
13 42 2313822
13 18 2313826
13 51 2313828
13 14 2313831
13 78 2313834
13 28 2313836
13 59 2313842
13 69 2313843
13 21 2313848
13 68 2313854
13 8 2313856
13 22 2313865
13 20 2313867
13 30 2313871
13 58 2313879
13 49 2313880
13 52 2313883
13 66 2313889
13 17 2313891
13 45 2313893
13 4 2313897
13 56 2313904
13 76 2313907
13 60 2313913
13 38 2313915
13 40 2313923
13 48 2313924
13 41 2313927
13 23 2313936
13 71 2313939
13 26 2313944
13 10 2313944
14 7 2313945
14 47 2313948
14 1 2313955
14 21 2313964
14 60 2313967
14 59 2313970
14 17 2313979
14 64 2313979
14 39 2313988
14 5 2313992
14 43 2314000
14 2 2314009
14 3 2314013
14 52 2314018
14 63 2314019
14 79 2314019
14 54 2314021
14 9 2314028
14 23 2314029
14 40 2314032
14 32 2314035
14 20 2314038
14 39 2314040
14 57 2314048
14 52 2314053
14 33 2314060
14 13 2314067
14 36 2314075
14 46 2314082
14 45 2314091
14 26 2314098
14 38 2314102
15 46 2314108
15 44 2314108
15 28 2314116
15 61 2314117
15 17 2314117
15 32 2314122
15 62 2314129
15 64 2314129
15 16 2314130
15 12 2314135
15 63 2314142
15 44 2314143
15 6 2314148
15 58 2314155
15 14 2314159
15 11 2314165
15 63 2314166
15 17 2314172
15 69 2314179
15 41 2314180
15 74 2314183
15 19 2314192
15 73 2314199
16 36 2314208
16 43 2314217
16 38 2314224
16 61 2314230
16 42 2314238
16 54 2314239
16 41 2314242
16 78 2314248
16 56 2314254
16 2 2314259
16 45 2314262
16 19 2314262
16 18 2314262
16 7 2314270
16 0 2314276
16 26 2314277
16 32 2314279
16 75 2314280
16 28 2314287
16 55 2314296
16 77 2314304
16 22 2314305
16 64 2314312
16 26 2314315
16 59 2314319
16 73 2314319
16 8 2314321
16 29 2314321
16 20 2314321
16 11 2314327
16 23 2314331
16 68 2314340
16 57 2314346
16 56 2314348
16 38 2314356
16 35 2314362
16 12 2314369
16 52 2314371
16 45 2314378
16 10 2314378
16 42 2314378
16 4 2314383
16 53 2314383
16 69 2314392
17 8 2314398
17 7 2314404
17 11 2314411
17 34 2314420
17 64 2314422
17 62 2314425
17 75 2314429
17 49 2314431
17 57 2314440
17 35 2314441
17 61 2314450
17 74 2314453
17 24 2314455
17 76 2314459
17 46 2314464
17 69 2314468
17 5 2314473
17 21 2314474
17 45 2314483
17 9 2314483
17 65 2314491
17 50 2314494
17 72 2314497
17 4 2314502
17 67 2314503
17 66 2314505
17 77 2314508
17 79 2314516
17 46 2314522
17 55 2314524
17 7 2314528
17 4 2314530
17 74 2314531
17 19 2314534
17 13 2314539
17 65 2314546
17 9 2314546
17 56 2314550
17 32 2314552
17 71 2314553
17 33 2314553
17 15 2314553
17 0 2314555
17 51 2314561
17 44 2314570
17 72 2314570
17 3 2314577
17 54 2314579
17 45 2314588
17 68 2314592
17 1 2314600
17 53 2314605
17 62 2314610
17 18 2314614
17 28 2314615
17 14 2314621
17 34 2314629
17 20 2314631
17 31 2314635
18 53 2314641
18 41 2314647
18 24 2314649
18 76 2314649
18 33 2314655
18 73 2314655
18 59 2314664
18 75 2314666
18 15 2314669
18 45 2314670
18 23 2314675
18 43 2314682
18 16 2314690
18 12 2314692
18 3 2314692
18 11 2314696
18 28 2314703
18 67 2314704
18 66 2314704
18 42 2314711
18 71 2314714
18 54 2314717
18 52 2314719
18 69 2314727
18 47 2314727
18 21 2314731
18 39 2314733
18 51 2314738
18 19 2314739
18 30 2314740
18 8 2314740
18 70 2314745
18 72 2314753
18 7 2314759
18 35 2314768
18 4 2314769
18 44 2314772
18 29 2314775
18 34 2314777
18 60 2314777
18 6 2314777
18 46 2314777
18 32 2314778
18 1 2314786
18 36 2314787
18 62 2314787
18 40 2314795
18 13 2314795
18 64 2314802
18 0 2314806
18 52 2314806
18 55 2314807
18 30 2314815
18 57 2314817
18 23 2314820
18 7 2314826
18 4 2314831
18 17 2314837
18 50 2314841
18 68 2314847
18 6 2314847
18 38 2314853
18 76 2314853
18 20 2314856
18 11 2314860
18 56 2314863
18 67 2314866
18 58 2314870
18 15 2314873
18 47 2314875
18 59 2314878
18 77 2314879
18 16 2314886
18 45 2314888
18 36 2314897
18 53 2314903
18 79 2314910
18 9 2314916
18 33 2314918
18 46 2314924
18 10 2314925
18 19 2314934
18 43 2314942
18 5 2314946
18 63 2314948
18 44 2314956
18 70 2314962
18 2 2314962
18 51 2314967
19 67 2314971
19 77 2314979
19 6 2314986
19 33 2314990
19 75 2314994
19 22 2314995
19 78 2315000
19 55 2315002
19 73 2315008
19 38 2315009
19 72 2315012
19 50 2315012
19 56 2315016
19 18 2315023
19 51 2315028
19 46 2315034
19 3 2315038
19 44 2315040
19 70 2315048
19 34 2315048
19 32 2315055
19 10 2315062
19 17 2315068
19 54 2315068
19 29 2315075
19 5 2315076
19 11 2315080
19 48 2315080
19 71 2315083
19 35 2315090
19 9 2315095
19 47 2315098
19 2 2315106
19 25 2315108
19 21 2315112
19 66 2315119
19 16 2315125
19 53 2315125
19 52 2315131
19 26 2315132
19 13 2315135
19 0 2315143
19 24 2315144
19 79 2315148
19 53 2315149
19 74 2315158
19 8 2315163
19 58 2315172
19 16 2315175
19 33 2315184
19 39 2315185
19 60 2315187
19 65 2315188
19 32 2315197
19 57 2315198
19 28 2315207
19 55 2315216
19 0 2315217
19 23 2315222
19 14 2315226
19 1 2315231
19 2 2315237
19 62 2315239
19 17 2315247
19 25 2315248
19 67 2315254
19 20 2315263
19 61 2315266
19 21 2315266
19 36 2315275
19 71 2315278
19 48 2315279
19 4 2315280
19 78 2315281
19 38 2315283
19 52 2315287
19 56 2315288
19 42 2315295
19 70 2315303
19 9 2315303
19 31 2315304
19 3 2315310
19 73 2315312
19 64 2315317
19 7 2315318
19 54 2315324
19 43 2315330
19 5 2315330
19 79 2315339
19 41 2315348
19 15 2315350
19 51 2315354
19 18 2315357
19 47 2315362
20 78 2315364
20 22 2315366
20 0 2315370
20 75 2315370
20 49 2315371
20 67 2315376
20 51 2315377
20 63 2315382
20 23 2315386
20 41 2315390
20 36 2315397
20 18 2315398
20 28 2315402
20 31 2315406
20 1 2315414
20 54 2315415
20 13 2315421
20 3 2315424
20 62 2315425
20 55 2315434
20 72 2315440
20 5 2315449
20 69 2315450
20 11 2315455
20 7 2315455
20 68 2315455
20 9 2315457
20 24 2315459
20 70 2315468
20 73 2315471
20 27 2315479
20 40 2315488
20 60 2315494
20 58 2315497
20 74 2315505
20 37 2315510
20 12 2315517
20 61 2315520
20 10 2315522
20 34 2315527
20 65 2315535
20 45 2315542
20 32 2315549
20 59 2315555
20 38 2315564
20 76 2315571
20 47 2315571
20 33 2315576
20 77 2315585
20 16 2315585
20 53 2315588
20 33 2315596
20 11 2315600
20 59 2315605
20 14 2315610
20 45 2315615
20 69 2315617
20 10 2315624
20 61 2315624
20 30 2315632
20 48 2315634
20 18 2315641
20 66 2315649
20 49 2315650
20 22 2315652
20 56 2315652
20 42 2315653
20 5 2315661
20 9 2315663
20 34 2315663
20 26 2315669
20 47 2315677
20 37 2315684
20 68 2315684
20 77 2315684
20 74 2315689
20 55 2315693
20 36 2315701
20 27 2315710
20 35 2315715
20 51 2315720
20 6 2315724
20 24 2315724
20 2 2315732
20 13 2315732
20 25 2315732
20 79 2315737
20 39 2315738
20 16 2315743
20 71 2315743
20 4 2315749
20 8 2315752
20 1 2315755
20 17 2315764
20 73 2315773
20 76 2315781
20 38 2315786
20 44 2315786
20 32 2315792
20 23 2315799
20 50 2315806
21 15 2315810
21 64 2315818
21 16 2315827
21 36 2315831
21 55 2315836
21 49 2315841
21 74 2315845
21 3 2315845
21 35 2315850
21 69 2315851
21 11 2315857
21 45 2315857
21 53 2315859
21 25 2315867
21 9 2315876
21 54 2315876
21 6 2315877
21 10 2315880
21 63 2315885
21 18 2315892
21 73 2315893
21 13 2315902
21 48 2315904
21 22 2315905
21 56 2315906
21 30 2315907
21 20 2315907
21 77 2315911
21 23 2315918
21 39 2315920
21 19 2315924
21 40 2315933
21 7 2315939
21 42 2315939
21 47 2315941
21 66 2315947
21 62 2315954
21 28 2315957
21 33 2315965
21 46 2315967
21 37 2315968
21 17 2315972
21 72 2315977
21 26 2315981
21 50 2315989
21 5 2315998
21 31 2315998
21 70 2316005
21 46 2316011
21 19 2316014
21 64 2316019
21 28 2316023
21 51 2316024
21 58 2316033
21 48 2316034
21 49 2316038
21 63 2316039
21 72 2316048
21 25 2316054
21 74 2316062
21 7 2316062
21 77 2316070
21 60 2316078
21 75 2316087
21 56 2316093
21 54 2316094
21 35 2316099
21 22 2316105
21 36 2316109
21 37 2316112
21 73 2316113
21 65 2316115
21 41 2316118
21 57 2316127
21 10 2316136
21 67 2316136
21 55 2316143
21 0 2316144
21 24 2316151
21 2 2316153
21 8 2316161
21 26 2316167
21 27 2316168
21 17 2316174
21 52 2316174
21 14 2316183
21 15 2316183
21 42 2316184
21 68 2316192
21 66 2316192
21 38 2316192
21 16 2316200
21 53 2316207
22 34 2316215
22 37 2316219
22 10 2316226
22 12 2316231
22 46 2316240
22 72 2316248
22 25 2316254
22 59 2316257
22 55 2316266
22 73 2316267
22 63 2316270
22 51 2316279
22 56 2316287
22 14 2316287
22 4 2316294
22 78 2316301
22 64 2316304
22 24 2316306
22 74 2316312
22 20 2316314
22 62 2316317
22 9 2316321
22 60 2316325
22 5 2316332
22 11 2316338
22 48 2316341
22 32 2316349
22 49 2316352
22 2 2316355
22 33 2316355
22 67 2316361
22 44 2316362
22 70 2316364
22 52 2316364
22 15 2316369
22 45 2316372
22 36 2316372
22 47 2316380
22 61 2316382
22 26 2316386
22 57 2316394
22 17 2316401
22 47 2316404
22 74 2316405
22 35 2316411
22 53 2316417
22 40 2316418
22 62 2316427
22 77 2316432
22 8 2316441
22 37 2316446
22 58 2316454
22 21 2316456
22 61 2316463
22 16 2316471
22 27 2316476
22 68 2316483
22 30 2316485
22 28 2316490
22 33 2316493
22 42 2316497
22 15 2316501
22 45 2316505
22 1 2316508
22 43 2316516
22 9 2316525
22 41 2316527
22 11 2316528
22 31 2316536
22 56 2316539
22 73 2316540
22 57 2316545
22 55 2316549
22 51 2316552
22 20 2316554
22 26 2316557
22 7 2316566
22 52 2316574
22 63 2316577
22 14 2316585
22 48 2316590
23 56 2316590
23 58 2316599
23 43 2316608
23 71 2316615
23 34 2316617
23 20 2316621
23 47 2316629
23 70 2316629
23 38 2316638
23 14 2316644
23 74 2316651
23 39 2316652
23 1 2316657
23 2 2316666
23 57 2316668
23 9 2316676
23 49 2316685
23 48 2316690
23 41 2316690
23 62 2316690
23 50 2316692
23 8 2316695
23 16 2316700
23 75 2316706
23 61 2316714
23 42 2316718
23 44 2316724
23 55 2316733
23 65 2316737
23 64 2316741
23 45 2316748
23 76 2316755
23 31 2316757
23 46 2316758
23 52 2316764
23 69 2316773
23 51 2316778
23 10 2316783
23 24 2316790
23 72 2316795
23 3 2316799
23 5 2316802
23 32 2316809
23 29 2316818
23 30 2316821
23 7 2316822
23 28 2316822
23 63 2316824
23 37 2316828
23 25 2316837
23 27 2316846
23 56 2316851
23 71 2316852
23 12 2316854
23 16 2316859
23 24 2316863
23 46 2316868
23 32 2316872
23 7 2316876
23 74 2316885
23 40 2316885
23 42 2316888
23 75 2316893
23 10 2316902
23 43 2316903
23 44 2316911
23 54 2316918
23 29 2316926
23 59 2316932
23 3 2316936
23 72 2316938
23 48 2316942
23 26 2316950
23 60 2316950
23 20 2316950
23 69 2316955
23 57 2316962
23 68 2316970
23 2 2316979
23 47 2316985
23 79 2316986
23 66 2316995
23 39 2317000
23 49 2317009
23 28 2317010
23 19 2317014
23 25 2317021
23 67 2317024
23 65 2317032
23 6 2317036
23 77 2317045
23 50 2317048
23 21 2317049
23 4 2317051
23 41 2317051
23 45 2317051
23 30 2317058
23 70 2317058
23 35 2317066
23 53 2317070
23 11 2317070
24 62 2317076
24 63 2317079
24 37 2317088
24 30 2317088
24 50 2317095
24 29 2317099
24 1 2317105
24 6 2317108
24 41 2317109
24 0 2317110
24 44 2317116
24 55 2317123
24 61 2317128
24 64 2317135
24 2 2317138
24 49 2317140
24 3 2317149
24 11 2317152
24 76 2317158
24 36 2317160
24 9 2317162
24 52 2317167
24 8 2317176
24 51 2317183
24 18 2317191
24 60 2317200
24 4 2317209
24 57 2317209
24 75 2317209
24 19 2317217
24 66 2317218
24 34 2317220
24 39 2317229
24 11 2317234
24 15 2317234
24 63 2317238
24 21 2317244
24 4 2317249
24 16 2317255
24 8 2317262
24 9 2317268
24 47 2317272
24 78 2317280
24 42 2317284
24 69 2317293
24 28 2317301
24 72 2317306
24 61 2317313
24 55 2317319
24 64 2317319
24 3 2317319
24 26 2317320
24 67 2317329
24 46 2317330
24 60 2317334
24 65 2317340
24 5 2317346
25 66 2317352
25 32 2317360
25 51 2317366
25 65 2317374
25 74 2317375
25 7 2317384
25 0 2317385
25 29 2317388
25 24 2317395
25 14 2317398
25 76 2317398
25 17 2317404
25 6 2317409
25 52 2317413
25 33 2317413
25 30 2317413
25 40 2317414
25 57 2317414
25 35 2317422
25 39 2317426
25 58 2317428
25 26 2317429
25 38 2317434
25 28 2317436
25 12 2317440
25 4 2317449
25 42 2317455
25 36 2317461
25 50 2317469
25 68 2317469
25 73 2317477
25 20 2317485
25 16 2317492
25 59 2317493
25 75 2317493
25 69 2317493
25 51 2317495
25 76 2317502
25 54 2317502
25 50 2317502
25 17 2317508
25 72 2317513
25 45 2317517
25 8 2317522
25 38 2317526
25 15 2317529
25 46 2317533
25 32 2317538
25 43 2317541
25 10 2317546
25 52 2317547
25 56 2317552
25 4 2317555
25 65 2317558
25 12 2317562
25 42 2317568
25 49 2317577
25 1 2317577
25 39 2317583
25 2 2317591
25 6 2317599
26 60 2317607
26 74 2317608
26 6 2317608
26 19 2317611
26 65 2317611
26 52 2317617
26 13 2317618
26 15 2317620
26 42 2317627
26 68 2317628
26 45 2317630
26 7 2317638
26 20 2317644
26 18 2317647
26 67 2317655
26 14 2317658
26 2 2317660
26 63 2317663
26 1 2317666
26 27 2317668
26 18 2317671
26 65 2317680
26 41 2317687
26 21 2317695
26 57 2317699
26 64 2317699
26 13 2317703
26 50 2317712
26 34 2317718
26 47 2317722
26 0 2317724
26 52 2317730
26 71 2317730
26 29 2317737
26 79 2317738
26 55 2317741
26 66 2317747
26 23 2317756
26 36 2317758
27 52 2317760
27 26 2317766
27 65 2317774
27 22 2317777
27 37 2317786
27 3 2317795
27 9 2317802
27 77 2317805
27 59 2317811
27 70 2317820
27 4 2317823
27 63 2317823
27 68 2317825
27 26 2317826
27 67 2317835
27 35 2317840
27 52 2317843
27 42 2317848
27 72 2317849
27 10 2317851
27 50 2317852
27 75 2317861
27 18 2317866
27 40 2317871
28 76 2317872
28 77 2317880
28 31 2317881
28 4 2317889
28 72 2317895
28 15 2317899
28 39 2317908
28 20 2317912
28 42 2317912
28 26 2317917
28 0 2317924
28 62 2317931
28 66 2317935
28 65 2317935
28 51 2317943
28 30 2317952
28 59 2317953
28 16 2317955
28 14 2317963
28 52 2317972
28 23 2317976
28 3 2317982
28 7 2317983
28 71 2317990
28 21 2317998
28 9 2318004
28 35 2318006
28 47 2318009
28 24 2318017
28 75 2318022
28 11 2318029
28 53 2318030
28 67 2318035
28 17 2318036
28 34 2318036
28 46 2318043
28 43 2318051
28 64 2318054
28 63 2318060
28 33 2318068
28 10 2318072
28 18 2318078
28 3 2318081
28 32 2318085
28 55 2318090
28 43 2318092
28 71 2318095
28 8 2318102
28 48 2318107
28 50 2318108
28 47 2318117
28 54 2318118
28 42 2318120
28 13 2318129
28 40 2318138
28 6 2318144
28 65 2318153
28 31 2318157
28 45 2318162
28 18 2318170
28 10 2318179
28 37 2318186
28 24 2318187
28 26 2318189
28 79 2318194
28 2 2318202
28 1 2318208
28 41 2318215
28 17 2318217
28 25 2318217
28 14 2318226
28 7 2318227
28 76 2318228
28 46 2318228
28 30 2318235
28 19 2318237
28 62 2318242
28 64 2318244
28 78 2318246
28 49 2318246
28 9 2318250
28 70 2318259
28 27 2318262
29 0 2318269
29 32 2318273
29 79 2318274
29 33 2318275
29 73 2318276
29 78 2318282
29 30 2318289
29 21 2318291
29 52 2318292
29 57 2318294
29 2 2318303
29 14 2318312
29 23 2318317
29 4 2318317
29 68 2318323
29 37 2318323
29 44 2318329
29 31 2318329
29 18 2318335
29 61 2318341
29 42 2318349
29 22 2318353
29 11 2318359
29 47 2318359
29 69 2318368
29 39 2318373
29 62 2318375
29 67 2318377
29 40 2318380
29 77 2318385
29 66 2318391
29 3 2318393
29 17 2318399
29 50 2318400
29 12 2318403
29 59 2318406
29 74 2318408
29 55 2318416
29 71 2318421
29 20 2318421
29 53 2318427
29 10 2318429
29 76 2318433
29 1 2318438
29 49 2318442
29 64 2318448
29 38 2318449
29 72 2318453
29 32 2318460
29 7 2318464
29 63 2318465
29 65 2318465
29 70 2318465
29 30 2318466
29 21 2318475
29 5 2318478
29 61 2318482
29 19 2318487
29 78 2318495
29 0 2318498
29 15 2318499
29 22 2318504
29 4 2318508
29 2 2318514
29 1 2318523
29 20 2318530
29 62 2318537
29 9 2318540
29 39 2318546
29 38 2318547
29 77 2318548
29 16 2318554
29 75 2318560
29 27 2318560
29 28 2318564
29 64 2318573
29 52 2318573
29 45 2318582
29 31 2318582
29 76 2318585
29 59 2318585
29 56 2318593
29 3 2318598
29 34 2318607
29 18 2318615
29 48 2318617
29 14 2318619
29 35 2318628
29 66 2318637
29 57 2318644
29 12 2318652
29 74 2318656
29 44 2318657
29 6 2318666
29 71 2318668
29 40 2318677
29 11 2318681
30 5 2318688
30 60 2318692
30 36 2318701
30 72 2318701
30 27 2318709
30 44 2318718
30 21 2318726
30 3 2318735
30 20 2318739
30 12 2318743
30 65 2318746
30 47 2318755
30 4 2318760
30 40 2318766
30 41 2318773
30 75 2318776
30 63 2318778
30 45 2318781
30 64 2318788
30 70 2318795
30 68 2318800
30 48 2318808
30 51 2318810
30 56 2318816
30 26 2318819
30 78 2318819
30 22 2318826
30 38 2318827
30 52 2318828
30 25 2318834
30 19 2318840
30 6 2318849
30 49 2318852
30 67 2318856
30 11 2318863
30 46 2318867
30 79 2318869
30 57 2318877
30 14 2318882
30 37 2318888
30 0 2318889
30 8 2318895
30 1 2318904
30 10 2318907
30 77 2318907
30 61 2318915
30 32 2318917
30 5 2318926
30 58 2318933
30 69 2318942
30 65 2318949
30 22 2318953
30 12 2318955
30 7 2318960
30 66 2318964
30 57 2318969
30 13 2318973
30 46 2318976
30 63 2318976
30 36 2318984
30 48 2318987
30 0 2318987
30 21 2318987
30 43 2318988
30 24 2318988
30 34 2318994
30 28 2318994
30 14 2318998
30 9 2319007
30 77 2319010
30 2 2319010
30 60 2319013
30 6 2319022
30 73 2319024
30 61 2319029
30 35 2319034
30 78 2319040
30 20 2319041
30 19 2319046
30 47 2319053
30 33 2319055
30 16 2319059
30 62 2319063
30 64 2319065
30 26 2319074
30 71 2319081
30 55 2319082
30 56 2319088
30 11 2319094
30 10 2319100
30 29 2319101
30 75 2319110
30 40 2319110
30 42 2319119
30 23 2319128
30 53 2319137
31 72 2319138
31 26 2319138
31 22 2319140
31 14 2319144
31 10 2319146
31 46 2319148
31 49 2319153
31 4 2319162
31 56 2319163
31 58 2319163
31 52 2319164
31 61 2319172
31 11 2319172
31 42 2319172
31 54 2319176
31 78 2319181
31 68 2319182
31 20 2319187
31 66 2319187
31 32 2319191
31 18 2319198
31 79 2319198
31 35 2319200
31 37 2319207
31 0 2319215
31 45 2319218
31 51 2319227
31 25 2319232
31 55 2319232
31 65 2319238
31 5 2319242
31 38 2319249
31 33 2319251
31 36 2319260
31 30 2319263
31 62 2319267
31 71 2319274
31 15 2319277
31 12 2319279
31 38 2319288
31 47 2319289
31 74 2319295
31 13 2319296
31 20 2319299
31 19 2319302
31 25 2319307
31 57 2319313
31 30 2319314
31 62 2319323
31 44 2319330
31 66 2319336
31 51 2319345
31 36 2319353
31 72 2319361
31 10 2319362
31 58 2319362
31 4 2319368
31 37 2319374
31 18 2319374
31 7 2319377
31 65 2319379
31 1 2319380
31 22 2319384
31 64 2319385
31 68 2319386
31 73 2319392
31 41 2319401
31 48 2319402
31 59 2319404
31 56 2319411
31 29 2319413
31 27 2319414
31 50 2319422
31 43 2319425
31 17 2319433
31 26 2319433
31 28 2319434
31 79 2319439
32 72 2319441
32 6 2319442
32 23 2319449
32 33 2319458
32 74 2319463
32 43 2319464
32 68 2319468
32 24 2319475
32 57 2319482
32 28 2319486
32 77 2319493
32 26 2319501
32 71 2319502
32 49 2319508
32 22 2319514
32 70 2319518
32 45 2319519
32 62 2319526
32 9 2319530
32 44 2319532
32 52 2319541
32 79 2319549
32 66 2319549
32 15 2319554
32 67 2319556
32 41 2319561
32 63 2319566
32 61 2319575
32 12 2319576
32 53 2319585
32 35 2319587
32 4 2319590
32 33 2319590
32 68 2319595
32 72 2319604
32 54 2319608
32 67 2319608
32 4 2319610
32 55 2319611
32 26 2319620
32 28 2319629
32 6 2319633
32 22 2319638
32 78 2319644
32 38 2319652
32 61 2319654
32 17 2319662
32 65 2319669
32 56 2319669
32 5 2319673
32 46 2319674
32 77 2319678
32 12 2319683
32 39 2319689
32 36 2319694
32 0 2319703
32 47 2319711
33 76 2319715
33 66 2319718
33 61 2319721
33 78 2319730
33 65 2319737
34 49 2319739
34 8 2319741
34 19 2319742
34 60 2319751
34 57 2319757
34 7 2319761
34 75 2319769
34 3 2319771
34 28 2319778
34 79 2319783
34 64 2319790
34 77 2319790
34 58 2319796
34 5 2319798
34 59 2319798
34 2 2319799
34 24 2319800
34 70 2319803
34 67 2319806
34 13 2319810
34 43 2319819
34 56 2319820
34 26 2319827
34 48 2319829
34 29 2319838
34 17 2319845
34 45 2319845
34 5 2319850
34 12 2319856
34 16 2319864
34 20 2319871
34 32 2319872
34 26 2319879
34 40 2319879
34 65 2319887
34 53 2319889
34 56 2319891
34 6 2319893
34 51 2319899
34 1 2319899
34 46 2319907
34 55 2319913
34 68 2319915
34 61 2319922
34 4 2319930
34 41 2319935
34 60 2319936
34 10 2319943
34 63 2319944
34 14 2319949
34 59 2319956
34 8 2319963
34 48 2319972
34 23 2319980
35 79 2319984
35 39 2319984
35 78 2319984
35 29 2319986
35 40 2319988
35 9 2319994
35 2 2319994
35 44 2319996
35 50 2320003
35 62 2320008
35 33 2320010
35 64 2320013
35 19 2320017
35 12 2320020
35 13 2320029
35 74 2320036
35 30 2320040
35 57 2320040
35 43 2320041
35 42 2320048
35 20 2320056
35 52 2320060
35 63 2320062
35 46 2320063
35 76 2320066
35 76 2320066
35 47 2320075
35 10 2320079
35 34 2320084
35 77 2320089
35 79 2320095
35 55 2320101
35 33 2320108
35 41 2320114
35 19 2320123
35 16 2320132
35 78 2320140
35 63 2320142
35 2 2320151
35 25 2320152
35 45 2320153
35 21 2320155
35 68 2320160
35 20 2320163
35 66 2320171
35 5 2320180
36 24 2320180
36 30 2320183
36 69 2320192
36 58 2320195
36 53 2320203
36 60 2320207
36 5 2320208
36 26 2320215
36 43 2320224
36 46 2320224
36 23 2320225
36 50 2320232
36 10 2320240
36 75 2320245
37 10 2320247
37 70 2320247
37 35 2320248
37 11 2320254
37 46 2320261
37 54 2320267
37 21 2320268
37 27 2320277
37 28 2320277
37 41 2320283
37 62 2320286
37 2 2320292
37 73 2320301
37 6 2320304
37 53 2320308
37 16 2320315
37 34 2320324
37 65 2320331
37 52 2320332
37 43 2320341
37 69 2320344
37 48 2320352
37 74 2320360
37 39 2320367
37 55 2320370
37 9 2320379
37 68 2320386
37 0 2320392
37 13 2320397
37 31 2320401
37 75 2320410
37 56 2320416
37 72 2320424
37 63 2320428
37 19 2320430
37 49 2320438
37 76 2320443
37 36 2320450
37 59 2320454
37 7 2320459
37 32 2320468
37 57 2320470
37 44 2320479
37 17 2320483
37 22 2320487
37 33 2320487
37 69 2320487
37 35 2320488
37 26 2320492
37 55 2320499
37 48 2320501
37 11 2320507
37 60 2320515
37 77 2320523
37 23 2320529
37 5 2320536
37 79 2320536
37 8 2320536
37 36 2320538
37 16 2320540
37 47 2320548
37 53 2320548
37 76 2320556
37 50 2320557
37 3 2320565
37 38 2320570
37 63 2320572
37 68 2320573
37 19 2320574
37 2 2320574
37 62 2320582
37 30 2320591
37 67 2320593
37 14 2320596
37 40 2320602
37 34 2320609
37 66 2320618
37 24 2320622
37 46 2320624
37 70 2320629
37 1 2320635
37 74 2320641
37 9 2320643
37 71 2320644
37 57 2320647
37 54 2320653
37 10 2320654
37 39 2320661
37 4 2320666
37 61 2320670
37 75 2320679
37 32 2320687
37 25 2320691
37 51 2320697
37 31 2320699
37 22 2320702
37 72 2320704
37 21 2320711
37 18 2320714
38 18 2320717
38 9 2320719
38 28 2320720
38 46 2320726
38 70 2320734
38 36 2320741
38 75 2320744
38 50 2320745
38 63 2320749
38 17 2320757
38 19 2320763
38 67 2320764
38 8 2320772
38 58 2320781
38 24 2320781
38 77 2320788
38 60 2320797
38 27 2320800
38 35 2320805
38 47 2320807
38 42 2320812
38 74 2320816
38 62 2320825
38 48 2320834
38 31 2320842
38 55 2320843
38 12 2320851
38 78 2320855
38 4 2320858
38 4 2320860
38 37 2320868
38 14 2320873
38 22 2320873
38 39 2320877
38 31 2320878
38 44 2320878
38 11 2320881
38 79 2320889
38 75 2320898
38 50 2320907
38 67 2320907
38 63 2320914
38 58 2320916
38 43 2320920
38 46 2320927
38 13 2320931
38 48 2320937
38 30 2320939
38 27 2320940
38 76 2320940
38 60 2320949
38 10 2320951
38 49 2320953
38 32 2320962
38 71 2320966
38 47 2320966
38 34 2320974
38 51 2320979
39 67 2320983
39 22 2320989
40 34 2320996
40 71 2321001
40 17 2321003
40 60 2321010
40 51 2321012
40 10 2321016
40 23 2321019
40 30 2321028
40 0 2321029
40 63 2321029
40 57 2321030
40 31 2321032
40 48 2321034
40 32 2321038
40 6 2321038
40 2 2321038
40 7 2321041
40 38 2321046
40 75 2321054
40 22 2321061
40 64 2321064
40 55 2321071
40 33 2321075
40 24 2321083
40 78 2321087
40 61 2321095
40 46 2321095
40 77 2321099
40 79 2321104
40 70 2321109
40 35 2321114
40 20 2321117
40 69 2321126
40 37 2321130
40 12 2321131
40 56 2321139
40 41 2321141
40 66 2321143
40 4 2321148
40 50 2321155
40 53 2321160
40 52 2321160
40 29 2321167
40 67 2321169
40 21 2321178
40 62 2321182
40 13 2321188
40 52 2321189
40 47 2321193
40 60 2321201
40 23 2321203
40 74 2321203
40 7 2321208
40 39 2321210
40 69 2321217
40 24 2321218
40 46 2321221
40 28 2321229
40 27 2321236
40 22 2321244
40 19 2321252
40 41 2321257
40 70 2321261
40 64 2321265
40 49 2321273
40 9 2321282
40 8 2321286
40 20 2321294
40 34 2321298
40 68 2321307
40 44 2321313
40 76 2321314
40 10 2321318
40 53 2321326
40 65 2321326
40 18 2321335
40 55 2321340
40 6 2321349
40 14 2321355
40 30 2321361
40 36 2321368
40 67 2321372
40 79 2321380
40 0 2321383
40 45 2321386
40 75 2321395
40 66 2321399
41 24 2321408
41 66 2321413
41 6 2321415
41 76 2321419
41 39 2321421
41 23 2321429
41 79 2321431
41 38 2321436
41 49 2321444
41 0 2321450
41 31 2321455
41 68 2321455
41 51 2321459
41 19 2321465
41 54 2321470
41 37 2321470
41 40 2321475
41 33 2321483
41 9 2321487
41 53 2321491
41 34 2321495
41 7 2321497
41 3 2321504
41 67 2321508
41 15 2321515
41 78 2321520
41 39 2321520
41 66 2321525
41 19 2321529
41 40 2321533
41 22 2321533
41 7 2321540
41 65 2321547
41 59 2321548
41 32 2321551
41 27 2321557
41 2 2321557
41 72 2321566
41 76 2321572
41 79 2321577
41 6 2321585
41 77 2321587
41 56 2321594
41 57 2321600
41 63 2321601
41 16 2321603
41 0 2321607
41 75 2321611
41 55 2321616
41 71 2321623
42 57 2321629
42 11 2321634
42 17 2321635
42 52 2321638
42 1 2321638
42 16 2321645
42 67 2321650
42 73 2321652
42 8 2321654
42 28 2321663
42 20 2321668
42 13 2321673
42 30 2321679
42 37 2321680
42 61 2321684
42 63 2321693
42 26 2321694
42 25 2321701
42 50 2321701
42 65 2321709
42 24 2321711
42 66 2321713
42 21 2321719
42 60 2321725
42 33 2321725
42 23 2321733
42 48 2321737
42 51 2321739
42 9 2321739
42 35 2321741
42 15 2321746
42 76 2321753
42 34 2321756
42 47 2321765
42 55 2321771
42 43 2321775
42 58 2321779
42 69 2321785
42 54 2321789
42 38 2321794
42 62 2321802
42 27 2321807
42 0 2321812
42 34 2321812
42 13 2321817
42 28 2321826
42 55 2321829
42 24 2321829
42 31 2321837
42 59 2321846
42 4 2321851
42 66 2321853
42 21 2321859
42 60 2321863
42 62 2321863
42 41 2321865
42 47 2321871
42 16 2321879
42 79 2321881
42 63 2321888
42 43 2321897
42 0 2321904
42 61 2321905
42 18 2321907
42 30 2321909
42 20 2321918
42 65 2321921
42 3 2321930
42 39 2321931
42 67 2321938
42 23 2321943
42 36 2321948
42 71 2321951
42 68 2321956
42 6 2321963
42 45 2321965
42 78 2321965
42 11 2321973
42 40 2321982
42 29 2321985
42 73 2321990
43 73 2321996
43 67 2321999
43 46 2322006
43 52 2322015
43 45 2322022
43 59 2322027
43 48 2322035
43 37 2322038
43 68 2322045
43 64 2322051
43 26 2322058
43 32 2322061
43 60 2322061
43 21 2322062
43 12 2322064
43 56 2322072
43 69 2322078
43 20 2322082
43 55 2322089
43 31 2322093
43 63 2322094
43 24 2322094
43 36 2322099
43 49 2322100
43 3 2322107
43 40 2322114
43 22 2322114
43 17 2322117
43 19 2322126
43 75 2322131
43 9 2322139
43 35 2322148
43 42 2322154
43 74 2322163
43 21 2322168
43 5 2322171
43 14 2322171
43 54 2322172
43 73 2322177
43 48 2322178
43 13 2322179
43 32 2322183
43 69 2322183
43 4 2322190
43 29 2322191
43 58 2322193
43 34 2322198
43 66 2322201
43 38 2322204
43 68 2322206
43 57 2322207
43 26 2322211
44 0 2322213
44 70 2322220
44 40 2322224
44 72 2322225
44 68 2322232
44 22 2322240
44 23 2322240
44 77 2322244
44 38 2322253
44 48 2322258
44 7 2322261
44 14 2322264
44 4 2322272
44 12 2322277
44 56 2322284
44 1 2322288
44 36 2322289
44 18 2322297
44 74 2322304
44 15 2322311
44 29 2322316
44 5 2322325
44 26 2322328
44 75 2322334
44 69 2322335
44 73 2322344
44 33 2322344
44 42 2322348
44 24 2322351
44 58 2322351
44 31 2322359
44 46 2322368
44 32 2322369
44 11 2322376
44 78 2322384
44 27 2322385
44 43 2322390
44 39 2322399
44 57 2322406
44 71 2322411
44 66 2322420
44 10 2322424
44 54 2322424
44 63 2322426
44 76 2322434
44 17 2322434
44 68 2322443
44 67 2322444
44 33 2322449
44 74 2322449
44 4 2322453
44 27 2322461
44 24 2322466
44 16 2322473
44 64 2322477
44 20 2322485
44 0 2322485
44 32 2322490
44 54 2322491
44 23 2322494
44 72 2322495
44 2 2322496
44 62 2322504
44 28 2322513
44 18 2322515
44 35 2322523
44 59 2322526
44 19 2322534
44 13 2322542
44 57 2322545
44 69 2322545
44 70 2322550
44 11 2322559
44 63 2322564
44 29 2322568
44 50 2322575
44 7 2322579
44 65 2322579
44 73 2322588
44 8 2322592
44 22 2322598
44 43 2322606
44 78 2322606
44 41 2322607
44 17 2322616
44 66 2322620
44 53 2322623
44 12 2322630
44 71 2322632
44 60 2322635
44 25 2322635
44 77 2322644
44 6 2322650
44 42 2322654
44 31 2322662
44 26 2322671
44 61 2322676
44 51 2322685
45 56 2322686
45 61 2322693
45 65 2322698
45 59 2322706
45 3 2322706
45 2 2322714
45 21 2322721
45 25 2322729
45 51 2322735
45 68 2322742
45 27 2322748
45 10 2322753
45 5 2322757
45 24 2322761
45 39 2322761
45 15 2322763
45 0 2322765
45 78 2322766
45 20 2322769
45 43 2322776
45 35 2322778
45 64 2322787
45 50 2322793
45 38 2322798
45 14 2322802
45 28 2322811
45 47 2322814
45 66 2322815
45 37 2322822
45 4 2322823
45 11 2322830
45 40 2322834
45 31 2322841
45 44 2322841
45 52 2322842
45 70 2322849
45 18 2322856
45 74 2322857
45 42 2322863
45 75 2322869
45 7 2322872
45 36 2322877
45 6 2322879
45 16 2322888
45 62 2322892
45 32 2322895
45 60 2322900
45 27 2322904
45 40 2322907
45 79 2322915
45 39 2322923
45 64 2322928
45 10 2322928
45 52 2322933
45 74 2322940
45 65 2322941
45 23 2322941
45 60 2322943
45 72 2322949
45 0 2322956
45 11 2322959
45 12 2322960
45 43 2322960
45 37 2322964
45 15 2322972
45 14 2322977
45 78 2322979
45 69 2322980
45 75 2322984
45 44 2322986
45 8 2322995
45 62 2323003
45 34 2323007
45 63 2323012
45 47 2323018
45 26 2323019
45 36 2323024
45 51 2323028
45 13 2323036
45 31 2323040
45 33 2323042
45 28 2323050
45 24 2323050
45 20 2323053
45 9 2323060
45 55 2323064
45 1 2323067
45 58 2323076
45 73 2323084
45 7 2323090
45 61 2323094
45 18 2323095
45 3 2323097
45 29 2323104
45 19 2323106
45 67 2323107
45 4 2323111
46 78 2323115
46 57 2323122
46 32 2323131
46 40 2323135
46 25 2323143
46 55 2323143
46 73 2323146
46 74 2323148
46 70 2323150
46 59 2323151
46 27 2323159
46 45 2323164
46 7 2323170
46 9 2323173
46 39 2323182
46 76 2323184
46 72 2323192
46 28 2323199
46 35 2323206
46 38 2323214
46 65 2323214
46 25 2323221
46 35 2323227
46 0 2323229
46 56 2323234
46 19 2323239
46 73 2323247
46 9 2323255
46 20 2323255
46 1 2323261
46 52 2323266
46 5 2323268
46 74 2323271
46 68 2323275
46 16 2323281
46 11 2323290
46 63 2323298
46 54 2323299
46 50 2323307
46 27 2323314
46 7 2323317
46 40 2323324
46 4 2323333
46 42 2323339
46 79 2323346
47 31 2323347
47 48 2323356
47 75 2323358
47 68 2323362
47 53 2323369
47 49 2323372
47 13 2323373
47 25 2323374
47 72 2323374
47 43 2323377
47 59 2323384
47 74 2323393
47 36 2323400
47 73 2323405
47 40 2323409
47 8 2323415
47 64 2323418
47 50 2323426
47 71 2323435
47 4 2323435
47 9 2323442
47 41 2323446
47 29 2323452
48 40 2323456
48 13 2323465
48 78 2323466
48 6 2323469
48 56 2323475
48 47 2323479
48 7 2323482
48 60 2323484
48 59 2323484
48 50 2323484
48 34 2323490
48 42 2323496
48 75 2323501
48 30 2323507
48 72 2323514
48 17 2323522
48 62 2323528
48 58 2323531
48 35 2323532
48 71 2323535
48 0 2323540
48 76 2323546
48 2 2323551
48 5 2323559
48 39 2323565
48 12 2323565
48 65 2323565
48 54 2323569
48 37 2323573
48 66 2323577
48 31 2323578
48 45 2323580
48 10 2323587
48 74 2323595
48 1 2323604
48 38 2323611
48 9 2323619
48 44 2323623
48 8 2323629
48 3 2323637
48 73 2323646
48 18 2323653
48 4 2323657
48 21 2323664
48 63 2323673
48 16 2323677
48 15 2323681
48 22 2323683
48 33 2323685
48 69 2323685
48 78 2323691
48 73 2323700
48 49 2323704
48 77 2323712
48 52 2323715
48 26 2323715
48 74 2323717
48 25 2323720
48 60 2323728
48 59 2323736
48 24 2323740
48 46 2323748
48 38 2323749
48 27 2323752
48 57 2323755
48 66 2323763
48 4 2323765
48 65 2323768
48 37 2323768
48 5 2323771
48 31 2323778
48 6 2323785
48 17 2323791
48 56 2323796
48 70 2323798
48 68 2323798
48 7 2323807
48 1 2323814
48 32 2323815
48 50 2323824
48 35 2323831
48 72 2323838
48 0 2323839
48 44 2323847
48 13 2323851
48 54 2323851
48 8 2323860
48 62 2323868
48 19 2323872
48 43 2323880
48 41 2323882
48 55 2323888
48 67 2323888
48 47 2323893
48 79 2323899
48 71 2323906
48 10 2323910
49 25 2323911
49 48 2323917
49 7 2323917
49 2 2323925
49 43 2323928
49 39 2323934
49 38 2323941
49 17 2323947
49 16 2323950
49 34 2323955
49 21 2323960
49 4 2323967
49 61 2323972
49 19 2323979
49 64 2323988
49 52 2323994
49 37 2324003
49 70 2324006
49 23 2324009
49 66 2324011
49 71 2324018
49 1 2324019
49 35 2324027
49 57 2324027
49 74 2324030
49 51 2324037
49 0 2324039
49 75 2324048
49 59 2324049
49 8 2324053
49 29 2324060
49 65 2324065
49 67 2324073
49 78 2324074
49 7 2324077
50 16 2324081
50 5 2324082
50 55 2324085
50 53 2324094
50 8 2324098
50 21 2324105
50 76 2324110
50 64 2324115
50 17 2324121
50 23 2324122
50 57 2324124
50 18 2324126
50 40 2324134
50 63 2324137
50 45 2324145
50 13 2324149
50 15 2324153
50 49 2324153
50 37 2324154
50 70 2324157
50 24 2324164
50 29 2324173
50 44 2324179
50 46 2324181
50 51 2324190
50 2 2324194
50 56 2324201
50 77 2324204
50 6 2324211
50 39 2324214
50 3 2324215
50 73 2324217
50 58 2324223
50 65 2324230
50 36 2324234
50 9 2324242
50 63 2324250
50 32 2324251
50 12 2324259
50 9 2324268
50 77 2324272
50 26 2324275
50 1 2324281
50 37 2324288
50 30 2324297
50 38 2324305
50 27 2324306
50 48 2324308
50 28 2324313
50 76 2324322
50 45 2324324
50 47 2324331
50 54 2324332
50 42 2324340
50 68 2324347
50 22 2324353
50 6 2324362
50 33 2324363
50 41 2324367
50 49 2324368
50 20 2324368
50 15 2324368
50 7 2324372
50 69 2324374
50 56 2324382
50 21 2324382
50 78 2324389
50 74 2324389
50 14 2324398
51 31 2324399
51 61 2324399
51 11 2324401
51 12 2324404
51 79 2324406
51 20 2324409
52 24 2324418
52 21 2324423
52 72 2324427
52 23 2324436
52 0 2324441
52 67 2324445
52 36 2324451
52 66 2324457
52 57 2324458
52 47 2324466
52 4 2324473
52 61 2324481
52 51 2324487
52 15 2324493
52 31 2324501
52 22 2324503
52 75 2324509
52 70 2324515
52 76 2324522
52 33 2324524
52 74 2324526
52 28 2324526
52 19 2324527
52 58 2324536
52 55 2324543
52 3 2324548
52 69 2324557
52 62 2324563
52 45 2324568
52 50 2324576
52 27 2324576
52 75 2324581
52 72 2324582
52 3 2324582
52 77 2324588
52 69 2324593
52 66 2324593
52 28 2324599
52 29 2324604
52 46 2324608
52 30 2324615
52 14 2324617
52 23 2324621
52 10 2324629
52 44 2324637
52 7 2324643
52 5 2324647
52 39 2324655
52 49 2324656
52 25 2324662
52 15 2324666
52 51 2324670
52 36 2324676
52 20 2324684
52 1 2324686
52 60 2324687
52 33 2324694
53 72 2324697
53 58 2324706
53 14 2324712
53 8 2324717
53 2 2324724
53 64 2324732
53 30 2324734
53 55 2324738
53 76 2324739
53 38 2324742
53 61 2324749
53 50 2324753
53 71 2324753
53 57 2324759
53 39 2324759
53 49 2324762
53 29 2324768
53 48 2324775
53 18 2324782
53 1 2324791
53 70 2324794
53 74 2324798
53 61 2324803
53 48 2324812
53 68 2324813
53 38 2324813
53 27 2324813
53 4 2324819
53 12 2324825
53 7 2324832
53 47 2324839
53 11 2324845
53 55 2324852
53 0 2324857
53 13 2324863
53 21 2324867
53 63 2324867
54 4 2324870
54 36 2324874
54 31 2324882
54 47 2324889
54 25 2324891
54 64 2324900
54 0 2324902
54 48 2324903
54 74 2324908
54 55 2324910
54 57 2324911
54 67 2324915
54 42 2324916
54 59 2324917
54 68 2324923
54 66 2324924
54 34 2324929
54 38 2324930
54 77 2324934
54 28 2324943
54 45 2324943
54 37 2324951
54 12 2324953
54 33 2324962
54 6 2324963
54 72 2324968
54 35 2324976
54 51 2324984
54 58 2324985
54 44 2324987
54 52 2324988
54 24 2324995
54 3 2325003
54 21 2325009
54 7 2325018
54 79 2325018
54 4 2325024
54 67 2325027
54 33 2325035
54 13 2325036
54 62 2325045
54 24 2325048
54 68 2325055
54 31 2325064
54 1 2325071
54 37 2325075
54 75 2325075
54 41 2325080
54 70 2325082
54 35 2325088
54 71 2325092
54 44 2325096
54 26 2325101
54 74 2325104
54 69 2325106
54 12 2325114
54 14 2325123
54 72 2325126
54 2 2325131
54 27 2325134
54 18 2325138
54 43 2325147
54 34 2325152
54 58 2325161
54 45 2325167
54 39 2325168
55 53 2325171
55 20 2325178
55 33 2325180
55 6 2325184
55 35 2325187
55 23 2325187
55 2 2325194
55 45 2325202
55 1 2325203
55 13 2325209
55 41 2325213
55 9 2325221
55 62 2325221
55 29 2325224
55 60 2325228
55 77 2325229
55 22 2325229
55 7 2325237
55 42 2325238
55 64 2325241
55 21 2325241
55 50 2325242
55 31 2325245
55 24 2325254
55 74 2325255
55 61 2325257
55 16 2325263
55 75 2325263
55 18 2325265
55 34 2325266
55 57 2325274
55 72 2325281
55 3 2325289
55 67 2325289
55 46 2325293
55 59 2325296
55 56 2325301
55 39 2325304
55 17 2325311
55 76 2325315
55 63 2325315
55 6 2325316
55 48 2325318
55 24 2325318
55 41 2325327
55 76 2325329
55 28 2325335
55 62 2325337
55 77 2325340
55 8 2325341
55 67 2325348
55 54 2325353
55 36 2325360
55 32 2325366
55 53 2325375
55 29 2325380
55 37 2325382
55 4 2325383
55 46 2325389
55 23 2325395
55 72 2325400
55 0 2325407
55 78 2325414
55 71 2325423
55 26 2325431
55 65 2325432
55 43 2325435
55 22 2325443
55 52 2325447
55 61 2325451
55 40 2325454
55 73 2325462
55 66 2325463
55 13 2325464
55 50 2325470
55 11 2325472
55 74 2325476
55 20 2325478
55 7 2325479
55 31 2325484
55 45 2325485
55 68 2325493
55 44 2325502
56 67 2325511
56 71 2325519
56 31 2325524
56 64 2325528
56 6 2325534
56 23 2325543
56 37 2325550
56 58 2325558
56 72 2325558
56 35 2325558
56 55 2325564
56 9 2325569
56 51 2325577
56 41 2325585
56 38 2325588
56 59 2325595
56 26 2325595
56 20 2325597
56 74 2325603
56 50 2325606
56 22 2325615
56 70 2325624
56 48 2325624
56 61 2325624
56 34 2325631
56 73 2325634
56 32 2325638
56 13 2325641
56 45 2325648
56 63 2325648
56 16 2325650
56 27 2325658
56 24 2325659
56 53 2325659
56 41 2325667
56 12 2325669
56 28 2325673
56 62 2325673
56 15 2325677
56 47 2325686
56 40 2325690
56 25 2325697
56 9 2325705
56 2 2325711
56 33 2325715
56 37 2325716
56 73 2325717
56 52 2325725
56 45 2325731
56 64 2325731
56 16 2325739
56 42 2325745
56 66 2325754
56 43 2325761
56 60 2325767
56 38 2325770
56 8 2325777
56 24 2325779
56 61 2325788
56 79 2325793
56 65 2325798
57 49 2325805
57 68 2325805
57 19 2325811
57 38 2325811
57 12 2325818
57 3 2325826
57 41 2325827
57 20 2325830
57 43 2325833
57 34 2325838
57 28 2325846
57 56 2325854
57 33 2325857
57 25 2325864
57 42 2325866
57 14 2325869
57 73 2325873
57 44 2325878
57 62 2325885
57 5 2325890
57 40 2325896
57 74 2325905
57 18 2325912
57 53 2325914
57 23 2325914
57 0 2325916
57 60 2325923
57 16 2325926
57 39 2325929
57 10 2325934
57 9 2325940
57 8 2325942
57 4 2325950
57 78 2325959
57 79 2325967
57 11 2325971
57 35 2325976
57 22 2325982
57 65 2325985
57 53 2325986
57 19 2325989
57 27 2325998
57 10 2326006
57 75 2326015
57 54 2326019
57 59 2326025
57 60 2326034
57 49 2326042
57 20 2326050
57 78 2326055
57 3 2326055
57 1 2326063
57 47 2326067
57 32 2326076
57 28 2326082
57 18 2326085
57 45 2326094
57 43 2326101
57 65 2326109
57 63 2326113
57 7 2326116
57 64 2326123
57 72 2326124
57 34 2326127
57 48 2326128
57 29 2326131
57 66 2326139
57 4 2326148
57 30 2326151
57 44 2326158
57 37 2326163
57 50 2326163
57 17 2326164
57 38 2326171
58 48 2326175
58 51 2326181
58 4 2326187
58 22 2326192
58 34 2326195
58 66 2326202
58 19 2326205
58 6 2326210
58 24 2326212
58 68 2326221
58 62 2326230
58 8 2326238
58 69 2326246
58 76 2326252
58 1 2326256
58 37 2326263
58 27 2326268
58 33 2326276
58 17 2326283
58 53 2326288
58 36 2326291
58 79 2326295
58 55 2326301
58 46 2326305
58 20 2326312
58 35 2326320
58 56 2326327
58 74 2326332
58 60 2326332
58 2 2326340
58 77 2326349
58 52 2326351
58 39 2326352
58 13 2326359
58 63 2326363
58 21 2326365
58 9 2326366
58 12 2326370
58 29 2326378
58 54 2326378
58 3 2326379
58 31 2326384
58 72 2326391
58 70 2326399
58 11 2326401
58 63 2326403
58 69 2326405
58 57 2326408
58 73 2326410
58 24 2326417
58 60 2326417
58 59 2326424
58 34 2326430
58 42 2326431
58 20 2326435
58 3 2326439
58 19 2326440
58 10 2326443
58 13 2326447
58 32 2326449
58 6 2326451
58 64 2326456
58 31 2326461
58 71 2326464
58 14 2326472
58 27 2326475
58 68 2326476
58 4 2326476
58 5 2326483
58 17 2326489
58 72 2326492
58 16 2326496
58 62 2326496
58 47 2326504
58 9 2326512
58 40 2326512
58 51 2326517
58 30 2326525
58 8 2326526
58 65 2326527
58 67 2326536
58 7 2326538
58 23 2326544
58 75 2326547
58 78 2326549
58 48 2326558
58 35 2326563
58 49 2326568
58 36 2326575
58 55 2326579
58 15 2326580
58 22 2326581
58 76 2326583
59 71 2326590
59 53 2326593
59 67 2326595
59 45 2326600
59 51 2326600
59 43 2326602
59 65 2326610
59 4 2326613
59 16 2326614
59 49 2326622
59 26 2326625
59 22 2326625
59 5 2326628
59 13 2326637
59 40 2326637
59 30 2326646
59 25 2326651
59 6 2326658
59 74 2326666
59 72 2326673
59 60 2326682
59 17 2326684
59 64 2326686
59 7 2326693
59 44 2326702
59 68 2326709
59 31 2326717
59 69 2326721
59 0 2326725
59 9 2326731
59 3 2326733
59 11 2326737
59 37 2326741
59 36 2326744
59 73 2326744
59 34 2326752
59 12 2326755
59 35 2326757
59 38 2326764
59 20 2326771
59 58 2326771
59 77 2326773
59 47 2326779
59 7 2326779
59 62 2326786
59 34 2326794
59 0 2326803
59 69 2326811
59 33 2326816
59 39 2326821
59 9 2326827
59 29 2326836
59 53 2326845
59 6 2326846
59 2 2326851
59 56 2326853
59 31 2326853
59 41 2326853
59 78 2326854
59 40 2326854
59 27 2326855
59 30 2326861
59 52 2326861
59 71 2326868
59 37 2326876
59 15 2326884
59 67 2326884
59 68 2326890
59 70 2326893
59 60 2326897
59 44 2326899
59 66 2326905
59 20 2326914
59 32 2326921
59 14 2326926
59 79 2326928
59 51 2326931
59 35 2326939
59 55 2326948
59 43 2326951
59 46 2326954
59 38 2326957
59 77 2326963
59 17 2326970
59 8 2326971
59 76 2326973
60 75 2326980
60 68 2326986
60 71 2326991
60 59 2326997
60 23 2327005
60 27 2327005
60 37 2327006
60 63 2327008
60 64 2327017
60 7 2327021
60 24 2327025
60 62 2327029
60 53 2327038
60 22 2327044
60 5 2327051
60 55 2327053
60 44 2327054
60 47 2327055
60 20 2327058
60 54 2327066
60 2 2327070
60 67 2327079
60 38 2327088
60 46 2327092
60 73 2327094
60 39 2327099
60 36 2327103
60 74 2327106
60 69 2327114
60 19 2327117
60 66 2327122
60 40 2327123
60 10 2327126
60 28 2327134
60 17 2327141
60 9 2327148
60 16 2327156
60 51 2327158
60 78 2327161
60 18 2327168
60 32 2327171
60 42 2327172
60 71 2327173
60 7 2327176
60 79 2327180
60 3 2327180
60 47 2327185
60 36 2327190
60 63 2327193
60 43 2327198
60 11 2327201
60 53 2327206
60 62 2327215
60 13 2327216
60 38 2327223
60 14 2327224
60 51 2327231
60 10 2327231
60 34 2327236
60 6 2327239
60 33 2327241
60 29 2327249
60 24 2327252
60 59 2327259
60 58 2327262
60 41 2327266
60 57 2327268
60 19 2327268
60 70 2327277
60 56 2327278
60 20 2327281
60 30 2327287
60 4 2327293
60 49 2327299
60 5 2327299
60 35 2327303
60 64 2327307
60 39 2327316
60 67 2327321
61 46 2327330
61 65 2327334
61 33 2327341
61 67 2327342
61 75 2327347
61 51 2327354
61 37 2327363
61 74 2327370
61 56 2327379
61 26 2327386
61 63 2327386
61 28 2327390
61 39 2327395
61 30 2327403
61 41 2327411
61 19 2327420
61 2 2327422
61 16 2327423
61 75 2327429
61 39 2327431
61 71 2327431
61 12 2327439
61 79 2327445
61 48 2327453
61 37 2327457
61 45 2327459
61 46 2327464
61 5 2327464
61 28 2327469
61 43 2327475
61 34 2327477
62 39 2327478
62 32 2327482
62 27 2327485
62 57 2327485
62 33 2327486
62 31 2327490
62 79 2327492
62 65 2327497
62 69 2327506
62 23 2327512
63 28 2327520
63 64 2327523
63 12 2327526
63 29 2327532
63 3 2327540
63 57 2327547
63 23 2327551
63 10 2327553
63 7 2327558
63 53 2327566
63 32 2327575
63 4 2327584
63 14 2327590
63 39 2327599
63 72 2327604
63 17 2327605
63 11 2327607
63 5 2327611
63 41 2327612
63 8 2327612
63 1 2327619
63 37 2327627
63 44 2327632
63 42 2327634
63 77 2327638
63 71 2327642
63 76 2327649
63 35 2327655
63 62 2327660
63 73 2327667
63 34 2327675
63 1 2327681
63 38 2327682
63 59 2327687
63 36 2327693
63 55 2327698
63 61 2327699
63 67 2327702
63 13 2327709
63 24 2327718
63 76 2327724
63 44 2327727
63 73 2327735
63 18 2327737
63 52 2327745
63 57 2327745
63 35 2327753
63 42 2327757
63 25 2327757
63 30 2327758
63 7 2327759
63 74 2327766
63 32 2327775
63 66 2327784
63 49 2327786
63 45 2327791
63 5 2327799
63 56 2327802
63 70 2327810
64 71 2327813
64 21 2327814
64 28 2327819
64 58 2327821
64 44 2327824
64 61 2327824
64 52 2327826
64 12 2327833
64 50 2327841
64 0 2327845
64 43 2327845
64 41 2327845
64 68 2327847
64 11 2327850
64 53 2327854
64 1 2327863
64 78 2327868
64 13 2327869
64 75 2327872
64 51 2327880
64 63 2327881
64 10 2327884
64 35 2327884
64 39 2327889
64 57 2327898
64 5 2327907
64 70 2327915
64 14 2327921
64 15 2327927
64 59 2327929
64 21 2327929
64 10 2327936
64 66 2327937
64 57 2327946
64 12 2327953
64 24 2327962
64 39 2327962
64 34 2327967
64 51 2327969
64 38 2327977
64 73 2327977
64 17 2327986
64 77 2327990
64 74 2327996
64 76 2328002
64 33 2328007
64 20 2328007
64 16 2328011
64 29 2328011
64 68 2328011
64 50 2328014
64 54 2328021
64 62 2328023
64 41 2328024
64 11 2328033
64 5 2328038
64 70 2328042
64 3 2328047
64 49 2328052
65 72 2328058
65 57 2328066
65 66 2328073
65 10 2328074
65 28 2328078
65 40 2328085
65 79 2328089
65 50 2328089
65 55 2328089
65 11 2328093
65 4 2328102
65 69 2328108
65 3 2328110
65 1 2328115
65 0 2328123
65 22 2328125
65 16 2328125
66 34 2328134
66 42 2328141
66 18 2328150
66 7 2328157
66 58 2328158
66 78 2328158
66 28 2328162
66 2 2328166
66 53 2328169
66 10 2328175
66 47 2328178
66 61 2328185
66 13 2328189
66 71 2328190
66 36 2328193
66 15 2328198
66 62 2328203
66 77 2328204
66 23 2328211
66 24 2328214
66 79 2328216
66 1 2328219
66 4 2328226
66 56 2328235
66 27 2328240
66 26 2328240
66 74 2328245
66 65 2328251
66 70 2328252
66 31 2328258
66 59 2328263
66 43 2328269
66 18 2328275
66 63 2328277
66 39 2328279
66 44 2328281
66 0 2328290
66 74 2328299
66 68 2328308
66 5 2328308
66 10 2328309
66 45 2328313
66 49 2328314
66 35 2328314
66 3 2328323
66 41 2328329
66 77 2328338
66 65 2328338
66 21 2328342
66 12 2328349
66 58 2328358
66 76 2328365
66 50 2328369
66 9 2328369
66 55 2328374
66 34 2328380
67 76 2328383
67 15 2328390
67 74 2328391
67 14 2328397
67 46 2328403
67 27 2328406
67 21 2328411
67 72 2328416
67 2 2328420
67 11 2328421
67 75 2328428
67 55 2328430
67 66 2328432
67 49 2328436
67 44 2328441
67 39 2328450
67 63 2328456
67 41 2328465
67 56 2328466
67 62 2328475
67 16 2328481
67 31 2328490
67 71 2328494
67 10 2328500
67 53 2328503
67 5 2328512
67 58 2328518
67 22 2328522
67 19 2328523
67 48 2328528
67 34 2328532
67 35 2328537
67 20 2328545
67 12 2328552
67 29 2328557
67 32 2328561
67 73 2328565
67 79 2328565
67 7 2328568
67 9 2328570
67 51 2328576
67 23 2328582
67 70 2328591
67 71 2328596
67 9 2328603
67 57 2328610
67 63 2328618
67 72 2328620
67 49 2328629
67 75 2328634
67 4 2328643
67 8 2328647
67 41 2328654
67 39 2328662
67 56 2328666
67 12 2328673
67 26 2328677
67 68 2328678
67 73 2328680
67 25 2328680
67 52 2328688
67 70 2328692
67 3 2328693
67 55 2328693
67 47 2328693
67 7 2328699
67 42 2328703
67 62 2328705
67 21 2328707
67 74 2328707
67 0 2328707
67 79 2328710
67 38 2328714
67 28 2328718
67 17 2328722
67 27 2328731
67 31 2328738
67 11 2328746
67 15 2328755
67 20 2328764
67 2 2328765
67 77 2328766
67 48 2328772
67 53 2328780
67 23 2328784
68 35 2328785
68 40 2328794
68 69 2328799
68 58 2328800
68 76 2328807
68 79 2328815
68 52 2328821
68 9 2328822
68 5 2328823
68 53 2328832
68 43 2328837
68 12 2328843
68 47 2328843
68 56 2328851
68 42 2328858
68 0 2328867
68 18 2328868
68 45 2328873
68 37 2328877
68 62 2328882
68 77 2328887
68 60 2328890
68 17 2328898
68 10 2328900
68 52 2328908
68 23 2328917
68 30 2328918
68 72 2328927
68 41 2328934
68 6 2328938
68 13 2328940
68 78 2328945
68 74 2328947
68 62 2328948
68 70 2328952
68 37 2328953
68 34 2328960
68 45 2328969
68 27 2328969
68 58 2328976
68 51 2328984
68 1 2328986
68 42 2328987
68 14 2328987
68 76 2328996
68 66 2329004
68 48 2329005
68 28 2329007
69 5 2329009
69 64 2329009
69 71 2329010
69 22 2329012
69 20 2329015
69 42 2329018
69 36 2329023
69 15 2329030
69 79 2329037
69 35 2329037
69 1 2329046
69 76 2329047
69 68 2329053
69 33 2329059
69 70 2329060
69 2 2329065
69 66 2329072
69 39 2329072
69 19 2329073
69 44 2329078
69 56 2329080
69 23 2329082
69 51 2329083
69 27 2329084
69 24 2329093
69 9 2329099
69 77 2329104
69 45 2329109
69 18 2329118
69 48 2329118
69 37 2329118
69 25 2329124
69 67 2329129
69 50 2329138
69 17 2329141
69 30 2329148
69 40 2329153
69 14 2329155
69 47 2329159
69 60 2329168
69 41 2329168
69 62 2329174
69 16 2329176
69 43 2329183
69 36 2329189
69 2 2329194
69 66 2329198
69 61 2329201
69 71 2329208
69 26 2329216
69 16 2329216
69 48 2329216
69 0 2329223
69 32 2329225
69 60 2329227
69 74 2329236
69 49 2329241
69 25 2329243
69 78 2329247
69 23 2329253
69 24 2329262
69 51 2329267
69 73 2329272
69 64 2329273
69 43 2329273
69 11 2329275
69 30 2329280
69 35 2329281
69 39 2329290
69 52 2329299
69 17 2329308
69 47 2329311
69 34 2329319
69 62 2329327
69 18 2329330
69 15 2329333
69 79 2329339
69 37 2329344
69 21 2329351
69 28 2329354
69 70 2329359
69 3 2329362
69 56 2329365
69 57 2329371
69 19 2329376
69 67 2329381
69 7 2329385
69 63 2329389
70 55 2329392
70 62 2329400
71 47 2329400
71 29 2329409
71 13 2329411
71 76 2329416
71 73 2329420
71 10 2329420
71 30 2329421
71 26 2329422
71 21 2329423
71 38 2329431
71 9 2329433
71 31 2329438
71 50 2329440
71 2 2329443
71 46 2329444
71 37 2329447
71 1 2329453
71 74 2329460
71 60 2329463
71 4 2329466
71 27 2329470
71 23 2329478
71 48 2329479
71 69 2329481
71 20 2329488
71 43 2329492
71 5 2329495
71 41 2329503
71 52 2329507
71 47 2329512
71 17 2329515
71 12 2329519
71 13 2329524
71 20 2329530
71 62 2329535
71 41 2329535
71 3 2329537
71 22 2329541
71 45 2329543
71 8 2329549
71 34 2329558
71 1 2329558
71 72 2329560
71 56 2329569
71 29 2329572
71 10 2329580
71 28 2329580
71 77 2329581
71 38 2329584
71 52 2329585
71 25 2329593
71 78 2329602
71 74 2329610
71 16 2329610
71 69 2329619
72 13 2329623
72 69 2329628
72 14 2329633
72 70 2329640
72 57 2329640
72 36 2329647
72 77 2329656
72 2 2329665
72 60 2329665
72 19 2329674
72 4 2329681
72 47 2329685
72 79 2329694
72 37 2329694
72 62 2329695
72 39 2329702
72 17 2329703
72 27 2329707
72 63 2329710
72 59 2329712
72 42 2329719
72 16 2329723
72 76 2329727
72 7 2329735
72 75 2329739
72 43 2329747
72 65 2329747
72 50 2329751
72 32 2329752
72 73 2329756
72 46 2329765
72 25 2329773
72 21 2329776
72 45 2329777
72 31 2329786
72 53 2329787
72 6 2329796
72 22 2329801
72 56 2329807
72 33 2329816
72 11 2329820
72 58 2329827
72 37 2329829
72 71 2329829
72 27 2329837
72 8 2329846
72 14 2329855
72 30 2329862
72 61 2329870
72 68 2329879
72 42 2329885
72 0 2329887
72 9 2329894
72 53 2329896
72 64 2329902
72 73 2329909
72 77 2329917
72 69 2329926
72 55 2329935
72 47 2329941
72 23 2329948
72 46 2329951
72 20 2329955
72 31 2329964
72 76 2329971
72 29 2329972
72 12 2329972
72 38 2329977
72 2 2329986
72 60 2329991
72 28 2329998
72 49 2330005
72 59 2330011
72 34 2330016
72 75 2330016
72 56 2330025
72 70 2330029
72 41 2330032
72 13 2330033
72 17 2330033
72 40 2330041
72 1 2330049
72 35 2330053
73 65 2330054
73 14 2330062
73 68 2330067
73 60 2330073
73 55 2330079
73 77 2330086
73 47 2330086
73 33 2330095
73 44 2330101
73 12 2330108
73 43 2330110
73 59 2330113
73 35 2330120
74 70 2330123
74 56 2330130
74 15 2330132
74 37 2330135
74 17 2330143
74 61 2330147
74 25 2330156
74 32 2330158
74 67 2330162
74 77 2330170
74 10 2330173
74 22 2330180
75 56 2330188
75 14 2330189
75 28 2330196
75 34 2330197
75 73 2330203
75 31 2330204
75 74 2330213
75 12 2330221
75 53 2330230
75 67 2330233
75 69 2330233
75 6 2330242
75 61 2330244
75 27 2330250
75 26 2330255
75 53 2330255
75 39 2330262
75 37 2330266
75 4 2330267
75 10 2330272
75 38 2330273
75 71 2330276
75 69 2330282
75 62 2330290
75 12 2330291
75 19 2330299
75 22 2330301
75 32 2330301
75 28 2330309
75 57 2330313
75 48 2330314
76 6 2330321
76 0 2330328
76 19 2330334
76 34 2330334
76 69 2330342
76 13 2330343
76 27 2330352
76 18 2330360
76 70 2330368
76 21 2330371
76 23 2330372
76 79 2330374
76 37 2330374
76 1 2330383
76 66 2330390
76 8 2330396
76 36 2330404
76 24 2330406
76 38 2330410
76 32 2330413
76 25 2330414
76 30 2330418
76 9 2330418
76 67 2330426
76 10 2330427
76 56 2330430
76 2 2330431
76 51 2330435
76 42 2330437
76 77 2330446
76 43 2330454
76 35 2330460
76 31 2330462
76 28 2330466
76 58 2330473
76 6 2330474
76 4 2330483
76 64 2330488
76 22 2330496
76 39 2330500
76 19 2330502
76 35 2330510
76 61 2330515
76 69 2330521
76 57 2330523
76 23 2330526
76 78 2330528
76 77 2330532
76 62 2330536
76 0 2330542
76 60 2330544
76 12 2330551
76 74 2330551
76 48 2330560
76 71 2330560
76 53 2330563
76 30 2330564
76 38 2330568
76 11 2330575
76 46 2330583
76 75 2330585
76 51 2330590
76 72 2330592
76 9 2330596
76 41 2330601
76 10 2330605
76 2 2330607
77 56 2330615
77 21 2330623
77 49 2330624
77 72 2330626
77 38 2330626
77 58 2330632
77 32 2330635
77 61 2330642
77 26 2330645
77 41 2330652
77 10 2330654
77 22 2330661
77 44 2330670
77 67 2330679
77 59 2330684
77 69 2330684
77 13 2330693
77 11 2330700
77 51 2330702
77 8 2330704
77 50 2330706
77 71 2330709
77 5 2330715
77 40 2330724
77 4 2330732
77 75 2330735
77 1 2330740
77 7 2330745
77 62 2330754
77 65 2330757
77 53 2330764
77 23 2330771
77 35 2330778
77 3 2330779
77 16 2330781
77 37 2330786
77 51 2330793
77 64 2330802
77 33 2330806
77 54 2330815
77 25 2330824
77 79 2330832
77 7 2330832
77 8 2330832
77 13 2330837
77 15 2330845
77 22 2330847
77 34 2330851
77 9 2330851
77 52 2330854
77 21 2330859
77 17 2330865
77 74 2330869
77 57 2330875
77 43 2330881
77 73 2330887
77 41 2330896
77 78 2330905
77 40 2330907
77 11 2330912
78 52 2330920
78 48 2330924
78 33 2330933
78 30 2330935
78 17 2330941
78 77 2330948
78 2 2330950
78 73 2330955
78 65 2330957
78 40 2330966
78 51 2330966
78 68 2330969
78 43 2330970
78 39 2330973
78 61 2330973
78 31 2330973
78 10 2330977
78 72 2330986
78 69 2330994
78 16 2330997
78 42 2330997
78 57 2331001
78 63 2331009
78 53 2331015
78 41 2331023
78 32 2331026
78 22 2331030
78 38 2331033
78 6 2331041
78 70 2331049
78 40 2331050
78 0 2331051
78 9 2331059
78 44 2331060
78 10 2331064
78 58 2331070
78 17 2331077
78 34 2331080
78 55 2331087
78 23 2331094
78 59 2331101
78 20 2331102
78 73 2331103
78 7 2331112
78 29 2331112
78 52 2331112
78 42 2331115
78 31 2331115
78 57 2331117
78 53 2331120
78 13 2331121
78 75 2331129
78 49 2331131
78 11 2331137
78 33 2331145
78 69 2331150
78 74 2331155
78 15 2331158
78 45 2331165
78 76 2331171
78 19 2331176
79 72 2331177
79 22 2331181
79 46 2331187
79 29 2331191
79 65 2331195
79 77 2331198
79 37 2331206
79 24 2331207
79 54 2331215
79 36 2331221
79 41 2331224
79 49 2331230
79 12 2331238
79 34 2331240
79 35 2331244
79 56 2331252
79 69 2331252
79 5 2331254
79 20 2331256
79 76 2331264
79 55 2331269
79 30 2331269
79 27 2331273
79 60 2331277
79 19 2331281
79 32 2331283
79 47 2331287
79 9 2331290
79 40 2331298
79 2 2331301
79 39 2331306
79 53 2331309
79 23 2331312
79 8 2331321
79 50 2331327
79 31 2331329
79 78 2331336
79 66 2331342
79 16 2331342
79 62 2331344
79 45 2331344
79 25 2331345
79 15 2331353
79 42 2331359
79 67 2331362
79 58 2331367
79 69 2331368
79 48 2331377
79 78 2331379
79 73 2331387
79 68 2331396
79 16 2331396
79 26 2331404
79 64 2331408
79 15 2331408
79 34 2331411
79 54 2331420
79 76 2331420
79 59 2331429
79 46 2331431
79 56 2331432
79 41 2331440
79 31 2331440
79 65 2331445
79 5 2331449
79 33 2331456
79 53 2331457
79 12 2331464
79 74 2331467
79 50 2331467
79 43 2331476
79 9 2331477
79 77 2331479
79 55 2331486
79 32 2331495
79 19 2331500
79 72 2331508
79 38 2331509
79 47 2331513
79 20 2331516
79 0 2331516
79 44 2331518
79 13 2331521
79 40 2331524
