83
false
0 3 2574641
0 62 2574648
0 26 2574656
0 66 2574661
0 73 2574668
0 30 2574672
0 39 2574681
0 71 2574685
0 42 2574693
0 48 2574697
0 17 2574703
0 72 2574710
0 77 2574710
0 43 2574717
0 32 2574720
0 59 2574723
0 45 2574724
0 65 2574728
0 44 2574735
0 12 2574740
0 69 2574741
0 8 2574743
0 41 2574743
0 17 2574748
0 13 2574754
0 50 2574757
0 29 2574759
0 70 2574763
0 30 2574765
0 1 2574767
0 76 2574769
0 4 2574772
0 31 2574774
0 53 2574777
0 14 2574779
0 5 2574780
0 21 2574783
1 27 2574790
1 14 2574799
1 52 2574799
1 26 2574803
1 55 2574812
1 0 2574821
1 43 2574827
1 31 2574832
1 68 2574839
1 16 2574848
1 63 2574857
1 71 2574857
1 51 2574859
1 47 2574865
1 64 2574865
1 61 2574867
1 15 2574873
1 3 2574873
1 4 2574874
1 10 2574874
1 49 2574874
1 24 2574882
1 29 2574883
1 8 2574890
1 82 2574891
1 20 2574894
1 34 2574897
1 66 2574905
1 13 2574907
1 5 2574911
1 9 2574915
1 55 2574915
1 30 2574921
1 34 2574922
1 65 2574930
1 62 2574931
1 72 2574932
1 67 2574935
1 7 2574941
1 21 2574945
1 39 2574945
1 43 2574946
1 74 2574949
1 64 2574954
1 22 2574960
1 25 2574962
1 68 2574964
1 48 2574967
1 54 2574976
1 8 2574976
1 16 2574984
1 46 2574984
1 3 2574984
1 6 2574990
1 36 2574994
1 13 2574998
1 10 2575002
1 18 2575004
1 49 2575005
2 51 2575006
2 41 2575009
2 11 2575013
3 24 2575013
3 12 2575022
3 33 2575031
3 73 2575034
3 30 2575043
3 14 2575047
3 2 2575049
3 69 2575050
3 13 2575056
3 20 2575058
3 50 2575065
3 75 2575074
3 56 2575079
3 71 2575081
3 47 2575084
3 82 2575085
3 8 2575093
3 1 2575096
3 67 2575100
3 9 2575107
3 66 2575112
3 37 2575118
3 22 2575119
3 62 2575121
3 59 2575123
3 0 2575131
3 11 2575138
3 43 2575140
3 46 2575147
3 6 2575150
3 81 2575158
3 10 2575165
3 52 2575171
3 48 2575177
3 45 2575182
3 74 2575185
3 39 2575187
3 15 2575187
3 38 2575195
3 49 2575197
3 70 2575200
3 53 2575204
3 79 2575208
3 77 2575214
3 44 2575216
3 54 2575218
3 57 2575226
3 51 2575228
3 35 2575228
3 42 2575228
3 80 2575232
3 27 2575234
3 41 2575237
3 21 2575246
3 23 2575255
3 63 2575259
3 8 2575260
3 37 2575264
3 64 2575268
3 23 2575274
3 47 2575283
3 2 2575285
3 82 2575294
3 19 2575297
3 69 2575306
3 33 2575314
3 16 2575321
3 38 2575326
3 32 2575333
3 29 2575339
3 66 2575339
3 52 2575346
3 45 2575354
3 4 2575355
3 71 2575364
3 43 2575365
3 6 2575373
3 5 2575382
3 54 2575391
3 76 2575397
3 58 2575397
3 7 2575403
3 55 2575411
3 15 2575417
3 13 2575420
3 21 2575425
3 35 2575430
3 26 2575439
3 30 2575441
3 53 2575441
3 10 2575447
3 79 2575453
3 57 2575461
3 68 2575466
3 41 2575468
3 40 2575477
3 48 2575484
3 44 2575492
3 70 2575501
3 0 2575509
3 12 2575514
3 73 2575518
3 49 2575527
3 24 2575527
3 11 2575529
3 50 2575534
3 62 2575536
3 9 2575542
3 61 2575551
4 23 2575559
4 27 2575564
4 15 2575565
4 6 2575571
4 72 2575580
4 80 2575586
4 18 2575586
4 67 2575589
4 25 2575589
4 37 2575598
4 48 2575599
5 67 2575605
5 62 2575607
5 47 2575608
6 60 2575612
6 45 2575616
6 25 2575624
6 27 2575626
6 36 2575626
6 62 2575635
6 57 2575636
6 41 2575640
6 2 2575643
6 47 2575651
6 4 2575656
6 80 2575657
6 33 2575661
6 70 2575666
6 19 2575672
6 14 2575680
6 31 2575688
6 11 2575696
6 5 2575700
6 44 2575706
6 46 2575707
6 34 2575715
6 68 2575717
6 73 2575724
6 39 2575726
6 50 2575727
6 81 2575736
6 48 2575742
6 0 2575746
6 30 2575752
6 54 2575757
6 61 2575757
6 75 2575760
6 3 2575769
6 28 2575773
6 53 2575775
6 56 2575784
6 29 2575784
6 51 2575789
6 49 2575794
6 56 2575797
6 30 2575804
6 3 2575808
6 44 2575812
6 64 2575819
6 80 2575819
6 82 2575821
6 10 2575824
6 18 2575825
6 39 2575832
6 71 2575839
6 1 2575840
6 31 2575845
6 14 2575845
6 72 2575845
6 32 2575852
6 16 2575852
6 33 2575861
6 36 2575865
6 50 2575870
6 52 2575879
6 46 2575886
6 28 2575887
6 19 2575895
6 65 2575898
6 79 2575901
6 81 2575909
6 34 2575910
6 68 2575911
6 17 2575919
6 38 2575927
6 7 2575934
6 48 2575943
6 26 2575945
6 59 2575947
6 15 2575948
6 22 2575949
6 53 2575954
6 25 2575961
6 2 2575961
7 53 2575963
7 13 2575968
7 69 2575976
7 74 2575976
7 81 2575976
7 34 2575983
7 31 2575986
7 41 2575993
7 50 2575998
7 9 2576007
7 58 2576011
7 38 2576011
7 71 2576020
7 77 2576023
7 12 2576023
7 35 2576026
7 76 2576033
7 62 2576038
7 17 2576042
7 6 2576044
7 48 2576046
7 22 2576048
7 78 2576049
7 8 2576049
7 54 2576055
7 0 2576060
7 65 2576065
7 49 2576070
7 59 2576078
7 79 2576084
7 56 2576091
7 39 2576100
7 37 2576103
7 28 2576106
7 25 2576109
7 42 2576116
7 2 2576118
7 64 2576124
7 60 2576126
7 70 2576132
7 26 2576140
7 27 2576141
7 45 2576149
7 10 2576149
7 54 2576150
7 43 2576159
7 80 2576162
7 68 2576170
7 47 2576175
7 79 2576177
7 62 2576177
7 5 2576182
7 60 2576190
7 77 2576191
7 17 2576200
7 2 2576209
7 81 2576209
7 23 2576217
7 78 2576218
7 3 2576218
7 12 2576226
7 49 2576235
7 13 2576242
7 11 2576245
7 9 2576247
7 15 2576248
7 33 2576254
7 82 2576258
7 36 2576266
7 18 2576266
7 55 2576267
7 46 2576268
7 40 2576270
7 19 2576274
7 72 2576277
7 70 2576281
7 42 2576282
7 16 2576288
7 28 2576289
7 14 2576293
7 22 2576295
7 61 2576295
7 37 2576304
8 13 2576313
8 39 2576322
8 60 2576330
8 61 2576337
8 36 2576343
8 56 2576346
8 75 2576348
8 5 2576352
8 82 2576359
8 37 2576368
8 40 2576373
8 62 2576374
8 78 2576379
8 18 2576382
8 57 2576390
8 44 2576396
8 25 2576401
8 48 2576407
8 16 2576412
8 3 2576414
8 77 2576418
8 0 2576422
8 49 2576427
8 28 2576435
8 4 2576435
8 17 2576444
8 66 2576449
8 9 2576453
8 81 2576455
8 80 2576463
8 65 2576469
8 73 2576471
8 21 2576472
8 6 2576475
8 55 2576476
8 33 2576476
8 54 2576476
8 41 2576483
8 19 2576491
8 70 2576495
8 35 2576497
8 21 2576499
8 52 2576505
8 66 2576514
8 75 2576521
8 10 2576529
8 17 2576530
8 1 2576539
8 72 2576540
8 38 2576546
8 65 2576549
8 36 2576553
8 43 2576562
8 42 2576571
8 60 2576576
8 53 2576583
8 30 2576590
8 54 2576595
8 32 2576600
8 78 2576600
8 2 2576603
8 57 2576606
8 33 2576610
8 47 2576613
8 40 2576614
8 81 2576621
8 16 2576623
8 55 2576626
8 63 2576628
8 39 2576630
8 68 2576638
8 20 2576641
8 76 2576646
8 3 2576653
8 34 2576658
8 79 2576663
8 45 2576669
8 70 2576674
8 7 2576678
8 71 2576684
8 44 2576693
8 37 2576702
8 50 2576710
8 48 2576712
8 22 2576717
9 44 2576723
9 60 2576731
9 48 2576740
9 81 2576745
9 61 2576745
9 49 2576745
9 75 2576747
9 67 2576750
9 1 2576758
9 7 2576766
9 55 2576770
9 59 2576774
9 29 2576777
9 33 2576780
9 0 2576787
9 43 2576788
9 53 2576793
9 8 2576800
9 63 2576801
9 3 2576805
9 79 2576814
9 66 2576819
9 74 2576825
9 69 2576833
9 37 2576833
9 4 2576835
9 41 2576840
9 68 2576844
9 77 2576852
9 6 2576860
9 11 2576864
9 46 2576873
9 16 2576882
9 35 2576882
9 18 2576887
9 57 2576894
9 14 2576895
9 68 2576901
9 13 2576909
9 76 2576910
9 77 2576916
9 46 2576922
9 79 2576931
9 54 2576931
9 7 2576932
9 75 2576939
9 44 2576942
9 63 2576951
9 35 2576956
9 70 2576959
9 38 2576962
9 16 2576968
9 60 2576969
9 27 2576975
9 56 2576982
9 24 2576987
9 67 2576989
9 28 2576993
9 55 2576997
9 51 2577002
9 19 2577010
9 80 2577016
9 36 2577018
9 65 2577027
9 26 2577033
9 57 2577039
9 33 2577047
9 10 2577047
9 8 2577050
9 78 2577057
9 48 2577061
9 4 2577068
9 15 2577070
9 43 2577072
10 23 2577081
10 33 2577084
10 64 2577084
10 18 2577087
11 29 2577090
11 24 2577096
11 19 2577097
11 26 2577106
11 58 2577112
11 65 2577114
11 15 2577123
11 4 2577124
11 13 2577131
11 16 2577133
11 30 2577135
11 68 2577143
11 39 2577152
11 75 2577154
11 37 2577160
11 36 2577168
11 28 2577169
11 58 2577177
11 48 2577184
11 79 2577186
11 23 2577194
11 31 2577203
11 73 2577210
11 57 2577217
11 26 2577218
11 52 2577222
11 71 2577222
11 66 2577231
11 0 2577238
11 3 2577244
11 76 2577251
11 47 2577259
12 26 2577268
12 70 2577271
12 78 2577276
12 6 2577280
12 52 2577285
12 82 2577293
12 10 2577297
12 40 2577305
12 64 2577311
12 9 2577319
12 37 2577328
12 62 2577332
12 25 2577333
12 31 2577342
12 0 2577349
12 34 2577351
12 25 2577360
12 75 2577365
12 24 2577370
12 37 2577377
12 39 2577383
12 78 2577391
12 33 2577396
12 66 2577398
12 6 2577406
12 23 2577415
12 32 2577421
12 53 2577430
12 57 2577437
12 9 2577438
12 51 2577440
12 70 2577440
13 16 2577444
13 6 2577444
13 73 2577451
13 35 2577457
13 57 2577466
13 51 2577467
13 67 2577469
13 4 2577477
13 26 2577483
13 65 2577485
13 8 2577489
13 45 2577495
13 54 2577500
13 48 2577504
13 34 2577507
13 46 2577516
13 59 2577517
13 28 2577524
13 66 2577529
13 19 2577530
13 43 2577536
13 7 2577543
13 75 2577552
13 78 2577554
13 0 2577555
13 32 2577562
13 69 2577562
13 11 2577570
13 62 2577574
13 68 2577580
13 44 2577581
13 79 2577585
13 18 2577592
13 24 2577596
13 60 2577598
13 56 2577604
13 8 2577610
13 73 2577617
13 71 2577620
13 65 2577626
13 16 2577632
13 68 2577633
13 81 2577638
13 60 2577645
13 28 2577653
13 19 2577662
13 18 2577670
13 10 2577675
13 1 2577681
13 63 2577687
13 39 2577696
13 6 2577696
13 59 2577703
13 29 2577703
13 14 2577709
13 75 2577713
13 41 2577718
13 62 2577722
13 20 2577722
13 2 2577727
13 44 2577729
13 30 2577735
13 58 2577740
13 64 2577741
13 42 2577744
13 74 2577749
13 40 2577751
13 67 2577751
13 69 2577754
13 36 2577758
13 15 2577765
13 57 2577766
13 37 2577767
13 23 2577768
13 7 2577770
13 43 2577773
13 55 2577782
14 52 2577788
14 3 2577797
14 37 2577802
14 31 2577805
14 2 2577814
14 32 2577821
14 46 2577822
14 42 2577823
14 82 2577827
14 22 2577835
14 18 2577835
14 34 2577843
14 70 2577845
14 41 2577846
14 68 2577852
14 6 2577860
14 9 2577869
14 8 2577873
14 11 2577880
14 75 2577889
14 78 2577898
14 44 2577901
14 63 2577907
14 81 2577907
14 56 2577910
14 54 2577914
14 79 2577921
14 23 2577923
14 80 2577927
14 58 2577932
14 66 2577941
14 16 2577950
14 36 2577956
14 12 2577962
14 71 2577964
14 60 2577973
14 17 2577980
14 40 2577981
14 7 2577988
14 47 2577994
14 76 2578001
14 21 2578009
14 4 2578014
14 12 2578019
14 49 2578028
14 72 2578036
14 35 2578042
14 79 2578047
14 28 2578051
14 45 2578057
14 61 2578066
14 69 2578075
14 56 2578082
14 16 2578082
14 80 2578085
14 30 2578090
14 8 2578094
14 74 2578096
14 43 2578099
14 48 2578107
14 54 2578114
14 77 2578121
14 57 2578122
14 42 2578124
14 31 2578132
14 82 2578139
14 58 2578143
14 62 2578152
14 29 2578159
14 0 2578162
14 24 2578166
14 73 2578170
15 53 2578171
15 48 2578171
15 22 2578179
15 76 2578182
15 41 2578187
15 2 2578191
15 49 2578192
15 21 2578200
15 26 2578203
15 1 2578211
15 39 2578216
15 33 2578218
15 46 2578221
15 63 2578228
15 31 2578235
15 23 2578243
15 72 2578245
15 14 2578252
15 4 2578255
15 9 2578262
15 64 2578269
15 51 2578276
15 55 2578281
15 30 2578285
15 43 2578290
15 10 2578298
15 70 2578301
15 11 2578308
15 52 2578309
15 81 2578310
15 18 2578318
15 78 2578322
15 17 2578329
15 64 2578336
15 39 2578342
15 42 2578350
15 8 2578353
15 29 2578357
15 55 2578359
15 65 2578367
15 23 2578374
15 44 2578377
15 49 2578383
15 50 2578391
15 63 2578397
15 3 2578401
15 40 2578406
15 80 2578414
15 75 2578423
15 68 2578423
15 82 2578428
15 31 2578429
15 70 2578435
15 24 2578439
15 10 2578440
15 27 2578447
15 41 2578450
15 7 2578456
15 46 2578465
15 56 2578467
15 66 2578467
15 58 2578467
15 19 2578469
15 22 2578477
15 74 2578478
15 67 2578487
15 12 2578492
16 82 2578497
16 22 2578502
16 36 2578504
16 48 2578513
16 30 2578516
16 57 2578521
16 17 2578530
16 63 2578530
16 19 2578538
16 74 2578542
16 76 2578542
16 5 2578548
16 70 2578553
16 55 2578557
16 4 2578560
16 6 2578560
16 31 2578564
16 50 2578564
16 13 2578568
16 28 2578575
16 26 2578582
16 77 2578583
16 27 2578588
16 79 2578591
16 25 2578598
16 14 2578599
16 69 2578604
16 81 2578607
16 58 2578609
16 20 2578618
16 56 2578627
16 78 2578629
16 46 2578637
16 40 2578639
16 52 2578642
16 12 2578645
16 9 2578647
16 23 2578653
16 10 2578654
16 7 2578655
16 54 2578664
16 70 2578666
16 82 2578670
16 11 2578678
16 77 2578679
16 57 2578682
16 6 2578688
16 60 2578688
16 26 2578695
16 27 2578698
16 28 2578700
16 81 2578706
16 32 2578715
16 54 2578718
16 13 2578718
16 35 2578726
16 61 2578726
16 19 2578735
16 33 2578743
16 24 2578744
16 15 2578747
16 39 2578748
16 48 2578749
16 71 2578757
16 37 2578762
16 34 2578762
16 18 2578770
16 75 2578771
16 59 2578772
16 45 2578773
16 73 2578773
16 17 2578773
16 65 2578776
16 46 2578785
16 55 2578785
16 38 2578794
16 56 2578797
16 25 2578799
16 41 2578803
16 2 2578808
16 80 2578817
16 63 2578821
16 72 2578830
16 7 2578833
16 40 2578836
17 13 2578838
17 18 2578846
17 36 2578851
17 75 2578858
17 80 2578865
17 78 2578873
17 54 2578873
17 21 2578880
17 81 2578885
17 46 2578891
17 26 2578899
17 45 2578899
17 50 2578905
17 7 2578909
17 11 2578917
17 71 2578918
17 72 2578925
17 28 2578927
17 41 2578929
17 64 2578933
17 66 2578939
17 62 2578940
17 44 2578945
17 65 2578952
17 8 2578953
17 27 2578958
17 1 2578966
17 53 2578970
17 60 2578976
17 14 2578977
17 6 2578986
17 34 2578987
17 25 2578990
17 24 2578999
17 2 2579006
17 16 2579012
17 12 2579019
17 42 2579021
17 15 2579025
17 63 2579031
17 69 2579036
17 20 2579045
17 47 2579052
17 37 2579058
17 44 2579067
17 39 2579068
17 22 2579070
17 28 2579071
17 81 2579078
17 33 2579087
17 19 2579091
17 27 2579099
17 16 2579103
17 8 2579109
17 7 2579118
17 53 2579118
17 46 2579120
17 55 2579120
17 13 2579120
17 14 2579126
17 54 2579130
17 50 2579139
17 78 2579145
17 75 2579147
17 11 2579155
17 40 2579161
17 73 2579168
17 2 2579173
17 26 2579174
17 15 2579174
17 64 2579178
17 70 2579182
17 9 2579185
17 41 2579193
17 36 2579200
17 59 2579201
17 45 2579203
17 24 2579206
17 32 2579210
17 58 2579217
17 72 2579218
17 43 2579222
17 25 2579226
17 56 2579232
17 30 2579241
17 21 2579242
18 66 2579247
18 70 2579256
18 53 2579261
18 45 2579266
18 73 2579275
18 10 2579281
18 57 2579284
18 82 2579291
18 37 2579292
18 28 2579297
18 13 2579298
18 50 2579300
18 0 2579303
18 21 2579309
18 7 2579311
18 3 2579315
18 67 2579317
18 61 2579318
18 80 2579321
18 76 2579326
18 41 2579326
18 79 2579328
18 52 2579329
18 30 2579329
18 62 2579329
18 49 2579334
18 54 2579336
18 43 2579342
18 47 2579344
18 69 2579351
18 2 2579353
18 78 2579361
18 9 2579362
18 8 2579365
18 36 2579367
18 3 2579375
18 38 2579376
18 28 2579377
18 70 2579381
18 50 2579385
18 37 2579385
18 24 2579389
18 64 2579393
18 44 2579399
18 79 2579405
18 56 2579411
18 25 2579413
18 6 2579413
18 11 2579419
18 71 2579419
18 75 2579428
18 32 2579437
18 12 2579442
18 42 2579447
18 82 2579452
18 5 2579459
18 61 2579467
18 51 2579469
18 72 2579474
18 81 2579478
18 62 2579485
18 55 2579486
18 43 2579488
18 60 2579492
18 7 2579500
19 55 2579506
19 76 2579508
19 25 2579509
19 68 2579518
19 33 2579518
19 48 2579526
19 57 2579526
19 23 2579528
19 0 2579535
19 9 2579540
19 69 2579541
19 15 2579542
19 29 2579545
19 80 2579548
19 14 2579549
19 60 2579553
19 63 2579553
19 39 2579558
19 1 2579567
19 56 2579573
19 54 2579576
19 44 2579584
19 12 2579586
19 17 2579588
19 4 2579589
19 30 2579589
19 5 2579597
19 61 2579604
19 81 2579608
19 22 2579608
19 3 2579608
19 82 2579615
19 31 2579618
19 78 2579624
19 43 2579624
19 52 2579632
19 50 2579638
19 58 2579644
19 35 2579644
19 24 2579647
19 45 2579651
19 53 2579654
19 67 2579661
19 51 2579669
19 7 2579674
19 43 2579680
19 8 2579685
19 12 2579692
19 75 2579701
19 62 2579707
19 0 2579714
19 3 2579720
19 63 2579722
19 29 2579722
19 25 2579728
19 46 2579731
19 32 2579737
19 76 2579737
19 67 2579746
19 28 2579749
19 64 2579757
19 41 2579762
19 5 2579765
19 17 2579767
19 35 2579775
19 39 2579780
19 45 2579782
19 16 2579790
19 31 2579792
19 48 2579793
19 13 2579800
19 9 2579807
19 51 2579813
19 61 2579816
19 52 2579820
19 34 2579821
19 50 2579827
19 70 2579829
19 58 2579829
19 42 2579835
19 10 2579842
19 77 2579845
19 57 2579847
19 15 2579856
19 6 2579856
19 60 2579858
19 20 2579858
19 79 2579861
19 65 2579868
19 59 2579870
19 27 2579871
19 47 2579874
20 52 2579881
20 66 2579888
20 1 2579895
20 58 2579903
20 56 2579911
20 74 2579913
20 81 2579913
20 2 2579917
20 42 2579924
21 75 2579930
21 17 2579933
21 67 2579937
21 2 2579940
21 19 2579942
21 8 2579948
21 50 2579951
21 68 2579951
21 78 2579953
21 49 2579959
21 80 2579963
21 60 2579972
21 29 2579974
21 9 2579977
21 39 2579981
21 76 2579986
21 74 2579992
21 59 2579995
21 71 2580004
21 5 2580004
21 61 2580009
21 58 2580011
21 56 2580012
21 53 2580017
21 79 2580017
21 22 2580020
21 63 2580024
21 17 2580025
21 1 2580027
21 5 2580029
21 73 2580036
21 52 2580041
21 13 2580048
21 36 2580050
21 82 2580050
21 12 2580051
21 77 2580052
21 33 2580058
21 10 2580059
21 19 2580067
21 60 2580071
21 67 2580079
21 59 2580086
21 71 2580094
21 18 2580102
21 9 2580106
21 79 2580107
21 61 2580114
21 22 2580122
21 27 2580122
21 35 2580123
21 81 2580129
21 34 2580132
21 58 2580133
21 37 2580138
21 53 2580145
21 38 2580149
22 44 2580157
22 81 2580160
22 48 2580165
22 74 2580167
22 72 2580171
22 53 2580180
22 1 2580189
22 24 2580191
22 35 2580192
22 78 2580200
22 31 2580207
22 25 2580215
22 41 2580217
22 52 2580217
22 81 2580222
22 77 2580231
22 82 2580238
22 7 2580239
22 79 2580244
22 64 2580248
22 37 2580252
22 48 2580259
22 29 2580260
22 35 2580264
22 69 2580268
22 13 2580272
23 58 2580278
23 53 2580281
24 69 2580287
24 0 2580288
25 10 2580290
25 48 2580295
25 26 2580304
25 24 2580305
25 14 2580312
25 46 2580317
25 72 2580317
25 73 2580319
25 71 2580321
25 75 2580330
25 63 2580333
25 6 2580341
25 51 2580341
25 11 2580341
25 4 2580347
25 76 2580355
25 37 2580359
25 2 2580364
25 19 2580366
25 52 2580367
25 44 2580367
25 59 2580374
25 45 2580379
25 18 2580384
25 62 2580391
25 40 2580398
25 0 2580406
25 13 2580407
25 9 2580416
25 68 2580424
25 47 2580431
25 17 2580439
25 66 2580446
25 55 2580454
25 39 2580459
25 30 2580468
25 34 2580468
25 74 2580473
25 59 2580476
25 12 2580479
25 67 2580480
25 81 2580489
25 41 2580493
25 80 2580498
25 60 2580507
25 40 2580507
25 70 2580508
25 69 2580508
25 51 2580509
25 65 2580511
25 56 2580518
25 20 2580524
25 35 2580533
25 14 2580535
25 0 2580535
25 1 2580536
25 71 2580545
25 24 2580549
25 42 2580555
25 29 2580563
25 26 2580570
25 16 2580570
25 44 2580574
25 47 2580579
25 61 2580587
26 31 2580592
26 15 2580599
26 25 2580601
26 48 2580605
26 67 2580605
26 58 2580607
26 56 2580610
26 16 2580615
26 9 2580624
26 70 2580633
26 60 2580639
26 4 2580646
26 7 2580646
26 6 2580647
26 20 2580651
26 36 2580655
26 11 2580658
26 54 2580661
26 17 2580670
26 55 2580673
26 30 2580679
26 10 2580685
26 78 2580690
26 49 2580697
26 3 2580706
26 38 2580710
26 37 2580712
26 43 2580715
26 34 2580722
26 13 2580727
26 2 2580731
26 45 2580739
26 75 2580748
26 68 2580752
26 32 2580757
26 14 2580762
26 12 2580766
26 52 2580771
26 27 2580776
26 23 2580785
26 19 2580786
26 42 2580791
26 53 2580794
26 77 2580799
26 66 2580808
26 18 2580812
26 9 2580817
26 77 2580818
26 61 2580821
26 33 2580826
26 74 2580833
26 34 2580836
26 29 2580839
26 71 2580847
26 32 2580849
26 55 2580850
26 52 2580856
26 17 2580856
26 63 2580862
26 62 2580869
26 65 2580869
26 8 2580878
26 50 2580887
26 47 2580896
26 51 2580896
26 57 2580903
26 54 2580905
26 69 2580912
26 64 2580917
26 37 2580923
26 27 2580925
26 3 2580933
26 2 2580936
26 68 2580938
26 14 2580946
26 22 2580953
26 30 2580953
26 13 2580958
26 7 2580961
26 25 2580969
26 59 2580978
26 81 2580978
26 48 2580985
26 67 2580991
26 60 2580994
26 70 2580999
26 76 2581003
26 21 2581011
28 76 2581015
28 72 2581016
28 70 2581025
28 60 2581031
28 44 2581039
28 14 2581039
28 79 2581047
28 19 2581055
28 50 2581064
28 40 2581070
28 80 2581071
28 13 2581076
28 47 2581078
28 15 2581084
28 12 2581090
28 59 2581093
28 55 2581094
28 11 2581099
28 23 2581100
28 39 2581107
28 53 2581116
28 77 2581116
28 31 2581121
28 38 2581121
28 69 2581126
28 27 2581133
28 30 2581135
28 48 2581143
28 82 2581149
28 58 2581150
28 24 2581157
28 3 2581158
28 46 2581158
28 10 2581162
28 45 2581169
28 5 2581169
28 49 2581171
28 32 2581178
28 71 2581180
28 35 2581180
28 74 2581188
28 73 2581194
28 61 2581197
28 52 2581205
28 67 2581205
28 42 2581214
28 20 2581222
28 53 2581228
28 70 2581231
28 16 2581240
28 15 2581243
28 2 2581246
28 79 2581249
28 82 2581258
28 56 2581264
28 54 2581268
28 43 2581272
28 31 2581279
28 10 2581286
28 1 2581289
28 46 2581293
28 62 2581294
28 66 2581296
28 75 2581299
28 64 2581303
28 17 2581307
28 59 2581312
28 34 2581313
28 25 2581321
28 30 2581323
28 32 2581326
28 57 2581329
28 71 2581329
28 45 2581335
28 49 2581336
28 8 2581338
28 13 2581338
28 77 2581343
28 76 2581349
28 63 2581354
28 39 2581354
28 67 2581355
28 60 2581356
28 81 2581362
28 41 2581369
28 29 2581376
28 24 2581379
28 36 2581385
28 52 2581391
28 61 2581392
28 38 2581397
29 80 2581404
29 20 2581412
29 78 2581420
29 45 2581422
29 71 2581429
30 53 2581436
30 55 2581444
30 68 2581444
30 5 2581452
30 36 2581460
30 79 2581463
30 66 2581467
30 9 2581471
30 19 2581475
30 27 2581478
30 47 2581486
30 32 2581495
30 34 2581499
30 54 2581501
30 80 2581502
30 16 2581506
30 45 2581514
30 50 2581522
30 11 2581523
30 24 2581530
30 31 2581535
30 8 2581536
30 22 2581536
30 13 2581542
30 25 2581545
30 9 2581554
30 79 2581562
30 55 2581565
30 72 2581572
30 47 2581576
30 19 2581581
30 51 2581587
30 3 2581595
30 5 2581598
30 23 2581606
30 26 2581610
30 48 2581614
30 6 2581622
30 0 2581626
31 58 2581633
31 64 2581634
31 29 2581639
31 56 2581640
31 8 2581649
31 45 2581651
31 26 2581659
31 63 2581668
31 61 2581675
31 79 2581680
31 47 2581682
31 67 2581682
31 15 2581684
31 6 2581687
31 12 2581692
31 77 2581698
31 3 2581706
31 36 2581710
31 80 2581714
31 7 2581714
31 33 2581723
31 39 2581727
31 25 2581731
31 76 2581738
31 49 2581745
31 74 2581752
31 4 2581754
31 35 2581760
31 16 2581769
31 34 2581770
31 10 2581770
31 13 2581771
31 72 2581778
31 51 2581780
31 54 2581789
31 60 2581793
31 53 2581795
31 55 2581798
31 2 2581798
31 48 2581799
31 30 2581802
31 1 2581807
31 71 2581814
31 68 2581820
31 78 2581821
31 50 2581823
31 81 2581828
31 44 2581834
31 29 2581840
31 79 2581844
31 82 2581848
31 8 2581857
31 24 2581859
31 58 2581864
31 14 2581873
31 0 2581874
31 27 2581878
31 53 2581882
31 69 2581891
31 63 2581897
31 47 2581901
31 43 2581903
31 7 2581911
31 77 2581917
31 65 2581917
31 22 2581924
31 62 2581924
31 40 2581931
31 78 2581933
31 26 2581939
31 36 2581940
31 72 2581949
31 52 2581956
31 30 2581965
31 41 2581974
31 75 2581981
31 42 2581988
31 44 2581996
31 73 2582003
31 48 2582009
31 28 2582014
31 50 2582016
31 6 2582020
31 19 2582027
31 33 2582028
31 32 2582030
31 23 2582030
31 67 2582035
31 55 2582042
31 16 2582049
31 1 2582054
31 64 2582060
31 10 2582063
31 25 2582064
31 17 2582064
32 38 2582071
32 20 2582078
32 61 2582078
32 19 2582078
32 42 2582078
32 74 2582082
32 8 2582088
32 3 2582091
32 56 2582092
32 76 2582092
32 82 2582096
32 60 2582098
32 59 2582105
32 15 2582110
32 41 2582119
32 39 2582121
32 43 2582130
32 71 2582133
32 65 2582134
32 53 2582134
32 64 2582140
32 23 2582149
32 81 2582153
32 69 2582155
32 52 2582163
32 5 2582164
32 55 2582164
32 16 2582164
32 18 2582173
32 7 2582178
32 40 2582187
32 9 2582193
32 51 2582197
32 78 2582206
32 75 2582207
32 68 2582213
32 34 2582217
32 1 2582223
32 6 2582227
32 25 2582231
32 70 2582239
32 47 2582243
32 66 2582251
32 37 2582255
32 79 2582263
32 31 2582264
32 24 2582270
32 50 2582278
32 78 2582285
32 56 2582285
32 3 2582285
32 7 2582286
32 66 2582293
32 73 2582299
32 10 2582299
32 72 2582304
32 60 2582309
32 40 2582316
32 2 2582322
32 50 2582330
32 34 2582336
32 11 2582344
32 38 2582345
32 33 2582345
32 63 2582354
32 45 2582358
32 9 2582361
32 30 2582368
32 22 2582373
32 25 2582376
32 17 2582376
32 76 2582380
32 27 2582380
32 39 2582380
32 52 2582388
32 16 2582392
32 82 2582398
32 12 2582403
32 8 2582407
32 42 2582416
32 24 2582418
32 15 2582424
32 5 2582432
32 81 2582435
32 64 2582438
32 37 2582438
32 48 2582444
32 59 2582449
32 57 2582458
32 4 2582458
32 80 2582460
32 14 2582467
32 36 2582469
32 75 2582474
32 23 2582482
33 52 2582486
33 4 2582489
33 56 2582493
33 66 2582498
33 2 2582501
33 62 2582503
33 9 2582511
33 31 2582516
33 57 2582519
33 23 2582524
33 17 2582526
33 44 2582535
33 7 2582535
33 59 2582541
33 38 2582545
33 1 2582553
33 51 2582561
33 16 2582562
33 78 2582566
33 60 2582572
33 75 2582581
33 54 2582586
33 35 2582595
33 72 2582601
33 63 2582602
33 3 2582610
33 42 2582615
33 24 2582622
33 36 2582622
33 0 2582625
33 15 2582633
33 50 2582636
33 32 2582638
33 40 2582643
33 43 2582646
33 55 2582648
33 64 2582651
33 29 2582660
33 34 2582667
33 37 2582674
33 68 2582678
33 73 2582681
33 28 2582681
33 20 2582685
33 80 2582692
33 47 2582694
33 10 2582700
33 77 2582700
33 36 2582707
33 6 2582708
33 50 2582711
33 31 2582717
33 23 2582720
33 63 2582722
33 21 2582724
33 51 2582730
33 0 2582735
33 34 2582738
33 19 2582747
33 44 2582756
33 80 2582763
33 30 2582766
33 8 2582772
33 64 2582781
33 68 2582788
33 4 2582791
33 27 2582799
33 7 2582800
33 62 2582805
33 66 2582807
33 43 2582809
33 59 2582811
33 61 2582811
33 20 2582813
33 1 2582814
33 56 2582823
33 37 2582828
33 22 2582830
33 42 2582837
33 74 2582838
33 75 2582842
33 55 2582844
33 40 2582849
33 47 2582858
33 65 2582858
33 69 2582860
33 25 2582860
33 81 2582862
33 16 2582868
34 24 2582877
34 18 2582883
34 1 2582885
34 74 2582893
34 35 2582895
34 33 2582904
34 21 2582908
34 68 2582915
34 10 2582922
34 13 2582923
34 57 2582931
34 47 2582937
34 78 2582944
34 64 2582952
34 77 2582957
34 73 2582958
34 67 2582959
34 32 2582966
34 20 2582973
34 45 2582973
34 15 2582980
34 26 2582984
34 43 2582990
34 65 2582993
34 80 2583000
34 19 2583004
34 6 2583011
34 9 2583017
34 81 2583020
34 0 2583020
34 76 2583028
34 63 2583033
34 66 2583036
34 28 2583041
34 61 2583043
34 3 2583046
34 50 2583054
34 82 2583056
34 30 2583056
34 42 2583065
34 36 2583066
34 11 2583068
34 8 2583068
34 71 2583074
34 72 2583074
34 37 2583079
34 22 2583087
34 31 2583094
34 43 2583098
34 75 2583100
34 42 2583102
34 36 2583107
34 63 2583109
34 67 2583110
34 65 2583117
34 54 2583124
34 58 2583129
34 37 2583138
34 0 2583139
34 70 2583145
34 61 2583154
34 39 2583160
34 26 2583164
34 23 2583171
34 41 2583176
34 44 2583178
34 68 2583180
34 20 2583180
34 4 2583189
34 60 2583198
34 76 2583207
34 40 2583210
34 14 2583215
34 79 2583215
34 27 2583217
34 51 2583226
34 15 2583229
34 33 2583232
34 82 2583240
34 2 2583249
34 25 2583250
34 5 2583252
34 24 2583259
34 6 2583261
34 38 2583265
34 32 2583270
34 7 2583278
34 56 2583282
34 55 2583283
34 29 2583291
34 47 2583292
34 52 2583294
34 78 2583298
35 53 2583307
35 71 2583308
35 72 2583310
35 27 2583312
35 14 2583315
35 20 2583322
35 30 2583331
35 75 2583337
35 45 2583341
35 66 2583343
35 5 2583350
35 11 2583350
35 33 2583352
35 82 2583360
35 44 2583363
35 15 2583364
35 42 2583368
35 31 2583376
35 28 2583377
35 17 2583379
35 2 2583379
35 70 2583385
35 69 2583389
35 52 2583395
35 0 2583396
35 43 2583403
35 41 2583410
35 19 2583419
35 34 2583419
35 3 2583425
35 18 2583429
35 8 2583432
35 68 2583439
35 80 2583446
35 77 2583447
35 27 2583451
35 34 2583458
35 67 2583462
35 10 2583462
35 30 2583462
35 75 2583463
35 73 2583472
35 60 2583476
35 78 2583484
35 79 2583484
35 63 2583489
35 56 2583491
35 21 2583495
35 59 2583501
35 43 2583501
35 39 2583503
35 71 2583512
35 61 2583512
35 5 2583518
35 36 2583526
35 42 2583533
36 37 2583538
36 50 2583545
36 25 2583547
36 69 2583551
36 10 2583560
36 1 2583560
36 43 2583560
36 2 2583565
36 31 2583566
36 59 2583567
36 21 2583573
36 34 2583574
36 38 2583574
36 46 2583580
36 72 2583589
36 48 2583594
36 17 2583598
36 81 2583606
36 39 2583614
36 16 2583623
36 19 2583625
36 41 2583630
36 70 2583635
36 73 2583642
36 76 2583644
36 63 2583648
36 26 2583650
36 40 2583651
36 3 2583660
36 80 2583660
36 56 2583662
36 22 2583663
36 15 2583664
36 42 2583665
36 55 2583670
36 27 2583670
36 20 2583679
36 52 2583687
36 81 2583688
36 55 2583691
36 68 2583691
36 82 2583694
36 57 2583698
36 24 2583701
36 48 2583710
36 49 2583715
36 73 2583715
36 76 2583716
36 42 2583721
36 59 2583722
36 46 2583724
36 28 2583727
36 20 2583731
36 18 2583738
36 4 2583743
36 23 2583751
36 53 2583752
36 37 2583758
36 32 2583764
36 77 2583772
36 3 2583772
36 65 2583774
36 33 2583782
36 60 2583784
36 7 2583789
36 58 2583789
36 78 2583795
36 17 2583798
36 69 2583802
36 75 2583809
36 43 2583813
36 72 2583814
36 70 2583823
36 50 2583831
36 13 2583835
36 62 2583843
36 34 2583844
36 12 2583848
36 41 2583848
37 13 2583855
37 40 2583862
37 35 2583868
37 12 2583876
37 76 2583880
37 2 2583889
37 82 2583896
37 6 2583898
37 41 2583903
37 61 2583911
37 25 2583920
37 66 2583925
37 73 2583927
37 23 2583929
37 14 2583934
37 67 2583938
37 32 2583943
37 36 2583947
37 8 2583950
37 26 2583953
37 3 2583959
37 62 2583967
37 15 2583967
37 17 2583967
37 56 2583967
37 29 2583970
37 10 2583974
37 19 2583975
37 64 2583975
37 60 2583979
37 54 2583988
37 4 2583995
37 18 2583995
37 47 2583998
37 42 2584007
37 1 2584009
37 22 2584014
37 68 2584019
37 45 2584021
37 55 2584027
37 77 2584036
37 48 2584045
37 70 2584048
37 64 2584054
37 23 2584055
37 49 2584059
37 20 2584061
37 61 2584070
37 45 2584077
37 26 2584078
37 11 2584084
37 35 2584085
37 48 2584089
37 78 2584095
37 4 2584104
37 31 2584109
37 16 2584109
37 42 2584110
37 63 2584117
37 81 2584126
37 0 2584134
37 69 2584138
37 19 2584138
37 22 2584139
37 57 2584139
37 60 2584141
37 58 2584141
37 75 2584143
37 73 2584148
37 32 2584154
37 44 2584162
37 6 2584164
37 21 2584165
37 28 2584166
37 17 2584168
37 53 2584172
37 14 2584180
37 74 2584181
37 13 2584186
38 44 2584188
38 64 2584196
38 37 2584205
38 70 2584210
38 10 2584218
38 54 2584225
38 30 2584233
38 35 2584236
38 23 2584245
38 26 2584250
38 40 2584255
38 18 2584260
38 50 2584262
38 47 2584266
38 34 2584273
38 61 2584275
38 56 2584277
38 20 2584282
38 0 2584288
38 8 2584291
38 42 2584293
38 45 2584294
38 77 2584299
38 57 2584301
38 64 2584309
38 63 2584316
38 19 2584320
38 26 2584323
38 43 2584326
38 53 2584329
38 36 2584334
38 37 2584340
38 51 2584341
38 44 2584350
38 52 2584357
38 46 2584363
38 48 2584372
38 8 2584380
38 17 2584388
38 15 2584396
39 34 2584400
39 19 2584407
39 8 2584415
39 23 2584422
39 6 2584427
39 10 2584428
39 35 2584430
39 4 2584435
39 67 2584443
39 5 2584444
39 70 2584452
39 77 2584455
39 14 2584456
39 31 2584464
39 24 2584466
39 62 2584473
39 65 2584482
39 37 2584490
39 64 2584493
39 82 2584500
39 81 2584500
39 63 2584505
39 61 2584510
39 47 2584517
39 74 2584523
39 27 2584526
39 49 2584529
39 12 2584534
39 78 2584535
39 41 2584539
39 1 2584546
39 30 2584553
39 2 2584557
39 11 2584564
39 25 2584570
39 46 2584579
39 68 2584581
39 9 2584590
39 55 2584597
39 40 2584606
39 38 2584608
39 43 2584617
39 52 2584622
39 56 2584624
39 16 2584630
39 33 2584632
39 45 2584637
39 72 2584639
39 79 2584642
39 9 2584642
39 71 2584647
39 44 2584656
39 82 2584660
39 34 2584660
39 63 2584662
39 12 2584663
39 47 2584672
39 20 2584681
39 1 2584685
39 6 2584690
39 32 2584696
39 72 2584704
39 14 2584706
39 16 2584713
39 17 2584718
39 5 2584718
39 61 2584723
39 67 2584728
39 38 2584734
39 55 2584741
39 43 2584743
39 74 2584748
39 31 2584753
39 29 2584759
39 60 2584764
39 13 2584764
39 56 2584768
39 64 2584772
39 22 2584775
39 24 2584784
39 70 2584791
39 62 2584800
39 42 2584808
39 30 2584817
39 57 2584826
39 80 2584830
39 37 2584833
39 78 2584837
39 49 2584845
39 7 2584851
39 53 2584856
39 15 2584865
39 21 2584867
39 2 2584876
39 65 2584877
39 27 2584880
39 11 2584887
39 79 2584890
39 58 2584896
39 0 2584904
40 77 2584911
40 47 2584919
40 6 2584924
40 45 2584929
40 70 2584935
40 56 2584943
40 43 2584950
40 60 2584951
40 49 2584958
40 80 2584958
40 30 2584963
40 21 2584966
40 62 2584972
40 65 2584978
40 74 2584979
40 41 2584980
40 72 2584986
40 34 2584991
40 36 2584996
40 23 2584998
40 42 2585005
40 59 2585010
40 12 2585010
40 13 2585016
40 35 2585022
40 2 2585023
40 67 2585032
40 15 2585040
40 27 2585048
40 82 2585051
40 79 2585057
40 54 2585061
40 0 2585061
40 11 2585061
40 53 2585061
40 17 2585063
40 75 2585070
40 60 2585075
40 7 2585077
40 34 2585080
40 71 2585084
40 18 2585087
40 76 2585096
40 64 2585103
40 39 2585107
40 19 2585107
40 59 2585108
40 6 2585115
40 23 2585124
40 69 2585128
40 81 2585130
40 15 2585131
40 31 2585131
40 68 2585140
40 43 2585144
40 72 2585149
40 61 2585154
40 67 2585160
40 5 2585167
40 79 2585173
40 74 2585182
40 17 2585190
40 50 2585193
40 12 2585195
40 52 2585200
40 8 2585205
40 62 2585207
40 25 2585213
40 26 2585221
40 41 2585222
40 33 2585225
40 38 2585231
40 49 2585235
40 4 2585235
41 70 2585243
41 33 2585246
41 44 2585246
41 78 2585251
41 56 2585257
41 46 2585260
41 0 2585266
41 37 2585266
41 71 2585267
41 32 2585274
41 50 2585282
41 57 2585287
41 54 2585287
41 14 2585287
41 48 2585288
41 22 2585294
41 13 2585298
41 22 2585299
41 61 2585306
41 69 2585314
41 5 2585315
41 54 2585317
41 75 2585319
41 57 2585322
41 65 2585328
41 29 2585334
41 20 2585338
41 55 2585345
41 62 2585354
41 6 2585361
41 33 2585362
41 12 2585371
41 56 2585380
41 58 2585388
41 32 2585392
42 40 2585397
42 3 2585397
42 82 2585406
42 59 2585414
42 4 2585414
42 26 2585417
42 12 2585420
42 65 2585421
42 10 2585426
42 57 2585432
42 37 2585434
42 24 2585437
42 44 2585439
42 38 2585441
42 14 2585450
42 62 2585457
42 31 2585465
42 78 2585470
42 45 2585476
42 19 2585480
42 70 2585489
42 0 2585496
42 47 2585501
42 72 2585503
42 56 2585506
42 51 2585508
42 73 2585514
42 46 2585523
42 5 2585526
42 25 2585533
42 6 2585540
42 27 2585541
42 40 2585543
42 19 2585548
42 74 2585548
42 31 2585548
42 51 2585549
42 43 2585554
42 18 2585562
42 26 2585563
42 53 2585563
42 8 2585570
42 44 2585573
42 3 2585578
42 30 2585587
42 14 2585595
42 39 2585601
42 35 2585607
42 2 2585614
42 29 2585617
42 0 2585623
42 9 2585630
42 24 2585633
42 80 2585638
42 64 2585643
42 34 2585645
42 63 2585653
42 10 2585662
42 78 2585670
42 50 2585670
42 25 2585678
42 55 2585678
42 61 2585685
43 61 2585688
43 78 2585694
43 54 2585701
43 49 2585710
43 63 2585714
44 45 2585716
44 34 2585716
44 4 2585724
44 47 2585730
44 0 2585734
44 8 2585736
44 15 2585745
44 81 2585753
44 9 2585754
44 13 2585762
44 49 2585765
44 66 2585771
44 33 2585778
44 82 2585782
44 43 2585783
44 75 2585788
44 64 2585796
44 52 2585800
44 42 2585801
44 60 2585803
44 36 2585805
44 23 2585809
44 58 2585815
44 56 2585817
44 40 2585825
44 65 2585825
44 7 2585828
44 78 2585830
44 24 2585831
44 37 2585837
44 18 2585843
44 28 2585848
44 12 2585848
44 73 2585851
44 79 2585858
44 19 2585865
44 68 2585873
44 53 2585881
44 39 2585881
44 26 2585888
44 17 2585897
44 21 2585902
44 72 2585906
44 55 2585911
44 57 2585915
44 77 2585924
44 38 2585932
44 61 2585939
44 10 2585947
44 29 2585948
44 50 2585949
44 80 2585956
44 59 2585963
44 62 2585970
44 74 2585974
44 63 2585975
44 57 2585975
44 11 2585976
44 17 2585985
44 65 2585990
44 10 2585990
44 36 2585997
44 33 2586004
44 41 2586006
44 9 2586010
44 52 2586017
44 34 2586021
44 29 2586029
44 81 2586035
44 23 2586037
44 62 2586038
44 59 2586038
44 67 2586047
44 4 2586048
44 78 2586048
44 42 2586048
44 16 2586050
44 49 2586059
44 79 2586063
44 58 2586070
44 53 2586070
44 5 2586078
44 24 2586083
44 47 2586090
44 64 2586092
44 72 2586098
44 7 2586105
44 61 2586110
44 2 2586112
44 82 2586119
44 51 2586119
44 25 2586122
44 8 2586122
44 80 2586125
44 12 2586133
44 21 2586136
44 27 2586144
44 3 2586146
44 31 2586151
44 15 2586154
44 14 2586162
44 38 2586163
44 19 2586167
44 26 2586172
44 22 2586177
44 46 2586177
45 44 2586186
45 13 2586190
45 79 2586192
45 67 2586198
45 17 2586199
45 31 2586207
45 78 2586213
45 2 2586217
45 10 2586220
45 47 2586227
45 8 2586232
45 77 2586236
45 54 2586236
45 52 2586243
45 65 2586245
45 7 2586251
45 63 2586260
45 81 2586264
45 39 2586270
45 56 2586277
45 25 2586277
45 33 2586280
45 43 2586284
45 31 2586289
45 9 2586291
45 71 2586300
45 80 2586304
45 22 2586310
45 25 2586318
45 64 2586325
45 34 2586327
45 58 2586336
45 28 2586337
45 18 2586337
45 73 2586341
45 47 2586345
45 12 2586354
45 77 2586363
45 63 2586371
45 62 2586380
45 53 2586380
45 15 2586384
45 41 2586393
45 29 2586399
45 78 2586400
46 16 2586408
46 67 2586408
46 40 2586417
46 14 2586422
46 9 2586431
46 58 2586437
46 1 2586443
46 38 2586449
46 35 2586456
46 36 2586465
46 18 2586465
46 56 2586471
46 6 2586476
46 72 2586481
46 62 2586487
46 11 2586493
46 54 2586501
46 60 2586510
46 39 2586515
46 41 2586517
46 8 2586521
46 74 2586524
46 31 2586533
46 75 2586539
46 2 2586547
46 29 2586556
46 47 2586561
46 12 2586561
46 37 2586565
46 19 2586571
46 82 2586578
46 5 2586583
46 10 2586591
46 48 2586595
46 17 2586598
46 22 2586605
46 72 2586610
46 26 2586610
46 58 2586615
46 67 2586619
46 16 2586623
46 62 2586623
46 75 2586630
46 76 2586637
46 56 2586638
46 25 2586641
46 61 2586647
46 50 2586647
46 38 2586656
46 45 2586662
46 39 2586671
46 29 2586677
46 65 2586684
46 42 2586690
46 30 2586696
46 51 2586697
46 69 2586699
46 2 2586704
46 3 2586709
46 74 2586716
46 57 2586719
46 43 2586725
46 54 2586730
46 68 2586731
46 34 2586734
46 79 2586734
46 12 2586741
46 14 2586746
46 81 2586748
46 60 2586750
46 35 2586758
46 63 2586767
46 73 2586767
46 10 2586769
46 17 2586770
46 64 2586774
46 70 2586775
46 28 2586776
46 78 2586783
46 53 2586786
47 70 2586786
47 15 2586791
47 35 2586795
47 11 2586801
47 72 2586802
47 53 2586802
47 43 2586805
47 12 2586808
47 68 2586816
47 13 2586817
47 30 2586817
47 58 2586819
47 3 2586824
47 26 2586826
47 22 2586833
47 38 2586836
47 39 2586845
47 12 2586851
47 40 2586859
47 57 2586862
47 82 2586870
47 25 2586879
47 6 2586883
47 70 2586890
47 48 2586895
47 15 2586898
47 79 2586900
47 80 2586906
47 30 2586911
47 22 2586916
47 60 2586916
47 67 2586919
48 68 2586928
48 30 2586931
48 1 2586931
48 64 2586939
48 3 2586948
48 4 2586953
48 52 2586954
48 66 2586960
48 13 2586960
48 15 2586960
48 56 2586962
48 74 2586968
48 14 2586976
48 69 2586978
48 39 2586985
48 32 2586994
48 33 2586995
48 78 2587003
48 26 2587003
48 67 2587003
48 37 2587008
48 40 2587015
48 73 2587024
48 6 2587033
48 71 2587033
48 79 2587038
48 16 2587045
48 45 2587050
48 5 2587051
48 38 2587051
48 17 2587057
48 51 2587063
48 41 2587072
48 80 2587077
48 49 2587085
48 22 2587093
48 11 2587097
48 54 2587097
48 9 2587100
48 58 2587105
48 12 2587111
48 34 2587112
48 7 2587121
48 62 2587127
48 18 2587130
48 19 2587137
48 28 2587146
48 46 2587154
48 72 2587161
48 25 2587167
48 29 2587169
48 24 2587172
48 15 2587173
48 36 2587175
48 32 2587183
48 0 2587192
48 37 2587192
48 60 2587197
48 40 2587198
48 4 2587199
48 7 2587199
48 42 2587204
48 54 2587205
48 14 2587212
48 17 2587219
48 46 2587219
48 58 2587226
48 80 2587235
48 27 2587240
48 57 2587249
48 62 2587256
48 82 2587265
48 39 2587267
48 44 2587276
48 6 2587281
48 74 2587285
48 61 2587289
48 50 2587293
48 67 2587296
48 66 2587304
48 47 2587306
48 5 2587315
48 10 2587319
48 72 2587320
48 51 2587322
48 29 2587327
48 23 2587335
48 11 2587343
48 52 2587350
48 9 2587356
48 38 2587358
48 34 2587365
48 1 2587369
48 2 2587370
48 77 2587377
48 78 2587385
48 76 2587389
48 53 2587398
48 13 2587401
48 28 2587405
48 71 2587407
48 25 2587411
49 45 2587419
49 77 2587426
49 70 2587433
49 47 2587441
49 78 2587446
49 2 2587455
49 65 2587458
49 76 2587464
49 71 2587465
49 27 2587468
49 55 2587471
49 39 2587475
49 42 2587475
49 13 2587484
49 44 2587485
49 51 2587491
49 4 2587496
49 1 2587505
49 59 2587506
49 53 2587507
49 46 2587514
49 61 2587522
49 74 2587525
49 19 2587526
49 72 2587530
49 33 2587539
49 78 2587546
49 56 2587550
49 3 2587551
49 23 2587557
49 52 2587564
49 73 2587572
49 29 2587578
49 63 2587584
49 11 2587584
49 55 2587584
49 13 2587586
49 38 2587588
49 12 2587596
49 25 2587596
49 65 2587604
49 18 2587611
49 30 2587616
49 15 2587616
49 39 2587620
50 45 2587625
50 81 2587632
50 38 2587636
50 2 2587644
50 68 2587644
50 20 2587649
50 75 2587653
50 47 2587657
50 1 2587660
50 10 2587661
50 5 2587662
50 15 2587670
50 58 2587679
50 12 2587681
50 22 2587689
50 46 2587698
50 54 2587707
50 9 2587710
50 17 2587717
50 40 2587726
50 37 2587726
50 49 2587732
50 42 2587741
50 18 2587745
50 6 2587750
50 80 2587750
50 77 2587753
50 11 2587760
50 73 2587764
50 28 2587764
50 17 2587773
50 82 2587776
50 12 2587780
50 53 2587786
50 14 2587789
50 69 2587797
50 79 2587801
50 55 2587802
50 20 2587810
50 62 2587817
50 39 2587823
50 49 2587825
50 0 2587826
50 81 2587829
50 13 2587836
50 42 2587842
50 6 2587846
50 31 2587854
51 67 2587855
51 33 2587860
51 45 2587869
51 70 2587878
51 42 2587884
51 37 2587889
51 65 2587898
51 72 2587901
51 52 2587906
51 69 2587914
51 41 2587921
51 46 2587929
51 16 2587935
51 30 2587942
51 48 2587948
51 29 2587953
51 47 2587958
51 74 2587962
51 34 2587962
51 0 2587964
51 73 2587972
51 75 2587972
51 23 2587975
51 9 2587977
51 57 2587986
51 22 2587994
51 6 2588002
51 56 2588005
51 10 2588012
51 24 2588016
51 21 2588017
51 14 2588018
51 36 2588018
51 28 2588019
51 26 2588019
51 66 2588028
51 12 2588032
51 63 2588034
51 36 2588034
51 67 2588041
51 65 2588049
51 22 2588053
51 76 2588058
51 49 2588058
51 39 2588060
51 38 2588065
51 17 2588069
51 68 2588072
51 13 2588078
51 80 2588081
51 40 2588085
51 70 2588090
51 0 2588092
51 4 2588101
51 60 2588105
51 41 2588107
51 59 2588107
51 50 2588107
51 48 2588114
51 30 2588114
51 9 2588122
51 77 2588130
51 18 2588135
51 11 2588135
51 45 2588140
51 55 2588141
51 52 2588141
51 29 2588147
51 31 2588150
51 54 2588151
52 67 2588155
52 59 2588162
52 58 2588164
52 79 2588165
52 70 2588169
52 7 2588173
52 40 2588181
52 36 2588183
52 32 2588187
52 38 2588191
52 45 2588196
52 17 2588202
52 48 2588208
52 29 2588215
52 37 2588219
52 4 2588227
52 66 2588230
52 78 2588235
52 31 2588243
52 47 2588247
52 19 2588247
52 28 2588256
52 18 2588260
52 51 2588263
52 49 2588272
52 0 2588276
52 55 2588279
52 63 2588288
52 68 2588289
52 43 2588293
52 75 2588294
52 42 2588296
52 81 2588299
52 23 2588308
52 10 2588311
52 80 2588320
52 30 2588322
52 73 2588326
52 27 2588334
52 5 2588341
52 1 2588341
52 82 2588344
52 9 2588348
52 22 2588348
52 81 2588357
52 48 2588364
52 50 2588369
52 20 2588376
52 53 2588385
52 74 2588390
52 51 2588399
52 17 2588405
52 4 2588407
52 29 2588415
52 3 2588421
52 33 2588429
52 61 2588431
52 68 2588438
52 63 2588444
52 57 2588446
52 55 2588455
52 30 2588458
52 46 2588467
52 18 2588467
52 47 2588473
52 28 2588478
52 26 2588480
52 75 2588483
52 21 2588487
52 7 2588493
52 27 2588502
52 62 2588510
52 44 2588511
52 10 2588519
52 13 2588522
52 24 2588531
52 80 2588535
52 79 2588538
52 0 2588539
52 12 2588542
52 5 2588551
52 31 2588554
52 36 2588556
52 45 2588559
52 43 2588568
52 6 2588577
53 16 2588584
53 28 2588589
53 54 2588593
53 3 2588601
53 24 2588604
53 77 2588604
53 68 2588605
53 33 2588609
53 51 2588609
53 64 2588616
53 58 2588620
53 48 2588626
53 57 2588626
53 79 2588629
53 23 2588637
53 2 2588643
53 17 2588649
53 41 2588652
53 50 2588654
53 6 2588654
53 52 2588654
53 36 2588660
53 61 2588666
53 26 2588671
53 35 2588677
53 56 2588684
53 73 2588692
53 78 2588698
53 2 2588701
53 68 2588702
53 17 2588705
53 66 2588710
53 51 2588716
53 8 2588718
53 13 2588726
53 19 2588734
53 60 2588743
53 12 2588748
53 76 2588750
53 81 2588755
53 36 2588759
53 40 2588766
53 32 2588774
53 43 2588778
53 35 2588779
53 14 2588781
53 38 2588789
53 10 2588793
53 24 2588794
53 57 2588800
53 34 2588807
53 22 2588815
53 56 2588819
53 3 2588827
53 65 2588830
54 75 2588838
54 41 2588842
54 72 2588849
54 50 2588855
54 30 2588864
54 58 2588866
54 12 2588872
54 56 2588877
54 46 2588879
54 33 2588882
54 17 2588890
54 52 2588890
54 27 2588896
54 59 2588905
54 78 2588909
54 80 2588917
54 8 2588920
54 23 2588926
54 74 2588928
54 63 2588931
54 24 2588939
54 29 2588943
54 48 2588945
54 7 2588953
54 64 2588954
54 14 2588961
54 55 2588968
54 68 2588974
54 43 2588978
54 40 2588981
54 20 2588981
54 21 2588981
54 70 2588987
54 37 2588994
54 39 2589000
54 35 2589008
54 16 2589017
54 81 2589024
54 49 2589025
54 38 2589025
54 3 2589032
54 47 2589032
54 32 2589039
54 82 2589046
54 0 2589047
54 15 2589055
54 57 2589059
54 10 2589067
54 6 2589073
54 26 2589076
54 25 2589082
54 19 2589089
54 77 2589096
54 71 2589102
54 67 2589103
54 1 2589110
54 41 2589115
54 49 2589123
54 48 2589130
54 60 2589132
54 56 2589135
54 11 2589144
54 2 2589152
54 24 2589158
54 42 2589164
54 9 2589169
54 35 2589174
54 6 2589181
54 63 2589190
54 10 2589194
54 69 2589196
54 20 2589203
54 32 2589208
54 18 2589211
54 22 2589214
54 53 2589216
54 52 2589223
54 76 2589224
54 77 2589232
54 8 2589236
54 43 2589237
54 16 2589237
54 75 2589242
54 78 2589251
54 64 2589255
54 79 2589262
54 46 2589269
54 66 2589277
54 4 2589284
54 14 2589288
54 7 2589293
54 47 2589298
54 58 2589307
54 80 2589314
54 74 2589319
54 81 2589325
54 50 2589326
54 37 2589326
54 0 2589329
54 38 2589334
54 13 2589338
54 30 2589338
54 36 2589344
54 82 2589348
55 29 2589354
55 66 2589361
55 68 2589366
55 1 2589373
55 79 2589376
55 62 2589377
55 18 2589379
55 31 2589387
55 76 2589390
55 42 2589395
55 39 2589401
55 47 2589409
55 49 2589417
55 3 2589418
55 35 2589427
55 69 2589434
55 7 2589440
55 23 2589441
55 12 2589450
55 72 2589457
55 77 2589457
55 74 2589465
55 70 2589466
55 46 2589468
55 11 2589473
55 41 2589482
55 53 2589484
55 24 2589491
55 5 2589493
55 8 2589497
55 17 2589499
55 33 2589506
55 48 2589512
55 30 2589515
55 76 2589516
55 70 2589525
55 41 2589526
55 77 2589526
55 62 2589526
55 56 2589530
55 69 2589532
55 35 2589540
55 2 2589541
55 44 2589549
55 67 2589553
55 43 2589558
55 18 2589567
55 59 2589567
55 6 2589572
55 14 2589573
55 52 2589573
55 8 2589575
55 33 2589578
55 75 2589581
55 21 2589590
55 23 2589592
55 36 2589601
55 82 2589608
55 11 2589614
55 80 2589620
55 16 2589621
56 31 2589628
56 76 2589636
56 45 2589642
56 68 2589647
56 7 2589648
56 36 2589650
56 5 2589652
56 54 2589657
56 8 2589657
56 47 2589663
56 9 2589666
56 15 2589670
56 4 2589678
56 73 2589687
56 74 2589695
56 22 2589702
56 2 2589707
56 17 2589709
56 28 2589714
56 59 2589722
56 34 2589727
56 79 2589729
56 14 2589732
56 12 2589739
56 16 2589744
56 78 2589744
56 24 2589750
56 44 2589755
56 25 2589759
56 51 2589766
56 67 2589768
56 81 2589772
56 50 2589780
56 64 2589787
56 53 2589796
56 63 2589802
56 52 2589806
56 35 2589807
56 0 2589813
56 41 2589813
56 11 2589819
56 46 2589820
56 12 2589829
56 67 2589835
56 0 2589840
56 44 2589847
56 3 2589855
56 19 2589857
56 82 2589861
56 73 2589862
56 5 2589870
56 51 2589871
56 45 2589871
56 18 2589872
56 22 2589872
56 27 2589875
56 2 2589883
56 1 2589889
56 57 2589896
56 29 2589903
56 39 2589912
56 78 2589915
56 75 2589919
56 6 2589924
56 74 2589933
56 42 2589934
56 50 2589941
56 63 2589944
56 36 2589946
56 11 2589953
56 66 2589957
56 40 2589964
56 15 2589968
56 31 2589973
56 24 2589978
56 80 2589984
56 54 2589988
56 13 2589988
56 47 2589992
56 34 2589998
56 26 2589999
56 38 2590006
56 62 2590011
56 23 2590015
56 61 2590024
56 7 2590026
56 77 2590027
56 37 2590031
56 41 2590036
56 68 2590037
56 33 2590046
56 25 2590052
57 77 2590060
57 58 2590067
57 2 2590075
57 27 2590080
57 59 2590087
57 19 2590089
57 40 2590092
57 46 2590098
57 62 2590103
57 54 2590108
57 49 2590112
57 0 2590120
57 70 2590121
57 47 2590125
57 17 2590127
57 5 2590130
57 6 2590139
57 31 2590141
57 50 2590143
57 25 2590150
57 64 2590158
57 34 2590164
57 7 2590173
57 61 2590180
57 37 2590183
57 41 2590185
57 76 2590192
57 26 2590200
57 75 2590207
57 81 2590216
57 71 2590223
57 45 2590227
57 82 2590228
57 79 2590230
57 68 2590236
57 3 2590240
57 65 2590244
57 15 2590250
57 74 2590254
57 18 2590256
57 56 2590264
57 48 2590273
57 55 2590276
57 72 2590285
57 66 2590290
57 73 2590295
57 80 2590304
57 24 2590308
57 3 2590313
57 68 2590314
57 75 2590320
57 67 2590321
57 61 2590321
57 26 2590324
57 74 2590327
57 33 2590330
57 27 2590334
57 79 2590337
57 65 2590339
57 17 2590344
57 41 2590352
57 44 2590355
57 66 2590356
57 69 2590365
57 16 2590367
57 45 2590376
57 47 2590376
57 82 2590377
57 19 2590377
57 35 2590385
57 20 2590387
57 52 2590391
57 14 2590394
57 64 2590394
57 62 2590395
57 21 2590399
57 42 2590403
57 50 2590404
57 58 2590407
57 56 2590414
57 34 2590420
57 23 2590428
57 51 2590435
57 72 2590436
57 73 2590444
57 4 2590446
57 8 2590449
57 0 2590457
57 48 2590458
57 31 2590467
57 71 2590473
57 1 2590482
57 54 2590489
58 23 2590493
58 52 2590493
58 12 2590494
58 48 2590496
58 50 2590496
58 49 2590505
58 73 2590507
58 40 2590513
58 61 2590515
58 2 2590518
58 30 2590519
58 60 2590526
58 46 2590531
58 17 2590533
58 4 2590536
58 68 2590545
58 55 2590552
58 19 2590556
58 41 2590562
58 10 2590565
58 21 2590567
58 42 2590571
58 57 2590578
58 70 2590585
58 26 2590591
58 27 2590596
58 3 2590600
58 10 2590603
58 3 2590611
58 53 2590613
58 26 2590614
58 79 2590614
58 12 2590617
58 63 2590623
58 67 2590624
58 74 2590627
58 2 2590633
58 18 2590635
58 82 2590639
58 80 2590639
58 14 2590648
58 13 2590650
58 39 2590651
58 56 2590652
58 66 2590653
58 52 2590661
58 65 2590670
58 15 2590675
58 20 2590682
58 70 2590689
58 49 2590697
58 48 2590701
58 50 2590707
59 40 2590716
59 20 2590723
59 31 2590731
60 37 2590731
60 24 2590737
60 75 2590742
60 16 2590750
60 40 2590758
60 51 2590766
60 81 2590775
60 39 2590781
60 35 2590781
60 65 2590781
60 31 2590783
60 69 2590791
60 8 2590792
60 17 2590797
60 32 2590804
60 66 2590808
60 55 2590811
60 29 2590818
60 63 2590818
60 58 2590820
60 13 2590824
60 38 2590824
60 52 2590832
60 45 2590834
60 41 2590838
60 73 2590839
60 14 2590843
60 22 2590850
60 45 2590852
60 18 2590855
60 11 2590860
60 53 2590861
60 10 2590862
60 26 2590870
60 27 2590875
60 40 2590879
60 81 2590885
60 24 2590887
60 51 2590893
60 49 2590896
60 62 2590896
60 2 2590900
60 28 2590903
60 78 2590911
60 15 2590915
60 22 2590916
60 14 2590925
60 39 2590929
60 0 2590938
60 82 2590943
60 67 2590944
60 19 2590951
60 47 2590960
60 36 2590960
60 13 2590968
60 41 2590969
60 17 2590978
60 34 2590981
60 55 2590989
61 5 2590994
61 37 2590996
61 79 2591003
61 74 2591006
61 8 2591010
61 45 2591015
61 49 2591022
61 11 2591027
61 19 2591033
61 4 2591042
61 38 2591045
61 9 2591045
61 57 2591047
61 60 2591047
61 2 2591056
61 12 2591062
61 39 2591062
61 52 2591071
61 34 2591080
61 3 2591088
61 73 2591092
61 78 2591101
61 59 2591109
61 17 2591112
61 46 2591116
61 58 2591121
61 70 2591124
61 0 2591127
61 62 2591136
61 33 2591141
61 68 2591147
61 82 2591156
61 69 2591164
61 21 2591164
61 29 2591172
61 32 2591176
61 72 2591185
61 22 2591188
61 77 2591197
61 27 2591204
61 25 2591213
61 13 2591221
61 7 2591224
61 81 2591231
61 24 2591232
61 51 2591236
61 35 2591244
61 73 2591248
61 35 2591256
61 82 2591256
61 1 2591260
61 58 2591267
61 70 2591267
61 42 2591270
61 9 2591270
61 40 2591277
61 69 2591285
61 38 2591292
61 19 2591298
61 48 2591302
61 27 2591308
61 21 2591314
61 43 2591319
61 44 2591326
61 71 2591329
61 16 2591334
61 34 2591336
61 46 2591338
61 50 2591346
61 10 2591354
61 77 2591362
61 79 2591368
61 13 2591372
61 17 2591379
61 32 2591384
61 47 2591387
61 23 2591394
61 64 2591399
61 28 2591402
61 7 2591406
61 29 2591411
61 25 2591417
61 63 2591424
61 49 2591430
61 68 2591434
61 53 2591436
61 2 2591445
61 57 2591454
61 20 2591455
61 67 2591462
61 37 2591468
61 66 2591471
61 24 2591480
61 18 2591482
61 8 2591491
61 81 2591495
61 15 2591502
61 22 2591507
62 63 2591509
62 68 2591509
62 11 2591511
62 31 2591513
62 40 2591517
62 74 2591525
62 60 2591527
62 76 2591531
62 49 2591538
62 58 2591540
62 24 2591542
62 20 2591545
62 25 2591547
62 27 2591554
62 42 2591554
62 41 2591561
62 43 2591567
62 18 2591569
62 80 2591569
62 9 2591572
62 21 2591581
62 5 2591581
62 2 2591585
62 47 2591587
62 39 2591589
62 46 2591593
62 71 2591601
62 61 2591602
62 19 2591610
62 70 2591613
62 12 2591614
62 67 2591619
62 0 2591626
62 57 2591626
62 10 2591629
62 22 2591635
62 36 2591637
62 82 2591645
62 73 2591654
62 52 2591654
62 15 2591655
62 71 2591655
62 69 2591663
62 23 2591664
62 0 2591665
62 3 2591666
62 17 2591671
62 11 2591678
62 39 2591685
62 27 2591690
62 47 2591696
62 45 2591701
62 10 2591703
62 52 2591710
62 43 2591718
62 78 2591723
62 28 2591726
62 30 2591732
62 51 2591737
62 61 2591737
62 42 2591741
62 12 2591743
62 14 2591749
62 65 2591755
62 19 2591760
62 9 2591767
62 38 2591770
62 56 2591772
62 40 2591777
62 13 2591777
62 8 2591779
62 59 2591783
62 5 2591789
62 32 2591791
62 33 2591794
62 16 2591803
62 81 2591812
63 23 2591812
63 35 2591820
63 40 2591827
63 55 2591836
63 19 2591843
63 75 2591846
63 38 2591850
63 56 2591857
63 14 2591861
63 30 2591865
63 62 2591873
63 66 2591874
63 51 2591883
63 37 2591887
63 54 2591893
63 64 2591895
63 27 2591896
63 53 2591903
63 76 2591909
63 7 2591912
63 39 2591918
63 59 2591922
63 6 2591925
63 1 2591927
63 81 2591934
63 10 2591934
63 67 2591938
63 28 2591945
63 69 2591947
63 46 2591951
63 15 2591951
63 3 2591960
63 30 2591963
63 79 2591972
63 69 2591981
63 68 2591990
63 44 2591993
63 53 2591999
63 5 2592001
63 65 2592007
63 7 2592008
63 4 2592009
63 22 2592017
63 14 2592017
63 59 2592025
63 74 2592026
63 33 2592032
63 66 2592033
63 49 2592042
63 47 2592050
63 32 2592058
63 48 2592058
63 9 2592058
63 73 2592058
63 29 2592062
63 38 2592068
63 43 2592077
63 77 2592079
63 62 2592083
63 20 2592092
63 81 2592096
64 47 2592104
64 3 2592109
64 5 2592110
64 24 2592113
64 75 2592119
64 48 2592127
64 61 2592134
64 10 2592143
64 49 2592150
64 43 2592151
64 80 2592153
65 12 2592160
65 8 2592166
65 57 2592171
65 70 2592174
65 67 2592181
65 38 2592188
65 47 2592191
65 9 2592195
65 76 2592202
65 64 2592206
65 66 2592208
65 21 2592211
65 29 2592216
65 13 2592221
65 21 2592225
65 53 2592226
65 4 2592227
65 20 2592230
65 43 2592238
65 67 2592242
65 79 2592245
65 60 2592254
65 71 2592263
65 55 2592266
65 51 2592273
65 3 2592279
65 40 2592281
66 56 2592290
66 10 2592299
66 50 2592308
66 7 2592313
66 69 2592314
66 38 2592314
66 68 2592322
66 73 2592329
66 20 2592338
66 8 2592344
66 67 2592345
66 29 2592345
66 30 2592348
66 42 2592355
66 44 2592357
66 82 2592359
66 75 2592360
66 23 2592367
66 61 2592376
66 41 2592379
66 34 2592386
66 43 2592392
66 39 2592395
66 40 2592398
66 35 2592398
66 57 2592401
66 31 2592404
66 62 2592413
66 16 2592414
66 58 2592421
66 74 2592422
66 3 2592426
66 59 2592426
66 17 2592431
66 19 2592434
66 33 2592443
66 76 2592447
66 5 2592450
66 63 2592457
66 53 2592457
66 47 2592458
66 27 2592461
66 64 2592466
66 21 2592471
66 12 2592475
66 20 2592480
66 54 2592486
66 36 2592495
66 7 2592499
66 72 2592506
66 53 2592507
66 40 2592512
66 27 2592517
66 81 2592524
66 29 2592533
66 21 2592540
66 34 2592547
66 1 2592547
66 6 2592551
66 80 2592551
66 25 2592552
66 8 2592561
66 37 2592563
66 35 2592564
66 79 2592573
66 50 2592574
66 18 2592582
66 2 2592588
66 62 2592596
66 31 2592600
66 47 2592605
66 45 2592610
66 55 2592611
66 75 2592618
66 43 2592618
66 9 2592619
66 14 2592626
66 4 2592628
66 52 2592633
66 23 2592642
66 70 2592648
66 5 2592656
66 17 2592659
66 46 2592662
66 73 2592666
67 17 2592674
67 39 2592676
67 78 2592680
67 12 2592684
67 1 2592693
67 5 2592695
67 75 2592702
67 4 2592703
67 64 2592708
67 29 2592709
67 0 2592709
67 19 2592716
67 80 2592723
67 33 2592730
67 14 2592735
67 53 2592737
67 13 2592741
67 74 2592747
67 15 2592749
67 46 2592755
67 33 2592757
67 40 2592760
67 14 2592764
67 0 2592765
67 32 2592773
67 28 2592782
67 26 2592788
67 22 2592793
67 61 2592794
67 37 2592801
67 39 2592809
67 44 2592816
67 70 2592822
67 79 2592825
67 77 2592833
67 36 2592835
67 47 2592842
67 48 2592851
68 51 2592853
68 57 2592858
68 47 2592858
68 60 2592865
69 14 2592869
69 76 2592871
69 23 2592877
69 32 2592886
69 11 2592891
69 47 2592896
69 64 2592900
69 40 2592903
69 7 2592909
69 72 2592917
69 78 2592922
69 29 2592931
69 52 2592934
69 67 2592935
69 3 2592943
69 2 2592951
69 71 2592955
69 8 2592956
69 34 2592958
69 25 2592960
69 28 2592968
69 56 2592976
69 16 2592977
69 42 2592981
69 26 2592981
69 21 2592981
69 49 2592983
69 73 2592986
69 41 2592994
69 37 2593003
69 22 2593008
69 30 2593016
69 78 2593019
69 68 2593027
69 19 2593028
69 17 2593031
69 13 2593031
69 55 2593035
69 15 2593040
69 0 2593049
69 44 2593058
69 26 2593066
69 70 2593074
69 23 2593080
69 67 2593082
69 75 2593082
69 71 2593088
69 81 2593095
69 24 2593097
69 49 2593101
69 5 2593101
69 47 2593106
69 66 2593107
69 6 2593110
69 48 2593117
69 35 2593124
69 40 2593128
69 74 2593134
70 6 2593142
70 50 2593147
70 26 2593147
70 41 2593151
70 51 2593151
70 1 2593159
70 71 2593159
70 40 2593168
70 11 2593175
70 76 2593177
70 58 2593178
70 66 2593179
70 82 2593188
70 35 2593192
70 65 2593197
70 48 2593201
70 18 2593210
70 22 2593217
70 46 2593219
70 69 2593227
70 47 2593234
70 0 2593235
70 31 2593239
70 37 2593246
70 32 2593250
70 15 2593255
70 9 2593259
70 57 2593268
70 25 2593271
70 4 2593272
70 78 2593272
70 63 2593274
70 61 2593280
70 13 2593284
70 8 2593286
70 28 2593293
70 67 2593301
70 56 2593301
70 10 2593309
70 55 2593313
70 3 2593316
70 72 2593323
70 23 2593326
70 29 2593327
70 49 2593333
70 17 2593338
70 62 2593339
70 16 2593346
70 9 2593349
70 40 2593351
70 36 2593354
70 74 2593361
70 51 2593370
70 23 2593375
70 56 2593375
70 31 2593379
70 27 2593383
70 1 2593389
70 43 2593390
70 63 2593396
70 66 2593402
70 10 2593408
70 77 2593410
70 34 2593414
70 30 2593422
70 32 2593431
70 54 2593440
70 33 2593449
70 68 2593449
70 50 2593450
70 12 2593454
70 73 2593455
70 71 2593458
70 75 2593464
70 2 2593469
70 17 2593470
70 3 2593474
70 59 2593483
70 57 2593490
70 44 2593499
70 78 2593499
70 80 2593504
70 48 2593508
70 39 2593514
70 76 2593519
70 13 2593525
70 6 2593531
70 5 2593536
70 65 2593540
70 14 2593544
71 65 2593551
71 79 2593556
71 42 2593562
71 50 2593571
71 9 2593576
71 75 2593585
71 26 2593591
71 72 2593600
71 55 2593609
71 76 2593610
71 11 2593619
71 62 2593625
72 69 2593634
72 1 2593638
72 8 2593644
72 64 2593647
72 68 2593652
72 82 2593660
72 62 2593666
72 48 2593670
72 74 2593672
72 47 2593673
72 35 2593681
72 30 2593685
72 18 2593694
72 3 2593699
72 29 2593699
72 28 2593700
72 37 2593709
72 75 2593711
72 45 2593714
72 50 2593716
72 49 2593723
72 19 2593730
72 13 2593732
72 51 2593735
72 78 2593738
72 52 2593743
72 57 2593746
72 60 2593748
72 67 2593757
72 32 2593762
72 6 2593771
72 4 2593775
72 11 2593781
72 17 2593790
72 41 2593797
72 80 2593801
72 15 2593804
72 55 2593809
72 79 2593811
72 44 2593811
72 16 2593816
72 10 2593825
72 26 2593831
72 54 2593833
72 71 2593835
72 37 2593835
72 82 2593835
72 10 2593838
72 20 2593842
72 42 2593845
72 17 2593853
72 2 2593860
72 14 2593867
72 13 2593868
72 18 2593874
72 30 2593882
72 61 2593891
72 41 2593900
72 26 2593902
72 60 2593910
72 11 2593917
72 19 2593925
72 32 2593927
72 43 2593933
72 45 2593934
72 54 2593936
72 74 2593937
72 25 2593946
72 15 2593954
72 62 2593962
72 79 2593971
72 57 2593976
72 66 2593981
72 59 2593984
72 33 2593991
72 50 2593997
72 69 2593999
72 55 2593999
72 67 2594004
72 80 2594011
72 3 2594014
72 63 2594014
72 40 2594021
72 76 2594023
73 41 2594026
73 57 2594026
73 4 2594026
73 18 2594035
73 12 2594036
73 32 2594039
73 67 2594043
73 19 2594045
73 82 2594049
73 42 2594050
73 49 2594054
73 14 2594061
73 21 2594065
73 62 2594070
73 23 2594070
73 15 2594077
73 26 2594085
73 55 2594087
73 77 2594089
73 2 2594095
73 16 2594099
73 64 2594105
73 70 2594111
73 60 2594112
73 45 2594114
73 20 2594119
73 63 2594121
73 13 2594121
73 56 2594122
73 50 2594124
73 76 2594126
73 48 2594132
73 68 2594137
73 68 2594138
73 16 2594144
73 53 2594152
73 66 2594155
73 58 2594155
73 76 2594157
73 5 2594162
73 20 2594169
73 71 2594169
73 0 2594170
73 79 2594175
73 19 2594177
73 12 2594180
73 44 2594181
73 49 2594185
73 55 2594191
73 29 2594196
73 81 2594201
73 63 2594201
73 17 2594203
73 2 2594211
73 21 2594217
73 18 2594217
73 56 2594217
73 7 2594224
73 10 2594233
73 11 2594236
73 64 2594236
73 80 2594236
73 26 2594243
73 36 2594248
73 75 2594250
74 12 2594259
74 33 2594260
74 51 2594262
74 39 2594267
74 35 2594273
74 17 2594276
74 47 2594285
74 49 2594291
74 24 2594297
74 25 2594300
74 45 2594307
74 11 2594315
74 22 2594315
74 79 2594315
74 80 2594322
74 14 2594324
74 8 2594326
74 57 2594335
74 53 2594340
74 31 2594342
74 81 2594345
74 26 2594348
74 54 2594357
74 2 2594362
74 77 2594362
74 32 2594363
74 70 2594366
74 63 2594371
74 65 2594372
74 43 2594381
74 52 2594390
74 29 2594397
74 75 2594403
74 56 2594411
74 0 2594419
74 1 2594422
74 37 2594422
74 4 2594426
74 19 2594433
74 41 2594437
74 68 2594445
74 82 2594453
74 60 2594453
74 64 2594455
74 72 2594458
74 40 2594467
74 36 2594476
74 76 2594483
74 38 2594487
74 34 2594489
74 46 2594496
74 16 2594505
74 31 2594508
74 42 2594514
74 49 2594517
74 75 2594517
74 46 2594517
74 64 2594523
74 24 2594524
74 23 2594532
74 0 2594541
74 57 2594542
74 20 2594542
74 18 2594544
74 51 2594551
74 78 2594552
74 73 2594556
74 76 2594556
74 30 2594560
74 67 2594567
74 11 2594575
74 35 2594584
74 65 2594584
74 80 2594585
74 62 2594590
74 45 2594594
74 40 2594601
74 66 2594603
74 8 2594606
74 56 2594612
74 53 2594615
74 77 2594617
74 39 2594622
74 29 2594625
74 19 2594631
74 10 2594640
74 37 2594642
74 17 2594644
74 7 2594653
74 22 2594658
74 32 2594658
74 15 2594666
74 21 2594667
74 41 2594675
74 71 2594677
74 2 2594685
74 58 2594694
74 52 2594695
74 61 2594699
74 47 2594704
74 14 2594709
74 72 2594716
74 27 2594716
74 34 2594723
74 79 2594729
74 28 2594738
75 27 2594747
75 58 2594751
75 60 2594758
75 44 2594767
75 79 2594774
75 76 2594776
75 71 2594778
75 52 2594785
75 34 2594786
75 61 2594788
75 80 2594791
75 37 2594793
75 2 2594799
75 48 2594805
75 14 2594809
75 68 2594817
75 24 2594824
75 5 2594830
75 1 2594839
75 77 2594839
75 56 2594843
75 82 2594845
75 70 2594851
75 79 2594856
75 14 2594857
75 73 2594864
75 58 2594865
75 17 2594866
75 37 2594869
75 77 2594875
75 41 2594881
75 8 2594886
75 68 2594886
75 71 2594892
75 48 2594895
75 57 2594896
75 38 2594903
75 26 2594910
75 43 2594911
75 47 2594918
75 46 2594926
75 5 2594930
75 45 2594937
75 74 2594945
75 62 2594951
76 49 2594954
76 19 2594954
76 51 2594960
76 62 2594963
76 10 2594970
76 74 2594979
76 66 2594984
76 20 2594991
76 35 2594994
76 6 2595000
76 5 2595000
76 48 2595001
76 57 2595007
76 75 2595016
76 13 2595016
76 68 2595021
76 72 2595021
76 53 2595030
76 77 2595035
76 70 2595042
76 71 2595051
76 65 2595057
76 54 2595061
76 15 2595065
76 44 2595071
76 39 2595079
76 70 2595083
76 68 2595083
76 57 2595084
76 74 2595088
76 35 2595091
76 27 2595091
76 79 2595098
76 67 2595098
76 38 2595099
76 2 2595106
76 41 2595110
76 36 2595114
76 3 2595122
76 59 2595122
76 44 2595127
76 18 2595133
76 24 2595140
76 7 2595140
76 22 2595149
76 1 2595155
76 0 2595158
76 52 2595167
76 29 2595172
76 81 2595173
76 65 2595176
76 56 2595178
77 2 2595185
77 76 2595186
77 62 2595191
77 1 2595193
77 6 2595200
77 22 2595207
77 54 2595207
77 0 2595209
77 26 2595218
77 14 2595226
77 24 2595227
77 27 2595234
77 46 2595238
77 51 2595244
77 53 2595245
77 67 2595254
77 78 2595256
77 15 2595259
77 79 2595266
77 64 2595275
77 49 2595281
77 52 2595282
77 38 2595289
77 69 2595295
77 21 2595298
77 71 2595305
77 72 2595312
77 42 2595316
77 38 2595316
77 66 2595323
77 75 2595324
77 29 2595327
77 7 2595333
77 45 2595341
77 24 2595342
77 26 2595350
77 39 2595352
77 6 2595352
77 59 2595360
77 58 2595364
77 49 2595365
77 17 2595371
77 68 2595371
77 15 2595380
77 13 2595389
77 82 2595392
77 81 2595398
77 27 2595407
77 65 2595415
77 3 2595423
77 51 2595426
77 40 2595429
77 53 2595438
78 8 2595438
78 33 2595447
78 10 2595455
78 16 2595461
78 38 2595465
78 80 2595473
78 82 2595475
78 44 2595475
78 54 2595484
78 74 2595491
78 60 2595492
78 55 2595493
78 50 2595496
78 66 2595497
78 37 2595501
78 70 2595503
78 65 2595504
78 9 2595511
78 31 2595511
78 18 2595516
78 51 2595518
78 67 2595526
78 23 2595532
78 1 2595539
78 17 2595540
78 36 2595549
78 73 2595551
78 63 2595555
78 48 2595557
78 14 2595562
78 79 2595571
78 77 2595574
78 28 2595576
78 45 2595582
78 40 2595584
78 59 2595591
78 13 2595591
78 5 2595592
78 56 2595600
78 64 2595601
78 29 2595609
78 14 2595617
78 33 2595619
78 18 2595620
78 10 2595622
78 24 2595626
78 31 2595631
78 4 2595631
78 45 2595639
78 50 2595641
78 76 2595647
78 41 2595648
78 52 2595657
78 66 2595659
78 35 2595667
78 9 2595675
78 28 2595677
78 82 2595678
78 26 2595685
78 3 2595688
78 38 2595695
78 55 2595697
78 70 2595704
78 37 2595713
78 75 2595722
78 71 2595727
78 51 2595727
78 44 2595736
78 80 2595737
78 20 2595745
78 73 2595746
78 40 2595750
78 53 2595755
78 25 2595755
78 68 2595761
78 12 2595769
78 79 2595772
78 34 2595777
78 15 2595778
78 62 2595780
78 60 2595785
78 81 2595788
78 72 2595795
78 48 2595796
78 8 2595801
78 43 2595808
78 6 2595817
78 30 2595821
79 64 2595830
79 37 2595838
79 38 2595845
79 59 2595853
79 80 2595859
79 12 2595864
79 71 2595872
79 74 2595874
79 73 2595879
79 3 2595883
79 57 2595886
79 35 2595886
79 0 2595889
79 70 2595894
79 31 2595898
79 55 2595905
79 61 2595908
79 20 2595911
79 19 2595917
79 78 2595918
79 7 2595926
79 1 2595926
80 64 2595931
80 16 2595938
80 35 2595945
80 4 2595953
80 14 2595957
80 31 2595966
80 3 2595968
80 26 2595975
80 18 2595977
80 41 2595980
80 2 2595985
80 37 2595985
80 73 2595986
80 68 2595994
80 78 2595997
80 58 2596006
80 49 2596006
80 57 2596009
80 46 2596009
80 61 2596013
80 79 2596015
80 20 2596024
80 10 2596032
80 59 2596034
80 23 2596041
80 45 2596044
80 32 2596051
80 12 2596057
80 5 2596065
80 25 2596068
80 54 2596070
80 19 2596078
80 43 2596084
80 9 2596084
80 44 2596085
80 82 2596093
80 21 2596094
80 17 2596100
80 71 2596107
80 76 2596114
80 67 2596121
80 29 2596128
80 52 2596129
80 51 2596130
80 34 2596130
80 81 2596130
80 41 2596133
80 17 2596133
80 22 2596135
80 79 2596138
80 15 2596147
80 61 2596148
80 64 2596156
80 65 2596158
80 52 2596164
80 36 2596169
80 37 2596174
80 44 2596177
80 31 2596180
80 6 2596187
80 43 2596193
80 46 2596198
80 21 2596200
80 58 2596202
80 28 2596208
80 25 2596217
80 24 2596222
80 73 2596229
80 26 2596233
80 50 2596237
80 16 2596243
80 27 2596244
80 38 2596253
80 10 2596255
80 33 2596259
80 77 2596264
80 57 2596270
80 82 2596279
80 67 2596283
80 39 2596285
80 49 2596291
80 62 2596296
80 13 2596302
80 69 2596302
80 51 2596302
80 32 2596304
80 20 2596313
80 71 2596315
80 70 2596319
80 45 2596322
80 54 2596330
80 42 2596332
81 66 2596335
81 37 2596338
81 29 2596346
81 25 2596355
81 46 2596361
81 69 2596362
81 4 2596370
81 82 2596372
81 56 2596381
81 19 2596387
81 34 2596394
81 70 2596396
81 7 2596402
81 50 2596402
81 75 2596404
81 80 2596405
81 45 2596407
81 17 2596414
81 31 2596422
81 42 2596431
81 47 2596440
81 44 2596442
81 65 2596450
81 64 2596459
81 16 2596459
81 24 2596467
81 35 2596472
81 9 2596481
81 8 2596490
81 76 2596496
81 59 2596497
81 11 2596505
81 4 2596505
81 66 2596510
81 2 2596516
81 36 2596520
81 80 2596527
81 9 2596528
81 44 2596536
81 10 2596539
81 13 2596543
81 57 2596543
81 64 2596552
81 65 2596561
81 12 2596568
81 16 2596573
81 70 2596579
81 47 2596584
81 76 2596587
81 37 2596596
81 34 2596601
81 7 2596603
81 18 2596607
81 38 2596610
81 24 2596613
81 33 2596616
81 55 2596623
81 77 2596623
81 41 2596630
82 8 2596639
82 23 2596639
82 6 2596643
82 44 2596645
82 17 2596647
82 67 2596651
82 18 2596653
82 31 2596658
82 40 2596666
82 68 2596669
82 42 2596670
82 25 2596670
82 26 2596670
82 9 2596671
82 79 2596678
82 71 2596681
82 52 2596690
82 69 2596691
82 30 2596691
82 54 2596693
82 63 2596694
82 39 2596695
82 2 2596699
82 37 2596707
82 55 2596715
82 20 2596719
82 45 2596721
82 43 2596729
82 65 2596735
82 51 2596743
82 77 2596751
82 81 2596758
82 46 2596763
82 32 2596763
82 13 2596771
82 1 2596780
82 48 2596782
82 24 2596784
82 5 2596785
82 28 2596790
82 34 2596796
82 10 2596798
82 74 2596804
82 16 2596807
82 67 2596809
82 63 2596814
82 34 2596820
82 44 2596820
82 8 2596828
82 51 2596830
82 35 2596836
82 29 2596839
82 32 2596844
82 45 2596844
82 27 2596851
82 38 2596860
82 18 2596866
82 61 2596873
82 42 2596880
82 56 2596881
82 41 2596888
82 72 2596889
82 24 2596894
82 76 2596902
82 6 2596903
82 37 2596906
82 22 2596908
82 3 2596917
82 68 2596922
82 25 2596931
82 49 2596940
82 36 2596942
82 10 2596951
82 33 2596952
82 54 2596958
82 7 2596963
82 47 2596969
82 11 2596975
82 20 2596977
82 23 2596978
82 21 2596982
82 15 2596982
82 52 2596986
82 4 2596989
82 46 2596991
82 79 2596992
