86
false
0 36 2849504
0 5 2849507
0 40 2849507
0 81 2849509
0 28 2849518
0 30 2849524
0 39 2849526
0 18 2849531
0 72 2849537
0 70 2849541
0 55 2849547
0 22 2849553
0 56 2849562
0 6 2849564
0 58 2849565
0 63 2849571
0 79 2849575
0 34 2849578
0 64 2849582
0 35 2849584
0 8 2849590
0 29 2849592
0 15 2849592
0 2 2849593
0 7 2849601
0 4 2849609
0 49 2849614
0 24 2849619
0 27 2849621
0 11 2849630
0 61 2849638
0 18 2849643
0 14 2849649
0 85 2849655
0 64 2849660
0 78 2849662
0 51 2849670
0 68 2849676
0 30 2849679
0 36 2849687
0 57 2849696
0 69 2849704
0 40 2849711
0 15 2849719
0 80 2849723
0 17 2849727
0 47 2849731
0 39 2849738
0 48 2849743
0 13 2849743
0 3 2849744
0 84 2849752
0 27 2849760
0 82 2849767
0 32 2849774
0 23 2849777
0 55 2849777
0 12 2849783
0 7 2849784
0 53 2849784
1 45 2849788
1 59 2849792
1 50 2849794
1 47 2849794
1 22 2849802
1 28 2849811
1 38 2849813
2 35 2849814
2 59 2849822
2 64 2849824
2 42 2849828
2 40 2849837
2 41 2849843
2 30 2849850
2 62 2849854
2 8 2849857
2 80 2849863
2 56 2849872
2 20 2849880
2 22 2849886
2 81 2849894
2 72 2849897
2 1 2849900
2 82 2849906
2 57 2849906
2 44 2849906
2 49 2849911
2 39 2849916
2 51 2849923
2 79 2849926
2 55 2849927
2 75 2849934
2 27 2849935
2 17 2849938
2 63 2849944
2 38 2849951
2 34 2849954
2 39 2849958
2 17 2849963
2 13 2849972
2 76 2849980
2 82 2849981
2 23 2849981
2 63 2849983
2 11 2849984
2 28 2849986
2 44 2849993
2 4 2849997
2 62 2850004
2 50 2850012
2 38 2850013
2 40 2850014
2 70 2850023
2 29 2850026
2 10 2850028
2 12 2850029
2 48 2850030
2 56 2850032
2 74 2850037
2 7 2850042
2 54 2850047
2 5 2850050
2 51 2850055
2 47 2850060
2 58 2850064
2 3 2850067
2 9 2850075
2 36 2850079
3 48 2850086
3 55 2850086
3 15 2850091
3 2 2850098
3 40 2850101
3 26 2850109
4 15 2850115
4 11 2850116
4 43 2850116
4 23 2850123
4 48 2850130
4 39 2850133
4 37 2850136
4 14 2850139
4 70 2850147
4 0 2850154
4 28 2850163
4 22 2850166
4 10 2850167
4 51 2850171
4 19 2850172
4 35 2850180
4 12 2850184
4 40 2850187
4 20 2850195
4 55 2850202
4 58 2850202
4 36 2850206
4 69 2850210
4 50 2850218
4 63 2850221
4 13 2850228
4 24 2850229
4 46 2850234
4 78 2850235
4 59 2850238
4 45 2850242
4 53 2850251
4 79 2850260
4 71 2850262
4 7 2850262
4 62 2850269
4 25 2850269
4 1 2850275
4 77 2850279
4 7 2850285
4 14 2850291
4 39 2850292
4 65 2850293
4 82 2850299
4 35 2850302
4 20 2850304
4 16 2850310
4 19 2850313
4 13 2850321
4 75 2850321
4 79 2850330
4 60 2850337
4 21 2850345
4 57 2850348
4 48 2850357
4 80 2850357
4 70 2850362
4 38 2850368
4 25 2850375
4 31 2850380
4 6 2850387
4 17 2850389
4 9 2850391
4 71 2850396
4 5 2850396
4 27 2850404
4 34 2850410
4 50 2850415
4 53 2850421
4 54 2850426
4 84 2850429
4 51 2850429
4 52 2850429
4 76 2850438
4 22 2850445
4 28 2850445
4 62 2850450
4 44 2850450
4 72 2850453
5 24 2850459
5 55 2850465
5 81 2850472
5 26 2850472
5 53 2850480
5 49 2850481
5 83 2850490
5 34 2850499
5 47 2850507
5 39 2850516
5 80 2850522
5 35 2850525
5 27 2850531
5 15 2850535
5 21 2850541
5 64 2850544
5 82 2850545
5 77 2850553
5 20 2850561
5 69 2850565
5 71 2850565
5 2 2850569
5 36 2850572
5 63 2850580
5 45 2850587
5 49 2850588
5 4 2850592
5 18 2850597
5 25 2850597
5 22 2850603
5 29 2850609
5 40 2850615
5 84 2850618
5 0 2850619
5 53 2850622
5 15 2850630
5 9 2850633
6 15 2850633
6 68 2850635
6 79 2850642
6 51 2850648
6 33 2850656
6 85 2850656
6 26 2850661
6 16 2850666
6 25 2850672
6 23 2850680
6 80 2850685
6 27 2850692
6 76 2850700
6 70 2850705
7 31 2850706
7 51 2850707
7 49 2850714
7 72 2850716
7 39 2850725
7 36 2850725
7 69 2850728
7 0 2850736
7 77 2850744
7 48 2850745
7 42 2850752
7 34 2850760
7 54 2850760
7 58 2850765
7 18 2850772
7 80 2850779
7 35 2850783
7 13 2850784
7 53 2850790
7 40 2850791
7 82 2850793
7 16 2850796
7 56 2850799
7 46 2850804
7 22 2850806
7 1 2850806
7 59 2850812
7 65 2850812
7 68 2850814
7 25 2850814
7 70 2850822
7 73 2850830
7 38 2850833
7 10 2850842
7 66 2850850
7 64 2850852
7 71 2850856
7 4 2850856
7 61 2850864
7 37 2850867
7 29 2850872
7 39 2850880
7 16 2850887
7 1 2850895
7 3 2850902
7 22 2850909
7 42 2850914
7 72 2850914
7 5 2850916
7 43 2850923
7 34 2850930
7 62 2850930
7 81 2850935
7 0 2850939
7 26 2850942
7 78 2850942
7 84 2850950
7 57 2850957
7 32 2850958
7 33 2850963
7 67 2850964
7 44 2850966
7 76 2850971
7 12 2850978
7 55 2850987
7 24 2850992
8 77 2850996
8 72 2851003
8 2 2851003
8 60 2851008
8 23 2851013
8 83 2851014
8 4 2851020
8 66 2851027
8 42 2851035
9 22 2851042
9 40 2851051
9 18 2851058
9 25 2851060
9 63 2851069
9 75 2851073
9 58 2851080
9 42 2851086
9 73 2851086
9 74 2851092
9 6 2851101
9 27 2851102
9 49 2851105
9 67 2851114
9 36 2851115
9 48 2851123
9 4 2851128
9 30 2851133
9 39 2851134
9 3 2851136
9 55 2851139
9 13 2851144
9 0 2851150
9 64 2851158
9 78 2851163
9 57 2851172
9 65 2851180
9 52 2851182
9 55 2851191
9 8 2851200
9 6 2851201
9 47 2851204
9 13 2851211
9 18 2851213
9 64 2851219
9 31 2851226
9 43 2851231
9 69 2851238
9 41 2851238
9 36 2851242
9 32 2851248
9 27 2851249
9 40 2851249
9 46 2851252
9 84 2851261
9 16 2851264
9 20 2851271
10 64 2851275
10 14 2851275
10 73 2851284
10 75 2851284
10 36 2851287
10 47 2851289
10 53 2851293
10 42 2851295
10 81 2851297
10 32 2851305
10 22 2851314
10 5 2851315
10 62 2851322
10 25 2851330
10 6 2851335
10 80 2851341
10 11 2851343
10 38 2851343
10 3 2851351
10 12 2851357
10 28 2851361
10 13 2851369
10 26 2851376
10 34 2851379
10 59 2851386
10 4 2851386
10 37 2851387
10 78 2851393
10 9 2851398
10 7 2851399
10 63 2851408
10 35 2851417
10 69 2851424
10 55 2851425
10 27 2851434
10 67 2851438
10 85 2851442
10 50 2851447
10 23 2851451
10 33 2851460
10 56 2851468
10 43 2851477
10 6 2851477
10 67 2851484
10 43 2851488
10 40 2851492
10 42 2851497
10 23 2851500
10 12 2851505
10 1 2851509
10 56 2851514
10 20 2851518
10 75 2851527
10 55 2851535
10 68 2851535
10 35 2851542
10 59 2851544
10 28 2851545
10 9 2851545
10 24 2851551
10 47 2851553
10 37 2851561
10 41 2851564
10 7 2851570
10 79 2851572
10 39 2851578
10 3 2851581
10 82 2851585
10 26 2851586
10 54 2851591
10 64 2851598
10 13 2851605
10 50 2851610
10 5 2851612
10 16 2851618
10 38 2851618
10 49 2851618
10 19 2851620
10 58 2851629
10 25 2851631
10 22 2851631
10 29 2851639
11 25 2851647
11 71 2851647
11 49 2851650
11 73 2851658
11 53 2851662
11 24 2851669
11 7 2851677
11 52 2851678
11 27 2851678
11 56 2851679
11 50 2851682
11 19 2851687
11 48 2851692
11 26 2851700
11 16 2851704
11 1 2851704
11 45 2851706
11 64 2851715
11 5 2851719
11 55 2851725
11 29 2851732
11 82 2851739
11 70 2851748
11 69 2851752
11 84 2851757
11 44 2851763
11 23 2851764
11 10 2851766
11 9 2851768
11 20 2851773
11 43 2851777
11 77 2851783
11 13 2851787
11 8 2851796
11 79 2851805
11 18 2851812
11 58 2851812
11 68 2851820
11 12 2851824
11 40 2851824
11 41 2851832
11 67 2851835
11 5 2851835
11 52 2851835
11 26 2851839
11 2 2851841
11 38 2851844
11 48 2851851
11 15 2851859
11 53 2851867
11 68 2851873
11 37 2851879
11 66 2851886
11 30 2851890
11 14 2851895
11 82 2851895
11 71 2851900
11 65 2851901
11 41 2851905
11 49 2851906
11 18 2851906
11 7 2851912
11 43 2851914
11 50 2851915
11 19 2851917
11 45 2851922
11 22 2851927
11 62 2851933
11 81 2851935
11 67 2851938
11 8 2851944
11 10 2851944
11 74 2851952
11 55 2851956
11 31 2851959
11 1 2851965
11 51 2851972
11 6 2851977
11 16 2851982
11 61 2851985
11 73 2851985
11 58 2851994
12 68 2851995
12 75 2851997
12 57 2851998
12 36 2852000
12 64 2852000
12 15 2852000
12 8 2852003
12 23 2852009
12 50 2852014
12 65 2852014
12 4 2852014
12 73 2852015
12 11 2852015
12 37 2852020
12 40 2852026
12 66 2852032
12 63 2852041
12 7 2852041
12 74 2852043
12 51 2852045
12 84 2852046
12 59 2852048
12 77 2852053
12 33 2852053
12 18 2852057
12 49 2852066
12 78 2852074
12 58 2852079
12 43 2852081
12 0 2852084
12 2 2852088
12 21 2852091
12 14 2852093
12 52 2852101
12 82 2852103
12 45 2852105
12 13 2852111
12 57 2852116
12 61 2852116
12 59 2852125
12 25 2852131
12 22 2852137
12 72 2852140
12 48 2852146
12 49 2852149
12 60 2852153
12 17 2852161
12 34 2852164
12 28 2852172
12 7 2852172
12 51 2852175
12 75 2852181
12 19 2852185
12 47 2852192
12 4 2852195
12 20 2852195
12 5 2852197
12 33 2852198
12 31 2852207
12 50 2852214
12 76 2852214
12 85 2852222
12 41 2852222
13 57 2852230
13 85 2852232
13 25 2852233
13 63 2852238
13 22 2852244
14 58 2852250
14 2 2852256
14 77 2852256
14 69 2852258
14 76 2852267
14 23 2852267
14 12 2852276
14 56 2852279
14 19 2852280
14 60 2852282
14 36 2852285
14 57 2852286
14 35 2852295
14 21 2852295
14 17 2852298
14 8 2852299
14 15 2852300
14 61 2852308
14 59 2852314
14 60 2852322
14 72 2852328
14 52 2852336
14 81 2852339
14 54 2852341
14 9 2852343
14 35 2852352
14 19 2852352
14 50 2852359
14 11 2852366
14 37 2852368
14 79 2852376
14 67 2852382
14 13 2852390
14 27 2852399
14 16 2852402
15 80 2852405
15 44 2852414
15 16 2852422
15 65 2852424
15 60 2852424
15 41 2852424
15 5 2852425
15 53 2852427
15 8 2852435
15 68 2852438
16 42 2852447
16 10 2852449
16 34 2852451
16 14 2852458
16 44 2852462
16 23 2852462
17 39 2852471
17 38 2852474
17 67 2852475
17 12 2852478
17 34 2852486
17 20 2852492
17 18 2852492
17 79 2852495
17 15 2852498
17 2 2852502
17 33 2852510
17 52 2852513
17 78 2852521
17 47 2852522
17 82 2852528
17 46 2852535
17 50 2852541
17 63 2852548
17 30 2852552
17 27 2852554
17 51 2852554
17 59 2852561
17 19 2852570
17 21 2852573
17 57 2852581
17 73 2852585
17 41 2852593
17 1 2852600
17 80 2852609
17 42 2852615
17 85 2852618
17 45 2852625
17 5 2852631
17 3 2852639
17 70 2852641
17 8 2852645
17 16 2852646
17 60 2852649
17 75 2852654
17 11 2852654
17 53 2852660
17 72 2852666
17 66 2852669
17 48 2852673
17 80 2852679
17 8 2852687
17 28 2852687
17 31 2852694
17 9 2852703
17 59 2852703
17 56 2852706
17 38 2852715
17 35 2852715
17 30 2852715
17 32 2852720
17 60 2852724
17 70 2852727
17 83 2852729
17 85 2852730
17 0 2852738
17 37 2852740
17 14 2852741
17 16 2852741
17 1 2852747
17 42 2852749
17 5 2852758
17 62 2852765
17 24 2852767
17 49 2852768
17 54 2852777
17 69 2852780
17 46 2852789
17 43 2852795
17 45 2852798
17 77 2852802
17 61 2852804
17 47 2852813
17 72 2852822
17 57 2852830
17 18 2852833
17 19 2852842
17 50 2852851
17 41 2852851
17 10 2852860
17 40 2852860
17 63 2852866
17 6 2852870
17 53 2852874
17 64 2852881
17 79 2852883
17 4 2852887
18 50 2852893
18 30 2852893
18 58 2852902
18 24 2852907
18 60 2852911
18 61 2852914
18 29 2852920
18 20 2852921
18 52 2852925
18 39 2852928
18 44 2852932
18 46 2852941
18 9 2852943
18 75 2852943
18 32 2852950
18 54 2852959
18 74 2852962
18 65 2852968
18 33 2852969
18 1 2852972
18 38 2852980
18 59 2852981
18 41 2852989
18 16 2852994
18 23 2852998
18 28 2853002
18 36 2853008
18 51 2853009
18 21 2853012
18 27 2853019
18 2 2853022
18 48 2853023
18 79 2853027
18 83 2853035
18 13 2853039
18 84 2853046
18 19 2853054
18 5 2853061
18 14 2853068
18 85 2853072
18 45 2853080
18 77 2853081
18 72 2853085
18 10 2853090
18 81 2853099
18 7 2853107
18 37 2853111
18 0 2853118
18 66 2853124
18 34 2853127
18 39 2853134
18 79 2853137
18 16 2853140
18 19 2853141
18 44 2853141
18 47 2853141
18 25 2853146
18 75 2853150
18 27 2853159
18 48 2853163
18 35 2853166
18 46 2853171
18 36 2853177
18 17 2853181
18 24 2853185
18 55 2853191
18 59 2853196
18 41 2853205
18 80 2853205
18 77 2853206
18 31 2853207
18 30 2853209
18 78 2853213
18 83 2853219
18 69 2853225
18 62 2853227
18 29 2853236
18 56 2853243
18 10 2853245
18 6 2853247
18 72 2853247
18 53 2853250
18 37 2853254
18 68 2853260
18 14 2853267
18 40 2853274
18 33 2853282
18 5 2853285
18 23 2853293
18 52 2853299
18 12 2853305
18 58 2853314
18 9 2853318
18 67 2853322
18 81 2853323
18 57 2853326
18 64 2853332
18 54 2853339
18 2 2853340
18 50 2853344
19 71 2853352
19 5 2853358
19 33 2853358
19 60 2853366
19 84 2853370
19 1 2853377
19 7 2853382
19 41 2853391
19 0 2853394
19 14 2853402
19 69 2853411
19 4 2853417
19 25 2853423
19 2 2853427
19 3 2853428
19 56 2853437
19 6 2853443
19 73 2853445
19 17 2853452
19 11 2853457
19 81 2853465
19 24 2853471
19 16 2853472
19 18 2853476
19 72 2853477
19 61 2853480
19 49 2853484
19 50 2853490
19 38 2853494
19 51 2853499
19 10 2853499
19 83 2853499
19 40 2853506
19 32 2853507
19 29 2853516
19 35 2853524
19 47 2853531
19 48 2853534
19 14 2853535
19 66 2853540
19 41 2853549
19 53 2853554
19 71 2853560
19 2 2853564
19 62 2853569
19 80 2853576
19 16 2853578
19 37 2853583
19 83 2853592
19 12 2853592
19 30 2853600
19 45 2853601
19 78 2853609
19 43 2853610
19 49 2853614
19 0 2853622
19 23 2853625
19 28 2853629
19 79 2853635
19 6 2853642
19 22 2853648
19 68 2853650
19 17 2853655
19 27 2853658
19 58 2853662
20 75 2853667
20 13 2853673
20 0 2853681
20 45 2853686
20 28 2853686
20 40 2853695
20 80 2853704
20 53 2853710
20 24 2853714
20 23 2853720
21 67 2853729
21 20 2853733
21 28 2853733
21 58 2853741
21 74 2853748
21 84 2853757
21 72 2853761
21 52 2853764
21 59 2853769
21 61 2853778
21 77 2853780
21 27 2853784
21 78 2853786
21 32 2853792
21 43 2853794
21 16 2853795
21 42 2853795
21 50 2853801
21 75 2853807
21 48 2853809
21 68 2853816
21 71 2853818
21 60 2853824
21 35 2853830
21 54 2853838
21 3 2853846
21 44 2853853
21 79 2853857
21 7 2853857
21 29 2853863
21 5 2853870
21 14 2853878
21 31 2853878
21 6 2853879
21 53 2853886
21 39 2853895
21 19 2853899
21 63 2853900
21 62 2853903
21 22 2853904
21 15 2853911
21 73 2853914
21 17 2853915
21 36 2853920
21 50 2853921
21 10 2853929
21 56 2853938
21 55 2853942
21 38 2853948
21 37 2853955
21 49 2853958
21 19 2853958
21 61 2853962
21 27 2853963
21 11 2853967
21 5 2853973
21 20 2853977
21 66 2853981
21 81 2853986
21 69 2853989
21 51 2853992
21 30 2853994
21 0 2853998
21 35 2854001
21 77 2854003
21 42 2854007
21 7 2854012
21 12 2854020
21 25 2854028
21 84 2854030
21 31 2854035
21 39 2854037
21 72 2854039
21 85 2854043
21 34 2854051
21 6 2854056
21 43 2854059
22 42 2854059
22 10 2854067
22 47 2854069
22 54 2854070
22 34 2854070
22 12 2854077
22 63 2854083
23 39 2854086
23 24 2854086
23 15 2854092
23 22 2854100
23 75 2854104
23 31 2854112
23 56 2854114
23 61 2854116
23 73 2854116
23 60 2854123
23 6 2854123
23 8 2854129
23 52 2854131
23 1 2854136
23 27 2854137
23 42 2854144
23 69 2854147
23 16 2854150
23 55 2854159
23 17 2854165
23 84 2854168
23 59 2854173
23 33 2854176
23 12 2854182
23 58 2854186
23 68 2854194
23 43 2854195
23 78 2854203
23 48 2854203
23 63 2854212
23 21 2854214
23 41 2854215
23 3 2854217
23 26 2854224
23 81 2854226
23 0 2854226
23 76 2854226
23 33 2854235
23 38 2854236
23 79 2854240
23 56 2854247
23 5 2854250
23 43 2854258
23 53 2854259
23 11 2854262
23 64 2854262
23 67 2854263
23 69 2854268
23 22 2854272
23 84 2854279
23 63 2854287
23 24 2854291
23 29 2854291
23 14 2854298
23 54 2854303
23 6 2854308
23 40 2854316
23 52 2854317
24 53 2854326
24 60 2854332
24 19 2854334
24 28 2854338
24 80 2854338
24 5 2854339
24 43 2854347
24 32 2854348
24 14 2854355
24 12 2854363
24 10 2854370
24 25 2854379
24 51 2854380
24 17 2854387
24 21 2854394
24 8 2854400
24 62 2854408
24 18 2854414
24 36 2854420
24 16 2854422
24 64 2854426
24 33 2854433
24 30 2854437
24 9 2854439
24 11 2854440
24 13 2854448
24 35 2854452
24 68 2854456
24 47 2854457
24 34 2854460
24 71 2854467
24 3 2854470
24 1 2854479
24 7 2854485
24 20 2854494
24 49 2854499
24 59 2854506
24 26 2854511
24 40 2854516
24 46 2854516
24 38 2854521
24 22 2854527
24 48 2854536
24 73 2854543
24 42 2854547
24 50 2854549
24 63 2854550
24 2 2854557
24 61 2854559
24 31 2854561
24 72 2854567
24 41 2854571
24 6 2854579
24 27 2854583
24 77 2854590
24 65 2854598
24 84 2854601
24 57 2854608
24 82 2854609
24 43 2854610
24 64 2854613
24 17 2854617
24 22 2854620
24 74 2854629
24 56 2854638
24 41 2854645
24 32 2854653
24 82 2854660
24 66 2854661
24 36 2854662
24 21 2854663
24 42 2854669
24 59 2854670
24 58 2854679
24 30 2854687
24 76 2854687
24 15 2854695
24 31 2854695
24 51 2854695
24 38 2854703
24 77 2854710
24 34 2854715
24 2 2854719
24 3 2854725
24 16 2854731
24 73 2854732
24 45 2854733
24 44 2854734
24 69 2854738
24 71 2854742
24 53 2854747
24 54 2854752
24 67 2854753
24 62 2854754
24 65 2854763
24 13 2854768
24 81 2854777
24 60 2854780
24 52 2854784
24 10 2854791
24 20 2854799
24 8 2854806
24 25 2854814
24 57 2854821
24 6 2854824
24 1 2854824
24 70 2854827
24 23 2854832
24 28 2854835
24 61 2854835
24 78 2854844
24 12 2854853
24 29 2854862
24 4 2854870
24 75 2854878
24 39 2854884
25 9 2854891
25 15 2854896
25 36 2854899
25 8 2854906
25 75 2854915
25 78 2854920
25 84 2854927
25 72 2854936
25 35 2854937
25 85 2854938
25 51 2854940
25 16 2854949
25 31 2854955
25 20 2854957
25 23 2854964
25 37 2854973
25 14 2854974
25 57 2854977
25 4 2854985
25 13 2854986
25 19 2854989
25 39 2854995
25 50 2854996
25 7 2854997
25 49 2855003
25 11 2855009
25 21 2855015
25 83 2855015
25 12 2855019
25 69 2855019
25 1 2855022
25 22 2855025
25 10 2855025
25 23 2855030
25 49 2855032
25 67 2855036
25 7 2855037
25 6 2855037
25 58 2855044
25 14 2855051
25 50 2855055
25 24 2855057
25 73 2855057
25 40 2855058
25 18 2855067
25 11 2855071
25 28 2855076
25 43 2855078
25 74 2855080
25 72 2855089
25 77 2855097
25 70 2855104
25 31 2855104
25 44 2855107
25 60 2855114
25 45 2855119
25 9 2855128
25 71 2855131
25 55 2855136
26 72 2855139
26 27 2855141
26 53 2855150
26 46 2855156
26 28 2855160
26 40 2855165
26 30 2855167
26 2 2855173
26 1 2855175
26 35 2855178
26 61 2855181
26 6 2855187
26 73 2855196
26 85 2855204
26 39 2855208
26 75 2855217
26 7 2855219
26 51 2855219
26 54 2855220
26 29 2855222
26 57 2855231
26 36 2855233
26 83 2855234
26 77 2855234
26 80 2855241
26 56 2855243
26 84 2855243
26 74 2855245
26 63 2855245
26 69 2855249
26 45 2855255
26 14 2855264
26 3 2855264
26 41 2855273
26 18 2855276
26 4 2855284
26 9 2855284
26 23 2855291
26 13 2855298
26 52 2855305
26 65 2855308
26 42 2855315
26 68 2855320
26 44 2855320
26 71 2855323
26 49 2855329
26 76 2855335
26 11 2855340
26 15 2855346
26 67 2855350
26 19 2855356
26 43 2855359
26 75 2855366
26 66 2855366
26 81 2855374
26 46 2855382
26 4 2855387
26 62 2855390
26 19 2855392
26 28 2855397
26 16 2855399
26 55 2855405
26 29 2855413
26 71 2855419
26 48 2855419
26 74 2855419
26 82 2855422
26 67 2855429
26 33 2855436
26 15 2855442
26 61 2855443
26 38 2855450
26 27 2855452
26 50 2855458
26 78 2855461
26 10 2855468
26 57 2855471
26 42 2855472
26 24 2855474
26 47 2855478
26 49 2855479
26 58 2855479
26 63 2855481
26 60 2855485
26 45 2855493
26 85 2855502
26 69 2855505
26 80 2855507
26 52 2855516
26 23 2855516
26 6 2855523
26 2 2855526
26 32 2855527
27 60 2855530
27 61 2855530
27 5 2855531
27 44 2855537
27 13 2855541
27 18 2855550
27 58 2855554
27 62 2855557
27 14 2855559
27 16 2855561
27 45 2855563
27 55 2855570
27 19 2855577
27 52 2855579
27 69 2855579
27 80 2855579
27 28 2855584
27 3 2855589
27 44 2855598
27 17 2855606
27 60 2855614
27 82 2855622
27 22 2855627
27 14 2855629
27 58 2855637
27 84 2855639
27 81 2855640
27 74 2855642
27 76 2855647
27 57 2855651
28 63 2855654
28 2 2855656
28 23 2855662
28 75 2855667
28 10 2855676
28 44 2855676
28 50 2855681
28 24 2855683
29 50 2855689
29 36 2855694
29 22 2855702
29 17 2855704
29 24 2855711
29 67 2855715
29 85 2855715
29 35 2855715
29 60 2855721
29 80 2855725
29 83 2855730
29 20 2855739
29 77 2855747
29 75 2855750
29 54 2855751
29 32 2855755
29 62 2855761
29 55 2855769
29 8 2855772
29 0 2855778
29 76 2855787
29 5 2855792
29 39 2855796
29 45 2855805
29 16 2855807
29 73 2855811
29 47 2855811
29 28 2855816
29 11 2855820
29 46 2855829
29 63 2855838
29 79 2855840
29 51 2855847
29 15 2855854
29 42 2855857
29 61 2855858
29 8 2855860
29 42 2855869
29 56 2855873
29 17 2855879
29 33 2855887
29 23 2855894
29 25 2855894
29 74 2855902
29 80 2855905
29 1 2855911
29 84 2855917
29 41 2855924
29 55 2855925
29 31 2855930
29 28 2855937
29 27 2855939
29 2 2855947
29 10 2855949
29 76 2855955
29 81 2855959
29 63 2855965
29 65 2855968
29 46 2855970
29 82 2855973
29 66 2855981
29 21 2855983
29 75 2855985
29 34 2855986
29 13 2855986
29 64 2855995
29 62 2855999
29 50 2856004
29 24 2856008
29 4 2856011
30 4 2856014
30 29 2856018
30 34 2856027
30 31 2856029
30 52 2856038
30 58 2856045
30 79 2856054
30 49 2856055
30 18 2856060
30 51 2856065
30 82 2856066
30 0 2856073
30 19 2856076
30 83 2856083
30 38 2856086
30 57 2856088
30 2 2856090
30 46 2856099
30 49 2856104
30 28 2856111
30 56 2856114
30 84 2856121
30 81 2856129
30 73 2856137
30 68 2856139
30 62 2856140
30 43 2856144
30 61 2856151
31 13 2856151
31 60 2856158
31 54 2856167
31 38 2856174
32 1 2856176
32 35 2856178
32 39 2856183
32 38 2856189
32 51 2856192
32 70 2856199
32 0 2856208
33 68 2856216
33 76 2856224
33 29 2856231
34 81 2856237
34 49 2856243
34 15 2856252
34 31 2856254
34 80 2856262
34 50 2856269
34 37 2856278
34 58 2856285
34 39 2856286
34 7 2856287
34 41 2856288
34 54 2856297
34 67 2856298
34 25 2856304
34 19 2856311
34 60 2856320
34 38 2856322
34 72 2856323
34 1 2856328
34 45 2856331
34 48 2856337
34 0 2856337
34 64 2856344
34 36 2856353
34 77 2856353
34 26 2856356
34 69 2856356
34 10 2856363
34 18 2856367
34 33 2856367
34 66 2856376
34 76 2856376
34 11 2856381
34 23 2856390
34 52 2856399
34 79 2856403
34 73 2856408
34 83 2856411
34 85 2856417
34 11 2856417
34 50 2856421
34 5 2856424
34 14 2856428
34 33 2856430
34 43 2856437
34 19 2856445
34 62 2856446
34 23 2856449
34 48 2856453
34 77 2856455
34 56 2856464
34 3 2856472
34 4 2856480
34 46 2856483
34 35 2856485
34 49 2856489
34 53 2856498
34 1 2856501
34 80 2856507
34 2 2856510
34 15 2856518
34 26 2856520
34 20 2856528
34 47 2856528
34 18 2856528
34 85 2856532
34 79 2856532
34 10 2856539
34 52 2856546
34 75 2856554
34 30 2856558
34 64 2856564
34 6 2856572
34 54 2856581
34 63 2856584
34 61 2856591
34 25 2856592
34 58 2856597
34 60 2856600
34 81 2856608
34 72 2856615
34 41 2856623
34 22 2856632
34 31 2856635
35 66 2856641
35 63 2856641
35 34 2856647
35 83 2856649
35 47 2856651
35 9 2856659
35 33 2856668
35 14 2856668
35 40 2856668
35 30 2856674
35 7 2856683
35 41 2856689
35 0 2856697
35 6 2856700
35 55 2856704
35 73 2856704
35 5 2856705
35 22 2856705
35 15 2856710
35 54 2856712
35 79 2856715
35 32 2856721
35 50 2856729
35 52 2856729
35 59 2856730
35 74 2856736
35 23 2856736
35 60 2856741
35 26 2856748
35 21 2856749
35 36 2856752
35 67 2856755
35 71 2856763
35 17 2856765
35 25 2856770
35 46 2856771
35 81 2856776
35 49 2856776
35 77 2856785
35 82 2856788
35 18 2856788
35 65 2856797
35 29 2856802
35 42 2856809
35 85 2856809
35 38 2856811
35 24 2856813
35 80 2856817
35 39 2856823
35 16 2856824
35 84 2856824
35 56 2856831
35 12 2856832
35 57 2856839
35 13 2856842
35 70 2856846
35 76 2856853
35 72 2856860
35 58 2856864
35 82 2856869
35 56 2856869
35 26 2856874
35 44 2856874
35 32 2856881
35 34 2856882
35 13 2856886
35 33 2856895
35 25 2856900
35 75 2856908
35 2 2856912
35 74 2856917
35 11 2856923
35 84 2856926
35 65 2856929
35 7 2856936
35 31 2856940
35 37 2856946
35 52 2856952
35 12 2856960
35 49 2856961
35 58 2856963
35 68 2856965
35 76 2856966
35 46 2856972
35 29 2856976
35 54 2856982
35 50 2856982
35 83 2856991
35 40 2856995
35 5 2856997
35 9 2857005
35 6 2857008
35 16 2857014
35 63 2857023
35 43 2857024
35 18 2857025
35 81 2857031
35 28 2857039
35 57 2857043
35 24 2857051
35 79 2857053
35 48 2857059
35 4 2857065
35 69 2857072
35 19 2857077
35 47 2857078
35 17 2857083
35 1 2857091
35 78 2857091
35 8 2857095
35 77 2857100
36 51 2857104
36 29 2857112
36 20 2857118
36 27 2857119
36 37 2857119
36 65 2857123
36 64 2857127
36 34 2857136
36 76 2857141
36 85 2857143
36 77 2857144
36 70 2857144
36 3 2857151
36 50 2857157
36 48 2857162
36 68 2857171
36 83 2857176
36 17 2857179
36 5 2857180
36 2 2857186
36 52 2857192
36 74 2857197
36 7 2857202
36 41 2857209
36 78 2857210
36 35 2857217
36 74 2857224
36 29 2857229
36 17 2857231
36 18 2857235
36 4 2857243
36 79 2857251
36 11 2857252
36 76 2857253
36 27 2857255
36 26 2857257
36 57 2857258
36 23 2857262
36 24 2857268
36 64 2857276
36 49 2857278
36 22 2857283
36 9 2857286
36 62 2857293
36 70 2857301
36 47 2857301
36 6 2857304
36 68 2857313
36 20 2857319
36 69 2857327
36 56 2857327
37 71 2857333
37 16 2857339
37 29 2857341
37 41 2857346
37 73 2857354
37 82 2857358
37 50 2857359
37 14 2857360
37 63 2857365
37 35 2857365
37 45 2857371
37 36 2857377
37 62 2857381
37 24 2857385
37 13 2857391
37 21 2857395
37 84 2857399
37 79 2857404
37 75 2857405
37 74 2857412
37 10 2857415
37 68 2857416
37 78 2857422
37 6 2857422
37 69 2857427
37 7 2857428
37 9 2857432
37 3 2857440
37 49 2857449
37 55 2857452
37 66 2857454
37 48 2857457
37 32 2857458
37 70 2857462
37 56 2857462
37 51 2857462
37 18 2857467
37 12 2857468
37 53 2857470
37 28 2857470
37 8 2857472
37 72 2857481
37 54 2857489
37 46 2857491
37 26 2857493
37 65 2857496
37 23 2857501
37 43 2857502
37 30 2857508
37 53 2857516
37 82 2857518
37 38 2857518
37 58 2857520
37 70 2857523
37 64 2857532
37 3 2857536
37 50 2857544
37 36 2857553
37 75 2857559
37 14 2857566
37 46 2857573
37 28 2857576
37 51 2857577
37 31 2857578
37 35 2857579
37 59 2857580
37 48 2857588
37 57 2857590
37 67 2857599
37 17 2857605
37 29 2857612
37 26 2857618
37 79 2857626
37 39 2857631
37 34 2857634
37 68 2857635
37 8 2857644
37 74 2857646
37 55 2857652
37 84 2857660
37 7 2857666
37 73 2857674
37 41 2857679
37 11 2857687
37 76 2857688
37 22 2857696
37 56 2857697
37 10 2857698
37 27 2857700
37 71 2857702
37 45 2857709
37 52 2857718
37 21 2857724
37 24 2857728
37 5 2857731
37 18 2857733
38 28 2857738
38 63 2857745
38 81 2857748
38 47 2857750
38 13 2857752
38 16 2857759
38 40 2857765
38 4 2857768
38 3 2857776
38 27 2857781
38 54 2857783
38 14 2857791
38 9 2857795
38 35 2857802
38 55 2857810
38 66 2857816
38 10 2857821
38 74 2857828
38 33 2857832
38 65 2857832
38 19 2857838
38 45 2857842
38 51 2857845
38 32 2857854
38 8 2857863
38 23 2857870
38 11 2857875
38 44 2857879
38 17 2857880
38 80 2857887
38 85 2857889
38 40 2857891
38 47 2857893
38 19 2857900
38 29 2857907
38 46 2857914
38 33 2857922
38 58 2857926
38 32 2857927
38 55 2857935
38 30 2857941
38 11 2857942
38 63 2857945
38 10 2857947
38 54 2857954
38 25 2857962
38 5 2857964
38 18 2857966
38 74 2857972
38 6 2857978
38 73 2857985
38 45 2857988
38 2 2857988
38 52 2857989
38 83 2857994
38 66 2858002
38 70 2858007
38 78 2858007
38 8 2858007
38 71 2858011
39 12 2858014
39 6 2858014
39 27 2858020
39 35 2858025
39 52 2858031
39 74 2858037
39 43 2858040
39 15 2858046
39 48 2858055
39 22 2858063
39 62 2858069
39 63 2858076
39 29 2858085
39 21 2858094
39 7 2858094
39 25 2858102
39 19 2858104
39 26 2858109
39 10 2858113
39 40 2858120
39 75 2858122
39 30 2858123
39 80 2858124
39 51 2858126
39 57 2858126
39 49 2858128
39 5 2858132
39 46 2858132
39 59 2858136
39 33 2858145
39 50 2858152
39 70 2858160
39 81 2858162
39 72 2858168
39 18 2858176
39 61 2858182
39 28 2858190
39 14 2858190
39 68 2858195
39 65 2858196
39 60 2858197
39 4 2858205
39 54 2858213
39 36 2858216
39 17 2858222
39 44 2858227
39 84 2858236
39 71 2858239
39 9 2858242
39 69 2858247
39 58 2858254
39 38 2858255
39 82 2858256
39 42 2858261
39 64 2858261
39 45 2858261
39 34 2858262
39 85 2858271
39 79 2858278
39 81 2858284
39 14 2858288
39 19 2858290
39 12 2858293
39 27 2858295
39 56 2858295
39 80 2858297
39 76 2858300
39 21 2858304
39 55 2858309
39 2 2858310
39 8 2858318
39 35 2858319
39 74 2858324
39 32 2858326
39 1 2858334
39 51 2858335
39 36 2858342
39 5 2858345
39 15 2858352
39 84 2858355
39 57 2858357
39 18 2858364
39 78 2858372
39 54 2858381
39 13 2858387
39 61 2858396
39 70 2858400
39 43 2858401
39 82 2858403
39 3 2858403
39 37 2858403
39 50 2858411
39 68 2858413
39 52 2858415
39 58 2858418
39 71 2858419
39 23 2858421
39 73 2858426
39 22 2858435
39 59 2858437
39 69 2858445
39 63 2858454
39 9 2858461
40 67 2858464
40 57 2858472
40 68 2858472
40 59 2858480
40 64 2858480
40 58 2858483
41 33 2858485
41 83 2858485
41 76 2858493
41 53 2858496
41 79 2858496
41 69 2858499
41 71 2858499
41 80 2858499
41 82 2858502
41 11 2858505
41 4 2858514
41 44 2858523
41 70 2858523
41 28 2858531
41 57 2858533
41 68 2858538
41 58 2858542
41 51 2858545
41 7 2858552
41 78 2858559
41 13 2858563
41 55 2858570
41 64 2858571
41 24 2858578
41 61 2858578
41 74 2858583
41 8 2858589
41 45 2858593
41 54 2858594
41 67 2858594
41 9 2858595
41 36 2858597
41 62 2858606
41 85 2858608
41 16 2858612
41 72 2858615
41 1 2858622
41 31 2858626
41 18 2858627
41 0 2858627
41 34 2858633
41 5 2858637
41 19 2858642
41 12 2858646
41 48 2858653
41 66 2858653
41 28 2858655
41 82 2858657
41 62 2858659
41 7 2858668
41 61 2858674
41 6 2858681
41 60 2858684
41 74 2858684
41 83 2858690
41 11 2858692
41 42 2858696
41 59 2858705
41 35 2858712
41 9 2858720
41 43 2858729
41 77 2858737
41 30 2858741
41 46 2858748
41 21 2858752
41 79 2858758
41 1 2858763
41 15 2858768
41 76 2858768
41 64 2858772
41 85 2858773
41 81 2858776
41 24 2858782
41 2 2858787
41 26 2858796
41 25 2858796
41 29 2858801
41 54 2858810
41 57 2858811
41 71 2858817
41 14 2858824
41 44 2858826
41 34 2858830
41 17 2858834
41 51 2858840
41 8 2858847
41 68 2858855
42 71 2858855
42 48 2858863
42 2 2858869
42 28 2858877
42 57 2858878
42 79 2858885
42 62 2858890
42 78 2858895
42 20 2858901
42 6 2858905
42 59 2858905
42 27 2858908
42 41 2858911
42 19 2858916
42 67 2858920
42 0 2858923
42 34 2858930
42 5 2858930
42 54 2858933
42 70 2858936
42 21 2858939
42 50 2858942
42 80 2858950
42 66 2858958
42 26 2858965
42 76 2858965
42 4 2858966
42 77 2858970
42 30 2858976
42 16 2858980
42 69 2858982
42 25 2858991
42 22 2858998
42 9 2859007
42 11 2859009
42 14 2859014
42 65 2859019
42 55 2859023
42 43 2859025
42 24 2859031
42 49 2859040
42 60 2859040
42 74 2859049
42 33 2859052
42 61 2859060
42 75 2859062
42 17 2859067
42 27 2859073
42 62 2859081
42 45 2859090
42 5 2859091
42 38 2859100
42 65 2859105
42 72 2859110
42 11 2859110
42 0 2859118
42 36 2859121
42 18 2859129
42 30 2859136
42 22 2859145
42 21 2859147
42 64 2859150
42 25 2859156
42 17 2859162
42 35 2859170
42 66 2859170
42 69 2859172
42 80 2859174
42 6 2859182
42 24 2859188
42 84 2859189
42 52 2859196
42 46 2859205
42 71 2859212
42 82 2859213
42 61 2859222
42 41 2859231
42 50 2859236
42 53 2859240
42 1 2859243
42 83 2859248
42 51 2859257
42 49 2859259
42 54 2859267
42 55 2859270
42 81 2859271
43 84 2859277
43 34 2859286
43 47 2859289
43 28 2859297
43 40 2859299
43 8 2859306
43 21 2859312
43 31 2859314
43 83 2859323
43 71 2859328
43 61 2859331
43 48 2859335
43 52 2859341
43 63 2859348
43 80 2859348
43 57 2859350
43 5 2859353
43 68 2859359
43 75 2859361
43 81 2859370
43 55 2859375
43 51 2859379
43 50 2859381
43 85 2859383
43 62 2859385
43 69 2859385
43 41 2859389
43 10 2859390
43 7 2859398
43 18 2859399
43 25 2859407
43 54 2859410
43 34 2859413
43 44 2859420
43 83 2859423
43 41 2859426
43 32 2859431
43 17 2859433
43 51 2859433
43 31 2859442
43 47 2859451
43 48 2859457
43 62 2859462
43 37 2859471
43 81 2859476
43 2 2859485
43 26 2859489
43 64 2859489
43 3 2859490
43 63 2859496
43 6 2859497
43 68 2859501
43 28 2859502
43 39 2859502
43 4 2859508
43 23 2859514
43 72 2859521
43 14 2859526
43 13 2859533
43 8 2859536
43 49 2859539
43 19 2859543
43 52 2859549
43 27 2859556
43 70 2859556
44 58 2859557
44 11 2859560
44 41 2859563
44 59 2859564
44 14 2859566
44 85 2859575
44 47 2859581
44 0 2859582
44 53 2859584
44 10 2859587
44 69 2859596
44 83 2859604
44 16 2859609
44 70 2859618
44 42 2859620
44 61 2859628
44 63 2859634
44 81 2859634
44 1 2859639
44 24 2859645
44 64 2859653
44 74 2859656
44 65 2859656
44 66 2859661
44 82 2859663
44 71 2859664
44 54 2859666
44 21 2859666
44 29 2859669
44 30 2859670
44 38 2859674
44 13 2859675
44 33 2859676
44 15 2859682
44 40 2859687
44 78 2859691
44 80 2859693
44 5 2859701
44 72 2859701
44 4 2859705
44 26 2859710
44 52 2859715
44 31 2859716
44 20 2859724
44 9 2859732
44 68 2859737
44 6 2859738
44 63 2859745
44 33 2859749
44 15 2859754
44 76 2859762
44 61 2859768
44 34 2859769
44 13 2859778
44 62 2859784
44 55 2859788
44 78 2859792
44 23 2859796
44 84 2859796
44 18 2859801
44 69 2859808
44 2 2859814
44 58 2859819
44 14 2859825
44 45 2859833
44 82 2859839
44 51 2859843
44 64 2859846
44 36 2859848
44 29 2859857
44 46 2859862
44 21 2859867
44 80 2859876
44 4 2859883
44 85 2859888
44 57 2859888
44 37 2859896
44 65 2859896
44 59 2859905
44 53 2859909
44 77 2859918
44 0 2859923
44 66 2859925
44 16 2859934
44 79 2859938
44 8 2859947
44 39 2859955
44 50 2859962
44 35 2859966
44 73 2859966
44 75 2859971
44 31 2859976
45 26 2859977
45 78 2859982
45 33 2859988
45 76 2859993
45 75 2860001
45 56 2860009
45 55 2860015
45 61 2860020
45 25 2860021
45 12 2860029
45 34 2860037
45 9 2860042
45 7 2860044
45 51 2860048
45 36 2860056
45 8 2860060
45 67 2860066
45 20 2860067
45 5 2860074
45 82 2860079
45 47 2860085
45 22 2860090
45 81 2860091
45 1 2860091
45 60 2860099
45 80 2860103
45 38 2860104
45 54 2860106
45 37 2860110
45 59 2860119
45 16 2860119
45 68 2860125
45 10 2860134
45 57 2860142
45 49 2860143
45 6 2860143
45 42 2860144
45 11 2860144
45 72 2860152
45 4 2860154
45 66 2860158
45 64 2860163
45 73 2860169
45 52 2860170
45 62 2860171
45 46 2860172
45 35 2860177
45 41 2860179
45 53 2860182
45 29 2860189
45 58 2860192
45 38 2860199
45 8 2860204
45 53 2860204
45 26 2860207
45 12 2860213
45 16 2860213
45 71 2860221
45 67 2860228
45 25 2860236
45 58 2860242
45 22 2860243
45 20 2860248
45 50 2860249
45 15 2860256
45 47 2860263
45 43 2860269
45 54 2860271
45 13 2860273
45 31 2860281
45 18 2860284
45 84 2860286
45 24 2860290
45 11 2860297
45 70 2860302
45 52 2860305
45 1 2860310
45 42 2860311
45 82 2860318
45 14 2860324
45 60 2860324
45 9 2860327
45 40 2860331
45 51 2860333
45 39 2860334
45 66 2860340
45 36 2860349
45 19 2860356
45 62 2860356
45 23 2860357
45 49 2860366
45 33 2860369
45 77 2860370
45 75 2860370
45 5 2860377
45 64 2860380
45 83 2860382
45 78 2860391
46 50 2860400
46 70 2860403
46 82 2860405
46 72 2860414
46 57 2860415
46 8 2860415
46 58 2860420
46 66 2860420
46 45 2860428
46 74 2860429
46 39 2860435
46 40 2860435
46 34 2860444
46 77 2860446
46 71 2860447
46 83 2860452
46 68 2860453
46 59 2860456
46 22 2860456
46 62 2860457
46 11 2860461
46 29 2860470
46 79 2860471
46 48 2860479
46 13 2860486
46 10 2860493
46 7 2860501
46 85 2860503
46 32 2860508
46 9 2860509
46 61 2860515
46 42 2860521
46 52 2860526
46 35 2860530
46 16 2860539
46 80 2860541
46 73 2860547
46 69 2860555
46 56 2860559
46 66 2860562
46 5 2860563
46 53 2860570
46 9 2860574
46 10 2860575
46 29 2860581
46 0 2860590
46 21 2860592
46 79 2860598
46 60 2860603
46 25 2860606
46 65 2860615
46 64 2860616
46 44 2860622
46 76 2860624
46 73 2860629
46 81 2860637
46 48 2860640
46 17 2860645
46 77 2860653
46 74 2860654
46 7 2860662
46 67 2860666
46 26 2860666
46 13 2860670
46 69 2860677
46 11 2860679
46 55 2860688
46 62 2860692
46 19 2860701
46 39 2860710
46 57 2860714
46 58 2860721
47 68 2860726
47 13 2860734
47 61 2860741
47 22 2860741
47 38 2860742
47 85 2860743
47 49 2860745
47 35 2860748
47 1 2860755
47 21 2860760
47 59 2860760
47 12 2860761
47 32 2860763
47 16 2860772
47 56 2860774
47 73 2860781
47 7 2860790
47 26 2860796
47 30 2860802
47 77 2860807
47 15 2860807
47 24 2860809
47 51 2860818
47 46 2860820
47 9 2860825
47 2 2860829
47 84 2860835
47 42 2860843
47 8 2860849
47 55 2860851
47 58 2860851
47 28 2860856
47 18 2860863
47 50 2860865
47 83 2860865
47 43 2860869
47 81 2860876
47 74 2860884
47 11 2860887
47 65 2860887
47 64 2860894
47 31 2860902
47 19 2860911
47 72 2860912
47 48 2860915
47 5 2860921
47 0 2860926
47 70 2860926
47 71 2860932
47 37 2860932
47 77 2860937
47 10 2860943
47 34 2860950
47 64 2860957
47 7 2860960
47 3 2860968
47 32 2860975
47 41 2860978
47 53 2860983
47 16 2860985
47 75 2860986
47 66 2860988
47 6 2860993
47 67 2860999
47 36 2861005
47 43 2861014
47 55 2861019
47 22 2861020
47 76 2861024
47 58 2861031
47 27 2861040
47 28 2861040
47 29 2861043
47 82 2861043
47 54 2861044
47 26 2861049
47 25 2861058
47 0 2861061
47 45 2861068
47 59 2861070
47 80 2861073
47 63 2861080
47 60 2861086
47 23 2861092
47 49 2861092
47 48 2861101
47 83 2861103
47 85 2861108
47 15 2861114
47 52 2861120
47 11 2861124
47 18 2861132
47 20 2861139
47 72 2861145
47 81 2861153
47 84 2861154
47 5 2861161
47 4 2861164
48 30 2861166
48 79 2861167
48 76 2861169
48 25 2861171
48 14 2861176
48 42 2861176
48 13 2861178
48 83 2861187
48 19 2861188
48 71 2861193
48 10 2861196
48 65 2861203
48 24 2861206
48 18 2861211
48 64 2861219
48 51 2861219
48 37 2861219
48 20 2861227
48 47 2861227
48 40 2861232
48 35 2861235
48 32 2861244
48 72 2861245
48 59 2861246
48 4 2861246
48 56 2861248
48 5 2861252
48 3 2861253
48 7 2861256
48 68 2861265
48 11 2861272
48 73 2861273
48 45 2861282
48 24 2861282
48 54 2861289
48 59 2861295
48 14 2861300
48 29 2861307
48 34 2861308
48 13 2861310
48 72 2861317
48 58 2861319
48 69 2861321
48 17 2861324
48 39 2861326
48 62 2861330
48 22 2861333
48 75 2861335
48 40 2861342
48 55 2861344
48 42 2861348
48 68 2861352
48 63 2861352
48 36 2861354
48 67 2861361
48 85 2861365
48 83 2861365
49 57 2861365
49 76 2861365
49 12 2861370
49 79 2861371
49 17 2861373
49 7 2861382
49 82 2861387
49 33 2861390
49 27 2861399
49 83 2861402
49 21 2861408
49 84 2861411
49 65 2861414
49 63 2861415
49 59 2861418
49 22 2861422
49 60 2861429
49 15 2861430
49 16 2861434
49 23 2861438
49 4 2861440
49 43 2861443
49 40 2861450
49 31 2861457
49 53 2861457
49 16 2861459
49 2 2861464
49 53 2861468
49 3 2861468
49 28 2861474
49 13 2861483
49 15 2861492
49 60 2861497
49 44 2861497
49 19 2861506
49 57 2861512
49 26 2861514
49 1 2861516
49 39 2861516
49 70 2861522
49 59 2861530
49 40 2861534
49 36 2861540
49 80 2861546
49 38 2861549
49 21 2861558
49 81 2861560
49 18 2861569
49 55 2861576
49 9 2861585
49 77 2861586
49 32 2861589
49 52 2861598
50 28 2861603
50 0 2861603
50 63 2861610
50 70 2861611
50 77 2861614
50 31 2861619
50 55 2861620
50 2 2861622
50 48 2861627
50 38 2861627
50 71 2861632
50 24 2861633
50 36 2861635
50 40 2861639
50 17 2861648
50 22 2861657
50 68 2861664
50 14 2861671
50 33 2861671
50 6 2861679
50 75 2861680
50 3 2861680
50 83 2861684
50 54 2861687
50 29 2861689
50 76 2861698
50 9 2861704
50 85 2861713
50 5 2861719
50 30 2861728
50 53 2861728
50 27 2861732
50 26 2861739
50 7 2861739
50 54 2861747
50 2 2861755
50 31 2861761
50 46 2861767
50 51 2861773
50 80 2861781
50 79 2861785
50 1 2861785
50 9 2861785
50 65 2861794
50 55 2861799
50 11 2861804
50 3 2861805
50 28 2861811
50 33 2861811
50 35 2861811
50 34 2861812
50 52 2861816
50 15 2861817
50 32 2861826
50 38 2861830
50 73 2861834
50 21 2861834
50 67 2861836
50 78 2861836
50 22 2861840
51 66 2861842
51 76 2861844
51 39 2861847
51 16 2861852
51 74 2861860
51 17 2861865
51 19 2861874
51 13 2861878
51 78 2861878
51 37 2861878
51 81 2861881
51 14 2861886
51 31 2861887
51 77 2861896
51 80 2861899
51 49 2861899
51 43 2861908
51 79 2861917
51 60 2861926
51 34 2861932
51 63 2861941
51 33 2861945
51 9 2861948
51 38 2861953
51 25 2861953
51 62 2861955
51 8 2861958
51 29 2861959
51 71 2861963
51 28 2861968
51 32 2861972
51 20 2861980
51 65 2861985
51 58 2861994
51 75 2861994
51 19 2862000
51 29 2862009
51 1 2862013
51 77 2862018
51 6 2862024
51 60 2862033
51 37 2862034
51 73 2862038
51 74 2862039
51 22 2862047
51 69 2862050
51 2 2862053
51 10 2862060
51 56 2862062
51 40 2862063
51 47 2862065
51 68 2862066
51 66 2862070
51 28 2862078
51 62 2862086
51 83 2862093
51 71 2862096
51 9 2862102
51 5 2862108
51 4 2862114
51 38 2862121
51 13 2862125
51 12 2862129
51 0 2862131
51 65 2862140
51 15 2862145
51 79 2862152
51 3 2862159
51 43 2862163
52 71 2862165
52 36 2862172
52 81 2862174
52 69 2862177
52 9 2862182
52 51 2862190
52 41 2862195
52 74 2862204
52 63 2862212
52 37 2862217
52 53 2862220
52 66 2862225
52 14 2862225
52 60 2862228
52 78 2862228
52 75 2862231
52 45 2862234
52 28 2862234
52 72 2862239
52 68 2862240
52 57 2862244
52 34 2862249
52 8 2862256
52 22 2862261
52 46 2862266
52 27 2862271
52 51 2862272
52 24 2862279
52 78 2862281
52 67 2862284
52 65 2862290
52 10 2862298
52 76 2862302
52 39 2862303
52 3 2862309
52 29 2862314
52 73 2862317
52 9 2862317
52 69 2862326
52 12 2862328
52 8 2862336
52 16 2862343
52 75 2862349
52 0 2862355
53 57 2862360
53 14 2862368
53 62 2862375
53 12 2862377
53 47 2862382
53 27 2862391
53 1 2862399
53 44 2862407
53 11 2862412
53 52 2862414
53 37 2862422
53 68 2862424
53 0 2862428
53 26 2862432
53 50 2862438
53 82 2862443
53 79 2862444
53 31 2862446
53 20 2862454
53 54 2862457
53 35 2862458
53 51 2862462
53 75 2862471
53 76 2862480
53 30 2862485
53 29 2862493
53 23 2862496
53 15 2862505
53 46 2862510
53 17 2862518
53 18 2862520
53 21 2862526
53 41 2862532
53 58 2862533
53 55 2862536
53 84 2862541
53 59 2862545
53 4 2862546
53 49 2862554
53 38 2862558
53 28 2862564
53 70 2862568
53 40 2862569
53 72 2862571
53 33 2862579
53 3 2862582
53 81 2862591
53 64 2862594
53 65 2862598
53 69 2862601
53 80 2862608
53 15 2862610
53 14 2862618
53 28 2862622
53 50 2862626
53 75 2862626
53 31 2862633
53 27 2862634
53 46 2862636
53 43 2862645
53 5 2862653
53 39 2862653
53 73 2862660
53 81 2862662
53 18 2862664
53 4 2862664
53 82 2862666
53 36 2862668
53 0 2862668
53 58 2862672
53 68 2862675
53 32 2862677
53 60 2862677
53 12 2862682
53 10 2862688
53 6 2862690
53 54 2862695
53 78 2862697
53 74 2862699
53 56 2862705
53 64 2862711
53 67 2862713
53 19 2862718
53 13 2862720
53 25 2862727
53 33 2862732
53 3 2862737
53 38 2862740
53 62 2862745
53 63 2862752
53 61 2862755
53 76 2862756
53 1 2862763
53 20 2862763
53 85 2862768
53 16 2862770
54 20 2862778
54 59 2862782
54 53 2862785
54 82 2862786
54 73 2862791
54 12 2862795
54 55 2862799
54 84 2862799
54 3 2862799
54 76 2862806
54 85 2862815
54 44 2862820
54 75 2862827
54 11 2862834
54 35 2862839
54 80 2862844
54 43 2862852
54 16 2862854
54 51 2862861
54 72 2862865
54 18 2862870
54 19 2862878
54 39 2862883
54 21 2862891
54 74 2862897
54 49 2862900
54 52 2862907
54 79 2862916
54 2 2862917
54 68 2862917
54 24 2862921
54 78 2862922
54 65 2862924
54 77 2862930
54 48 2862936
54 57 2862936
54 33 2862945
54 0 2862947
54 69 2862949
54 60 2862952
54 15 2862958
54 27 2862961
54 31 2862968
54 73 2862971
54 28 2862972
54 83 2862978
54 16 2862978
54 4 2862979
54 17 2862986
54 13 2862995
54 33 2863000
54 44 2863005
54 14 2863013
54 18 2863014
54 55 2863018
54 12 2863026
54 24 2863027
54 11 2863032
54 80 2863037
54 72 2863044
54 27 2863049
54 26 2863056
54 78 2863061
54 29 2863070
54 20 2863073
54 35 2863077
54 21 2863077
54 65 2863081
54 61 2863090
54 38 2863094
54 75 2863099
54 70 2863100
54 40 2863105
54 63 2863108
54 81 2863111
54 77 2863112
54 59 2863113
54 45 2863122
54 6 2863122
54 41 2863127
54 10 2863136
54 71 2863136
54 53 2863136
54 56 2863142
54 25 2863144
54 36 2863152
54 64 2863160
54 23 2863163
54 19 2863165
54 49 2863173
55 82 2863177
55 77 2863185
55 81 2863187
55 36 2863188
55 66 2863190
55 79 2863192
55 15 2863193
55 1 2863200
55 78 2863205
55 0 2863208
55 53 2863210
55 8 2863219
55 58 2863228
55 65 2863237
56 79 2863240
56 52 2863242
56 61 2863243
56 13 2863245
56 60 2863246
56 2 2863250
56 35 2863256
56 36 2863261
56 64 2863269
56 37 2863278
56 45 2863279
56 22 2863288
56 80 2863297
56 12 2863303
56 72 2863309
56 41 2863318
56 74 2863318
56 39 2863318
56 6 2863318
56 17 2863321
56 42 2863328
56 3 2863333
56 0 2863337
56 63 2863345
56 47 2863347
56 49 2863353
56 57 2863353
56 46 2863353
56 67 2863355
56 71 2863356
56 40 2863362
56 83 2863362
56 16 2863369
56 48 2863373
56 19 2863373
56 58 2863381
56 7 2863386
56 11 2863391
56 82 2863399
56 25 2863403
56 33 2863405
56 76 2863411
56 54 2863419
56 32 2863422
56 43 2863422
56 59 2863429
56 34 2863429
56 55 2863436
56 66 2863437
56 20 2863445
56 27 2863448
56 23 2863450
56 45 2863455
56 42 2863458
56 2 2863462
56 69 2863469
56 8 2863478
56 57 2863487
56 17 2863491
56 61 2863492
56 65 2863492
56 74 2863501
56 54 2863506
56 51 2863508
56 63 2863510
56 81 2863510
56 12 2863518
56 31 2863518
56 25 2863522
56 41 2863526
56 9 2863530
56 47 2863530
56 68 2863532
56 85 2863534
56 79 2863536
56 83 2863538
56 80 2863546
56 13 2863555
56 39 2863555
56 0 2863558
56 18 2863565
56 3 2863568
56 82 2863576
56 1 2863581
56 53 2863586
56 14 2863594
56 48 2863597
56 62 2863600
56 37 2863603
56 27 2863609
56 72 2863612
56 11 2863613
56 24 2863620
56 19 2863622
56 43 2863627
56 6 2863632
56 32 2863639
56 28 2863646
56 73 2863653
56 84 2863655
56 58 2863660
56 35 2863661
56 60 2863664
57 29 2863672
57 36 2863673
57 9 2863676
57 43 2863682
57 14 2863687
57 73 2863694
57 78 2863701
57 26 2863704
57 64 2863709
57 44 2863718
57 13 2863720
57 38 2863729
57 30 2863734
57 82 2863742
57 17 2863744
57 66 2863745
57 75 2863751
57 56 2863758
57 71 2863765
57 10 2863771
57 79 2863780
57 74 2863780
57 85 2863785
57 15 2863787
57 21 2863793
57 18 2863793
57 65 2863795
57 82 2863795
57 32 2863795
57 33 2863796
57 43 2863805
57 0 2863812
57 74 2863813
57 69 2863820
57 79 2863820
57 67 2863820
57 16 2863827
57 40 2863836
57 72 2863844
57 13 2863848
57 11 2863854
57 20 2863863
57 36 2863869
57 24 2863873
57 28 2863881
57 5 2863881
57 73 2863887
57 83 2863893
58 20 2863901
58 85 2863908
58 44 2863909
58 49 2863917
58 11 2863924
58 22 2863930
58 12 2863933
58 27 2863937
58 35 2863938
58 66 2863946
58 71 2863951
58 8 2863957
58 32 2863957
58 26 2863959
58 17 2863966
58 65 2863972
58 33 2863976
58 61 2863984
58 64 2863990
58 67 2863995
58 62 2864001
58 0 2864003
58 55 2864009
58 79 2864014
58 59 2864020
58 41 2864024
58 84 2864026
58 64 2864033
58 49 2864034
58 69 2864040
58 37 2864044
58 28 2864049
58 26 2864054
58 74 2864062
58 63 2864070
58 48 2864074
58 35 2864080
58 15 2864088
58 68 2864096
58 41 2864102
58 10 2864109
58 60 2864113
58 9 2864117
58 25 2864125
58 51 2864126
58 2 2864133
58 0 2864140
58 84 2864148
58 65 2864149
58 76 2864151
58 23 2864152
58 5 2864161
58 22 2864168
58 61 2864171
58 42 2864178
59 24 2864182
59 21 2864189
59 67 2864198
59 70 2864203
59 81 2864207
59 41 2864215
59 27 2864215
59 62 2864223
59 56 2864223
59 25 2864227
59 83 2864228
59 58 2864235
59 44 2864239
59 13 2864245
59 11 2864248
59 32 2864248
59 40 2864248
59 80 2864253
59 61 2864261
59 28 2864261
59 43 2864262
59 50 2864270
59 71 2864270
59 16 2864274
59 55 2864274
59 30 2864275
59 26 2864283
59 76 2864292
59 29 2864292
59 15 2864299
59 72 2864301
59 45 2864303
59 31 2864308
59 33 2864311
59 10 2864317
59 39 2864323
59 65 2864327
59 84 2864335
59 20 2864335
59 18 2864337
59 37 2864341
59 66 2864348
59 54 2864351
59 68 2864354
59 69 2864362
59 6 2864365
59 48 2864371
59 3 2864376
59 75 2864383
59 53 2864388
59 79 2864393
59 42 2864401
59 45 2864410
59 80 2864416
59 54 2864417
59 71 2864422
59 43 2864425
59 8 2864426
59 16 2864435
59 77 2864435
59 13 2864438
59 61 2864440
59 68 2864444
59 35 2864450
59 75 2864458
59 19 2864458
59 31 2864467
59 82 2864472
59 76 2864475
59 21 2864484
59 56 2864490
59 6 2864491
59 14 2864491
59 63 2864500
59 33 2864507
59 41 2864515
59 23 2864518
59 1 2864519
59 15 2864524
59 39 2864530
59 44 2864530
59 34 2864533
59 58 2864534
59 48 2864542
59 7 2864551
59 52 2864556
59 5 2864562
59 38 2864567
59 62 2864567
59 67 2864573
59 84 2864577
59 69 2864577
59 66 2864579
59 79 2864586
59 20 2864589
59 29 2864594
59 50 2864597
59 3 2864599
59 4 2864602
59 55 2864611
59 24 2864614
59 49 2864620
60 32 2864628
60 8 2864633
60 52 2864641
60 46 2864642
60 0 2864645
60 21 2864650
60 6 2864653
60 71 2864658
60 23 2864665
60 5 2864674
60 70 2864677
60 34 2864682
60 49 2864689
60 77 2864692
60 45 2864695
60 47 2864700
60 68 2864705
60 33 2864705
60 82 2864708
60 38 2864717
60 36 2864723
60 2 2864729
60 61 2864734
60 35 2864740
60 66 2864740
60 63 2864749
60 65 2864753
60 78 2864753
60 69 2864758
60 58 2864761
60 4 2864764
60 67 2864767
60 50 2864775
60 84 2864778
60 32 2864781
60 18 2864785
60 1 2864793
60 3 2864800
60 80 2864803
60 39 2864805
60 57 2864807
60 6 2864814
60 75 2864814
60 66 2864822
60 70 2864831
60 74 2864835
60 76 2864838
60 33 2864842
60 2 2864847
60 12 2864856
60 59 2864857
60 10 2864857
60 51 2864864
60 71 2864869
60 52 2864873
60 83 2864880
60 16 2864888
60 21 2864890
60 31 2864897
60 24 2864897
60 22 2864904
60 20 2864909
60 36 2864915
61 43 2864924
61 78 2864931
61 75 2864932
61 40 2864932
61 35 2864939
61 34 2864943
61 18 2864944
61 48 2864948
61 19 2864952
61 49 2864954
61 13 2864961
61 28 2864968
61 65 2864977
61 74 2864979
61 27 2864981
61 10 2864987
61 15 2864995
61 21 2864995
61 46 2865004
61 56 2865005
61 60 2865014
61 79 2865016
61 11 2865023
61 14 2865028
61 17 2865037
61 45 2865044
61 67 2865048
61 56 2865055
61 33 2865059
61 39 2865065
61 68 2865071
61 44 2865075
61 28 2865075
61 7 2865081
61 3 2865084
61 81 2865088
61 79 2865091
61 11 2865096
61 21 2865101
61 46 2865109
61 6 2865116
61 9 2865121
61 83 2865123
61 55 2865129
61 38 2865131
61 78 2865133
61 50 2865137
61 80 2865141
61 15 2865147
61 69 2865151
61 74 2865151
61 77 2865156
61 37 2865156
62 83 2865157
62 70 2865160
62 80 2865169
62 14 2865177
62 41 2865183
62 84 2865190
62 6 2865193
62 59 2865199
62 81 2865205
62 12 2865205
62 44 2865214
62 5 2865220
62 33 2865224
62 23 2865233
62 28 2865235
62 57 2865238
62 21 2865246
62 42 2865247
62 69 2865252
62 73 2865253
62 25 2865261
62 2 2865262
62 47 2865262
62 71 2865262
62 30 2865270
62 37 2865270
62 63 2865278
62 11 2865282
62 35 2865282
62 52 2865285
62 61 2865289
62 76 2865298
62 18 2865307
62 4 2865310
62 66 2865311
62 75 2865314
62 68 2865314
62 55 2865322
62 22 2865325
62 82 2865328
62 27 2865330
62 77 2865333
62 13 2865339
62 34 2865342
62 67 2865346
62 46 2865347
62 78 2865354
62 26 2865363
62 55 2865364
62 59 2865368
62 32 2865369
62 72 2865371
62 77 2865380
62 17 2865386
62 45 2865395
62 41 2865404
62 51 2865405
62 58 2865407
62 25 2865407
62 78 2865412
62 20 2865412
62 42 2865417
62 34 2865424
62 24 2865431
62 53 2865437
62 2 2865444
62 46 2865453
62 9 2865462
62 43 2865462
62 15 2865462
62 71 2865466
62 74 2865473
62 22 2865479
62 54 2865480
62 1 2865488
62 27 2865496
62 61 2865499
62 83 2865506
62 60 2865515
62 31 2865515
62 82 2865519
62 39 2865522
62 47 2865531
62 52 2865539
62 65 2865546
62 26 2865549
62 49 2865549
62 48 2865554
62 8 2865561
62 84 2865563
62 30 2865568
62 85 2865573
62 29 2865581
62 36 2865583
62 5 2865591
62 37 2865592
62 63 2865598
62 18 2865606
63 18 2865614
63 66 2865617
63 78 2865619
63 43 2865621
63 31 2865621
63 8 2865621
63 37 2865622
63 3 2865631
63 76 2865635
63 59 2865639
63 23 2865639
63 16 2865641
63 50 2865646
63 19 2865651
63 28 2865660
63 45 2865666
63 32 2865672
63 24 2865672
63 41 2865678
63 7 2865679
63 48 2865679
63 46 2865679
63 11 2865679
63 38 2865679
63 21 2865680
63 12 2865689
63 53 2865698
63 42 2865698
63 74 2865698
63 56 2865707
63 49 2865711
63 36 2865719
63 29 2865720
63 72 2865726
63 26 2865726
63 64 2865732
63 68 2865739
63 22 2865739
63 20 2865748
63 35 2865752
63 6 2865759
63 84 2865759
63 61 2865760
63 73 2865768
63 39 2865774
63 62 2865783
63 69 2865790
63 0 2865792
63 55 2865793
63 14 2865799
63 59 2865807
63 10 2865814
63 80 2865819
63 64 2865828
63 51 2865837
63 85 2865844
63 11 2865850
63 24 2865856
63 55 2865865
63 33 2865868
63 30 2865874
63 71 2865883
63 72 2865883
63 42 2865886
63 47 2865888
63 79 2865897
63 48 2865897
63 46 2865903
63 5 2865904
63 77 2865904
63 74 2865908
63 43 2865914
63 66 2865919
63 2 2865920
63 31 2865923
63 41 2865932
63 70 2865935
63 81 2865943
63 53 2865949
63 57 2865951
63 23 2865951
63 34 2865952
63 39 2865956
63 19 2865958
63 38 2865963
63 56 2865963
63 58 2865972
63 36 2865974
63 44 2865976
63 29 2865978
63 12 2865983
63 6 2865990
63 8 2865992
63 7 2865995
63 9 2865997
63 13 2866006
63 18 2866011
63 76 2866011
64 37 2866014
64 80 2866020
64 31 2866025
64 82 2866030
64 83 2866039
64 62 2866039
64 72 2866045
64 0 2866049
64 39 2866050
64 65 2866056
64 25 2866060
64 43 2866063
64 28 2866069
64 24 2866077
64 27 2866081
64 41 2866089
64 73 2866092
64 19 2866092
64 68 2866098
64 14 2866107
64 30 2866116
64 47 2866120
64 76 2866127
64 16 2866130
64 18 2866134
64 67 2866137
64 15 2866146
64 85 2866154
64 2 2866160
64 50 2866164
64 45 2866170
64 76 2866171
64 55 2866174
64 7 2866175
64 35 2866176
64 80 2866180
64 13 2866181
64 71 2866184
64 79 2866190
64 85 2866193
64 66 2866197
64 36 2866202
64 14 2866209
64 83 2866215
64 39 2866220
64 31 2866227
64 17 2866231
64 22 2866237
64 57 2866244
64 12 2866246
64 30 2866251
64 23 2866260
64 60 2866266
64 10 2866274
64 24 2866280
64 75 2866284
64 21 2866284
64 52 2866291
64 48 2866297
64 4 2866299
64 20 2866301
64 2 2866307
64 70 2866311
64 67 2866319
64 3 2866322
64 19 2866322
64 37 2866325
65 33 2866332
65 41 2866338
65 8 2866341
65 1 2866349
65 84 2866353
65 60 2866360
65 44 2866364
65 19 2866366
65 23 2866375
65 29 2866378
65 57 2866384
65 81 2866389
65 6 2866395
65 73 2866395
65 20 2866396
65 35 2866400
65 70 2866407
65 40 2866410
65 27 2866410
65 54 2866411
65 77 2866417
65 49 2866419
65 61 2866425
65 15 2866425
65 71 2866434
65 84 2866436
65 32 2866442
65 22 2866449
65 17 2866451
65 46 2866456
65 72 2866458
65 58 2866460
65 61 2866466
65 45 2866475
65 27 2866483
65 82 2866484
65 76 2866486
65 50 2866492
65 2 2866496
65 63 2866499
65 0 2866508
65 83 2866513
65 21 2866521
65 39 2866526
65 52 2866532
66 46 2866541
66 42 2866549
66 9 2866550
66 45 2866555
66 36 2866558
66 25 2866562
66 75 2866568
66 24 2866570
66 10 2866575
66 79 2866581
66 3 2866587
66 16 2866594
66 64 2866597
66 41 2866597
66 14 2866601
66 12 2866610
66 23 2866618
66 17 2866622
66 26 2866623
66 51 2866630
66 72 2866637
66 27 2866643
66 18 2866647
66 85 2866651
66 55 2866654
66 84 2866657
66 70 2866663
66 53 2866670
66 20 2866676
66 40 2866682
66 80 2866690
66 38 2866691
66 71 2866696
66 82 2866704
66 74 2866706
66 28 2866712
66 69 2866712
66 6 2866712
66 33 2866714
66 78 2866722
66 65 2866728
66 15 2866731
66 47 2866733
66 22 2866740
66 1 2866746
66 11 2866755
66 31 2866762
66 43 2866765
66 74 2866774
66 75 2866781
66 78 2866789
66 55 2866795
66 29 2866798
66 77 2866803
66 57 2866804
66 85 2866813
66 0 2866822
66 37 2866826
66 8 2866831
66 48 2866834
66 42 2866842
66 54 2866844
66 25 2866853
66 27 2866861
66 49 2866867
66 28 2866868
66 41 2866870
66 32 2866872
66 21 2866879
66 39 2866882
66 12 2866885
66 58 2866890
66 47 2866892
66 15 2866898
66 84 2866898
66 23 2866901
66 79 2866908
66 70 2866910
66 5 2866915
66 36 2866917
66 64 2866918
66 4 2866921
66 24 2866926
66 22 2866930
66 65 2866935
66 26 2866942
66 53 2866943
66 76 2866947
66 7 2866953
66 56 2866956
66 3 2866957
66 59 2866959
66 51 2866962
67 73 2866969
67 27 2866972
67 5 2866976
67 58 2866984
67 1 2866991
67 49 2866992
67 7 2866995
67 81 2866995
67 6 2867002
67 71 2867011
67 10 2867015
67 62 2867024
67 85 2867031
67 76 2867039
67 70 2867046
67 50 2867046
67 60 2867048
67 45 2867055
67 46 2867060
67 12 2867065
67 26 2867072
67 41 2867073
67 61 2867079
67 39 2867084
67 16 2867088
67 17 2867090
67 80 2867096
67 19 2867100
67 59 2867103
67 54 2867106
67 53 2867113
67 22 2867122
67 48 2867130
67 0 2867137
67 21 2867143
67 18 2867149
67 13 2867155
67 51 2867159
67 72 2867165
67 38 2867170
67 79 2867172
67 2 2867178
67 15 2867187
67 29 2867187
67 72 2867190
67 14 2867190
67 56 2867190
67 6 2867192
67 22 2867201
67 41 2867206
67 58 2867213
67 76 2867217
67 81 2867218
67 17 2867225
67 61 2867228
67 31 2867229
67 85 2867237
67 60 2867238
67 59 2867240
67 83 2867240
67 27 2867244
67 4 2867247
67 70 2867250
67 77 2867254
67 75 2867257
67 68 2867258
67 63 2867260
67 12 2867269
67 30 2867278
67 54 2867280
67 34 2867284
67 69 2867291
67 65 2867293
67 42 2867299
67 33 2867301
67 79 2867303
67 28 2867312
67 84 2867313
67 73 2867320
67 47 2867326
67 19 2867327
67 43 2867331
67 21 2867340
67 82 2867347
68 35 2867347
68 9 2867354
68 44 2867358
68 18 2867360
68 30 2867368
68 3 2867369
68 36 2867373
68 78 2867376
68 55 2867383
68 59 2867387
68 31 2867393
68 48 2867395
68 57 2867404
68 40 2867406
68 1 2867412
68 74 2867420
68 17 2867421
68 70 2867429
68 14 2867437
68 8 2867440
68 80 2867448
68 66 2867456
68 84 2867461
68 29 2867470
68 38 2867476
68 39 2867482
68 11 2867484
68 73 2867487
68 41 2867491
68 51 2867492
68 22 2867497
68 85 2867500
68 13 2867503
68 23 2867506
68 56 2867511
68 5 2867520
68 42 2867523
68 81 2867532
68 47 2867535
68 4 2867535
68 16 2867539
68 10 2867546
68 51 2867548
68 40 2867557
68 53 2867566
68 28 2867568
68 67 2867572
68 80 2867580
68 83 2867587
68 12 2867587
68 82 2867592
68 8 2867601
68 16 2867606
68 79 2867607
68 73 2867614
68 39 2867614
68 71 2867614
68 1 2867618
68 22 2867622
68 27 2867625
68 45 2867634
68 20 2867635
68 50 2867643
68 35 2867648
68 15 2867651
68 75 2867653
68 58 2867657
68 49 2867658
68 36 2867666
68 13 2867674
68 6 2867676
68 14 2867683
68 43 2867683
68 65 2867683
68 34 2867688
68 70 2867697
68 84 2867706
68 26 2867712
68 0 2867721
68 32 2867724
68 10 2867733
68 31 2867742
68 66 2867750
68 64 2867757
68 21 2867766
69 50 2867767
69 48 2867768
69 49 2867777
69 0 2867781
69 81 2867790
69 37 2867793
69 61 2867794
69 42 2867802
69 70 2867808
69 40 2867814
69 41 2867818
69 11 2867820
69 31 2867824
69 29 2867826
69 39 2867832
69 63 2867840
69 85 2867846
69 3 2867850
69 67 2867855
69 10 2867861
69 54 2867862
69 22 2867866
69 64 2867870
69 62 2867874
69 28 2867875
69 38 2867883
69 53 2867890
69 65 2867893
69 77 2867893
69 43 2867897
69 6 2867897
69 72 2867897
69 82 2867898
69 5 2867906
69 14 2867910
69 74 2867916
69 13 2867922
69 76 2867931
69 73 2867933
69 1 2867938
69 21 2867938
69 30 2867944
69 12 2867953
69 71 2867953
69 76 2867960
69 28 2867968
69 17 2867968
69 39 2867975
69 32 2867980
69 67 2867982
69 2 2867983
69 70 2867983
69 0 2867992
69 56 2867994
69 26 2868000
69 15 2868002
69 31 2868002
69 23 2868004
69 64 2868012
69 61 2868015
69 42 2868016
69 25 2868020
69 10 2868024
69 41 2868029
69 68 2868037
69 30 2868039
69 50 2868047
69 53 2868051
69 79 2868054
69 47 2868055
69 62 2868064
69 37 2868066
69 65 2868070
69 49 2868079
69 54 2868079
69 77 2868085
69 36 2868087
69 19 2868093
69 81 2868095
69 34 2868099
69 16 2868104
69 80 2868111
69 18 2868112
69 58 2868113
69 5 2868119
70 46 2868124
70 66 2868130
70 67 2868136
70 48 2868141
70 30 2868149
70 19 2868152
70 47 2868157
70 13 2868166
70 21 2868169
70 75 2868177
70 22 2868177
70 49 2868180
70 5 2868180
71 81 2868187
71 25 2868188
71 65 2868188
71 73 2868190
71 54 2868190
71 38 2868192
71 84 2868192
71 35 2868200
71 45 2868204
71 33 2868211
71 53 2868219
71 75 2868221
71 66 2868223
71 23 2868232
71 44 2868235
71 58 2868236
71 36 2868241
71 27 2868250
71 11 2868252
71 5 2868253
71 69 2868256
71 34 2868261
71 22 2868263
71 78 2868270
71 59 2868276
71 26 2868284
71 12 2868284
71 29 2868285
71 50 2868290
71 83 2868292
71 40 2868295
71 37 2868300
71 64 2868304
71 51 2868310
71 1 2868319
71 76 2868326
71 42 2868330
71 57 2868338
71 85 2868341
71 62 2868342
71 10 2868344
71 47 2868353
71 15 2868357
71 52 2868358
71 18 2868358
71 61 2868365
71 48 2868374
71 31 2868382
71 16 2868382
71 60 2868390
71 82 2868393
71 19 2868401
71 0 2868401
71 17 2868409
71 42 2868409
71 66 2868416
71 63 2868419
71 34 2868428
71 0 2868432
71 52 2868434
71 82 2868441
71 17 2868450
71 81 2868452
71 30 2868453
71 37 2868454
71 69 2868461
71 41 2868463
71 48 2868471
71 59 2868477
71 8 2868478
71 72 2868486
71 12 2868493
71 78 2868499
71 68 2868505
71 67 2868506
71 85 2868514
71 27 2868520
71 56 2868529
71 61 2868529
71 26 2868529
71 75 2868537
71 39 2868544
71 3 2868549
71 79 2868551
71 1 2868554
71 44 2868559
71 18 2868560
71 9 2868569
71 28 2868576
71 74 2868584
71 31 2868592
71 40 2868595
71 13 2868600
71 19 2868602
71 4 2868605
71 80 2868612
71 11 2868620
71 16 2868620
71 47 2868626
71 15 2868633
71 36 2868635
72 48 2868641
72 39 2868641
72 55 2868645
72 30 2868647
72 10 2868654
72 52 2868659
72 21 2868661
72 38 2868670
72 4 2868679
72 68 2868687
72 28 2868689
72 32 2868695
72 77 2868697
72 40 2868701
72 1 2868707
72 25 2868712
72 17 2868712
72 7 2868716
72 81 2868722
72 27 2868725
72 19 2868728
72 22 2868737
72 67 2868746
72 74 2868755
72 42 2868759
72 62 2868765
72 45 2868766
72 43 2868772
72 33 2868772
72 3 2868773
72 29 2868775
72 16 2868776
72 51 2868779
72 14 2868783
72 23 2868792
72 84 2868792
72 58 2868795
72 36 2868802
72 85 2868809
72 9 2868816
72 2 2868817
72 12 2868826
72 34 2868834
72 83 2868840
72 11 2868842
72 60 2868842
72 31 2868847
72 37 2868849
72 41 2868852
72 73 2868856
72 82 2868858
72 54 2868860
72 35 2868867
72 66 2868868
72 39 2868871
72 65 2868879
72 66 2868880
72 3 2868880
72 31 2868885
72 42 2868886
72 28 2868889
72 5 2868893
72 76 2868893
72 38 2868893
72 71 2868899
72 80 2868906
72 49 2868907
72 55 2868907
72 67 2868907
72 11 2868913
72 1 2868922
72 8 2868924
72 62 2868924
72 78 2868924
72 24 2868929
72 59 2868931
72 37 2868938
72 61 2868939
72 15 2868941
72 69 2868950
72 21 2868951
72 44 2868960
72 4 2868961
72 64 2868962
72 40 2868966
72 43 2868968
72 10 2868971
72 79 2868977
72 45 2868979
72 25 2868979
72 50 2868983
72 34 2868989
72 13 2868994
72 51 2869003
72 70 2869010
72 83 2869017
72 22 2869017
72 6 2869021
72 26 2869022
72 2 2869031
72 35 2869037
72 46 2869046
72 57 2869053
72 17 2869054
72 53 2869062
72 20 2869066
72 36 2869075
73 13 2869080
73 75 2869083
73 25 2869088
73 47 2869089
73 61 2869093
73 36 2869099
73 66 2869106
73 49 2869107
73 12 2869108
73 67 2869111
73 24 2869119
73 44 2869124
73 23 2869131
73 20 2869136
73 72 2869137
73 30 2869138
73 46 2869138
73 3 2869145
73 27 2869145
73 21 2869149
73 79 2869150
73 54 2869159
73 20 2869162
73 26 2869170
73 62 2869177
73 2 2869186
73 29 2869187
73 56 2869193
73 85 2869194
73 9 2869198
73 5 2869200
73 72 2869205
73 35 2869214
73 60 2869217
73 10 2869222
73 23 2869224
73 11 2869229
73 47 2869238
73 32 2869241
73 28 2869250
73 25 2869255
73 21 2869259
74 15 2869268
74 85 2869274
74 37 2869279
74 59 2869281
74 80 2869289
74 34 2869296
74 17 2869303
74 5 2869310
74 14 2869315
74 68 2869320
74 63 2869322
74 53 2869330
74 49 2869332
74 60 2869340
74 29 2869344
74 84 2869348
74 32 2869355
74 57 2869362
74 61 2869368
74 48 2869377
74 64 2869383
74 44 2869385
74 45 2869390
74 9 2869392
74 73 2869399
74 77 2869401
74 7 2869406
74 56 2869413
74 39 2869421
74 83 2869428
74 75 2869437
74 65 2869445
74 4 2869446
74 35 2869447
74 79 2869452
74 36 2869459
74 2 2869459
74 30 2869464
74 23 2869473
74 76 2869475
74 32 2869478
74 82 2869485
74 13 2869488
74 78 2869493
74 8 2869494
74 44 2869501
74 24 2869503
74 80 2869503
74 35 2869504
74 47 2869504
74 33 2869513
74 27 2869518
74 71 2869522
74 67 2869523
74 25 2869532
74 36 2869540
74 9 2869545
74 55 2869548
74 19 2869549
74 65 2869556
74 3 2869557
74 53 2869562
74 84 2869566
74 77 2869572
74 37 2869575
74 51 2869576
74 54 2869580
74 68 2869580
74 16 2869589
74 5 2869592
74 39 2869600
74 21 2869606
74 29 2869610
74 2 2869619
74 31 2869619
74 45 2869623
74 69 2869627
74 85 2869631
75 52 2869639
75 78 2869648
75 63 2869650
75 20 2869658
75 66 2869663
75 34 2869670
75 15 2869670
75 71 2869679
75 58 2869687
75 36 2869688
75 50 2869689
75 57 2869692
75 83 2869692
75 77 2869695
75 56 2869696
75 85 2869704
75 74 2869710
75 7 2869712
75 11 2869720
75 54 2869722
76 39 2869728
76 80 2869732
76 11 2869741
76 75 2869744
76 3 2869746
76 33 2869752
76 47 2869752
76 84 2869759
76 31 2869766
76 28 2869771
76 9 2869771
76 21 2869776
76 5 2869784
76 85 2869789
76 1 2869798
76 71 2869806
76 13 2869810
76 63 2869810
76 57 2869812
76 79 2869816
76 59 2869816
76 46 2869819
76 42 2869824
76 80 2869829
76 21 2869830
76 23 2869838
76 39 2869838
76 35 2869841
76 31 2869849
76 56 2869855
76 83 2869862
76 40 2869869
77 9 2869878
77 0 2869884
77 76 2869892
77 41 2869897
77 42 2869897
77 65 2869898
77 84 2869898
77 49 2869904
77 15 2869913
77 47 2869920
77 28 2869926
77 78 2869928
77 73 2869937
77 10 2869941
77 63 2869948
77 50 2869957
77 26 2869957
77 55 2869958
77 39 2869958
77 32 2869963
77 6 2869964
77 23 2869970
77 3 2869978
77 12 2869985
77 57 2869992
77 66 2869993
77 68 2870002
77 11 2870011
77 74 2870014
77 75 2870019
78 31 2870023
78 53 2870029
78 85 2870033
78 27 2870034
78 8 2870036
78 7 2870039
78 37 2870041
78 14 2870050
78 16 2870055
78 64 2870061
78 84 2870070
78 42 2870071
78 59 2870074
78 72 2870082
78 80 2870085
78 33 2870091
78 4 2870095
78 34 2870097
78 45 2870100
78 61 2870103
78 75 2870105
78 54 2870106
78 28 2870109
78 22 2870117
78 81 2870120
78 83 2870122
78 49 2870127
78 65 2870127
78 53 2870130
78 41 2870133
78 84 2870138
78 51 2870140
78 22 2870144
78 25 2870144
78 7 2870153
78 28 2870153
78 82 2870159
78 19 2870166
78 32 2870175
78 6 2870182
78 62 2870182
78 52 2870186
78 24 2870190
78 20 2870199
78 17 2870204
78 76 2870212
78 72 2870216
78 21 2870224
78 43 2870225
78 12 2870225
78 18 2870230
78 55 2870236
78 64 2870237
78 9 2870239
78 4 2870243
78 48 2870251
78 10 2870259
78 23 2870259
79 44 2870261
79 0 2870264
79 80 2870271
79 27 2870278
79 39 2870287
79 7 2870289
79 60 2870295
79 2 2870303
79 55 2870308
79 15 2870309
80 58 2870313
80 83 2870315
80 0 2870321
80 56 2870325
80 34 2870331
80 70 2870336
80 10 2870344
80 84 2870347
80 76 2870347
80 47 2870355
80 2 2870364
80 52 2870368
80 14 2870369
80 59 2870378
80 51 2870379
80 71 2870383
80 5 2870383
80 22 2870386
80 6 2870389
80 77 2870397
80 61 2870402
80 15 2870405
80 28 2870409
80 75 2870409
80 33 2870409
80 85 2870416
80 29 2870423
80 35 2870430
80 67 2870430
80 32 2870437
80 43 2870441
80 62 2870450
80 23 2870458
80 54 2870459
80 73 2870463
80 79 2870470
80 13 2870471
80 4 2870476
80 68 2870477
80 37 2870480
80 74 2870486
80 40 2870489
80 45 2870496
80 21 2870504
80 22 2870510
80 76 2870517
80 19 2870520
80 77 2870523
80 52 2870530
80 26 2870533
80 72 2870534
80 63 2870542
80 5 2870546
80 65 2870554
80 54 2870559
80 64 2870561
80 15 2870570
80 43 2870573
80 11 2870576
80 61 2870580
80 12 2870581
80 81 2870585
80 3 2870594
80 34 2870601
80 50 2870608
80 53 2870609
80 32 2870609
80 9 2870617
80 69 2870622
80 78 2870627
80 67 2870631
80 24 2870637
80 17 2870645
80 56 2870648
80 73 2870649
80 16 2870654
80 18 2870655
80 13 2870663
80 47 2870670
80 25 2870679
80 85 2870685
80 60 2870687
80 57 2870692
80 68 2870701
80 35 2870710
81 22 2870711
81 41 2870720
81 27 2870721
81 78 2870730
81 31 2870739
81 9 2870741
81 72 2870749
81 17 2870757
81 68 2870760
81 5 2870761
81 52 2870767
81 26 2870768
81 33 2870768
81 29 2870770
81 55 2870777
81 71 2870778
81 53 2870781
81 30 2870781
81 11 2870782
81 42 2870784
81 62 2870791
81 24 2870794
81 45 2870795
81 32 2870801
81 15 2870807
81 1 2870809
81 31 2870816
81 8 2870821
81 3 2870822
81 82 2870830
81 18 2870830
81 7 2870831
81 74 2870831
81 44 2870837
81 57 2870846
81 19 2870853
81 16 2870861
81 40 2870865
81 59 2870868
81 67 2870872
81 63 2870875
81 12 2870877
81 14 2870879
82 62 2870887
82 54 2870887
82 80 2870888
82 64 2870896
82 11 2870905
82 85 2870913
82 32 2870915
82 0 2870917
82 22 2870924
82 24 2870927
82 8 2870931
82 46 2870935
82 25 2870938
82 73 2870943
82 15 2870948
82 39 2870949
82 69 2870958
82 81 2870964
82 23 2870970
82 13 2870972
82 37 2870978
82 31 2870978
82 58 2870983
82 79 2870989
82 17 2870993
82 78 2870995
82 3 2871004
82 21 2871007
82 36 2871009
82 26 2871016
82 50 2871017
82 40 2871021
82 37 2871021
82 63 2871022
82 2 2871022
82 36 2871025
82 42 2871034
82 6 2871040
82 57 2871048
82 60 2871050
82 58 2871059
82 51 2871067
82 76 2871069
82 16 2871069
82 21 2871072
82 66 2871075
82 44 2871075
82 24 2871079
82 54 2871085
82 5 2871093
82 65 2871098
82 28 2871107
82 19 2871115
82 71 2871121
82 50 2871127
82 56 2871129
82 18 2871137
82 26 2871145
82 78 2871153
82 84 2871156
82 9 2871162
83 55 2871166
83 69 2871170
83 27 2871170
83 56 2871171
84 67 2871173
84 38 2871176
84 6 2871177
84 21 2871181
84 85 2871181
84 56 2871181
84 24 2871185
84 74 2871192
84 10 2871200
84 65 2871203
84 77 2871203
84 9 2871204
84 33 2871212
84 3 2871214
84 59 2871219
84 40 2871227
84 36 2871233
84 71 2871233
84 62 2871233
84 80 2871235
84 39 2871239
84 41 2871242
84 75 2871246
84 76 2871249
84 7 2871258
84 28 2871267
84 18 2871271
84 47 2871277
84 52 2871281
84 2 2871286
84 30 2871288
84 29 2871296
84 68 2871299
84 23 2871307
84 57 2871316
84 58 2871322
84 15 2871331
84 19 2871335
84 69 2871339
84 50 2871346
84 12 2871351
84 37 2871360
84 34 2871364
84 11 2871365
84 8 2871374
84 66 2871378
84 8 2871382
84 47 2871383
84 20 2871389
84 82 2871395
84 79 2871395
84 53 2871401
84 27 2871404
84 51 2871407
84 4 2871407
84 25 2871415
84 41 2871418
84 16 2871422
84 71 2871431
84 12 2871434
84 70 2871434
84 33 2871443
84 45 2871450
84 76 2871451
84 85 2871455
84 75 2871462
84 28 2871466
84 24 2871472
84 6 2871478
84 2 2871479
84 15 2871479
84 63 2871484
84 77 2871493
84 31 2871493
84 62 2871498
84 69 2871506
84 5 2871515
84 72 2871523
84 29 2871523
84 80 2871524
84 38 2871524
84 11 2871524
84 61 2871533
84 30 2871539
84 50 2871547
84 59 2871553
84 58 2871560
84 78 2871565
85 36 2871567
85 57 2871567
85 82 2871568
85 41 2871577
85 12 2871580
85 66 2871580
85 16 2871589
85 3 2871593
85 63 2871600
85 76 2871608
85 83 2871608
85 17 2871612
85 10 2871612
85 1 2871618
85 60 2871626
85 69 2871626
85 59 2871628
85 37 2871636
85 47 2871636
85 64 2871645
85 72 2871654
85 62 2871663
85 54 2871666
85 4 2871668
85 75 2871673
85 58 2871682
85 21 2871683
85 29 2871686
85 15 2871690
85 44 2871693
85 20 2871698
85 11 2871706
85 56 2871706
85 19 2871706
85 28 2871715
85 42 2871715
85 18 2871716
85 41 2871723
85 58 2871729
85 66 2871732
85 54 2871741
85 79 2871743
85 84 2871748
85 47 2871755
85 5 2871763
85 67 2871766
85 48 2871767
85 76 2871773
85 51 2871778
85 60 2871787
85 77 2871790
85 56 2871792
85 32 2871800
85 40 2871804
85 9 2871809
85 49 2871809
85 4 2871815
85 50 2871820
85 23 2871829
85 31 2871829
85 45 2871830
85 12 2871839
85 71 2871843
85 63 2871851
85 3 2871852
85 35 2871854
85 39 2871859
85 24 2871867
85 21 2871874
85 1 2871881
85 16 2871889
85 0 2871896
85 78 2871903
85 73 2871910
