9
false
0 7 3061
0 1 3066
0 3 3070
0 4 3074
1 8 3074
1 7 3074
1 6 3078
1 2 3080
1 3 3088
1 4 3095
1 6 3104
1 4 3111
1 5 3116
1 8 3120
1 0 3121
2 4 3126
2 3 3128
2 1 3132
2 8 3133
2 5 3135
2 7 3136
2 4 3142
3 5 3145
3 1 3149
3 6 3158
3 8 3158
3 2 3165
3 6 3170
3 4 3173
3 7 3180
3 8 3180
4 3 3182
4 6 3184
4 1 3189
4 0 3197
4 8 3202
4 7 3204
4 3 3209
4 6 3212
4 2 3217
5 8 3217
6 3 3220
6 1 3220
6 2 3221
6 8 3226
6 5 3228
6 0 3237
6 5 3246
6 3 3250
6 2 3254
6 8 3255
6 4 3262
6 7 3270
7 3 3275
7 1 3275
7 2 3278
7 0 3285
7 5 3290
7 1 3290
7 4 3295
7 2 3296
7 5 3302
8 5 3306
8 2 3311
8 6 3316
8 7 3323
8 0 3325
8 6 3330
8 4 3337
8 7 3346
8 3 3352
