91
false
0 74 3367871
0 86 3367878
0 69 3367878
0 87 3367879
0 38 3367883
0 16 3367885
0 29 3367888
0 31 3367889
0 9 3367895
0 59 3367895
0 54 3367900
0 22 3367902
0 65 3367910
0 42 3367915
0 50 3367918
0 3 3367925
0 13 3367927
0 33 3367934
0 12 3367943
0 8 3367950
0 51 3367957
0 72 3367964
0 70 3367965
0 15 3367971
0 68 3367978
0 37 3367984
0 66 3367990
0 90 3367990
0 63 3367998
0 83 3368007
0 45 3368016
0 15 3368023
0 62 3368027
0 80 3368030
0 53 3368039
0 34 3368047
0 59 3368050
0 17 3368050
0 57 3368050
0 33 3368055
0 44 3368062
0 40 3368068
0 21 3368074
0 60 3368074
0 48 3368079
0 5 3368086
0 38 3368086
0 18 3368089
0 9 3368091
0 32 3368095
0 4 3368102
0 43 3368110
0 39 3368113
1 51 3368119
1 69 3368123
1 9 3368126
1 49 3368126
1 19 3368133
1 82 3368141
1 66 3368143
1 27 3368150
1 31 3368155
1 52 3368157
1 39 3368164
1 68 3368169
1 63 3368172
1 32 3368175
1 23 3368183
1 22 3368192
1 65 3368192
1 81 3368197
1 25 3368202
1 59 3368209
1 67 3368218
1 53 3368225
1 72 3368233
1 13 3368242
1 35 3368249
1 61 3368249
1 55 3368256
1 24 3368264
1 3 3368269
1 57 3368269
1 15 3368278
1 54 3368286
1 89 3368286
1 34 3368291
1 77 3368294
1 17 3368300
1 83 3368301
1 56 3368309
1 46 3368315
1 33 3368319
1 58 3368327
1 36 3368327
1 44 3368327
1 42 3368327
1 86 3368334
1 40 3368340
1 12 3368341
1 63 3368346
1 38 3368347
1 68 3368350
1 50 3368352
1 82 3368357
1 83 3368359
1 31 3368359
1 87 3368366
1 47 3368373
1 42 3368380
1 59 3368380
1 22 3368388
1 26 3368393
1 32 3368398
1 55 3368398
1 76 3368398
1 16 3368403
1 89 3368410
1 80 3368412
1 65 3368419
1 85 3368428
1 29 3368429
1 51 3368438
1 73 3368440
1 39 3368448
1 21 3368449
1 66 3368450
1 33 3368459
1 23 3368465
1 12 3368470
1 60 3368475
1 52 3368476
1 5 3368483
1 35 3368485
1 64 3368490
1 79 3368495
1 45 3368500
1 71 3368508
1 88 3368512
1 78 3368512
1 8 3368516
1 44 3368521
1 6 3368529
2 59 3368536
2 68 3368543
2 45 3368550
2 78 3368558
2 64 3368559
2 81 3368566
2 89 3368566
2 37 3368567
2 18 3368571
2 51 3368572
2 19 3368577
2 28 3368585
2 44 3368586
2 39 3368594
2 14 3368595
2 57 3368601
2 66 3368609
2 85 3368613
2 76 3368621
2 75 3368627
2 23 3368633
2 0 3368638
2 35 3368638
2 46 3368647
2 60 3368653
2 52 3368657
2 1 3368660
2 25 3368667
2 42 3368668
2 12 3368674
2 31 3368674
2 67 3368678
2 36 3368679
2 54 3368688
2 30 3368695
2 4 3368701
2 3 3368707
2 23 3368711
2 36 3368720
2 10 3368720
2 75 3368720
2 4 3368727
2 79 3368727
2 12 3368735
2 71 3368735
2 5 3368738
2 86 3368744
2 24 3368748
2 31 3368756
2 22 3368757
2 82 3368762
2 0 3368767
2 41 3368776
2 66 3368777
2 87 3368778
2 80 3368784
2 32 3368792
2 89 3368793
2 44 3368796
2 54 3368804
2 21 3368809
2 28 3368815
2 30 3368815
2 60 3368815
2 47 3368824
2 77 3368827
2 29 3368835
2 84 3368836
2 85 3368840
2 57 3368848
3 55 3368849
3 24 3368856
3 39 3368864
3 49 3368872
3 54 3368876
3 15 3368880
3 63 3368881
3 8 3368881
3 17 3368884
3 30 3368890
3 38 3368898
3 68 3368900
3 48 3368907
3 14 3368914
3 18 3368915
3 10 3368918
3 47 3368927
3 72 3368935
3 51 3368937
3 43 3368940
3 28 3368943
3 70 3368946
3 2 3368949
3 23 3368957
3 56 3368965
3 20 3368973
3 59 3368976
3 53 3368976
3 78 3368980
3 46 3368987
3 75 3368993
3 19 3368998
3 29 3368998
3 71 3369006
3 87 3369006
3 66 3369009
3 37 3369016
3 13 3369016
3 25 3369022
3 41 3369026
3 4 3369026
3 9 3369030
3 62 3369036
3 22 3369038
3 60 3369047
3 9 3369049
3 28 3369055
3 1 3369057
3 68 3369063
3 89 3369064
3 34 3369073
3 41 3369078
3 80 3369080
3 43 3369085
3 58 3369090
3 24 3369093
3 7 3369098
3 29 3369102
3 46 3369106
3 77 3369114
3 71 3369122
3 36 3369131
3 84 3369137
3 87 3369139
3 75 3369145
3 30 3369154
3 8 3369161
3 63 3369163
3 6 3369166
3 23 3369167
3 35 3369173
3 0 3369182
3 47 3369189
3 88 3369195
3 70 3369196
3 53 3369205
3 19 3369205
3 54 3369208
3 90 3369215
3 83 3369215
3 17 3369216
3 27 3369223
3 33 3369224
3 44 3369233
3 4 3369240
3 5 3369249
3 14 3369255
3 66 3369259
3 20 3369264
3 78 3369270
3 16 3369276
3 50 3369279
3 52 3369282
3 12 3369291
4 39 3369298
4 63 3369302
4 45 3369304
4 77 3369312
4 37 3369320
4 27 3369320
4 75 3369324
4 66 3369331
4 67 3369333
4 41 3369341
4 21 3369350
4 36 3369353
4 3 3369356
4 28 3369364
4 71 3369365
4 40 3369366
4 43 3369368
4 53 3369369
4 19 3369377
4 7 3369386
4 32 3369388
4 24 3369395
4 44 3369398
4 78 3369398
4 22 3369403
4 0 3369411
4 85 3369412
4 23 3369415
4 87 3369418
4 16 3369426
4 56 3369429
4 89 3369437
4 84 3369440
4 47 3369441
4 18 3369441
4 46 3369449
4 49 3369458
4 25 3369460
4 51 3369465
4 68 3369474
4 33 3369477
4 59 3369479
4 60 3369481
4 80 3369486
4 58 3369492
4 55 3369499
4 86 3369499
4 6 3369501
4 25 3369509
4 83 3369516
4 87 3369520
4 69 3369524
4 70 3369533
4 48 3369538
4 42 3369546
4 77 3369551
4 14 3369552
4 49 3369559
4 89 3369564
4 35 3369564
4 56 3369571
4 88 3369571
4 59 3369573
4 41 3369578
4 54 3369583
4 82 3369589
4 79 3369597
4 65 3369602
4 72 3369605
4 20 3369613
4 73 3369615
4 22 3369619
4 62 3369623
4 39 3369624
4 68 3369624
4 44 3369633
4 30 3369638
4 17 3369639
4 31 3369641
4 3 3369648
4 55 3369655
4 61 3369663
4 81 3369669
4 13 3369675
4 85 3369675
4 19 3369681
4 7 3369688
4 26 3369692
4 1 3369695
4 38 3369700
4 57 3369707
4 27 3369712
5 17 3369716
5 40 3369723
5 83 3369723
5 7 3369726
5 16 3369732
5 20 3369735
5 33 3369736
5 31 3369740
5 51 3369743
5 6 3369751
5 89 3369754
5 34 3369757
5 36 3369764
5 21 3369772
5 41 3369775
5 25 3369775
5 66 3369779
5 42 3369783
5 85 3369790
5 14 3369791
5 38 3369797
5 90 3369804
5 50 3369805
5 60 3369814
5 38 3369820
5 21 3369821
5 27 3369824
5 70 3369832
5 54 3369832
5 14 3369836
5 81 3369839
5 23 3369842
5 26 3369843
5 17 3369852
5 31 3369858
5 33 3369867
5 75 3369867
5 79 3369875
5 62 3369884
5 22 3369893
5 44 3369894
5 82 3369898
5 10 3369900
5 84 3369909
5 7 3369914
5 69 3369921
5 50 3369927
5 47 3369935
5 18 3369940
5 34 3369943
5 12 3369947
5 1 3369950
6 80 3369953
6 78 3369954
6 17 3369954
6 45 3369959
6 59 3369964
6 87 3369971
6 36 3369972
6 54 3369976
6 2 3369984
6 19 3369989
6 63 3369993
6 76 3370001
6 57 3370009
6 12 3370017
6 53 3370024
6 58 3370030
6 60 3370034
6 31 3370041
6 61 3370043
6 83 3370046
6 44 3370049
6 8 3370053
6 25 3370057
6 67 3370061
6 13 3370064
6 14 3370068
6 26 3370073
6 29 3370077
6 5 3370079
6 22 3370080
6 81 3370089
6 3 3370094
6 56 3370097
6 68 3370102
6 7 3370106
6 4 3370109
6 35 3370111
6 69 3370116
6 62 3370119
6 30 3370124
6 41 3370127
6 8 3370134
6 15 3370135
6 52 3370135
6 65 3370141
6 40 3370149
6 28 3370155
6 64 3370160
6 86 3370162
6 50 3370169
6 81 3370176
6 26 3370178
6 73 3370186
6 27 3370192
6 68 3370196
6 39 3370199
6 22 3370203
6 16 3370207
6 56 3370210
6 32 3370219
6 82 3370226
6 69 3370230
6 77 3370233
6 72 3370242
6 7 3370243
6 58 3370252
6 11 3370254
6 35 3370257
6 76 3370261
6 3 3370263
6 83 3370268
6 71 3370269
6 44 3370272
6 4 3370281
6 84 3370288
6 29 3370294
6 90 3370303
6 19 3370309
6 57 3370318
6 10 3370321
6 79 3370330
6 49 3370330
7 15 3370332
7 16 3370340
7 58 3370347
7 74 3370351
7 22 3370358
7 26 3370364
7 67 3370372
7 77 3370373
7 12 3370375
7 25 3370376
7 45 3370383
7 31 3370386
7 57 3370391
7 75 3370400
7 21 3370407
7 90 3370413
7 89 3370422
7 35 3370426
7 8 3370428
7 2 3370431
7 81 3370439
7 23 3370442
7 66 3370448
7 84 3370457
7 52 3370465
8 7 3370471
8 47 3370479
8 48 3370488
8 42 3370495
8 4 3370499
8 39 3370508
8 15 3370512
8 89 3370515
8 20 3370516
8 73 3370516
8 45 3370524
8 30 3370524
8 85 3370524
8 25 3370531
8 59 3370534
8 17 3370541
8 88 3370541
8 61 3370548
8 10 3370548
8 5 3370555
8 79 3370562
8 29 3370566
8 19 3370572
8 55 3370575
8 27 3370578
8 67 3370582
8 72 3370583
8 90 3370592
8 40 3370593
8 52 3370599
8 82 3370605
8 54 3370614
8 32 3370619
8 76 3370626
8 26 3370635
8 16 3370635
8 80 3370637
8 3 3370641
8 22 3370642
8 2 3370649
8 28 3370650
8 59 3370653
8 0 3370653
8 67 3370657
8 74 3370659
8 26 3370660
8 79 3370663
8 6 3370670
8 32 3370677
8 49 3370681
8 88 3370683
8 18 3370688
8 10 3370694
8 30 3370700
8 77 3370705
8 23 3370713
8 51 3370718
8 78 3370722
8 52 3370730
8 82 3370736
8 70 3370737
8 83 3370746
8 39 3370754
8 17 3370756
8 14 3370760
8 5 3370766
8 76 3370775
8 46 3370779
8 68 3370782
8 3 3370782
8 90 3370791
8 85 3370800
8 27 3370801
8 72 3370809
8 4 3370812
8 19 3370821
8 35 3370826
8 56 3370830
9 14 3370834
9 78 3370839
9 29 3370848
9 84 3370856
10 74 3370857
10 65 3370864
10 64 3370871
10 7 3370877
10 30 3370885
10 81 3370894
10 70 3370894
10 46 3370896
10 89 3370903
10 84 3370909
10 17 3370909
10 11 3370912
10 79 3370920
10 8 3370923
10 27 3370926
10 56 3370926
10 67 3370935
10 60 3370944
10 42 3370948
10 49 3370954
10 86 3370959
10 9 3370960
10 63 3370963
10 19 3370972
10 73 3370981
10 78 3370981
10 15 3370981
10 50 3370981
10 72 3370987
10 15 3370995
10 82 3371000
10 1 3371000
10 55 3371003
10 23 3371004
10 31 3371004
10 30 3371008
10 60 3371009
10 13 3371012
10 75 3371021
10 61 3371030
10 68 3371033
10 25 3371035
10 76 3371036
10 40 3371041
10 35 3371047
10 14 3371047
10 59 3371053
10 66 3371059
10 39 3371066
10 3 3371074
10 63 3371083
10 45 3371092
11 50 3371093
11 34 3371100
11 35 3371107
11 23 3371114
11 62 3371118
11 0 3371119
11 1 3371120
11 79 3371123
11 29 3371129
11 72 3371133
11 59 3371139
11 90 3371140
11 9 3371148
11 80 3371156
11 89 3371161
11 28 3371169
11 53 3371173
11 60 3371181
11 75 3371182
11 56 3371182
11 19 3371182
11 7 3371191
11 46 3371194
11 44 3371196
11 39 3371205
11 8 3371210
11 63 3371212
11 43 3371216
11 12 3371220
11 30 3371228
11 88 3371236
11 82 3371236
11 4 3371244
11 31 3371245
11 42 3371253
11 16 3371262
11 52 3371270
11 20 3371278
11 69 3371283
11 44 3371284
11 3 3371289
11 75 3371292
11 80 3371298
11 42 3371305
11 32 3371307
11 7 3371311
11 41 3371312
11 57 3371312
11 36 3371321
11 60 3371322
11 43 3371328
11 6 3371336
11 16 3371339
11 56 3371344
11 22 3371346
11 73 3371351
11 34 3371354
11 59 3371358
11 24 3371363
11 37 3371365
11 67 3371373
11 49 3371379
11 9 3371381
11 81 3371389
11 33 3371392
11 61 3371393
11 18 3371401
11 19 3371407
11 1 3371415
11 38 3371423
11 72 3371424
11 66 3371424
11 0 3371431
11 40 3371433
11 74 3371438
11 51 3371438
11 4 3371441
11 86 3371443
11 71 3371446
11 53 3371450
11 23 3371458
11 31 3371466
11 69 3371472
11 83 3371474
11 58 3371476
11 77 3371476
12 89 3371477
12 78 3371482
12 44 3371491
12 17 3371496
12 48 3371501
12 25 3371503
12 76 3371508
12 64 3371516
12 31 3371524
12 49 3371529
12 36 3371535
12 8 3371535
12 47 3371537
12 53 3371543
12 50 3371550
12 22 3371557
12 10 3371560
12 24 3371560
12 4 3371567
12 88 3371571
12 61 3371579
12 77 3371580
12 70 3371583
12 81 3371592
12 81 3371599
12 57 3371599
12 90 3371600
12 55 3371601
12 8 3371605
12 18 3371610
12 5 3371618
12 7 3371625
12 70 3371631
12 32 3371636
12 13 3371642
12 37 3371648
12 67 3371651
12 64 3371651
12 22 3371654
12 65 3371655
12 79 3371657
12 10 3371662
12 49 3371670
12 9 3371674
12 83 3371683
12 33 3371691
12 17 3371699
12 27 3371701
13 5 3371707
13 77 3371714
13 11 3371714
13 64 3371717
13 3 3371722
13 23 3371731
13 75 3371738
13 78 3371743
13 48 3371751
13 55 3371753
13 39 3371758
13 32 3371764
13 84 3371771
13 82 3371779
13 88 3371786
13 68 3371790
13 42 3371794
13 37 3371800
13 60 3371809
13 70 3371810
13 74 3371814
13 51 3371817
13 65 3371821
13 14 3371823
13 79 3371824
13 86 3371828
13 43 3371833
13 71 3371838
13 90 3371843
13 29 3371845
13 44 3371852
13 76 3371853
13 65 3371856
13 39 3371858
13 0 3371860
13 5 3371863
13 69 3371865
13 42 3371866
13 40 3371866
13 7 3371875
13 82 3371880
13 44 3371887
13 84 3371889
13 62 3371897
13 23 3371905
13 15 3371908
13 68 3371915
13 66 3371918
13 70 3371925
13 48 3371925
13 83 3371925
13 29 3371926
13 41 3371934
13 21 3371940
13 35 3371944
13 2 3371952
13 79 3371957
13 31 3371960
13 49 3371961
13 54 3371967
13 22 3371972
13 58 3371972
14 48 3371978
14 24 3371985
14 5 3371989
14 70 3371994
14 76 3371999
14 33 3372000
14 2 3372003
14 83 3372004
14 43 3372008
14 51 3372014
14 57 3372019
14 19 3372021
14 52 3372030
14 55 3372033
14 67 3372038
14 20 3372041
14 66 3372050
14 16 3372056
14 18 3372056
14 69 3372061
14 39 3372067
14 26 3372069
14 36 3372076
14 1 3372076
14 61 3372081
14 62 3372090
14 59 3372091
14 22 3372094
14 37 3372102
14 12 3372110
14 13 3372114
14 44 3372115
14 64 3372120
14 73 3372121
14 9 3372124
14 11 3372125
14 6 3372128
14 82 3372134
14 30 3372139
14 42 3372139
14 34 3372139
14 89 3372140
14 25 3372146
14 35 3372155
14 65 3372163
14 45 3372167
14 25 3372167
14 62 3372168
14 51 3372170
14 82 3372176
14 71 3372177
14 0 3372183
14 56 3372189
14 84 3372197
14 67 3372198
14 42 3372205
14 86 3372212
14 89 3372215
14 49 3372215
14 68 3372216
14 60 3372220
14 74 3372225
14 27 3372229
14 65 3372230
14 20 3372239
14 45 3372240
14 30 3372245
14 4 3372252
14 66 3372256
14 35 3372261
14 85 3372264
14 50 3372273
14 70 3372274
14 54 3372280
14 2 3372281
14 38 3372288
14 88 3372290
14 11 3372294
14 55 3372300
14 76 3372303
14 31 3372305
14 23 3372313
14 17 3372316
14 32 3372320
14 26 3372321
14 10 3372322
14 12 3372324
14 63 3372330
14 40 3372339
14 21 3372339
14 69 3372344
14 83 3372349
14 33 3372358
14 81 3372360
14 39 3372364
14 28 3372366
14 36 3372371
14 18 3372376
15 58 3372380
15 14 3372380
15 38 3372387
15 30 3372388
15 45 3372391
15 61 3372396
15 10 3372403
15 6 3372408
15 75 3372414
15 84 3372417
15 51 3372420
15 9 3372424
15 70 3372428
15 66 3372433
15 1 3372434
15 35 3372439
15 41 3372444
15 79 3372446
15 80 3372446
15 0 3372450
15 12 3372453
15 64 3372458
15 77 3372464
15 33 3372473
15 21 3372477
15 1 3372486
15 38 3372487
15 68 3372491
15 87 3372494
15 31 3372502
15 79 3372502
15 76 3372510
15 59 3372518
15 20 3372524
15 17 3372525
15 60 3372528
15 7 3372529
16 19 3372533
16 27 3372539
16 86 3372546
16 88 3372554
16 63 3372554
16 9 3372562
16 6 3372563
16 53 3372567
16 5 3372576
16 84 3372577
16 64 3372577
16 21 3372586
16 10 3372590
16 90 3372598
16 49 3372604
16 54 3372613
16 20 3372622
16 46 3372630
16 17 3372630
16 74 3372639
16 52 3372648
16 62 3372652
16 60 3372654
16 26 3372654
16 71 3372657
16 7 3372666
16 38 3372667
16 82 3372670
16 2 3372674
16 7 3372679
16 53 3372681
16 40 3372686
16 55 3372690
16 51 3372692
16 12 3372695
16 44 3372696
16 0 3372704
16 50 3372708
16 1 3372710
16 59 3372712
16 36 3372715
16 56 3372722
16 10 3372724
16 3 3372724
16 72 3372730
16 67 3372735
16 26 3372738
16 81 3372747
16 89 3372749
16 21 3372753
16 48 3372759
16 11 3372767
16 75 3372776
16 90 3372778
17 61 3372787
17 22 3372793
17 62 3372795
17 86 3372796
17 52 3372798
17 7 3372805
17 68 3372813
17 4 3372817
17 40 3372826
17 42 3372831
17 11 3372835
17 10 3372837
17 13 3372837
17 14 3372840
17 24 3372846
17 88 3372846
17 18 3372850
17 36 3372857
17 12 3372857
17 41 3372861
17 48 3372864
17 49 3372868
17 9 3372873
17 80 3372881
17 90 3372882
17 87 3372891
17 29 3372896
17 74 3372905
17 39 3372911
17 73 3372919
17 15 3372924
17 85 3372927
17 20 3372934
17 67 3372941
17 32 3372941
17 31 3372941
17 82 3372947
17 28 3372954
17 89 3372959
17 35 3372962
17 56 3372963
17 11 3372969
17 85 3372978
17 59 3372979
17 16 3372981
17 86 3372982
17 36 3372987
17 65 3372995
17 0 3372997
17 82 3373005
17 38 3373009
17 18 3373015
17 83 3373017
17 28 3373026
17 74 3373027
17 8 3373029
17 6 3373035
17 46 3373044
17 62 3373044
17 43 3373044
17 58 3373048
17 88 3373051
17 26 3373054
17 73 3373055
17 15 3373055
17 78 3373061
17 13 3373063
17 5 3373066
17 9 3373068
17 12 3373069
17 1 3373076
17 21 3373082
17 19 3373083
17 44 3373087
17 20 3373092
17 76 3373092
17 66 3373094
17 84 3373099
17 4 3373102
17 31 3373104
17 70 3373108
17 60 3373111
17 69 3373112
17 39 3373117
17 53 3373118
18 85 3373122
18 25 3373126
18 7 3373129
18 69 3373136
18 62 3373140
18 12 3373145
18 78 3373151
18 61 3373160
18 9 3373166
18 11 3373172
18 13 3373175
18 44 3373177
18 4 3373178
18 6 3373185
18 29 3373189
18 28 3373195
18 76 3373199
18 17 3373207
18 51 3373210
18 80 3373217
18 90 3373217
18 87 3373226
18 46 3373227
18 40 3373234
18 57 3373239
18 66 3373246
18 16 3373247
18 71 3373247
18 24 3373247
18 8 3373255
18 64 3373262
18 1 3373270
18 47 3373271
18 49 3373271
18 68 3373278
18 70 3373282
18 41 3373287
18 38 3373289
18 27 3373291
18 56 3373291
18 84 3373299
18 3 3373308
18 30 3373315
18 33 3373319
18 43 3373323
18 82 3373330
18 58 3373332
18 19 3373336
18 72 3373338
18 48 3373339
18 39 3373339
18 25 3373346
18 36 3373351
18 16 3373353
18 5 3373357
18 37 3373364
18 55 3373372
18 52 3373372
18 77 3373379
18 58 3373385
18 7 3373394
18 11 3373394
18 30 3373401
18 47 3373401
18 4 3373407
18 44 3373410
18 69 3373418
18 76 3373422
18 59 3373422
18 27 3373429
18 56 3373429
18 66 3373437
18 72 3373437
18 89 3373439
18 2 3373439
18 88 3373445
18 49 3373451
18 24 3373456
18 32 3373464
18 13 3373473
18 31 3373482
18 87 3373488
18 42 3373494
18 34 3373496
18 45 3373501
18 80 3373502
18 20 3373502
18 63 3373507
18 61 3373514
18 9 3373518
18 43 3373526
18 10 3373528
18 86 3373532
18 51 3373534
18 22 3373540
18 46 3373547
18 17 3373555
18 68 3373557
18 3 3373561
18 26 3373570
18 65 3373577
18 6 3373579
18 70 3373585
18 19 3373590
18 64 3373598
18 84 3373604
18 29 3373609
18 75 3373613
18 73 3373616
19 69 3373621
19 86 3373629
19 43 3373635
19 65 3373638
19 20 3373646
19 27 3373652
19 61 3373656
19 89 3373662
19 85 3373666
19 41 3373668
19 67 3373670
19 77 3373675
19 54 3373681
19 53 3373687
19 50 3373695
19 38 3373695
19 10 3373696
19 72 3373697
19 11 3373702
19 84 3373704
19 17 3373710
19 63 3373719
19 18 3373727
19 56 3373732
19 48 3373740
19 14 3373744
19 21 3373750
19 25 3373752
19 74 3373759
19 23 3373767
19 48 3373767
19 39 3373770
19 56 3373777
19 38 3373783
19 49 3373783
19 20 3373785
19 32 3373786
19 84 3373790
19 73 3373792
19 16 3373796
19 30 3373805
19 13 3373812
19 50 3373819
19 60 3373820
19 12 3373823
19 68 3373823
19 83 3373828
19 71 3373830
19 10 3373834
19 88 3373837
19 62 3373839
19 24 3373844
19 33 3373845
19 54 3373850
19 80 3373857
19 47 3373862
19 35 3373864
19 4 3373868
19 31 3373870
19 70 3373872
20 50 3373879
20 74 3373887
20 88 3373892
20 14 3373892
20 44 3373899
20 10 3373906
20 86 3373911
20 60 3373918
20 11 3373919
20 76 3373920
20 58 3373929
21 25 3373934
21 45 3373938
21 76 3373947
21 80 3373955
21 37 3373958
21 32 3373963
21 40 3373970
21 3 3373973
22 89 3373976
22 35 3373976
22 13 3373985
22 77 3373989
22 27 3373997
22 60 3374003
22 71 3374004
22 74 3374008
22 76 3374016
22 46 3374025
22 83 3374026
22 36 3374027
22 14 3374033
22 57 3374037
22 90 3374043
22 23 3374051
22 86 3374053
22 29 3374056
22 34 3374063
22 1 3374063
22 24 3374072
22 18 3374073
22 19 3374079
22 31 3374082
22 58 3374082
22 30 3374084
22 15 3374085
22 21 3374091
22 88 3374091
22 87 3374094
22 20 3374096
22 10 3374102
22 84 3374104
22 51 3374112
22 53 3374114
22 69 3374118
22 56 3374119
22 67 3374123
22 65 3374129
22 38 3374134
22 29 3374136
22 38 3374138
22 42 3374147
22 85 3374150
22 72 3374151
22 24 3374154
22 84 3374158
22 75 3374162
22 58 3374171
22 23 3374172
22 82 3374174
22 32 3374180
22 35 3374187
22 65 3374192
22 3 3374196
22 1 3374204
22 62 3374209
22 43 3374216
22 90 3374217
22 34 3374219
22 27 3374219
22 51 3374224
22 64 3374232
22 44 3374240
22 15 3374240
22 45 3374248
22 26 3374257
22 54 3374261
22 73 3374263
22 0 3374267
22 2 3374276
22 30 3374282
22 33 3374285
22 60 3374290
22 52 3374297
22 5 3374304
22 55 3374313
22 21 3374320
22 6 3374324
22 10 3374324
22 69 3374329
22 39 3374329
23 66 3374337
23 34 3374339
23 69 3374340
23 54 3374346
23 89 3374352
23 1 3374359
23 68 3374359
23 21 3374366
23 15 3374367
23 2 3374369
23 79 3374373
23 37 3374382
23 6 3374387
23 11 3374395
23 50 3374396
23 22 3374405
23 55 3374408
23 20 3374416
23 16 3374424
23 26 3374425
23 81 3374428
23 85 3374429
23 9 3374430
23 72 3374438
23 65 3374444
23 13 3374449
23 40 3374449
23 48 3374454
23 47 3374461
23 25 3374467
23 80 3374468
23 33 3374474
23 64 3374480
23 32 3374485
23 57 3374486
23 51 3374488
23 77 3374494
23 53 3374496
23 29 3374505
23 74 3374509
23 63 3374512
23 27 3374516
23 56 3374516
23 15 3374524
23 4 3374528
23 11 3374532
23 74 3374534
23 73 3374535
23 41 3374539
23 44 3374544
23 14 3374550
23 85 3374557
23 28 3374557
23 53 3374559
23 83 3374566
23 60 3374574
23 7 3374582
23 35 3374586
23 21 3374595
23 86 3374602
23 64 3374603
23 84 3374609
23 34 3374612
23 89 3374621
23 0 3374629
23 62 3374637
23 38 3374644
23 66 3374647
23 78 3374651
23 42 3374659
23 46 3374667
23 20 3374667
23 80 3374675
23 29 3374680
23 10 3374680
23 13 3374687
24 13 3374694
24 86 3374697
24 72 3374702
24 82 3374708
24 69 3374708
24 46 3374712
24 6 3374715
24 28 3374715
24 21 3374718
24 48 3374719
24 57 3374720
24 31 3374726
24 55 3374733
24 42 3374734
24 50 3374739
24 35 3374748
24 84 3374752
24 83 3374759
24 3 3374765
24 16 3374765
24 1 3374768
24 60 3374768
24 67 3374775
24 73 3374779
24 6 3374784
24 29 3374793
24 14 3374802
24 36 3374810
24 65 3374813
24 17 3374815
24 81 3374819
24 68 3374820
24 32 3374829
24 44 3374833
24 9 3374833
24 77 3374840
24 74 3374842
24 55 3374847
24 61 3374848
24 21 3374850
24 18 3374854
24 71 3374855
25 89 3374858
25 19 3374866
25 46 3374871
25 22 3374878
25 18 3374884
25 58 3374885
25 74 3374886
25 29 3374892
25 24 3374893
25 78 3374900
25 83 3374904
25 37 3374913
25 7 3374920
25 36 3374927
25 11 3374930
25 3 3374934
25 10 3374937
25 52 3374939
25 15 3374948
25 38 3374951
25 9 3374951
25 76 3374954
25 57 3374954
25 41 3374960
25 65 3374965
25 61 3374972
25 8 3374980
25 54 3374985
25 59 3374988
25 53 3374992
25 7 3374996
25 55 3374997
25 83 3375001
25 10 3375009
25 34 3375013
25 22 3375016
25 36 3375017
25 77 3375026
25 90 3375032
25 4 3375038
25 62 3375040
25 79 3375047
25 87 3375050
25 21 3375057
25 72 3375061
25 51 3375061
25 86 3375069
25 44 3375077
25 12 3375082
26 0 3375088
26 33 3375093
26 45 3375100
26 37 3375103
26 67 3375110
26 58 3375111
26 5 3375113
26 71 3375120
26 49 3375120
26 39 3375121
26 76 3375122
26 60 3375131
26 41 3375133
26 54 3375142
26 27 3375151
26 34 3375151
26 72 3375154
26 82 3375158
26 68 3375166
26 59 3375172
26 53 3375178
26 21 3375186
26 38 3375191
26 15 3375198
26 80 3375204
26 20 3375205
26 22 3375213
26 11 3375214
26 1 3375216
26 18 3375225
26 74 3375231
26 65 3375236
26 88 3375238
26 55 3375239
26 31 3375241
26 51 3375249
26 83 3375253
26 90 3375253
26 75 3375259
26 62 3375261
26 11 3375270
26 78 3375272
26 17 3375275
26 60 3375282
26 61 3375288
26 29 3375297
26 10 3375305
26 74 3375305
26 32 3375314
26 85 3375322
26 77 3375324
26 41 3375332
26 50 3375340
26 70 3375347
26 2 3375352
26 14 3375355
26 9 3375363
26 12 3375369
26 25 3375372
26 53 3375377
26 36 3375385
26 71 3375393
27 12 3375397
27 61 3375404
27 9 3375404
27 3 3375405
27 86 3375406
27 33 3375409
27 21 3375411
27 85 3375420
27 50 3375422
27 34 3375427
27 49 3375428
27 2 3375429
27 74 3375436
27 20 3375437
28 34 3375446
28 53 3375454
28 9 3375460
28 3 3375460
28 79 3375466
28 86 3375473
28 69 3375480
28 61 3375484
28 44 3375489
28 63 3375491
28 51 3375494
28 17 3375500
28 84 3375505
28 12 3375507
28 36 3375510
28 78 3375510
28 68 3375511
28 24 3375513
28 25 3375521
28 87 3375528
28 54 3375529
28 7 3375537
28 26 3375542
28 19 3375550
28 22 3375557
28 33 3375559
28 16 3375563
28 81 3375569
28 21 3375569
28 71 3375572
28 30 3375573
28 11 3375582
28 74 3375583
28 2 3375584
28 35 3375585
28 89 3375590
28 76 3375596
28 58 3375603
28 48 3375612
28 73 3375612
28 29 3375613
28 10 3375617
28 18 3375617
28 40 3375617
28 23 3375622
28 6 3375624
28 20 3375625
28 67 3375632
28 60 3375640
28 31 3375647
28 14 3375653
28 72 3375659
28 45 3375662
28 82 3375667
28 38 3375667
28 15 3375667
28 70 3375669
28 88 3375674
28 48 3375680
28 81 3375689
28 76 3375693
28 90 3375696
28 6 3375699
28 49 3375701
28 18 3375704
28 65 3375713
28 44 3375717
28 57 3375726
28 29 3375729
28 9 3375733
28 10 3375735
28 0 3375738
28 63 3375740
28 80 3375748
28 37 3375757
28 62 3375763
28 16 3375765
28 40 3375773
28 66 3375777
28 47 3375786
28 34 3375786
28 26 3375789
28 19 3375797
28 89 3375803
28 56 3375807
28 33 3375815
28 31 3375815
28 17 3375819
28 51 3375825
28 30 3375834
28 59 3375836
28 21 3375844
28 39 3375844
28 25 3375847
28 42 3375847
28 84 3375850
28 79 3375852
28 50 3375853
28 15 3375856
28 23 3375863
28 86 3375867
28 5 3375867
28 55 3375870
28 64 3375870
28 71 3375878
28 61 3375882
28 12 3375887
28 58 3375887
28 46 3375890
28 69 3375899
28 82 3375902
28 7 3375902
28 67 3375904
28 35 3375910
28 70 3375916
30 16 3375924
30 46 3375927
30 83 3375931
30 50 3375936
30 24 3375944
30 64 3375945
30 85 3375945
30 23 3375951
30 25 3375959
30 15 3375968
30 1 3375968
30 36 3375977
30 69 3375986
30 3 3375989
30 58 3375998
30 38 3376006
30 53 3376007
30 29 3376012
30 43 3376014
30 11 3376021
30 68 3376027
30 21 3376027
30 47 3376036
30 26 3376041
30 41 3376044
30 48 3376044
30 60 3376049
30 33 3376058
30 71 3376061
30 28 3376067
30 27 3376068
30 80 3376068
30 19 3376070
30 2 3376079
30 62 3376083
30 4 3376088
30 17 3376096
30 31 3376097
30 77 3376099
30 9 3376106
30 90 3376110
30 28 3376112
30 51 3376121
30 78 3376121
30 39 3376129
30 1 3376135
30 9 3376138
30 12 3376142
30 48 3376150
30 53 3376154
30 26 3376157
30 20 3376159
30 16 3376162
30 75 3376169
30 44 3376169
30 58 3376178
30 40 3376183
30 63 3376192
30 67 3376200
30 2 3376205
30 65 3376206
30 50 3376208
30 18 3376209
30 52 3376214
30 32 3376223
30 17 3376224
30 72 3376230
30 34 3376233
30 0 3376233
30 23 3376235
30 64 3376244
30 56 3376253
30 7 3376258
30 6 3376265
30 42 3376266
30 61 3376271
30 79 3376277
30 60 3376282
30 41 3376288
31 22 3376292
31 20 3376293
31 13 3376302
31 57 3376309
31 46 3376313
31 73 3376314
31 76 3376318
31 72 3376318
32 78 3376326
32 62 3376327
32 2 3376330
32 70 3376336
32 0 3376339
32 65 3376339
32 54 3376344
32 64 3376349
32 1 3376353
32 53 3376354
32 50 3376355
32 30 3376359
32 89 3376364
32 29 3376368
32 39 3376376
32 40 3376385
32 35 3376388
32 17 3376396
32 42 3376405
32 80 3376407
32 14 3376407
33 32 3376415
33 74 3376416
33 54 3376417
33 89 3376419
33 81 3376426
33 34 3376435
33 0 3376439
33 86 3376440
33 29 3376441
33 83 3376443
33 10 3376448
33 65 3376451
33 60 3376459
33 21 3376460
33 69 3376467
33 87 3376476
33 51 3376477
33 49 3376480
33 73 3376484
33 85 3376493
33 5 3376494
33 88 3376494
33 80 3376498
33 58 3376503
33 90 3376508
33 76 3376513
33 23 3376521
33 2 3376529
33 16 3376538
33 43 3376545
33 79 3376546
33 18 3376552
33 66 3376554
33 68 3376562
33 8 3376565
33 15 3376571
33 46 3376577
33 82 3376577
33 12 3376580
33 2 3376581
33 48 3376588
33 0 3376597
33 74 3376600
33 69 3376604
33 58 3376611
33 29 3376613
33 49 3376620
33 52 3376624
33 68 3376632
33 83 3376639
33 23 3376643
33 90 3376647
33 11 3376647
33 4 3376647
33 38 3376655
33 10 3376661
33 62 3376663
33 73 3376663
33 89 3376667
33 70 3376668
33 53 3376677
33 30 3376682
33 40 3376687
33 80 3376692
33 51 3376693
33 87 3376697
33 59 3376705
33 32 3376711
33 24 3376712
33 7 3376713
33 50 3376717
33 47 3376722
34 7 3376727
34 61 3376729
34 69 3376731
34 85 3376732
34 70 3376732
34 78 3376736
34 47 3376740
34 20 3376740
34 30 3376747
34 62 3376750
34 86 3376751
34 56 3376755
34 29 3376758
34 14 3376758
34 52 3376761
34 0 3376768
34 32 3376769
34 77 3376773
34 45 3376774
34 68 3376778
34 84 3376783
34 53 3376783
34 4 3376784
34 3 3376789
34 75 3376794
34 40 3376796
34 49 3376799
34 64 3376803
34 28 3376807
34 26 3376813
34 12 3376816
34 25 3376816
34 27 3376817
34 41 3376824
34 6 3376828
34 79 3376830
34 10 3376832
34 19 3376840
34 5 3376842
34 70 3376851
34 31 3376860
34 28 3376860
34 30 3376862
34 32 3376870
34 86 3376870
34 16 3376870
34 45 3376876
34 54 3376879
34 79 3376882
34 26 3376887
34 67 3376895
34 10 3376897
34 69 3376897
34 11 3376898
34 27 3376900
34 48 3376903
34 18 3376906
34 55 3376906
34 33 3376906
34 43 3376906
34 58 3376911
34 3 3376912
34 88 3376921
34 23 3376930
34 5 3376937
34 2 3376941
34 13 3376946
34 24 3376949
34 71 3376951
34 65 3376955
34 21 3376955
34 47 3376960
34 52 3376969
34 85 3376977
34 53 3376980
35 50 3376988
35 60 3376997
35 33 3376998
35 71 3377002
35 14 3377008
35 20 3377008
35 73 3377016
35 3 3377017
35 67 3377026
35 31 3377033
35 24 3377037
35 53 3377038
35 21 3377043
35 41 3377050
35 37 3377058
35 59 3377066
35 10 3377074
35 89 3377081
35 28 3377086
35 58 3377087
35 42 3377088
35 90 3377096
35 26 3377101
35 19 3377104
35 63 3377110
35 43 3377118
35 75 3377124
35 23 3377127
35 83 3377132
35 46 3377133
35 11 3377133
35 57 3377136
35 80 3377139
35 47 3377145
35 40 3377151
35 38 3377158
35 72 3377163
35 8 3377163
35 62 3377164
35 29 3377168
35 34 3377171
35 87 3377174
35 1 3377174
35 51 3377175
35 56 3377182
35 0 3377183
35 9 3377192
35 81 3377199
35 60 3377207
35 49 3377208
35 33 3377212
35 36 3377212
35 87 3377215
35 68 3377223
35 26 3377225
35 19 3377231
35 24 3377233
35 50 3377236
35 21 3377238
35 43 3377243
35 42 3377250
35 57 3377250
35 37 3377254
35 86 3377263
35 83 3377269
35 22 3377269
35 58 3377270
35 79 3377275
35 85 3377284
35 13 3377289
35 17 3377289
35 2 3377293
35 82 3377296
35 48 3377300
35 38 3377307
35 10 3377308
35 39 3377314
35 6 3377319
35 89 3377320
35 45 3377326
35 40 3377331
35 77 3377338
35 30 3377344
35 31 3377345
35 69 3377346
35 5 3377352
35 63 3377356
36 80 3377365
36 38 3377369
36 63 3377377
36 55 3377381
36 84 3377382
36 19 3377385
36 75 3377390
36 37 3377395
36 33 3377401
36 71 3377405
36 61 3377410
36 5 3377412
36 90 3377420
36 7 3377424
36 8 3377426
36 47 3377431
36 82 3377435
36 17 3377441
36 72 3377442
36 26 3377442
36 27 3377444
36 49 3377444
36 23 3377450
36 39 3377454
36 62 3377463
36 56 3377463
36 28 3377464
36 60 3377469
36 22 3377471
36 88 3377479
36 64 3377483
36 30 3377491
36 87 3377498
36 86 3377498
36 66 3377500
36 74 3377505
36 4 3377512
36 58 3377520
36 62 3377528
36 19 3377531
36 17 3377532
36 45 3377536
36 43 3377544
36 73 3377550
36 79 3377559
36 86 3377564
36 55 3377571
36 81 3377574
36 24 3377582
36 49 3377583
36 54 3377591
36 39 3377598
36 88 3377607
36 29 3377612
36 46 3377621
36 35 3377628
36 60 3377635
36 6 3377635
36 67 3377643
36 78 3377648
36 8 3377655
36 87 3377664
36 20 3377667
36 72 3377674
36 44 3377678
36 42 3377682
36 33 3377684
36 11 3377687
36 1 3377691
36 85 3377695
37 39 3377704
37 75 3377710
37 84 3377715
37 65 3377722
37 72 3377727
37 74 3377728
37 2 3377733
37 18 3377742
37 28 3377742
37 7 3377742
37 30 3377751
37 29 3377758
37 67 3377761
37 16 3377762
38 71 3377763
38 32 3377769
38 25 3377771
38 22 3377772
38 19 3377780
38 59 3377781
38 74 3377782
38 82 3377788
38 23 3377797
38 84 3377805
38 66 3377812
38 72 3377820
38 15 3377829
38 1 3377836
38 35 3377837
38 36 3377845
38 7 3377845
38 50 3377850
38 54 3377858
38 11 3377861
38 85 3377865
38 13 3377874
38 44 3377874
38 80 3377882
38 61 3377890
38 62 3377895
38 42 3377898
38 71 3377903
38 87 3377912
38 52 3377918
38 53 3377922
38 46 3377926
38 85 3377931
38 57 3377935
38 14 3377938
38 54 3377944
38 27 3377948
38 34 3377950
38 81 3377957
38 41 3377962
38 15 3377966
38 73 3377973
38 19 3377979
38 32 3377981
38 72 3377987
38 37 3377989
38 83 3377997
38 9 3378006
38 1 3378008
38 11 3378012
38 88 3378012
38 59 3378015
39 44 3378019
39 2 3378027
39 31 3378036
39 63 3378039
39 32 3378048
39 10 3378056
39 19 3378061
39 20 3378068
39 6 3378069
39 58 3378076
39 40 3378078
39 67 3378087
39 37 3378093
39 24 3378100
39 76 3378100
39 13 3378104
39 46 3378109
39 81 3378109
39 66 3378109
39 75 3378117
39 86 3378123
39 1 3378131
39 52 3378131
39 53 3378136
39 43 3378137
39 41 3378140
39 87 3378149
39 7 3378156
39 47 3378163
39 84 3378164
39 59 3378165
39 0 3378174
39 28 3378175
39 30 3378184
39 42 3378185
39 25 3378185
39 49 3378191
39 90 3378196
39 68 3378198
39 65 3378199
39 54 3378205
39 76 3378214
39 38 3378214
39 16 3378220
39 0 3378224
39 41 3378231
39 27 3378232
39 67 3378239
39 58 3378240
39 46 3378243
39 5 3378243
39 70 3378250
39 45 3378250
39 29 3378251
39 19 3378257
39 30 3378262
39 85 3378263
39 28 3378270
39 31 3378271
39 84 3378273
39 10 3378276
39 9 3378284
39 53 3378288
39 55 3378294
39 12 3378300
39 20 3378307
39 54 3378315
39 35 3378324
39 23 3378331
39 13 3378336
39 1 3378345
39 7 3378348
39 63 3378356
39 25 3378362
39 64 3378365
39 82 3378367
39 14 3378376
39 83 3378378
39 75 3378380
40 52 3378387
40 56 3378392
40 35 3378396
40 58 3378398
40 64 3378407
40 70 3378415
40 26 3378416
40 7 3378419
40 53 3378419
40 34 3378421
40 76 3378427
40 21 3378428
40 25 3378428
40 42 3378437
40 67 3378437
40 50 3378446
40 89 3378449
40 14 3378458
40 41 3378460
40 39 3378466
40 38 3378467
40 5 3378467
40 46 3378467
40 16 3378470
40 1 3378479
40 59 3378486
40 47 3378495
40 15 3378501
40 68 3378506
40 36 3378506
40 85 3378512
40 37 3378513
40 49 3378518
40 54 3378525
40 60 3378533
40 18 3378536
40 88 3378538
40 32 3378545
40 79 3378554
40 63 3378558
40 83 3378561
40 65 3378564
40 77 3378568
40 15 3378568
40 25 3378577
40 76 3378577
40 78 3378579
40 42 3378586
40 36 3378588
40 80 3378588
40 79 3378588
40 37 3378597
40 18 3378601
40 53 3378609
40 39 3378618
40 52 3378624
40 26 3378625
40 65 3378628
40 30 3378634
40 1 3378635
40 44 3378641
40 9 3378649
40 13 3378657
40 47 3378662
40 3 3378670
40 6 3378676
40 81 3378684
40 11 3378692
40 63 3378698
40 70 3378703
40 28 3378712
40 12 3378719
40 55 3378724
40 59 3378726
40 4 3378730
40 87 3378737
40 31 3378742
40 14 3378749
40 54 3378754
40 88 3378759
40 7 3378759
40 75 3378761
41 3 3378770
41 42 3378776
41 31 3378777
41 34 3378784
41 79 3378790
41 13 3378790
41 33 3378797
41 17 3378798
41 85 3378801
41 24 3378809
41 46 3378812
41 16 3378817
41 73 3378821
41 29 3378824
41 74 3378829
41 23 3378837
41 53 3378843
41 39 3378845
41 88 3378845
42 55 3378849
42 69 3378857
42 44 3378862
42 11 3378870
42 14 3378870
42 31 3378870
42 23 3378878
42 2 3378887
42 7 3378894
42 27 3378900
42 66 3378905
42 41 3378910
42 68 3378916
42 0 3378925
42 85 3378931
42 47 3378934
42 28 3378936
42 19 3378941
42 18 3378942
42 35 3378950
42 5 3378953
42 43 3378961
42 84 3378962
42 86 3378962
42 34 3378971
42 38 3378977
42 82 3378982
42 3 3378984
42 29 3378990
42 87 3378995
42 58 3379001
42 62 3379002
42 56 3379004
42 59 3379010
42 77 3379016
42 70 3379023
42 16 3379032
42 51 3379033
42 74 3379042
42 30 3379044
42 15 3379048
42 79 3379053
42 46 3379055
42 83 3379063
42 17 3379067
42 33 3379076
42 13 3379082
42 61 3379089
42 81 3379094
42 39 3379100
42 45 3379107
42 12 3379110
42 73 3379110
42 65 3379110
42 21 3379113
42 80 3379117
42 53 3379122
42 24 3379127
42 36 3379129
42 33 3379135
42 85 3379137
42 57 3379139
42 16 3379144
42 73 3379150
42 15 3379150
42 44 3379150
42 25 3379158
42 69 3379162
42 3 3379168
42 87 3379176
42 13 3379185
42 29 3379189
42 2 3379195
42 0 3379197
42 50 3379203
42 11 3379206
42 68 3379209
42 65 3379217
42 49 3379220
42 86 3379225
42 7 3379226
42 62 3379232
42 74 3379237
42 47 3379237
42 82 3379238
42 70 3379246
42 9 3379250
42 24 3379253
42 75 3379254
42 17 3379254
42 66 3379259
42 41 3379266
42 32 3379268
42 1 3379268
42 79 3379274
42 19 3379277
42 46 3379279
42 61 3379284
42 27 3379292
42 45 3379294
42 21 3379294
42 40 3379296
42 51 3379301
42 90 3379301
42 35 3379309
42 36 3379312
42 23 3379312
42 8 3379314
42 63 3379316
42 39 3379318
42 67 3379321
42 48 3379324
42 89 3379329
42 20 3379336
42 72 3379337
43 44 3379341
43 57 3379344
43 27 3379350
43 75 3379359
43 17 3379363
43 70 3379371
43 45 3379372
43 55 3379380
43 1 3379385
43 25 3379394
43 53 3379397
43 52 3379402
43 61 3379407
43 7 3379408
43 41 3379413
43 56 3379417
43 4 3379418
43 40 3379424
43 45 3379428
43 89 3379434
43 13 3379436
43 76 3379440
44 40 3379440
44 63 3379443
44 55 3379449
44 41 3379452
44 25 3379453
44 67 3379456
44 10 3379465
44 36 3379469
44 4 3379472
44 1 3379479
44 74 3379486
44 9 3379489
44 3 3379494
44 35 3379500
44 90 3379504
44 30 3379512
44 70 3379516
44 50 3379525
44 27 3379533
44 49 3379539
44 87 3379542
44 38 3379543
44 89 3379546
44 53 3379548
44 23 3379548
44 51 3379556
44 71 3379563
44 57 3379572
44 76 3379578
44 83 3379580
44 22 3379580
44 73 3379589
44 60 3379594
44 69 3379598
44 58 3379607
44 66 3379609
44 42 3379613
44 16 3379617
44 46 3379626
44 79 3379630
44 14 3379633
44 34 3379640
44 84 3379647
44 85 3379653
44 11 3379653
44 12 3379661
44 82 3379663
44 72 3379669
44 54 3379673
44 2 3379679
44 58 3379687
44 55 3379695
44 32 3379698
44 76 3379703
44 9 3379706
44 2 3379708
44 40 3379717
44 60 3379717
44 25 3379721
44 90 3379730
44 28 3379730
44 50 3379731
44 67 3379732
44 16 3379738
44 45 3379747
44 63 3379747
44 41 3379747
44 69 3379753
44 35 3379754
44 62 3379756
44 85 3379758
44 72 3379763
44 73 3379772
44 1 3379772
44 18 3379773
44 68 3379778
44 11 3379785
44 49 3379788
44 48 3379796
44 19 3379796
44 3 3379797
44 13 3379802
44 61 3379811
44 38 3379817
44 57 3379817
44 81 3379819
44 84 3379821
44 10 3379829
44 23 3379833
44 0 3379837
44 74 3379837
44 53 3379840
44 77 3379848
44 71 3379856
44 12 3379859
44 75 3379859
44 56 3379865
44 43 3379869
45 29 3379877
45 60 3379880
45 67 3379885
45 12 3379893
45 39 3379900
46 12 3379907
46 19 3379907
46 85 3379910
46 45 3379915
46 32 3379920
46 51 3379923
46 58 3379924
46 20 3379926
46 6 3379934
46 2 3379940
46 47 3379944
46 24 3379945
46 60 3379952
46 55 3379959
46 71 3379966
46 14 3379967
46 22 3379969
46 38 3379977
46 56 3379985
46 81 3379993
46 73 3380001
46 80 3380006
46 3 3380010
46 53 3380018
46 25 3380020
46 42 3380025
46 43 3380028
46 70 3380028
46 50 3380032
46 90 3380033
46 61 3380033
46 69 3380036
46 0 3380040
46 88 3380044
46 89 3380049
46 72 3380053
46 74 3380061
46 65 3380066
46 9 3380068
46 27 3380071
46 51 3380073
46 89 3380081
46 2 3380085
46 59 3380091
46 39 3380097
46 74 3380105
46 9 3380109
46 76 3380117
46 44 3380120
46 58 3380124
46 4 3380128
46 50 3380129
46 19 3380137
46 16 3380137
46 57 3380141
46 84 3380144
46 6 3380150
46 82 3380155
46 25 3380156
46 85 3380156
46 62 3380159
46 73 3380165
46 15 3380169
46 41 3380177
46 81 3380183
46 36 3380186
46 53 3380193
46 55 3380201
46 80 3380208
46 69 3380216
46 42 3380224
46 72 3380225
46 28 3380231
46 86 3380238
46 30 3380238
46 13 3380247
46 61 3380255
46 78 3380259
46 83 3380264
46 67 3380264
46 90 3380271
46 31 3380279
46 77 3380280
46 52 3380280
46 43 3380288
46 33 3380293
46 7 3380294
47 27 3380298
47 66 3380299
47 63 3380308
47 75 3380310
47 10 3380319
47 86 3380322
47 72 3380323
47 89 3380324
47 45 3380331
47 16 3380336
47 3 3380336
47 60 3380337
47 49 3380340
47 69 3380340
47 50 3380345
47 84 3380345
47 44 3380345
47 28 3380349
47 82 3380354
47 42 3380361
47 54 3380370
47 9 3380378
47 85 3380381
47 74 3380383
47 79 3380386
47 8 3380394
47 26 3380401
47 58 3380410
47 81 3380419
47 77 3380426
47 33 3380427
47 40 3380434
47 62 3380439
47 2 3380448
47 65 3380455
47 17 3380459
47 35 3380466
47 90 3380472
47 46 3380472
47 64 3380481
47 27 3380481
47 74 3380483
47 35 3380487
47 9 3380489
47 5 3380495
47 0 3380502
47 67 3380505
47 49 3380507
47 88 3380513
47 15 3380514
47 86 3380517
47 36 3380518
47 6 3380519
47 84 3380525
47 54 3380529
47 34 3380534
47 60 3380535
47 31 3380536
47 85 3380538
47 58 3380544
47 78 3380553
47 65 3380561
47 62 3380566
47 8 3380566
47 45 3380569
47 66 3380575
47 50 3380584
47 90 3380584
47 26 3380590
47 48 3380592
47 57 3380599
47 63 3380607
47 39 3380611
47 18 3380614
47 43 3380623
47 23 3380628
47 46 3380629
47 29 3380630
47 3 3380637
48 19 3380645
48 82 3380650
48 77 3380655
48 71 3380655
48 8 3380664
48 27 3380666
48 78 3380671
48 74 3380673
48 51 3380679
48 79 3380686
48 34 3380690
48 49 3380695
48 12 3380695
48 1 3380703
48 59 3380711
48 32 3380717
48 24 3380721
48 47 3380723
48 43 3380729
48 87 3380735
48 37 3380741
48 65 3380743
48 84 3380749
48 5 3380751
48 72 3380752
48 15 3380760
48 20 3380764
48 30 3380769
48 70 3380771
48 18 3380771
48 28 3380774
48 26 3380778
48 67 3380787
48 4 3380788
48 40 3380797
48 21 3380801
48 36 3380803
48 54 3380804
48 56 3380807
48 22 3380809
48 52 3380813
48 8 3380817
48 28 3380818
48 21 3380825
48 80 3380830
48 42 3380836
48 85 3380840
48 19 3380841
48 62 3380846
48 5 3380846
48 71 3380847
48 68 3380855
48 13 3380863
48 14 3380866
48 31 3380875
48 26 3380882
48 30 3380883
48 23 3380889
48 66 3380892
48 25 3380894
48 6 3380899
48 72 3380908
48 77 3380909
48 49 3380913
48 83 3380918
48 60 3380923
48 47 3380925
48 35 3380927
48 12 3380933
48 51 3380942
48 15 3380945
48 18 3380951
48 84 3380958
48 29 3380959
48 74 3380968
48 22 3380977
48 34 3380982
48 7 3380982
48 65 3380991
48 63 3380994
48 43 3380997
48 57 3381001
48 4 3381002
48 61 3381004
48 10 3381009
49 75 3381016
49 0 3381022
49 50 3381031
49 41 3381039
49 76 3381041
49 88 3381042
49 55 3381047
49 68 3381048
49 22 3381051
49 54 3381058
49 15 3381061
49 12 3381065
49 57 3381070
49 70 3381071
49 47 3381078
49 38 3381085
49 80 3381092
49 25 3381099
49 37 3381099
49 81 3381101
49 78 3381106
49 43 3381108
49 40 3381108
49 29 3381109
49 2 3381112
49 42 3381114
49 83 3381117
49 58 3381118
49 39 3381120
49 18 3381124
49 28 3381129
49 6 3381133
49 17 3381139
49 26 3381142
49 52 3381144
49 33 3381146
49 85 3381152
49 74 3381152
49 84 3381160
49 19 3381161
49 53 3381166
49 16 3381166
49 66 3381174
49 69 3381176
49 27 3381177
49 71 3381185
49 13 3381193
49 8 3381193
49 46 3381193
49 3 3381194
49 76 3381197
49 82 3381205
49 16 3381212
49 10 3381219
49 46 3381226
49 38 3381229
49 84 3381238
49 20 3381245
49 57 3381251
49 26 3381260
49 71 3381263
49 83 3381268
49 88 3381274
49 6 3381278
49 90 3381284
49 39 3381288
49 87 3381296
49 50 3381303
49 5 3381307
49 40 3381308
49 52 3381315
49 55 3381324
49 54 3381331
49 62 3381338
49 63 3381344
49 43 3381345
49 24 3381350
49 47 3381353
49 4 3381361
49 22 3381361
49 86 3381369
49 0 3381374
49 35 3381381
49 29 3381381
49 2 3381383
49 45 3381383
49 19 3381383
49 17 3381383
49 41 3381384
49 15 3381389
49 73 3381389
49 78 3381393
49 65 3381395
49 25 3381400
49 42 3381409
49 12 3381410
49 68 3381415
49 23 3381417
49 33 3381423
50 48 3381428
50 85 3381428
50 30 3381433
50 81 3381435
50 74 3381435
50 25 3381442
50 36 3381442
50 47 3381449
50 39 3381454
50 64 3381461
50 88 3381464
50 67 3381471
50 51 3381480
50 89 3381489
50 8 3381495
50 4 3381498
50 2 3381507
50 46 3381513
50 62 3381517
50 19 3381523
50 44 3381525
50 23 3381531
50 79 3381531
50 11 3381532
50 6 3381533
50 75 3381534
50 83 3381536
50 45 3381542
50 12 3381543
50 90 3381547
50 78 3381555
50 13 3381562
50 9 3381569
50 0 3381572
50 37 3381580
50 21 3381586
50 27 3381595
50 43 3381597
50 65 3381599
50 71 3381607
50 86 3381612
50 20 3381619
50 40 3381628
50 57 3381635
50 82 3381638
50 41 3381638
50 61 3381647
50 7 3381647
50 58 3381649
50 73 3381657
50 76 3381663
50 84 3381672
50 14 3381673
50 34 3381674
50 35 3381680
50 77 3381682
50 28 3381691
50 49 3381694
50 61 3381700
50 1 3381707
50 54 3381710
50 28 3381713
50 17 3381722
50 20 3381725
50 77 3381732
50 9 3381737
50 70 3381745
50 13 3381748
50 31 3381757
50 11 3381764
50 73 3381769
50 21 3381772
50 14 3381773
50 62 3381777
50 89 3381785
50 48 3381789
50 74 3381789
50 63 3381797
50 83 3381801
50 32 3381804
50 15 3381804
50 76 3381812
50 88 3381817
50 65 3381825
50 79 3381827
50 7 3381835
50 33 3381837
50 36 3381841
50 25 3381841
50 18 3381848
50 12 3381848
50 69 3381850
50 24 3381851
50 82 3381854
50 39 3381855
50 72 3381857
50 46 3381858
50 57 3381867
50 53 3381868
50 59 3381876
50 27 3381883
50 45 3381883
50 86 3381892
50 55 3381901
50 67 3381903
50 30 3381903
50 52 3381905
50 58 3381909
50 19 3381912
50 34 3381917
51 57 3381920
51 13 3381929
51 38 3381934
51 25 3381941
51 34 3381949
51 17 3381955
51 79 3381959
51 11 3381968
51 41 3381976
51 0 3381982
51 81 3381989
51 42 3381992
51 62 3382000
51 15 3382003
51 52 3382010
51 39 3382016
51 5 3382021
51 49 3382029
51 8 3382030
51 80 3382037
51 60 3382038
51 0 3382041
51 78 3382048
51 63 3382050
51 13 3382053
51 89 3382062
51 29 3382064
51 20 3382065
51 82 3382067
51 61 3382070
51 75 3382079
51 76 3382085
51 87 3382085
51 33 3382091
51 50 3382091
51 31 3382091
51 22 3382096
51 28 3382103
51 72 3382105
51 73 3382106
51 26 3382113
51 30 3382119
51 57 3382121
52 11 3382125
52 49 3382134
52 33 3382142
52 31 3382146
52 46 3382147
52 0 3382148
52 23 3382155
52 83 3382163
52 61 3382167
52 34 3382174
52 22 3382182
52 32 3382183
52 77 3382183
52 65 3382184
52 79 3382184
52 4 3382191
52 55 3382191
52 10 3382192
52 18 3382197
52 43 3382205
52 17 3382214
52 81 3382222
52 6 3382231
52 78 3382237
52 13 3382238
52 3 3382247
52 85 3382251
52 26 3382251
52 56 3382259
52 75 3382268
52 2 3382275
52 39 3382282
52 64 3382289
52 70 3382289
52 15 3382294
52 80 3382295
52 59 3382303
52 7 3382303
52 42 3382312
52 73 3382317
52 62 3382320
52 51 3382329
52 9 3382334
52 50 3382337
52 84 3382338
52 12 3382341
52 66 3382342
52 3 3382351
52 72 3382354
52 31 3382354
52 59 3382354
52 58 3382361
52 46 3382367
52 30 3382367
52 1 3382367
52 8 3382372
52 2 3382381
52 60 3382382
52 48 3382387
52 81 3382392
52 24 3382398
52 53 3382405
52 16 3382405
52 29 3382406
52 4 3382415
52 47 3382424
52 68 3382424
52 14 3382431
52 86 3382432
52 22 3382438
52 89 3382445
52 5 3382449
52 37 3382450
52 51 3382454
52 38 3382456
52 20 3382461
52 15 3382466
52 25 3382471
52 19 3382475
52 62 3382479
52 70 3382480
52 10 3382488
52 79 3382493
52 45 3382500
52 67 3382502
52 71 3382508
52 88 3382512
52 18 3382521
52 36 3382527
52 42 3382527
52 41 3382534
52 66 3382537
52 13 3382538
52 77 3382547
52 85 3382556
52 74 3382561
52 21 3382564
52 17 3382573
53 87 3382574
53 35 3382582
53 58 3382583
53 26 3382585
53 24 3382589
53 56 3382591
53 81 3382597
53 33 3382604
53 62 3382611
53 8 3382615
53 23 3382619
53 0 3382626
53 67 3382634
53 30 3382636
53 13 3382636
53 11 3382641
53 9 3382646
53 21 3382646
53 52 3382650
53 17 3382654
53 86 3382659
53 39 3382663
53 59 3382664
53 10 3382667
53 15 3382668
53 81 3382668
53 32 3382672
53 41 3382676
53 74 3382680
53 83 3382680
53 26 3382684
53 55 3382688
53 56 3382693
53 50 3382696
53 7 3382705
53 87 3382712
53 64 3382712
53 79 3382716
53 77 3382725
53 33 3382726
53 65 3382733
53 73 3382742
53 23 3382748
53 57 3382753
53 46 3382753
53 17 3382756
53 54 3382761
53 38 3382763
53 34 3382772
54 17 3382779
54 38 3382779
54 4 3382780
54 44 3382788
54 0 3382790
54 21 3382794
54 88 3382802
54 86 3382802
54 76 3382810
54 64 3382815
54 29 3382816
54 41 3382819
54 9 3382826
54 70 3382831
54 40 3382838
54 83 3382842
54 79 3382843
54 31 3382844
54 89 3382850
54 27 3382857
54 20 3382863
54 71 3382869
54 84 3382873
54 58 3382878
54 26 3382885
54 34 3382891
54 28 3382897
54 36 3382897
54 59 3382902
54 74 3382902
54 24 3382911
54 73 3382919
54 35 3382925
54 16 3382927
54 2 3382929
54 56 3382935
54 66 3382941
54 60 3382941
54 53 3382949
54 78 3382953
54 62 3382957
54 69 3382966
54 51 3382967
54 30 3382970
54 12 3382972
54 87 3382978
54 13 3382982
54 42 3382991
54 19 3382997
54 14 3383006
54 67 3383013
54 5 3383022
54 48 3383031
54 18 3383040
54 3 3383043
54 23 3383050
54 8 3383052
54 6 3383052
54 46 3383059
54 13 3383064
54 2 3383066
54 5 3383074
54 43 3383078
54 0 3383085
54 25 3383085
54 3 3383092
54 77 3383093
54 75 3383097
54 70 3383101
54 55 3383107
54 88 3383110
54 49 3383114
54 63 3383123
54 18 3383126
54 11 3383130
54 66 3383133
54 81 3383142
54 33 3383145
54 30 3383152
54 85 3383152
54 48 3383152
54 72 3383152
54 9 3383160
54 42 3383162
54 69 3383169
54 36 3383175
54 84 3383181
54 44 3383185
54 86 3383194
54 61 3383199
54 38 3383204
54 28 3383205
54 51 3383209
54 20 3383214
54 57 3383220
54 6 3383226
54 34 3383229
54 45 3383234
54 12 3383238
54 74 3383239
54 15 3383245
54 60 3383253
54 39 3383255
54 37 3383259
54 7 3383263
54 67 3383266
54 62 3383273
54 58 3383280
54 90 3383285
54 1 3383285
55 46 3383292
55 9 3383300
55 87 3383305
55 49 3383306
55 28 3383312
55 43 3383321
55 56 3383324
55 82 3383332
55 19 3383339
55 20 3383344
55 68 3383348
55 63 3383352
55 75 3383359
55 10 3383363
55 26 3383372
55 16 3383378
55 76 3383386
55 27 3383393
55 77 3383396
55 35 3383396
55 70 3383396
55 12 3383403
55 85 3383407
55 69 3383407
55 48 3383411
55 31 3383420
55 13 3383429
55 24 3383432
55 59 3383434
55 90 3383437
55 30 3383442
55 71 3383450
55 6 3383451
55 11 3383457
55 23 3383460
55 45 3383462
55 39 3383465
55 34 3383470
55 61 3383474
55 15 3383477
55 89 3383477
55 17 3383481
55 51 3383489
55 41 3383491
55 48 3383495
55 45 3383495
55 22 3383495
55 61 3383497
55 65 3383502
55 20 3383511
55 72 3383513
55 54 3383516
55 60 3383516
55 50 3383516
55 15 3383520
55 75 3383528
55 86 3383528
55 26 3383529
55 58 3383533
55 82 3383536
55 34 3383543
55 59 3383545
55 74 3383553
55 11 3383553
55 79 3383560
55 35 3383564
55 83 3383564
55 3 3383564
55 52 3383565
55 87 3383571
55 30 3383573
55 51 3383581
55 78 3383589
55 17 3383594
55 7 3383601
55 63 3383608
55 80 3383613
55 57 3383619
55 49 3383627
55 10 3383628
55 41 3383632
55 84 3383634
55 56 3383635
56 74 3383641
56 7 3383648
56 1 3383655
56 62 3383660
56 78 3383666
56 11 3383666
56 44 3383674
56 34 3383683
56 59 3383689
56 52 3383692
56 9 3383696
56 89 3383700
56 30 3383702
56 64 3383710
56 87 3383717
56 70 3383723
56 69 3383728
56 33 3383732
57 55 3383741
57 26 3383741
57 30 3383742
57 76 3383747
57 41 3383754
57 72 3383754
57 81 3383758
57 37 3383766
57 88 3383770
57 64 3383775
57 12 3383784
57 38 3383786
57 29 3383789
57 19 3383797
57 89 3383803
57 68 3383806
57 65 3383808
57 67 3383810
57 15 3383811
57 71 3383812
57 1 3383815
57 90 3383822
57 74 3383829
57 43 3383832
57 45 3383839
57 63 3383848
57 42 3383852
57 78 3383854
57 82 3383859
57 51 3383866
57 14 3383871
57 8 3383876
57 23 3383877
57 24 3383883
57 18 3383890
57 69 3383894
57 20 3383895
57 85 3383901
57 35 3383909
57 9 3383914
57 58 3383915
57 60 3383916
57 13 3383918
57 75 3383922
57 52 3383923
57 33 3383923
57 16 3383929
57 44 3383936
57 39 3383936
57 48 3383941
57 25 3383950
57 0 3383956
57 49 3383963
57 36 3383966
57 31 3383972
57 19 3383973
57 26 3383976
57 72 3383984
57 55 3383986
57 80 3383993
57 68 3383996
57 15 3383998
57 30 3384000
57 56 3384003
57 69 3384012
57 28 3384014
57 89 3384019
57 53 3384026
57 82 3384029
57 64 3384035
57 75 3384037
57 4 3384040
57 84 3384040
57 61 3384043
57 62 3384043
57 13 3384046
57 76 3384051
57 78 3384057
57 48 3384066
57 39 3384071
57 81 3384071
57 3 3384074
57 10 3384079
57 50 3384083
57 38 3384083
57 20 3384083
57 47 3384090
57 71 3384091
57 46 3384092
57 77 3384100
57 5 3384107
57 25 3384114
57 23 3384115
57 60 3384116
57 29 3384124
57 12 3384132
57 63 3384138
57 6 3384143
57 27 3384152
57 83 3384152
57 52 3384159
57 11 3384165
57 2 3384167
57 74 3384173
57 32 3384180
57 44 3384180
57 43 3384186
57 24 3384194
58 85 3384197
58 29 3384206
58 67 3384211
58 22 3384214
58 89 3384218
58 82 3384221
58 48 3384226
58 26 3384226
58 21 3384226
58 80 3384226
58 8 3384228
58 7 3384235
58 84 3384243
58 15 3384251
58 65 3384259
58 86 3384264
59 78 3384269
59 84 3384276
59 49 3384278
59 57 3384287
59 55 3384294
59 15 3384295
59 89 3384300
59 29 3384302
59 40 3384304
59 1 3384313
59 8 3384322
59 28 3384330
59 0 3384332
59 69 3384335
59 58 3384339
59 54 3384348
59 47 3384356
59 20 3384358
59 76 3384367
59 77 3384369
59 3 3384378
59 87 3384382
59 60 3384387
59 74 3384396
59 73 3384397
59 75 3384397
59 70 3384399
59 71 3384401
59 86 3384402
59 64 3384405
59 44 3384413
59 53 3384416
59 12 3384425
59 39 3384434
59 17 3384442
59 31 3384451
59 68 3384453
59 11 3384460
59 36 3384464
59 65 3384469
59 8 3384477
59 54 3384482
59 61 3384490
59 66 3384493
59 28 3384495
59 50 3384495
59 45 3384496
59 68 3384505
59 33 3384512
59 87 3384518
59 35 3384526
59 13 3384527
59 19 3384528
59 83 3384531
59 57 3384534
59 63 3384540
59 56 3384543
59 32 3384545
59 14 3384545
59 80 3384551
59 27 3384558
59 26 3384560
59 2 3384564
59 10 3384570
59 73 3384578
59 82 3384580
59 67 3384584
59 31 3384589
59 60 3384593
59 16 3384594
59 70 3384596
59 44 3384600
59 47 3384606
59 81 3384614
59 0 3384618
59 39 3384626
59 30 3384626
59 40 3384632
60 68 3384641
60 5 3384643
60 63 3384647
60 47 3384650
60 10 3384656
60 8 3384664
60 30 3384666
60 41 3384667
60 1 3384669
60 51 3384671
60 28 3384675
60 83 3384678
60 78 3384681
60 87 3384682
60 56 3384687
60 88 3384688
60 59 3384692
60 80 3384694
60 90 3384698
60 7 3384702
60 23 3384710
60 84 3384710
60 52 3384715
60 32 3384719
60 39 3384721
60 64 3384729
60 14 3384732
60 0 3384736
60 42 3384737
60 12 3384738
60 65 3384744
60 54 3384750
60 70 3384756
60 2 3384761
60 61 3384764
60 17 3384767
60 34 3384774
60 62 3384781
60 69 3384785
60 16 3384785
60 58 3384788
60 20 3384795
60 89 3384796
60 53 3384804
60 49 3384809
60 50 3384810
60 76 3384819
60 3 3384821
60 31 3384824
60 59 3384830
60 86 3384831
60 65 3384832
60 71 3384836
60 33 3384844
60 53 3384852
60 24 3384855
60 66 3384860
60 39 3384864
60 0 3384869
60 48 3384878
60 34 3384879
60 28 3384884
60 52 3384890
60 54 3384899
60 45 3384906
60 12 3384914
60 17 3384916
60 26 3384920
60 21 3384929
60 72 3384932
60 4 3384940
60 89 3384943
60 90 3384943
60 29 3384952
60 63 3384954
60 25 3384958
60 80 3384959
60 32 3384961
60 46 3384961
60 35 3384967
60 43 3384968
60 3 3384974
60 84 3384983
60 10 3384992
60 6 3384998
60 70 3385004
60 44 3385012
60 73 3385013
60 18 3385018
60 77 3385024
60 83 3385031
60 76 3385032
60 64 3385034
61 77 3385036
61 2 3385042
61 29 3385046
61 66 3385052
61 85 3385060
61 73 3385069
61 83 3385069
61 40 3385078
61 10 3385080
61 51 3385084
61 11 3385088
61 18 3385090
61 3 3385099
61 31 3385099
61 62 3385104
61 45 3385106
61 42 3385115
61 70 3385120
61 4 3385124
61 35 3385126
61 54 3385132
61 90 3385135
61 37 3385139
61 58 3385148
61 63 3385149
61 59 3385153
61 28 3385153
61 22 3385155
61 75 3385164
61 56 3385170
61 89 3385172
61 7 3385179
61 55 3385180
61 33 3385184
61 34 3385184
61 23 3385186
61 76 3385192
61 67 3385193
61 25 3385193
61 69 3385202
61 57 3385210
61 30 3385217
61 5 3385218
61 29 3385226
61 82 3385232
61 87 3385241
61 38 3385244
61 12 3385251
61 33 3385258
61 54 3385264
61 41 3385273
61 4 3385279
61 84 3385284
61 81 3385291
61 88 3385300
61 27 3385306
61 10 3385314
61 72 3385316
61 52 3385317
61 0 3385325
61 5 3385329
61 25 3385329
61 43 3385335
61 26 3385344
61 30 3385344
61 79 3385350
61 77 3385356
61 80 3385359
61 11 3385363
61 76 3385370
61 34 3385370
61 24 3385372
61 78 3385374
61 16 3385382
61 17 3385388
61 2 3385397
61 70 3385399
61 63 3385402
61 8 3385406
61 28 3385408
61 7 3385415
61 75 3385422
61 18 3385430
61 15 3385438
62 2 3385439
62 28 3385443
62 71 3385451
62 79 3385454
62 81 3385459
62 7 3385460
62 45 3385465
62 16 3385465
62 5 3385470
62 85 3385478
62 24 3385482
62 50 3385484
63 31 3385486
63 44 3385488
63 20 3385495
63 45 3385502
63 1 3385506
63 90 3385515
63 77 3385518
63 34 3385523
63 89 3385523
63 67 3385526
63 14 3385528
63 41 3385528
63 78 3385533
63 9 3385535
63 83 3385542
63 17 3385551
63 22 3385558
63 85 3385564
63 39 3385569
63 35 3385575
63 70 3385577
63 60 3385578
63 36 3385580
63 74 3385584
63 4 3385590
63 5 3385593
63 84 3385594
63 83 3385603
63 34 3385605
63 53 3385611
63 82 3385615
63 52 3385615
63 74 3385624
63 13 3385626
63 28 3385635
63 61 3385638
63 4 3385638
63 66 3385643
63 41 3385651
63 76 3385654
63 10 3385654
63 54 3385655
63 14 3385656
63 26 3385665
63 19 3385673
63 70 3385674
63 31 3385681
63 88 3385690
63 90 3385690
63 60 3385693
63 51 3385699
64 55 3385706
64 18 3385707
64 82 3385712
64 85 3385719
64 28 3385719
64 0 3385727
64 65 3385728
64 8 3385730
64 17 3385735
64 16 3385740
64 71 3385748
64 43 3385757
64 59 3385765
64 45 3385768
64 26 3385774
64 5 3385779
64 34 3385783
64 62 3385788
64 29 3385794
64 46 3385797
64 10 3385801
64 73 3385808
64 53 3385816
64 70 3385825
64 66 3385829
64 38 3385836
64 3 3385840
64 9 3385845
64 34 3385848
64 57 3385855
64 35 3385855
64 42 3385858
64 20 3385861
64 16 3385869
64 23 3385877
64 89 3385880
64 40 3385885
64 78 3385893
64 80 3385899
64 21 3385903
64 0 3385907
64 19 3385908
64 11 3385911
64 54 3385913
64 87 3385916
64 1 3385924
64 44 3385924
64 4 3385931
64 79 3385933
64 43 3385937
64 73 3385943
64 51 3385951
65 85 3385960
65 50 3385965
65 62 3385973
65 13 3385975
65 26 3385979
65 80 3385980
65 17 3385985
65 35 3385994
65 16 3385994
65 60 3385999
65 42 3386008
65 41 3386016
65 57 3386016
65 88 3386019
65 33 3386023
65 18 3386030
65 19 3386036
65 44 3386043
65 9 3386046
65 15 3386052
65 90 3386053
65 56 3386058
65 5 3386060
65 66 3386067
65 27 3386072
65 32 3386079
65 52 3386088
65 4 3386090
65 45 3386092
65 83 3386092
65 79 3386099
65 71 3386107
65 64 3386113
65 58 3386113
65 24 3386118
65 86 3386121
65 78 3386123
65 34 3386127
65 54 3386133
65 31 3386136
65 53 3386138
65 14 3386145
65 73 3386154
65 61 3386156
65 81 3386162
65 83 3386163
65 14 3386170
65 4 3386175
65 38 3386184
65 60 3386191
65 71 3386191
65 11 3386195
65 32 3386204
65 76 3386204
65 53 3386213
65 68 3386218
65 73 3386223
65 17 3386228
65 30 3386229
65 85 3386229
65 34 3386233
65 2 3386234
65 3 3386234
65 40 3386235
65 66 3386236
65 45 3386241
65 67 3386244
65 75 3386251
65 23 3386252
65 69 3386256
65 47 3386257
65 27 3386258
65 49 3386259
65 43 3386263
65 26 3386270
65 8 3386272
65 86 3386280
65 59 3386280
65 46 3386285
65 54 3386286
65 48 3386294
65 18 3386297
65 51 3386305
65 61 3386306
65 88 3386310
65 24 3386313
65 79 3386313
65 80 3386318
65 74 3386323
65 55 3386332
65 42 3386340
65 5 3386341
66 36 3386350
66 44 3386351
66 55 3386353
66 41 3386362
66 79 3386368
66 58 3386368
66 82 3386369
66 59 3386373
66 26 3386379
66 33 3386382
66 9 3386384
66 28 3386385
66 57 3386385
66 32 3386385
66 15 3386386
66 40 3386387
66 67 3386394
66 64 3386396
66 85 3386396
66 76 3386397
66 70 3386399
66 89 3386407
66 19 3386413
66 69 3386413
66 53 3386413
66 62 3386422
66 84 3386431
66 22 3386440
66 61 3386442
66 5 3386443
66 50 3386449
66 25 3386449
66 58 3386456
66 27 3386458
66 32 3386462
66 85 3386465
66 17 3386471
66 70 3386478
66 5 3386487
66 62 3386493
66 18 3386500
66 60 3386504
66 71 3386505
66 29 3386507
66 31 3386514
66 67 3386515
66 80 3386524
66 49 3386532
66 24 3386540
66 34 3386540
66 64 3386544
66 36 3386547
66 6 3386553
66 75 3386560
66 79 3386569
66 82 3386577
66 89 3386585
66 1 3386587
66 63 3386587
66 51 3386587
66 56 3386592
66 69 3386595
66 20 3386601
66 59 3386609
66 53 3386616
67 52 3386616
67 35 3386619
67 38 3386620
67 64 3386623
67 39 3386630
67 73 3386638
67 74 3386641
67 12 3386648
67 81 3386655
67 30 3386663
67 55 3386671
67 40 3386675
67 56 3386676
67 17 3386680
67 50 3386688
67 33 3386695
67 31 3386699
67 89 3386699
67 8 3386705
67 51 3386707
67 44 3386710
67 9 3386711
67 66 3386712
67 42 3386712
67 20 3386712
67 32 3386716
67 3 3386720
67 59 3386729
67 68 3386737
67 0 3386744
67 27 3386751
67 13 3386760
67 25 3386760
67 49 3386761
67 29 3386762
67 46 3386768
67 60 3386775
67 90 3386783
67 58 3386783
67 63 3386792
67 15 3386798
67 39 3386805
67 30 3386814
67 43 3386822
67 55 3386828
67 79 3386828
67 28 3386837
67 61 3386840
67 13 3386844
67 50 3386853
67 25 3386857
67 24 3386861
67 49 3386867
67 37 3386872
67 41 3386873
67 69 3386874
67 86 3386874
67 19 3386880
67 14 3386881
67 44 3386887
67 62 3386892
67 9 3386895
67 22 3386902
67 38 3386909
67 68 3386917
67 11 3386926
67 40 3386928
67 78 3386937
67 3 3386940
67 87 3386946
67 84 3386954
67 7 3386955
67 74 3386957
67 0 3386959
67 57 3386963
67 59 3386968
67 73 3386971
67 52 3386978
67 2 3386982
67 27 3386989
67 8 3386993
67 32 3386999
67 45 3387007
67 1 3387013
67 33 3387020
67 71 3387029
67 75 3387032
68 38 3387034
68 61 3387040
68 90 3387044
68 55 3387045
68 74 3387046
68 19 3387053
68 86 3387062
68 4 3387065
68 21 3387074
68 42 3387078
68 72 3387079
68 70 3387087
68 62 3387092
68 30 3387099
68 15 3387106
68 7 3387111
68 83 3387116
68 27 3387118
68 25 3387127
68 56 3387135
68 34 3387140
68 8 3387140
68 60 3387144
68 40 3387146
68 2 3387151
68 35 3387154
68 61 3387154
68 25 3387162
68 76 3387163
68 83 3387171
68 16 3387177
68 87 3387186
68 57 3387188
68 1 3387195
68 30 3387197
68 89 3387205
68 2 3387205
68 65 3387205
68 28 3387210
68 63 3387217
68 56 3387225
68 53 3387231
68 38 3387236
68 69 3387244
68 12 3387251
68 67 3387251
68 3 3387259
68 36 3387259
68 78 3387267
68 31 3387273
69 87 3387279
69 21 3387280
69 79 3387286
69 57 3387289
69 11 3387294
69 12 3387297
69 80 3387303
69 29 3387303
69 82 3387310
69 14 3387315
69 39 3387318
69 32 3387319
69 84 3387321
69 72 3387325
69 85 3387330
69 70 3387338
69 61 3387338
69 8 3387345
69 13 3387353
69 64 3387360
69 67 3387365
69 19 3387366
69 7 3387366
69 43 3387374
69 35 3387379
69 55 3387386
69 48 3387391
69 30 3387394
69 78 3387403
69 74 3387406
69 4 3387408
69 17 3387411
69 22 3387412
69 63 3387412
69 73 3387413
69 66 3387418
69 10 3387426
69 40 3387433
69 34 3387434
69 27 3387436
69 37 3387443
69 23 3387444
69 89 3387444
69 24 3387446
69 16 3387452
69 52 3387460
69 20 3387467
69 53 3387472
69 2 3387479
69 86 3387487
69 83 3387488
69 0 3387496
69 1 3387504
69 47 3387508
69 88 3387514
69 70 3387519
69 72 3387528
69 40 3387530
69 88 3387537
69 74 3387544
69 37 3387549
69 71 3387558
69 22 3387561
69 73 3387568
69 55 3387573
69 39 3387577
69 59 3387585
69 80 3387586
69 31 3387587
69 63 3387591
69 43 3387598
69 62 3387603
69 1 3387612
69 66 3387620
69 13 3387628
69 42 3387637
69 27 3387641
69 16 3387646
69 26 3387654
69 12 3387654
69 75 3387657
69 57 3387666
69 82 3387669
69 11 3387674
69 34 3387679
69 76 3387688
69 85 3387690
69 51 3387694
69 64 3387700
69 67 3387706
69 47 3387709
69 44 3387714
69 33 3387722
69 46 3387730
69 65 3387730
69 90 3387737
69 77 3387744
69 84 3387750
69 41 3387750
69 87 3387754
69 4 3387756
69 3 3387765
69 0 3387772
69 19 3387779
69 79 3387786
69 53 3387788
69 10 3387793
69 50 3387793
69 45 3387798
69 6 3387804
70 12 3387808
70 1 3387815
70 67 3387818
70 10 3387822
70 52 3387830
70 9 3387832
70 14 3387837
70 23 3387842
70 62 3387850
70 80 3387856
70 48 3387862
70 15 3387864
70 72 3387869
70 75 3387869
70 4 3387875
70 58 3387878
70 71 3387879
70 16 3387880
70 47 3387885
70 43 3387885
70 19 3387893
70 34 3387897
70 85 3387904
70 26 3387904
70 73 3387908
70 2 3387910
70 53 3387918
70 40 3387921
70 13 3387921
70 42 3387928
70 86 3387934
70 44 3387934
70 57 3387935
70 77 3387943
70 7 3387949
70 37 3387958
70 33 3387963
70 78 3387969
70 83 3387977
70 64 3387986
70 79 3387990
70 24 3387997
70 49 3388005
70 28 3388005
70 0 3388011
70 31 3388018
70 35 3388026
70 30 3388035
70 65 3388037
70 25 3388045
70 38 3388051
70 51 3388057
70 77 3388066
70 13 3388070
70 16 3388073
70 29 3388073
70 4 3388079
70 30 3388084
70 6 3388084
70 33 3388091
70 83 3388092
70 18 3388093
70 48 3388098
70 81 3388103
70 15 3388109
70 19 3388118
70 25 3388125
70 20 3388126
70 21 3388126
70 47 3388131
70 8 3388139
70 35 3388145
70 42 3388147
70 7 3388150
70 45 3388156
70 69 3388160
70 41 3388165
70 59 3388169
70 49 3388175
70 26 3388175
70 34 3388179
70 55 3388184
70 68 3388187
70 72 3388192
70 44 3388195
70 43 3388200
70 5 3388202
70 40 3388210
70 37 3388211
70 28 3388218
70 12 3388218
70 85 3388220
70 62 3388226
70 75 3388233
70 53 3388241
70 24 3388250
71 50 3388254
71 4 3388256
71 70 3388256
71 22 3388258
71 47 3388259
71 26 3388259
71 51 3388263
71 81 3388272
71 87 3388278
71 15 3388287
71 73 3388294
71 52 3388297
71 38 3388306
71 40 3388308
71 80 3388308
71 77 3388312
71 44 3388319
71 79 3388327
71 19 3388328
71 20 3388333
71 66 3388335
71 84 3388343
71 18 3388344
71 0 3388353
71 39 3388359
71 75 3388360
71 85 3388361
71 45 3388365
71 10 3388371
71 27 3388378
71 23 3388378
71 63 3388379
71 49 3388383
71 1 3388384
71 36 3388385
71 27 3388389
71 81 3388394
71 58 3388398
71 67 3388405
71 42 3388411
71 3 3388414
71 68 3388415
71 54 3388424
71 66 3388430
71 52 3388431
71 43 3388435
71 89 3388441
71 29 3388442
71 65 3388447
71 70 3388453
71 72 3388455
71 47 3388456
71 78 3388462
71 20 3388464
71 15 3388465
71 76 3388472
71 53 3388472
71 45 3388476
71 25 3388478
71 73 3388482
71 18 3388486
71 49 3388492
71 55 3388501
71 34 3388506
71 40 3388511
71 46 3388512
71 50 3388514
71 84 3388521
71 82 3388521
71 31 3388522
71 10 3388527
72 82 3388536
72 41 3388544
72 76 3388548
72 55 3388548
72 3 3388550
72 44 3388557
72 51 3388557
72 88 3388560
72 6 3388563
72 46 3388571
72 77 3388574
72 63 3388577
72 90 3388582
72 8 3388589
72 0 3388596
72 65 3388605
72 13 3388608
72 18 3388612
72 66 3388618
72 45 3388627
72 80 3388631
72 87 3388632
72 53 3388635
72 67 3388637
72 56 3388638
72 62 3388642
72 61 3388651
72 17 3388653
72 67 3388656
72 51 3388659
72 75 3388667
72 55 3388667
72 32 3388671
72 23 3388671
72 64 3388679
72 34 3388679
72 36 3388683
72 21 3388690
72 58 3388697
72 29 3388702
72 69 3388707
72 90 3388710
72 19 3388715
72 41 3388716
72 10 3388716
72 25 3388725
72 20 3388728
72 18 3388730
72 39 3388738
72 42 3388738
72 60 3388741
72 33 3388742
72 53 3388747
73 45 3388747
73 9 3388756
73 84 3388756
73 66 3388756
73 23 3388756
73 53 3388763
73 12 3388770
73 80 3388774
73 62 3388776
73 26 3388777
73 58 3388777
73 4 3388785
73 8 3388791
73 24 3388794
73 74 3388796
73 86 3388805
73 79 3388807
73 18 3388808
73 52 3388808
73 10 3388817
73 59 3388826
73 20 3388827
73 77 3388829
73 55 3388832
73 31 3388838
73 63 3388843
73 64 3388852
73 18 3388856
73 57 3388862
73 60 3388867
73 3 3388868
73 42 3388877
73 59 3388885
73 68 3388891
73 88 3388900
73 85 3388907
73 28 3388914
73 19 3388922
73 78 3388927
73 5 3388934
73 72 3388938
73 55 3388946
73 15 3388953
73 32 3388960
73 89 3388960
73 39 3388968
73 6 3388968
73 52 3388975
73 13 3388975
73 38 3388978
73 80 3388985
73 62 3388994
73 76 3389001
73 75 3389003
74 62 3389009
74 9 3389012
74 59 3389012
74 80 3389018
74 3 3389018
74 77 3389025
74 28 3389026
74 53 3389031
74 13 3389031
74 87 3389038
74 14 3389047
74 15 3389053
74 0 3389058
74 20 3389064
74 4 3389064
74 37 3389067
74 75 3389069
74 83 3389070
74 46 3389071
74 81 3389073
74 43 3389076
74 10 3389081
74 57 3389086
74 88 3389091
74 67 3389099
74 35 3389108
74 53 3389117
74 25 3389121
74 75 3389128
74 3 3389135
74 22 3389136
74 65 3389139
74 44 3389146
74 37 3389152
74 68 3389156
74 79 3389163
74 45 3389172
74 59 3389181
74 47 3389190
74 73 3389194
74 17 3389203
74 62 3389209
74 78 3389217
74 69 3389223
74 64 3389226
74 84 3389231
74 54 3389238
74 7 3389244
74 24 3389246
74 19 3389255
74 48 3389260
74 76 3389265
74 29 3389265
75 10 3389273
75 76 3389279
75 25 3389288
75 12 3389295
75 17 3389300
75 7 3389303
75 31 3389311
75 68 3389311
75 51 3389317
75 5 3389322
75 24 3389328
75 18 3389331
75 0 3389333
75 77 3389333
75 87 3389333
75 53 3389338
75 6 3389347
75 62 3389355
75 79 3389358
75 13 3389362
75 88 3389363
75 50 3389365
75 89 3389369
75 59 3389371
75 90 3389374
75 54 3389381
75 8 3389383
75 36 3389389
75 71 3389394
75 48 3389399
75 49 3389406
75 32 3389410
75 20 3389419
75 64 3389420
75 80 3389420
75 85 3389420
75 47 3389425
75 26 3389433
75 35 3389441
75 78 3389443
75 30 3389446
75 11 3389446
75 58 3389446
75 29 3389453
75 25 3389462
75 63 3389470
75 68 3389479
75 9 3389480
75 39 3389489
75 48 3389497
75 31 3389501
75 78 3389507
75 66 3389507
75 4 3389511
75 73 3389520
75 65 3389525
75 11 3389534
75 15 3389541
75 44 3389545
75 51 3389551
75 76 3389558
75 12 3389558
75 21 3389563
75 64 3389569
75 27 3389577
75 60 3389578
75 16 3389584
75 37 3389587
75 58 3389587
75 74 3389589
75 46 3389592
75 43 3389596
75 6 3389597
75 59 3389597
75 3 3389604
75 70 3389613
75 7 3389618
75 56 3389626
75 22 3389635
75 10 3389639
75 38 3389640
75 28 3389640
75 26 3389649
75 55 3389654
75 45 3389656
75 85 3389658
75 1 3389658
75 0 3389660
75 40 3389667
75 13 3389671
75 36 3389675
75 50 3389680
75 35 3389682
76 26 3389686
76 15 3389689
76 37 3389693
76 38 3389698
76 80 3389707
76 85 3389716
76 83 3389725
76 3 3389730
76 27 3389736
76 10 3389736
76 33 3389743
76 81 3389750
76 75 3389756
76 45 3389763
76 84 3389765
76 32 3389774
76 72 3389777
76 24 3389778
76 62 3389779
76 56 3389780
76 18 3389788
76 70 3389797
76 32 3389804
76 52 3389809
76 2 3389813
76 80 3389820
76 8 3389827
76 3 3389835
76 42 3389842
76 18 3389851
76 40 3389856
76 86 3389865
76 37 3389871
76 15 3389879
76 45 3389882
76 77 3389889
76 56 3389895
76 72 3389895
76 83 3389904
76 27 3389904
76 7 3389913
76 79 3389913
76 65 3389913
76 46 3389915
77 59 3389922
77 72 3389926
77 88 3389931
77 33 3389939
77 31 3389942
77 34 3389945
77 64 3389952
77 26 3389961
77 87 3389968
77 37 3389969
77 55 3389971
77 76 3389973
77 53 3389979
77 48 3389985
77 65 3389991
77 43 3390000
77 0 3390003
77 10 3390007
77 69 3390015
77 70 3390018
77 80 3390024
77 90 3390030
77 22 3390033
77 60 3390033
77 79 3390039
77 47 3390039
77 53 3390039
77 67 3390042
77 61 3390043
77 34 3390050
77 38 3390053
77 57 3390061
77 19 3390069
77 54 3390076
77 68 3390078
77 72 3390084
77 33 3390087
77 60 3390095
77 43 3390097
77 21 3390106
77 25 3390110
77 55 3390117
77 13 3390123
77 56 3390131
77 86 3390138
77 11 3390140
77 15 3390142
77 70 3390143
77 82 3390151
78 28 3390153
78 77 3390156
78 5 3390161
78 7 3390169
79 28 3390172
79 75 3390178
79 33 3390185
79 83 3390190
79 63 3390194
79 54 3390200
79 8 3390200
79 9 3390209
79 3 3390213
79 17 3390214
79 27 3390216
79 80 3390218
79 2 3390227
79 22 3390231
79 0 3390235
79 58 3390239
79 1 3390248
79 19 3390249
79 16 3390252
79 34 3390256
79 70 3390264
79 87 3390273
79 71 3390278
79 69 3390280
79 35 3390283
79 4 3390288
79 62 3390297
79 30 3390302
79 81 3390309
79 18 3390310
79 50 3390313
79 31 3390313
79 58 3390319
79 82 3390320
79 54 3390322
79 4 3390330
79 86 3390337
79 30 3390337
79 44 3390341
79 11 3390347
79 34 3390351
79 78 3390354
79 38 3390354
79 85 3390355
79 56 3390355
79 39 3390356
79 14 3390365
79 5 3390368
79 61 3390369
79 45 3390371
79 80 3390378
79 87 3390386
79 75 3390392
79 25 3390400
79 21 3390406
79 77 3390406
79 9 3390414
79 67 3390422
79 27 3390423
79 70 3390425
79 53 3390433
79 3 3390440
79 69 3390445
79 43 3390452
79 42 3390454
79 73 3390461
80 4 3390467
80 79 3390472
80 63 3390478
80 58 3390480
80 53 3390484
80 32 3390487
80 27 3390488
80 46 3390492
80 13 3390493
80 30 3390494
80 61 3390496
80 67 3390499
80 21 3390508
80 56 3390512
80 50 3390514
80 45 3390522
80 40 3390530
80 83 3390532
80 7 3390538
80 24 3390540
80 38 3390549
80 68 3390554
80 44 3390563
80 34 3390570
80 16 3390578
80 42 3390582
80 47 3390584
80 57 3390592
80 65 3390596
80 20 3390603
80 48 3390604
80 41 3390607
80 74 3390609
80 55 3390610
80 88 3390613
80 16 3390614
80 73 3390617
80 51 3390624
80 22 3390624
80 86 3390627
80 32 3390628
80 7 3390636
80 70 3390637
80 68 3390645
80 50 3390647
80 58 3390655
80 9 3390657
80 15 3390658
80 31 3390666
80 78 3390669
80 89 3390678
80 47 3390685
80 28 3390693
80 33 3390697
80 18 3390702
80 26 3390708
80 17 3390715
80 71 3390721
80 36 3390721
80 25 3390726
80 6 3390730
80 82 3390737
80 43 3390746
81 27 3390750
81 0 3390758
81 89 3390765
81 5 3390772
81 74 3390781
81 13 3390782
81 52 3390789
81 70 3390798
81 19 3390798
81 55 3390800
81 11 3390809
81 14 3390812
81 79 3390813
81 29 3390815
81 6 3390822
81 25 3390831
81 4 3390833
81 15 3390841
82 20 3390846
82 6 3390848
82 31 3390854
82 29 3390861
82 40 3390861
82 48 3390864
82 43 3390869
82 67 3390870
82 32 3390874
82 12 3390882
82 0 3390885
82 41 3390888
82 14 3390896
82 83 3390905
82 37 3390910
82 44 3390910
82 24 3390918
82 19 3390920
82 55 3390924
82 9 3390931
82 50 3390934
82 49 3390943
82 60 3390946
82 72 3390949
82 45 3390951
82 71 3390958
82 90 3390960
82 23 3390967
82 86 3390974
82 3 3390979
82 27 3390982
82 62 3390985
82 34 3390991
82 89 3390996
82 26 3391001
82 8 3391001
82 78 3391008
82 84 3391011
82 42 3391012
82 11 3391015
82 85 3391015
82 66 3391017
82 16 3391025
82 64 3391033
82 86 3391041
82 90 3391046
82 24 3391052
82 75 3391054
82 32 3391059
82 66 3391060
82 51 3391061
82 30 3391066
82 23 3391068
82 53 3391069
82 73 3391072
82 12 3391077
82 81 3391082
82 61 3391086
82 52 3391093
82 13 3391101
82 1 3391107
82 37 3391115
82 69 3391120
82 67 3391121
82 47 3391122
82 34 3391122
82 48 3391126
82 10 3391130
82 76 3391131
82 22 3391139
82 79 3391141
82 56 3391146
82 43 3391151
82 55 3391157
82 33 3391160
82 5 3391161
82 87 3391169
82 46 3391173
82 2 3391179
82 36 3391185
82 31 3391191
82 28 3391195
82 49 3391195
82 42 3391200
82 3 3391206
82 57 3391214
82 17 3391216
82 14 3391218
83 9 3391226
83 34 3391229
83 60 3391238
83 88 3391246
84 82 3391246
84 30 3391248
84 23 3391252
84 3 3391260
84 6 3391260
84 53 3391260
84 29 3391261
84 26 3391264
84 68 3391267
84 43 3391274
84 27 3391278
84 48 3391278
84 66 3391279
84 80 3391284
84 89 3391287
84 55 3391289
84 33 3391290
84 85 3391294
84 25 3391299
84 39 3391299
84 45 3391306
84 24 3391312
84 0 3391318
84 63 3391326
84 57 3391328
84 18 3391333
84 34 3391334
84 86 3391339
84 64 3391342
84 4 3391347
84 36 3391353
84 61 3391356
84 41 3391365
84 35 3391371
84 44 3391374
84 70 3391383
84 56 3391385
84 79 3391387
84 81 3391389
84 49 3391396
84 8 3391400
84 54 3391400
84 77 3391407
84 21 3391408
84 27 3391412
84 28 3391421
84 11 3391422
84 47 3391431
84 57 3391432
84 43 3391435
84 80 3391438
84 19 3391440
84 90 3391441
84 37 3391443
84 78 3391451
84 29 3391451
84 63 3391453
84 10 3391459
84 35 3391466
84 55 3391470
84 13 3391478
84 20 3391479
84 18 3391487
84 7 3391488
84 74 3391497
84 46 3391504
84 5 3391512
84 6 3391516
84 76 3391521
84 23 3391521
84 56 3391522
84 22 3391529
84 40 3391532
84 87 3391533
84 31 3391534
84 58 3391543
84 45 3391544
84 60 3391546
84 62 3391554
84 53 3391555
85 22 3391560
85 53 3391563
85 51 3391569
85 61 3391569
85 37 3391569
85 69 3391577
85 81 3391583
85 19 3391588
85 4 3391591
85 5 3391600
85 73 3391606
85 82 3391608
85 8 3391615
85 68 3391623
86 83 3391624
86 68 3391630
86 38 3391634
86 34 3391637
86 7 3391644
86 90 3391644
86 60 3391644
86 85 3391646
86 59 3391647
86 39 3391652
86 37 3391655
86 20 3391658
86 81 3391660
86 21 3391662
86 67 3391670
86 12 3391673
86 45 3391674
86 53 3391679
86 29 3391682
86 89 3391689
86 69 3391693
86 18 3391693
86 25 3391693
86 65 3391702
86 79 3391702
86 26 3391708
86 62 3391709
86 88 3391709
86 1 3391711
86 23 3391718
86 66 3391726
86 22 3391734
86 13 3391740
86 71 3391740
86 49 3391744
86 30 3391751
86 5 3391760
86 82 3391767
86 46 3391768
86 44 3391776
86 9 3391780
86 43 3391785
86 55 3391788
86 15 3391792
86 84 3391799
86 52 3391805
86 47 3391809
86 16 3391815
86 51 3391821
86 58 3391827
86 54 3391832
86 72 3391839
86 2 3391842
86 64 3391845
86 11 3391852
86 58 3391858
86 0 3391865
86 2 3391867
86 67 3391868
86 40 3391875
86 42 3391876
86 65 3391878
86 9 3391882
86 77 3391888
86 46 3391894
86 68 3391902
86 28 3391904
86 69 3391912
86 85 3391919
86 89 3391923
86 73 3391929
86 37 3391930
86 39 3391938
86 87 3391943
86 17 3391945
86 84 3391950
86 33 3391951
86 63 3391951
86 57 3391959
86 83 3391967
86 15 3391976
86 18 3391977
86 31 3391979
86 51 3391984
86 66 3391986
86 75 3391994
86 6 3391995
86 25 3391995
86 26 3392001
86 71 3392010
86 13 3392011
86 90 3392016
86 61 3392024
86 3 3392027
86 24 3392029
86 35 3392032
86 45 3392035
86 29 3392036
86 27 3392042
86 16 3392047
86 5 3392048
86 10 3392048
86 41 3392048
86 79 3392048
86 30 3392051
86 62 3392054
86 36 3392060
86 64 3392065
86 80 3392066
86 56 3392072
86 72 3392075
86 1 3392078
87 30 3392087
87 43 3392095
87 79 3392104
87 46 3392112
87 61 3392118
87 33 3392121
87 13 3392128
87 57 3392129
87 3 3392137
87 83 3392138
87 44 3392142
87 52 3392148
87 0 3392151
87 28 3392155
87 77 3392156
87 48 3392164
87 22 3392171
87 53 3392171
87 8 3392175
87 47 3392175
87 60 3392182
87 6 3392185
87 90 3392186
87 75 3392193
87 68 3392199
87 11 3392205
87 14 3392206
87 12 3392210
87 81 3392218
87 54 3392224
87 31 3392228
87 70 3392235
87 29 3392235
87 64 3392238
87 63 3392241
87 82 3392244
87 71 3392253
87 80 3392261
87 58 3392261
87 50 3392264
87 62 3392264
87 38 3392264
87 18 3392271
87 42 3392274
87 59 3392275
87 15 3392283
87 49 3392291
87 2 3392293
87 34 3392298
87 36 3392307
87 23 3392307
87 32 3392316
87 85 3392319
87 89 3392328
87 78 3392333
87 10 3392335
87 63 3392343
87 60 3392346
87 38 3392347
87 64 3392353
87 23 3392354
87 21 3392363
87 9 3392371
87 4 3392373
87 50 3392373
87 3 3392376
87 71 3392382
87 56 3392383
87 2 3392385
87 31 3392387
87 16 3392389
87 55 3392389
87 29 3392398
87 28 3392399
87 43 3392400
87 27 3392400
87 81 3392404
87 80 3392412
87 46 3392414
87 75 3392415
87 70 3392422
87 62 3392430
87 76 3392432
87 67 3392435
87 6 3392440
87 79 3392443
87 68 3392449
87 89 3392452
87 82 3392461
87 37 3392464
87 44 3392465
87 88 3392465
87 11 3392469
87 7 3392476
87 69 3392485
87 0 3392493
87 52 3392502
87 53 3392507
87 73 3392515
87 59 3392523
87 41 3392527
88 81 3392530
88 0 3392533
88 72 3392538
88 24 3392547
88 83 3392548
88 48 3392554
88 56 3392562
88 59 3392562
88 75 3392571
88 58 3392578
88 74 3392583
88 49 3392587
88 30 3392592
88 82 3392598
88 61 3392598
88 55 3392599
88 12 3392600
88 36 3392603
88 50 3392608
88 11 3392614
88 52 3392617
88 66 3392624
88 1 3392630
88 13 3392638
88 73 3392646
88 67 3392650
88 35 3392652
88 78 3392653
88 47 3392660
88 79 3392661
88 80 3392665
88 40 3392665
88 71 3392667
88 10 3392668
88 31 3392672
88 86 3392681
88 62 3392690
88 18 3392694
88 23 3392696
88 2 3392697
88 5 3392703
88 3 3392706
88 9 3392711
88 15 3392713
88 69 3392713
88 39 3392721
88 8 3392721
88 89 3392722
88 65 3392723
88 25 3392724
88 27 3392732
88 60 3392732
88 37 3392738
88 64 3392738
88 42 3392740
88 75 3392745
88 66 3392745
88 34 3392745
88 3 3392748
88 14 3392756
88 79 3392759
88 54 3392767
88 23 3392771
88 4 3392774
88 35 3392781
88 86 3392786
88 25 3392795
88 67 3392798
88 78 3392802
88 43 3392811
88 21 3392812
88 59 3392815
88 70 3392816
88 53 3392823
88 89 3392829
88 57 3392834
88 7 3392841
88 46 3392848
88 60 3392851
88 39 3392858
88 47 3392867
88 10 3392869
88 40 3392871
88 65 3392878
88 33 3392878
88 19 3392887
88 31 3392894
88 18 3392902
88 82 3392906
88 11 3392913
88 5 3392914
88 80 3392914
88 45 3392917
88 20 3392919
88 48 3392928
88 13 3392931
88 73 3392936
88 84 3392941
88 51 3392943
88 71 3392946
88 68 3392946
88 74 3392955
88 61 3392956
89 12 3392959
89 49 3392962
89 75 3392968
90 81 3392973
90 75 3392980
90 87 3392980
90 7 3392988
90 66 3392991
90 60 3392992
90 32 3392995
90 80 3393000
90 21 3393001
90 13 3393001
90 61 3393007
90 26 3393010
90 67 3393013
90 9 3393013
90 8 3393020
90 4 3393026
90 88 3393027
90 1 3393030
90 19 3393037
90 70 3393044
90 63 3393050
90 29 3393054
90 23 3393060
90 76 3393062
90 36 3393063
90 25 3393067
90 37 3393071
90 41 3393079
90 73 3393079
90 2 3393083
90 14 3393089
90 17 3393089
90 83 3393092
90 85 3393093
90 77 3393098
90 11 3393103
90 6 3393106
90 34 3393115
90 39 3393120
90 86 3393125
90 67 3393127
90 38 3393131
90 84 3393139
90 50 3393143
90 28 3393150
90 29 3393155
90 5 3393160
90 19 3393162
90 24 3393162
90 60 3393164
90 54 3393170
90 51 3393178
90 77 3393184
90 49 3393193
90 64 3393198
90 52 3393202
90 55 3393203
90 79 3393208
90 30 3393212
90 71 3393213
90 4 3393216
90 40 3393219
90 10 3393226
