93
false
0 11 3602854
0 52 3602857
0 45 3602865
0 58 3602874
0 36 3602876
0 7 3602884
0 16 3602887
0 21 3602891
0 37 3602895
0 12 3602900
0 89 3602909
0 41 3602911
0 84 3602918
0 60 3602920
0 23 3602924
0 32 3602930
0 4 3602933
0 22 3602937
0 2 3602943
0 50 3602949
0 39 3602950
0 85 3602958
0 47 3602958
0 64 3602959
0 86 3602962
0 3 3602963
0 72 3602967
0 40 3602975
0 46 3602984
0 69 3602991
0 81 3602997
0 83 3603001
0 51 3603006
0 20 3603013
0 17 3603017
0 27 3603017
0 55 3603021
0 80 3603022
0 90 3603030
0 31 3603039
0 74 3603039
0 79 3603045
0 54 3603053
0 46 3603062
0 77 3603065
0 3 3603070
0 63 3603074
0 10 3603075
0 53 3603075
0 92 3603077
0 90 3603078
0 64 3603085
0 26 3603086
0 7 3603087
0 66 3603092
0 35 3603092
0 70 3603092
0 32 3603100
0 28 3603104
0 40 3603112
0 21 3603115
0 8 3603123
0 22 3603128
0 36 3603134
0 33 3603134
0 24 3603142
0 42 3603146
0 87 3603153
0 84 3603154
0 15 3603160
0 14 3603167
0 18 3603170
0 57 3603173
0 51 3603175
0 85 3603183
0 67 3603186
0 56 3603187
0 89 3603188
0 71 3603193
0 23 3603193
0 1 3603199
0 30 3603207
0 75 3603209
0 27 3603209
0 19 3603217
1 18 3603219
1 74 3603227
1 2 3603229
1 79 3603238
1 33 3603241
1 7 3603244
1 50 3603249
1 89 3603254
1 58 3603257
1 36 3603258
1 41 3603265
1 5 3603272
1 71 3603273
1 53 3603281
1 68 3603281
1 73 3603290
1 22 3603295
1 91 3603299
1 48 3603302
1 19 3603302
1 92 3603305
1 60 3603308
1 20 3603316
1 69 3603316
1 16 3603318
1 46 3603318
1 23 3603327
1 88 3603334
1 45 3603336
1 6 3603336
1 42 3603341
1 84 3603343
1 17 3603343
1 11 3603344
1 75 3603351
1 76 3603355
1 3 3603357
1 65 3603358
1 30 3603367
1 90 3603376
1 61 3603384
1 12 3603392
1 72 3603393
1 37 3603398
1 77 3603400
1 68 3603400
1 20 3603403
1 70 3603406
1 72 3603411
1 71 3603415
1 29 3603419
1 27 3603426
1 59 3603431
1 32 3603433
1 4 3603438
1 17 3603446
1 12 3603450
1 33 3603454
1 13 3603460
1 57 3603463
1 31 3603468
1 50 3603468
1 58 3603476
1 7 3603477
1 9 3603478
1 10 3603478
1 18 3603481
1 23 3603488
1 6 3603497
1 53 3603497
1 86 3603501
1 46 3603502
1 64 3603505
1 2 3603508
1 30 3603514
1 88 3603520
1 34 3603521
1 0 3603522
1 77 3603527
1 36 3603529
1 67 3603532
1 89 3603535
1 63 3603536
1 69 3603540
1 60 3603549
2 86 3603550
2 73 3603556
2 57 3603558
2 48 3603562
2 27 3603571
2 91 3603580
2 62 3603588
2 87 3603596
2 24 3603598
2 52 3603607
2 19 3603607
2 20 3603612
2 60 3603621
2 81 3603630
2 72 3603638
2 18 3603641
2 49 3603642
2 26 3603643
2 1 3603644
2 50 3603646
2 61 3603647
2 53 3603649
2 42 3603656
2 46 3603661
2 56 3603667
2 12 3603676
2 90 3603685
2 25 3603689
2 66 3603693
2 71 3603699
2 3 3603707
2 17 3603716
2 7 3603722
2 9 3603731
2 5 3603734
2 92 3603739
2 30 3603745
2 13 3603751
2 65 3603752
2 76 3603753
2 51 3603759
2 41 3603761
2 39 3603762
2 23 3603769
2 22 3603776
2 6 3603785
2 11 3603787
2 74 3603796
2 79 3603797
2 63 3603801
2 10 3603809
2 47 3603810
2 58 3603816
2 70 3603817
2 88 3603826
2 12 3603835
2 69 3603844
2 64 3603852
2 66 3603859
2 7 3603862
2 70 3603868
2 21 3603874
2 67 3603877
2 29 3603883
2 83 3603884
2 74 3603890
2 89 3603897
2 46 3603899
2 10 3603908
2 36 3603915
2 54 3603918
2 79 3603919
2 35 3603926
2 8 3603932
2 86 3603932
2 52 3603937
2 87 3603938
2 0 3603947
2 16 3603951
2 82 3603953
2 51 3603959
2 59 3603963
2 44 3603968
2 92 3603977
2 20 3603982
2 45 3603986
2 61 3603991
2 72 3603996
2 78 3603998
2 1 3604006
2 37 3604010
2 81 3604017
2 5 3604020
2 90 3604028
2 15 3604033
2 75 3604037
2 56 3604042
2 76 3604050
2 40 3604054
2 91 3604063
2 68 3604068
2 71 3604076
2 26 3604083
2 47 3604086
2 48 3604091
3 28 3604091
3 18 3604095
3 35 3604102
3 60 3604111
3 72 3604120
3 58 3604127
3 82 3604134
3 53 3604140
3 76 3604141
3 33 3604144
3 13 3604148
3 79 3604155
3 55 3604158
3 80 3604167
3 5 3604174
3 22 3604177
3 54 3604178
3 87 3604185
3 40 3604187
3 66 3604188
3 49 3604190
3 34 3604196
3 2 3604203
3 44 3604212
3 27 3604215
3 42 3604219
3 92 3604228
3 16 3604231
3 91 3604239
3 85 3604246
3 56 3604253
3 37 3604262
3 78 3604262
3 90 3604268
3 41 3604274
3 61 3604281
3 73 3604282
3 15 3604286
3 86 3604286
3 68 3604287
3 50 3604287
3 77 3604289
3 57 3604289
3 28 3604294
3 81 3604297
3 65 3604299
3 76 3604306
3 50 3604309
3 8 3604314
3 29 3604322
3 30 3604327
3 20 3604333
3 16 3604337
3 17 3604337
3 26 3604342
3 92 3604349
3 53 3604353
3 54 3604355
3 0 3604358
3 21 3604362
3 13 3604370
3 63 3604374
3 36 3604375
3 2 3604376
3 84 3604376
3 5 3604382
3 71 3604389
3 10 3604391
3 62 3604397
3 60 3604406
3 25 3604408
3 58 3604409
3 4 3604418
3 82 3604420
3 67 3604424
3 34 3604433
3 89 3604441
3 88 3604449
3 19 3604450
4 63 3604454
4 51 3604454
4 59 3604456
4 57 3604460
4 20 3604462
4 76 3604464
4 23 3604467
4 28 3604472
4 54 3604480
4 50 3604484
4 16 3604484
4 29 3604485
4 44 3604491
4 34 3604500
4 77 3604507
4 13 3604509
4 80 3604518
4 89 3604519
4 5 3604523
4 40 3604532
4 60 3604532
4 49 3604537
4 0 3604538
4 84 3604544
4 92 3604553
4 25 3604559
4 10 3604561
4 52 3604561
4 37 3604570
4 17 3604578
4 78 3604587
4 62 3604588
4 46 3604588
4 11 3604588
4 43 3604589
4 85 3604594
4 75 3604597
4 86 3604600
4 6 3604607
4 35 3604613
4 15 3604613
4 55 3604619
4 2 3604623
4 36 3604629
4 38 3604629
4 47 3604636
4 88 3604644
4 19 3604645
4 31 3604648
4 18 3604649
4 72 3604656
4 67 3604664
4 68 3604668
4 53 3604677
4 42 3604679
4 87 3604680
4 1 3604683
4 61 3604692
4 22 3604694
4 61 3604696
4 71 3604705
4 69 3604711
4 8 3604717
4 76 3604726
4 36 3604728
4 13 3604737
4 28 3604745
4 45 3604746
4 38 3604746
4 9 3604749
4 80 3604755
4 19 3604760
4 56 3604766
4 44 3604772
4 77 3604776
4 50 3604782
4 41 3604782
4 22 3604786
4 11 3604790
4 15 3604793
4 84 3604800
4 37 3604808
4 26 3604815
4 62 3604824
4 21 3604829
4 67 3604838
4 66 3604846
4 42 3604851
4 25 3604855
4 43 3604861
4 30 3604864
4 73 3604868
4 17 3604870
4 86 3604870
4 91 3604878
4 39 3604878
4 75 3604885
4 14 3604890
4 31 3604895
4 1 3604898
4 83 3604899
4 81 3604903
4 7 3604907
4 74 3604911
4 18 3604914
4 64 3604918
4 55 3604925
4 16 3604931
4 89 3604934
4 65 3604935
4 72 3604935
4 49 3604940
4 10 3604948
4 70 3604956
4 88 3604959
4 52 3604968
5 74 3604971
5 0 3604972
5 26 3604972
5 54 3604973
5 48 3604975
5 68 3604981
5 16 3604983
5 86 3604986
5 89 3604993
5 77 3604999
5 44 3605000
5 11 3605007
5 82 3605009
5 10 3605012
5 17 3605014
5 27 3605014
5 59 3605017
5 71 3605021
5 77 3605023
5 38 3605029
5 26 3605034
5 35 3605040
5 43 3605042
5 20 3605046
5 4 3605051
5 73 3605059
5 62 3605062
5 12 3605063
5 92 3605068
5 23 3605077
5 63 3605080
5 41 3605084
5 61 3605090
5 86 3605094
5 54 3605102
6 89 3605108
6 2 3605109
6 56 3605112
6 30 3605118
6 8 3605120
6 28 3605126
6 38 3605126
6 27 3605126
6 0 3605126
6 45 3605132
6 50 3605136
6 52 3605136
6 68 3605136
6 16 3605141
6 62 3605146
6 24 3605154
6 71 3605163
6 57 3605171
6 76 3605177
6 15 3605181
6 81 3605190
6 60 3605191
6 34 3605199
6 90 3605204
6 46 3605205
6 11 3605213
6 22 3605213
6 73 3605221
6 48 3605225
6 26 3605230
6 29 3605230
6 31 3605237
6 44 3605239
6 85 3605239
6 91 3605243
6 79 3605252
6 58 3605260
6 63 3605261
6 17 3605262
6 82 3605262
6 80 3605263
6 9 3605265
6 69 3605273
6 42 3605282
6 13 3605283
6 22 3605291
6 84 3605294
6 48 3605301
6 53 3605309
6 18 3605316
6 14 3605322
6 34 3605326
6 3 3605328
6 30 3605335
6 46 3605339
6 36 3605341
6 12 3605344
6 56 3605346
6 16 3605351
6 27 3605358
6 57 3605367
6 17 3605370
6 37 3605374
6 64 3605379
6 88 3605381
6 39 3605385
6 24 3605392
6 52 3605396
6 41 3605402
6 28 3605410
6 61 3605415
6 87 3605422
6 8 3605426
6 77 3605432
6 60 3605439
6 33 3605443
6 59 3605444
6 4 3605446
6 31 3605447
6 7 3605455
6 25 3605460
6 73 3605469
6 58 3605477
6 66 3605479
6 0 3605483
7 14 3605489
7 58 3605494
7 83 3605502
7 89 3605507
7 68 3605514
7 21 3605518
7 59 3605524
7 65 3605528
7 16 3605533
7 77 3605538
7 84 3605540
7 42 3605546
7 15 3605547
7 5 3605547
7 25 3605553
7 2 3605561
7 91 3605567
7 12 3605574
7 73 3605574
7 46 3605574
7 27 3605578
7 0 3605586
7 60 3605589
7 50 3605593
7 35 3605601
7 88 3605601
7 55 3605610
7 69 3605610
7 90 3605610
7 33 3605612
7 34 3605617
7 81 3605617
7 24 3605621
7 30 3605622
7 64 3605627
7 54 3605628
7 4 3605630
7 29 3605631
7 22 3605634
7 8 3605635
7 76 3605641
7 63 3605641
7 85 3605647
7 32 3605650
7 44 3605657
7 87 3605658
7 46 3605660
7 64 3605664
7 8 3605670
7 68 3605676
7 24 3605685
7 48 3605693
7 51 3605696
7 29 3605702
7 40 3605705
7 21 3605706
7 2 3605711
7 78 3605718
7 70 3605723
7 59 3605728
7 26 3605731
7 80 3605733
7 16 3605735
7 6 3605738
7 66 3605746
7 9 3605747
7 56 3605754
7 20 3605760
7 18 3605764
7 31 3605772
7 47 3605779
7 63 3605779
7 87 3605782
7 88 3605787
7 91 3605794
7 37 3605802
7 65 3605805
7 69 3605813
7 92 3605819
7 74 3605826
7 77 3605827
7 34 3605828
7 27 3605837
7 75 3605845
7 33 3605849
7 86 3605852
7 73 3605852
7 32 3605858
7 60 3605864
7 79 3605865
7 39 3605871
7 42 3605872
7 83 3605880
7 19 3605887
8 44 3605895
8 24 3605901
8 39 3605903
8 34 3605907
8 16 3605907
8 57 3605912
8 22 3605912
8 61 3605919
8 54 3605925
8 46 3605927
8 25 3605931
8 47 3605936
8 60 3605938
8 87 3605939
8 92 3605939
8 36 3605944
8 56 3605946
8 55 3605953
8 48 3605960
8 11 3605964
8 59 3605965
8 29 3605972
8 58 3605975
8 31 3605977
8 2 3605981
8 45 3605988
8 12 3605997
8 62 3606001
8 85 3606001
8 50 3606009
8 74 3606018
8 79 3606019
8 11 3606026
8 38 3606028
8 81 3606036
8 43 3606038
8 56 3606047
8 44 3606050
8 33 3606052
8 18 3606057
8 29 3606062
8 3 3606067
8 57 3606068
8 83 3606072
8 62 3606080
8 15 3606081
8 21 3606083
8 4 3606085
8 47 3606089
8 40 3606091
8 90 3606099
8 16 3606105
8 32 3606110
8 10 3606113
8 23 3606122
8 59 3606126
8 48 3606134
8 85 3606140
8 35 3606147
8 77 3606155
8 55 3606155
9 87 3606160
9 10 3606160
9 90 3606168
9 34 3606169
9 11 3606170
9 40 3606175
9 43 3606179
9 54 3606184
9 22 3606190
9 21 3606192
9 67 3606193
9 77 3606202
9 61 3606211
9 75 3606216
9 51 3606220
9 15 3606225
9 49 3606232
9 63 3606235
9 28 3606241
9 33 3606246
9 85 3606248
9 37 3606256
9 25 3606264
9 56 3606269
9 72 3606276
9 57 3606280
9 13 3606283
9 26 3606291
9 52 3606293
9 36 3606296
9 3 3606299
9 16 3606305
9 73 3606310
9 5 3606315
9 39 3606323
9 84 3606325
9 31 3606331
9 88 3606331
9 35 3606338
9 75 3606338
9 49 3606338
9 64 3606343
9 26 3606346
9 73 3606347
9 72 3606355
9 20 3606360
9 48 3606364
9 57 3606367
9 87 3606372
9 78 3606380
9 25 3606384
9 37 3606386
9 86 3606388
9 45 3606394
9 14 3606398
9 32 3606407
9 68 3606411
9 82 3606411
9 81 3606416
9 41 3606420
9 19 3606427
9 74 3606429
9 80 3606437
9 71 3606438
9 76 3606440
9 17 3606441
9 63 3606441
9 13 3606449
9 12 3606455
9 69 3606463
9 56 3606472
9 60 3606479
9 66 3606487
9 67 3606493
9 21 3606496
9 2 3606504
9 29 3606513
9 1 3606519
9 89 3606520
10 11 3606524
10 50 3606525
10 47 3606533
10 23 3606539
10 18 3606543
10 76 3606544
10 29 3606549
10 75 3606552
10 24 3606554
10 72 3606558
10 61 3606558
10 36 3606558
10 85 3606564
10 16 3606564
10 4 3606571
10 31 3606574
10 69 3606581
10 90 3606586
10 49 3606587
10 80 3606590
10 40 3606594
10 35 3606595
10 55 3606604
10 33 3606607
10 81 3606612
10 12 3606617
10 54 3606617
10 1 3606621
10 43 3606628
10 56 3606629
10 15 3606630
10 8 3606633
10 32 3606635
10 67 3606640
10 70 3606647
10 9 3606649
10 2 3606657
10 39 3606663
10 91 3606671
10 92 3606673
10 83 3606673
10 7 3606681
10 41 3606682
10 79 3606684
10 64 3606684
10 78 3606685
10 20 3606689
10 63 3606692
10 48 3606693
10 77 3606701
10 13 3606702
10 73 3606702
10 74 3606711
10 22 3606711
10 6 3606714
10 87 3606716
10 21 3606725
10 65 3606725
10 85 3606734
10 58 3606738
10 38 3606745
10 53 3606753
10 21 3606762
10 28 3606764
10 43 3606769
10 16 3606773
10 27 3606778
10 4 3606784
10 74 3606793
10 11 3606800
10 76 3606807
10 84 3606813
10 46 3606818
10 5 3606822
10 54 3606831
10 73 3606831
10 6 3606838
10 92 3606840
10 39 3606843
10 35 3606848
10 77 3606853
10 23 3606856
10 34 3606864
10 61 3606866
10 47 3606867
10 14 3606876
10 57 3606884
10 32 3606891
10 3 3606891
10 75 3606895
10 83 3606896
10 68 3606902
10 7 3606907
10 13 3606911
10 90 3606912
10 2 3606914
10 15 3606915
10 63 3606917
10 19 3606920
10 60 3606920
10 64 3606922
10 70 3606924
10 36 3606925
10 49 3606926
10 31 3606934
10 78 3606937
10 91 3606943
10 59 3606943
10 33 3606944
10 17 3606947
10 67 3606955
10 62 3606958
10 66 3606960
10 80 3606967
10 22 3606968
10 9 3606968
11 35 3606968
11 82 3606974
11 18 3606977
11 92 3606986
11 30 3606986
11 50 3606987
11 49 3606988
11 91 3606995
11 69 3606996
11 32 3606999
11 86 3606999
11 42 3607001
11 90 3607010
11 38 3607010
11 7 3607013
11 64 3607013
11 29 3607017
11 68 3607018
11 47 3607021
11 24 3607028
11 89 3607036
11 70 3607044
11 9 3607045
11 25 3607049
11 23 3607057
11 40 3607066
11 58 3607066
11 61 3607069
11 33 3607071
11 57 3607072
11 30 3607074
11 21 3607074
11 45 3607081
11 6 3607089
11 56 3607089
11 63 3607089
11 81 3607095
11 87 3607101
11 24 3607102
11 25 3607107
11 19 3607113
11 16 3607119
11 83 3607124
11 71 3607129
11 29 3607132
11 76 3607132
11 59 3607137
11 68 3607138
11 35 3607143
11 7 3607152
11 9 3607160
11 92 3607162
11 77 3607168
11 79 3607173
11 0 3607176
11 49 3607180
11 36 3607183
11 37 3607192
11 75 3607194
11 61 3607195
12 75 3607196
12 40 3607199
12 64 3607205
12 91 3607206
12 21 3607209
12 57 3607215
12 15 3607215
12 85 3607219
12 63 3607219
12 24 3607228
12 39 3607231
12 45 3607234
12 14 3607239
12 18 3607247
12 49 3607254
12 29 3607257
12 86 3607257
12 13 3607263
12 7 3607264
12 58 3607266
12 68 3607271
12 77 3607279
12 2 3607286
12 53 3607295
12 34 3607303
12 86 3607306
12 37 3607308
12 92 3607313
12 56 3607313
12 35 3607322
12 45 3607328
12 75 3607328
12 0 3607328
12 11 3607336
12 9 3607340
12 19 3607349
12 47 3607357
12 90 3607363
12 83 3607369
12 18 3607373
12 28 3607374
12 68 3607375
12 65 3607383
12 73 3607388
12 89 3607391
12 44 3607395
12 7 3607404
12 43 3607404
12 49 3607408
12 87 3607408
12 41 3607417
12 23 3607424
13 72 3607426
13 80 3607426
13 22 3607434
13 69 3607443
13 23 3607443
13 20 3607450
13 25 3607459
13 65 3607466
13 51 3607474
13 17 3607476
13 0 3607483
13 39 3607485
13 36 3607490
13 33 3607499
13 89 3607499
13 67 3607508
13 52 3607517
13 59 3607524
13 47 3607532
13 76 3607536
13 56 3607541
13 71 3607547
13 75 3607551
13 6 3607553
13 60 3607561
13 91 3607562
13 30 3607566
13 12 3607567
13 57 3607575
13 90 3607575
13 38 3607584
13 63 3607586
13 21 3607586
13 4 3607590
13 43 3607592
13 68 3607601
13 85 3607607
13 73 3607607
13 49 3607614
13 50 3607617
13 42 3607624
13 86 3607627
13 40 3607635
13 35 3607637
13 26 3607642
13 67 3607651
13 78 3607655
13 40 3607661
13 22 3607669
13 10 3607670
13 75 3607672
13 81 3607678
13 16 3607686
13 1 3607687
13 70 3607691
13 2 3607699
13 41 3607699
13 89 3607706
13 48 3607710
13 12 3607714
13 18 3607721
13 4 3607724
13 83 3607727
13 11 3607736
13 51 3607739
13 23 3607747
13 39 3607754
13 66 3607756
13 72 3607762
13 65 3607764
13 59 3607765
13 36 3607772
13 17 3607776
13 86 3607777
13 88 3607784
13 49 3607789
13 73 3607794
13 77 3607803
13 74 3607808
13 84 3607817
13 3 3607819
13 31 3607820
13 92 3607829
13 63 3607835
13 55 3607839
13 20 3607841
13 27 3607843
13 53 3607852
13 47 3607859
13 7 3607861
13 82 3607864
14 2 3607871
14 43 3607874
14 18 3607883
14 76 3607892
14 74 3607893
14 44 3607899
14 27 3607904
14 1 3607908
14 12 3607908
14 68 3607914
14 67 3607920
14 38 3607925
14 48 3607934
14 52 3607934
14 91 3607942
14 71 3607944
14 30 3607952
14 9 3607956
14 22 3607959
14 34 3607963
14 16 3607969
14 19 3607971
14 36 3607978
14 37 3607978
14 63 3607986
14 83 3607986
14 6 3607990
14 37 3607996
14 33 3608000
14 83 3608007
14 71 3608010
14 57 3608012
14 22 3608015
14 69 3608021
14 11 3608024
14 0 3608027
14 86 3608034
14 60 3608036
14 45 3608044
14 39 3608047
14 38 3608056
14 75 3608061
14 15 3608061
14 73 3608069
14 27 3608072
14 61 3608078
14 64 3608082
14 81 3608082
14 90 3608085
14 25 3608086
14 56 3608088
15 8 3608088
15 64 3608089
15 58 3608097
15 17 3608102
15 22 3608111
15 53 3608117
15 78 3608126
15 5 3608130
15 23 3608139
15 89 3608143
15 86 3608152
15 25 3608152
15 27 3608157
15 69 3608157
15 48 3608166
15 36 3608167
15 1 3608167
15 38 3608174
15 54 3608177
15 0 3608179
15 30 3608186
15 35 3608186
15 50 3608187
15 49 3608195
15 71 3608199
15 55 3608205
15 56 3608205
15 25 3608213
15 4 3608219
15 41 3608219
15 37 3608224
15 30 3608228
15 80 3608236
15 26 3608239
15 21 3608245
15 40 3608253
15 23 3608257
15 65 3608259
15 43 3608265
15 44 3608268
15 14 3608272
15 17 3608280
15 48 3608280
15 57 3608285
15 67 3608288
15 74 3608297
15 85 3608304
16 82 3608311
16 15 3608320
16 48 3608322
16 53 3608328
16 17 3608330
16 61 3608333
16 50 3608334
16 22 3608340
16 80 3608341
16 78 3608343
16 69 3608345
16 77 3608351
16 58 3608358
16 38 3608361
16 13 3608365
16 9 3608366
16 59 3608368
16 66 3608369
16 76 3608378
16 41 3608379
16 26 3608382
16 45 3608385
16 44 3608387
16 62 3608387
16 11 3608394
16 25 3608396
16 51 3608398
16 89 3608404
16 84 3608407
16 31 3608416
16 88 3608419
16 33 3608424
16 8 3608428
16 56 3608432
16 49 3608434
16 68 3608437
16 37 3608437
16 6 3608440
16 0 3608449
16 4 3608449
16 21 3608454
16 70 3608461
16 91 3608469
16 52 3608476
16 5 3608479
16 12 3608484
16 12 3608486
16 87 3608490
16 90 3608495
16 81 3608503
16 38 3608503
16 61 3608510
16 77 3608512
16 52 3608521
16 24 3608527
16 5 3608536
16 26 3608538
16 41 3608543
16 13 3608544
16 25 3608552
16 4 3608559
16 21 3608561
16 30 3608570
16 80 3608575
16 76 3608577
16 8 3608577
16 72 3608582
16 89 3608583
16 82 3608584
16 28 3608593
16 79 3608600
16 60 3608600
16 43 3608609
16 3 3608617
16 32 3608618
16 58 3608626
16 86 3608635
16 83 3608636
16 78 3608640
16 57 3608649
16 20 3608650
16 85 3608658
16 15 3608665
16 56 3608671
16 74 3608676
16 91 3608682
16 36 3608682
16 22 3608685
16 47 3608690
16 54 3608690
16 10 3608697
16 40 3608704
16 67 3608711
16 55 3608719
16 48 3608726
16 62 3608727
16 51 3608729
16 50 3608737
16 84 3608746
17 24 3608750
17 21 3608757
17 81 3608760
17 49 3608762
17 87 3608771
17 89 3608777
17 8 3608780
17 76 3608785
17 52 3608791
17 78 3608793
17 63 3608795
17 84 3608797
17 4 3608799
17 29 3608801
17 51 3608810
17 70 3608811
17 26 3608815
17 2 3608824
17 73 3608831
17 69 3608832
17 83 3608841
17 54 3608843
17 36 3608849
17 48 3608856
17 90 3608858
17 28 3608860
17 91 3608865
17 27 3608873
17 10 3608882
17 79 3608884
17 35 3608885
17 15 3608885
17 82 3608890
17 77 3608899
17 20 3608904
17 30 3608907
17 50 3608907
17 46 3608913
17 6 3608918
17 31 3608923
17 61 3608924
17 45 3608927
17 80 3608933
17 62 3608938
17 1 3608939
17 32 3608944
17 38 3608944
17 71 3608952
17 76 3608957
17 6 3608963
17 20 3608964
17 27 3608970
17 70 3608978
17 4 3608987
17 15 3608994
17 56 3608998
17 84 3608999
17 63 3609008
17 73 3609009
17 9 3609013
17 18 3609013
17 60 3609015
17 37 3609015
17 71 3609022
17 19 3609027
17 90 3609034
17 16 3609039
17 8 3609045
17 2 3609045
17 42 3609048
17 12 3609055
17 75 3609064
17 23 3609069
17 34 3609077
17 65 3609080
17 32 3609085
17 45 3609089
17 10 3609089
17 54 3609094
17 61 3609097
17 62 3609106
17 55 3609112
17 82 3609112
17 41 3609119
17 1 3609121
17 66 3609129
17 24 3609131
17 44 3609138
17 38 3609138
17 46 3609140
17 39 3609142
17 49 3609144
17 86 3609151
17 33 3609157
17 48 3609161
18 21 3609164
18 23 3609171
18 70 3609178
18 61 3609179
18 27 3609179
18 64 3609179
18 4 3609187
18 85 3609192
18 24 3609198
18 26 3609203
18 71 3609204
18 0 3609211
18 50 3609211
18 72 3609213
18 48 3609220
18 67 3609225
18 7 3609229
18 32 3609233
18 36 3609234
18 37 3609237
18 26 3609238
18 66 3609239
18 33 3609243
18 11 3609251
18 12 3609256
18 39 3609261
18 81 3609263
18 67 3609266
18 40 3609266
18 3 3609271
18 35 3609272
18 24 3609274
18 46 3609276
18 0 3609285
19 88 3609289
19 69 3609298
19 54 3609302
19 28 3609311
19 50 3609313
19 14 3609316
19 80 3609321
19 35 3609325
19 16 3609328
19 82 3609329
19 40 3609337
19 0 3609343
19 90 3609346
19 89 3609348
19 73 3609353
19 4 3609359
19 30 3609364
19 68 3609365
19 67 3609365
19 79 3609370
19 61 3609371
19 21 3609376
19 59 3609376
19 32 3609379
19 66 3609381
19 8 3609385
19 23 3609385
19 77 3609392
19 3 3609398
19 33 3609406
19 34 3609410
19 44 3609419
19 78 3609424
19 72 3609428
19 87 3609436
19 46 3609441
19 17 3609447
19 52 3609455
19 25 3609459
19 57 3609466
19 58 3609472
19 20 3609476
19 12 3609481
19 91 3609488
19 55 3609493
19 62 3609498
19 21 3609498
19 78 3609506
19 77 3609510
19 84 3609518
19 34 3609522
19 14 3609527
19 25 3609533
19 76 3609540
19 50 3609544
19 26 3609553
19 57 3609553
19 13 3609562
19 75 3609570
19 79 3609573
19 17 3609577
19 16 3609582
19 51 3609585
19 2 3609586
19 35 3609593
19 47 3609596
19 81 3609598
19 15 3609604
19 52 3609606
19 38 3609608
19 22 3609613
19 39 3609614
19 0 3609614
19 5 3609616
19 41 3609618
19 31 3609619
19 8 3609621
19 89 3609627
19 20 3609628
19 43 3609635
19 32 3609640
19 56 3609641
19 29 3609643
19 9 3609651
19 36 3609660
19 88 3609661
19 83 3609662
19 80 3609667
19 42 3609676
20 51 3609679
20 66 3609680
20 10 3609689
20 65 3609690
20 38 3609697
20 30 3609700
20 34 3609707
20 80 3609713
20 59 3609718
20 18 3609719
20 77 3609727
20 84 3609734
20 46 3609740
20 53 3609747
20 71 3609752
20 81 3609756
20 50 3609762
20 47 3609768
20 78 3609777
20 13 3609779
20 7 3609788
20 64 3609794
20 54 3609794
20 28 3609803
20 72 3609804
20 26 3609810
20 0 3609810
20 37 3609817
20 88 3609817
20 8 3609821
20 89 3609827
20 56 3609831
20 65 3609836
20 4 3609838
20 27 3609842
20 56 3609850
20 77 3609856
20 84 3609858
20 80 3609867
20 82 3609874
20 43 3609881
20 34 3609886
20 9 3609894
20 69 3609895
20 31 3609901
20 91 3609904
20 44 3609913
20 37 3609922
20 29 3609922
20 63 3609930
20 10 3609939
20 51 3609945
20 64 3609945
20 39 3609954
20 33 3609960
20 40 3609962
20 76 3609964
20 13 3609967
20 50 3609969
20 68 3609969
20 54 3609969
20 36 3609978
20 24 3609987
20 83 3609987
20 87 3609991
20 41 3609994
20 73 3609996
20 58 3609998
20 59 3610003
20 28 3610005
20 92 3610010
20 70 3610013
21 14 3610021
21 59 3610030
21 48 3610030
21 90 3610032
21 29 3610032
21 16 3610032
22 41 3610037
22 77 3610044
22 5 3610045
22 30 3610053
22 18 3610057
22 11 3610065
22 3 3610071
22 55 3610080
22 87 3610080
22 14 3610089
22 43 3610090
23 40 3610093
23 25 3610098
23 34 3610107
23 33 3610116
23 15 3610125
23 49 3610128
23 20 3610130
23 82 3610131
23 8 3610139
23 92 3610139
23 50 3610139
23 79 3610140
23 73 3610146
23 62 3610153
23 2 3610155
23 27 3610159
23 47 3610159
23 5 3610168
23 58 3610173
23 18 3610175
23 70 3610181
23 4 3610185
23 24 3610191
23 11 3610194
23 59 3610199
23 17 3610207
23 69 3610207
23 19 3610209
23 9 3610213
23 55 3610217
23 39 3610222
23 80 3610228
23 21 3610230
23 16 3610232
23 41 3610238
23 56 3610245
23 29 3610249
23 87 3610253
23 31 3610261
23 77 3610262
23 84 3610263
23 30 3610267
23 90 3610267
23 36 3610274
23 76 3610280
23 57 3610286
23 64 3610289
23 35 3610293
23 10 3610294
23 68 3610298
23 32 3610300
23 51 3610306
23 48 3610314
23 26 3610317
23 46 3610326
23 75 3610329
23 86 3610337
23 67 3610340
23 74 3610342
23 1 3610345
23 37 3610345
23 60 3610353
23 43 3610357
23 72 3610358
23 46 3610360
23 76 3610365
23 15 3610367
23 65 3610368
23 2 3610371
23 48 3610379
23 31 3610384
23 20 3610384
23 41 3610393
23 62 3610400
23 64 3610400
23 12 3610403
23 85 3610405
23 22 3610407
23 50 3610409
23 7 3610413
23 81 3610422
23 28 3610423
23 11 3610423
23 18 3610424
23 70 3610433
23 6 3610442
23 75 3610443
23 58 3610447
23 77 3610449
23 52 3610452
23 45 3610457
23 29 3610464
23 9 3610468
23 43 3610476
23 10 3610485
23 19 3610487
23 87 3610493
23 84 3610496
23 66 3610503
23 72 3610512
23 89 3610520
23 51 3610526
23 55 3610535
23 57 3610543
23 5 3610546
23 17 3610554
23 88 3610558
23 3 3610563
23 37 3610565
23 38 3610568
23 27 3610568
23 80 3610568
23 0 3610572
23 78 3610576
23 82 3610585
23 24 3610592
23 42 3610598
23 53 3610600
23 34 3610606
23 59 3610615
23 56 3610623
23 54 3610627
23 16 3610627
24 5 3610627
24 34 3610628
24 92 3610636
24 63 3610644
24 62 3610645
24 47 3610652
24 91 3610657
24 50 3610662
24 60 3610668
24 90 3610672
24 74 3610678
24 32 3610680
24 53 3610687
24 61 3610687
24 8 3610696
24 11 3610697
24 81 3610703
24 20 3610703
24 25 3610705
24 36 3610713
24 33 3610718
24 42 3610719
24 19 3610721
24 48 3610724
24 39 3610727
24 16 3610731
24 22 3610739
24 58 3610746
24 55 3610751
24 74 3610757
24 86 3610762
24 57 3610764
24 10 3610767
24 45 3610767
24 61 3610775
24 52 3610780
24 89 3610787
24 82 3610788
24 84 3610792
24 50 3610801
24 67 3610805
24 56 3610812
24 69 3610815
24 4 3610821
24 18 3610829
24 79 3610836
24 32 3610845
24 23 3610847
24 33 3610855
24 26 3610856
24 87 3610857
24 1 3610862
24 20 3610862
24 91 3610871
24 63 3610873
24 15 3610880
24 76 3610880
24 35 3610885
25 90 3610893
25 79 3610896
25 16 3610901
25 62 3610901
25 3 3610904
25 72 3610912
25 39 3610918
25 29 3610924
25 66 3610927
25 71 3610929
25 10 3610931
25 86 3610932
25 78 3610937
25 43 3610940
25 67 3610944
25 92 3610947
25 27 3610947
25 15 3610951
25 45 3610959
25 82 3610966
25 59 3610973
25 34 3610978
25 17 3610980
25 7 3610980
25 61 3610989
25 32 3610998
25 6 3610999
25 53 3611002
25 18 3611002
25 89 3611011
25 23 3611012
25 12 3611021
25 85 3611023
25 50 3611028
25 55 3611033
25 68 3611033
25 31 3611039
25 49 3611047
25 21 3611056
25 44 3611056
25 5 3611063
25 0 3611065
25 84 3611071
25 88 3611074
25 41 3611079
25 33 3611083
25 19 3611087
25 91 3611090
25 4 3611093
25 69 3611093
25 24 3611100
25 57 3611106
25 80 3611108
25 54 3611113
25 42 3611119
25 81 3611122
25 83 3611130
25 22 3611135
25 56 3611137
25 65 3611146
25 26 3611149
25 40 3611149
25 64 3611156
25 49 3611163
25 69 3611165
25 11 3611170
25 51 3611173
25 38 3611181
25 7 3611184
25 30 3611191
25 61 3611197
25 0 3611206
25 91 3611211
25 52 3611214
25 75 3611223
25 45 3611232
25 3 3611233
25 20 3611240
25 23 3611246
25 62 3611254
25 21 3611255
25 43 3611261
25 24 3611264
25 89 3611272
25 6 3611280
25 4 3611285
25 33 3611293
25 36 3611295
25 35 3611295
25 83 3611301
25 73 3611309
25 34 3611310
25 57 3611312
25 41 3611321
25 22 3611321
25 81 3611322
25 1 3611329
25 16 3611337
25 85 3611342
25 63 3611347
25 76 3611354
25 78 3611354
25 90 3611357
25 32 3611363
25 12 3611364
25 68 3611369
25 86 3611369
25 74 3611370
25 48 3611370
25 5 3611372
25 84 3611381
25 67 3611388
25 65 3611388
25 8 3611397
25 56 3611398
25 37 3611402
25 88 3611410
25 77 3611413
25 70 3611413
25 80 3611419
25 27 3611423
25 31 3611427
26 67 3611428
26 50 3611429
26 49 3611438
26 90 3611442
26 32 3611444
26 65 3611451
26 21 3611456
26 78 3611459
26 20 3611466
26 39 3611473
26 4 3611481
26 9 3611486
26 34 3611486
26 88 3611494
26 68 3611497
26 8 3611501
26 86 3611502
26 15 3611505
26 31 3611511
26 57 3611515
26 16 3611516
26 46 3611519
26 55 3611527
26 79 3611529
26 22 3611531
26 69 3611534
26 73 3611537
26 48 3611545
26 81 3611547
26 11 3611548
26 29 3611554
26 23 3611563
26 18 3611565
26 63 3611568
26 36 3611569
26 55 3611571
26 83 3611571
26 28 3611571
26 62 3611575
26 37 3611576
26 45 3611579
26 60 3611581
26 4 3611583
26 51 3611592
26 68 3611596
26 54 3611602
26 30 3611605
26 41 3611605
26 40 3611610
26 16 3611614
26 35 3611622
26 2 3611628
26 53 3611630
26 81 3611636
26 0 3611640
26 14 3611648
26 76 3611651
26 32 3611655
26 70 3611657
26 10 3611657
26 48 3611662
26 20 3611670
26 65 3611673
26 12 3611674
26 78 3611679
26 3 3611684
26 84 3611686
26 90 3611695
27 29 3611699
27 83 3611699
27 75 3611706
27 4 3611714
27 28 3611719
27 38 3611723
27 91 3611724
27 57 3611729
27 2 3611730
27 44 3611739
27 1 3611746
27 69 3611754
27 3 3611760
27 61 3611763
27 24 3611771
27 41 3611775
27 5 3611781
27 17 3611786
27 87 3611795
27 71 3611797
27 15 3611803
27 89 3611803
27 19 3611812
27 36 3611813
27 35 3611813
27 8 3611815
27 65 3611821
27 48 3611828
27 46 3611828
27 47 3611829
27 25 3611837
27 12 3611840
27 79 3611848
27 92 3611853
27 68 3611860
27 10 3611867
27 50 3611874
27 86 3611881
27 64 3611888
27 21 3611888
27 9 3611894
27 53 3611903
27 90 3611905
27 58 3611914
27 11 3611917
27 42 3611917
27 51 3611922
27 52 3611924
27 13 3611931
27 26 3611935
27 7 3611941
27 30 3611944
27 67 3611950
27 33 3611952
27 56 3611959
27 37 3611959
27 0 3611960
27 26 3611963
27 78 3611971
27 23 3611978
27 45 3611987
27 72 3611988
27 47 3611995
27 64 3611997
27 92 3612005
27 66 3612009
27 32 3612010
27 60 3612010
27 22 3612017
27 6 3612019
27 3 3612022
27 68 3612025
27 59 3612032
27 89 3612034
27 46 3612037
27 10 3612039
27 35 3612042
27 56 3612050
27 61 3612053
27 11 3612062
27 12 3612065
27 73 3612070
27 54 3612078
27 44 3612082
27 86 3612088
27 51 3612092
27 28 3612097
27 15 3612098
27 82 3612105
27 90 3612110
27 79 3612111
27 9 3612117
27 25 3612125
27 58 3612132
27 52 3612134
27 5 3612135
27 81 3612144
27 50 3612148
27 34 3612155
27 53 3612159
27 71 3612165
27 84 3612168
27 37 3612169
27 31 3612178
27 21 3612181
27 29 3612187
27 57 3612194
27 62 3612195
27 67 3612199
27 20 3612202
27 41 3612203
27 14 3612206
27 19 3612207
27 80 3612210
27 40 3612214
27 49 3612222
27 88 3612229
28 49 3612234
28 92 3612235
28 57 3612235
28 83 3612236
28 62 3612243
28 73 3612246
28 77 3612251
28 46 3612255
28 41 3612259
28 22 3612267
28 44 3612275
28 52 3612283
28 34 3612290
28 38 3612293
28 11 3612294
28 58 3612302
28 33 3612306
28 35 3612312
28 88 3612312
28 80 3612314
28 87 3612316
28 66 3612322
28 14 3612324
28 16 3612331
28 43 3612334
28 31 3612341
28 47 3612342
28 42 3612348
28 90 3612356
28 54 3612356
28 81 3612361
28 17 3612365
28 7 3612365
28 79 3612365
28 1 3612366
28 64 3612367
28 72 3612369
28 67 3612371
28 18 3612378
28 2 3612385
28 50 3612387
28 70 3612390
28 86 3612394
28 76 3612400
28 2 3612407
28 56 3612409
28 33 3612413
28 63 3612417
28 40 3612419
28 67 3612419
28 14 3612426
28 30 3612432
28 41 3612434
28 23 3612439
28 18 3612447
28 65 3612456
28 72 3612461
28 59 3612470
28 13 3612475
28 68 3612484
28 88 3612485
28 91 3612488
28 85 3612493
28 5 3612501
28 34 3612501
28 78 3612504
28 47 3612505
28 21 3612509
28 36 3612513
28 0 3612520
28 81 3612529
28 24 3612531
28 86 3612540
28 49 3612546
28 42 3612555
28 7 3612558
28 10 3612560
28 8 3612566
28 74 3612569
28 44 3612569
28 9 3612573
28 60 3612581
28 53 3612588
28 82 3612594
28 77 3612596
28 50 3612602
28 52 3612608
28 83 3612615
28 64 3612621
28 19 3612623
28 3 3612627
29 47 3612630
29 16 3612632
29 35 3612640
29 86 3612645
29 34 3612646
29 7 3612650
29 41 3612654
29 89 3612659
29 80 3612664
29 67 3612669
29 21 3612674
29 43 3612677
29 62 3612681
29 88 3612682
29 28 3612683
29 40 3612692
29 32 3612692
29 57 3612699
29 75 3612704
29 54 3612709
29 85 3612714
29 18 3612722
29 3 3612727
29 15 3612734
29 56 3612737
29 25 3612739
29 59 3612748
29 76 3612753
29 27 3612753
29 84 3612753
29 51 3612754
29 70 3612761
29 55 3612766
29 11 3612767
29 49 3612771
29 74 3612774
29 48 3612781
29 50 3612782
29 68 3612782
29 9 3612789
29 0 3612790
29 15 3612797
29 38 3612806
29 18 3612806
29 54 3612814
29 2 3612820
29 75 3612823
29 92 3612823
29 33 3612823
29 81 3612828
29 35 3612832
29 86 3612839
29 61 3612845
29 82 3612854
29 22 3612854
29 46 3612859
29 1 3612863
29 64 3612867
29 17 3612874
29 84 3612875
29 53 3612877
29 72 3612885
29 59 3612885
29 47 3612893
29 37 3612899
29 32 3612903
29 91 3612903
29 39 3612904
29 11 3612909
29 49 3612913
29 28 3612917
29 5 3612921
29 40 3612926
29 63 3612926
29 51 3612926
30 84 3612926
30 11 3612927
30 62 3612936
30 75 3612936
30 47 3612941
30 63 3612947
30 15 3612955
30 19 3612964
30 36 3612968
30 86 3612977
30 20 3612978
30 72 3612985
30 0 3612994
30 18 3612995
30 70 3612999
30 28 3613007
30 61 3613016
30 80 3613019
30 45 3613023
30 51 3613023
30 68 3613026
30 92 3613035
30 83 3613044
30 43 3613051
30 82 3613055
30 85 3613063
30 90 3613072
30 6 3613073
30 29 3613077
30 65 3613085
30 17 3613089
30 81 3613094
30 37 3613102
30 67 3613109
30 2 3613110
30 73 3613116
30 10 3613118
30 4 3613123
30 60 3613126
30 33 3613135
30 41 3613140
30 76 3613145
30 56 3613154
30 69 3613160
30 21 3613166
30 22 3613174
30 13 3613177
30 40 3613186
30 54 3613195
30 71 3613203
30 46 3613206
30 26 3613214
30 35 3613223
30 46 3613230
30 92 3613231
30 70 3613235
30 42 3613239
30 45 3613241
30 43 3613241
30 64 3613242
30 58 3613248
30 4 3613257
30 82 3613264
30 7 3613266
30 8 3613269
30 77 3613271
30 50 3613279
30 83 3613286
30 89 3613289
30 16 3613298
30 81 3613304
30 27 3613312
30 91 3613313
30 40 3613322
30 53 3613328
30 55 3613334
30 47 3613341
30 20 3613343
30 1 3613347
30 86 3613355
30 78 3613359
30 29 3613363
30 31 3613372
30 59 3613380
30 90 3613385
30 73 3613393
30 67 3613397
30 65 3613403
30 51 3613407
30 6 3613410
30 61 3613416
30 88 3613424
30 13 3613429
30 0 3613435
30 68 3613443
30 11 3613448
30 9 3613451
30 52 3613452
30 38 3613453
30 3 3613460
32 36 3613467
32 81 3613468
32 89 3613475
32 88 3613480
32 16 3613482
32 37 3613482
32 9 3613483
32 24 3613486
32 15 3613487
32 80 3613494
32 45 3613502
32 62 3613509
32 44 3613517
32 8 3613526
32 38 3613532
32 31 3613538
32 42 3613547
32 13 3613555
32 29 3613557
32 64 3613562
32 53 3613568
32 30 3613569
32 21 3613577
32 61 3613583
32 60 3613589
32 13 3613591
32 42 3613593
32 12 3613602
32 78 3613605
32 5 3613607
32 90 3613613
32 26 3613619
32 31 3613626
32 16 3613630
32 38 3613633
32 28 3613640
32 87 3613649
32 34 3613652
32 0 3613652
32 52 3613654
32 74 3613663
32 44 3613670
32 81 3613675
32 17 3613681
32 25 3613681
32 40 3613682
32 39 3613689
32 57 3613696
32 49 3613704
32 55 3613706
32 36 3613706
32 73 3613706
32 41 3613712
33 22 3613717
33 46 3613723
33 66 3613727
33 87 3613729
34 20 3613738
34 76 3613746
34 42 3613754
34 4 3613758
34 62 3613762
34 59 3613764
34 0 3613773
34 57 3613776
34 60 3613780
34 17 3613780
34 26 3613786
34 14 3613795
34 25 3613801
34 56 3613801
34 77 3613802
34 52 3613806
34 33 3613809
34 71 3613809
34 23 3613811
34 81 3613818
34 48 3613818
34 13 3613825
34 86 3613831
34 19 3613831
34 89 3613832
34 16 3613835
34 12 3613842
34 6 3613845
34 22 3613852
34 64 3613855
34 75 3613860
34 83 3613866
34 28 3613868
34 68 3613872
34 49 3613880
34 46 3613883
34 58 3613891
34 27 3613895
34 72 3613904
34 35 3613907
34 40 3613907
34 43 3613910
34 15 3613913
34 21 3613921
34 10 3613926
34 85 3613926
34 38 3613926
34 82 3613931
34 31 3613934
34 36 3613942
34 74 3613942
34 53 3613951
34 13 3613960
34 60 3613967
34 55 3613973
34 86 3613982
34 52 3613984
34 81 3613987
34 38 3613991
34 23 3613993
34 14 3613996
34 78 3614001
34 73 3614002
34 64 3614005
34 21 3614012
34 39 3614017
34 28 3614017
34 40 3614019
34 20 3614028
34 61 3614028
34 22 3614028
34 66 3614033
34 50 3614036
34 57 3614037
34 65 3614044
34 46 3614053
34 51 3614056
34 6 3614058
34 85 3614062
34 43 3614070
34 75 3614071
34 11 3614080
34 31 3614083
34 10 3614087
34 7 3614093
34 90 3614102
34 2 3614103
34 26 3614105
34 29 3614109
34 84 3614109
34 19 3614110
34 48 3614114
34 67 3614123
34 47 3614131
34 4 3614134
34 30 3614138
34 54 3614138
34 24 3614138
34 79 3614146
34 9 3614153
34 80 3614161
34 68 3614168
35 75 3614175
35 34 3614175
35 63 3614177
35 32 3614178
35 39 3614184
35 24 3614187
35 26 3614188
35 68 3614191
35 64 3614193
35 61 3614198
35 3 3614202
35 56 3614211
35 91 3614219
35 28 3614228
35 12 3614235
35 8 3614236
35 18 3614238
35 87 3614239
35 78 3614240
35 81 3614240
35 77 3614241
35 86 3614250
35 57 3614257
35 90 3614261
35 33 3614263
35 69 3614272
35 51 3614274
35 1 3614279
35 13 3614283
35 0 3614285
35 50 3614294
35 36 3614297
35 20 3614304
35 48 3614309
35 17 3614313
35 54 3614320
35 49 3614324
35 21 3614331
35 16 3614340
35 31 3614348
35 19 3614350
35 71 3614355
35 10 3614362
35 47 3614363
35 66 3614367
35 62 3614369
35 27 3614372
35 74 3614379
35 45 3614386
35 76 3614391
35 7 3614395
35 29 3614398
35 84 3614404
35 40 3614410
35 13 3614411
35 22 3614411
35 32 3614414
35 19 3614417
35 17 3614419
35 74 3614423
35 70 3614426
35 78 3614426
35 8 3614432
35 21 3614435
35 53 3614444
35 82 3614446
35 90 3614452
35 3 3614461
35 91 3614464
35 51 3614471
35 48 3614475
35 27 3614479
35 14 3614488
35 72 3614497
35 73 3614501
35 33 3614505
35 1 3614511
35 43 3614511
35 11 3614517
35 40 3614526
35 37 3614531
35 25 3614533
35 58 3614535
35 4 3614535
35 59 3614542
35 75 3614543
35 56 3614550
35 34 3614559
35 55 3614567
35 5 3614575
35 20 3614580
35 88 3614586
35 26 3614593
35 44 3614602
35 6 3614608
35 77 3614615
35 61 3614615
35 71 3614616
35 81 3614619
35 65 3614627
35 69 3614632
35 52 3614638
35 76 3614646
35 57 3614649
35 83 3614650
35 29 3614653
35 85 3614662
36 15 3614664
36 40 3614668
36 58 3614672
36 25 3614679
36 72 3614687
36 82 3614696
36 41 3614697
36 53 3614697
36 17 3614705
36 80 3614710
36 31 3614716
36 45 3614721
36 18 3614727
36 39 3614736
36 32 3614739
36 10 3614744
36 37 3614750
36 42 3614759
36 21 3614768
36 24 3614774
36 50 3614775
36 75 3614776
36 65 3614785
36 79 3614794
36 84 3614799
36 8 3614803
36 2 3614808
36 19 3614817
36 9 3614817
36 27 3614826
36 77 3614829
36 3 3614834
36 56 3614835
36 11 3614837
36 90 3614846
36 20 3614853
36 35 3614862
36 43 3614865
36 67 3614868
36 51 3614870
36 71 3614877
36 40 3614881
36 65 3614887
36 58 3614894
36 48 3614901
36 59 3614901
36 66 3614907
36 17 3614916
36 90 3614917
36 64 3614926
36 7 3614935
36 44 3614939
36 39 3614939
36 52 3614944
36 60 3614945
36 16 3614945
36 84 3614952
36 86 3614957
36 62 3614959
36 35 3614959
36 53 3614966
36 46 3614973
36 92 3614980
36 24 3614981
36 55 3614987
36 76 3614992
36 31 3614995
36 85 3614996
36 6 3615000
36 75 3615006
36 41 3615011
36 47 3615018
36 81 3615025
36 68 3615028
36 70 3615035
36 26 3615042
36 5 3615049
37 47 3615053
37 80 3615057
37 72 3615063
37 34 3615067
37 78 3615075
37 26 3615077
37 68 3615077
37 13 3615084
37 10 3615084
37 20 3615093
37 36 3615094
37 5 3615103
37 28 3615111
37 77 3615112
37 6 3615115
37 57 3615119
37 52 3615128
37 8 3615134
37 45 3615134
37 30 3615135
37 38 3615138
37 25 3615138
37 86 3615138
37 92 3615139
37 65 3615147
37 29 3615154
37 16 3615158
37 62 3615160
37 43 3615161
37 63 3615165
37 0 3615165
37 53 3615173
37 73 3615177
37 91 3615185
37 22 3615193
37 90 3615201
37 76 3615204
37 21 3615208
37 18 3615212
37 48 3615216
37 51 3615219
37 9 3615228
37 31 3615231
37 39 3615235
37 71 3615235
37 27 3615244
37 55 3615246
37 74 3615247
37 15 3615252
37 19 3615259
37 2 3615267
37 23 3615267
37 85 3615268
37 84 3615273
37 3 3615280
37 66 3615287
37 70 3615296
37 82 3615303
37 83 3615310
37 5 3615319
37 16 3615327
37 11 3615336
37 36 3615337
37 48 3615340
37 4 3615343
37 62 3615343
37 74 3615348
37 39 3615348
37 91 3615354
37 87 3615357
37 47 3615360
37 43 3615364
37 53 3615365
37 22 3615369
37 1 3615372
37 19 3615381
37 33 3615388
37 52 3615392
37 32 3615393
37 38 3615395
37 50 3615401
37 82 3615404
37 28 3615408
37 88 3615414
37 70 3615423
37 9 3615429
37 77 3615433
37 7 3615433
37 17 3615437
37 57 3615437
37 40 3615443
37 76 3615452
37 29 3615460
37 59 3615462
37 44 3615471
37 73 3615471
37 56 3615477
37 79 3615485
37 68 3615490
37 71 3615492
37 6 3615497
37 90 3615498
37 65 3615500
37 55 3615504
37 63 3615509
37 15 3615514
37 41 3615515
37 10 3615521
37 58 3615528
37 84 3615536
37 61 3615536
37 80 3615543
37 54 3615546
37 49 3615549
37 8 3615551
37 14 3615556
37 69 3615562
38 19 3615568
38 48 3615569
38 5 3615578
38 17 3615582
38 83 3615589
38 81 3615593
38 61 3615598
38 47 3615599
38 73 3615604
38 55 3615610
38 7 3615619
38 44 3615623
38 6 3615625
38 28 3615627
38 66 3615628
38 29 3615628
38 30 3615630
38 59 3615634
38 53 3615640
38 33 3615647
38 51 3615649
38 2 3615653
38 65 3615659
38 46 3615659
38 22 3615665
38 42 3615672
38 15 3615678
38 91 3615680
38 18 3615686
38 78 3615689
38 75 3615696
38 26 3615699
38 70 3615705
38 76 3615709
38 39 3615709
38 23 3615713
38 43 3615713
38 62 3615720
38 35 3615724
38 49 3615729
38 32 3615734
38 30 3615737
38 39 3615742
38 25 3615747
38 81 3615752
38 62 3615755
38 42 3615762
38 68 3615766
38 29 3615774
38 35 3615779
38 5 3615784
38 45 3615791
38 85 3615791
38 50 3615800
38 28 3615809
38 37 3615811
38 56 3615820
38 90 3615822
38 7 3615825
38 67 3615831
38 49 3615838
38 60 3615839
38 86 3615845
38 80 3615847
38 3 3615855
38 65 3615860
38 74 3615860
38 51 3615864
38 16 3615866
38 91 3615870
38 70 3615876
38 23 3615878
38 14 3615879
38 76 3615880
38 61 3615883
38 53 3615885
38 21 3615887
38 77 3615891
38 48 3615893
38 59 3615899
38 79 3615908
38 54 3615915
38 69 3615916
38 47 3615920
39 20 3615923
39 48 3615923
39 71 3615932
39 17 3615936
39 52 3615941
39 68 3615945
39 34 3615945
39 8 3615954
39 16 3615962
39 56 3615970
39 47 3615978
39 6 3615980
39 57 3615984
39 58 3615990
39 24 3615998
39 27 3616001
39 31 3616008
39 38 3616011
39 55 3616020
39 9 3616028
39 51 3616030
39 76 3616038
39 33 3616038
39 87 3616045
39 35 3616052
39 70 3616061
39 43 3616067
39 19 3616068
39 50 3616075
39 37 3616076
39 86 3616079
39 29 3616087
39 15 3616096
39 60 3616104
39 18 3616104
39 89 3616105
39 88 3616108
39 10 3616110
39 26 3616115
39 85 3616124
39 45 3616124
39 69 3616127
39 40 3616132
39 32 3616140
39 5 3616148
39 63 3616157
39 28 3616164
39 84 3616168
39 4 3616168
39 73 3616172
39 81 3616180
39 53 3616182
39 30 3616186
39 65 3616189
39 36 3616192
39 54 3616195
39 80 3616197
39 13 3616202
39 91 3616209
39 42 3616211
39 59 3616214
39 78 3616223
39 46 3616223
39 37 3616228
39 58 3616233
39 15 3616238
39 74 3616242
39 92 3616244
39 81 3616249
39 30 3616253
39 51 3616262
39 49 3616271
39 36 3616272
39 41 3616277
39 61 3616281
39 14 3616288
39 35 3616291
39 44 3616297
39 83 3616300
39 66 3616300
39 89 3616309
39 20 3616310
39 57 3616314
39 8 3616319
39 25 3616326
39 76 3616332
39 67 3616338
39 31 3616344
39 80 3616345
39 2 3616349
39 47 3616355
39 16 3616360
39 6 3616367
39 22 3616367
39 42 3616369
39 90 3616378
39 0 3616385
39 75 3616389
39 50 3616398
39 54 3616407
39 68 3616407
39 84 3616412
39 13 3616415
39 27 3616416
39 46 3616425
39 62 3616428
39 48 3616431
39 38 3616433
39 85 3616436
39 72 3616436
39 77 3616436
39 34 3616445
39 33 3616452
39 73 3616459
39 19 3616467
39 78 3616471
39 45 3616471
39 52 3616480
39 43 3616486
39 88 3616487
39 29 3616488
39 63 3616488
39 91 3616496
39 79 3616500
40 74 3616505
40 61 3616514
40 50 3616518
40 9 3616523
40 35 3616526
40 51 3616528
40 65 3616528
40 5 3616533
40 13 3616540
40 88 3616545
40 44 3616545
40 43 3616546
40 54 3616552
40 89 3616555
40 19 3616556
40 32 3616565
40 73 3616567
40 57 3616575
40 12 3616582
40 37 3616584
40 69 3616585
40 34 3616588
40 29 3616588
40 92 3616591
40 11 3616593
40 60 3616600
40 78 3616609
40 24 3616609
40 49 3616614
40 7 3616622
40 27 3616631
40 87 3616634
40 48 3616636
40 41 3616636
40 77 3616644
40 23 3616651
40 10 3616657
40 33 3616662
40 2 3616664
40 45 3616664
40 47 3616672
40 72 3616680
40 46 3616687
40 28 3616688
40 62 3616693
40 70 3616702
40 16 3616711
40 38 3616716
40 4 3616720
40 3 3616720
40 52 3616726
40 6 3616731
40 76 3616736
40 66 3616737
40 56 3616744
40 83 3616747
40 21 3616755
40 75 3616762
40 20 3616766
40 90 3616768
40 25 3616777
40 43 3616785
40 76 3616790
40 92 3616797
40 12 3616805
40 49 3616809
40 20 3616810
40 0 3616818
40 22 3616826
40 57 3616832
40 15 3616838
40 19 3616847
40 16 3616854
40 36 3616855
40 42 3616860
40 70 3616864
40 65 3616865
40 38 3616872
40 48 3616879
40 68 3616886
40 81 3616888
40 79 3616888
40 85 3616894
40 33 3616903
40 41 3616903
40 14 3616904
40 18 3616912
40 63 3616913
40 28 3616920
40 30 3616924
40 90 3616929
40 7 3616936
40 59 3616943
40 34 3616948
40 60 3616950
40 31 3616951
40 87 3616959
40 71 3616962
40 69 3616967
40 84 3616975
40 39 3616975
40 88 3616983
40 46 3616989
40 24 3616989
40 9 3616996
40 73 3617005
40 21 3617008
40 74 3617016
40 67 3617019
40 58 3617020
40 25 3617020
40 1 3617027
40 61 3617036
40 77 3617038
40 55 3617045
40 4 3617048
40 53 3617056
40 27 3617059
41 90 3617066
41 1 3617068
42 47 3617075
42 16 3617079
42 81 3617086
42 24 3617095
42 67 3617099
42 15 3617105
42 65 3617108
42 32 3617114
42 58 3617119
42 80 3617124
42 38 3617132
42 8 3617137
42 59 3617145
42 0 3617149
42 25 3617150
42 12 3617150
42 86 3617154
42 2 3617161
42 74 3617169
42 10 3617173
42 75 3617180
42 48 3617183
42 77 3617189
42 88 3617190
42 44 3617199
42 14 3617208
42 72 3617217
42 37 3617219
42 82 3617223
42 3 3617226
42 7 3617227
42 89 3617235
42 91 3617241
42 92 3617242
42 87 3617245
42 78 3617247
42 53 3617252
42 26 3617259
42 39 3617265
42 18 3617272
42 90 3617277
42 70 3617282
42 6 3617286
42 46 3617295
42 54 3617304
42 56 3617305
42 36 3617312
42 50 3617321
42 11 3617322
42 27 3617329
42 23 3617329
42 31 3617337
42 89 3617345
42 62 3617348
42 21 3617349
42 90 3617349
42 57 3617354
42 51 3617358
42 56 3617360
42 63 3617360
42 52 3617368
42 7 3617375
42 11 3617382
42 87 3617391
42 81 3617395
42 59 3617399
42 58 3617400
42 88 3617408
42 54 3617411
42 39 3617412
42 2 3617420
42 26 3617429
42 80 3617430
42 22 3617430
42 13 3617432
42 4 3617438
42 25 3617442
42 69 3617447
42 8 3617455
42 68 3617460
42 29 3617462
42 12 3617464
42 53 3617472
42 41 3617473
42 66 3617480
42 64 3617487
42 47 3617494
42 74 3617496
42 65 3617500
42 84 3617501
42 28 3617506
42 0 3617513
42 73 3617516
42 70 3617524
42 1 3617532
42 83 3617537
42 30 3617537
42 27 3617539
42 72 3617542
42 40 3617542
42 38 3617542
42 3 3617547
42 75 3617550
42 50 3617554
43 67 3617558
43 2 3617562
43 19 3617564
43 86 3617572
43 17 3617573
43 53 3617573
43 20 3617573
43 91 3617578
43 10 3617578
43 80 3617582
43 60 3617588
43 33 3617592
43 85 3617593
43 5 3617601
43 15 3617605
43 31 3617610
43 28 3617614
43 76 3617614
43 82 3617619
43 74 3617623
43 78 3617632
43 1 3617633
43 59 3617635
44 69 3617640
44 70 3617647
44 92 3617656
44 17 3617665
44 51 3617665
44 45 3617666
44 21 3617670
44 46 3617675
44 5 3617679
44 58 3617685
44 30 3617685
44 43 3617686
44 67 3617687
44 12 3617690
44 1 3617697
44 71 3617706
44 42 3617712
44 52 3617721
44 80 3617730
44 72 3617730
44 76 3617738
44 9 3617740
44 39 3617749
44 7 3617749
44 24 3617758
44 82 3617759
44 40 3617759
44 35 3617765
44 87 3617772
44 61 3617772
44 85 3617780
44 68 3617789
44 53 3617789
44 22 3617791
44 73 3617798
44 86 3617803
44 3 3617806
44 34 3617809
44 74 3617812
44 38 3617820
44 59 3617820
44 25 3617824
44 84 3617828
44 64 3617829
44 37 3617829
44 10 3617832
44 91 3617834
44 20 3617840
44 27 3617845
44 48 3617846
44 8 3617847
44 33 3617856
44 31 3617861
44 63 3617862
44 16 3617869
44 65 3617876
44 78 3617879
44 57 3617882
44 62 3617890
44 42 3617894
44 91 3617895
44 74 3617903
44 19 3617906
44 13 3617911
44 24 3617919
44 14 3617921
44 67 3617927
44 31 3617934
44 57 3617938
44 65 3617940
44 88 3617945
44 26 3617950
44 45 3617956
44 6 3617964
44 84 3617973
44 32 3617982
44 27 3617985
44 71 3617988
44 25 3617993
44 15 3617997
44 51 3617998
44 11 3618001
44 29 3618003
44 92 3618009
44 69 3618016
44 83 3618023
44 18 3618027
44 23 3618029
44 53 3618032
44 28 3618036
44 39 3618037
44 3 3618041
44 73 3618047
44 59 3618051
44 41 3618056
44 17 3618060
44 4 3618067
44 36 3618067
44 68 3618074
44 75 3618079
44 82 3618079
44 64 3618080
44 35 3618085
44 47 3618090
44 86 3618092
44 10 3618099
44 55 3618108
44 37 3618112
44 54 3618114
44 79 3618123
45 70 3618131
45 23 3618133
45 75 3618137
45 17 3618141
45 61 3618142
45 40 3618151
45 46 3618151
45 16 3618157
45 62 3618165
45 66 3618168
45 37 3618170
45 64 3618177
45 27 3618178
45 48 3618185
45 21 3618188
45 52 3618197
45 89 3618201
45 47 3618207
45 74 3618212
45 26 3618217
45 78 3618225
45 87 3618225
45 24 3618232
45 13 3618234
45 73 3618242
45 57 3618246
45 72 3618250
45 43 3618259
45 8 3618267
45 70 3618271
45 31 3618279
45 63 3618287
45 35 3618293
45 50 3618300
45 87 3618301
45 5 3618308
45 89 3618309
45 59 3618309
45 28 3618311
45 81 3618314
45 85 3618321
45 26 3618327
45 54 3618336
45 3 3618341
45 51 3618342
45 72 3618347
45 58 3618350
45 13 3618359
45 29 3618367
45 56 3618369
45 67 3618370
45 64 3618373
45 90 3618378
45 47 3618382
45 71 3618384
45 18 3618386
45 65 3618386
46 35 3618391
46 51 3618400
46 86 3618405
46 64 3618412
46 91 3618412
46 62 3618412
46 42 3618413
46 2 3618413
46 79 3618419
46 37 3618428
46 40 3618432
46 88 3618440
46 29 3618447
46 12 3618450
46 7 3618457
46 28 3618466
46 32 3618467
46 31 3618469
46 36 3618471
46 3 3618475
46 69 3618475
46 27 3618481
46 23 3618485
46 39 3618488
46 81 3618488
46 80 3618494
46 41 3618498
46 17 3618506
46 5 3618515
46 70 3618515
46 11 3618517
46 15 3618524
46 76 3618527
46 44 3618529
46 18 3618538
46 52 3618545
46 53 3618552
46 0 3618556
46 63 3618565
46 73 3618571
46 25 3618576
46 43 3618584
46 4 3618593
46 68 3618601
46 34 3618609
46 82 3618617
46 71 3618618
46 87 3618619
46 54 3618619
46 24 3618620
46 38 3618623
46 35 3618625
46 40 3618633
46 8 3618634
46 22 3618640
46 81 3618643
46 51 3618647
46 30 3618651
46 53 3618652
46 17 3618661
46 48 3618665
46 36 3618666
46 62 3618672
46 88 3618681
46 50 3618684
46 70 3618692
46 73 3618694
46 20 3618697
46 56 3618705
46 54 3618712
46 21 3618718
46 28 3618719
46 10 3618723
46 59 3618723
46 31 3618724
46 23 3618727
46 87 3618736
46 3 3618737
46 74 3618744
46 45 3618750
46 26 3618751
46 44 3618759
46 64 3618765
46 72 3618774
46 39 3618780
46 75 3618788
46 52 3618792
46 24 3618798
46 12 3618805
46 57 3618805
46 29 3618805
46 9 3618812
46 43 3618821
46 85 3618826
46 67 3618834
46 61 3618841
46 4 3618841
46 79 3618849
47 69 3618852
47 89 3618861
47 0 3618866
47 64 3618868
47 60 3618869
47 7 3618869
47 61 3618870
47 67 3618877
47 43 3618883
47 80 3618886
47 36 3618894
47 74 3618894
47 84 3618903
47 48 3618906
47 54 3618907
47 6 3618908
47 59 3618909
47 34 3618918
47 56 3618921
47 85 3618928
50 61 3618933
50 63 3618937
50 90 3618940
50 60 3618945
50 75 3618949
50 48 3618954
50 82 3618962
50 92 3618965
50 15 3618970
50 76 3618976
50 56 3618985
50 80 3618986
50 39 3618990
50 11 3618995
50 84 3619003
50 58 3619005
50 28 3619012
50 89 3619016
50 42 3619017
50 78 3619024
50 41 3619026
50 53 3619032
50 81 3619033
50 6 3619034
50 21 3619039
50 64 3619040
50 73 3619046
50 83 3619047
50 19 3619053
50 9 3619053
50 70 3619060
50 40 3619065
50 36 3619066
50 17 3619070
50 91 3619072
50 25 3619076
50 30 3619081
50 31 3619085
50 1 3619085
50 18 3619085
50 26 3619094
50 67 3619099
50 20 3619105
50 62 3619108
50 12 3619108
50 2 3619114
50 24 3619117
50 54 3619123
50 49 3619125
50 71 3619127
50 4 3619130
50 8 3619130
50 23 3619136
50 74 3619136
50 86 3619136
50 57 3619138
50 67 3619146
50 2 3619146
50 51 3619147
50 65 3619154
50 69 3619156
50 79 3619158
50 55 3619167
50 37 3619174
50 80 3619179
50 14 3619188
50 57 3619197
50 88 3619206
50 38 3619207
50 62 3619211
50 71 3619214
50 82 3619215
50 47 3619224
50 33 3619225
50 48 3619226
50 16 3619228
50 0 3619230
50 5 3619239
50 59 3619241
50 58 3619246
50 8 3619249
50 19 3619258
50 9 3619259
50 28 3619267
50 35 3619274
50 36 3619282
50 70 3619285
50 30 3619290
50 49 3619291
50 29 3619293
50 91 3619298
50 87 3619304
50 90 3619308
50 76 3619309
50 15 3619312
50 26 3619314
50 32 3619319
50 63 3619322
50 24 3619324
50 72 3619327
50 34 3619330
50 4 3619334
50 22 3619336
50 46 3619341
50 77 3619345
50 45 3619351
50 41 3619356
50 25 3619356
50 64 3619365
50 74 3619373
51 44 3619375
51 43 3619380
51 14 3619389
51 38 3619396
51 62 3619402
51 31 3619408
51 65 3619408
51 33 3619409
51 46 3619417
51 86 3619425
51 79 3619426
51 91 3619430
51 2 3619436
51 27 3619445
51 49 3619453
51 18 3619462
51 88 3619470
51 17 3619471
51 10 3619476
52 29 3619484
52 81 3619487
52 42 3619496
52 63 3619502
52 59 3619505
52 3 3619511
52 34 3619519
52 80 3619528
52 77 3619529
52 14 3619538
52 57 3619539
52 37 3619548
52 4 3619556
52 13 3619559
52 40 3619566
52 43 3619570
52 41 3619572
52 48 3619573
52 12 3619577
52 83 3619581
52 27 3619581
52 62 3619581
52 3 3619586
52 17 3619592
52 14 3619593
52 18 3619593
52 11 3619593
52 29 3619597
52 71 3619599
52 87 3619605
52 80 3619607
52 27 3619607
52 63 3619610
52 56 3619617
52 92 3619621
52 51 3619621
52 82 3619629
52 30 3619633
52 46 3619636
52 64 3619636
52 1 3619637
52 45 3619640
52 69 3619647
52 77 3619650
52 24 3619653
53 88 3619657
53 11 3619666
53 30 3619670
53 38 3619679
53 89 3619683
53 70 3619687
53 29 3619690
53 31 3619692
53 2 3619694
53 90 3619699
53 43 3619706
53 75 3619710
53 77 3619717
53 9 3619720
53 1 3619720
53 0 3619726
53 36 3619730
54 44 3619737
54 88 3619746
54 83 3619749
54 21 3619758
54 69 3619763
54 90 3619765
54 53 3619769
54 61 3619773
54 82 3619775
54 38 3619783
54 2 3619790
54 86 3619791
54 35 3619800
54 5 3619806
54 43 3619808
54 37 3619812
54 59 3619821
54 1 3619824
54 42 3619828
54 41 3619837
54 76 3619840
54 65 3619846
54 67 3619853
54 92 3619859
54 87 3619860
54 19 3619861
54 4 3619863
54 29 3619868
54 16 3619869
54 71 3619869
54 89 3619877
54 60 3619877
54 46 3619882
54 74 3619885
54 2 3619886
54 0 3619888
54 26 3619892
54 52 3619894
54 15 3619902
54 79 3619907
54 50 3619912
54 91 3619916
54 1 3619916
54 88 3619925
54 87 3619933
54 49 3619940
54 24 3619942
54 57 3619947
54 59 3619953
54 21 3619962
54 9 3619966
54 85 3619971
54 69 3619971
54 72 3619979
55 70 3619982
55 41 3619983
55 18 3619986
55 28 3619986
55 36 3619988
55 69 3619995
55 53 3619998
55 58 3620004
55 57 3620008
55 10 3620010
55 0 3620010
55 87 3620012
55 24 3620015
55 46 3620016
55 19 3620020
55 2 3620026
55 12 3620033
55 77 3620036
55 67 3620037
55 31 3620040
55 26 3620044
55 80 3620046
55 89 3620046
55 51 3620055
55 15 3620062
55 38 3620069
55 17 3620076
55 83 3620085
55 34 3620085
55 27 3620085
55 86 3620091
55 32 3620098
55 64 3620104
55 29 3620112
55 17 3620121
55 27 3620127
55 3 3620128
55 35 3620130
55 45 3620131
55 41 3620133
55 36 3620134
55 86 3620134
55 70 3620136
55 34 3620136
55 11 3620138
55 1 3620143
55 74 3620146
55 15 3620152
55 40 3620154
55 13 3620154
55 20 3620157
55 78 3620166
55 46 3620174
55 66 3620177
55 71 3620178
55 72 3620183
55 79 3620192
55 83 3620197
55 18 3620205
55 29 3620214
55 81 3620219
55 26 3620228
55 65 3620232
55 28 3620239
55 39 3620248
55 31 3620248
55 2 3620251
55 57 3620252
56 27 3620256
56 81 3620260
56 13 3620260
56 14 3620260
56 23 3620266
56 48 3620267
56 6 3620276
56 19 3620278
56 36 3620281
56 69 3620286
56 60 3620286
56 64 3620293
56 58 3620298
56 92 3620303
56 12 3620304
56 54 3620309
56 2 3620313
56 52 3620319
56 45 3620323
56 55 3620328
56 67 3620331
56 21 3620331
56 43 3620332
56 80 3620337
56 29 3620344
56 53 3620348
56 28 3620355
56 79 3620358
56 47 3620361
56 88 3620361
56 33 3620367
56 3 3620370
56 47 3620379
56 27 3620384
56 32 3620390
56 41 3620392
56 77 3620400
56 61 3620402
56 75 3620403
56 28 3620407
56 18 3620416
56 81 3620421
56 39 3620421
56 6 3620430
56 86 3620439
56 66 3620448
56 63 3620454
56 20 3620458
56 21 3620466
56 36 3620466
56 59 3620475
56 62 3620476
56 35 3620485
56 22 3620490
56 76 3620491
56 64 3620499
56 65 3620499
56 44 3620507
56 91 3620514
56 71 3620518
56 90 3620523
57 31 3620528
57 4 3620533
57 69 3620541
57 72 3620544
57 9 3620545
57 24 3620554
57 3 3620555
57 5 3620561
57 10 3620567
57 70 3620575
57 73 3620576
57 66 3620581
57 17 3620589
57 82 3620597
57 41 3620605
57 1 3620608
57 48 3620615
58 22 3620622
58 60 3620623
58 81 3620625
58 45 3620627
58 83 3620630
58 65 3620638
58 23 3620644
58 31 3620647
58 19 3620655
58 48 3620661
58 20 3620662
58 55 3620666
58 41 3620668
58 7 3620669
58 49 3620672
58 69 3620674
58 67 3620675
58 70 3620680
58 43 3620686
58 6 3620692
58 79 3620695
58 38 3620701
58 62 3620702
58 17 3620704
58 61 3620705
58 91 3620708
58 90 3620717
58 72 3620717
58 80 3620718
58 50 3620727
58 44 3620728
58 53 3620728
58 87 3620734
58 9 3620735
58 5 3620737
58 46 3620741
58 12 3620746
58 37 3620754
58 63 3620763
58 42 3620772
58 40 3620773
58 14 3620778
58 85 3620779
58 10 3620785
58 73 3620789
58 88 3620795
58 57 3620800
58 25 3620801
58 89 3620808
58 4 3620808
58 51 3620810
58 86 3620810
58 11 3620814
58 1 3620822
58 75 3620825
58 18 3620831
58 28 3620840
58 31 3620842
58 4 3620847
58 2 3620849
58 59 3620858
58 69 3620865
58 64 3620873
58 28 3620876
58 51 3620879
58 10 3620879
58 11 3620887
58 56 3620887
58 17 3620891
58 24 3620894
58 29 3620900
58 20 3620905
58 9 3620906
58 38 3620911
58 83 3620915
58 50 3620920
58 66 3620926
58 89 3620927
58 62 3620931
58 75 3620933
58 26 3620935
58 48 3620938
58 63 3620947
58 88 3620950
58 91 3620959
58 7 3620962
58 92 3620966
58 87 3620971
58 35 3620980
58 47 3620984
58 42 3620992
58 49 3620995
58 36 3621003
58 27 3621011
58 79 3621012
58 68 3621015
58 73 3621021
58 60 3621030
58 5 3621031
58 13 3621033
58 14 3621034
58 8 3621040
58 44 3621041
58 40 3621042
58 77 3621046
58 43 3621052
58 52 3621056
58 1 3621058
59 72 3621065
59 66 3621067
59 22 3621068
59 58 3621070
59 57 3621072
59 73 3621080
60 16 3621081
60 57 3621086
60 87 3621092
60 17 3621095
60 65 3621099
60 76 3621100
60 75 3621105
60 74 3621113
60 53 3621120
60 48 3621122
60 61 3621131
60 3 3621136
60 1 3621142
60 11 3621146
60 68 3621151
60 72 3621155
60 59 3621157
60 10 3621159
60 53 3621159
60 42 3621165
60 2 3621174
60 15 3621182
60 83 3621188
60 54 3621194
60 10 3621198
60 77 3621203
60 46 3621207
60 7 3621207
60 36 3621210
60 14 3621212
60 43 3621214
60 59 3621223
60 84 3621224
60 31 3621226
60 51 3621229
61 11 3621237
61 37 3621239
61 73 3621245
61 55 3621247
61 24 3621251
61 29 3621256
61 75 3621256
61 81 3621257
61 89 3621262
61 32 3621271
61 39 3621280
61 56 3621281
61 15 3621288
61 70 3621289
61 57 3621297
61 22 3621300
61 80 3621301
61 7 3621303
61 87 3621308
61 83 3621310
61 3 3621315
61 68 3621319
61 64 3621328
61 88 3621328
61 10 3621335
61 63 3621340
61 92 3621341
61 51 3621343
61 66 3621352
61 77 3621352
61 40 3621359
61 60 3621362
61 9 3621369
61 91 3621378
61 50 3621385
61 25 3621388
61 35 3621391
61 45 3621391
61 58 3621398
61 5 3621401
61 1 3621410
61 31 3621415
61 67 3621422
61 26 3621428
61 82 3621434
61 43 3621441
61 27 3621445
61 18 3621453
61 74 3621458
61 78 3621463
61 2 3621469
61 50 3621475
61 62 3621480
61 69 3621488
61 92 3621497
61 47 3621505
61 57 3621512
61 60 3621516
61 9 3621521
61 4 3621526
61 84 3621535
61 24 3621539
61 0 3621540
61 82 3621541
61 10 3621548
61 43 3621555
61 58 3621562
61 81 3621566
61 25 3621575
61 3 3621582
61 63 3621585
61 17 3621591
61 14 3621598
61 5 3621607
61 26 3621612
61 37 3621614
61 66 3621616
61 59 3621621
61 87 3621626
61 30 3621626
61 65 3621634
61 22 3621636
61 41 3621640
61 73 3621646
61 8 3621648
61 70 3621657
61 28 3621659
61 19 3621660
61 56 3621663
61 7 3621672
61 88 3621677
61 21 3621682
61 18 3621691
61 40 3621700
61 31 3621700
62 61 3621700
62 89 3621706
62 7 3621707
62 11 3621713
62 69 3621716
63 79 3621716
63 81 3621720
63 55 3621723
63 74 3621730
63 5 3621730
63 82 3621732
63 13 3621736
63 33 3621737
63 18 3621737
63 57 3621742
63 69 3621744
63 76 3621747
63 85 3621750
63 40 3621757
63 88 3621764
63 17 3621770
63 58 3621770
63 67 3621771
63 83 3621780
63 44 3621787
63 92 3621788
63 16 3621792
63 38 3621793
63 19 3621801
63 2 3621804
63 64 3621804
63 7 3621811
63 12 3621817
63 87 3621824
63 34 3621829
63 35 3621831
63 25 3621835
63 49 3621837
63 31 3621837
63 78 3621841
63 60 3621847
63 39 3621848
63 11 3621851
63 37 3621853
63 30 3621857
63 24 3621861
63 26 3621868
63 65 3621874
63 75 3621880
63 9 3621885
63 71 3621885
63 54 3621885
63 48 3621892
63 80 3621896
63 58 3621898
63 40 3621902
63 71 3621908
63 19 3621914
63 37 3621915
63 29 3621920
63 35 3621921
63 10 3621930
63 47 3621937
63 66 3621944
63 28 3621947
63 92 3621948
63 60 3621949
63 73 3621952
63 43 3621959
63 15 3621965
63 80 3621970
63 3 3621978
63 41 3621979
63 21 3621982
63 12 3621984
63 88 3621992
63 57 3621997
63 31 3621997
63 9 3622003
63 38 3622003
63 6 3622005
63 2 3622011
63 70 3622012
63 55 3622020
63 8 3622027
63 18 3622028
63 11 3622028
63 4 3622033
63 34 3622034
63 33 3622038
63 65 3622045
63 67 3622053
63 22 3622061
63 90 3622070
63 13 3622072
63 17 3622078
63 23 3622083
63 52 3622090
63 74 3622092
63 0 3622098
63 61 3622103
63 42 3622112
63 16 3622121
64 24 3622123
64 50 3622128
64 25 3622136
64 71 3622145
64 8 3622152
64 65 3622154
64 45 3622157
64 35 3622157
64 62 3622165
64 80 3622172
64 6 3622176
64 56 3622177
64 5 3622185
64 36 3622192
64 11 3622194
64 40 3622198
64 44 3622199
64 49 3622208
64 89 3622216
64 32 3622221
64 33 3622229
64 67 3622238
64 70 3622239
64 84 3622242
64 13 3622243
64 51 3622250
64 47 3622257
64 68 3622262
64 12 3622268
64 88 3622271
64 48 3622277
64 52 3622284
64 10 3622292
64 66 3622297
64 18 3622304
64 28 3622313
64 17 3622316
64 54 3622321
64 26 3622326
64 83 3622333
64 57 3622337
64 92 3622342
64 88 3622350
64 19 3622359
64 51 3622360
64 36 3622362
64 72 3622369
64 22 3622373
64 81 3622378
64 4 3622379
64 21 3622384
64 80 3622392
64 71 3622400
64 67 3622402
64 1 3622406
64 87 3622410
64 59 3622417
64 84 3622418
64 54 3622424
64 47 3622432
64 89 3622440
64 73 3622443
64 77 3622447
64 70 3622447
64 62 3622452
64 66 3622459
64 61 3622460
64 82 3622463
64 28 3622472
64 57 3622476
64 55 3622476
64 44 3622477
64 76 3622483
64 3 3622485
64 43 3622493
64 48 3622500
64 40 3622509
64 69 3622513
64 56 3622516
64 41 3622518
64 7 3622522
64 78 3622530
64 23 3622539
65 75 3622548
65 50 3622556
65 29 3622564
65 13 3622570
65 61 3622579
65 51 3622584
65 12 3622588
65 46 3622590
65 6 3622595
65 56 3622596
65 2 3622604
65 28 3622607
65 36 3622607
65 73 3622610
65 72 3622614
65 69 3622614
65 18 3622619
65 32 3622620
65 41 3622629
65 86 3622633
65 82 3622637
65 55 3622644
65 52 3622651
65 57 3622653
65 34 3622659
65 66 3622661
65 63 3622668
65 14 3622670
65 80 3622679
65 48 3622685
65 19 3622685
65 1 3622685
65 47 3622688
65 60 3622690
65 78 3622695
65 21 3622696
65 35 3622699
65 40 3622700
65 8 3622700
65 79 3622703
65 85 3622711
65 68 3622711
65 87 3622714
65 62 3622715
65 15 3622721
65 0 3622722
65 16 3622729
65 30 3622735
65 49 3622742
65 44 3622742
65 22 3622742
65 45 3622749
65 77 3622755
65 75 3622755
65 43 3622764
65 50 3622767
65 89 3622771
65 14 3622774
65 61 3622783
65 71 3622789
65 25 3622789
65 92 3622789
65 38 3622794
65 18 3622796
65 3 3622799
65 49 3622806
65 31 3622810
65 58 3622819
65 87 3622828
65 12 3622831
65 79 3622836
65 48 3622843
65 36 3622848
65 21 3622850
65 34 3622851
65 63 3622853
65 83 3622858
65 82 3622866
65 86 3622868
65 6 3622874
65 72 3622876
65 85 3622884
65 91 3622884
65 2 3622888
65 9 3622892
65 74 3622898
65 62 3622902
65 56 3622902
65 35 3622904
65 80 3622905
65 81 3622908
65 55 3622913
65 46 3622922
65 29 3622928
65 67 3622937
65 19 3622940
65 0 3622949
65 52 3622957
65 73 3622965
65 11 3622972
65 54 3622980
65 15 3622983
65 16 3622989
65 23 3622993
65 88 3623001
65 90 3623005
65 30 3623005
65 10 3623008
65 8 3623009
65 17 3623014
65 24 3623017
65 57 3623023
65 84 3623023
65 45 3623030
65 66 3623032
66 22 3623040
66 81 3623046
66 80 3623046
66 71 3623052
66 75 3623056
66 20 3623057
66 68 3623062
66 24 3623069
66 13 3623076
66 57 3623078
66 6 3623086
66 3 3623095
66 82 3623098
66 12 3623107
66 69 3623112
66 55 3623113
66 56 3623120
66 60 3623124
66 19 3623127
66 85 3623127
66 0 3623128
66 14 3623137
66 38 3623142
66 15 3623149
66 18 3623158
66 87 3623164
66 52 3623164
66 73 3623169
66 16 3623169
66 45 3623176
66 61 3623184
66 26 3623192
66 59 3623197
66 76 3623197
66 79 3623201
66 34 3623207
66 11 3623212
66 29 3623217
66 41 3623223
66 23 3623224
66 40 3623225
66 54 3623228
66 43 3623236
66 10 3623245
66 32 3623249
66 1 3623251
66 35 3623257
66 34 3623266
66 44 3623270
66 39 3623273
66 53 3623279
66 91 3623288
66 78 3623295
66 16 3623301
66 57 3623304
66 68 3623309
66 71 3623315
66 58 3623318
66 6 3623318
66 82 3623321
66 65 3623325
66 69 3623333
66 84 3623337
66 37 3623343
66 9 3623349
66 13 3623349
66 61 3623351
66 77 3623351
66 3 3623354
66 0 3623363
66 72 3623371
66 7 3623380
66 14 3623386
66 51 3623393
66 8 3623399
66 45 3623403
66 64 3623404
66 75 3623408
67 71 3623412
67 17 3623418
67 7 3623422
67 1 3623431
67 90 3623431
67 34 3623436
67 6 3623442
67 66 3623444
67 51 3623445
67 85 3623454
67 78 3623463
67 47 3623464
67 11 3623468
67 81 3623476
67 92 3623476
67 15 3623481
67 52 3623488
67 57 3623489
67 70 3623494
67 37 3623495
67 77 3623497
67 50 3623502
67 25 3623504
67 69 3623504
67 9 3623513
67 36 3623518
67 31 3623527
67 91 3623536
67 13 3623541
67 28 3623542
67 73 3623545
67 0 3623547
67 79 3623550
67 88 3623552
67 29 3623554
67 78 3623563
67 20 3623563
67 8 3623570
67 69 3623577
67 92 3623584
67 51 3623590
67 21 3623594
67 12 3623602
67 50 3623608
67 76 3623617
67 32 3623624
67 68 3623632
67 52 3623638
67 62 3623644
67 17 3623645
67 33 3623653
67 54 3623661
67 30 3623667
67 57 3623673
67 44 3623678
67 87 3623683
68 80 3623684
68 28 3623687
68 79 3623691
68 29 3623694
68 50 3623701
68 48 3623707
68 2 3623708
68 65 3623716
68 8 3623722
68 77 3623731
68 54 3623736
68 66 3623736
68 52 3623736
68 20 3623736
68 72 3623737
68 89 3623741
68 61 3623750
68 17 3623759
68 21 3623767
68 19 3623767
68 1 3623774
68 37 3623783
68 44 3623788
68 81 3623797
68 56 3623797
68 24 3623798
68 42 3623801
68 49 3623801
68 55 3623806
68 30 3623811
68 5 3623816
68 88 3623820
68 74 3623826
68 71 3623830
68 3 3623834
68 45 3623835
68 36 3623839
68 71 3623840
68 87 3623842
68 13 3623849
68 43 3623857
68 20 3623859
68 35 3623864
68 31 3623868
68 60 3623870
68 23 3623877
68 3 3623882
68 21 3623882
68 76 3623888
68 62 3623894
68 14 3623901
68 55 3623905
68 26 3623907
68 42 3623913
68 69 3623920
68 32 3623921
68 82 3623923
68 7 3623929
68 19 3623930
68 34 3623937
68 17 3623943
68 49 3623949
68 64 3623954
68 72 3623959
68 16 3623964
68 56 3623968
68 52 3623970
68 0 3623978
68 46 3623981
69 72 3623981
69 52 3623989
69 67 3623992
69 29 3623998
69 89 3624002
69 80 3624005
69 55 3624013
69 74 3624020
69 92 3624025
69 20 3624033
69 13 3624038
69 56 3624042
69 40 3624050
69 84 3624056
69 46 3624063
69 26 3624071
69 42 3624071
69 38 3624075
69 66 3624079
69 75 3624081
69 86 3624082
69 50 3624084
69 71 3624091
69 91 3624099
69 35 3624099
69 85 3624103
69 14 3624110
69 31 3624119
69 70 3624128
69 82 3624133
69 62 3624137
69 75 3624144
69 91 3624151
69 31 3624158
69 74 3624167
69 34 3624168
69 90 3624172
69 77 3624172
69 6 3624179
69 25 3624180
69 45 3624188
69 20 3624196
69 51 3624196
69 66 3624196
69 8 3624205
69 41 3624212
69 85 3624220
69 32 3624221
69 26 3624230
69 52 3624234
69 16 3624238
69 49 3624244
69 3 3624246
69 61 3624248
69 89 3624255
69 9 3624257
69 37 3624262
69 59 3624271
70 55 3624277
70 62 3624279
70 7 3624285
70 76 3624294
70 0 3624296
70 80 3624305
70 90 3624311
70 35 3624312
70 52 3624313
70 6 3624317
70 63 3624326
70 4 3624334
70 41 3624338
70 19 3624340
70 38 3624341
70 31 3624341
70 47 3624342
70 34 3624346
70 17 3624353
70 78 3624358
70 82 3624363
70 27 3624370
70 33 3624371
70 46 3624376
70 59 3624379
70 75 3624385
70 16 3624394
70 42 3624399
70 13 3624400
70 11 3624409
70 39 3624415
70 26 3624418
70 87 3624418
70 67 3624419
70 92 3624419
70 59 3624419
70 10 3624420
70 34 3624427
70 61 3624432
70 72 3624434
70 28 3624436
70 68 3624443
70 55 3624445
70 9 3624454
70 19 3624462
70 12 3624470
70 58 3624476
70 45 3624482
70 48 3624491
70 62 3624492
70 53 3624495
70 22 3624498
70 71 3624500
70 3 3624507
70 64 3624510
70 88 3624512
70 17 3624514
70 90 3624518
71 61 3624520
71 88 3624529
71 40 3624535
71 41 3624544
71 32 3624551
71 44 3624551
71 75 3624555
71 48 3624561
71 82 3624561
71 18 3624563
71 13 3624566
71 62 3624572
71 3 3624573
71 28 3624575
71 90 3624579
71 63 3624584
71 85 3624592
71 76 3624595
71 4 3624602
71 88 3624603
71 17 3624603
71 37 3624609
71 18 3624612
71 80 3624613
71 43 3624620
71 30 3624627
71 29 3624630
71 47 3624638
71 31 3624646
71 2 3624647
71 14 3624649
72 70 3624649
72 45 3624651
72 89 3624653
72 36 3624661
72 12 3624661
72 17 3624667
72 73 3624672
72 16 3624677
72 49 3624683
72 27 3624689
72 41 3624694
72 15 3624696
72 57 3624703
72 86 3624711
72 40 3624712
72 47 3624713
72 55 3624718
72 63 3624726
72 77 3624733
72 85 3624739
72 22 3624741
72 21 3624750
72 39 3624759
72 13 3624767
72 11 3624772
72 80 3624778
72 84 3624787
72 62 3624787
72 76 3624796
72 90 3624800
72 53 3624802
72 8 3624806
72 60 3624815
72 71 3624817
72 5 3624818
72 61 3624822
72 46 3624825
72 31 3624834
72 7 3624838
72 65 3624842
72 37 3624850
72 33 3624855
72 18 3624863
72 38 3624863
72 20 3624863
72 51 3624871
72 54 3624877
72 28 3624885
72 91 3624891
72 3 3624894
72 1 3624895
72 59 3624896
72 52 3624905
72 14 3624914
72 48 3624920
72 81 3624928
72 10 3624928
72 82 3624928
72 41 3624937
72 75 3624939
72 59 3624942
72 78 3624947
72 80 3624947
72 7 3624949
72 85 3624950
72 83 3624959
72 71 3624963
72 1 3624969
72 33 3624971
72 77 3624980
72 76 3624987
72 31 3624987
72 18 3624989
72 13 3624992
72 88 3624996
72 74 3625003
72 81 3625004
72 22 3625010
72 14 3625017
72 23 3625017
72 67 3625021
72 0 3625025
72 4 3625027
72 47 3625028
72 52 3625034
72 56 3625034
72 11 3625034
72 42 3625034
72 8 3625038
72 37 3625047
72 28 3625055
72 73 3625055
72 27 3625061
72 46 3625063
72 87 3625071
72 26 3625074
72 90 3625082
72 53 3625090
72 51 3625096
72 58 3625099
72 15 3625103
72 5 3625103
72 82 3625110
72 43 3625117
72 65 3625122
72 62 3625126
72 84 3625134
72 3 3625137
73 47 3625140
73 49 3625143
73 59 3625151
73 76 3625151
73 33 3625158
73 12 3625160
73 6 3625169
73 85 3625176
73 1 3625180
73 31 3625186
73 15 3625192
73 57 3625192
73 60 3625199
73 22 3625199
73 43 3625207
73 41 3625212
73 20 3625220
73 80 3625227
73 26 3625231
73 36 3625237
73 19 3625243
73 56 3625250
73 70 3625251
73 88 3625258
73 14 3625260
73 55 3625267
73 23 3625273
73 46 3625280
73 50 3625281
73 54 3625285
73 35 3625285
73 74 3625285
73 84 3625293
73 24 3625296
73 16 3625298
73 92 3625299
73 17 3625299
73 0 3625303
73 68 3625303
73 92 3625306
73 69 3625314
73 32 3625321
73 8 3625321
73 2 3625330
73 70 3625332
73 52 3625341
73 71 3625349
73 20 3625351
73 16 3625354
73 82 3625357
73 21 3625360
73 43 3625366
73 85 3625366
73 18 3625374
73 61 3625383
73 11 3625388
73 5 3625388
73 62 3625391
73 30 3625399
73 55 3625399
73 49 3625407
73 26 3625415
73 35 3625421
73 15 3625425
73 86 3625433
73 22 3625438
73 36 3625443
73 64 3625447
73 87 3625454
73 24 3625460
73 77 3625461
73 63 3625461
74 26 3625467
74 71 3625473
74 62 3625481
74 8 3625481
74 28 3625486
74 12 3625493
74 24 3625502
74 14 3625503
74 78 3625510
74 16 3625511
74 13 3625511
74 39 3625512
74 4 3625521
74 57 3625529
74 51 3625529
74 42 3625536
74 59 3625543
74 86 3625550
74 6 3625553
74 5 3625560
74 22 3625560
74 17 3625561
74 2 3625563
74 20 3625564
74 55 3625565
74 48 3625569
74 71 3625576
74 77 3625585
74 5 3625590
74 58 3625591
74 43 3625600
74 50 3625606
74 75 3625613
74 45 3625622
74 30 3625629
74 33 3625635
74 91 3625639
74 87 3625642
74 12 3625648
74 47 3625649
74 82 3625658
74 25 3625659
74 32 3625661
74 13 3625665
74 27 3625672
74 79 3625677
74 1 3625686
74 11 3625691
75 41 3625693
75 47 3625700
75 6 3625700
75 86 3625708
75 87 3625717
75 39 3625717
75 30 3625718
75 74 3625720
75 78 3625727
75 3 3625734
75 8 3625734
75 51 3625740
75 13 3625749
75 53 3625749
75 67 3625749
75 11 3625752
75 65 3625756
75 21 3625764
75 23 3625769
75 63 3625778
75 53 3625778
75 91 3625779
75 92 3625780
75 10 3625783
75 60 3625789
75 17 3625789
75 56 3625792
75 9 3625796
75 34 3625796
75 38 3625796
75 29 3625799
76 45 3625808
76 35 3625817
76 92 3625826
76 36 3625830
76 21 3625830
76 78 3625839
76 91 3625843
76 30 3625846
76 0 3625846
76 52 3625851
76 57 3625852
76 71 3625858
76 1 3625859
76 66 3625861
76 22 3625862
76 75 3625871
76 16 3625875
76 41 3625884
76 18 3625887
76 68 3625894
76 15 3625895
76 59 3625904
76 87 3625906
76 39 3625914
76 7 3625920
76 90 3625928
76 28 3625929
76 70 3625931
76 2 3625933
76 27 3625933
76 65 3625941
76 11 3625950
76 17 3625950
76 31 3625958
76 9 3625964
76 19 3625971
76 33 3625977
76 51 3625984
76 84 3625991
76 67 3625994
76 44 3626001
76 42 3626003
76 14 3626005
76 88 3626007
76 13 3626012
76 23 3626018
76 85 3626025
76 4 3626034
76 49 3626034
76 40 3626043
76 8 3626048
76 63 3626049
76 6 3626054
76 20 3626063
76 13 3626066
76 38 3626066
76 58 3626069
76 87 3626077
76 21 3626086
76 29 3626089
76 82 3626096
76 42 3626096
76 40 3626098
76 47 3626104
76 2 3626111
76 60 3626111
76 66 3626118
76 78 3626127
76 9 3626133
76 33 3626136
76 20 3626136
76 36 3626141
76 92 3626150
76 50 3626154
76 80 3626155
76 26 3626162
76 71 3626166
76 14 3626171
76 49 3626175
76 23 3626179
76 45 3626184
76 10 3626192
76 48 3626198
76 62 3626200
76 91 3626202
76 28 3626211
76 11 3626212
76 63 3626217
76 35 3626225
76 73 3626231
76 4 3626231
76 65 3626233
76 67 3626240
76 69 3626243
76 16 3626252
76 24 3626253
76 59 3626262
76 51 3626263
76 41 3626263
76 5 3626264
76 6 3626266
77 9 3626271
77 91 3626278
77 17 3626286
77 85 3626291
77 90 3626298
77 64 3626302
77 80 3626302
77 38 3626310
77 27 3626311
77 66 3626318
77 22 3626322
77 4 3626324
77 39 3626329
77 5 3626338
77 16 3626338
77 20 3626341
77 24 3626350
77 47 3626353
77 32 3626361
77 87 3626368
77 43 3626369
77 64 3626374
77 1 3626375
77 84 3626380
77 71 3626380
77 78 3626389
77 58 3626390
77 82 3626399
77 27 3626405
77 69 3626413
77 21 3626418
77 76 3626424
77 18 3626433
77 89 3626439
77 73 3626442
77 51 3626445
77 60 3626449
77 6 3626455
77 14 3626464
77 30 3626472
77 5 3626476
77 68 3626483
77 37 3626487
77 23 3626490
78 92 3626492
78 33 3626500
78 43 3626502
78 30 3626509
78 6 3626516
78 25 3626521
78 84 3626522
78 36 3626525
78 90 3626526
78 80 3626533
78 35 3626536
78 56 3626538
78 19 3626538
78 3 3626538
78 27 3626546
78 60 3626550
78 24 3626555
78 17 3626560
78 46 3626567
78 63 3626570
78 79 3626575
78 62 3626581
78 18 3626586
78 65 3626589
78 47 3626593
78 4 3626593
78 10 3626602
78 28 3626610
78 42 3626613
78 64 3626618
78 69 3626620
78 88 3626620
78 48 3626623
78 9 3626625
78 70 3626625
78 51 3626630
78 21 3626630
78 34 3626635
78 2 3626638
78 37 3626639
78 76 3626647
78 45 3626651
78 75 3626660
78 41 3626664
78 0 3626673
78 17 3626681
78 58 3626687
78 57 3626695
78 83 3626699
78 66 3626703
78 48 3626709
78 37 3626715
78 47 3626717
78 89 3626717
78 55 3626722
78 10 3626730
78 33 3626738
78 80 3626741
78 15 3626750
78 77 3626756
78 92 3626760
78 73 3626768
78 34 3626777
78 20 3626784
78 32 3626791
78 40 3626793
78 67 3626801
78 84 3626802
78 14 3626809
78 64 3626816
78 5 3626822
78 2 3626831
78 9 3626834
78 1 3626840
78 62 3626846
78 12 3626852
78 11 3626860
78 21 3626869
78 8 3626878
78 41 3626882
78 22 3626885
78 35 3626893
78 23 3626898
78 87 3626901
78 90 3626903
78 79 3626907
78 13 3626907
78 72 3626911
78 18 3626914
78 56 3626918
78 59 3626920
78 38 3626926
78 39 3626930
78 82 3626932
79 85 3626940
79 70 3626942
79 58 3626946
79 64 3626955
79 14 3626958
79 40 3626961
79 75 3626965
79 25 3626967
79 19 3626974
79 31 3626975
79 17 3626981
79 45 3626988
79 61 3626990
79 43 3626996
79 90 3626998
79 41 3626999
79 24 3627008
79 78 3627014
79 76 3627014
79 90 3627020
79 22 3627029
79 81 3627038
79 78 3627047
79 64 3627053
79 83 3627058
79 11 3627066
79 8 3627067
79 87 3627071
79 57 3627071
79 60 3627080
79 6 3627089
79 48 3627091
79 24 3627092
79 0 3627092
79 59 3627101
79 63 3627109
79 49 3627118
79 40 3627120
79 84 3627123
79 12 3627129
79 18 3627130
80 79 3627130
80 27 3627135
80 12 3627143
80 67 3627151
80 3 3627154
80 25 3627158
80 13 3627162
80 18 3627164
80 0 3627170
80 65 3627173
80 70 3627178
80 82 3627179
80 36 3627184
80 78 3627191
80 91 3627191
80 60 3627200
80 2 3627200
80 5 3627205
80 38 3627214
80 51 3627217
80 30 3627226
80 58 3627231
80 32 3627233
80 56 3627236
80 69 3627242
80 19 3627243
80 21 3627244
80 19 3627247
80 81 3627254
80 14 3627262
80 53 3627264
80 72 3627273
80 45 3627277
80 47 3627285
80 20 3627290
80 68 3627299
80 43 3627308
80 15 3627311
80 66 3627313
80 52 3627319
80 8 3627322
80 64 3627330
80 76 3627333
80 62 3627333
80 33 3627333
80 48 3627336
80 0 3627343
80 10 3627344
80 32 3627352
80 27 3627352
80 60 3627357
80 67 3627359
80 29 3627366
80 37 3627368
81 31 3627376
81 3 3627376
81 24 3627383
81 77 3627387
81 52 3627390
81 14 3627394
81 8 3627403
81 42 3627412
81 26 3627417
81 73 3627424
81 9 3627431
81 23 3627431
81 11 3627433
81 90 3627441
81 61 3627449
81 56 3627449
81 27 3627455
81 72 3627456
81 44 3627458
81 38 3627464
81 37 3627468
81 86 3627474
81 87 3627476
81 62 3627484
81 74 3627485
81 57 3627492
81 5 3627499
81 21 3627499
81 83 3627508
81 0 3627516
81 18 3627522
81 55 3627523
81 46 3627532
81 30 3627532
81 75 3627541
81 50 3627546
81 19 3627549
81 66 3627553
81 65 3627559
81 2 3627568
81 41 3627575
81 4 3627583
81 80 3627590
81 10 3627595
81 84 3627601
81 22 3627605
81 70 3627606
81 53 3627612
81 45 3627620
81 5 3627627
81 22 3627635
81 20 3627643
81 14 3627651
81 44 3627654
81 7 3627658
81 6 3627666
81 38 3627674
81 39 3627680
81 50 3627680
81 85 3627684
81 0 3627685
81 47 3627692
81 12 3627699
81 82 3627702
81 46 3627705
81 59 3627714
81 24 3627714
81 78 3627717
81 90 3627718
81 29 3627724
81 28 3627724
81 72 3627732
81 64 3627736
81 73 3627736
81 16 3627739
81 63 3627743
81 10 3627751
81 32 3627759
81 61 3627766
81 87 3627770
81 36 3627772
81 2 3627776
81 42 3627779
81 74 3627783
81 52 3627788
81 66 3627788
81 70 3627796
81 80 3627804
81 19 3627810
81 31 3627817
81 23 3627820
81 68 3627823
81 17 3627823
82 19 3627827
82 31 3627828
82 6 3627837
82 0 3627842
82 79 3627850
82 32 3627856
82 66 3627863
82 11 3627865
82 85 3627869
82 20 3627873
82 52 3627875
82 35 3627875
82 28 3627882
82 43 3627890
82 77 3627890
82 73 3627891
82 24 3627895
82 47 3627903
82 75 3627911
82 49 3627916
82 76 3627916
82 26 3627920
82 14 3627926
82 41 3627928
82 16 3627936
82 69 3627936
82 17 3627944
82 36 3627946
82 25 3627950
82 12 3627959
82 29 3627967
82 55 3627970
82 40 3627975
82 46 3627981
82 59 3627984
82 60 3627991
82 68 3627999
82 42 3628008
82 4 3628016
82 57 3628025
82 64 3628031
82 10 3628033
82 5 3628039
82 87 3628048
82 78 3628054
82 81 3628063
82 65 3628066
82 13 3628066
82 56 3628067
82 21 3628067
82 89 3628069
82 92 3628077
82 49 3628082
82 41 3628089
82 30 3628097
82 37 3628104
82 69 3628112
82 46 3628121
82 5 3628128
82 26 3628135
82 65 3628138
82 89 3628147
82 47 3628151
82 14 3628152
82 35 3628155
82 63 3628158
82 67 3628159
82 83 3628168
82 43 3628169
82 75 3628172
82 62 3628176
82 70 3628182
82 73 3628185
82 81 3628190
82 53 3628198
82 79 3628205
82 27 3628213
82 78 3628221
82 8 3628225
82 3 3628230
82 50 3628237
82 91 3628246
82 7 3628254
82 76 3628262
82 23 3628263
82 42 3628272
82 33 3628281
82 4 3628289
82 10 3628291
82 15 3628292
82 39 3628298
82 36 3628300
82 77 3628302
82 44 3628304
82 85 3628309
82 16 3628316
82 45 3628316
82 57 3628316
82 48 3628321
82 52 3628324
82 25 3628333
82 90 3628339
82 34 3628347
82 51 3628355
82 9 3628359
82 1 3628368
82 60 3628375
82 54 3628380
82 55 3628383
82 56 3628384
82 31 3628390
83 49 3628392
83 71 3628392
83 9 3628401
83 73 3628403
83 63 3628412
83 51 3628418
83 30 3628422
83 19 3628429
83 22 3628438
83 0 3628440
83 8 3628448
83 43 3628452
83 72 3628454
83 54 3628455
83 58 3628457
83 20 3628460
83 27 3628462
83 47 3628466
83 70 3628473
83 84 3628476
83 79 3628485
83 75 3628486
83 15 3628489
83 13 3628497
83 1 3628504
83 81 3628504
83 74 3628506
83 40 3628512
83 92 3628515
83 62 3628523
83 88 3628525
83 31 3628532
83 33 3628534
83 89 3628538
83 69 3628545
83 53 3628553
83 65 3628559
83 52 3628566
83 42 3628574
83 21 3628583
83 39 3628585
83 77 3628591
83 85 3628592
83 64 3628596
83 2 3628605
83 67 3628612
83 56 3628616
83 38 3628623
83 76 3628629
83 4 3628631
83 25 3628635
83 90 3628643
83 51 3628650
83 22 3628658
83 56 3628667
83 52 3628669
83 79 3628669
83 6 3628671
83 13 3628679
83 73 3628680
83 33 3628685
83 37 3628691
83 7 3628694
83 11 3628701
83 9 3628709
83 10 3628714
83 55 3628719
83 0 3628723
83 24 3628731
83 29 3628731
83 40 3628738
83 53 3628746
83 43 3628755
83 86 3628760
83 38 3628764
83 64 3628766
83 66 3628773
83 82 3628778
83 77 3628779
83 61 3628780
83 42 3628782
83 3 3628784
83 1 3628784
83 50 3628791
83 44 3628795
83 25 3628798
83 87 3628806
83 20 3628812
83 60 3628817
83 48 3628819
83 41 3628826
83 23 3628827
83 14 3628829
83 36 3628837
83 62 3628839
83 84 3628842
83 78 3628842
83 58 3628848
83 59 3628849
83 71 3628851
83 76 3628858
83 16 3628865
83 2 3628872
84 33 3628875
84 47 3628881
84 43 3628886
84 8 3628891
84 87 3628892
84 60 3628901
84 17 3628901
84 88 3628904
84 26 3628904
84 34 3628913
84 62 3628917
84 74 3628922
84 69 3628930
84 41 3628932
84 91 3628937
84 57 3628946
84 82 3628954
84 46 3628958
84 31 3628960
84 61 3628967
84 2 3628976
84 42 3628984
84 74 3628988
84 69 3628993
84 59 3628996
84 86 3629003
84 27 3629008
84 67 3629010
84 73 3629012
84 89 3629017
84 14 3629024
84 44 3629032
85 91 3629036
85 88 3629037
85 56 3629037
85 39 3629038
85 32 3629042
85 19 3629048
85 58 3629049
85 22 3629050
85 35 3629059
85 41 3629065
85 83 3629073
85 47 3629078
85 38 3629079
85 25 3629085
85 26 3629089
85 28 3629097
85 46 3629097
85 76 3629104
85 11 3629104
85 70 3629112
85 40 3629118
85 54 3629125
85 72 3629130
85 62 3629136
85 45 3629141
85 0 3629149
85 5 3629150
85 63 3629151
85 49 3629155
85 33 3629156
85 52 3629158
85 6 3629158
85 13 3629165
85 29 3629174
85 86 3629180
85 23 3629189
85 80 3629197
85 14 3629203
85 45 3629203
85 1 3629205
85 84 3629211
85 3 3629213
85 13 3629219
85 41 3629220
85 4 3629220
85 53 3629225
85 68 3629228
85 71 3629228
85 37 3629233
85 27 3629240
85 25 3629245
85 58 3629251
85 2 3629258
85 46 3629265
85 5 3629268
85 55 3629275
85 52 3629279
85 87 3629286
85 38 3629293
85 47 3629302
85 70 3629311
85 21 3629313
85 34 3629322
85 8 3629323
85 82 3629327
85 49 3629336
85 15 3629342
85 19 3629349
85 22 3629349
85 10 3629350
85 88 3629352
85 12 3629356
85 6 3629358
85 65 3629367
85 51 3629375
85 16 3629377
85 56 3629380
85 66 3629387
85 61 3629396
85 50 3629404
85 63 3629405
85 79 3629410
85 89 3629419
85 48 3629428
86 5 3629435
86 24 3629438
86 15 3629447
86 70 3629454
86 49 3629461
86 48 3629464
86 59 3629467
86 63 3629475
86 11 3629483
86 74 3629483
86 1 3629490
86 62 3629498
86 33 3629498
86 43 3629503
86 81 3629510
86 85 3629518
86 7 3629525
86 58 3629528
86 51 3629537
86 13 3629544
86 6 3629545
86 16 3629554
86 20 3629559
86 83 3629559
86 17 3629560
86 50 3629564
86 60 3629570
86 61 3629577
86 84 3629578
86 9 3629581
86 27 3629583
86 77 3629586
86 71 3629592
86 53 3629596
86 69 3629602
86 26 3629605
86 47 3629610
86 29 3629613
86 38 3629616
86 30 3629620
86 89 3629621
86 62 3629625
86 91 3629633
86 33 3629638
86 75 3629640
86 7 3629647
86 68 3629649
86 83 3629653
86 13 3629655
86 14 3629663
86 31 3629669
86 84 3629672
86 22 3629678
86 55 3629678
86 80 3629685
86 40 3629691
86 39 3629694
86 63 3629698
86 79 3629707
86 60 3629713
86 0 3629719
86 73 3629722
86 1 3629728
86 45 3629737
86 30 3629740
86 20 3629748
86 27 3629753
86 54 3629757
86 59 3629765
86 44 3629774
86 8 3629775
86 10 3629777
86 11 3629780
86 6 3629786
86 76 3629786
86 77 3629794
86 81 3629801
86 48 3629809
86 3 3629813
86 32 3629817
87 34 3629823
87 84 3629823
87 8 3629829
87 78 3629836
87 76 3629842
87 2 3629847
87 68 3629853
87 89 3629862
87 77 3629869
87 18 3629878
87 75 3629886
87 15 3629888
87 91 3629889
87 3 3629894
87 28 3629897
87 69 3629906
87 58 3629907
87 86 3629915
87 27 3629923
87 42 3629928
87 10 3629929
87 80 3629933
87 72 3629937
87 9 3629939
87 36 3629948
87 73 3629949
87 25 3629958
87 63 3629967
87 83 3629972
87 22 3629977
87 64 3629984
87 61 3629984
87 79 3629992
87 88 3629992
87 72 3629996
87 51 3629996
87 89 3630001
87 66 3630007
87 68 3630010
87 38 3630012
87 55 3630017
87 2 3630021
87 77 3630026
87 45 3630031
87 65 3630039
87 49 3630045
87 61 3630051
87 25 3630056
87 57 3630058
87 0 3630059
87 73 3630062
87 46 3630070
87 83 3630072
87 26 3630077
87 48 3630078
87 52 3630081
87 21 3630089
87 50 3630097
87 70 3630104
87 3 3630105
87 8 3630110
88 49 3630112
88 22 3630112
88 74 3630113
88 72 3630119
88 87 3630127
88 77 3630128
88 31 3630133
88 75 3630138
88 27 3630145
88 78 3630152
88 53 3630154
88 41 3630158
88 37 3630163
88 32 3630166
88 10 3630171
88 57 3630176
88 6 3630181
88 85 3630185
88 5 3630193
88 92 3630201
88 55 3630205
88 62 3630213
88 0 3630222
88 9 3630230
88 63 3630231
88 18 3630238
88 50 3630240
88 61 3630249
88 35 3630258
88 16 3630261
88 24 3630266
88 23 3630269
88 39 3630276
88 38 3630285
88 83 3630290
88 90 3630295
88 46 3630295
88 4 3630299
88 14 3630300
88 7 3630309
88 91 3630311
88 66 3630319
88 42 3630319
88 19 3630319
88 58 3630327
88 3 3630336
88 71 3630336
88 86 3630345
88 28 3630350
88 64 3630352
88 52 3630352
88 15 3630354
88 34 3630361
88 25 3630363
88 65 3630368
88 33 3630368
88 80 3630372
88 82 3630375
88 51 3630378
88 54 3630383
88 19 3630386
88 34 3630388
88 39 3630388
88 33 3630392
88 60 3630394
88 79 3630400
88 59 3630406
88 13 3630409
88 11 3630414
88 89 3630423
88 78 3630428
88 91 3630431
88 0 3630434
88 44 3630436
88 63 3630441
88 65 3630449
88 20 3630453
88 54 3630456
88 49 3630462
88 71 3630467
88 27 3630471
88 45 3630476
88 31 3630479
88 16 3630484
88 18 3630492
88 67 3630499
88 53 3630507
88 40 3630512
88 74 3630520
88 61 3630522
88 90 3630531
88 24 3630534
88 82 3630535
88 32 3630543
88 42 3630547
88 38 3630551
88 84 3630552
88 85 3630557
88 51 3630566
88 64 3630569
88 43 3630570
88 72 3630574
88 15 3630575
88 66 3630582
88 9 3630591
88 37 3630598
88 30 3630606
88 81 3630609
88 28 3630616
88 87 3630620
88 26 3630624
88 77 3630630
88 46 3630631
88 3 3630632
88 75 3630639
88 22 3630640
88 35 3630647
88 73 3630656
88 7 3630664
88 5 3630670
88 52 3630675
88 14 3630677
88 68 3630683
88 21 3630687
89 67 3630694
89 59 3630695
89 41 3630701
89 26 3630702
89 36 3630711
89 48 3630716
89 77 3630725
89 47 3630727
89 35 3630734
89 75 3630743
89 9 3630748
89 25 3630756
89 68 3630765
89 87 3630769
89 83 3630771
89 40 3630780
89 90 3630783
89 22 3630786
89 44 3630787
89 49 3630794
89 1 3630802
89 55 3630802
89 31 3630803
89 65 3630809
89 58 3630811
89 46 3630811
89 28 3630817
89 70 3630821
89 5 3630822
89 45 3630824
89 85 3630828
89 29 3630835
89 88 3630842
89 80 3630844
89 79 3630846
89 17 3630851
89 42 3630855
89 12 3630863
89 63 3630869
89 38 3630872
89 13 3630876
89 61 3630883
89 60 3630890
89 28 3630895
89 54 3630902
89 84 3630903
89 29 3630906
89 71 3630907
89 49 3630912
89 78 3630919
89 6 3630919
89 45 3630925
89 8 3630925
89 16 3630934
89 41 3630938
89 25 3630947
89 70 3630954
89 76 3630954
89 19 3630955
89 17 3630957
89 64 3630961
89 42 3630966
89 2 3630974
89 44 3630982
89 14 3630991
89 80 3631000
89 13 3631002
89 11 3631002
89 50 3631008
89 1 3631011
89 87 3631013
89 30 3631014
89 72 3631021
89 56 3631029
89 38 3631038
89 4 3631046
89 27 3631047
89 51 3631048
89 23 3631057
89 88 3631065
89 0 3631071
89 69 3631080
89 47 3631088
89 36 3631091
90 49 3631092
90 36 3631093
90 4 3631102
90 5 3631102
90 11 3631108
90 71 3631117
90 25 3631123
90 67 3631129
90 33 3631131
90 92 3631135
90 60 3631143
90 87 3631147
90 56 3631150
90 43 3631158
90 14 3631162
90 20 3631167
90 72 3631176
90 66 3631182
90 58 3631189
90 36 3631192
90 15 3631193
90 6 3631197
90 84 3631205
90 47 3631209
90 38 3631216
90 50 3631219
90 51 3631220
90 40 3631222
90 92 3631226
90 86 3631234
90 32 3631238
90 62 3631245
90 19 3631250
90 77 3631252
90 27 3631253
90 33 3631261
90 26 3631266
91 61 3631269
91 67 3631277
91 29 3631277
91 83 3631278
91 73 3631286
91 57 3631293
91 40 3631297
91 36 3631305
91 55 3631312
91 79 3631317
91 38 3631325
91 58 3631331
91 2 3631336
91 86 3631343
91 7 3631347
91 72 3631350
91 76 3631359
91 75 3631361
91 68 3631366
91 89 3631372
91 92 3631381
91 23 3631389
91 10 3631397
91 15 3631402
91 62 3631404
91 44 3631405
91 70 3631410
91 52 3631417
91 90 3631421
91 48 3631427
91 46 3631430
91 16 3631431
91 21 3631440
91 13 3631447
91 9 3631450
91 37 3631458
91 45 3631461
91 43 3631463
91 33 3631463
91 28 3631469
91 19 3631478
91 77 3631486
91 60 3631488
91 74 3631494
91 31 3631499
91 5 3631508
91 71 3631515
91 50 3631522
91 1 3631531
91 4 3631531
91 12 3631535
91 87 3631542
91 53 3631550
91 18 3631550
91 2 3631553
91 59 3631554
91 28 3631555
91 82 3631563
91 0 3631563
91 9 3631564
91 12 3631568
91 45 3631573
91 74 3631573
91 15 3631579
91 38 3631588
91 16 3631591
91 78 3631592
91 6 3631599
91 24 3631607
91 18 3631615
91 31 3631622
91 49 3631622
91 89 3631627
91 62 3631629
91 88 3631635
91 25 3631635
91 73 3631638
91 42 3631641
91 29 3631649
91 79 3631654
91 34 3631657
91 26 3631661
91 83 3631670
91 46 3631670
91 40 3631677
91 90 3631677
91 57 3631685
91 37 3631686
91 84 3631687
91 77 3631695
91 80 3631702
91 47 3631706
91 55 3631712
91 7 3631717
91 4 3631724
91 44 3631725
91 85 3631734
91 21 3631734
91 63 3631740
91 53 3631740
91 61 3631747
91 36 3631752
91 23 3631754
91 33 3631759
91 11 3631767
91 51 3631768
92 20 3631777
92 10 3631781
92 25 3631784
92 34 3631786
92 41 3631792
92 46 3631792
92 76 3631793
92 0 3631801
92 21 3631804
92 12 3631805
92 86 3631810
92 2 3631811
92 31 3631814
92 82 3631818
92 29 3631821
92 87 3631829
92 11 3631837
92 90 3631840
92 38 3631842
92 55 3631845
92 43 3631852
92 0 3631857
92 20 3631865
92 65 3631869
92 16 3631870
92 74 3631870
92 21 3631875
92 2 3631876
92 45 3631883
92 15 3631890
92 70 3631893
92 56 3631899
92 67 3631899
92 37 3631905
92 11 3631913
92 64 3631922
92 4 3631930
92 30 3631934
92 89 3631942
