95
false
0 72 3830145
0 83 3830150
0 13 3830157
0 4 3830160
0 22 3830168
0 73 3830173
0 43 3830176
0 19 3830182
0 64 3830187
0 91 3830196
0 46 3830203
0 42 3830205
0 30 3830209
0 21 3830215
0 23 3830224
0 84 3830227
0 36 3830230
0 6 3830230
0 51 3830234
0 3 3830240
0 50 3830244
0 7 3830248
0 61 3830257
0 13 3830257
0 26 3830264
0 64 3830272
0 75 3830280
0 79 3830289
0 84 3830296
0 42 3830300
0 31 3830301
0 21 3830306
0 72 3830308
0 24 3830313
0 74 3830313
0 73 3830313
1 77 3830316
1 24 3830325
1 41 3830333
1 54 3830341
1 56 3830341
1 39 3830347
1 47 3830353
2 75 3830353
2 0 3830362
2 36 3830367
2 63 3830373
2 69 3830377
2 73 3830380
2 30 3830381
2 44 3830387
2 31 3830396
2 60 3830398
2 87 3830398
2 91 3830400
2 12 3830404
2 46 3830407
2 76 3830407
2 15 3830416
2 45 3830423
2 78 3830426
2 86 3830430
2 50 3830430
2 80 3830433
2 24 3830441
2 49 3830446
2 70 3830454
2 14 3830458
2 3 3830465
2 16 3830471
2 28 3830478
2 71 3830481
2 18 3830483
2 93 3830485
2 48 3830487
2 92 3830491
2 57 3830496
2 85 3830500
2 3 3830500
2 26 3830506
2 69 3830514
2 67 3830516
2 83 3830523
2 75 3830523
2 62 3830531
2 0 3830534
2 92 3830542
2 13 3830544
2 12 3830545
2 49 3830552
2 73 3830561
2 60 3830566
2 38 3830571
2 30 3830574
2 64 3830575
2 52 3830582
2 94 3830589
2 31 3830596
2 78 3830602
2 63 3830605
2 9 3830605
2 43 3830614
2 55 3830614
2 4 3830618
2 93 3830623
2 56 3830626
2 70 3830629
2 7 3830635
2 40 3830644
2 29 3830651
2 90 3830658
2 1 3830658
2 20 3830662
2 41 3830662
2 39 3830663
2 91 3830672
2 6 3830676
2 88 3830685
3 92 3830694
3 87 3830703
3 94 3830710
3 64 3830718
3 79 3830726
3 11 3830727
3 18 3830735
3 6 3830740
3 46 3830742
3 35 3830742
3 84 3830745
3 78 3830749
3 75 3830755
3 44 3830759
3 10 3830766
3 88 3830771
3 76 3830773
3 45 3830774
3 68 3830778
3 14 3830787
3 24 3830789
3 61 3830798
3 13 3830806
3 82 3830811
3 94 3830811
3 81 3830819
3 50 3830820
3 51 3830821
3 11 3830821
3 43 3830821
3 74 3830824
3 31 3830832
3 32 3830836
3 69 3830842
3 80 3830847
3 60 3830851
3 48 3830852
3 56 3830855
3 37 3830858
3 36 3830861
4 16 3830861
4 6 3830864
4 46 3830866
4 50 3830866
4 67 3830875
4 38 3830875
4 90 3830878
4 74 3830879
4 59 3830886
4 36 3830895
4 92 3830903
4 27 3830903
4 2 3830903
4 35 3830908
4 56 3830915
4 41 3830917
4 22 3830926
4 79 3830933
4 48 3830942
4 20 3830950
4 91 3830958
4 25 3830960
4 64 3830969
4 9 3830974
4 55 3830980
4 65 3830987
4 54 3830989
4 8 3830994
4 33 3831001
4 31 3831006
4 76 3831006
4 26 3831007
4 72 3831009
4 12 3831016
4 10 3831024
4 86 3831030
4 78 3831039
4 20 3831048
4 31 3831052
4 18 3831058
4 53 3831066
4 73 3831070
4 77 3831076
4 84 3831084
4 23 3831087
4 14 3831087
4 65 3831096
4 63 3831099
4 28 3831105
4 54 3831111
4 12 3831114
4 61 3831115
4 42 3831116
4 22 3831122
4 2 3831124
4 85 3831133
4 3 3831134
4 43 3831141
4 36 3831148
4 49 3831151
4 24 3831152
4 91 3831154
4 59 3831156
4 81 3831159
4 93 3831165
4 72 3831166
4 52 3831166
4 34 3831173
4 66 3831173
5 70 3831174
5 61 3831183
5 18 3831186
5 48 3831189
5 47 3831198
5 39 3831205
5 94 3831210
5 59 3831217
5 72 3831223
5 30 3831229
5 65 3831235
5 60 3831238
5 3 3831244
5 88 3831245
5 6 3831251
5 82 3831258
5 81 3831260
5 51 3831269
5 54 3831276
5 66 3831279
5 88 3831280
5 67 3831282
5 75 3831288
5 23 3831288
5 71 3831292
5 90 3831295
5 38 3831303
5 68 3831312
5 11 3831312
5 43 3831316
5 26 3831316
5 62 3831324
5 6 3831333
5 24 3831333
5 50 3831338
5 52 3831345
5 74 3831349
5 64 3831357
6 37 3831361
6 47 3831366
6 86 3831369
6 15 3831375
6 93 3831381
6 7 3831381
6 19 3831389
6 62 3831393
6 80 3831400
6 73 3831402
6 41 3831405
6 92 3831413
6 16 3831421
6 14 3831426
6 13 3831427
6 23 3831431
6 0 3831431
6 44 3831434
6 8 3831443
6 84 3831446
6 75 3831450
6 31 3831459
6 56 3831464
6 53 3831473
6 78 3831473
6 32 3831473
6 63 3831480
6 72 3831489
6 55 3831489
6 69 3831489
6 2 3831498
6 3 3831507
6 58 3831514
6 83 3831517
6 49 3831524
6 87 3831527
6 81 3831536
6 60 3831543
6 26 3831547
6 23 3831551
6 21 3831554
6 27 3831554
6 77 3831559
6 76 3831566
6 87 3831575
6 11 3831583
6 52 3831592
6 64 3831594
6 8 3831597
6 17 3831606
6 62 3831607
6 74 3831615
6 50 3831624
6 2 3831628
6 58 3831628
6 3 3831635
6 33 3831642
6 42 3831649
6 67 3831658
6 66 3831664
6 60 3831667
6 15 3831669
6 71 3831671
6 7 3831672
6 1 3831678
6 68 3831682
6 40 3831685
6 80 3831685
6 31 3831690
6 45 3831691
6 22 3831697
6 55 3831699
6 85 3831703
6 83 3831705
6 48 3831712
6 84 3831715
6 39 3831720
6 44 3831728
6 46 3831733
6 36 3831739
6 54 3831744
6 30 3831750
6 70 3831758
6 93 3831762
6 24 3831764
7 44 3831769
7 93 3831770
7 19 3831774
7 22 3831775
7 9 3831776
7 52 3831783
7 80 3831788
7 27 3831794
7 10 3831801
7 12 3831809
7 32 3831810
7 36 3831814
7 14 3831823
7 31 3831828
7 17 3831830
7 41 3831831
7 83 3831840
7 15 3831842
7 35 3831846
7 46 3831855
7 42 3831862
7 38 3831865
7 59 3831870
7 88 3831878
7 30 3831879
7 54 3831887
7 60 3831892
7 72 3831897
7 4 3831899
7 87 3831902
7 8 3831908
7 67 3831916
7 82 3831921
7 90 3831927
7 16 3831935
7 51 3831938
7 9 3831944
7 2 3831953
7 22 3831961
7 19 3831968
7 21 3831975
7 4 3831977
7 15 3831981
7 20 3831987
7 86 3831991
7 31 3831999
7 18 3832005
7 94 3832007
7 89 3832016
7 37 3832024
7 81 3832033
7 47 3832041
7 80 3832050
7 68 3832051
7 6 3832053
7 25 3832060
7 1 3832060
7 33 3832061
7 39 3832065
7 10 3832072
7 88 3832078
7 83 3832087
7 63 3832093
7 59 3832093
7 76 3832099
7 41 3832103
7 26 3832108
7 29 3832109
7 55 3832109
7 11 3832116
7 38 3832125
8 62 3832132
8 6 3832134
8 45 3832135
8 26 3832138
8 38 3832139
8 41 3832146
8 88 3832154
8 32 3832158
8 94 3832158
8 44 3832160
8 85 3832162
8 28 3832164
8 47 3832165
8 36 3832172
8 63 3832174
8 49 3832174
8 70 3832183
8 50 3832184
8 27 3832184
8 1 3832188
8 3 3832197
8 46 3832203
8 21 3832203
8 65 3832205
8 84 3832214
8 87 3832222
8 53 3832223
8 61 3832223
8 89 3832226
8 86 3832232
8 90 3832235
8 66 3832243
8 46 3832250
8 39 3832258
8 71 3832263
8 65 3832267
8 84 3832273
8 64 3832276
8 53 3832284
8 72 3832288
8 18 3832295
8 17 3832296
8 60 3832305
8 32 3832309
8 45 3832312
8 4 3832315
8 68 3832323
8 58 3832329
8 40 3832336
8 14 3832339
8 47 3832345
8 36 3832349
8 93 3832358
8 19 3832362
8 78 3832364
8 92 3832364
8 83 3832372
8 54 3832372
8 2 3832377
8 55 3832377
9 28 3832380
9 32 3832381
9 2 3832389
9 79 3832393
9 22 3832397
9 83 3832398
9 11 3832401
9 5 3832405
9 72 3832409
9 87 3832409
9 54 3832415
9 77 3832415
9 48 3832424
9 66 3832427
9 37 3832428
9 88 3832437
9 59 3832437
9 17 3832446
9 42 3832450
9 55 3832452
9 28 3832456
9 33 3832465
9 3 3832468
9 30 3832475
9 35 3832477
9 38 3832481
9 69 3832483
9 5 3832487
9 39 3832490
9 10 3832491
10 3 3832491
10 26 3832492
10 64 3832494
10 35 3832500
10 27 3832502
10 31 3832505
10 0 3832512
10 88 3832518
10 2 3832519
10 68 3832526
10 6 3832528
10 91 3832531
10 12 3832540
10 34 3832542
10 40 3832543
10 23 3832543
10 24 3832549
10 57 3832555
10 51 3832555
10 20 3832555
10 13 3832557
10 63 3832561
10 45 3832566
10 70 3832574
10 87 3832580
10 78 3832580
10 1 3832584
10 90 3832585
10 79 3832594
10 77 3832598
10 50 3832606
10 94 3832614
10 18 3832623
10 11 3832632
10 74 3832635
10 76 3832641
10 8 3832643
10 81 3832648
10 80 3832657
10 5 3832660
10 46 3832662
10 54 3832664
10 85 3832671
10 84 3832676
10 15 3832681
10 68 3832683
10 41 3832690
10 29 3832699
10 60 3832708
10 79 3832713
10 31 3832718
10 88 3832719
10 40 3832725
10 61 3832732
10 8 3832732
10 80 3832737
10 73 3832739
10 0 3832743
10 21 3832748
10 58 3832748
10 6 3832755
10 22 3832764
10 45 3832767
10 14 3832773
10 59 3832782
10 81 3832790
10 11 3832791
10 16 3832800
10 18 3832805
10 17 3832809
10 49 3832818
10 26 3832823
10 66 3832824
10 37 3832832
10 83 3832836
10 27 3832837
10 78 3832845
10 62 3832853
10 36 3832854
10 89 3832859
10 2 3832860
10 47 3832867
10 77 3832875
10 93 3832877
10 50 3832886
10 92 3832894
10 19 3832902
10 38 3832907
10 54 3832911
10 65 3832912
11 9 3832921
11 17 3832927
11 2 3832931
11 3 3832937
11 32 3832945
11 72 3832950
11 63 3832957
12 74 3832961
12 4 3832967
12 23 3832974
12 82 3832978
12 27 3832979
12 78 3832979
12 60 3832981
12 1 3832990
12 61 3832998
12 80 3833001
12 89 3833010
12 58 3833011
12 26 3833017
12 38 3833021
12 5 3833023
12 67 3833027
12 51 3833035
12 85 3833043
12 68 3833048
12 55 3833048
12 9 3833055
12 6 3833056
12 79 3833056
12 93 3833061
12 28 3833063
12 69 3833069
12 29 3833074
12 90 3833074
12 16 3833080
12 48 3833082
12 41 3833090
12 87 3833093
12 71 3833093
12 31 3833099
12 18 3833102
12 54 3833106
12 32 3833114
12 0 3833120
12 14 3833123
12 30 3833128
12 15 3833128
12 81 3833130
12 35 3833135
12 50 3833138
12 57 3833141
12 86 3833142
12 42 3833147
12 17 3833152
12 58 3833160
12 94 3833167
12 46 3833168
12 2 3833171
12 48 3833177
12 66 3833177
12 67 3833183
12 15 3833186
12 37 3833193
12 25 3833197
12 56 3833197
12 82 3833199
12 79 3833203
12 42 3833209
12 64 3833215
12 62 3833224
12 88 3833232
12 30 3833239
12 43 3833244
12 51 3833253
12 16 3833256
12 33 3833257
12 70 3833257
12 87 3833259
12 0 3833267
12 45 3833274
12 83 3833278
12 14 3833280
12 72 3833282
12 78 3833283
12 3 3833291
12 31 3833291
12 57 3833296
12 11 3833299
12 89 3833303
12 24 3833310
12 26 3833310
12 53 3833313
12 50 3833317
12 39 3833319
12 52 3833325
12 8 3833333
12 23 3833337
12 61 3833345
12 92 3833352
12 41 3833357
12 32 3833366
12 54 3833374
12 38 3833374
12 4 3833374
12 71 3833382
12 1 3833383
12 21 3833389
13 72 3833391
13 58 3833396
13 7 3833405
13 44 3833413
13 21 3833421
13 16 3833422
13 57 3833429
13 79 3833434
13 35 3833438
13 87 3833446
13 42 3833451
13 32 3833451
14 13 3833458
14 61 3833464
14 72 3833466
14 93 3833470
14 35 3833475
14 81 3833477
14 55 3833478
14 78 3833478
14 29 3833484
14 15 3833490
14 2 3833490
14 17 3833496
14 12 3833503
14 31 3833507
14 6 3833508
14 25 3833511
14 38 3833513
14 40 3833517
14 73 3833524
14 41 3833533
14 34 3833536
14 54 3833538
14 69 3833546
14 89 3833553
14 26 3833561
14 57 3833566
14 56 3833568
14 24 3833576
14 67 3833577
14 70 3833584
14 50 3833585
14 66 3833592
14 19 3833594
14 43 3833603
14 31 3833610
14 77 3833611
14 16 3833618
14 85 3833620
14 46 3833624
14 67 3833626
14 28 3833626
14 91 3833626
14 65 3833626
14 23 3833628
14 73 3833632
14 82 3833640
14 24 3833646
14 94 3833653
14 20 3833654
14 83 3833656
14 15 3833661
14 34 3833666
14 21 3833666
14 56 3833674
14 81 3833682
14 53 3833686
14 72 3833691
14 52 3833697
14 63 3833699
14 80 3833700
14 61 3833702
16 89 3833706
16 52 3833706
16 60 3833711
16 5 3833711
16 92 3833711
16 58 3833719
16 17 3833724
16 44 3833725
16 12 3833731
16 48 3833738
16 93 3833738
16 15 3833739
16 65 3833745
16 84 3833752
16 50 3833756
16 13 3833759
16 91 3833759
16 18 3833766
16 82 3833771
16 27 3833777
16 41 3833780
16 63 3833783
16 51 3833790
16 85 3833794
16 9 3833799
16 35 3833803
16 68 3833810
16 2 3833814
16 86 3833815
16 70 3833820
16 67 3833827
16 10 3833833
16 25 3833838
16 1 3833841
16 39 3833842
16 83 3833850
16 20 3833856
16 19 3833865
16 53 3833873
16 6 3833877
16 31 3833879
16 23 3833881
16 81 3833887
16 49 3833893
16 80 3833893
16 11 3833897
16 22 3833898
16 75 3833907
16 34 3833913
16 79 3833921
16 45 3833922
16 64 3833929
16 32 3833931
16 63 3833939
16 1 3833945
16 37 3833948
16 87 3833950
16 18 3833951
16 27 3833953
16 19 3833957
16 2 3833963
16 56 3833971
16 6 3833977
16 36 3833977
16 20 3833981
16 79 3833982
16 13 3833985
16 81 3833993
16 59 3833997
16 71 3833997
16 72 3834002
16 0 3834005
16 8 3834007
16 24 3834011
16 15 3834011
16 45 3834011
16 48 3834017
16 85 3834017
16 7 3834021
16 89 3834028
16 49 3834033
16 65 3834034
16 50 3834037
16 91 3834041
16 29 3834050
16 53 3834053
16 55 3834059
16 26 3834059
16 35 3834062
16 42 3834069
16 77 3834070
16 66 3834071
16 83 3834072
16 74 3834081
16 14 3834083
16 9 3834091
16 80 3834099
16 57 3834099
16 88 3834101
16 11 3834109
16 33 3834114
16 68 3834116
16 51 3834124
16 70 3834128
16 52 3834129
16 90 3834129
17 71 3834129
17 13 3834129
17 16 3834135
18 81 3834135
18 5 3834142
18 13 3834151
18 62 3834159
18 90 3834168
18 51 3834171
18 70 3834173
18 49 3834175
18 33 3834176
18 19 3834179
18 47 3834179
18 31 3834188
18 77 3834197
18 59 3834201
18 7 3834208
18 76 3834216
18 79 3834223
18 57 3834223
18 0 3834226
18 30 3834230
18 9 3834235
18 91 3834241
18 10 3834246
18 69 3834254
18 37 3834259
18 15 3834266
18 1 3834272
18 21 3834274
18 25 3834281
18 94 3834283
18 89 3834286
18 38 3834286
18 22 3834294
18 3 3834302
18 40 3834303
18 61 3834306
18 65 3834314
18 73 3834316
18 42 3834317
18 64 3834321
18 63 3834330
18 67 3834333
18 75 3834342
18 46 3834343
18 6 3834347
18 50 3834348
18 54 3834355
18 48 3834357
18 27 3834358
18 34 3834367
18 28 3834367
18 82 3834369
18 66 3834374
18 85 3834376
18 71 3834380
18 69 3834388
18 2 3834391
18 46 3834397
18 29 3834404
18 90 3834411
18 10 3834412
18 38 3834415
18 56 3834423
18 22 3834426
18 3 3834431
18 83 3834431
18 57 3834439
18 87 3834445
18 42 3834446
18 91 3834446
18 62 3834446
18 81 3834454
18 28 3834463
18 12 3834468
18 55 3834470
18 17 3834471
18 93 3834478
18 1 3834479
18 65 3834482
18 43 3834483
18 21 3834483
18 49 3834485
18 35 3834494
18 76 3834494
18 66 3834497
18 54 3834497
18 86 3834501
18 31 3834502
18 48 3834507
18 80 3834515
18 50 3834516
18 14 3834524
18 44 3834531
18 27 3834534
18 26 3834536
18 9 3834539
18 85 3834545
18 82 3834547
18 45 3834552
18 92 3834559
18 78 3834561
18 61 3834561
18 36 3834564
18 72 3834570
18 15 3834575
18 40 3834583
18 88 3834585
20 75 3834590
20 91 3834599
20 70 3834605
20 94 3834609
20 8 3834612
20 82 3834620
20 21 3834626
20 71 3834633
20 28 3834638
20 41 3834645
20 56 3834649
20 11 3834652
20 27 3834661
20 0 3834663
20 1 3834664
20 45 3834665
20 35 3834674
20 66 3834675
20 6 3834678
20 86 3834683
20 81 3834690
20 58 3834693
20 61 3834699
20 4 3834703
20 78 3834703
20 63 3834712
20 88 3834720
20 53 3834725
20 10 3834733
20 17 3834740
20 93 3834748
20 50 3834754
20 47 3834757
20 7 3834758
20 74 3834760
20 86 3834765
20 61 3834773
20 31 3834780
20 9 3834789
20 51 3834797
20 84 3834800
20 60 3834802
20 38 3834807
20 14 3834807
20 90 3834816
20 47 3834822
20 45 3834822
20 8 3834822
20 63 3834830
20 48 3834834
20 39 3834834
20 53 3834834
20 41 3834840
20 91 3834845
20 59 3834849
20 12 3834850
20 18 3834854
20 13 3834857
20 92 3834861
20 40 3834870
20 75 3834870
20 34 3834878
20 74 3834878
20 0 3834887
20 82 3834894
20 50 3834898
20 23 3834900
20 94 3834902
20 80 3834905
21 91 3834914
21 12 3834921
21 78 3834928
21 7 3834931
21 32 3834939
21 92 3834939
21 60 3834942
21 54 3834945
21 10 3834951
21 29 3834955
21 17 3834964
21 49 3834971
21 36 3834979
21 9 3834983
21 27 3834988
21 63 3834994
21 77 3834998
21 19 3835000
21 63 3835007
21 51 3835015
21 31 3835016
21 86 3835020
21 22 3835021
21 28 3835021
21 25 3835026
21 39 3835026
21 82 3835029
21 89 3835036
21 34 3835037
21 12 3835046
21 54 3835052
21 56 3835055
22 21 3835056
22 62 3835063
22 44 3835068
22 38 3835069
22 53 3835073
22 77 3835079
22 5 3835083
22 83 3835085
22 13 3835091
22 7 3835093
23 39 3835098
23 64 3835098
23 79 3835104
23 91 3835112
23 63 3835117
23 71 3835117
23 62 3835124
23 61 3835129
23 73 3835135
23 76 3835143
23 94 3835148
23 58 3835156
23 10 3835156
23 42 3835165
23 44 3835166
23 29 3835171
23 72 3835175
23 21 3835178
23 52 3835182
23 13 3835182
23 81 3835185
23 88 3835189
23 11 3835197
23 74 3835204
23 32 3835205
23 1 3835205
23 9 3835207
23 78 3835214
23 16 3835222
23 80 3835229
23 57 3835234
23 75 3835240
23 28 3835240
23 65 3835241
23 15 3835250
23 87 3835252
23 86 3835252
23 43 3835261
23 36 3835268
23 84 3835277
23 48 3835279
23 92 3835288
23 52 3835294
23 47 3835296
23 54 3835299
23 57 3835303
23 78 3835306
23 87 3835313
23 58 3835322
23 9 3835326
23 69 3835330
23 90 3835331
23 86 3835337
23 45 3835342
23 12 3835346
23 25 3835346
23 32 3835352
23 71 3835358
23 84 3835363
23 18 3835372
23 33 3835372
23 13 3835377
23 41 3835385
23 91 3835392
23 79 3835395
23 28 3835401
23 34 3835405
23 5 3835411
23 17 3835412
23 22 3835416
23 75 3835424
23 31 3835424
23 15 3835428
23 14 3835434
23 26 3835438
23 59 3835441
23 2 3835444
23 43 3835446
23 8 3835451
23 81 3835460
23 0 3835463
23 21 3835466
23 37 3835466
23 27 3835473
23 88 3835475
23 64 3835482
23 80 3835489
23 11 3835489
24 58 3835493
24 18 3835502
24 91 3835504
24 9 3835508
24 10 3835512
24 66 3835515
24 70 3835524
24 1 3835533
24 72 3835538
24 65 3835547
24 11 3835555
24 78 3835557
24 5 3835561
24 64 3835569
24 51 3835578
24 55 3835582
24 49 3835590
24 79 3835593
24 30 3835602
24 4 3835602
24 53 3835607
24 27 3835616
24 92 3835617
24 15 3835617
24 84 3835624
24 21 3835627
24 41 3835629
24 12 3835633
24 75 3835640
24 35 3835641
24 63 3835649
24 77 3835653
24 81 3835659
24 13 3835661
24 16 3835668
24 85 3835668
24 42 3835672
24 80 3835680
24 23 3835682
24 76 3835682
24 54 3835691
24 19 3835691
24 82 3835695
24 26 3835695
24 83 3835701
24 93 3835709
24 90 3835714
24 48 3835721
24 59 3835729
24 87 3835738
24 56 3835739
24 88 3835748
24 94 3835750
24 6 3835758
24 61 3835764
24 77 3835767
24 72 3835774
24 21 3835779
24 89 3835786
24 55 3835789
24 13 3835797
24 64 3835802
24 6 3835806
24 92 3835809
24 16 3835809
24 14 3835812
24 58 3835814
24 60 3835823
24 94 3835826
24 56 3835828
24 2 3835828
24 41 3835833
24 52 3835841
24 12 3835842
24 25 3835848
24 37 3835851
24 17 3835860
24 46 3835863
24 30 3835868
24 9 3835871
24 45 3835871
24 44 3835877
24 20 3835880
24 29 3835882
24 81 3835882
24 62 3835887
24 74 3835894
24 91 3835901
24 53 3835909
24 10 3835912
24 22 3835919
24 31 3835927
24 93 3835929
24 75 3835934
24 69 3835939
24 86 3835946
24 33 3835947
24 0 3835952
24 32 3835961
24 83 3835970
24 1 3835972
24 19 3835974
24 82 3835979
24 50 3835982
24 26 3835985
24 8 3835993
24 23 3835998
24 67 3836002
24 84 3836011
24 5 3836011
24 80 3836011
25 35 3836014
25 1 3836021
26 20 3836030
26 74 3836037
26 31 3836037
26 54 3836046
26 12 3836054
26 64 3836056
26 46 3836056
26 23 3836059
26 41 3836068
26 70 3836069
26 32 3836076
26 29 3836078
26 28 3836087
26 63 3836095
26 82 3836099
26 51 3836104
26 35 3836106
26 71 3836115
26 10 3836115
26 61 3836118
26 86 3836121
26 75 3836124
26 80 3836127
26 92 3836134
26 52 3836143
26 37 3836149
26 18 3836150
26 85 3836157
26 69 3836158
26 60 3836160
26 78 3836168
26 58 3836175
26 4 3836176
26 14 3836176
26 24 3836176
26 2 3836182
26 33 3836189
26 22 3836190
26 91 3836199
26 17 3836205
26 93 3836208
26 92 3836213
26 30 3836219
26 51 3836222
26 67 3836225
26 57 3836227
26 81 3836229
26 6 3836231
26 28 3836234
26 94 3836242
26 1 3836249
26 29 3836257
26 19 3836264
26 77 3836265
26 71 3836268
26 89 3836272
26 7 3836278
26 36 3836286
26 27 3836286
26 66 3836288
26 65 3836293
26 34 3836299
26 62 3836308
26 58 3836310
26 84 3836311
26 46 3836312
26 35 3836319
26 45 3836327
27 9 3836332
27 62 3836335
27 80 3836335
27 1 3836344
27 61 3836345
27 15 3836350
27 39 3836355
27 60 3836356
27 74 3836361
27 78 3836361
27 36 3836369
27 55 3836375
27 90 3836379
27 18 3836384
27 5 3836384
27 31 3836385
27 38 3836390
27 53 3836390
27 66 3836398
27 46 3836403
27 25 3836407
27 71 3836407
27 6 3836414
27 26 3836417
27 48 3836422
27 4 3836429
27 87 3836437
27 89 3836440
27 91 3836440
27 69 3836444
27 51 3836446
27 0 3836450
27 82 3836450
27 35 3836457
27 32 3836463
27 50 3836466
27 45 3836473
27 3 3836482
27 22 3836491
27 16 3836500
27 63 3836508
27 84 3836511
27 10 3836514
27 65 3836515
27 50 3836517
27 80 3836517
27 71 3836522
27 7 3836529
27 8 3836532
27 29 3836534
27 11 3836543
27 75 3836549
27 64 3836550
27 17 3836550
27 73 3836552
27 48 3836559
27 58 3836567
27 37 3836570
27 79 3836577
27 15 3836577
27 36 3836579
27 87 3836584
27 57 3836593
27 92 3836595
27 26 3836599
27 16 3836601
27 91 3836610
27 56 3836617
27 34 3836623
27 62 3836626
27 44 3836630
27 2 3836634
27 13 3836641
27 21 3836642
27 53 3836644
27 77 3836650
27 31 3836654
27 45 3836662
27 82 3836671
28 0 3836675
28 31 3836677
28 74 3836684
29 60 3836689
29 88 3836693
29 56 3836694
29 89 3836697
29 66 3836703
29 68 3836706
29 16 3836713
29 51 3836713
29 19 3836721
29 93 3836726
29 33 3836731
29 71 3836736
29 80 3836738
29 63 3836747
29 18 3836747
29 30 3836756
29 70 3836756
29 21 3836757
29 47 3836759
29 53 3836761
29 87 3836770
29 65 3836771
29 84 3836772
29 14 3836773
29 69 3836777
29 9 3836786
29 77 3836788
29 73 3836791
29 35 3836795
29 8 3836799
29 37 3836807
29 81 3836809
29 23 3836817
29 82 3836819
29 25 3836823
29 61 3836828
29 36 3836830
29 94 3836830
29 4 3836833
29 20 3836842
29 3 3836847
29 64 3836847
29 58 3836856
29 74 3836857
29 55 3836866
29 11 3836872
29 17 3836880
29 7 3836884
29 92 3836893
29 40 3836895
29 75 3836895
29 28 3836900
29 42 3836904
29 92 3836909
29 91 3836915
29 53 3836923
29 70 3836927
29 59 3836934
29 34 3836940
29 39 3836940
29 65 3836944
29 9 3836949
29 31 3836957
29 47 3836960
29 30 3836967
29 40 3836972
29 8 3836977
29 46 3836977
29 18 3836985
29 33 3836989
29 26 3836997
29 89 3837001
29 17 3837006
29 51 3837009
29 62 3837017
29 69 3837018
29 76 3837022
29 20 3837022
29 4 3837029
29 45 3837032
29 58 3837034
29 54 3837039
29 0 3837042
29 56 3837043
29 48 3837050
29 66 3837053
29 49 3837055
29 7 3837061
29 73 3837064
29 37 3837070
29 44 3837074
29 15 3837075
29 23 3837076
29 22 3837076
29 63 3837078
29 87 3837084
29 71 3837093
29 75 3837101
29 79 3837108
29 1 3837115
29 10 3837116
29 90 3837117
29 2 3837125
29 83 3837134
29 14 3837135
29 81 3837143
29 5 3837146
30 53 3837149
30 21 3837158
30 34 3837158
30 86 3837166
30 92 3837173
30 3 3837182
30 22 3837187
30 31 3837187
30 15 3837192
30 36 3837198
30 28 3837202
30 57 3837202
30 66 3837202
30 12 3837211
30 85 3837213
30 89 3837214
30 81 3837217
30 75 3837223
30 69 3837229
30 90 3837231
30 20 3837234
30 64 3837237
30 40 3837243
30 68 3837249
30 8 3837256
30 93 3837256
30 9 3837265
30 42 3837273
30 73 3837274
30 5 3837277
30 70 3837283
30 24 3837283
30 7 3837292
30 83 3837296
30 29 3837300
30 51 3837304
30 48 3837311
30 23 3837317
30 79 3837319
30 26 3837321
30 4 3837329
30 74 3837335
30 49 3837337
30 54 3837338
30 17 3837342
30 82 3837347
30 87 3837355
30 61 3837357
30 11 3837357
30 43 3837361
30 72 3837370
30 56 3837370
30 60 3837370
30 37 3837378
30 64 3837384
30 91 3837386
30 15 3837386
30 69 3837395
30 77 3837401
30 14 3837401
30 25 3837403
30 0 3837411
30 87 3837414
30 88 3837417
30 20 3837419
30 74 3837419
30 21 3837419
30 9 3837428
30 4 3837434
30 40 3837441
30 42 3837445
30 17 3837447
30 23 3837451
30 57 3837453
30 28 3837455
30 70 3837457
30 59 3837462
30 35 3837465
30 6 3837465
30 48 3837466
30 94 3837467
30 72 3837473
30 85 3837480
30 36 3837489
30 78 3837497
30 34 3837497
30 68 3837498
30 61 3837501
30 19 3837507
30 10 3837515
30 79 3837517
30 41 3837517
30 18 3837525
30 90 3837529
30 49 3837538
30 22 3837542
30 3 3837546
30 53 3837552
30 37 3837552
31 49 3837556
31 65 3837556
31 34 3837557
31 54 3837566
31 38 3837571
31 45 3837573
31 35 3837579
31 4 3837588
31 76 3837593
31 3 3837602
31 22 3837607
31 24 3837615
31 48 3837617
31 83 3837619
31 17 3837623
31 82 3837623
31 74 3837631
31 30 3837640
31 92 3837642
31 5 3837644
31 28 3837650
31 2 3837653
31 39 3837656
31 9 3837659
31 93 3837667
31 21 3837671
31 16 3837672
31 29 3837677
31 60 3837681
31 86 3837681
31 58 3837690
31 67 3837694
31 11 3837696
31 91 3837700
31 68 3837705
31 59 3837713
31 66 3837720
31 42 3837728
31 6 3837733
31 39 3837733
31 13 3837738
31 1 3837745
31 36 3837753
31 12 3837756
31 7 3837763
31 74 3837772
31 18 3837779
31 63 3837779
31 57 3837782
31 62 3837785
31 66 3837788
31 60 3837789
31 41 3837791
31 81 3837795
31 76 3837803
31 2 3837804
31 37 3837807
31 30 3837807
31 27 3837813
31 16 3837821
31 93 3837830
31 23 3837838
31 75 3837842
31 15 3837846
31 59 3837855
31 32 3837864
31 90 3837873
31 88 3837873
31 82 3837875
31 68 3837879
31 79 3837888
31 85 3837888
31 84 3837889
31 72 3837898
32 65 3837899
32 88 3837903
32 22 3837908
32 24 3837911
32 44 3837916
32 55 3837925
32 43 3837928
32 90 3837932
32 8 3837936
32 46 3837937
32 37 3837937
32 47 3837943
32 41 3837946
32 60 3837952
32 50 3837954
32 69 3837956
32 94 3837962
32 34 3837971
32 28 3837979
32 6 3837982
32 93 3837990
32 74 3837998
32 39 3838003
32 5 3838010
32 82 3838010
32 68 3838014
32 38 3838014
32 75 3838014
32 72 3838014
32 31 3838018
32 30 3838022
32 33 3838030
32 79 3838031
32 58 3838032
32 76 3838033
32 42 3838033
32 66 3838040
32 6 3838042
32 33 3838048
32 31 3838053
32 19 3838056
32 60 3838060
32 73 3838063
32 7 3838067
32 38 3838070
32 50 3838073
32 1 3838073
32 91 3838078
32 68 3838079
32 76 3838088
32 82 3838088
32 15 3838097
32 5 3838100
32 16 3838101
32 64 3838102
32 43 3838104
32 47 3838112
32 25 3838113
32 24 3838117
32 14 3838118
32 0 3838124
32 48 3838124
32 44 3838131
32 22 3838139
32 90 3838144
32 13 3838144
32 88 3838145
32 58 3838147
32 3 3838151
32 77 3838154
32 18 3838158
32 39 3838166
32 78 3838173
32 89 3838178
33 36 3838182
33 75 3838190
33 92 3838197
33 53 3838204
33 25 3838208
33 28 3838211
33 70 3838214
33 0 3838221
33 83 3838221
33 44 3838222
33 60 3838226
33 5 3838235
33 49 3838239
33 1 3838246
33 43 3838247
33 16 3838255
33 7 3838262
33 30 3838262
33 84 3838266
33 37 3838268
33 58 3838276
33 24 3838277
33 80 3838278
33 45 3838283
33 85 3838287
33 69 3838293
33 47 3838302
33 52 3838307
33 0 3838312
33 5 3838320
33 45 3838328
33 21 3838331
33 55 3838336
33 59 3838336
33 18 3838339
33 83 3838342
33 36 3838350
33 11 3838351
33 31 3838353
33 64 3838355
33 16 3838356
33 40 3838364
33 8 3838368
33 53 3838372
33 90 3838380
33 79 3838387
33 88 3838391
34 4 3838398
34 51 3838403
34 5 3838405
34 62 3838405
34 90 3838414
34 84 3838422
34 59 3838424
34 16 3838431
34 8 3838436
34 10 3838445
34 9 3838450
34 43 3838451
35 24 3838451
35 82 3838454
35 45 3838459
35 42 3838466
35 47 3838475
35 80 3838481
35 43 3838486
35 7 3838493
35 87 3838493
35 79 3838494
35 18 3838500
35 94 3838508
35 88 3838513
35 59 3838516
35 58 3838516
35 61 3838517
35 22 3838520
35 85 3838523
35 46 3838528
35 89 3838531
35 86 3838535
35 62 3838538
35 90 3838541
35 12 3838542
35 50 3838549
35 69 3838554
35 27 3838558
35 26 3838567
35 10 3838569
35 2 3838577
35 55 3838583
35 91 3838589
35 39 3838592
35 76 3838593
35 64 3838598
35 37 3838604
35 31 3838608
35 28 3838613
35 54 3838620
35 0 3838625
35 93 3838625
35 33 3838633
35 83 3838642
35 49 3838648
35 9 3838656
35 70 3838664
35 63 3838667
35 15 3838668
35 44 3838675
35 1 3838681
35 74 3838689
35 41 3838697
35 48 3838703
35 67 3838711
35 75 3838719
35 92 3838722
35 68 3838730
35 72 3838737
35 90 3838743
35 6 3838743
35 43 3838745
35 88 3838746
35 75 3838748
35 89 3838757
35 37 3838757
35 64 3838757
35 1 3838760
35 12 3838760
35 83 3838762
35 77 3838769
35 50 3838774
35 23 3838781
35 49 3838781
35 61 3838784
35 26 3838790
35 5 3838791
35 47 3838799
35 80 3838807
35 2 3838807
35 66 3838807
35 76 3838808
35 70 3838811
35 54 3838813
35 38 3838815
35 31 3838824
35 84 3838833
35 17 3838839
35 93 3838840
35 91 3838846
35 33 3838850
35 68 3838851
35 13 3838859
35 45 3838865
35 29 3838866
35 46 3838869
35 71 3838869
35 16 3838874
35 44 3838878
35 74 3838887
35 15 3838888
35 9 3838890
35 58 3838895
35 27 3838898
35 51 3838905
35 22 3838912
35 32 3838920
35 94 3838920
35 4 3838928
35 18 3838928
35 8 3838929
35 11 3838933
35 69 3838939
35 52 3838940
35 41 3838943
35 55 3838951
35 7 3838953
36 13 3838958
36 68 3838966
36 26 3838974
36 73 3838976
36 91 3838977
36 24 3838983
36 61 3838985
36 39 3838994
36 75 3838996
36 40 3838999
36 67 3839000
36 82 3839002
36 85 3839002
36 89 3839002
36 11 3839006
36 55 3839007
36 87 3839010
36 64 3839012
36 70 3839014
36 33 3839023
36 94 3839024
36 6 3839032
36 38 3839037
36 15 3839042
36 34 3839046
36 83 3839054
36 46 3839060
36 63 3839062
36 1 3839068
36 41 3839072
36 52 3839080
36 37 3839088
36 0 3839091
36 76 3839096
36 9 3839100
36 27 3839108
36 20 3839108
36 65 3839111
36 78 3839113
36 17 3839117
36 35 3839118
36 14 3839123
36 72 3839125
36 69 3839134
36 12 3839143
36 45 3839146
36 19 3839147
36 25 3839154
36 57 3839159
36 18 3839160
36 35 3839166
36 16 3839168
36 69 3839168
36 67 3839172
36 43 3839173
36 86 3839182
36 68 3839191
36 23 3839194
36 14 3839196
36 41 3839200
36 65 3839203
36 24 3839206
36 37 3839210
36 72 3839216
36 77 3839216
36 39 3839225
36 66 3839231
36 81 3839238
36 83 3839238
36 47 3839244
36 92 3839252
36 46 3839259
36 42 3839265
36 80 3839266
36 11 3839272
36 13 3839278
36 6 3839285
36 93 3839293
36 75 3839294
36 89 3839301
36 0 3839308
36 82 3839312
36 27 3839321
36 17 3839322
36 63 3839330
36 32 3839330
36 70 3839338
36 91 3839338
36 21 3839347
36 19 3839354
36 18 3839359
36 94 3839362
36 85 3839364
36 30 3839368
36 64 3839375
36 8 3839379
36 57 3839383
36 53 3839389
36 59 3839392
36 31 3839395
36 52 3839397
37 82 3839404
37 48 3839404
37 42 3839411
37 1 3839418
37 28 3839427
37 23 3839432
37 72 3839434
37 69 3839437
37 91 3839442
37 77 3839443
37 32 3839450
37 30 3839458
37 71 3839466
37 41 3839475
37 15 3839475
37 52 3839477
37 92 3839480
37 25 3839483
37 38 3839490
37 40 3839492
37 78 3839498
37 62 3839501
37 79 3839504
37 90 3839512
37 63 3839515
37 94 3839524
37 24 3839527
37 87 3839536
37 40 3839538
37 78 3839546
37 9 3839551
37 76 3839557
37 2 3839561
37 56 3839566
37 81 3839567
37 62 3839574
37 58 3839579
37 8 3839580
37 17 3839586
37 68 3839587
37 10 3839594
37 23 3839595
37 29 3839602
37 59 3839603
37 79 3839604
37 57 3839606
37 82 3839610
37 66 3839617
37 93 3839625
37 39 3839626
37 55 3839628
38 69 3839636
38 13 3839643
38 11 3839649
38 37 3839656
38 20 3839661
38 66 3839666
38 64 3839666
38 83 3839675
38 68 3839682
38 36 3839685
38 58 3839685
38 21 3839685
38 33 3839686
38 14 3839690
38 43 3839697
38 39 3839700
38 25 3839702
38 71 3839706
38 92 3839707
38 47 3839713
38 18 3839720
38 40 3839729
38 74 3839737
38 60 3839745
38 28 3839752
38 24 3839755
38 77 3839756
38 27 3839758
38 75 3839762
38 84 3839769
38 6 3839775
38 80 3839778
38 2 3839783
38 82 3839792
38 81 3839798
38 17 3839800
38 4 3839807
38 79 3839810
38 70 3839817
38 9 3839818
38 31 3839824
38 56 3839832
38 50 3839835
38 29 3839835
38 27 3839835
38 51 3839837
38 85 3839837
38 9 3839844
38 89 3839852
38 39 3839860
38 15 3839868
38 35 3839868
38 58 3839873
38 92 3839874
38 19 3839875
38 7 3839883
38 88 3839885
38 26 3839892
38 30 3839900
38 81 3839902
38 83 3839905
38 68 3839907
38 24 3839908
38 1 3839910
38 77 3839917
38 67 3839919
38 5 3839923
38 71 3839927
38 90 3839929
38 41 3839931
38 34 3839938
38 21 3839940
38 12 3839943
38 74 3839951
38 65 3839960
38 11 3839969
38 66 3839976
38 64 3839985
38 40 3839988
39 57 3839988
39 90 3839991
39 17 3839992
39 32 3839996
39 64 3839996
39 22 3840000
39 49 3840008
39 29 3840010
39 70 3840019
39 47 3840025
39 51 3840031
39 12 3840040
39 54 3840040
39 88 3840044
39 16 3840046
39 46 3840052
39 27 3840060
39 28 3840066
39 19 3840066
39 25 3840070
39 56 3840074
39 58 3840082
39 36 3840090
39 42 3840096
39 71 3840101
39 2 3840105
39 76 3840107
39 61 3840116
39 66 3840121
39 18 3840123
39 43 3840127
39 33 3840133
39 3 3840141
39 77 3840149
39 15 3840155
39 81 3840156
39 9 3840164
39 4 3840172
39 75 3840181
39 5 3840183
39 60 3840189
39 38 3840189
39 14 3840196
39 21 3840196
39 86 3840205
39 94 3840205
39 53 3840212
39 68 3840217
39 74 3840222
39 45 3840227
39 71 3840235
39 30 3840240
39 44 3840245
39 87 3840249
39 28 3840252
39 81 3840259
39 22 3840266
39 29 3840266
39 59 3840271
39 69 3840271
39 63 3840278
39 55 3840279
39 1 3840284
39 32 3840292
39 40 3840294
39 41 3840300
39 3 3840305
39 12 3840308
39 76 3840310
39 18 3840310
39 80 3840310
39 67 3840319
39 36 3840327
39 7 3840336
39 0 3840336
39 53 3840339
39 82 3840342
39 77 3840342
39 60 3840348
39 20 3840351
39 47 3840358
39 49 3840367
39 50 3840372
39 89 3840376
39 91 3840380
39 86 3840387
39 21 3840391
39 24 3840399
39 4 3840399
39 15 3840399
39 83 3840404
39 17 3840408
39 10 3840409
40 15 3840414
40 68 3840420
40 84 3840428
40 19 3840429
40 54 3840434
40 41 3840434
40 57 3840436
40 80 3840437
40 33 3840437
40 64 3840438
40 75 3840438
40 35 3840439
40 61 3840448
40 0 3840449
40 46 3840458
40 38 3840461
40 39 3840464
40 14 3840467
40 14 3840476
40 1 3840485
40 2 3840491
40 29 3840491
40 91 3840492
40 3 3840499
40 49 3840499
40 33 3840499
40 34 3840504
40 22 3840505
40 46 3840505
40 85 3840509
40 44 3840518
40 58 3840527
40 83 3840534
40 53 3840538
41 42 3840547
41 45 3840548
41 63 3840552
41 11 3840560
41 44 3840561
41 14 3840566
41 0 3840573
41 23 3840581
41 70 3840588
41 66 3840589
41 54 3840592
41 86 3840599
41 37 3840606
41 25 3840608
41 55 3840610
41 20 3840619
41 27 3840622
41 63 3840627
41 10 3840634
41 74 3840634
41 14 3840640
41 13 3840642
41 36 3840644
41 46 3840652
41 76 3840661
41 26 3840670
41 0 3840676
41 55 3840685
41 59 3840685
41 93 3840694
41 22 3840697
41 58 3840703
42 72 3840710
42 71 3840711
42 81 3840715
42 66 3840719
42 9 3840721
42 57 3840721
42 43 3840722
42 11 3840728
42 4 3840731
42 7 3840734
42 27 3840741
42 73 3840744
42 22 3840751
42 18 3840753
42 5 3840760
42 54 3840763
42 79 3840765
42 14 3840770
42 13 3840773
42 88 3840782
42 70 3840783
42 45 3840786
42 47 3840792
42 62 3840799
42 61 3840799
42 80 3840806
42 29 3840808
42 65 3840812
42 21 3840820
42 15 3840824
42 77 3840828
42 39 3840837
42 74 3840842
42 60 3840850
42 6 3840856
42 36 3840865
42 82 3840869
42 86 3840872
42 3 3840872
42 32 3840880
42 51 3840889
42 63 3840890
42 20 3840897
42 46 3840898
42 23 3840903
42 38 3840906
42 90 3840907
42 26 3840908
42 67 3840915
42 78 3840916
42 44 3840924
42 84 3840931
42 92 3840936
42 1 3840938
42 91 3840941
42 1 3840946
42 27 3840954
42 60 3840961
42 69 3840969
42 72 3840978
42 31 3840984
42 79 3840989
42 30 3840998
42 19 3841006
42 66 3841011
42 52 3841016
42 50 3841021
42 58 3841026
42 16 3841032
42 55 3841033
42 83 3841041
42 21 3841047
42 81 3841048
42 41 3841051
42 92 3841053
42 77 3841056
42 13 3841059
42 32 3841062
42 26 3841062
42 61 3841071
42 17 3841079
42 94 3841080
42 68 3841088
42 37 3841093
42 23 3841096
42 87 3841102
42 0 3841107
42 74 3841113
42 35 3841121
42 90 3841121
42 57 3841123
42 70 3841130
42 28 3841138
42 12 3841140
42 85 3841149
42 33 3841150
42 56 3841150
42 36 3841155
42 71 3841163
42 20 3841167
42 51 3841169
42 6 3841174
42 34 3841183
42 86 3841191
42 29 3841195
42 2 3841197
42 78 3841200
42 7 3841204
42 59 3841204
42 93 3841210
42 15 3841219
42 84 3841225
42 40 3841233
43 88 3841237
43 37 3841240
44 28 3841243
44 50 3841250
44 17 3841257
44 31 3841264
44 24 3841269
44 0 3841271
44 9 3841278
44 83 3841284
44 55 3841284
44 52 3841285
44 66 3841288
44 21 3841295
44 38 3841304
44 2 3841304
44 57 3841304
44 82 3841307
44 85 3841314
44 11 3841316
45 25 3841318
45 65 3841323
45 36 3841329
45 79 3841331
45 13 3841335
45 7 3841335
45 62 3841343
45 55 3841346
45 82 3841354
45 5 3841358
45 18 3841367
45 86 3841370
45 46 3841370
45 44 3841373
45 88 3841376
45 43 3841379
45 37 3841387
45 40 3841393
45 85 3841398
45 93 3841398
45 61 3841400
45 26 3841400
45 11 3841400
45 23 3841401
45 39 3841401
45 38 3841408
45 27 3841413
45 10 3841417
45 51 3841417
45 3 3841426
45 74 3841432
45 87 3841439
45 21 3841441
45 52 3841444
45 14 3841453
45 60 3841456
45 0 3841458
45 17 3841461
45 19 3841468
45 70 3841475
45 20 3841477
45 12 3841486
45 41 3841486
45 42 3841491
45 8 3841494
45 4 3841496
45 40 3841497
45 77 3841504
45 59 3841504
45 39 3841505
45 23 3841508
45 6 3841510
45 33 3841518
45 34 3841522
45 78 3841528
45 88 3841536
45 53 3841545
45 66 3841548
45 74 3841554
45 10 3841563
45 71 3841571
45 31 3841571
45 29 3841577
45 11 3841578
45 94 3841580
45 63 3841584
45 72 3841584
45 1 3841587
45 21 3841587
45 46 3841591
45 20 3841595
45 26 3841604
45 27 3841612
45 3 3841619
45 13 3841624
45 44 3841628
45 58 3841628
45 15 3841635
45 86 3841643
45 38 3841644
45 32 3841652
45 36 3841656
45 85 3841663
45 56 3841663
45 57 3841670
45 61 3841676
45 24 3841679
45 7 3841680
45 43 3841683
45 83 3841685
45 93 3841690
46 84 3841695
46 14 3841695
46 68 3841696
46 49 3841705
46 52 3841708
46 16 3841712
46 37 3841713
46 94 3841714
46 24 3841714
46 63 3841722
46 19 3841731
46 91 3841738
46 21 3841742
46 4 3841744
46 75 3841753
46 17 3841755
46 5 3841760
46 47 3841769
46 79 3841776
46 80 3841785
46 83 3841786
46 22 3841791
46 70 3841799
46 86 3841803
46 87 3841803
46 92 3841804
46 18 3841808
46 0 3841815
46 64 3841822
46 34 3841831
46 61 3841834
46 45 3841836
46 20 3841836
46 2 3841841
46 28 3841848
46 51 3841851
46 76 3841854
46 13 3841855
46 12 3841856
46 73 3841864
46 77 3841870
46 42 3841875
46 57 3841875
46 67 3841884
46 74 3841886
46 41 3841892
46 69 3841898
46 93 3841900
46 85 3841906
46 23 3841907
46 39 3841910
46 56 3841910
46 11 3841919
46 43 3841924
46 94 3841933
46 52 3841935
46 57 3841941
46 83 3841950
46 29 3841953
46 6 3841960
46 91 3841964
46 9 3841968
46 75 3841977
46 50 3841986
46 8 3841990
46 13 3841994
46 82 3842000
46 92 3842005
46 70 3842005
46 66 3842006
46 24 3842006
46 18 3842011
46 68 3842013
46 34 3842015
46 16 3842024
46 45 3842024
46 48 3842025
46 64 3842026
46 73 3842033
46 67 3842042
46 33 3842048
46 38 3842049
46 69 3842058
46 20 3842063
46 17 3842069
46 25 3842076
46 74 3842081
46 1 3842087
46 47 3842088
46 0 3842091
46 86 3842098
46 58 3842098
46 88 3842106
46 89 3842110
46 31 3842115
46 27 3842123
46 26 3842132
46 87 3842133
46 51 3842134
46 79 3842138
46 71 3842140
46 44 3842141
46 36 3842148
46 23 3842156
47 75 3842165
47 53 3842170
47 10 3842170
47 51 3842177
47 80 3842184
47 61 3842191
47 19 3842192
47 73 3842192
47 85 3842194
47 36 3842200
47 31 3842209
47 59 3842218
47 93 3842220
47 65 3842226
47 89 3842227
47 86 3842228
47 91 3842237
47 71 3842245
47 24 3842250
47 74 3842254
47 34 3842257
47 25 3842262
47 84 3842269
47 70 3842270
47 94 3842279
47 58 3842279
47 20 3842286
47 76 3842287
47 13 3842289
47 37 3842298
47 81 3842305
47 68 3842307
47 44 3842316
47 83 3842319
47 60 3842322
47 27 3842324
47 77 3842325
47 69 3842327
47 79 3842334
47 11 3842341
47 35 3842346
47 6 3842353
47 55 3842354
47 66 3842363
47 17 3842363
47 92 3842368
47 29 3842375
47 30 3842383
47 36 3842384
47 46 3842384
47 14 3842391
47 65 3842396
47 85 3842399
47 22 3842407
47 50 3842411
47 42 3842416
47 92 3842425
47 31 3842433
47 11 3842441
47 44 3842444
47 60 3842450
47 76 3842458
47 64 3842462
47 2 3842468
47 84 3842473
47 78 3842480
47 72 3842482
47 24 3842491
47 20 3842495
47 21 3842501
47 73 3842509
47 62 3842511
47 41 3842517
47 27 3842519
47 70 3842526
47 43 3842530
47 57 3842534
47 68 3842540
47 54 3842543
47 52 3842543
47 55 3842544
47 6 3842551
47 16 3842551
47 8 3842560
47 58 3842561
47 1 3842570
47 13 3842578
47 82 3842581
47 77 3842585
47 3 3842594
47 81 3842601
47 39 3842601
48 19 3842609
48 18 3842616
48 25 3842619
48 0 3842622
48 75 3842623
48 14 3842631
48 42 3842637
48 29 3842641
48 22 3842642
48 71 3842649
48 73 3842653
48 6 3842653
48 60 3842658
48 70 3842666
48 62 3842670
48 93 3842677
48 47 3842685
48 58 3842689
48 76 3842692
48 88 3842699
48 28 3842708
48 34 3842709
48 39 3842709
48 90 3842710
48 68 3842717
48 54 3842718
48 67 3842724
48 23 3842730
48 64 3842739
48 59 3842748
48 82 3842750
48 81 3842755
48 74 3842758
48 83 3842765
48 7 3842769
48 33 3842769
48 85 3842778
48 38 3842781
48 53 3842790
48 5 3842798
48 51 3842807
48 44 3842814
48 26 3842817
48 27 3842821
48 9 3842830
48 50 3842831
48 72 3842834
48 30 3842839
48 40 3842846
48 35 3842850
48 13 3842859
48 84 3842861
48 91 3842870
48 1 3842879
48 49 3842886
48 4 3842894
48 61 3842900
48 0 3842903
48 58 3842905
48 29 3842914
48 35 3842920
48 63 3842929
48 81 3842935
48 60 3842939
48 32 3842944
48 90 3842952
48 85 3842960
48 9 3842964
48 1 3842964
48 41 3842970
48 6 3842970
48 64 3842979
48 3 3842985
48 62 3842993
48 84 3842994
48 55 3842999
48 76 3843008
48 17 3843013
48 57 3843015
48 67 3843020
48 2 3843024
48 40 3843025
48 91 3843026
48 37 3843034
48 44 3843038
48 4 3843042
48 23 3843047
48 69 3843054
48 45 3843057
48 80 3843063
48 94 3843066
48 43 3843071
48 88 3843078
48 33 3843087
48 93 3843087
48 92 3843094
48 15 3843101
48 51 3843102
48 53 3843108
48 27 3843111
48 68 3843111
48 18 3843116
48 70 3843122
48 28 3843131
48 79 3843135
48 87 3843142
48 46 3843146
48 21 3843151
48 20 3843152
48 71 3843155
48 82 3843164
48 89 3843168
48 77 3843170
48 86 3843178
48 75 3843180
48 73 3843186
48 52 3843195
48 72 3843200
48 54 3843207
49 0 3843210
49 63 3843218
49 30 3843220
49 59 3843226
49 4 3843233
49 76 3843239
49 9 3843241
49 50 3843242
49 36 3843251
49 78 3843254
49 22 3843255
49 86 3843262
49 45 3843266
49 47 3843271
49 58 3843272
49 33 3843278
49 39 3843284
49 29 3843291
49 60 3843300
49 64 3843306
49 26 3843306
49 90 3843311
49 34 3843318
49 46 3843322
49 66 3843327
49 41 3843330
49 7 3843335
49 52 3843338
49 83 3843343
49 24 3843348
49 50 3843350
49 48 3843356
49 42 3843363
49 79 3843369
49 68 3843371
49 61 3843376
49 63 3843381
49 22 3843388
49 45 3843388
49 82 3843397
49 33 3843406
49 88 3843406
49 87 3843407
49 14 3843416
49 77 3843420
49 30 3843428
49 16 3843434
49 72 3843440
49 56 3843443
49 1 3843448
49 7 3843449
49 53 3843456
49 90 3843461
49 80 3843470
49 31 3843470
50 42 3843478
50 52 3843482
50 57 3843488
50 82 3843490
50 26 3843495
50 61 3843500
50 31 3843502
50 41 3843509
50 9 3843512
50 6 3843519
50 47 3843527
50 2 3843534
50 79 3843537
50 25 3843541
50 71 3843543
50 37 3843549
50 30 3843558
50 35 3843562
50 19 3843571
50 10 3843575
50 40 3843576
50 48 3843580
50 77 3843583
50 80 3843583
50 49 3843592
50 34 3843601
50 60 3843608
50 69 3843617
50 21 3843626
50 88 3843634
50 38 3843642
50 92 3843644
50 83 3843648
50 54 3843654
50 59 3843662
50 45 3843665
50 83 3843672
50 24 3843675
50 2 3843678
50 54 3843686
50 68 3843694
50 17 3843703
50 33 3843712
50 25 3843719
50 87 3843720
50 47 3843722
50 89 3843729
50 41 3843733
50 56 3843733
50 71 3843740
50 15 3843741
50 55 3843744
50 66 3843750
50 23 3843750
50 84 3843757
50 13 3843766
50 85 3843766
50 81 3843772
50 11 3843775
50 27 3843777
50 80 3843780
50 90 3843782
50 63 3843791
50 40 3843797
50 43 3843804
50 93 3843811
50 19 3843811
50 46 3843818
50 39 3843822
50 60 3843824
50 28 3843828
51 81 3843836
51 89 3843838
51 74 3843847
51 94 3843851
51 26 3843859
51 34 3843862
51 63 3843867
51 5 3843871
51 70 3843874
51 73 3843878
51 83 3843887
51 27 3843892
51 55 3843896
51 47 3843903
51 17 3843906
51 62 3843910
51 39 3843912
51 71 3843912
51 38 3843914
51 64 3843916
51 20 3843925
51 53 3843925
51 54 3843927
51 15 3843927
51 40 3843927
51 61 3843931
51 65 3843933
51 23 3843933
51 93 3843937
51 41 3843946
51 14 3843955
51 91 3843956
51 35 3843963
51 12 3843967
51 13 3843970
51 33 3843970
51 31 3843973
51 46 3843978
51 17 3843985
51 49 3843988
51 76 3843997
51 73 3844003
51 92 3844009
51 66 3844010
51 32 3844014
51 60 3844020
51 22 3844024
51 57 3844029
51 87 3844037
51 15 3844044
51 12 3844046
51 7 3844055
51 90 3844062
51 6 3844064
51 8 3844068
51 16 3844077
51 39 3844086
51 3 3844092
51 55 3844092
51 36 3844097
51 58 3844098
51 91 3844101
51 44 3844110
51 13 3844118
51 37 3844120
51 50 3844120
51 53 3844129
51 5 3844129
51 59 3844138
51 62 3844138
51 88 3844138
51 82 3844142
51 38 3844147
51 34 3844156
51 45 3844165
52 4 3844167
52 14 3844173
52 49 3844182
52 41 3844188
52 81 3844196
52 63 3844197
52 93 3844201
52 5 3844203
52 51 3844211
52 57 3844215
52 77 3844223
52 18 3844228
52 17 3844237
52 76 3844241
52 40 3844247
52 54 3844249
52 20 3844257
52 65 3844259
52 7 3844265
52 50 3844272
52 15 3844277
52 56 3844285
52 13 3844290
52 34 3844291
52 48 3844300
52 10 3844303
52 83 3844305
52 59 3844313
52 33 3844320
52 79 3844322
52 38 3844323
52 8 3844328
52 12 3844329
52 55 3844330
52 67 3844332
52 64 3844339
52 27 3844348
52 45 3844353
52 30 3844361
52 94 3844365
52 32 3844368
52 19 3844370
52 21 3844370
52 85 3844378
52 26 3844385
52 60 3844391
52 77 3844400
52 60 3844401
52 48 3844403
52 80 3844411
52 7 3844413
52 1 3844420
52 20 3844425
52 56 3844425
52 30 3844429
52 74 3844436
52 57 3844445
52 2 3844450
52 25 3844459
52 42 3844463
52 14 3844468
52 5 3844469
52 71 3844470
52 28 3844479
52 90 3844481
52 46 3844482
52 31 3844485
52 92 3844487
52 23 3844491
52 94 3844492
52 82 3844496
52 38 3844500
52 21 3844504
52 12 3844509
52 50 3844518
52 36 3844524
52 35 3844533
52 32 3844535
52 53 3844541
52 85 3844550
52 54 3844558
52 81 3844562
52 67 3844563
52 93 3844568
52 43 3844570
52 91 3844574
52 24 3844583
52 68 3844584
53 65 3844591
53 36 3844598
53 45 3844600
53 21 3844607
53 88 3844613
53 9 3844622
53 72 3844625
53 10 3844627
53 15 3844634
53 86 3844637
53 33 3844638
53 16 3844641
53 92 3844647
53 84 3844654
53 30 3844658
53 77 3844661
53 24 3844666
53 42 3844668
53 66 3844675
53 93 3844683
53 22 3844686
53 56 3844690
53 80 3844691
53 2 3844699
53 57 3844699
53 73 3844703
53 71 3844703
53 51 3844705
53 87 3844711
53 61 3844713
53 67 3844722
53 29 3844725
53 32 3844728
53 78 3844731
53 62 3844731
53 20 3844734
53 81 3844737
53 73 3844746
53 29 3844753
53 23 3844760
53 92 3844764
53 15 3844768
53 72 3844775
53 32 3844779
53 38 3844781
53 61 3844788
53 33 3844790
53 70 3844793
53 19 3844798
53 39 3844801
53 42 3844807
53 48 3844814
53 87 3844818
53 0 3844825
53 37 3844834
53 93 3844838
53 54 3844844
53 58 3844847
53 2 3844853
53 80 3844858
53 88 3844863
53 17 3844871
53 60 3844874
53 20 3844878
53 90 3844882
53 51 3844891
53 35 3844891
53 4 3844898
53 52 3844906
53 50 3844910
53 74 3844918
53 47 3844925
53 25 3844928
53 44 3844934
53 56 3844939
53 21 3844948
53 14 3844948
53 94 3844950
53 68 3844954
54 13 3844954
54 1 3844954
54 63 3844955
54 17 3844957
54 41 3844958
54 60 3844961
54 46 3844963
54 85 3844966
54 57 3844971
54 82 3844977
54 10 3844984
54 34 3844985
54 44 3844992
54 30 3844995
54 55 3844999
54 79 3845004
54 36 3845010
54 69 3845014
54 39 3845014
54 94 3845017
54 22 3845018
54 59 3845020
54 67 3845021
54 4 3845025
54 19 3845026
54 61 3845033
54 52 3845035
54 73 3845039
54 0 3845041
54 3 3845043
54 56 3845047
54 70 3845047
54 20 3845047
54 5 3845051
54 76 3845053
54 48 3845053
54 80 3845061
54 2 3845062
54 62 3845068
54 29 3845070
54 9 3845075
54 64 3845076
54 23 3845082
54 38 3845091
54 6 3845095
54 77 3845103
54 81 3845112
54 12 3845112
54 11 3845118
54 74 3845120
54 65 3845128
54 68 3845130
54 37 3845135
54 18 3845140
54 72 3845149
54 77 3845156
54 23 3845161
54 26 3845163
54 8 3845170
54 79 3845177
54 27 3845186
54 82 3845192
54 47 3845197
54 84 3845205
54 66 3845213
54 50 3845222
54 22 3845231
54 13 3845235
54 31 3845243
54 62 3845248
54 75 3845255
54 90 3845262
54 0 3845268
54 64 3845271
54 93 3845274
54 55 3845281
54 41 3845288
54 36 3845293
54 29 3845296
54 17 3845300
54 11 3845304
54 74 3845307
54 2 3845313
54 58 3845317
54 56 3845322
54 25 3845322
54 51 3845323
54 40 3845331
54 10 3845335
54 45 3845341
54 44 3845345
54 59 3845346
54 83 3845355
54 39 3845360
54 9 3845365
54 85 3845365
54 60 3845371
54 24 3845371
54 46 3845372
54 80 3845374
54 48 3845377
55 42 3845382
55 9 3845389
55 14 3845390
55 50 3845390
55 51 3845390
55 89 3845390
55 70 3845394
55 4 3845396
55 61 3845403
55 35 3845405
55 91 3845405
55 66 3845409
55 83 3845415
55 62 3845416
55 44 3845420
55 84 3845429
55 3 3845435
55 0 3845444
55 28 3845444
55 22 3845452
55 17 3845454
55 26 3845457
55 19 3845457
55 54 3845463
55 79 3845466
55 60 3845469
55 1 3845470
55 82 3845470
55 58 3845476
55 31 3845478
55 34 3845478
55 20 3845483
55 53 3845485
55 27 3845494
55 59 3845494
55 52 3845495
55 32 3845496
55 65 3845501
55 33 3845504
55 76 3845507
55 41 3845510
55 38 3845514
55 45 3845514
55 94 3845520
55 12 3845524
55 8 3845524
55 23 3845527
55 72 3845533
55 41 3845537
55 65 3845543
55 86 3845546
55 53 3845555
55 68 3845561
55 0 3845569
55 75 3845570
55 28 3845577
55 67 3845584
55 83 3845587
55 43 3845589
55 91 3845592
55 70 3845594
55 32 3845596
55 63 3845604
55 33 3845608
55 82 3845609
55 34 3845617
55 74 3845625
55 16 3845630
55 27 3845638
55 59 3845640
55 31 3845641
55 20 3845645
55 38 3845650
55 39 3845655
55 8 3845662
55 84 3845669
55 24 3845676
55 23 3845685
55 36 3845690
55 35 3845694
55 64 3845703
55 81 3845705
55 19 3845707
55 92 3845707
55 17 3845713
55 14 3845716
55 57 3845719
56 78 3845720
56 4 3845723
56 94 3845728
56 0 3845729
56 66 3845733
56 17 3845738
56 61 3845743
56 69 3845744
56 50 3845749
56 62 3845756
56 59 3845756
56 92 3845757
56 65 3845764
56 37 3845768
56 46 3845771
56 8 3845775
56 20 3845778
56 30 3845778
56 3 3845779
56 29 3845788
56 75 3845797
56 41 3845802
56 88 3845804
56 71 3845809
56 77 3845815
56 67 3845823
56 34 3845828
56 38 3845837
56 64 3845839
56 39 3845843
56 7 3845850
56 31 3845858
56 12 3845863
56 84 3845870
56 76 3845872
56 49 3845880
56 5 3845882
56 53 3845886
56 68 3845895
56 87 3845895
56 32 3845899
56 10 3845906
56 43 3845906
56 74 3845915
56 44 3845923
56 26 3845932
56 25 3845937
56 42 3845941
56 88 3845949
56 72 3845953
56 94 3845957
56 83 3845966
56 41 3845970
56 48 3845972
56 28 3845980
56 19 3845988
56 86 3845994
56 80 3846001
56 4 3846002
56 34 3846009
56 1 3846015
56 10 3846018
56 62 3846018
56 39 3846025
56 24 3846031
56 64 3846033
56 70 3846040
56 55 3846049
56 46 3846054
56 85 3846055
56 53 3846056
56 79 3846059
56 60 3846061
56 25 3846062
56 73 3846065
56 18 3846073
56 20 3846076
56 44 3846080
56 37 3846083
56 82 3846086
56 52 3846086
56 12 3846087
56 0 3846096
56 74 3846104
56 30 3846106
56 77 3846114
56 45 3846114
56 67 3846115
56 21 3846115
56 69 3846121
56 84 3846123
56 27 3846131
56 43 3846140
56 32 3846141
56 38 3846143
56 16 3846150
56 61 3846159
56 31 3846159
56 92 3846165
56 76 3846166
56 66 3846169
56 8 3846169
56 91 3846178
57 40 3846186
57 88 3846195
57 37 3846195
57 26 3846199
57 65 3846199
57 12 3846208
57 22 3846216
57 39 3846223
57 9 3846224
57 91 3846227
57 28 3846229
57 64 3846235
57 41 3846244
57 83 3846253
57 52 3846256
57 7 3846263
57 44 3846270
57 49 3846274
57 25 3846279
57 16 3846286
57 35 3846294
57 61 3846303
57 13 3846304
57 38 3846307
57 68 3846311
57 1 3846318
57 19 3846319
57 71 3846323
57 20 3846323
57 5 3846330
57 31 3846336
57 48 3846345
57 33 3846345
57 63 3846351
57 8 3846357
57 59 3846364
57 81 3846364
57 29 3846372
57 14 3846374
57 41 3846381
57 91 3846385
57 64 3846394
57 78 3846397
57 75 3846405
57 72 3846413
57 86 3846415
57 45 3846418
57 71 3846426
57 23 3846430
57 87 3846436
57 36 3846437
57 74 3846441
57 42 3846449
57 40 3846453
57 46 3846461
57 68 3846466
57 89 3846468
57 47 3846477
57 61 3846484
57 11 3846485
57 1 3846487
57 48 3846491
57 25 3846499
57 16 3846507
57 29 3846513
57 84 3846515
57 30 3846523
57 55 3846524
57 49 3846527
57 39 3846530
57 62 3846537
57 85 3846537
57 80 3846545
57 15 3846545
57 35 3846552
57 7 3846561
57 12 3846565
58 2 3846573
58 43 3846580
58 56 3846580
58 84 3846588
58 50 3846596
58 68 3846599
58 74 3846605
58 77 3846614
58 33 3846619
58 76 3846621
58 63 3846622
58 93 3846622
58 60 3846623
58 49 3846630
58 40 3846636
58 48 3846645
58 8 3846646
58 35 3846648
58 82 3846651
58 55 3846652
58 9 3846653
58 44 3846654
58 62 3846663
58 42 3846666
58 78 3846673
58 54 3846675
58 7 3846679
58 80 3846686
58 89 3846688
58 53 3846691
58 70 3846694
58 73 3846699
58 17 3846702
58 20 3846707
58 13 3846713
58 41 3846722
58 21 3846730
58 94 3846736
58 54 3846744
58 70 3846749
58 17 3846750
58 82 3846757
58 35 3846761
58 65 3846762
58 33 3846769
58 79 3846770
58 12 3846773
58 21 3846780
58 1 3846784
58 51 3846784
58 60 3846786
58 46 3846786
58 16 3846787
58 56 3846795
58 50 3846799
58 43 3846806
58 10 3846814
58 91 3846817
58 74 3846821
58 20 3846823
58 29 3846828
58 19 3846833
58 63 3846837
58 57 3846846
58 41 3846846
58 81 3846855
58 2 3846859
58 90 3846860
58 84 3846867
58 0 3846874
58 8 3846880
58 53 3846883
59 65 3846890
59 76 3846899
59 43 3846903
59 66 3846905
59 55 3846907
59 29 3846910
59 67 3846915
59 39 3846917
59 18 3846917
59 7 3846923
59 70 3846924
59 86 3846929
59 50 3846932
59 8 3846932
59 24 3846932
59 62 3846940
59 57 3846942
59 44 3846950
59 7 3846950
59 37 3846951
59 73 3846955
59 52 3846962
59 18 3846964
59 94 3846966
59 88 3846975
59 8 3846982
59 60 3846991
59 24 3846995
59 34 3847004
59 93 3847013
59 89 3847014
60 1 3847022
60 91 3847022
60 48 3847026
60 39 3847029
60 40 3847030
60 37 3847039
60 36 3847040
60 50 3847041
60 87 3847043
60 52 3847045
60 61 3847054
60 26 3847056
60 5 3847058
60 4 3847067
60 20 3847074
60 93 3847077
60 64 3847080
60 16 3847085
60 42 3847091
60 35 3847099
60 92 3847099
60 83 3847102
60 23 3847109
60 80 3847109
60 44 3847110
60 53 3847111
60 57 3847113
60 45 3847114
60 89 3847119
60 51 3847122
60 79 3847122
60 71 3847123
60 94 3847126
60 21 3847128
60 29 3847131
60 8 3847135
60 77 3847137
60 6 3847139
60 58 3847143
60 14 3847148
60 68 3847153
60 7 3847157
60 85 3847158
60 76 3847166
60 73 3847167
60 10 3847172
60 15 3847178
60 84 3847182
60 85 3847190
60 76 3847192
60 61 3847197
60 57 3847206
60 17 3847213
60 26 3847219
60 51 3847225
60 12 3847225
60 74 3847226
60 8 3847234
60 64 3847242
60 10 3847243
60 67 3847247
60 56 3847255
60 39 3847261
60 78 3847263
60 89 3847263
60 43 3847271
60 41 3847278
60 75 3847285
60 28 3847290
60 88 3847298
60 59 3847305
60 66 3847314
60 33 3847320
60 16 3847326
60 38 3847330
60 90 3847339
60 45 3847340
60 44 3847349
60 54 3847350
60 83 3847359
60 6 3847367
60 42 3847368
60 13 3847377
60 94 3847379
60 2 3847385
60 1 3847393
60 62 3847397
60 52 3847401
60 65 3847404
60 91 3847404
60 9 3847409
60 4 3847410
60 24 3847410
60 68 3847414
60 73 3847420
60 77 3847426
61 78 3847433
61 22 3847439
61 89 3847446
61 51 3847447
61 5 3847455
61 28 3847456
61 24 3847463
61 3 3847464
61 40 3847466
61 1 3847469
61 62 3847472
61 26 3847479
61 44 3847482
61 17 3847485
61 16 3847494
61 64 3847500
61 59 3847502
61 14 3847505
61 79 3847511
61 84 3847515
61 73 3847518
61 50 3847520
61 41 3847522
61 87 3847530
61 29 3847537
61 57 3847540
61 35 3847540
61 67 3847544
61 85 3847545
61 49 3847549
61 53 3847554
61 39 3847560
61 30 3847561
61 52 3847570
61 94 3847573
61 14 3847575
61 67 3847577
61 43 3847586
61 86 3847593
61 39 3847594
61 72 3847603
61 24 3847609
61 13 3847611
61 28 3847614
61 79 3847621
61 37 3847624
61 38 3847628
61 85 3847629
61 59 3847636
61 23 3847639
61 91 3847646
61 87 3847654
61 81 3847655
61 66 3847661
61 76 3847664
61 2 3847670
61 5 3847670
61 21 3847679
61 10 3847679
61 65 3847679
61 55 3847681
61 58 3847688
61 78 3847690
61 74 3847690
61 42 3847691
61 88 3847700
63 85 3847706
63 50 3847715
63 64 3847715
63 20 3847721
63 44 3847723
63 8 3847730
63 92 3847731
63 82 3847735
63 5 3847742
63 66 3847748
63 25 3847752
63 84 3847754
63 9 3847756
63 65 3847760
63 58 3847760
63 56 3847760
63 43 3847761
63 34 3847764
63 51 3847765
63 12 3847768
63 6 3847768
63 72 3847770
63 27 3847779
63 90 3847785
63 30 3847789
63 32 3847789
63 19 3847789
63 60 3847791
63 18 3847795
63 11 3847800
63 59 3847804
63 1 3847811
63 22 3847812
63 88 3847812
63 91 3847817
63 93 3847824
63 89 3847826
63 62 3847831
63 7 3847838
63 67 3847838
63 76 3847838
63 17 3847838
63 26 3847844
63 45 3847851
63 43 3847857
63 23 3847865
63 66 3847872
63 5 3847877
63 44 3847877
63 6 3847880
63 36 3847884
63 62 3847887
63 89 3847889
63 88 3847890
63 3 3847890
63 83 3847892
63 12 3847892
63 33 3847894
63 57 3847899
63 10 3847902
63 80 3847908
63 4 3847910
63 26 3847910
63 8 3847913
63 54 3847915
63 11 3847923
63 40 3847926
63 31 3847930
63 15 3847931
63 69 3847939
63 84 3847947
63 78 3847956
63 29 3847961
63 77 3847970
63 79 3847974
63 34 3847975
63 82 3847982
63 64 3847990
63 9 3847993
63 21 3847994
63 60 3847994
63 32 3847994
63 61 3847999
63 16 3848005
63 39 3848007
63 52 3848012
64 36 3848017
64 82 3848017
64 34 3848024
64 10 3848029
64 63 3848034
64 61 3848035
64 79 3848040
64 51 3848044
64 16 3848048
64 94 3848054
64 5 3848056
64 83 3848065
64 35 3848069
64 87 3848069
64 29 3848076
64 19 3848080
64 53 3848087
64 6 3848090
64 37 3848093
64 59 3848093
64 34 3848095
64 91 3848098
64 23 3848102
64 85 3848111
64 62 3848116
64 77 3848122
64 14 3848124
64 72 3848132
64 7 3848134
64 63 3848135
64 79 3848142
64 49 3848145
64 35 3848147
64 90 3848155
65 33 3848164
65 66 3848173
65 42 3848179
65 36 3848183
65 11 3848191
65 25 3848191
65 51 3848197
65 4 3848206
65 64 3848207
65 3 3848216
66 0 3848220
66 76 3848224
66 67 3848232
66 94 3848232
66 3 3848240
66 93 3848247
66 74 3848251
66 70 3848258
66 60 3848262
66 61 3848268
66 17 3848273
66 65 3848281
66 26 3848284
66 44 3848285
66 23 3848294
66 1 3848299
66 36 3848299
66 86 3848305
66 18 3848309
66 91 3848315
66 21 3848323
66 38 3848331
66 19 3848339
66 43 3848345
66 62 3848353
66 7 3848354
66 16 3848355
66 87 3848356
66 92 3848357
66 88 3848365
66 50 3848371
66 68 3848372
66 51 3848378
66 31 3848379
66 89 3848385
66 2 3848389
66 91 3848397
66 3 3848406
66 13 3848408
66 35 3848409
66 59 3848414
66 63 3848420
66 78 3848426
66 46 3848432
66 53 3848435
66 73 3848441
66 6 3848442
66 40 3848444
66 74 3848445
66 68 3848454
66 45 3848463
66 20 3848463
66 9 3848464
66 33 3848471
66 54 3848480
66 76 3848482
66 34 3848491
66 30 3848497
66 41 3848500
66 11 3848509
66 12 3848516
66 82 3848520
66 71 3848523
66 25 3848532
66 28 3848539
66 64 3848547
66 67 3848556
66 44 3848557
66 22 3848560
66 36 3848566
66 85 3848570
66 51 3848573
66 24 3848580
67 76 3848588
67 85 3848595
67 86 3848598
67 72 3848598
67 57 3848604
67 55 3848613
67 31 3848619
67 17 3848624
67 60 3848631
67 34 3848637
67 43 3848641
67 73 3848643
67 25 3848649
67 11 3848658
67 48 3848663
67 65 3848664
67 32 3848669
67 42 3848671
67 4 3848671
67 63 3848674
67 19 3848677
67 13 3848677
67 7 3848685
67 93 3848693
67 80 3848694
67 89 3848694
67 33 3848695
67 56 3848701
67 76 3848702
67 13 3848707
67 63 3848711
67 10 3848716
67 45 3848722
67 54 3848723
67 87 3848727
67 9 3848729
67 66 3848731
67 41 3848736
67 86 3848739
67 46 3848747
67 14 3848755
67 3 3848755
67 21 3848762
67 88 3848763
67 39 3848764
67 47 3848773
67 23 3848773
67 84 3848773
67 79 3848781
67 57 3848784
67 7 3848789
67 90 3848797
67 24 3848805
67 38 3848811
67 78 3848820
67 32 3848826
67 37 3848833
68 82 3848834
68 93 3848836
68 44 3848836
68 61 3848837
68 0 3848843
68 15 3848851
68 64 3848852
68 40 3848861
68 37 3848869
68 28 3848871
68 54 3848872
68 60 3848881
68 74 3848885
68 52 3848887
68 11 3848888
68 91 3848890
68 69 3848890
68 88 3848895
68 32 3848901
68 57 3848905
68 72 3848909
68 13 3848909
68 47 3848910
68 51 3848916
68 17 3848919
68 83 3848923
68 34 3848924
68 40 3848931
68 55 3848936
68 93 3848936
68 5 3848943
68 91 3848945
68 20 3848954
68 24 3848959
68 1 3848960
68 44 3848968
68 35 3848972
68 80 3848974
68 0 3848976
68 15 3848976
68 64 3848982
68 9 3848988
68 48 3848992
68 66 3849000
68 26 3849003
68 89 3849003
68 49 3849007
68 87 3849007
68 37 3849010
69 87 3849018
69 62 3849025
69 14 3849031
69 54 3849034
69 66 3849034
69 77 3849043
69 33 3849045
69 85 3849047
69 13 3849048
69 40 3849054
69 72 3849061
69 67 3849064
69 89 3849068
69 5 3849076
69 45 3849077
69 21 3849085
69 90 3849085
69 84 3849086
69 34 3849089
69 71 3849094
69 29 3849101
69 16 3849102
69 83 3849107
69 68 3849112
69 26 3849112
69 77 3849117
69 65 3849123
69 52 3849123
69 5 3849125
69 4 3849133
69 75 3849142
69 3 3849142
69 46 3849149
69 60 3849158
69 50 3849159
69 21 3849161
69 8 3849170
69 10 3849170
69 32 3849171
69 28 3849172
69 2 3849172
69 80 3849181
69 63 3849186
69 53 3849193
69 33 3849201
69 13 3849206
69 14 3849206
70 61 3849209
70 60 3849218
70 40 3849223
70 88 3849230
70 45 3849231
70 76 3849238
70 1 3849245
70 51 3849251
70 72 3849258
70 59 3849262
70 28 3849271
70 90 3849278
70 82 3849281
70 8 3849286
70 55 3849291
70 73 3849297
70 78 3849302
70 16 3849310
70 62 3849319
70 41 3849327
70 13 3849334
70 33 3849338
70 36 3849343
70 68 3849348
70 30 3849352
70 44 3849352
70 23 3849356
70 18 3849357
70 64 3849358
70 14 3849365
70 49 3849372
70 19 3849373
70 34 3849378
70 67 3849385
70 5 3849385
70 15 3849391
70 38 3849398
70 29 3849402
70 58 3849411
70 24 3849413
70 89 3849415
70 0 3849420
70 56 3849420
70 10 3849428
70 42 3849430
70 20 3849434
70 71 3849440
70 57 3849445
70 69 3849453
70 12 3849460
70 66 3849466
70 63 3849468
70 76 3849477
70 92 3849482
70 4 3849487
70 14 3849490
70 40 3849494
70 89 3849498
70 45 3849505
70 46 3849509
70 54 3849517
70 75 3849521
70 66 3849525
70 91 3849525
70 56 3849534
70 68 3849534
70 13 3849534
70 36 3849538
70 22 3849541
70 43 3849548
70 55 3849548
70 29 3849552
70 79 3849556
70 86 3849561
70 20 3849564
70 72 3849566
70 42 3849569
70 3 3849573
70 62 3849578
70 88 3849579
70 6 3849579
70 51 3849580
70 85 3849587
70 33 3849596
70 35 3849603
70 11 3849611
70 21 3849615
70 41 3849622
70 78 3849625
70 84 3849628
70 27 3849628
70 2 3849635
70 61 3849640
70 39 3849647
70 90 3849648
70 82 3849650
70 87 3849652
70 63 3849660
70 25 3849667
70 67 3849673
70 81 3849681
70 30 3849684
70 83 3849686
70 15 3849690
71 1 3849697
71 35 3849703
71 51 3849712
71 6 3849717
71 11 3849723
71 70 3849728
71 44 3849728
71 29 3849728
71 67 3849729
71 9 3849733
71 2 3849740
71 21 3849747
71 58 3849749
71 49 3849753
71 20 3849759
71 14 3849765
71 52 3849766
71 10 3849771
71 77 3849772
71 90 3849781
71 50 3849788
71 84 3849795
71 60 3849802
71 83 3849804
71 21 3849813
71 31 3849813
71 18 3849817
71 92 3849818
71 43 3849824
71 88 3849828
71 67 3849833
71 94 3849841
71 16 3849844
71 13 3849850
71 72 3849850
72 58 3849857
72 60 3849862
72 0 3849871
72 91 3849880
73 91 3849882
73 74 3849888
73 6 3849890
73 34 3849894
73 41 3849895
73 28 3849903
73 75 3849907
73 45 3849913
73 82 3849916
73 4 3849917
73 23 3849926
73 20 3849926
73 65 3849931
73 36 3849935
73 84 3849937
73 80 3849944
73 58 3849952
73 8 3849955
73 49 3849959
73 62 3849968
73 61 3849974
73 54 3849979
73 89 3849982
73 72 3849989
73 62 3849996
73 49 3850005
73 87 3850007
73 86 3850015
73 30 3850018
73 59 3850020
73 36 3850029
73 44 3850031
73 11 3850036
73 23 3850044
73 76 3850053
73 7 3850060
73 43 3850062
73 6 3850065
73 94 3850065
73 63 3850073
73 70 3850080
73 78 3850084
73 83 3850085
73 84 3850093
73 20 3850096
73 92 3850098
73 57 3850101
74 68 3850102
74 10 3850111
74 12 3850117
74 48 3850122
74 40 3850122
74 28 3850122
74 67 3850131
74 8 3850131
74 21 3850137
74 43 3850142
74 86 3850147
74 62 3850149
74 22 3850151
74 44 3850160
74 82 3850166
74 75 3850169
74 66 3850175
74 69 3850183
74 4 3850188
74 81 3850193
74 17 3850200
74 50 3850209
74 53 3850212
74 31 3850217
74 25 3850222
74 92 3850229
74 42 3850237
74 19 3850241
74 30 3850247
74 51 3850256
74 7 3850257
74 24 3850259
74 54 3850266
74 9 3850272
74 90 3850280
74 23 3850285
74 18 3850289
74 56 3850297
74 72 3850299
74 64 3850308
74 39 3850308
74 88 3850309
74 16 3850309
74 13 3850315
74 45 3850317
74 15 3850321
74 52 3850329
74 84 3850330
74 76 3850334
74 3 3850337
74 93 3850337
74 83 3850338
74 1 3850342
74 78 3850347
74 27 3850349
74 72 3850353
74 4 3850356
74 53 3850358
74 30 3850362
74 6 3850366
74 14 3850375
74 33 3850383
74 61 3850392
74 55 3850401
74 59 3850407
74 73 3850415
74 3 3850415
74 56 3850421
74 18 3850426
74 51 3850430
74 46 3850432
74 70 3850436
74 86 3850437
74 2 3850440
74 34 3850440
74 60 3850443
74 63 3850447
74 52 3850447
74 90 3850452
74 91 3850459
74 49 3850465
74 94 3850469
74 42 3850477
74 67 3850481
74 27 3850481
74 28 3850483
74 31 3850490
74 39 3850492
74 24 3850501
74 92 3850509
74 22 3850510
74 58 3850510
74 84 3850510
74 78 3850513
74 93 3850515
74 5 3850519
74 76 3850522
74 21 3850524
74 83 3850525
74 32 3850526
74 25 3850530
74 48 3850534
74 43 3850538
74 80 3850538
74 88 3850539
74 81 3850540
74 66 3850546
74 87 3850550
74 71 3850557
74 77 3850563
74 12 3850571
74 10 3850572
74 23 3850576
75 34 3850584
75 57 3850591
75 81 3850599
75 0 3850607
75 21 3850613
75 55 3850613
75 14 3850622
75 92 3850625
75 15 3850629
75 68 3850633
75 9 3850636
75 11 3850638
75 67 3850638
75 24 3850638
75 77 3850643
75 69 3850645
76 93 3850649
76 42 3850653
76 69 3850657
77 29 3850663
77 44 3850671
77 63 3850675
77 80 3850684
77 57 3850693
77 2 3850694
77 53 3850695
77 7 3850700
77 19 3850708
77 75 3850715
77 72 3850719
77 61 3850725
77 65 3850727
77 3 3850736
77 93 3850744
77 58 3850748
77 50 3850752
77 6 3850761
77 20 3850768
77 76 3850771
77 80 3850776
77 8 3850785
77 29 3850794
77 66 3850799
77 69 3850807
77 68 3850816
77 53 3850824
77 52 3850832
77 86 3850839
77 28 3850841
77 18 3850848
77 3 3850849
77 44 3850857
77 21 3850862
77 54 3850871
77 88 3850872
77 92 3850872
77 58 3850875
77 45 3850877
77 59 3850878
77 50 3850884
77 38 3850891
77 1 3850891
77 24 3850896
77 57 3850903
77 56 3850905
78 77 3850914
78 57 3850918
78 7 3850921
79 5 3850927
79 44 3850927
79 56 3850933
79 26 3850937
79 76 3850938
79 16 3850943
79 84 3850950
79 49 3850957
79 82 3850965
79 7 3850970
79 3 3850978
79 43 3850978
79 59 3850987
79 65 3850992
79 54 3850999
79 41 3851002
79 37 3851006
79 77 3851010
79 9 3851013
79 42 3851015
79 75 3851023
79 6 3851028
79 89 3851033
79 20 3851039
79 81 3851046
79 11 3851050
79 47 3851052
79 0 3851061
79 2 3851065
79 40 3851065
79 24 3851070
79 85 3851076
79 92 3851085
79 68 3851093
79 58 3851102
79 74 3851102
79 10 3851106
79 80 3851111
79 35 3851112
79 91 3851115
79 36 3851116
79 23 3851123
79 73 3851130
79 29 3851136
79 69 3851145
79 12 3851149
79 86 3851149
79 62 3851151
79 17 3851154
79 71 3851159
79 53 3851164
79 28 3851168
79 39 3851170
79 73 3851174
79 74 3851179
79 21 3851184
79 55 3851190
79 72 3851190
79 57 3851192
79 50 3851201
79 80 3851203
79 8 3851205
79 19 3851207
79 53 3851212
79 92 3851216
79 75 3851225
79 6 3851225
79 67 3851231
79 31 3851235
79 91 3851239
79 29 3851240
79 27 3851243
79 39 3851252
79 89 3851261
79 61 3851269
79 20 3851278
79 41 3851278
79 4 3851283
79 76 3851289
79 40 3851291
79 81 3851292
79 54 3851299
79 84 3851302
79 36 3851306
79 69 3851314
79 33 3851314
79 10 3851318
79 77 3851319
79 59 3851320
79 88 3851325
79 52 3851331
79 42 3851338
79 93 3851338
79 2 3851347
79 5 3851351
79 30 3851357
79 3 3851360
79 78 3851368
79 37 3851375
79 94 3851382
79 68 3851389
79 12 3851396
79 87 3851402
79 22 3851410
80 84 3851419
80 9 3851426
80 13 3851434
80 53 3851440
80 61 3851442
81 46 3851447
81 8 3851451
81 33 3851458
81 16 3851464
81 61 3851470
81 90 3851473
81 40 3851477
81 25 3851482
81 60 3851486
81 21 3851491
81 68 3851496
81 4 3851505
81 54 3851512
81 91 3851518
81 38 3851519
81 3 3851520
81 37 3851529
81 12 3851534
81 67 3851534
81 35 3851534
81 15 3851542
81 51 3851544
81 79 3851548
81 24 3851557
81 26 3851565
81 34 3851565
81 11 3851572
81 29 3851573
81 83 3851582
81 50 3851584
81 20 3851593
81 53 3851602
81 1 3851609
81 73 3851610
81 10 3851618
81 75 3851622
81 72 3851626
81 80 3851629
81 19 3851633
81 32 3851637
81 69 3851638
81 56 3851643
81 82 3851644
81 59 3851646
81 45 3851653
81 23 3851661
81 77 3851667
81 30 3851674
81 49 3851676
81 47 3851685
81 22 3851687
81 35 3851689
81 15 3851689
81 11 3851698
81 86 3851701
81 25 3851708
81 59 3851710
81 24 3851716
81 67 3851722
81 13 3851729
81 37 3851730
81 64 3851732
81 58 3851732
81 26 3851734
81 61 3851739
81 71 3851746
81 87 3851753
81 46 3851761
81 41 3851762
81 85 3851763
81 20 3851770
81 80 3851776
81 52 3851781
81 42 3851783
81 70 3851791
81 31 3851794
81 38 3851795
81 5 3851799
81 83 3851807
81 3 3851815
81 79 3851822
81 93 3851831
81 78 3851839
81 92 3851843
81 60 3851846
81 18 3851846
81 40 3851846
81 16 3851854
81 88 3851861
81 84 3851861
81 43 3851862
82 3 3851866
82 38 3851868
82 91 3851869
82 54 3851870
82 52 3851871
83 14 3851875
83 53 3851876
83 51 3851876
83 50 3851880
83 84 3851887
83 13 3851896
83 70 3851905
83 15 3851905
83 3 3851912
83 17 3851919
83 40 3851926
83 73 3851935
83 56 3851936
83 31 3851940
83 45 3851940
83 42 3851943
83 71 3851950
83 93 3851958
83 43 3851965
83 20 3851969
83 68 3851978
83 82 3851982
83 5 3851983
83 90 3851992
83 66 3851996
83 60 3851999
83 2 3852003
83 4 3852012
83 86 3852015
83 87 3852022
83 82 3852029
83 43 3852031
83 53 3852036
83 11 3852045
83 33 3852053
83 57 3852059
83 37 3852061
83 23 3852067
83 7 3852076
83 2 3852078
83 84 3852080
83 79 3852085
83 21 3852094
83 46 3852095
83 10 3852099
83 9 3852107
83 18 3852115
83 69 3852119
83 49 3852120
83 25 3852129
83 45 3852134
83 51 3852143
83 19 3852148
83 58 3852155
83 14 3852160
83 55 3852165
83 22 3852174
83 66 3852177
83 65 3852178
83 92 3852181
83 44 3852187
84 70 3852191
84 50 3852192
84 91 3852193
84 67 3852202
84 18 3852208
84 74 3852211
84 25 3852211
84 89 3852212
84 28 3852221
84 5 3852228
84 20 3852231
84 57 3852232
84 82 3852239
84 46 3852244
84 56 3852246
84 22 3852250
84 23 3852257
84 10 3852259
84 44 3852268
84 85 3852276
84 30 3852284
84 58 3852290
84 54 3852296
84 49 3852305
84 43 3852306
84 29 3852309
84 0 3852312
84 20 3852314
84 71 3852321
84 38 3852324
84 23 3852326
84 18 3852328
84 60 3852333
84 39 3852337
84 75 3852341
84 47 3852342
85 0 3852348
85 19 3852357
85 16 3852364
85 36 3852364
85 57 3852368
85 70 3852374
85 37 3852374
85 93 3852376
85 38 3852379
85 26 3852385
85 86 3852387
85 52 3852395
85 24 3852401
85 55 3852406
85 28 3852414
85 44 3852421
85 45 3852422
85 10 3852422
85 60 3852428
85 67 3852431
85 13 3852433
85 56 3852433
85 47 3852438
85 17 3852442
85 88 3852442
85 53 3852447
85 74 3852448
85 68 3852450
85 42 3852457
85 7 3852462
85 69 3852468
85 80 3852477
85 30 3852484
85 81 3852486
85 87 3852488
85 2 3852495
85 18 3852503
85 46 3852509
85 8 3852510
85 15 3852516
85 75 3852522
85 77 3852529
85 29 3852534
85 58 3852540
85 5 3852542
85 21 3852544
85 29 3852553
85 75 3852553
85 86 3852562
85 68 3852566
85 52 3852570
85 12 3852570
85 84 3852571
85 74 3852572
85 24 3852574
85 23 3852580
85 81 3852585
85 19 3852588
85 63 3852590
85 34 3852590
85 56 3852594
85 61 3852601
85 50 3852609
85 83 3852615
85 80 3852615
85 92 3852615
85 47 3852615
85 35 3852619
85 53 3852624
85 72 3852632
85 49 3852638
85 33 3852639
85 89 3852645
85 46 3852646
85 38 3852647
85 30 3852654
85 79 3852657
85 51 3852658
85 73 3852659
85 25 3852664
85 76 3852665
85 70 3852670
85 59 3852671
85 7 3852680
85 87 3852685
85 69 3852687
85 3 3852696
85 20 3852698
85 31 3852707
85 1 3852714
86 85 3852722
86 77 3852724
86 88 3852733
86 78 3852740
86 33 3852748
86 84 3852752
86 47 3852756
86 16 3852764
86 36 3852770
86 32 3852776
86 0 3852777
86 94 3852783
86 89 3852785
86 15 3852787
86 31 3852789
86 27 3852798
86 18 3852798
86 17 3852798
86 83 3852798
86 5 3852802
86 80 3852803
86 89 3852804
86 39 3852809
86 18 3852817
86 68 3852817
86 15 3852826
86 36 3852832
86 92 3852835
86 93 3852838
86 77 3852841
86 11 3852849
86 14 3852853
86 43 3852856
86 41 3852862
86 64 3852865
86 33 3852869
86 70 3852871
87 11 3852871
87 62 3852878
87 25 3852886
87 92 3852893
87 16 3852898
87 81 3852900
87 93 3852904
87 44 3852912
87 72 3852919
87 83 3852922
87 77 3852925
87 45 3852928
87 85 3852936
87 28 3852936
87 68 3852939
87 69 3852942
87 40 3852950
87 50 3852950
87 42 3852957
87 4 3852964
87 64 3852973
87 91 3852973
87 61 3852982
87 15 3852983
87 5 3852983
87 17 3852991
87 88 3852996
87 34 3853004
87 36 3853011
87 56 3853015
87 13 3853020
87 71 3853020
87 10 3853027
87 41 3853028
87 22 3853035
87 27 3853039
87 60 3853045
87 76 3853052
87 33 3853053
87 67 3853057
87 72 3853057
87 62 3853058
87 55 3853058
87 85 3853066
87 16 3853069
87 9 3853071
87 69 3853077
87 51 3853077
87 30 3853085
87 10 3853089
87 59 3853096
87 65 3853097
87 53 3853101
87 3 3853102
87 82 3853102
87 17 3853102
87 79 3853103
87 5 3853112
87 86 3853120
87 64 3853122
87 38 3853122
87 78 3853128
87 58 3853130
87 41 3853139
87 21 3853142
87 20 3853151
87 61 3853158
87 48 3853167
87 39 3853172
87 71 3853172
87 29 3853175
87 22 3853183
87 40 3853185
87 73 3853188
87 43 3853189
87 74 3853193
88 17 3853196
88 28 3853201
88 35 3853208
88 30 3853209
88 14 3853215
88 47 3853220
88 90 3853222
88 1 3853230
88 86 3853230
88 26 3853236
89 31 3853243
89 46 3853247
89 53 3853249
89 50 3853251
89 10 3853253
89 37 3853256
89 64 3853259
89 11 3853263
89 74 3853270
89 47 3853271
89 48 3853271
89 81 3853272
89 69 3853273
89 88 3853274
89 15 3853275
89 32 3853282
89 17 3853285
89 58 3853294
89 27 3853301
89 73 3853301
89 91 3853302
89 87 3853310
89 1 3853314
89 51 3853320
89 79 3853329
89 92 3853333
89 9 3853334
89 25 3853336
89 39 3853336
89 44 3853343
89 4 3853351
89 52 3853357
89 19 3853361
89 0 3853364
89 16 3853364
89 76 3853368
89 34 3853369
89 36 3853372
89 22 3853374
89 93 3853378
89 65 3853383
89 14 3853385
89 18 3853385
89 77 3853391
89 70 3853400
89 83 3853409
89 84 3853411
89 28 3853412
89 13 3853414
89 42 3853421
89 61 3853421
89 29 3853427
89 7 3853436
89 80 3853442
89 57 3853442
89 30 3853445
89 24 3853449
89 75 3853457
89 22 3853462
89 37 3853471
89 3 3853471
89 34 3853472
89 45 3853473
89 18 3853476
89 38 3853482
89 41 3853482
89 82 3853485
89 12 3853489
89 20 3853496
89 65 3853496
89 25 3853497
89 83 3853506
89 27 3853515
89 49 3853521
89 4 3853521
89 29 3853522
89 90 3853528
89 79 3853531
89 62 3853534
89 77 3853534
89 33 3853539
89 78 3853540
89 1 3853540
89 46 3853546
89 47 3853547
89 14 3853556
89 26 3853565
89 80 3853568
89 70 3853569
89 6 3853578
89 13 3853578
89 92 3853578
89 28 3853585
89 51 3853594
89 16 3853594
89 85 3853594
89 74 3853601
89 69 3853610
89 54 3853618
89 91 3853624
89 81 3853631
89 56 3853637
89 11 3853644
89 58 3853648
89 23 3853650
89 39 3853657
89 53 3853666
89 48 3853669
89 52 3853673
90 80 3853675
90 78 3853679
90 40 3853685
90 50 3853692
90 82 3853701
90 54 3853701
90 25 3853709
90 46 3853718
90 94 3853719
90 19 3853720
90 63 3853721
90 16 3853726
90 74 3853735
90 55 3853740
90 33 3853745
90 81 3853748
90 23 3853749
90 68 3853757
90 77 3853763
90 25 3853770
90 52 3853771
90 16 3853776
90 37 3853785
90 88 3853785
90 15 3853794
90 7 3853795
90 19 3853802
90 86 3853806
90 43 3853815
90 35 3853823
90 20 3853824
90 85 3853828
90 79 3853833
90 58 3853834
90 44 3853841
90 62 3853845
90 66 3853849
90 75 3853853
90 9 3853861
90 69 3853865
91 76 3853873
91 39 3853879
91 42 3853881
91 22 3853883
91 33 3853892
91 82 3853896
91 64 3853897
91 69 3853903
91 48 3853904
91 47 3853911
91 40 3853916
91 14 3853919
91 75 3853927
91 11 3853933
91 37 3853933
91 36 3853939
91 60 3853941
91 34 3853948
91 49 3853951
91 67 3853960
91 62 3853961
91 90 3853968
91 57 3853977
91 7 3853978
91 9 3853978
91 53 3853982
91 71 3853988
91 54 3853990
91 89 3853995
91 80 3854002
91 58 3854005
91 45 3854009
91 92 3854018
91 59 3854018
91 84 3854026
91 27 3854027
91 32 3854029
91 94 3854034
91 78 3854034
91 30 3854037
91 20 3854046
91 1 3854049
91 73 3854057
91 88 3854057
91 79 3854058
91 65 3854058
91 51 3854064
91 85 3854064
91 10 3854065
91 19 3854074
91 16 3854080
91 86 3854085
91 26 3854093
91 68 3854098
91 23 3854102
91 4 3854110
91 44 3854117
91 7 3854122
91 59 3854130
91 83 3854130
91 2 3854132
91 11 3854136
91 8 3854140
91 87 3854147
91 32 3854147
91 5 3854152
91 25 3854159
91 16 3854162
91 19 3854163
91 37 3854170
91 20 3854173
91 66 3854175
91 50 3854175
91 40 3854181
91 42 3854189
91 84 3854197
91 90 3854203
91 28 3854210
91 33 3854214
91 65 3854214
91 76 3854220
91 71 3854225
91 9 3854228
91 24 3854232
91 89 3854232
91 53 3854241
91 23 3854249
91 80 3854252
91 38 3854257
91 34 3854259
91 30 3854267
91 58 3854274
91 47 3854282
91 72 3854287
91 22 3854295
91 46 3854300
91 14 3854303
91 63 3854304
91 61 3854306
91 94 3854312
91 29 3854321
91 6 3854325
91 15 3854334
91 36 3854342
91 26 3854349
91 68 3854352
91 4 3854357
91 79 3854361
91 41 3854370
91 57 3854377
91 21 3854382
91 77 3854390
91 31 3854398
91 49 3854401
91 60 3854410
91 78 3854416
91 43 3854419
92 43 3854426
92 94 3854433
92 12 3854435
92 21 3854443
92 18 3854444
93 58 3854451
93 74 3854458
93 23 3854464
93 91 3854466
93 53 3854469
93 54 3854478
93 46 3854486
93 66 3854493
93 16 3854494
93 78 3854503
93 34 3854505
93 84 3854508
93 19 3854515
93 88 3854515
93 83 3854517
93 90 3854525
93 11 3854528
93 8 3854530
93 26 3854530
93 79 3854536
93 50 3854541
93 28 3854543
93 39 3854550
93 47 3854555
93 30 3854559
93 51 3854560
93 92 3854566
93 77 3854574
93 62 3854578
93 9 3854578
93 32 3854581
93 4 3854584
93 94 3854588
93 73 3854591
93 4 3854598
93 18 3854599
93 5 3854605
93 84 3854612
93 2 3854614
93 78 3854620
93 75 3854622
93 74 3854630
93 38 3854631
93 39 3854640
93 14 3854645
93 76 3854652
93 50 3854661
93 66 3854665
93 64 3854666
93 68 3854675
93 46 3854676
93 20 3854683
93 43 3854691
93 26 3854695
93 85 3854700
93 28 3854709
93 41 3854711
93 48 3854712
93 44 3854720
93 36 3854729
93 79 3854731
93 53 3854737
93 60 3854738
93 32 3854738
