97
false
0 8 4072209
0 16 4072216
0 66 4072216
0 13 4072225
0 47 4072227
0 36 4072230
0 10 4072239
0 62 4072240
0 24 4072245
0 87 4072252
0 77 4072259
0 80 4072265
0 28 4072273
0 79 4072278
0 30 4072279
0 89 4072279
0 12 4072284
0 1 4072293
0 27 4072300
0 71 4072302
0 92 4072308
0 5 4072315
0 69 4072317
0 53 4072322
0 37 4072325
0 14 4072332
0 82 4072338
0 72 4072346
0 18 4072351
0 49 4072360
0 45 4072369
0 54 4072370
0 11 4072375
0 29 4072382
0 34 4072390
0 65 4072394
0 74 4072399
0 67 4072407
0 46 4072415
0 43 4072421
0 23 4072422
0 76 4072430
0 15 4072439
0 59 4072442
0 83 4072445
0 2 4072454
0 86 4072462
0 51 4072470
0 56 4072472
0 64 4072475
0 40 4072478
0 57 4072481
0 52 4072484
0 90 4072488
0 50 4072488
0 31 4072494
0 38 4072501
0 63 4072505
0 81 4072507
0 19 4072508
0 83 4072514
0 27 4072518
0 86 4072521
0 15 4072526
0 19 4072530
0 8 4072531
0 17 4072531
0 96 4072539
0 95 4072541
0 37 4072541
0 70 4072550
0 29 4072556
0 35 4072558
0 49 4072567
0 31 4072569
0 24 4072575
0 10 4072584
0 44 4072593
0 90 4072599
0 78 4072605
0 43 4072613
0 54 4072618
0 18 4072622
0 12 4072629
0 13 4072634
0 56 4072642
0 84 4072648
0 62 4072655
0 1 4072664
0 45 4072664
0 39 4072672
0 34 4072678
0 63 4072679
0 51 4072682
0 93 4072683
0 28 4072687
0 42 4072688
0 52 4072694
0 67 4072695
0 88 4072700
0 21 4072700
0 58 4072703
0 20 4072711
0 7 4072715
0 76 4072719
0 72 4072724
0 80 4072728
0 64 4072732
0 38 4072739
0 30 4072742
0 46 4072743
0 47 4072746
0 55 4072755
0 32 4072761
0 75 4072767
0 50 4072775
0 6 4072775
0 60 4072776
1 79 4072777
1 63 4072780
1 9 4072785
1 69 4072785
1 89 4072787
1 36 4072788
1 65 4072790
1 68 4072794
1 20 4072803
1 22 4072803
1 39 4072804
1 4 4072809
1 57 4072812
1 76 4072816
1 2 4072820
2 16 4072827
2 19 4072829
2 28 4072836
2 40 4072843
2 58 4072849
2 9 4072857
2 1 4072860
2 86 4072863
2 69 4072870
2 67 4072878
2 89 4072887
2 21 4072890
2 33 4072892
2 48 4072892
2 73 4072900
2 32 4072905
2 25 4072905
2 23 4072912
2 44 4072920
2 83 4072921
2 4 4072923
2 20 4072924
2 74 4072927
2 92 4072930
2 36 4072932
2 87 4072932
2 63 4072940
2 57 4072944
2 24 4072945
2 15 4072952
2 38 4072958
2 18 4072963
2 5 4072965
2 95 4072965
2 53 4072965
2 50 4072968
2 7 4072968
2 46 4072969
2 48 4072970
2 25 4072972
2 42 4072973
2 87 4072982
2 49 4072988
2 33 4072992
2 62 4072997
2 26 4073004
2 86 4073012
2 71 4073015
2 70 4073016
2 63 4073021
2 51 4073024
2 21 4073030
2 55 4073033
2 82 4073037
2 14 4073041
2 43 4073049
2 69 4073053
2 31 4073054
2 96 4073060
2 56 4073060
2 17 4073068
2 88 4073070
2 76 4073077
2 35 4073081
2 64 4073088
2 85 4073092
2 10 4073093
2 53 4073093
2 52 4073096
2 83 4073100
2 79 4073103
2 46 4073105
2 18 4073105
2 5 4073111
2 36 4073118
2 66 4073120
3 31 4073123
3 52 4073125
3 11 4073127
3 60 4073134
3 95 4073135
3 80 4073137
3 74 4073137
3 54 4073139
3 21 4073141
3 84 4073147
3 19 4073151
3 83 4073156
3 53 4073165
3 32 4073173
3 1 4073180
3 94 4073182
3 36 4073189
3 30 4073198
3 23 4073200
3 72 4073202
3 34 4073206
3 9 4073215
3 96 4073220
3 67 4073226
3 12 4073230
3 42 4073233
3 61 4073239
3 41 4073240
3 69 4073245
3 39 4073247
3 92 4073250
3 28 4073256
3 59 4073258
3 22 4073266
3 14 4073273
3 88 4073273
3 65 4073276
3 63 4073284
3 57 4073286
3 91 4073292
3 79 4073300
3 17 4073305
3 38 4073310
3 44 4073314
3 70 4073323
3 55 4073328
3 48 4073336
3 78 4073345
3 33 4073346
3 13 4073353
3 46 4073359
3 56 4073364
3 29 4073364
3 10 4073373
3 26 4073377
3 82 4073378
3 16 4073386
3 37 4073390
3 4 4073393
3 70 4073398
3 89 4073406
3 62 4073408
3 24 4073408
3 2 4073415
3 76 4073416
3 44 4073423
3 94 4073424
3 43 4073426
3 18 4073428
3 27 4073430
3 88 4073433
3 25 4073436
3 53 4073441
3 50 4073447
3 66 4073450
3 91 4073455
3 48 4073459
3 81 4073462
3 54 4073471
3 52 4073473
3 31 4073480
3 46 4073487
3 7 4073496
3 78 4073505
3 23 4073513
3 63 4073517
3 39 4073517
3 19 4073525
3 6 4073532
3 51 4073536
3 29 4073541
3 86 4073549
3 35 4073551
3 15 4073558
3 93 4073560
3 72 4073562
3 58 4073571
3 22 4073579
3 82 4073586
3 38 4073595
3 57 4073602
3 45 4073611
3 32 4073616
3 92 4073618
3 8 4073626
3 74 4073632
3 61 4073635
3 4 4073635
3 26 4073635
3 73 4073643
3 49 4073643
3 69 4073643
3 83 4073644
3 80 4073646
3 95 4073646
4 59 4073652
4 67 4073656
4 51 4073659
4 34 4073660
4 32 4073669
4 49 4073674
4 12 4073680
5 53 4073684
5 32 4073691
5 0 4073692
5 60 4073701
5 27 4073703
5 17 4073706
5 14 4073714
5 64 4073716
5 39 4073717
5 21 4073719
5 42 4073719
5 58 4073721
5 68 4073723
5 33 4073728
5 52 4073729
5 18 4073730
5 54 4073731
5 71 4073734
5 33 4073740
5 41 4073749
5 69 4073753
5 67 4073753
5 66 4073761
5 35 4073770
5 19 4073773
5 61 4073773
5 80 4073775
6 2 4073776
6 37 4073785
6 54 4073789
6 44 4073794
6 25 4073796
6 27 4073798
6 71 4073807
6 8 4073812
6 78 4073816
6 86 4073816
6 32 4073818
6 24 4073826
6 17 4073831
6 95 4073833
6 52 4073835
6 49 4073840
6 53 4073849
6 93 4073854
7 40 4073856
7 14 4073863
7 81 4073871
7 63 4073873
7 46 4073878
7 65 4073886
7 61 4073895
7 22 4073902
7 36 4073905
7 68 4073911
7 69 4073914
7 84 4073919
7 0 4073927
7 72 4073927
7 92 4073932
7 41 4073934
7 53 4073940
7 87 4073945
7 28 4073953
7 8 4073960
7 26 4073963
7 71 4073966
7 55 4073973
7 48 4073973
7 79 4073974
7 57 4073977
7 6 4073984
7 12 4073991
7 85 4073996
7 49 4074002
7 15 4074003
7 33 4074004
7 90 4074012
7 94 4074014
7 56 4074022
7 20 4074024
7 38 4074025
7 75 4074030
7 80 4074038
7 86 4074044
7 30 4074047
7 32 4074047
7 51 4074056
7 18 4074061
7 74 4074065
7 58 4074074
7 76 4074076
7 88 4074076
7 59 4074080
7 35 4074085
7 96 4074086
7 77 4074090
7 93 4074092
7 29 4074093
7 43 4074100
7 67 4074104
7 3 4074105
7 2 4074112
7 57 4074120
7 88 4074129
7 4 4074137
7 64 4074146
7 32 4074153
7 1 4074162
7 95 4074164
7 6 4074170
7 91 4074175
7 39 4074181
7 13 4074189
7 9 4074197
7 63 4074203
7 20 4074212
7 34 4074214
7 74 4074222
7 65 4074229
7 69 4074238
7 71 4074247
7 44 4074253
7 49 4074256
7 21 4074262
7 54 4074268
7 86 4074271
7 52 4074280
7 96 4074284
7 29 4074290
7 92 4074293
7 11 4074295
7 23 4074302
7 5 4074308
7 26 4074312
7 90 4074320
7 40 4074320
7 24 4074320
7 22 4074329
7 48 4074329
7 78 4074337
7 10 4074341
7 50 4074345
7 25 4074347
7 28 4074355
7 93 4074356
7 70 4074364
7 15 4074366
7 81 4074367
7 41 4074374
7 3 4074380
7 75 4074386
7 0 4074386
7 56 4074395
7 61 4074398
7 8 4074402
7 83 4074407
7 43 4074416
8 28 4074416
8 14 4074416
8 4 4074425
8 1 4074432
8 42 4074438
8 25 4074444
8 21 4074452
8 48 4074454
8 6 4074461
8 40 4074465
8 66 4074474
8 70 4074483
8 93 4074486
8 86 4074491
8 34 4074498
8 67 4074502
8 57 4074505
8 32 4074505
8 62 4074511
8 5 4074520
8 54 4074526
8 31 4074531
8 52 4074540
8 10 4074545
8 26 4074552
8 64 4074560
8 79 4074564
8 61 4074564
8 29 4074564
8 35 4074565
8 37 4074572
8 89 4074574
8 56 4074575
8 45 4074582
8 59 4074590
8 81 4074594
8 95 4074603
8 33 4074611
8 78 4074620
8 73 4074624
8 44 4074625
8 90 4074629
8 30 4074636
8 69 4074638
8 59 4074646
8 24 4074655
8 57 4074657
8 15 4074665
8 37 4074665
8 75 4074672
8 55 4074678
8 84 4074681
8 5 4074690
8 90 4074692
8 38 4074695
8 12 4074700
8 32 4074708
8 27 4074711
8 95 4074716
8 11 4074724
8 50 4074724
8 62 4074724
8 48 4074732
8 21 4074741
8 77 4074746
8 65 4074755
8 63 4074760
8 67 4074761
8 23 4074768
8 25 4074775
8 61 4074782
8 92 4074790
8 4 4074793
8 7 4074798
8 86 4074803
8 29 4074812
8 9 4074819
8 87 4074825
8 89 4074826
8 52 4074833
8 14 4074842
8 94 4074850
8 69 4074851
9 80 4074856
9 14 4074857
9 72 4074860
9 69 4074861
9 16 4074862
9 44 4074865
9 51 4074865
9 4 4074866
10 93 4074868
10 60 4074868
10 83 4074872
10 48 4074875
10 37 4074880
10 95 4074886
10 69 4074891
10 20 4074899
10 51 4074903
11 86 4074903
11 37 4074904
11 87 4074904
11 32 4074906
11 54 4074912
11 44 4074916
11 76 4074922
11 27 4074926
11 78 4074932
11 22 4074939
11 21 4074942
11 25 4074951
11 92 4074957
11 56 4074958
11 2 4074960
11 14 4074968
11 55 4074972
11 89 4074972
11 71 4074976
11 95 4074984
11 62 4074992
11 57 4074999
11 35 4075008
11 79 4075013
11 8 4075021
11 10 4075026
11 49 4075031
11 23 4075035
11 26 4075037
11 16 4075038
11 19 4075040
11 67 4075048
11 94 4075057
11 46 4075063
11 13 4075068
11 4 4075069
11 83 4075071
11 17 4075073
11 66 4075081
11 3 4075090
11 74 4075099
11 70 4075103
11 40 4075105
11 47 4075114
11 12 4075120
11 9 4075120
11 69 4075129
11 31 4075135
11 96 4075144
11 0 4075149
11 43 4075156
11 8 4075163
11 65 4075169
11 55 4075172
11 94 4075179
11 95 4075185
11 89 4075194
11 4 4075198
11 75 4075202
11 93 4075209
11 15 4075216
11 29 4075216
11 0 4075221
11 60 4075229
11 14 4075234
11 57 4075238
11 5 4075247
11 62 4075255
11 1 4075263
11 19 4075270
11 44 4075277
11 54 4075284
11 87 4075284
11 40 4075290
11 85 4075293
11 96 4075295
11 59 4075298
11 53 4075306
11 50 4075306
11 47 4075306
11 92 4075307
11 91 4075307
11 73 4075313
11 9 4075321
11 49 4075327
11 38 4075331
11 12 4075336
11 64 4075336
11 30 4075338
11 83 4075338
11 69 4075347
11 36 4075351
11 18 4075353
11 13 4075356
11 84 4075360
11 77 4075365
11 41 4075373
11 25 4075381
11 51 4075382
11 10 4075385
11 2 4075391
11 70 4075391
12 22 4075394
12 14 4075402
12 51 4075411
12 53 4075413
12 8 4075417
12 92 4075421
12 6 4075427
12 52 4075435
12 81 4075444
12 34 4075445
12 42 4075447
12 15 4075455
12 76 4075459
12 30 4075461
12 21 4075467
12 47 4075474
12 62 4075482
12 39 4075490
12 0 4075496
12 72 4075504
12 3 4075512
12 5 4075516
12 2 4075517
12 36 4075521
12 65 4075529
12 40 4075536
12 4 4075545
12 78 4075549
12 82 4075555
12 84 4075557
12 61 4075563
12 58 4075572
12 89 4075581
12 77 4075586
12 69 4075595
12 28 4075595
12 16 4075596
12 56 4075604
12 75 4075605
12 20 4075605
12 64 4075607
12 1 4075607
12 68 4075610
12 73 4075616
12 23 4075623
12 13 4075631
12 41 4075635
12 60 4075639
12 80 4075646
12 26 4075655
12 14 4075660
12 88 4075660
12 16 4075664
12 42 4075671
12 58 4075680
12 10 4075685
12 19 4075694
12 15 4075701
12 36 4075707
12 25 4075710
12 82 4075716
12 91 4075724
12 35 4075728
12 60 4075732
12 83 4075741
12 59 4075749
12 5 4075753
12 0 4075756
12 89 4075762
12 33 4075766
12 75 4075770
12 49 4075779
12 44 4075786
12 66 4075789
12 50 4075790
12 2 4075798
12 21 4075804
12 85 4075810
12 54 4075811
12 1 4075812
12 9 4075816
12 40 4075823
12 18 4075828
12 61 4075834
12 39 4075836
12 74 4075844
12 94 4075850
12 69 4075857
12 72 4075864
12 71 4075870
12 20 4075878
12 38 4075880
12 52 4075889
12 62 4075895
12 80 4075896
12 47 4075900
12 11 4075900
12 48 4075901
12 65 4075910
12 46 4075914
12 32 4075916
12 95 4075923
12 78 4075928
12 92 4075936
12 73 4075938
12 53 4075947
12 63 4075952
13 72 4075960
13 2 4075961
13 23 4075968
13 11 4075970
13 6 4075977
13 65 4075984
13 73 4075987
13 43 4075987
13 22 4075995
13 17 4075997
13 35 4076001
13 94 4076008
13 78 4076009
13 81 4076012
13 39 4076013
13 55 4076016
13 70 4076025
13 0 4076026
13 24 4076034
13 1 4076038
13 75 4076042
13 27 4076050
13 85 4076053
13 16 4076053
13 33 4076061
13 38 4076067
13 52 4076075
13 60 4076078
13 83 4076080
13 20 4076086
13 96 4076087
13 42 4076092
13 51 4076096
13 34 4076104
13 53 4076105
13 67 4076112
13 37 4076114
13 52 4076116
13 49 4076124
13 84 4076129
13 74 4076129
13 18 4076137
13 78 4076140
13 91 4076147
13 59 4076148
13 89 4076157
13 30 4076160
13 34 4076169
13 14 4076178
13 77 4076178
13 48 4076185
13 88 4076187
13 72 4076189
13 1 4076194
13 7 4076198
13 56 4076202
13 85 4076207
13 53 4076216
13 35 4076221
13 92 4076229
13 94 4076236
13 62 4076239
13 19 4076243
13 0 4076245
13 8 4076252
13 24 4076257
13 82 4076259
13 93 4076264
13 90 4076271
13 27 4076275
13 37 4076279
13 95 4076281
13 96 4076284
13 71 4076289
14 57 4076289
14 41 4076297
14 32 4076304
14 33 4076306
14 51 4076306
14 69 4076307
14 72 4076315
14 55 4076316
14 81 4076323
14 62 4076328
14 96 4076329
14 48 4076332
14 59 4076339
14 79 4076348
14 50 4076348
14 58 4076352
14 15 4076353
14 10 4076358
14 26 4076362
14 35 4076368
14 42 4076372
14 0 4076381
14 88 4076390
14 76 4076394
14 31 4076403
14 54 4076409
14 23 4076414
14 75 4076418
14 91 4076425
14 82 4076429
14 95 4076429
14 70 4076433
14 37 4076438
14 4 4076439
14 60 4076447
14 68 4076455
14 90 4076464
14 65 4076466
14 5 4076474
14 39 4076480
14 63 4076488
14 83 4076493
14 66 4076502
14 64 4076502
14 29 4076510
14 28 4076511
14 1 4076516
14 73 4076521
14 24 4076526
14 86 4076535
14 57 4076539
14 93 4076543
14 75 4076550
14 13 4076559
14 92 4076559
14 34 4076565
14 69 4076569
14 15 4076577
14 32 4076584
14 3 4076588
14 82 4076590
14 68 4076593
14 77 4076598
14 96 4076599
14 87 4076604
14 65 4076605
14 76 4076610
14 61 4076615
14 72 4076619
14 40 4076624
14 31 4076626
14 30 4076635
14 0 4076636
14 1 4076639
14 37 4076643
14 84 4076652
14 83 4076652
14 2 4076655
14 89 4076663
14 5 4076669
14 64 4076670
14 35 4076671
14 10 4076678
14 8 4076685
14 88 4076685
14 49 4076693
14 28 4076701
14 27 4076705
14 42 4076714
14 11 4076720
14 55 4076720
14 85 4076724
15 95 4076733
15 25 4076733
15 83 4076733
15 27 4076740
15 32 4076749
15 63 4076756
15 39 4076761
15 30 4076761
15 14 4076761
15 75 4076770
15 51 4076770
15 34 4076771
15 36 4076778
15 91 4076778
15 13 4076786
15 26 4076795
15 43 4076795
15 52 4076800
15 35 4076805
15 3 4076809
15 37 4076817
15 40 4076823
15 70 4076823
15 61 4076823
15 96 4076826
15 72 4076834
15 1 4076840
15 86 4076844
15 78 4076849
15 20 4076849
15 17 4076849
15 47 4076849
15 68 4076858
15 21 4076861
15 55 4076868
15 56 4076869
15 74 4076872
15 75 4076878
15 62 4076880
15 9 4076888
15 10 4076896
15 48 4076903
15 37 4076906
15 64 4076914
15 34 4076923
15 19 4076926
15 82 4076934
16 63 4076938
16 94 4076938
16 35 4076940
16 17 4076948
16 92 4076955
16 12 4076963
16 25 4076965
16 13 4076974
16 32 4076983
16 7 4076985
16 42 4076989
16 30 4076992
16 80 4077000
16 90 4077004
16 43 4077008
16 79 4077012
16 74 4077015
16 28 4077024
16 76 4077029
16 11 4077031
16 58 4077035
16 41 4077040
16 5 4077044
16 3 4077053
16 64 4077055
16 47 4077055
16 84 4077061
16 95 4077067
16 6 4077069
16 86 4077078
16 9 4077086
16 87 4077087
16 57 4077087
16 87 4077095
16 85 4077099
16 39 4077101
16 70 4077103
16 58 4077111
16 9 4077114
16 29 4077116
16 73 4077116
16 74 4077118
16 66 4077125
16 51 4077127
16 23 4077131
16 7 4077140
16 40 4077140
16 83 4077148
16 12 4077157
16 63 4077164
16 33 4077166
16 34 4077171
16 78 4077174
16 21 4077181
16 11 4077184
16 84 4077192
16 91 4077196
16 60 4077205
16 90 4077213
16 19 4077215
16 18 4077217
16 30 4077218
16 24 4077222
16 42 4077230
16 38 4077237
16 57 4077242
16 69 4077251
16 49 4077252
16 59 4077258
17 84 4077260
17 19 4077269
17 13 4077273
17 16 4077278
17 54 4077287
17 75 4077291
17 65 4077294
17 34 4077296
17 89 4077301
17 12 4077303
17 59 4077306
17 63 4077313
17 9 4077314
17 76 4077319
17 78 4077325
17 4 4077332
17 1 4077332
17 90 4077333
17 27 4077334
17 58 4077340
17 70 4077344
17 87 4077347
17 14 4077356
17 25 4077358
17 44 4077363
17 10 4077371
17 82 4077377
17 61 4077379
17 0 4077385
17 94 4077385
17 21 4077393
17 79 4077393
17 38 4077395
17 62 4077397
17 96 4077402
17 67 4077403
17 57 4077404
17 22 4077412
17 2 4077412
17 18 4077420
17 26 4077422
17 23 4077422
17 5 4077423
17 32 4077425
17 75 4077428
17 13 4077434
17 14 4077434
17 50 4077435
17 88 4077435
17 41 4077442
17 46 4077447
17 77 4077454
17 92 4077454
17 9 4077456
17 22 4077465
17 62 4077471
17 25 4077475
17 4 4077483
17 32 4077490
17 60 4077497
17 81 4077497
17 51 4077504
17 28 4077511
17 54 4077512
17 72 4077518
17 47 4077519
17 18 4077522
17 10 4077523
17 71 4077523
17 64 4077532
17 45 4077538
17 39 4077543
17 49 4077547
17 78 4077551
17 24 4077558
17 31 4077558
17 2 4077567
17 87 4077567
17 84 4077568
17 55 4077577
17 6 4077586
17 1 4077586
18 77 4077593
18 76 4077593
18 68 4077593
18 54 4077601
18 95 4077607
18 37 4077613
18 4 4077621
18 85 4077626
18 91 4077629
18 84 4077633
18 35 4077639
18 21 4077646
18 53 4077653
18 94 4077660
18 19 4077664
18 81 4077665
18 3 4077669
18 30 4077678
18 71 4077679
18 9 4077680
18 13 4077689
18 55 4077698
18 25 4077702
18 0 4077706
18 41 4077709
18 75 4077710
18 31 4077715
18 86 4077716
18 56 4077724
18 61 4077725
18 70 4077728
18 27 4077730
18 65 4077731
18 5 4077733
18 42 4077738
18 20 4077740
18 93 4077742
18 22 4077750
18 74 4077750
18 33 4077750
18 80 4077751
18 82 4077756
18 6 4077763
18 23 4077765
18 45 4077765
18 28 4077767
18 26 4077771
18 67 4077780
18 32 4077781
18 96 4077782
18 8 4077785
18 10 4077793
18 38 4077801
18 89 4077802
18 39 4077808
18 48 4077810
18 63 4077817
18 62 4077821
18 89 4077826
18 59 4077835
18 13 4077844
18 48 4077851
18 91 4077858
18 7 4077858
18 0 4077859
18 47 4077860
18 70 4077865
18 88 4077867
18 61 4077875
18 40 4077878
18 45 4077881
18 41 4077890
18 68 4077899
18 85 4077900
18 46 4077904
18 20 4077908
18 82 4077915
18 42 4077924
18 66 4077930
18 67 4077934
18 33 4077937
18 3 4077937
18 16 4077939
18 34 4077944
18 54 4077946
18 63 4077951
18 79 4077952
18 4 4077952
18 90 4077961
18 1 4077965
18 9 4077968
18 29 4077975
18 24 4077982
18 93 4077984
18 39 4077985
18 73 4077986
18 58 4077992
18 43 4077992
18 51 4078001
18 87 4078002
18 75 4078007
18 28 4078009
18 17 4078009
18 57 4078010
18 22 4078013
18 12 4078013
18 37 4078013
18 27 4078016
18 80 4078017
18 76 4078023
18 78 4078032
18 96 4078034
18 30 4078035
18 53 4078037
18 81 4078046
18 62 4078054
19 44 4078055
19 17 4078055
19 4 4078061
19 72 4078065
19 36 4078068
19 56 4078073
19 10 4078076
19 5 4078084
19 82 4078092
19 45 4078100
19 86 4078107
19 31 4078116
19 65 4078125
19 54 4078134
19 76 4078134
19 8 4078141
19 77 4078149
19 51 4078150
19 94 4078151
19 24 4078153
19 91 4078154
19 28 4078157
19 69 4078161
19 85 4078165
19 38 4078172
19 90 4078178
19 0 4078180
19 49 4078188
19 53 4078193
19 71 4078201
19 18 4078207
19 3 4078216
19 81 4078218
19 39 4078222
19 42 4078223
19 70 4078228
19 29 4078233
19 81 4078234
19 38 4078239
19 46 4078248
19 70 4078255
19 50 4078261
19 60 4078269
19 30 4078274
19 5 4078278
19 1 4078280
19 53 4078287
19 55 4078289
19 61 4078298
19 69 4078304
19 84 4078307
19 45 4078311
19 4 4078316
19 44 4078318
19 0 4078324
19 17 4078325
19 93 4078334
19 57 4078338
19 90 4078339
19 29 4078342
19 42 4078347
19 79 4078354
19 9 4078363
19 41 4078370
19 80 4078379
19 28 4078383
19 88 4078385
19 89 4078392
19 23 4078395
19 36 4078399
19 27 4078407
19 51 4078416
19 75 4078420
20 57 4078421
20 63 4078428
20 81 4078437
20 67 4078443
20 75 4078443
20 7 4078444
20 96 4078444
20 86 4078450
20 51 4078458
20 93 4078462
20 74 4078469
20 36 4078478
20 39 4078482
20 33 4078486
20 32 4078486
20 8 4078490
20 53 4078493
20 87 4078502
20 62 4078511
20 11 4078513
20 88 4078521
20 65 4078523
20 44 4078530
21 95 4078535
21 35 4078536
21 58 4078536
21 65 4078539
21 31 4078546
21 80 4078546
21 94 4078552
21 87 4078556
21 57 4078563
22 90 4078570
22 74 4078574
22 77 4078581
22 48 4078588
22 51 4078590
22 3 4078591
22 56 4078592
22 95 4078592
22 11 4078599
22 53 4078599
22 84 4078602
22 41 4078606
22 15 4078610
22 57 4078619
22 5 4078627
22 29 4078634
22 19 4078641
22 35 4078646
22 16 4078652
22 69 4078658
22 18 4078667
22 33 4078673
22 91 4078678
22 13 4078682
22 71 4078682
22 26 4078683
22 72 4078688
22 30 4078694
22 59 4078697
22 54 4078699
22 93 4078699
22 44 4078699
22 75 4078700
22 60 4078700
22 85 4078700
22 66 4078701
22 49 4078703
22 20 4078709
22 80 4078709
22 73 4078717
22 9 4078717
22 14 4078718
22 40 4078724
22 59 4078731
22 60 4078740
22 18 4078744
22 56 4078747
22 92 4078755
22 31 4078763
22 54 4078764
22 27 4078772
22 73 4078781
22 47 4078781
22 50 4078790
22 63 4078797
22 51 4078806
22 15 4078813
22 9 4078818
22 80 4078825
22 91 4078832
22 79 4078838
22 35 4078841
22 85 4078847
22 88 4078856
22 55 4078865
22 32 4078873
22 87 4078875
22 45 4078877
22 53 4078881
22 67 4078886
22 64 4078894
22 1 4078897
22 62 4078901
22 24 4078908
22 33 4078916
22 83 4078925
22 8 4078934
22 58 4078942
22 84 4078943
22 71 4078952
22 34 4078952
22 96 4078959
22 65 4078962
22 0 4078968
22 81 4078977
22 28 4078984
22 37 4078988
22 77 4078995
22 26 4078996
23 86 4079004
23 74 4079013
23 43 4079022
23 18 4079031
23 28 4079036
23 9 4079042
23 87 4079050
23 57 4079050
23 63 4079054
23 25 4079058
23 3 4079066
23 8 4079071
23 70 4079077
23 64 4079086
23 13 4079091
23 31 4079095
23 56 4079101
23 93 4079106
23 4 4079112
23 85 4079120
23 72 4079128
23 76 4079128
23 22 4079135
23 44 4079138
23 53 4079143
23 89 4079145
23 67 4079148
23 11 4079150
23 45 4079158
23 73 4079165
23 14 4079172
23 41 4079174
23 16 4079182
23 61 4079190
23 58 4079194
23 81 4079201
23 68 4079201
23 69 4079205
23 80 4079210
23 36 4079213
23 92 4079213
23 49 4079216
23 32 4079220
23 12 4079224
23 26 4079229
23 35 4079234
23 51 4079235
23 6 4079237
23 2 4079244
23 83 4079249
23 34 4079252
23 7 4079259
23 40 4079262
23 45 4079271
23 49 4079271
23 66 4079272
23 70 4079280
23 13 4079286
23 87 4079286
23 59 4079287
23 28 4079296
23 60 4079298
23 21 4079307
23 36 4079309
23 29 4079314
23 63 4079322
23 10 4079329
23 51 4079333
23 34 4079339
23 37 4079342
23 85 4079347
23 38 4079350
23 25 4079359
23 52 4079360
23 46 4079365
23 76 4079370
23 64 4079371
23 83 4079380
23 89 4079381
23 30 4079389
23 39 4079394
23 78 4079398
23 6 4079398
23 73 4079407
23 1 4079407
23 84 4079411
23 16 4079411
23 92 4079416
23 31 4079418
23 0 4079419
23 26 4079427
23 68 4079436
23 9 4079441
23 62 4079450
23 43 4079453
23 5 4079461
23 81 4079466
23 44 4079474
23 65 4079480
23 88 4079482
23 86 4079485
23 18 4079491
23 53 4079499
23 55 4079506
23 93 4079507
23 96 4079510
23 54 4079512
23 82 4079515
23 69 4079519
24 92 4079525
24 16 4079525
24 77 4079525
24 35 4079525
24 48 4079532
24 43 4079536
24 78 4079544
24 22 4079544
24 69 4079544
24 89 4079544
24 76 4079553
24 0 4079561
24 57 4079567
24 15 4079576
24 19 4079583
24 91 4079588
24 36 4079594
24 95 4079603
25 33 4079603
25 57 4079606
25 87 4079609
25 37 4079618
25 93 4079627
25 67 4079629
25 32 4079638
25 52 4079643
25 75 4079652
25 42 4079652
26 19 4079661
26 63 4079665
26 59 4079671
26 86 4079673
26 49 4079682
26 25 4079689
26 56 4079690
26 83 4079694
26 52 4079694
26 92 4079701
26 32 4079709
26 95 4079712
26 43 4079714
26 35 4079714
26 31 4079720
26 45 4079726
26 38 4079728
26 41 4079733
26 14 4079740
26 24 4079749
26 29 4079755
26 28 4079758
26 91 4079766
26 20 4079773
26 82 4079774
26 70 4079781
26 33 4079782
26 44 4079783
26 2 4079784
26 11 4079790
26 40 4079798
26 47 4079805
26 15 4079813
26 27 4079814
26 89 4079817
26 39 4079818
26 50 4079822
26 60 4079829
26 87 4079835
26 23 4079842
26 72 4079851
26 5 4079855
26 34 4079862
26 13 4079865
26 6 4079865
26 3 4079866
26 12 4079866
26 66 4079874
26 65 4079874
26 75 4079883
26 0 4079889
26 84 4079894
26 57 4079896
26 55 4079896
26 39 4079897
26 20 4079901
26 56 4079908
26 62 4079914
26 75 4079917
26 43 4079924
26 74 4079929
26 37 4079929
26 48 4079934
26 45 4079941
26 63 4079945
26 47 4079951
26 24 4079957
26 90 4079960
26 10 4079969
26 44 4079976
26 80 4079983
26 15 4079984
26 58 4079991
26 32 4079998
26 84 4080002
26 95 4080008
26 5 4080013
26 29 4080014
26 76 4080023
26 42 4080023
26 66 4080029
26 53 4080030
26 16 4080036
26 30 4080041
26 70 4080042
26 94 4080049
26 6 4080051
26 7 4080056
26 38 4080064
26 2 4080065
26 27 4080068
26 85 4080070
26 17 4080079
26 31 4080083
26 57 4080090
26 14 4080094
26 3 4080102
26 86 4080111
26 51 4080116
26 22 4080123
26 33 4080130
26 52 4080131
26 82 4080140
26 67 4080141
26 64 4080143
26 13 4080144
26 12 4080152
26 96 4080153
26 87 4080160
26 93 4080161
26 60 4080169
26 46 4080170
26 1 4080175
27 66 4080178
27 63 4080186
27 16 4080190
27 10 4080196
27 59 4080199
27 84 4080200
27 70 4080209
27 37 4080210
27 18 4080211
27 25 4080211
27 55 4080211
27 88 4080212
27 33 4080215
27 30 4080217
27 21 4080218
27 57 4080224
27 22 4080231
27 89 4080233
27 53 4080242
27 80 4080251
27 2 4080253
27 62 4080260
27 90 4080267
27 28 4080272
27 91 4080273
27 41 4080280
27 95 4080288
27 56 4080290
27 82 4080291
27 26 4080292
27 49 4080300
27 36 4080307
27 12 4080308
27 14 4080312
27 20 4080320
27 83 4080323
27 46 4080324
27 76 4080328
27 19 4080329
27 75 4080334
27 61 4080338
27 69 4080338
27 39 4080342
27 0 4080346
27 9 4080355
27 64 4080357
27 8 4080362
27 29 4080367
27 54 4080369
27 6 4080373
27 15 4080382
27 34 4080386
27 13 4080393
27 67 4080394
27 38 4080402
27 65 4080410
27 32 4080416
27 85 4080425
27 31 4080428
27 60 4080436
27 96 4080439
27 73 4080444
27 32 4080452
27 33 4080457
27 81 4080461
27 35 4080464
27 14 4080468
27 23 4080472
27 71 4080479
27 69 4080487
27 17 4080492
27 9 4080496
27 21 4080503
27 57 4080509
27 90 4080514
27 51 4080517
27 74 4080518
27 10 4080524
27 42 4080532
27 19 4080534
27 5 4080541
27 82 4080543
27 95 4080551
27 92 4080553
27 31 4080558
27 7 4080562
27 40 4080569
27 30 4080570
27 26 4080571
27 18 4080577
27 93 4080577
27 37 4080585
27 91 4080589
27 52 4080591
27 75 4080599
27 67 4080608
27 47 4080611
27 54 4080615
27 6 4080617
27 38 4080625
27 73 4080630
27 80 4080632
27 11 4080641
27 22 4080645
27 89 4080653
27 83 4080653
27 87 4080657
27 39 4080663
27 8 4080665
27 1 4080668
27 12 4080669
27 79 4080677
27 48 4080679
27 86 4080682
27 62 4080683
27 15 4080684
27 96 4080686
27 44 4080695
27 65 4080696
27 78 4080701
27 84 4080709
27 61 4080713
27 72 4080717
27 34 4080726
27 43 4080735
28 6 4080741
28 71 4080749
28 67 4080754
28 57 4080757
28 87 4080764
28 64 4080772
28 46 4080777
28 90 4080784
28 73 4080787
28 9 4080796
28 92 4080797
28 36 4080803
28 25 4080811
28 30 4080811
28 45 4080811
28 20 4080814
28 11 4080816
28 63 4080821
28 34 4080830
28 16 4080832
28 38 4080834
28 5 4080843
28 27 4080846
28 52 4080852
28 68 4080857
28 32 4080865
28 78 4080867
28 96 4080870
28 95 4080875
28 74 4080879
28 72 4080888
28 47 4080896
28 88 4080904
28 19 4080905
28 40 4080909
28 75 4080916
28 43 4080922
28 76 4080924
28 10 4080932
28 82 4080939
28 94 4080947
28 77 4080950
28 70 4080959
28 37 4080963
28 49 4080964
28 51 4080966
28 26 4080972
28 85 4080976
28 8 4080976
28 24 4080979
28 2 4080980
28 29 4080983
28 42 4080984
28 35 4080988
28 1 4080992
28 88 4080998
28 45 4081007
28 73 4081008
28 14 4081012
28 56 4081021
28 5 4081026
28 59 4081028
28 39 4081034
28 32 4081034
28 3 4081035
28 0 4081042
28 72 4081050
28 70 4081059
28 50 4081067
28 68 4081068
28 35 4081072
28 30 4081075
28 87 4081080
28 36 4081081
28 4 4081089
28 63 4081094
28 7 4081102
28 12 4081110
28 78 4081110
28 13 4081118
28 89 4081125
28 40 4081132
28 75 4081135
28 90 4081144
28 71 4081149
28 29 4081151
28 22 4081154
28 8 4081159
28 46 4081164
28 58 4081170
28 1 4081174
28 33 4081181
28 66 4081183
28 23 4081191
28 43 4081198
28 19 4081202
28 92 4081206
28 54 4081212
28 93 4081212
28 2 4081218
28 37 4081220
28 64 4081227
28 79 4081227
28 11 4081231
28 83 4081232
29 19 4081237
29 67 4081245
29 7 4081254
29 15 4081259
29 11 4081266
29 93 4081268
29 23 4081269
29 69 4081274
29 80 4081283
29 77 4081285
29 50 4081287
29 67 4081295
29 40 4081301
29 90 4081310
29 63 4081314
29 12 4081315
30 19 4081315
30 35 4081319
30 20 4081326
30 15 4081330
30 79 4081338
30 32 4081347
30 36 4081348
30 88 4081352
30 5 4081352
30 69 4081352
30 61 4081355
30 62 4081360
30 8 4081360
30 67 4081361
30 27 4081365
30 71 4081366
30 25 4081371
30 81 4081376
30 28 4081382
30 87 4081389
30 41 4081398
30 77 4081406
30 46 4081412
30 7 4081417
30 89 4081418
30 93 4081423
30 58 4081427
30 17 4081434
30 86 4081441
30 49 4081447
30 74 4081451
30 9 4081455
30 37 4081456
30 31 4081456
30 94 4081461
30 10 4081468
30 60 4081471
30 33 4081475
30 92 4081480
30 43 4081482
30 45 4081490
30 68 4081494
30 76 4081494
30 56 4081496
30 90 4081499
30 75 4081499
30 13 4081499
30 24 4081506
30 84 4081509
30 53 4081510
30 22 4081518
30 65 4081520
30 78 4081523
30 21 4081526
30 47 4081532
30 6 4081540
30 23 4081547
30 52 4081548
30 40 4081552
30 48 4081555
30 82 4081557
30 31 4081563
30 37 4081565
30 94 4081572
30 51 4081581
30 40 4081582
30 76 4081582
30 17 4081591
30 1 4081598
30 6 4081605
30 78 4081612
30 64 4081615
30 21 4081615
30 41 4081621
30 68 4081621
30 79 4081625
30 44 4081625
30 75 4081626
30 96 4081626
30 43 4081630
30 71 4081634
30 63 4081639
30 52 4081642
30 93 4081646
30 8 4081647
30 45 4081653
30 72 4081657
30 81 4081665
30 56 4081672
30 89 4081676
30 36 4081682
30 74 4081687
30 12 4081693
30 73 4081699
30 35 4081702
30 7 4081708
30 19 4081717
30 65 4081725
30 13 4081727
30 23 4081729
30 15 4081737
30 82 4081742
30 53 4081750
30 92 4081753
30 18 4081760
30 84 4081761
30 55 4081770
30 5 4081771
30 60 4081775
30 83 4081780
30 57 4081784
30 69 4081788
30 20 4081793
30 26 4081793
30 70 4081797
30 28 4081801
31 18 4081805
31 79 4081807
31 93 4081812
31 90 4081812
31 10 4081820
32 41 4081820
32 77 4081827
32 3 4081831
32 72 4081834
32 82 4081843
32 67 4081847
32 64 4081847
32 15 4081852
32 7 4081857
32 96 4081863
32 31 4081871
32 80 4081879
32 55 4081888
32 95 4081893
32 18 4081893
32 42 4081901
32 88 4081908
32 84 4081908
32 33 4081916
32 36 4081919
32 86 4081924
32 92 4081925
32 48 4081926
32 29 4081935
32 49 4081942
32 60 4081942
32 21 4081947
32 71 4081954
32 87 4081961
32 63 4081969
32 20 4081975
32 90 4081983
32 28 4081992
32 37 4081998
32 66 4082000
32 6 4082005
32 54 4082011
32 58 4082016
32 0 4082022
32 16 4082025
32 30 4082025
32 39 4082028
32 43 4082033
32 5 4082035
32 57 4082044
32 34 4082045
32 2 4082051
32 51 4082053
32 79 4082055
32 46 4082059
32 52 4082059
32 8 4082066
32 69 4082075
32 45 4082084
32 37 4082084
32 26 4082089
32 4 4082094
32 55 4082094
32 14 4082100
32 69 4082109
32 27 4082112
32 25 4082114
32 43 4082119
32 91 4082120
32 15 4082123
32 85 4082130
32 35 4082139
32 12 4082146
32 50 4082153
32 83 4082153
32 10 4082155
32 73 4082159
32 54 4082162
32 80 4082171
32 29 4082174
32 89 4082178
32 58 4082182
32 77 4082187
32 86 4082196
32 31 4082199
32 11 4082206
32 2 4082209
32 74 4082214
32 81 4082215
32 42 4082217
32 84 4082222
32 47 4082227
32 94 4082235
32 9 4082238
32 22 4082240
32 33 4082246
32 57 4082246
32 1 4082252
32 49 4082254
32 82 4082254
32 0 4082261
32 68 4082269
32 71 4082278
33 27 4082281
33 8 4082288
33 66 4082288
33 85 4082294
33 64 4082300
33 92 4082305
33 39 4082312
33 22 4082316
33 67 4082325
33 44 4082325
33 1 4082328
33 69 4082333
33 17 4082342
33 43 4082342
33 5 4082342
33 29 4082342
33 54 4082342
33 79 4082346
33 23 4082347
33 49 4082355
33 7 4082356
33 72 4082358
33 62 4082361
33 56 4082361
33 4 4082364
33 42 4082365
33 96 4082366
33 81 4082370
33 76 4082372
33 25 4082379
33 38 4082385
33 53 4082389
33 75 4082396
33 70 4082403
33 78 4082407
33 35 4082412
33 76 4082415
33 11 4082415
33 36 4082420
33 82 4082424
33 18 4082425
33 31 4082431
33 87 4082438
33 56 4082447
33 42 4082454
33 72 4082460
33 51 4082468
33 77 4082474
33 50 4082482
33 37 4082487
33 8 4082493
33 30 4082493
33 52 4082499
33 44 4082503
33 69 4082509
33 92 4082515
33 26 4082522
33 38 4082525
33 29 4082525
33 80 4082527
33 83 4082527
33 74 4082528
33 48 4082534
33 21 4082535
33 68 4082539
33 19 4082541
33 24 4082541
33 4 4082542
33 49 4082545
33 66 4082553
33 63 4082560
34 33 4082567
34 45 4082571
34 41 4082573
34 92 4082577
34 16 4082585
34 36 4082590
34 90 4082590
34 71 4082598
34 52 4082599
34 0 4082600
34 80 4082609
34 59 4082616
34 18 4082620
34 57 4082623
34 60 4082631
34 14 4082635
34 82 4082636
34 78 4082643
34 4 4082651
34 32 4082659
34 25 4082661
34 54 4082665
34 1 4082673
34 29 4082675
34 12 4082678
34 7 4082679
34 49 4082682
34 43 4082686
34 28 4082689
34 73 4082697
34 96 4082702
34 61 4082710
34 58 4082712
34 50 4082717
34 53 4082726
34 66 4082728
34 2 4082734
34 5 4082743
34 91 4082745
34 76 4082753
34 69 4082761
34 94 4082769
34 63 4082773
34 21 4082776
34 20 4082779
34 17 4082781
34 37 4082790
34 85 4082799
34 67 4082806
34 87 4082811
34 40 4082815
34 53 4082824
34 26 4082825
34 0 4082830
34 73 4082831
34 71 4082839
34 1 4082839
34 15 4082844
34 88 4082849
34 36 4082858
34 55 4082862
34 60 4082865
34 24 4082869
34 87 4082874
34 11 4082876
34 16 4082879
34 51 4082883
34 62 4082884
34 18 4082887
34 47 4082895
34 44 4082898
34 65 4082902
34 39 4082902
34 78 4082905
34 31 4082906
34 54 4082908
34 45 4082909
34 86 4082916
34 27 4082918
34 25 4082925
34 82 4082928
34 30 4082936
34 49 4082936
34 67 4082943
34 84 4082947
34 74 4082949
34 68 4082954
34 21 4082957
34 41 4082960
34 19 4082968
34 77 4082971
34 43 4082976
34 70 4082984
34 29 4082991
34 8 4082994
34 13 4082998
34 14 4083001
34 40 4083010
34 66 4083017
34 9 4083022
34 61 4083025
34 20 4083029
34 69 4083032
34 6 4083037
34 59 4083046
34 46 4083046
34 83 4083053
34 38 4083054
34 3 4083059
35 64 4083067
35 95 4083075
35 13 4083079
35 4 4083088
35 72 4083094
35 71 4083101
35 34 4083107
35 14 4083109
35 50 4083111
35 45 4083111
35 75 4083116
35 22 4083122
35 18 4083126
35 48 4083130
35 70 4083134
35 3 4083137
35 26 4083142
35 85 4083151
35 78 4083157
35 9 4083161
35 74 4083161
35 17 4083169
35 10 4083174
35 90 4083183
35 19 4083190
35 68 4083193
35 0 4083200
35 46 4083201
35 29 4083208
35 88 4083209
35 47 4083211
35 67 4083211
35 57 4083218
35 8 4083224
35 41 4083228
35 1 4083236
35 20 4083245
35 54 4083249
35 23 4083258
35 49 4083266
35 30 4083272
35 96 4083275
35 56 4083284
35 51 4083289
35 42 4083291
35 94 4083299
35 43 4083305
35 93 4083307
35 66 4083312
35 69 4083312
35 39 4083312
35 84 4083321
35 83 4083323
35 67 4083331
35 49 4083331
35 2 4083335
35 95 4083344
35 23 4083346
35 4 4083353
35 26 4083361
35 15 4083370
35 50 4083376
35 96 4083383
35 68 4083383
35 60 4083389
35 12 4083389
35 36 4083395
35 54 4083404
35 56 4083413
35 6 4083413
35 0 4083420
35 10 4083423
35 32 4083426
35 41 4083429
35 20 4083432
35 65 4083433
35 62 4083435
35 33 4083437
35 58 4083444
35 66 4083447
35 21 4083454
35 74 4083461
35 76 4083463
35 85 4083467
35 43 4083470
35 19 4083478
35 57 4083482
35 63 4083485
35 34 4083485
35 86 4083486
35 71 4083486
35 88 4083488
35 13 4083494
35 89 4083502
35 25 4083506
35 31 4083510
35 61 4083519
35 40 4083521
35 92 4083522
35 27 4083526
35 69 4083528
35 87 4083533
35 14 4083535
35 7 4083543
36 58 4083543
36 38 4083551
36 30 4083559
36 28 4083561
36 40 4083563
36 82 4083564
36 1 4083569
36 54 4083573
36 32 4083580
36 19 4083581
36 17 4083588
36 26 4083595
36 47 4083603
36 41 4083611
36 74 4083616
36 4 4083620
36 5 4083627
36 45 4083632
36 51 4083634
36 89 4083637
36 2 4083640
36 37 4083640
36 96 4083648
36 22 4083653
36 94 4083657
36 49 4083657
36 73 4083663
36 1 4083669
36 31 4083672
36 90 4083677
36 6 4083684
36 9 4083689
36 94 4083694
36 76 4083700
36 42 4083709
36 50 4083713
36 26 4083721
36 65 4083723
36 0 4083730
36 89 4083732
36 38 4083740
36 79 4083741
36 14 4083750
36 62 4083753
36 20 4083755
36 10 4083759
36 39 4083766
36 77 4083766
36 63 4083773
36 3 4083782
36 44 4083785
37 83 4083793
37 69 4083798
37 28 4083800
37 50 4083806
37 86 4083807
37 24 4083809
37 46 4083810
37 35 4083811
37 84 4083815
37 55 4083823
37 12 4083825
37 90 4083831
37 21 4083837
37 94 4083837
37 5 4083839
37 64 4083845
37 78 4083848
37 33 4083853
37 26 4083860
37 42 4083869
37 32 4083873
37 87 4083881
37 93 4083889
37 63 4083892
37 52 4083893
37 95 4083893
37 6 4083901
37 60 4083907
37 41 4083913
37 14 4083915
37 39 4083915
37 31 4083924
37 53 4083931
37 91 4083933
37 16 4083938
37 20 4083943
37 70 4083949
37 0 4083952
37 3 4083954
37 85 4083957
37 82 4083964
37 71 4083973
37 74 4083978
37 74 4083980
37 85 4083985
37 59 4083985
37 44 4083989
37 40 4083997
37 76 4084004
37 64 4084012
37 28 4084020
37 83 4084025
37 66 4084030
37 88 4084031
37 62 4084038
37 15 4084038
37 42 4084044
37 50 4084048
37 19 4084057
37 55 4084058
37 71 4084064
37 24 4084071
37 33 4084080
37 61 4084085
37 91 4084091
37 52 4084095
37 47 4084102
37 43 4084111
37 46 4084117
37 54 4084125
37 12 4084127
37 82 4084136
37 7 4084136
37 10 4084144
37 67 4084146
37 73 4084146
37 2 4084154
37 26 4084156
37 29 4084164
37 94 4084169
37 58 4084172
38 5 4084177
38 13 4084177
38 14 4084185
38 1 4084191
38 10 4084197
38 77 4084206
38 27 4084210
38 96 4084213
38 37 4084214
38 0 4084221
38 29 4084226
38 24 4084235
38 56 4084239
38 19 4084244
38 85 4084245
38 52 4084253
38 17 4084262
38 49 4084270
38 42 4084272
38 88 4084279
38 30 4084284
38 63 4084292
38 74 4084299
38 57 4084302
38 18 4084303
38 84 4084305
38 44 4084307
38 79 4084314
38 7 4084319
38 55 4084325
38 8 4084331
38 11 4084339
38 72 4084342
38 93 4084348
38 70 4084356
38 80 4084365
38 51 4084369
38 43 4084372
38 21 4084379
38 20 4084387
38 61 4084389
38 3 4084398
38 45 4084407
38 86 4084415
38 16 4084424
38 2 4084432
38 82 4084440
38 89 4084448
38 28 4084454
38 81 4084456
38 48 4084457
38 95 4084465
38 78 4084473
38 65 4084477
38 64 4084478
38 48 4084478
38 33 4084486
38 73 4084495
38 19 4084501
38 40 4084503
38 46 4084508
38 83 4084517
38 89 4084519
38 18 4084524
38 51 4084533
38 68 4084540
38 35 4084544
38 31 4084544
38 74 4084551
38 56 4084558
38 20 4084563
38 37 4084565
38 66 4084570
38 49 4084573
38 3 4084576
38 86 4084580
38 67 4084582
38 22 4084589
38 75 4084598
38 23 4084600
38 58 4084606
38 24 4084614
38 28 4084616
38 84 4084617
38 57 4084624
38 1 4084624
38 34 4084629
38 93 4084630
38 94 4084633
38 71 4084637
38 59 4084638
38 10 4084641
38 91 4084650
38 13 4084656
38 15 4084656
38 47 4084664
38 12 4084671
38 36 4084674
38 7 4084679
38 25 4084685
38 52 4084692
38 53 4084701
38 72 4084705
38 65 4084710
38 85 4084715
38 2 4084719
38 5 4084720
38 81 4084727
38 90 4084729
38 76 4084736
38 17 4084741
38 70 4084748
38 45 4084749
38 54 4084755
38 27 4084758
38 21 4084762
38 6 4084769
39 12 4084773
39 80 4084781
39 84 4084790
39 73 4084791
39 65 4084799
39 74 4084802
39 68 4084808
39 59 4084816
39 66 4084822
39 6 4084829
39 22 4084832
39 33 4084833
39 32 4084839
39 85 4084847
39 63 4084847
39 93 4084853
39 11 4084862
39 19 4084863
39 25 4084872
39 28 4084874
39 81 4084878
39 53 4084878
39 76 4084883
39 30 4084891
39 42 4084892
39 96 4084892
39 72 4084896
39 44 4084896
39 37 4084905
39 17 4084914
39 52 4084914
39 62 4084919
39 69 4084927
39 0 4084929
39 16 4084931
39 71 4084934
39 64 4084937
39 61 4084938
39 7 4084942
39 94 4084942
39 35 4084942
39 55 4084947
39 26 4084955
39 82 4084962
39 50 4084964
39 90 4084967
39 41 4084972
39 1 4084975
39 36 4084980
39 23 4084988
39 60 4084996
39 40 4084999
39 95 4085006
39 75 4085009
39 14 4085009
39 56 4085013
39 89 4085019
39 21 4085027
39 91 4085035
39 67 4085043
39 48 4085051
39 42 4085057
39 67 4085063
39 0 4085069
39 3 4085073
39 10 4085081
39 54 4085082
39 65 4085085
39 78 4085093
39 24 4085102
39 50 4085109
39 41 4085110
39 7 4085113
39 68 4085113
39 57 4085119
39 56 4085120
39 87 4085128
39 92 4085128
39 85 4085133
39 95 4085138
39 46 4085139
39 64 4085139
39 9 4085140
39 36 4085147
39 11 4085152
39 5 4085155
39 70 4085157
39 94 4085158
39 80 4085161
39 1 4085163
39 73 4085166
39 77 4085174
39 51 4085180
39 13 4085189
39 84 4085196
39 86 4085196
39 66 4085202
39 91 4085207
39 19 4085213
39 12 4085217
39 96 4085224
39 28 4085227
39 60 4085234
39 25 4085242
39 71 4085247
39 49 4085248
39 55 4085252
39 40 4085254
39 22 4085258
39 6 4085263
39 8 4085270
39 43 4085272
39 32 4085274
40 88 4085281
40 59 4085290
40 78 4085290
40 29 4085292
40 21 4085292
40 52 4085296
40 5 4085304
40 18 4085313
40 4 4085319
40 17 4085323
40 15 4085323
40 74 4085325
40 14 4085328
40 96 4085332
40 68 4085333
40 77 4085334
40 44 4085341
40 64 4085350
40 81 4085358
40 89 4085364
40 67 4085367
40 79 4085373
40 38 4085376
40 55 4085384
40 26 4085385
40 37 4085385
40 30 4085393
40 32 4085393
40 3 4085402
40 84 4085407
40 90 4085407
40 57 4085409
40 72 4085416
40 13 4085419
40 95 4085426
40 22 4085432
40 70 4085435
40 35 4085436
40 65 4085436
40 1 4085438
40 61 4085441
40 7 4085450
40 94 4085459
40 36 4085461
40 26 4085467
40 45 4085469
40 62 4085478
40 5 4085480
40 9 4085488
40 86 4085492
40 23 4085495
40 72 4085504
40 76 4085510
40 61 4085515
40 48 4085517
40 20 4085522
40 17 4085525
40 37 4085528
40 75 4085533
40 27 4085542
40 39 4085543
40 51 4085543
40 60 4085545
40 93 4085549
40 95 4085558
40 52 4085560
40 81 4085565
40 0 4085570
40 19 4085574
40 70 4085576
40 2 4085579
40 85 4085581
40 83 4085583
40 25 4085586
40 43 4085586
40 80 4085592
40 78 4085599
40 79 4085601
40 6 4085609
40 21 4085616
40 69 4085623
40 8 4085627
40 57 4085627
40 14 4085633
40 3 4085642
41 89 4085651
41 79 4085658
41 91 4085667
41 70 4085676
41 90 4085676
41 68 4085682
41 28 4085687
41 11 4085691
41 22 4085694
42 70 4085702
42 91 4085707
42 82 4085711
42 87 4085714
42 62 4085719
42 77 4085723
42 88 4085729
42 83 4085735
42 48 4085741
42 66 4085745
42 6 4085752
42 15 4085754
42 23 4085762
42 51 4085764
42 30 4085769
42 84 4085776
42 73 4085782
42 90 4085784
42 78 4085789
42 0 4085797
42 46 4085797
42 2 4085798
42 96 4085804
42 4 4085805
42 31 4085807
42 81 4085808
42 54 4085817
42 57 4085823
42 58 4085831
42 14 4085835
42 93 4085839
42 59 4085843
42 37 4085847
42 32 4085848
42 75 4085849
42 38 4085850
42 57 4085850
42 63 4085858
42 19 4085861
42 92 4085870
42 5 4085879
42 48 4085885
42 37 4085885
42 73 4085892
42 41 4085896
42 11 4085901
42 30 4085906
42 74 4085909
42 22 4085913
42 21 4085917
42 79 4085922
42 32 4085924
42 49 4085931
42 77 4085937
42 43 4085943
42 58 4085944
42 87 4085947
42 33 4085951
42 88 4085953
42 13 4085962
42 56 4085967
42 8 4085969
42 75 4085969
42 60 4085970
42 26 4085978
42 71 4085981
42 17 4085984
42 20 4085990
42 27 4085995
42 46 4086004
42 14 4086009
42 82 4086009
42 68 4086016
42 1 4086020
42 50 4086026
42 65 4086034
43 29 4086035
43 71 4086041
43 33 4086044
43 8 4086050
43 3 4086056
43 80 4086065
43 57 4086073
43 81 4086077
43 44 4086079
43 7 4086088
43 9 4086092
43 12 4086094
43 36 4086094
43 4 4086103
43 64 4086105
43 34 4086109
43 79 4086116
43 25 4086119
43 48 4086123
43 47 4086128
43 75 4086135
43 93 4086140
43 49 4086145
43 67 4086146
43 35 4086148
43 65 4086151
43 51 4086158
43 66 4086164
43 95 4086166
43 13 4086170
43 24 4086174
43 77 4086181
43 90 4086181
43 40 4086187
43 68 4086188
43 42 4086188
43 14 4086191
43 8 4086196
43 90 4086205
43 18 4086208
43 60 4086208
43 67 4086214
43 31 4086221
43 56 4086225
43 41 4086232
43 7 4086233
43 64 4086239
43 71 4086243
43 85 4086248
43 9 4086251
43 3 4086255
43 13 4086260
43 28 4086261
43 32 4086267
43 76 4086271
43 23 4086277
43 74 4086286
43 63 4086286
43 39 4086294
43 94 4086295
43 58 4086304
43 79 4086308
43 84 4086316
43 38 4086319
43 24 4086328
43 19 4086337
43 46 4086345
43 26 4086350
43 62 4086353
43 44 4086362
43 83 4086370
43 14 4086379
43 49 4086382
43 35 4086386
43 75 4086392
44 73 4086396
44 75 4086399
44 60 4086406
44 63 4086413
44 19 4086415
44 54 4086420
44 18 4086427
44 93 4086433
44 41 4086436
44 4 4086441
44 27 4086446
44 8 4086448
44 2 4086454
44 6 4086462
44 10 4086465
44 84 4086465
44 42 4086471
44 9 4086480
44 28 4086484
44 96 4086486
44 95 4086494
44 56 4086498
44 94 4086505
44 74 4086510
44 31 4086517
44 96 4086522
44 54 4086526
44 79 4086532
44 84 4086541
44 64 4086542
44 49 4086550
44 69 4086555
44 33 4086558
44 21 4086563
44 77 4086572
44 10 4086581
44 72 4086581
44 62 4086581
44 89 4086585
44 41 4086585
44 17 4086593
44 94 4086598
44 66 4086603
44 46 4086609
44 80 4086615
44 36 4086622
44 47 4086623
44 74 4086630
45 18 4086630
45 21 4086632
45 91 4086634
45 3 4086640
45 39 4086646
45 29 4086646
45 62 4086655
45 23 4086656
45 96 4086660
45 41 4086664
45 83 4086668
45 22 4086668
45 85 4086675
45 63 4086678
45 5 4086678
45 50 4086681
45 43 4086682
45 47 4086687
45 89 4086688
45 54 4086694
45 84 4086702
45 48 4086707
45 86 4086716
45 31 4086719
45 4 4086723
45 13 4086730
45 10 4086732
45 28 4086735
45 14 4086744
45 20 4086752
45 9 4086752
45 65 4086759
45 16 4086763
45 61 4086770
45 95 4086777
45 34 4086779
45 81 4086783
45 69 4086788
45 88 4086793
45 66 4086798
45 87 4086799
45 24 4086805
45 75 4086807
45 60 4086816
45 89 4086818
45 50 4086822
45 9 4086825
45 28 4086832
45 55 4086833
45 82 4086842
45 32 4086846
45 95 4086851
45 1 4086852
45 18 4086857
45 72 4086857
45 4 4086861
45 49 4086862
45 3 4086870
45 84 4086874
45 2 4086881
45 68 4086886
45 44 4086887
45 41 4086891
45 86 4086897
45 16 4086905
45 48 4086908
45 47 4086915
45 25 4086921
45 71 4086921
45 73 4086926
45 56 4086934
45 19 4086936
45 7 4086942
45 65 4086950
45 42 4086957
45 34 4086964
45 79 4086968
45 88 4086971
45 57 4086978
45 90 4086983
45 59 4086985
45 70 4086991
45 77 4086994
45 5 4086995
46 69 4087003
46 62 4087006
46 76 4087006
46 86 4087015
46 21 4087024
46 0 4087027
46 14 4087028
46 22 4087034
46 64 4087034
46 81 4087043
46 52 4087052
46 73 4087054
46 54 4087060
46 58 4087060
46 33 4087067
46 28 4087067
46 79 4087067
46 85 4087067
46 91 4087068
46 88 4087072
46 36 4087077
46 31 4087077
46 10 4087078
46 8 4087079
47 77 4087087
47 72 4087093
47 9 4087093
47 42 4087101
47 56 4087108
47 61 4087114
47 29 4087114
47 55 4087118
47 58 4087127
47 95 4087128
47 46 4087135
47 3 4087143
47 76 4087152
47 84 4087155
47 67 4087161
47 11 4087167
47 20 4087176
47 49 4087184
47 30 4087190
47 37 4087190
47 18 4087192
47 93 4087195
47 51 4087200
47 74 4087204
47 5 4087205
47 22 4087209
47 40 4087218
47 16 4087224
47 13 4087229
47 26 4087237
47 64 4087238
47 48 4087242
47 19 4087242
47 12 4087251
47 90 4087257
47 96 4087263
47 43 4087269
47 44 4087274
47 83 4087274
47 63 4087274
47 41 4087275
47 80 4087284
47 7 4087286
47 71 4087289
47 60 4087293
47 15 4087293
47 69 4087301
47 1 4087306
47 32 4087307
47 73 4087315
47 86 4087321
47 52 4087330
47 52 4087338
47 63 4087344
47 11 4087350
47 16 4087351
47 71 4087353
47 79 4087357
47 77 4087360
47 32 4087368
47 73 4087371
47 94 4087376
47 88 4087380
47 76 4087388
47 90 4087390
47 40 4087397
47 86 4087403
47 24 4087403
47 31 4087410
47 58 4087419
47 82 4087420
47 96 4087420
47 10 4087427
47 14 4087435
47 74 4087443
47 36 4087443
47 30 4087443
47 75 4087444
47 91 4087449
47 8 4087449
47 80 4087455
47 89 4087456
47 12 4087464
47 21 4087472
47 53 4087481
47 29 4087485
47 68 4087490
47 46 4087492
47 87 4087493
47 7 4087500
47 60 4087501
47 85 4087509
47 42 4087517
47 51 4087517
47 56 4087521
47 6 4087529
47 66 4087535
47 22 4087540
47 28 4087545
47 37 4087551
47 54 4087555
47 70 4087555
47 34 4087559
47 64 4087565
47 67 4087565
47 43 4087565
47 49 4087573
47 23 4087579
47 38 4087579
48 80 4087587
48 57 4087596
48 15 4087596
48 40 4087597
48 13 4087606
48 7 4087613
48 18 4087620
48 17 4087623
48 32 4087627
48 39 4087628
48 1 4087631
48 94 4087634
48 12 4087634
48 19 4087640
48 31 4087647
48 16 4087652
48 95 4087660
48 79 4087664
48 88 4087666
48 41 4087673
48 58 4087681
48 91 4087686
48 49 4087690
48 35 4087694
48 42 4087700
48 3 4087708
48 23 4087712
48 6 4087714
48 64 4087718
48 0 4087726
48 67 4087734
48 33 4087743
48 30 4087745
48 21 4087748
48 43 4087754
48 27 4087763
48 38 4087772
48 74 4087772
48 24 4087778
48 38 4087782
48 49 4087788
48 34 4087788
48 91 4087794
48 58 4087802
48 27 4087809
48 9 4087810
48 39 4087813
48 62 4087815
48 78 4087816
48 96 4087819
48 1 4087828
48 41 4087834
48 21 4087839
48 56 4087846
48 8 4087855
48 12 4087861
48 53 4087861
48 52 4087862
48 3 4087866
48 95 4087866
48 68 4087871
48 64 4087878
48 18 4087884
48 79 4087886
48 46 4087886
48 22 4087892
48 55 4087900
48 76 4087909
48 83 4087918
48 73 4087919
48 77 4087922
48 63 4087928
48 10 4087929
48 42 4087933
48 4 4087938
48 90 4087941
48 5 4087947
48 16 4087947
48 85 4087948
48 33 4087957
49 40 4087959
49 4 4087960
49 28 4087968
49 75 4087977
49 78 4087983
49 87 4087985
49 58 4087991
49 34 4087991
49 90 4087999
49 3 4087999
49 5 4088008
49 86 4088011
49 74 4088017
49 19 4088020
49 32 4088024
49 85 4088031
49 22 4088037
49 77 4088046
49 2 4088049
49 30 4088058
49 88 4088061
49 54 4088067
49 71 4088068
49 79 4088072
49 11 4088074
49 58 4088080
49 42 4088086
49 27 4088094
49 20 4088101
49 67 4088104
49 65 4088108
49 85 4088109
49 87 4088113
49 41 4088122
49 96 4088130
49 80 4088132
49 36 4088133
49 94 4088141
49 5 4088142
49 48 4088149
49 9 4088150
50 20 4088158
50 25 4088164
50 55 4088172
50 8 4088176
50 7 4088176
50 83 4088184
50 78 4088190
50 15 4088195
50 70 4088200
50 80 4088205
50 39 4088209
50 88 4088213
50 1 4088215
50 27 4088220
50 14 4088222
50 2 4088228
50 30 4088235
50 85 4088239
50 62 4088246
50 11 4088248
50 28 4088251
50 43 4088255
50 54 4088264
50 33 4088266
50 37 4088269
50 51 4088275
50 68 4088281
50 87 4088284
50 31 4088287
50 52 4088292
50 41 4088293
50 86 4088296
50 17 4088299
50 81 4088303
50 63 4088304
50 18 4088305
50 22 4088312
50 3 4088313
50 71 4088313
50 77 4088322
50 46 4088322
50 42 4088323
50 95 4088323
50 53 4088328
50 4 4088328
50 67 4088329
50 24 4088330
50 73 4088335
50 35 4088335
50 47 4088341
50 82 4088350
50 12 4088353
50 65 4088356
50 18 4088357
50 88 4088357
50 14 4088366
50 86 4088368
50 23 4088376
50 94 4088381
50 41 4088381
50 29 4088388
50 47 4088388
50 58 4088389
50 74 4088390
50 22 4088393
50 25 4088398
50 43 4088401
50 19 4088402
50 13 4088411
50 79 4088416
50 89 4088422
50 46 4088422
50 87 4088423
50 60 4088432
50 3 4088436
50 2 4088437
50 24 4088446
50 30 4088449
50 66 4088449
50 44 4088455
50 21 4088457
50 55 4088465
50 15 4088473
50 32 4088479
50 28 4088485
50 84 4088490
50 51 4088495
50 5 4088496
50 71 4088502
50 61 4088510
50 82 4088518
50 53 4088527
50 8 4088531
50 64 4088534
50 68 4088541
50 40 4088544
50 76 4088548
50 48 4088549
50 6 4088555
50 17 4088559
50 54 4088562
50 11 4088566
51 69 4088569
51 57 4088572
51 63 4088576
51 5 4088580
51 35 4088583
51 93 4088586
51 18 4088591
51 46 4088600
51 8 4088603
51 61 4088605
51 62 4088610
51 30 4088613
51 81 4088621
51 90 4088622
51 26 4088624
51 89 4088628
51 71 4088630
51 41 4088633
51 14 4088642
51 68 4088642
51 31 4088644
51 0 4088653
51 82 4088660
51 80 4088662
51 25 4088664
51 79 4088670
51 55 4088676
51 49 4088685
51 88 4088694
51 11 4088698
51 19 4088707
51 37 4088711
51 6 4088716
51 72 4088723
51 13 4088731
51 95 4088740
51 39 4088749
51 84 4088754
51 74 4088756
51 40 4088765
51 48 4088766
51 53 4088774
51 10 4088774
51 77 4088778
51 3 4088779
51 76 4088785
51 47 4088786
51 32 4088793
51 29 4088793
51 12 4088801
51 83 4088803
51 56 4088809
51 15 4088815
51 60 4088820
51 59 4088828
51 9 4088832
51 1 4088839
51 22 4088847
51 6 4088848
51 85 4088852
51 52 4088854
51 71 4088858
51 79 4088865
51 53 4088874
51 16 4088880
51 47 4088884
51 57 4088889
51 37 4088891
51 50 4088900
51 73 4088909
51 30 4088910
51 69 4088912
51 86 4088915
51 75 4088924
51 66 4088924
51 72 4088927
51 54 4088934
51 11 4088939
51 76 4088940
51 26 4088946
51 17 4088952
51 8 4088958
51 1 4088965
51 83 4088967
51 15 4088968
51 65 4088970
51 43 4088978
51 29 4088979
51 55 4088982
51 64 4088991
51 12 4088996
51 60 4088999
51 63 4089005
51 40 4089013
51 0 4089016
51 48 4089017
51 49 4089018
51 2 4089018
51 20 4089026
51 44 4089030
51 19 4089035
51 95 4089041
51 70 4089047
51 87 4089054
51 23 4089057
51 84 4089065
51 28 4089073
51 10 4089073
51 90 4089074
51 36 4089077
51 74 4089083
51 4 4089088
51 3 4089089
51 94 4089097
51 13 4089106
51 80 4089108
51 42 4089108
51 61 4089108
51 62 4089112
52 32 4089119
52 9 4089126
53 71 4089135
53 35 4089138
53 86 4089139
53 12 4089146
53 59 4089150
53 33 4089159
53 62 4089164
53 0 4089167
53 11 4089167
53 21 4089175
53 5 4089183
53 19 4089187
53 83 4089194
53 65 4089200
53 63 4089205
53 1 4089205
53 41 4089214
53 57 4089221
53 6 4089221
53 73 4089222
53 74 4089226
53 95 4089228
53 55 4089235
53 24 4089238
53 87 4089245
53 89 4089247
53 40 4089248
53 9 4089252
53 84 4089256
53 44 4089257
53 37 4089257
53 4 4089264
53 88 4089265
53 72 4089269
53 91 4089272
53 23 4089273
53 80 4089279
53 69 4089287
53 10 4089294
53 75 4089303
53 79 4089303
53 93 4089303
53 32 4089312
53 22 4089316
53 38 4089316
53 92 4089317
53 46 4089317
53 60 4089323
53 3 4089324
53 47 4089326
53 13 4089327
53 29 4089332
53 68 4089337
53 17 4089340
53 7 4089340
53 16 4089340
53 48 4089347
53 4 4089347
53 93 4089353
53 23 4089359
53 89 4089365
53 58 4089371
53 74 4089373
53 10 4089377
53 44 4089382
53 47 4089383
53 90 4089386
53 43 4089395
53 11 4089401
53 27 4089408
53 45 4089417
53 19 4089425
53 26 4089427
53 9 4089429
53 78 4089438
53 71 4089446
53 54 4089453
53 81 4089462
53 13 4089467
53 34 4089470
53 66 4089470
53 91 4089475
53 84 4089480
53 30 4089487
53 63 4089489
53 72 4089492
53 32 4089496
53 0 4089503
53 42 4089507
53 2 4089512
53 18 4089521
53 6 4089529
53 85 4089529
53 24 4089532
53 8 4089533
53 69 4089541
53 51 4089542
53 31 4089551
53 49 4089551
53 57 4089555
53 40 4089563
53 79 4089570
53 39 4089573
53 64 4089580
53 77 4089586
53 36 4089586
53 12 4089592
53 80 4089596
53 83 4089598
53 28 4089600
53 62 4089602
53 29 4089611
53 86 4089615
53 68 4089620
53 70 4089628
53 41 4089636
53 48 4089645
53 25 4089652
53 61 4089652
54 82 4089655
54 72 4089661
54 39 4089669
54 56 4089678
54 28 4089682
54 74 4089684
54 14 4089686
54 4 4089687
54 79 4089692
54 62 4089696
54 66 4089703
54 23 4089710
54 51 4089718
54 89 4089722
54 68 4089724
54 41 4089730
54 73 4089735
54 53 4089744
54 59 4089746
54 47 4089746
54 35 4089749
54 52 4089755
54 21 4089757
54 13 4089762
54 38 4089764
54 70 4089770
54 76 4089772
54 59 4089773
54 27 4089776
54 67 4089784
54 71 4089792
54 33 4089798
54 11 4089804
54 52 4089808
54 80 4089815
54 62 4089815
54 87 4089815
54 5 4089816
54 72 4089817
54 86 4089820
54 66 4089829
54 22 4089830
54 43 4089830
54 29 4089831
54 68 4089833
54 9 4089842
55 43 4089848
55 49 4089852
55 9 4089852
55 57 4089859
55 59 4089868
55 20 4089876
55 51 4089883
55 40 4089885
55 22 4089891
55 86 4089899
55 26 4089903
55 47 4089903
55 14 4089903
55 10 4089903
55 33 4089908
55 25 4089908
55 65 4089911
55 85 4089919
55 95 4089920
55 12 4089921
55 31 4089923
55 40 4089924
55 18 4089930
55 27 4089933
55 88 4089938
55 78 4089945
55 73 4089949
55 85 4089957
55 51 4089964
55 0 4089965
55 75 4089973
55 79 4089973
55 72 4089974
55 67 4089980
55 80 4089989
55 44 4089995
55 25 4089998
55 76 4090002
55 49 4090009
56 23 4090014
56 48 4090022
56 40 4090029
56 67 4090033
56 95 4090033
56 30 4090034
56 85 4090042
56 13 4090045
57 26 4090052
57 62 4090058
57 91 4090059
57 22 4090067
57 80 4090068
57 32 4090068
57 33 4090077
57 76 4090084
57 1 4090087
57 49 4090090
58 78 4090094
58 25 4090100
58 36 4090102
58 37 4090103
58 41 4090112
58 96 4090118
58 2 4090124
58 90 4090133
58 73 4090135
58 85 4090135
58 21 4090144
58 35 4090148
58 31 4090153
58 20 4090155
58 81 4090160
58 40 4090163
58 52 4090168
58 94 4090176
58 46 4090181
58 12 4090185
58 28 4090192
58 11 4090193
58 30 4090202
58 10 4090206
58 57 4090215
58 70 4090224
58 4 4090232
58 91 4090241
58 54 4090247
58 18 4090255
58 56 4090261
58 68 4090264
58 72 4090265
58 3 4090273
58 63 4090278
58 82 4090280
58 32 4090280
58 39 4090283
58 14 4090284
58 1 4090292
58 50 4090294
58 38 4090303
58 71 4090303
58 9 4090304
58 89 4090312
58 26 4090314
58 29 4090323
58 79 4090329
58 61 4090333
58 55 4090339
58 92 4090344
58 27 4090349
58 53 4090350
58 84 4090356
58 86 4090362
58 80 4090364
58 75 4090367
58 8 4090367
58 62 4090375
58 70 4090376
58 36 4090382
58 7 4090386
58 2 4090387
58 95 4090395
58 86 4090400
58 90 4090403
58 87 4090410
58 39 4090413
58 77 4090419
58 24 4090419
58 12 4090427
58 42 4090428
58 38 4090437
58 15 4090443
58 23 4090444
58 25 4090446
58 68 4090446
58 37 4090446
58 30 4090451
58 84 4090453
58 66 4090461
58 27 4090468
58 4 4090471
58 34 4090471
58 50 4090471
58 33 4090473
58 32 4090479
58 63 4090481
58 0 4090489
58 46 4090494
58 17 4090494
58 54 4090498
58 85 4090505
58 9 4090508
58 55 4090517
58 45 4090526
58 57 4090527
58 29 4090528
58 26 4090536
58 75 4090536
58 35 4090540
58 65 4090541
58 6 4090548
58 80 4090550
58 56 4090553
58 13 4090562
58 83 4090565
58 43 4090565
58 91 4090571
58 67 4090574
58 5 4090574
58 82 4090579
58 11 4090581
58 69 4090583
58 8 4090583
58 81 4090584
58 10 4090589
58 1 4090596
58 72 4090596
58 60 4090600
58 40 4090604
59 86 4090613
59 83 4090619
59 13 4090621
59 28 4090622
59 91 4090623
59 44 4090632
59 37 4090641
59 66 4090643
59 45 4090650
59 81 4090655
59 10 4090655
59 21 4090659
59 9 4090665
59 62 4090665
59 8 4090667
59 25 4090676
59 30 4090679
59 6 4090688
59 41 4090691
59 89 4090700
59 70 4090706
59 79 4090706
59 29 4090706
59 5 4090709
59 27 4090718
59 48 4090718
59 67 4090721
59 3 4090727
59 72 4090736
59 65 4090743
59 53 4090743
59 31 4090752
59 32 4090760
59 73 4090768
59 20 4090772
59 80 4090777
59 12 4090781
59 52 4090785
59 34 4090790
59 35 4090790
59 75 4090796
59 55 4090801
59 92 4090801
59 74 4090801
59 78 4090806
59 47 4090809
59 60 4090816
59 33 4090819
59 95 4090822
59 42 4090831
59 0 4090837
59 15 4090843
59 57 4090843
59 22 4090851
59 34 4090859
59 84 4090859
59 11 4090863
59 77 4090871
59 14 4090879
59 53 4090885
59 90 4090893
59 94 4090898
59 26 4090899
59 51 4090906
59 79 4090911
59 2 4090919
59 21 4090919
59 30 4090928
59 16 4090929
59 88 4090933
59 13 4090942
59 92 4090949
59 64 4090956
59 65 4090965
59 3 4090970
59 85 4090977
59 54 4090982
59 56 4090989
59 7 4090993
59 71 4090996
59 36 4091000
59 42 4091006
59 33 4091008
59 44 4091014
59 62 4091023
59 43 4091031
59 32 4091036
59 76 4091040
59 0 4091044
59 49 4091051
59 29 4091060
59 67 4091066
59 9 4091067
59 91 4091072
59 39 4091073
59 5 4091076
59 31 4091082
59 70 4091088
59 55 4091089
59 81 4091093
59 6 4091096
59 60 4091102
59 23 4091102
59 25 4091110
59 37 4091116
59 8 4091123
59 68 4091126
59 1 4091134
59 24 4091134
59 86 4091143
60 47 4091143
60 51 4091145
60 14 4091145
60 85 4091147
60 81 4091156
60 41 4091162
60 72 4091163
60 95 4091165
60 25 4091174
60 89 4091177
60 56 4091177
60 62 4091178
60 86 4091181
60 57 4091186
60 54 4091188
60 78 4091191
60 20 4091195
60 42 4091196
60 26 4091196
60 53 4091200
60 94 4091207
60 0 4091215
60 74 4091219
60 36 4091220
60 43 4091223
60 59 4091223
60 38 4091228
60 63 4091230
60 49 4091236
60 32 4091238
60 5 4091242
60 15 4091247
60 44 4091255
60 21 4091262
60 64 4091268
60 2 4091270
60 69 4091273
60 4 4091281
60 71 4091282
60 75 4091290
60 27 4091294
60 96 4091297
60 16 4091304
60 65 4091310
60 46 4091319
60 6 4091326
60 40 4091329
60 17 4091335
60 76 4091335
60 92 4091338
60 66 4091344
60 83 4091353
60 12 4091358
60 24 4091366
60 68 4091373
60 55 4091381
60 50 4091387
60 67 4091389
60 18 4091392
60 13 4091400
60 35 4091404
60 22 4091409
60 88 4091412
60 82 4091413
60 84 4091419
60 88 4091424
60 59 4091427
60 85 4091434
60 90 4091434
60 4 4091441
60 54 4091450
60 12 4091450
60 6 4091450
60 33 4091459
60 70 4091464
60 94 4091466
60 61 4091472
60 67 4091476
60 9 4091480
60 13 4091486
60 41 4091490
60 86 4091493
60 77 4091495
60 71 4091503
60 0 4091509
60 69 4091512
60 75 4091521
60 79 4091525
60 10 4091533
60 39 4091538
60 18 4091538
60 51 4091543
60 76 4091552
60 8 4091557
60 44 4091562
60 21 4091563
60 3 4091568
60 68 4091572
60 72 4091573
60 22 4091577
60 50 4091583
60 74 4091588
60 56 4091589
60 78 4091590
60 48 4091595
60 29 4091595
60 36 4091596
60 25 4091601
60 34 4091602
60 82 4091608
60 81 4091611
60 20 4091620
60 47 4091620
60 37 4091629
60 87 4091630
60 46 4091630
60 43 4091637
60 19 4091644
60 66 4091647
60 53 4091654
60 16 4091662
60 24 4091662
60 40 4091666
60 45 4091673
60 80 4091681
60 49 4091684
60 57 4091690
61 71 4091696
61 20 4091701
61 41 4091702
61 88 4091705
61 10 4091706
61 35 4091714
61 12 4091718
61 9 4091727
61 14 4091732
61 46 4091739
61 94 4091741
61 90 4091743
61 38 4091747
61 95 4091747
61 87 4091753
61 39 4091759
61 64 4091765
61 84 4091774
61 40 4091781
61 25 4091789
61 7 4091794
61 5 4091802
61 23 4091807
61 21 4091813
61 54 4091813
61 68 4091818
61 19 4091820
61 79 4091822
61 2 4091830
61 67 4091839
61 26 4091846
61 17 4091854
61 46 4091861
61 42 4091861
61 79 4091869
61 66 4091869
61 31 4091872
61 89 4091873
61 19 4091881
61 21 4091881
61 51 4091883
61 13 4091883
61 22 4091887
61 36 4091891
61 4 4091894
61 50 4091897
61 6 4091904
61 8 4091908
61 90 4091917
61 75 4091921
61 44 4091922
61 32 4091923
61 74 4091925
61 2 4091927
61 80 4091931
61 56 4091931
61 57 4091936
61 20 4091941
61 24 4091941
61 86 4091945
61 68 4091949
61 85 4091951
61 94 4091957
61 41 4091966
61 76 4091971
61 62 4091977
62 1 4091978
62 35 4091979
62 83 4091984
62 52 4091988
62 10 4091995
62 6 4091999
62 25 4092008
62 19 4092011
62 40 4092012
62 42 4092021
62 47 4092025
62 73 4092028
62 95 4092029
62 89 4092035
62 78 4092041
62 43 4092050
62 37 4092053
62 90 4092058
62 8 4092063
62 7 4092065
62 77 4092070
62 34 4092074
62 29 4092080
62 54 4092088
62 4 4092089
62 65 4092096
62 70 4092105
62 85 4092106
62 39 4092108
62 59 4092114
62 27 4092118
62 14 4092123
62 48 4092125
62 88 4092133
62 56 4092137
62 13 4092143
62 17 4092150
62 79 4092150
62 67 4092153
62 57 4092157
62 93 4092163
62 51 4092172
62 20 4092173
62 21 4092177
62 87 4092185
62 96 4092185
62 68 4092189
62 94 4092194
62 18 4092197
62 31 4092202
62 63 4092206
62 41 4092214
62 61 4092218
62 15 4092226
62 64 4092226
62 35 4092226
62 5 4092230
62 59 4092234
62 32 4092238
62 3 4092240
62 13 4092245
62 36 4092254
62 70 4092256
62 77 4092258
62 47 4092266
62 41 4092268
62 14 4092273
62 88 4092273
62 55 4092273
62 95 4092277
62 33 4092286
62 89 4092286
62 74 4092295
62 7 4092295
62 0 4092304
62 76 4092305
62 38 4092305
62 19 4092308
62 40 4092308
62 73 4092316
62 21 4092319
62 50 4092323
62 96 4092329
62 87 4092330
62 9 4092330
62 37 4092331
62 67 4092332
62 20 4092332
62 17 4092341
62 57 4092348
62 68 4092349
62 81 4092349
62 31 4092353
62 75 4092356
62 8 4092361
62 29 4092361
62 61 4092361
62 22 4092363
62 90 4092366
62 66 4092369
62 12 4092378
62 27 4092379
62 11 4092382
62 86 4092390
62 85 4092391
63 87 4092397
63 3 4092404
63 30 4092405
63 56 4092413
63 50 4092419
63 71 4092422
63 72 4092425
63 40 4092434
63 70 4092436
63 32 4092442
63 13 4092448
63 45 4092450
63 28 4092454
63 21 4092461
63 89 4092466
63 61 4092466
63 96 4092469
63 92 4092476
63 6 4092483
63 39 4092486
63 19 4092492
63 17 4092495
63 35 4092502
63 2 4092506
63 94 4092510
63 57 4092512
63 23 4092515
63 51 4092523
63 54 4092527
63 48 4092533
63 8 4092542
63 67 4092551
63 79 4092552
63 16 4092556
63 84 4092561
63 62 4092567
63 64 4092573
63 5 4092573
63 82 4092581
63 37 4092589
63 55 4092594
63 0 4092603
63 75 4092607
63 83 4092612
63 88 4092614
63 93 4092620
63 44 4092620
63 12 4092629
63 73 4092632
63 31 4092632
63 52 4092638
63 78 4092638
63 27 4092639
63 33 4092640
63 7 4092649
63 20 4092650
63 49 4092654
63 80 4092658
63 18 4092663
63 41 4092665
63 4 4092674
63 34 4092681
63 60 4092686
63 43 4092695
63 68 4092695
63 49 4092698
63 0 4092699
63 2 4092704
63 85 4092705
63 74 4092710
63 72 4092717
63 26 4092717
63 10 4092720
63 12 4092721
63 36 4092728
63 95 4092731
63 37 4092736
63 60 4092742
63 62 4092751
63 9 4092757
63 80 4092761
63 7 4092762
63 33 4092770
63 67 4092777
63 64 4092786
63 19 4092790
63 92 4092793
63 84 4092797
63 82 4092806
63 39 4092807
63 71 4092807
63 94 4092813
63 96 4092822
63 40 4092822
63 90 4092830
63 43 4092836
63 76 4092841
63 18 4092843
63 89 4092846
63 3 4092850
63 6 4092850
63 75 4092850
63 13 4092852
63 65 4092860
63 24 4092863
63 70 4092868
63 16 4092870
63 34 4092875
63 68 4092876
63 87 4092876
63 11 4092878
63 47 4092886
63 4 4092888
63 91 4092894
63 42 4092894
63 78 4092900
63 83 4092901
63 73 4092902
63 44 4092906
63 86 4092908
63 79 4092914
63 14 4092917
63 51 4092921
63 38 4092928
63 88 4092936
63 69 4092944
63 1 4092948
64 61 4092951
64 65 4092953
64 30 4092955
64 86 4092961
64 55 4092961
64 91 4092966
64 85 4092966
64 3 4092971
64 50 4092976
64 49 4092985
64 28 4092986
64 23 4092989
64 59 4092990
64 58 4092999
64 20 4093002
64 40 4093007
64 43 4093014
64 13 4093021
64 71 4093024
64 11 4093025
64 31 4093028
64 45 4093030
64 70 4093035
64 17 4093044
64 66 4093053
64 16 4093060
64 39 4093061
64 22 4093062
64 94 4093066
64 52 4093071
64 73 4093077
64 54 4093080
64 15 4093088
64 42 4093088
64 4 4093096
64 88 4093098
64 32 4093101
64 93 4093103
64 69 4093104
64 78 4093113
64 56 4093115
64 12 4093120
64 9 4093120
64 63 4093129
64 47 4093130
64 24 4093137
64 90 4093139
64 36 4093143
64 1 4093144
64 21 4093145
64 87 4093153
64 89 4093159
64 62 4093167
64 79 4093171
64 14 4093177
64 80 4093185
64 84 4093189
64 77 4093196
64 74 4093196
64 10 4093197
64 0 4093200
64 76 4093200
64 32 4093208
64 25 4093211
64 19 4093217
64 69 4093225
64 13 4093234
64 26 4093240
64 23 4093244
64 79 4093251
64 56 4093259
64 5 4093259
64 51 4093261
64 91 4093266
64 30 4093270
64 21 4093275
64 27 4093284
64 45 4093290
64 93 4093292
64 15 4093300
64 0 4093302
64 14 4093310
64 35 4093316
64 71 4093318
64 8 4093321
64 42 4093322
64 66 4093325
64 77 4093326
64 72 4093333
64 86 4093338
64 58 4093347
64 84 4093355
64 17 4093364
64 33 4093369
64 88 4093375
64 34 4093378
64 52 4093379
64 54 4093387
64 39 4093389
64 96 4093390
64 83 4093399
64 4 4093402
64 6 4093411
64 11 4093415
64 28 4093420
64 50 4093420
64 90 4093429
64 24 4093429
64 10 4093432
64 43 4093440
64 82 4093440
64 60 4093443
64 87 4093450
64 92 4093452
64 63 4093453
64 36 4093455
64 22 4093461
65 44 4093466
65 94 4093475
65 59 4093482
65 16 4093483
65 13 4093488
65 47 4093489
65 56 4093494
65 32 4093501
65 48 4093508
65 9 4093516
65 17 4093519
65 39 4093519
65 72 4093522
65 58 4093522
65 74 4093526
65 4 4093535
65 73 4093543
65 75 4093549
65 54 4093550
65 8 4093551
65 55 4093557
65 14 4093558
65 25 4093564
65 3 4093570
65 18 4093570
65 43 4093575
65 49 4093575
65 77 4093577
65 79 4093578
65 30 4093582
65 5 4093587
65 64 4093596
65 23 4093605
65 96 4093614
65 12 4093614
65 11 4093623
65 76 4093628
65 53 4093630
65 37 4093637
65 36 4093645
65 2 4093646
65 50 4093652
65 86 4093653
65 31 4093655
65 28 4093660
65 57 4093664
65 92 4093666
65 38 4093668
65 15 4093674
65 87 4093678
65 41 4093679
65 34 4093684
65 84 4093688
65 77 4093694
65 59 4093695
65 89 4093702
65 27 4093707
65 11 4093711
65 20 4093712
65 34 4093713
65 10 4093721
65 69 4093725
65 63 4093732
65 30 4093736
65 45 4093736
65 41 4093743
65 82 4093748
65 38 4093754
65 78 4093755
65 70 4093762
65 28 4093765
65 33 4093765
65 58 4093774
65 42 4093777
65 52 4093780
65 14 4093788
65 84 4093795
65 29 4093796
65 74 4093799
65 13 4093808
65 1 4093817
65 7 4093819
65 93 4093827
65 17 4093831
65 75 4093831
65 49 4093839
65 50 4093845
65 92 4093846
65 71 4093853
65 88 4093853
65 9 4093862
65 40 4093866
65 72 4093872
65 18 4093875
65 39 4093879
65 51 4093881
65 54 4093883
65 31 4093886
65 57 4093892
65 43 4093901
65 25 4093904
65 24 4093911
65 32 4093913
65 56 4093915
65 16 4093915
66 57 4093916
66 68 4093923
66 53 4093930
66 4 4093932
66 80 4093935
67 27 4093937
67 81 4093942
67 84 4093946
67 95 4093951
67 75 4093957
67 49 4093958
67 93 4093962
67 14 4093971
67 25 4093975
67 63 4093978
67 30 4093982
67 31 4093989
67 15 4093998
67 8 4094007
67 26 4094014
67 91 4094018
67 38 4094020
67 76 4094022
67 90 4094023
67 2 4094031
67 19 4094035
67 20 4094040
67 57 4094048
67 47 4094052
67 79 4094053
67 72 4094057
67 11 4094061
67 36 4094069
67 18 4094077
67 48 4094085
67 39 4094088
67 45 4094088
67 80 4094088
67 3 4094095
67 44 4094095
67 34 4094098
67 6 4094107
67 89 4094107
67 41 4094115
67 19 4094122
67 58 4094129
67 10 4094137
67 93 4094138
67 85 4094143
67 45 4094148
67 82 4094153
67 89 4094156
67 7 4094164
67 61 4094166
67 29 4094171
67 49 4094177
67 1 4094177
67 96 4094185
67 27 4094186
67 28 4094194
67 59 4094201
67 65 4094203
67 75 4094212
67 74 4094213
67 68 4094218
67 17 4094218
67 30 4094218
67 83 4094218
67 21 4094220
67 39 4094228
67 70 4094234
67 5 4094238
67 56 4094245
67 22 4094251
67 94 4094251
67 73 4094257
67 66 4094263
67 62 4094265
67 43 4094271
67 55 4094271
67 31 4094276
67 72 4094277
67 32 4094284
67 60 4094286
67 34 4094292
68 87 4094294
68 64 4094294
68 13 4094298
68 55 4094304
68 1 4094311
68 86 4094319
68 48 4094326
68 43 4094333
68 35 4094341
68 33 4094343
68 69 4094344
68 26 4094350
68 28 4094359
68 95 4094368
68 65 4094369
68 66 4094371
68 63 4094379
68 24 4094385
68 79 4094389
68 70 4094390
68 85 4094394
68 25 4094395
68 92 4094396
68 90 4094398
68 91 4094406
68 41 4094410
68 73 4094412
68 78 4094412
68 11 4094417
68 31 4094418
68 14 4094424
68 83 4094426
68 56 4094431
68 29 4094439
68 67 4094442
68 61 4094443
68 18 4094443
68 7 4094451
68 84 4094452
68 38 4094456
68 22 4094464
68 46 4094465
68 53 4094468
68 4 4094476
68 17 4094479
68 91 4094488
68 87 4094492
68 26 4094496
68 38 4094501
68 18 4094504
68 73 4094509
68 37 4094512
68 4 4094521
68 7 4094528
68 84 4094536
68 77 4094542
68 57 4094547
68 61 4094556
68 85 4094557
68 1 4094559
68 2 4094568
68 20 4094575
68 69 4094578
68 72 4094580
68 32 4094586
68 10 4094592
68 59 4094595
68 93 4094599
68 52 4094607
68 21 4094613
68 12 4094616
68 23 4094619
68 6 4094622
68 40 4094623
68 11 4094629
68 31 4094630
68 3 4094637
68 25 4094643
68 66 4094645
68 83 4094653
68 67 4094660
68 5 4094669
68 90 4094676
68 8 4094684
68 48 4094685
68 55 4094689
68 33 4094694
68 74 4094703
68 36 4094711
68 16 4094715
70 48 4094717
70 9 4094720
70 85 4094723
70 12 4094724
70 30 4094726
70 15 4094727
70 56 4094734
70 78 4094736
70 71 4094738
70 66 4094742
70 41 4094745
70 54 4094749
70 84 4094749
70 14 4094756
70 3 4094759
70 45 4094759
70 46 4094765
70 36 4094773
70 13 4094773
70 74 4094779
70 33 4094784
70 0 4094787
70 81 4094792
70 35 4094798
70 37 4094803
70 75 4094806
70 69 4094806
70 6 4094809
70 89 4094809
70 28 4094816
70 18 4094824
70 61 4094824
70 95 4094824
70 26 4094825
70 69 4094825
70 7 4094831
70 36 4094837
70 56 4094838
70 45 4094839
70 71 4094839
70 83 4094843
70 65 4094851
70 4 4094854
70 16 4094854
70 5 4094854
70 72 4094856
70 50 4094857
70 1 4094859
70 95 4094862
70 29 4094862
70 87 4094862
70 44 4094866
70 35 4094874
70 91 4094881
70 27 4094888
70 92 4094896
70 42 4094901
70 51 4094907
70 8 4094910
70 89 4094910
70 43 4094915
70 40 4094923
70 41 4094928
70 15 4094936
70 90 4094940
71 74 4094941
71 25 4094941
71 18 4094945
71 6 4094945
71 96 4094949
71 43 4094949
71 21 4094958
71 46 4094960
71 82 4094962
71 90 4094962
71 62 4094969
71 76 4094972
71 66 4094972
71 72 4094973
71 51 4094977
71 29 4094982
71 63 4094989
71 22 4094998
71 14 4095001
71 80 4095006
71 87 4095009
71 27 4095017
71 3 4095021
71 89 4095029
71 73 4095034
71 86 4095037
71 17 4095037
71 23 4095040
71 42 4095043
71 30 4095048
71 68 4095055
71 7 4095062
71 19 4095069
71 10 4095072
71 26 4095073
71 52 4095078
71 49 4095081
71 88 4095082
71 78 4095087
71 33 4095095
71 5 4095097
71 38 4095097
71 32 4095098
71 83 4095099
71 20 4095107
71 31 4095112
71 39 4095118
71 91 4095123
71 54 4095132
71 79 4095137
71 53 4095143
71 24 4095144
71 55 4095151
71 50 4095158
71 75 4095167
71 33 4095176
71 5 4095178
71 6 4095185
71 64 4095188
71 55 4095194
71 67 4095196
71 20 4095202
71 66 4095204
71 88 4095213
71 69 4095213
71 22 4095221
71 40 4095226
71 57 4095231
71 1 4095235
71 12 4095236
71 13 4095243
71 14 4095249
71 28 4095249
71 68 4095250
71 38 4095256
71 30 4095262
71 75 4095266
71 86 4095270
71 87 4095278
71 59 4095278
71 19 4095284
71 2 4095287
71 27 4095294
71 31 4095296
71 60 4095299
71 23 4095305
71 11 4095306
71 4 4095308
71 47 4095312
71 9 4095321
71 74 4095324
71 89 4095327
71 3 4095336
71 82 4095340
71 90 4095341
71 52 4095350
71 53 4095350
71 63 4095353
71 45 4095355
71 24 4095362
71 15 4095362
71 96 4095367
71 78 4095374
71 26 4095374
71 32 4095375
71 56 4095379
71 77 4095381
71 73 4095386
71 85 4095387
71 10 4095389
71 43 4095390
71 70 4095390
71 34 4095398
71 25 4095406
72 51 4095406
72 83 4095409
72 39 4095414
72 18 4095418
72 2 4095427
72 10 4095431
72 49 4095435
72 16 4095439
72 82 4095442
72 14 4095447
72 17 4095452
72 33 4095458
72 36 4095462
72 60 4095462
72 1 4095466
72 47 4095470
72 32 4095470
72 35 4095479
72 45 4095487
72 89 4095487
72 87 4095487
72 43 4095494
72 75 4095496
72 63 4095502
72 22 4095502
72 86 4095511
72 24 4095514
72 28 4095523
72 21 4095532
72 68 4095536
72 96 4095538
72 34 4095538
72 5 4095539
72 53 4095543
72 44 4095546
72 29 4095555
72 46 4095561
72 20 4095567
72 48 4095567
72 26 4095569
72 62 4095575
72 70 4095580
72 80 4095586
72 27 4095586
72 90 4095586
72 73 4095588
72 0 4095597
72 77 4095604
72 95 4095611
72 74 4095620
72 94 4095621
72 69 4095622
72 25 4095623
72 84 4095630
72 30 4095636
72 38 4095644
72 83 4095649
72 32 4095657
72 49 4095662
72 90 4095665
72 44 4095674
72 5 4095682
72 89 4095689
72 74 4095698
72 70 4095700
72 12 4095700
72 64 4095702
72 53 4095707
72 33 4095707
72 20 4095710
72 21 4095718
72 85 4095724
72 73 4095730
72 92 4095739
72 62 4095741
72 41 4095746
72 68 4095753
72 35 4095755
72 94 4095763
72 18 4095770
72 39 4095772
72 27 4095780
72 0 4095786
72 66 4095787
72 58 4095788
72 91 4095795
72 11 4095799
72 40 4095804
72 16 4095807
72 42 4095808
72 50 4095814
72 96 4095822
72 81 4095829
72 87 4095835
72 34 4095842
72 9 4095843
72 29 4095852
72 76 4095853
72 88 4095853
72 26 4095861
72 82 4095861
72 17 4095868
72 52 4095871
72 51 4095874
72 2 4095874
72 36 4095874
72 13 4095882
72 30 4095890
72 61 4095899
72 45 4095905
72 78 4095914
72 14 4095923
73 93 4095923
73 21 4095932
73 78 4095939
73 30 4095943
73 68 4095947
73 75 4095953
73 45 4095961
73 71 4095969
73 56 4095976
73 41 4095983
73 20 4095987
73 47 4095991
73 91 4096000
73 35 4096000
73 67 4096004
73 49 4096007
73 3 4096010
73 0 4096012
73 92 4096020
73 80 4096029
73 7 4096034
73 79 4096037
73 51 4096039
73 16 4096047
73 95 4096054
73 83 4096060
73 38 4096067
73 12 4096068
73 50 4096073
73 62 4096081
73 31 4096081
73 22 4096090
73 5 4096090
73 56 4096091
74 15 4096095
74 56 4096097
74 40 4096106
74 7 4096106
74 11 4096112
74 57 4096112
74 52 4096117
74 39 4096120
74 73 4096128
74 78 4096133
74 42 4096140
74 43 4096146
74 8 4096153
74 20 4096160
74 87 4096168
74 90 4096176
74 80 4096178
74 64 4096186
74 72 4096189
74 35 4096195
74 45 4096204
74 95 4096211
74 36 4096217
74 51 4096225
74 9 4096225
74 4 4096229
74 66 4096232
74 91 4096237
74 54 4096238
74 79 4096240
74 76 4096244
74 1 4096252
74 89 4096252
74 63 4096256
74 93 4096260
74 60 4096264
74 22 4096265
74 25 4096274
74 85 4096281
74 92 4096282
74 49 4096286
74 48 4096292
74 24 4096299
74 2 4096307
74 37 4096316
74 82 4096321
74 29 4096324
74 86 4096331
74 34 4096331
74 94 4096335
74 39 4096339
74 31 4096341
74 7 4096347
74 87 4096349
74 86 4096357
74 76 4096363
74 85 4096370
74 19 4096373
74 21 4096376
74 54 4096379
74 0 4096383
74 67 4096385
74 88 4096391
74 49 4096391
74 23 4096392
74 30 4096395
74 2 4096400
74 59 4096401
74 48 4096402
74 9 4096410
74 63 4096414
74 80 4096420
74 66 4096429
74 32 4096433
74 95 4096434
74 69 4096442
74 62 4096443
74 14 4096446
74 37 4096451
74 90 4096452
74 11 4096457
74 52 4096462
74 1 4096465
74 78 4096474
74 96 4096475
74 79 4096482
74 38 4096483
74 28 4096489
74 43 4096489
74 93 4096492
74 56 4096493
74 40 4096496
74 22 4096501
74 82 4096508
74 83 4096508
74 58 4096513
75 9 4096513
75 27 4096514
75 58 4096515
75 62 4096524
75 88 4096528
75 65 4096534
75 0 4096539
75 74 4096540
75 4 4096544
75 51 4096545
75 73 4096549
75 8 4096557
75 68 4096560
75 44 4096566
75 34 4096575
75 38 4096580
75 76 4096587
75 41 4096593
75 42 4096594
75 77 4096598
75 15 4096600
75 45 4096609
75 60 4096610
75 66 4096613
75 59 4096613
75 46 4096618
75 69 4096625
75 79 4096629
75 50 4096630
75 32 4096632
75 19 4096634
75 31 4096642
75 11 4096647
75 52 4096649
75 43 4096656
75 20 4096659
75 86 4096666
75 72 4096669
75 18 4096678
75 28 4096680
75 80 4096688
75 89 4096691
75 30 4096691
75 93 4096700
75 37 4096707
75 56 4096716
75 84 4096720
75 16 4096728
75 12 4096735
75 64 4096740
75 57 4096748
75 90 4096750
75 5 4096757
75 96 4096764
75 78 4096768
75 47 4096772
75 85 4096774
75 71 4096776
75 81 4096781
75 6 4096782
75 50 4096786
75 67 4096788
75 44 4096789
75 89 4096789
75 7 4096796
75 15 4096803
75 68 4096804
75 21 4096807
75 46 4096812
75 84 4096813
75 14 4096819
75 66 4096822
75 42 4096830
75 48 4096832
75 55 4096837
75 39 4096843
75 18 4096848
75 57 4096849
75 49 4096854
75 88 4096858
75 62 4096867
75 11 4096872
75 8 4096874
75 22 4096878
75 29 4096879
75 77 4096882
75 86 4096891
75 53 4096895
75 72 4096903
75 31 4096906
75 63 4096907
75 36 4096913
75 40 4096913
75 30 4096919
75 92 4096922
75 5 4096929
75 35 4096933
75 82 4096937
75 56 4096943
75 70 4096952
75 83 4096954
75 17 4096959
75 96 4096967
75 91 4096971
75 25 4096974
75 78 4096981
75 94 4096982
75 34 4096984
75 0 4096985
75 59 4096990
76 28 4096996
76 58 4097001
76 73 4097010
76 1 4097010
76 18 4097017
76 13 4097018
76 51 4097021
76 54 4097023
76 68 4097024
76 59 4097032
76 42 4097040
76 20 4097041
76 57 4097049
76 60 4097055
76 35 4097061
76 27 4097062
76 44 4097065
76 6 4097066
76 17 4097072
76 24 4097073
76 93 4097075
76 8 4097077
76 10 4097080
76 21 4097080
76 85 4097084
76 67 4097092
76 75 4097094
76 37 4097100
76 19 4097102
76 48 4097102
76 36 4097111
76 87 4097119
76 29 4097121
76 66 4097124
76 12 4097126
76 84 4097130
76 9 4097139
76 88 4097147
76 23 4097152
76 64 4097158
76 4 4097163
76 26 4097169
76 70 4097175
76 83 4097184
76 61 4097188
76 46 4097191
76 40 4097200
76 52 4097207
76 14 4097208
76 49 4097208
76 89 4097217
76 47 4097223
76 52 4097225
76 25 4097234
76 53 4097242
76 93 4097244
76 19 4097253
76 87 4097253
76 88 4097261
76 71 4097261
76 31 4097264
76 73 4097270
76 50 4097277
76 39 4097279
76 86 4097284
76 37 4097288
76 85 4097297
76 40 4097305
76 56 4097309
76 79 4097309
76 0 4097317
76 2 4097322
76 23 4097324
76 14 4097332
76 72 4097333
76 95 4097338
76 70 4097343
76 12 4097352
76 65 4097358
76 33 4097361
76 63 4097368
76 47 4097375
76 10 4097381
76 13 4097383
76 36 4097389
76 29 4097389
76 4 4097392
76 83 4097394
76 17 4097397
76 51 4097402
76 82 4097408
76 8 4097413
76 11 4097413
76 60 4097418
76 38 4097419
76 48 4097420
76 77 4097423
76 16 4097429
76 15 4097430
77 96 4097434
77 39 4097436
77 84 4097441
77 69 4097444
77 20 4097447
77 66 4097448
77 89 4097455
77 60 4097463
77 41 4097471
77 19 4097480
77 90 4097480
77 32 4097484
77 57 4097484
77 30 4097488
77 1 4097492
77 70 4097496
77 45 4097497
77 23 4097504
77 26 4097506
77 11 4097515
77 6 4097520
77 59 4097526
77 28 4097527
77 91 4097527
77 16 4097535
77 60 4097544
77 92 4097550
77 73 4097553
77 96 4097554
77 82 4097563
77 50 4097571
77 61 4097579
77 9 4097582
77 33 4097584
77 64 4097587
77 84 4097592
77 93 4097601
78 31 4097601
78 39 4097609
78 26 4097616
78 85 4097625
78 67 4097626
78 70 4097631
78 71 4097636
78 24 4097641
78 34 4097650
78 59 4097653
78 95 4097659
78 1 4097668
78 51 4097674
78 77 4097679
78 60 4097688
78 91 4097696
78 3 4097705
78 73 4097708
78 69 4097709
78 86 4097710
78 74 4097713
78 29 4097721
78 63 4097725
78 61 4097725
78 55 4097729
78 54 4097735
78 83 4097740
78 75 4097749
78 65 4097749
78 5 4097749
78 17 4097756
78 7 4097764
78 52 4097769
78 27 4097769
78 45 4097774
78 50 4097775
78 64 4097781
78 41 4097786
78 72 4097787
78 8 4097796
78 25 4097804
78 57 4097805
78 9 4097805
78 38 4097808
78 90 4097808
78 32 4097811
78 80 4097815
78 47 4097817
78 81 4097825
78 12 4097831
78 88 4097838
78 20 4097847
78 16 4097854
78 42 4097856
78 21 4097861
78 44 4097869
78 37 4097876
78 17 4097879
78 71 4097884
78 27 4097892
78 53 4097899
78 49 4097904
78 18 4097906
78 94 4097907
78 83 4097916
78 41 4097917
78 63 4097926
78 22 4097927
78 42 4097927
78 84 4097929
78 13 4097933
78 25 4097938
78 70 4097940
78 19 4097947
78 96 4097951
78 48 4097960
78 66 4097963
78 55 4097971
78 74 4097975
78 76 4097982
78 1 4097987
78 47 4097993
78 40 4098000
78 39 4098001
78 64 4098008
78 15 4098014
78 21 4098016
78 89 4098018
78 11 4098018
78 3 4098023
78 26 4098030
78 59 4098030
78 31 4098032
78 51 4098033
78 67 4098041
78 75 4098048
78 45 4098050
78 36 4098051
78 73 4098056
78 93 4098063
78 4 4098065
78 46 4098073
78 65 4098076
78 28 4098079
78 62 4098083
78 16 4098088
78 33 4098095
78 23 4098103
78 92 4098110
78 79 4098111
78 77 4098116
78 38 4098123
78 91 4098127
79 65 4098130
79 76 4098134
79 9 4098140
79 93 4098147
79 45 4098152
79 72 4098159
79 73 4098166
79 85 4098168
79 84 4098174
79 50 4098175
79 81 4098177
79 68 4098186
79 61 4098186
79 46 4098189
79 17 4098193
79 70 4098194
79 10 4098201
79 7 4098201
79 13 4098210
79 37 4098215
79 47 4098221
79 59 4098221
79 32 4098226
79 90 4098232
79 14 4098237
79 80 4098243
79 22 4098244
79 84 4098250
79 40 4098252
79 20 4098257
79 93 4098262
79 13 4098267
79 74 4098270
79 46 4098271
79 60 4098280
79 91 4098285
79 57 4098285
79 7 4098287
79 44 4098288
79 87 4098290
79 39 4098297
79 69 4098302
79 12 4098304
79 26 4098309
79 85 4098316
79 43 4098321
79 48 4098329
79 53 4098330
79 6 4098336
79 2 4098336
80 82 4098344
80 33 4098344
80 69 4098345
80 7 4098346
81 44 4098348
81 9 4098355
82 22 4098357
82 15 4098359
82 59 4098360
82 8 4098364
82 37 4098368
82 86 4098371
82 39 4098375
82 68 4098381
82 70 4098390
82 63 4098392
82 78 4098398
82 49 4098404
82 1 4098406
82 64 4098409
82 91 4098412
82 93 4098415
82 85 4098422
82 12 4098427
82 62 4098428
82 81 4098437
82 54 4098437
82 27 4098441
82 40 4098448
82 28 4098451
82 52 4098453
82 33 4098453
82 35 4098456
82 26 4098458
82 80 4098466
82 69 4098472
82 60 4098478
82 42 4098478
82 10 4098484
82 58 4098490
82 32 4098490
82 43 4098490
82 44 4098496
82 17 4098497
82 75 4098500
82 79 4098502
82 76 4098510
82 11 4098516
82 16 4098520
82 56 4098529
82 5 4098533
82 65 4098535
82 9 4098542
82 95 4098545
82 47 4098551
82 38 4098557
82 3 4098563
82 19 4098563
82 4 4098569
82 53 4098578
82 2 4098583
82 21 4098585
82 36 4098585
82 74 4098588
82 96 4098589
82 39 4098595
82 61 4098604
82 79 4098608
82 64 4098610
82 20 4098611
82 34 4098614
82 0 4098620
82 14 4098624
82 25 4098631
82 59 4098632
82 8 4098634
82 41 4098634
82 30 4098640
82 36 4098643
82 43 4098643
82 1 4098650
82 22 4098655
82 75 4098661
82 71 4098663
82 7 4098668
82 38 4098673
82 28 4098679
82 87 4098681
82 49 4098684
82 46 4098687
82 89 4098696
82 92 4098699
82 24 4098702
82 65 4098709
82 69 4098717
82 51 4098723
82 58 4098726
82 13 4098733
82 66 4098736
82 70 4098740
82 44 4098743
82 9 4098743
82 29 4098749
82 54 4098750
82 52 4098759
82 4 4098763
82 21 4098763
82 17 4098764
82 91 4098772
82 19 4098772
82 94 4098775
82 31 4098780
82 78 4098783
82 88 4098792
82 6 4098795
82 23 4098801
83 90 4098809
83 49 4098810
83 55 4098811
83 41 4098814
83 53 4098821
83 21 4098825
83 92 4098833
83 73 4098835
83 16 4098840
83 43 4098842
83 47 4098847
83 6 4098850
83 78 4098854
83 10 4098861
83 58 4098864
83 13 4098866
83 87 4098866
83 44 4098871
83 59 4098875
83 76 4098884
83 50 4098890
83 26 4098898
83 31 4098907
83 9 4098910
83 23 4098918
83 4 4098925
83 65 4098928
83 75 4098932
83 81 4098937
83 93 4098941
83 40 4098941
83 85 4098945
83 56 4098947
83 14 4098950
83 25 4098956
83 60 4098964
83 63 4098967
83 34 4098968
83 61 4098969
83 30 4098970
83 52 4098979
83 0 4098981
83 42 4098983
83 8 4098987
83 27 4098988
83 37 4098993
83 20 4098998
83 17 4099004
83 19 4099010
83 5 4099013
83 71 4099020
83 35 4099020
83 68 4099029
83 54 4099029
83 94 4099031
83 62 4099031
83 79 4099032
83 22 4099040
83 39 4099049
83 57 4099056
83 28 4099060
83 74 4099067
83 78 4099069
83 76 4099076
83 75 4099079
83 73 4099082
83 35 4099083
83 70 4099089
83 59 4099093
83 49 4099102
83 27 4099109
83 60 4099111
83 47 4099113
83 90 4099116
83 71 4099120
83 77 4099124
83 28 4099127
83 66 4099130
83 5 4099135
83 56 4099137
83 26 4099138
83 21 4099142
83 91 4099144
83 22 4099148
83 2 4099155
83 40 4099160
83 42 4099161
83 36 4099166
83 64 4099170
83 92 4099178
83 93 4099179
83 41 4099183
83 13 4099187
83 16 4099190
83 95 4099198
83 48 4099204
83 29 4099206
83 89 4099214
83 86 4099214
83 15 4099221
83 62 4099227
83 7 4099232
83 11 4099240
83 10 4099242
83 23 4099248
83 57 4099256
83 50 4099258
83 79 4099262
83 82 4099263
83 85 4099267
83 43 4099268
83 34 4099275
83 87 4099280
83 52 4099280
83 12 4099280
84 67 4099289
84 82 4099291
84 55 4099295
84 91 4099295
84 92 4099299
84 74 4099301
84 2 4099305
84 58 4099305
84 56 4099309
84 63 4099313
84 5 4099318
84 17 4099321
84 52 4099321
84 62 4099321
84 18 4099325
84 53 4099334
84 36 4099336
84 50 4099344
84 76 4099345
84 22 4099354
84 15 4099358
84 25 4099360
84 71 4099367
84 80 4099376
84 95 4099377
84 72 4099380
84 58 4099383
85 23 4099388
85 54 4099394
85 24 4099395
85 71 4099399
85 95 4099403
85 63 4099412
86 85 4099412
86 71 4099417
86 14 4099417
86 74 4099417
86 5 4099418
86 57 4099422
86 51 4099423
86 59 4099426
86 80 4099428
86 23 4099436
86 48 4099445
86 56 4099451
86 65 4099454
86 88 4099454
86 77 4099462
86 61 4099470
86 91 4099479
86 1 4099484
86 82 4099488
86 83 4099492
86 27 4099499
86 43 4099502
86 92 4099510
86 13 4099512
86 30 4099520
86 75 4099522
86 37 4099523
86 36 4099524
86 16 4099533
86 0 4099534
86 81 4099534
86 60 4099537
86 10 4099537
86 96 4099542
86 49 4099543
86 7 4099548
86 47 4099556
86 91 4099562
86 36 4099568
86 83 4099574
86 79 4099578
86 28 4099582
86 85 4099583
86 6 4099590
86 50 4099593
86 26 4099600
86 21 4099600
86 65 4099606
86 56 4099607
86 23 4099610
86 0 4099611
86 49 4099618
86 95 4099625
86 61 4099633
86 30 4099633
86 59 4099641
86 68 4099649
86 12 4099657
86 92 4099661
86 39 4099669
86 54 4099673
86 31 4099676
86 72 4099685
86 32 4099690
86 37 4099690
86 48 4099699
86 42 4099707
86 35 4099715
86 44 4099717
86 13 4099726
86 17 4099731
86 5 4099740
86 90 4099749
86 33 4099753
86 45 4099762
86 22 4099762
86 3 4099765
86 19 4099774
87 37 4099776
87 64 4099779
87 23 4099781
87 31 4099781
87 28 4099781
87 79 4099784
87 93 4099787
87 95 4099790
87 24 4099799
87 54 4099808
87 66 4099813
87 59 4099813
87 88 4099814
87 8 4099814
87 20 4099821
87 5 4099821
87 34 4099828
87 73 4099834
87 15 4099834
87 44 4099836
87 16 4099844
87 68 4099850
87 83 4099857
87 32 4099859
87 35 4099867
87 77 4099875
87 85 4099879
87 63 4099879
87 0 4099886
87 94 4099890
87 90 4099899
87 46 4099900
87 22 4099909
87 9 4099911
87 17 4099918
87 71 4099925
87 57 4099930
87 19 4099931
87 60 4099940
87 42 4099943
87 45 4099944
87 3 4099952
87 84 4099955
87 81 4099960
87 29 4099965
87 48 4099968
87 47 4099977
87 13 4099982
87 61 4099990
87 1 4099992
87 10 4099996
87 25 4099999
87 43 4100006
87 2 4100011
87 80 4100014
87 36 4100019
87 18 4100020
87 29 4100027
87 17 4100032
87 76 4100035
87 96 4100039
87 60 4100048
87 95 4100052
87 75 4100055
87 58 4100057
87 40 4100057
87 12 4100061
87 27 4100070
87 14 4100077
87 46 4100082
87 66 4100083
87 1 4100090
87 57 4100096
87 47 4100098
87 36 4100106
87 93 4100115
87 23 4100116
87 33 4100120
87 55 4100128
87 30 4100136
87 86 4100144
87 10 4100148
87 72 4100155
87 21 4100157
87 50 4100158
87 41 4100158
87 69 4100164
87 9 4100171
87 11 4100180
87 26 4100184
87 59 4100193
87 25 4100195
87 22 4100196
87 3 4100196
87 24 4100201
87 82 4100207
87 8 4100215
87 53 4100215
87 39 4100217
87 4 4100218
87 78 4100218
87 16 4100224
87 32 4100227
87 49 4100234
87 31 4100238
87 92 4100240
87 83 4100247
87 70 4100253
87 94 4100255
87 84 4100260
87 6 4100261
87 18 4100262
87 88 4100267
87 62 4100267
87 89 4100268
87 2 4100272
87 28 4100281
87 63 4100290
87 90 4100290
88 3 4100299
88 93 4100304
88 39 4100311
88 13 4100316
88 70 4100323
88 57 4100331
88 12 4100339
88 78 4100347
88 45 4100348
88 4 4100357
88 21 4100365
88 33 4100370
88 96 4100375
88 71 4100383
88 30 4100390
88 38 4100392
88 84 4100397
88 86 4100405
88 72 4100411
88 35 4100415
88 34 4100417
88 63 4100425
88 29 4100433
88 60 4100439
88 49 4100443
88 65 4100450
88 64 4100452
88 37 4100452
88 80 4100461
88 47 4100468
88 36 4100474
88 10 4100474
88 20 4100474
88 95 4100476
88 85 4100479
88 3 4100488
88 68 4100489
88 81 4100489
88 79 4100492
88 67 4100492
88 47 4100494
88 82 4100494
88 39 4100503
88 50 4100503
88 83 4100510
88 17 4100511
88 24 4100515
88 16 4100518
88 66 4100523
88 93 4100528
88 34 4100529
88 70 4100532
88 85 4100538
88 33 4100539
88 31 4100545
88 9 4100547
88 27 4100552
88 87 4100557
88 94 4100563
88 26 4100572
88 53 4100575
88 7 4100575
88 69 4100578
88 91 4100579
88 49 4100581
88 54 4100588
88 73 4100593
88 40 4100593
88 72 4100594
88 23 4100603
89 44 4100608
89 47 4100609
89 52 4100613
89 6 4100614
89 37 4100614
89 78 4100622
89 87 4100623
89 63 4100631
89 7 4100639
89 96 4100647
89 59 4100656
89 5 4100656
89 70 4100658
89 58 4100664
89 34 4100668
89 95 4100674
89 3 4100680
89 31 4100689
89 75 4100696
89 65 4100703
90 77 4100710
90 24 4100710
90 55 4100712
90 43 4100713
90 65 4100713
90 38 4100716
90 72 4100722
90 54 4100725
90 91 4100727
90 42 4100733
90 70 4100742
90 69 4100750
90 35 4100757
90 3 4100763
90 6 4100765
90 20 4100765
90 50 4100771
90 30 4100775
90 85 4100782
90 66 4100788
90 40 4100791
90 33 4100800
90 1 4100802
90 14 4100810
90 74 4100818
90 27 4100819
90 63 4100821
90 53 4100828
90 26 4100837
90 41 4100840
90 26 4100841
90 37 4100846
90 3 4100850
90 53 4100859
90 10 4100865
90 94 4100870
90 32 4100877
90 75 4100879
90 47 4100881
90 91 4100886
90 14 4100891
90 74 4100900
90 43 4100908
90 19 4100911
90 45 4100915
90 69 4100921
90 46 4100924
90 86 4100930
90 49 4100937
90 39 4100944
90 83 4100945
90 89 4100948
90 40 4100956
90 65 4100960
90 16 4100962
90 21 4100964
90 62 4100970
90 12 4100977
90 78 4100978
90 38 4100983
91 84 4100991
91 13 4100999
91 7 4101005
91 37 4101012
91 19 4101017
91 44 4101019
91 18 4101019
91 78 4101027
91 86 4101036
91 16 4101036
91 88 4101041
91 57 4101049
91 73 4101052
91 92 4101060
91 23 4101060
91 33 4101069
91 63 4101077
91 96 4101079
91 8 4101085
91 72 4101087
91 74 4101087
91 71 4101087
91 1 4101093
91 47 4101101
91 34 4101101
91 21 4101104
91 48 4101106
91 24 4101111
91 81 4101117
91 75 4101123
91 36 4101128
91 0 4101136
91 43 4101142
91 3 4101145
91 10 4101152
91 22 4101154
91 79 4101154
91 29 4101154
91 61 4101162
91 82 4101169
91 41 4101174
91 56 4101178
91 2 4101180
91 9 4101188
91 25 4101191
91 66 4101199
91 45 4101207
91 69 4101214
91 55 4101221
91 85 4101224
91 20 4101231
91 89 4101234
91 93 4101238
91 4 4101244
91 26 4101248
91 77 4101253
91 28 4101255
91 11 4101262
91 31 4101269
91 40 4101277
91 53 4101279
91 6 4101284
91 87 4101288
91 39 4101295
91 49 4101299
91 67 4101300
91 47 4101306
91 69 4101308
91 37 4101316
91 7 4101316
91 24 4101325
91 21 4101331
91 29 4101333
91 57 4101340
91 79 4101347
91 25 4101353
91 1 4101354
91 38 4101354
91 23 4101358
91 35 4101365
91 27 4101370
91 50 4101374
91 0 4101381
91 28 4101381
91 81 4101389
91 60 4101397
91 18 4101406
91 76 4101409
91 58 4101411
91 33 4101411
91 31 4101417
91 4 4101422
91 12 4101430
91 90 4101437
91 22 4101443
91 52 4101446
91 71 4101455
91 16 4101455
91 86 4101456
91 48 4101464
91 53 4101473
91 80 4101477
91 55 4101484
91 54 4101485
91 45 4101491
91 9 4101498
91 62 4101501
91 75 4101503
91 30 4101508
91 96 4101510
91 15 4101514
91 41 4101520
91 17 4101520
91 39 4101525
91 93 4101532
91 94 4101535
91 74 4101541
91 3 4101547
91 73 4101551
91 92 4101560
91 56 4101567
91 63 4101576
91 88 4101577
92 1 4101580
92 31 4101585
92 7 4101590
92 51 4101594
92 6 4101599
92 46 4101601
92 74 4101606
92 33 4101606
92 50 4101615
92 76 4101615
92 40 4101620
92 48 4101624
92 15 4101630
92 2 4101636
92 79 4101636
92 22 4101636
92 39 4101639
92 63 4101641
92 84 4101647
92 91 4101648
92 77 4101654
92 44 4101656
92 88 4101659
92 65 4101662
92 72 4101666
92 60 4101671
92 5 4101675
92 59 4101680
92 9 4101687
92 7 4101691
92 47 4101700
92 54 4101707
92 71 4101712
92 32 4101717
92 38 4101722
92 44 4101727
92 67 4101728
92 10 4101733
92 20 4101735
92 31 4101743
92 14 4101747
92 95 4101747
94 19 4101749
94 17 4101755
94 45 4101762
94 46 4101764
94 70 4101770
94 25 4101777
94 50 4101782
94 22 4101784
94 84 4101788
94 74 4101793
94 66 4101798
94 33 4101801
94 85 4101808
94 55 4101808
94 56 4101813
94 47 4101817
94 27 4101823
94 81 4101830
94 11 4101836
94 36 4101841
94 4 4101849
94 54 4101855
94 1 4101860
94 75 4101868
94 38 4101876
94 78 4101883
94 39 4101892
94 8 4101898
94 26 4101902
94 0 4101907
94 16 4101912
94 77 4101912
94 17 4101918
94 20 4101927
94 91 4101929
94 63 4101932
94 31 4101934
94 53 4101943
94 85 4101947
94 60 4101955
94 36 4101962
94 62 4101963
94 64 4101967
94 95 4101971
94 70 4101977
94 19 4101982
94 49 4101984
94 68 4101986
94 21 4101993
94 15 4101994
94 30 4102000
94 8 4102003
94 75 4102005
94 43 4102005
94 37 4102006
94 42 4102006
94 76 4102006
94 40 4102012
94 93 4102013
94 82 4102020
94 66 4102029
94 10 4102030
95 74 4102032
95 15 4102038
95 57 4102041
95 59 4102041
95 65 4102049
95 12 4102054
95 9 4102061
95 82 4102062
95 55 4102066
95 50 4102075
95 52 4102077
95 33 4102077
95 87 4102085
95 23 4102094
95 6 4102103
95 67 4102105
95 58 4102114
95 32 4102114
95 2 4102115
95 0 4102115
95 35 4102117
95 27 4102120
95 70 4102129
95 56 4102136
95 69 4102141
95 43 4102150
95 75 4102154
95 96 4102158
95 44 4102162
95 48 4102163
95 24 4102167
95 60 4102172
95 62 4102181
95 35 4102182
95 82 4102188
95 41 4102192
95 51 4102200
95 86 4102200
95 28 4102202
95 61 4102203
95 52 4102212
95 37 4102215
95 66 4102215
95 12 4102218
95 21 4102224
95 85 4102232
95 56 4102240
95 57 4102249
95 90 4102249
95 32 4102256
95 31 4102263
95 65 4102265
95 73 4102265
95 18 4102273
95 34 4102276
95 84 4102276
95 17 4102284
95 71 4102292
95 60 4102297
95 19 4102297
95 64 4102297
95 6 4102298
95 93 4102302
95 88 4102304
95 70 4102313
95 4 4102319
96 48 4102328
96 9 4102329
96 49 4102333
96 38 4102338
96 31 4102339
96 28 4102339
96 50 4102343
96 72 4102343
96 0 4102346
96 36 4102355
96 41 4102360
96 46 4102368
96 6 4102368
96 81 4102374
96 76 4102380
96 32 4102382
96 84 4102385
96 12 4102385
96 55 4102394
96 24 4102395
96 39 4102399
96 42 4102399
96 23 4102407
96 93 4102409
96 7 4102414
96 27 4102414
96 33 4102417
96 88 4102424
96 67 4102427
96 73 4102431
96 17 4102431
96 40 4102438
96 64 4102438
96 95 4102441
96 69 4102443
96 51 4102448
96 47 4102448
96 19 4102450
96 52 4102455
96 34 4102458
96 4 4102464
96 14 4102471
96 29 4102479
96 67 4102487
96 25 4102491
96 38 4102497
96 19 4102503
96 87 4102507
96 71 4102510
96 90 4102517
96 68 4102522
96 21 4102530
96 15 4102530
96 40 4102537
96 73 4102546
96 35 4102547
96 10 4102555
96 77 4102563
96 9 4102572
96 28 4102574
96 18 4102574
96 45 4102575
96 30 4102583
96 83 4102592
96 47 4102597
96 2 4102600
96 37 4102601
96 23 4102605
96 61 4102614
96 5 4102623
96 92 4102631
96 75 4102636
96 62 4102637
96 79 4102639
96 20 4102640
96 14 4102647
96 17 4102650
96 51 4102653
96 69 4102654
96 64 4102656
96 76 4102657
96 78 4102663
