26
true
2 25 82787
2 18 82787
4 22 82790
4 2 82792
4 6 82797
6 15 82799
6 13 82801
6 17 82806
7 3 82814
7 2 82819
8 19 82826
8 15 82826
8 0 82830
10 12 82833
10 13 82835
10 8 82838
12 2 82842
12 21 82850
12 8 82852
13 25 82861
13 8 82867
13 23 82871
14 17 82874
14 13 82876
15 13 82882
15 22 82883
17 20 82890
17 2 82891
17 11 82897
18 7 82902
18 10 82908
18 1 82910
20 8 82912
20 24 82916
20 10 82925
21 25 82926
21 11 82930
23 21 82934
23 3 82939
24 7 82947
24 6 82952
24 18 82958
25 2 82962
25 18 82971
