28
true
2 23 104925
2 4 104925
4 18 104928
4 12 104930
4 2 104935
6 15 104937
6 27 104939
6 19 104944
7 13 104952
7 24 104957
8 23 104964
8 11 104964
8 20 104968
10 0 104971
10 5 104973
11 14 104981
11 18 104985
11 17 104993
14 3 105002
14 4 105008
14 5 105012
15 5 105015
15 25 105017
16 17 105023
16 24 105024
18 2 105031
18 3 105034
19 6 105041
19 15 105043
19 20 105052
20 7 105061
20 22 105063
21 22 105069
21 3 105069
22 19 105074
22 20 105083
22 15 105090
23 7 105095
23 1 105102
23 6 105108
24 12 105114
24 23 105118
24 20 105118
25 27 105127
25 21 105136
25 2 105142
27 14 105150
27 9 105153
27 24 105157
