33
true
2 6 168333
2 26 168333
4 6 168336
4 9 168338
5 27 168346
5 0 168348
7 14 168353
7 25 168354
7 12 168362
9 0 168369
9 6 168369
9 24 168373
11 10 168376
11 16 168378
11 2 168381
13 10 168385
13 8 168393
13 18 168395
14 32 168404
14 17 168410
14 8 168414
15 5 168417
15 23 168419
16 14 168425
16 32 168426
18 12 168433
18 5 168434
18 9 168440
19 29 168445
19 20 168451
19 30 168453
21 28 168455
21 4 168459
21 26 168468
22 14 168469
22 23 168473
24 22 168477
24 23 168482
25 26 168490
25 27 168495
25 12 168501
26 32 168505
26 17 168514
26 14 168523
29 24 168530
29 23 168536
31 19 168538
31 11 168541
32 16 168545
32 15 168546
