34
true
2 31 182837
2 30 182837
4 30 182840
4 20 182842
4 32 182847
6 1 182849
6 23 182851
6 7 182856
7 31 182864
7 8 182869
8 19 182876
8 1 182876
8 20 182880
10 22 182883
10 31 182885
11 10 182893
11 6 182897
11 27 182905
14 17 182914
14 26 182920
14 23 182924
15 17 182927
15 13 182929
16 33 182935
16 10 182936
18 20 182943
18 26 182944
18 7 182950
19 21 182955
19 8 182961
20 23 182970
20 28 182972
21 28 182978
21 11 182978
22 29 182983
22 18 182992
22 31 182999
23 9 183004
23 29 183011
23 12 183017
24 4 183023
24 25 183027
24 12 183027
25 1 183036
25 9 183045
25 2 183051
27 8 183059
27 17 183062
27 14 183066
29 8 183070
29 30 183071
30 9 183071
30 21 183079
31 8 183081
31 14 183088
32 21 183096
32 19 183099
33 30 183104
33 8 183105
33 2 183113
