39
true
2 12 274245
2 5 274245
4 9 274248
4 15 274250
4 6 274255
6 15 274257
6 0 274259
6 17 274264
7 3 274272
7 28 274277
8 6 274284
8 15 274284
8 0 274288
10 25 274291
10 13 274293
10 8 274296
12 28 274300
12 8 274308
12 21 274310
13 38 274319
13 8 274325
13 23 274329
14 17 274332
14 26 274334
15 26 274340
15 35 274341
17 33 274348
17 2 274349
17 24 274355
18 20 274360
18 23 274366
18 27 274368
20 34 274370
20 37 274374
20 23 274383
21 38 274384
21 11 274388
23 34 274392
23 29 274397
24 20 274405
24 6 274410
24 18 274416
25 2 274420
25 5 274429
25 38 274438
28 6 274445
28 11 274451
30 19 274453
30 32 274456
31 34 274460
31 36 274461
32 26 274461
32 1 274462
32 17 274471
33 25 274473
33 15 274474
35 24 274477
35 23 274477
37 29 274485
37 12 274488
38 28 274493
38 33 274500
