43
true
0 23 368699
0 16 368706
1 37 368712
1 24 368714
1 31 368714
2 30 368721
2 1 368721
3 16 368729
3 5 368733
6 17 368735
6 35 368740
7 33 368749
7 5 368749
7 13 368758
8 7 368763
8 24 368764
10 3 368767
10 16 368773
10 38 368774
11 2 368778
11 33 368785
11 32 368789
12 31 368789
12 5 368793
13 2 368799
14 6 368804
14 23 368804
14 27 368809
15 29 368813
15 0 368814
16 39 368818
16 37 368822
18 22 368831
18 3 368839
18 20 368843
19 25 368843
19 13 368843
19 8 368843
21 1 368851
21 22 368855
21 23 368857
22 24 368862
22 6 368870
22 0 368878
23 7 368885
23 24 368893
24 2 368900
24 14 368907
26 18 368914
27 17 368916
27 5 368924
28 38 368928
29 34 368936
29 10 368944
31 5 368950
31 7 368959
32 7 368966
32 18 368971
33 8 368978
33 12 368978
33 4 368984
36 22 368991
36 9 368996
38 23 369002
38 24 369007
38 15 369015
39 38 369024
39 9 369025
40 33 369032
40 4 369033
40 23 369035
