49
true
0 5 545189
0 37 545196
1 5 545202
1 34 545204
2 44 545212
2 11 545219
4 39 545227
4 7 545231
7 34 545233
7 1 545238
8 40 545247
8 30 545247
8 28 545256
9 33 545261
9 29 545262
11 40 545265
11 15 545271
13 26 545275
13 9 545282
13 21 545286
14 22 545286
14 19 545290
15 10 545296
15 17 545304
16 12 545308
16 27 545308
16 19 545313
17 16 545321
17 12 545321
18 36 545327
18 47 545335
19 21 545344
19 37 545352
19 13 545356
20 16 545356
20 21 545356
20 24 545356
22 39 545364
22 40 545368
22 5 545370
23 15 545375
23 6 545383
23 41 545391
24 5 545398
24 16 545406
25 46 545413
25 10 545420
27 29 545423
27 47 545424
28 45 545431
28 2 545438
28 1 545442
29 37 545442
29 39 545445
32 15 545451
32 44 545460
33 5 545467
33 11 545472
34 41 545479
34 27 545479
35 33 545487
35 9 545488
35 29 545495
36 9 545503
36 33 545509
38 42 545516
38 32 545525
38 6 545526
39 40 545533
39 14 545534
39 37 545536
44 47 545544
44 3 545551
44 21 545560
45 30 545566
46 45 545568
46 37 545568
47 26 545576
47 5 545583
48 1 545585
48 12 545590
