50
true
0 31 579277
0 6 579284
1 9 579290
1 44 579292
1 8 579292
2 18 579299
2 37 579299
3 8 579307
4 5 579314
4 22 579319
4 2 579323
5 39 579327
5 19 579327
6 27 579336
6 18 579342
6 15 579346
7 23 579351
7 36 579354
8 26 579357
8 11 579361
9 14 579361
9 27 579362
9 34 579366
10 40 579375
10 14 579379
11 36 579384
11 18 579389
11 45 579393
13 5 579398
13 47 579402
14 41 579402
14 32 579406
14 6 579410
16 33 579419
16 3 579427
16 17 579431
17 33 579431
17 32 579431
17 25 579431
19 6 579439
19 35 579443
19 5 579445
20 14 579450
20 30 579458
20 29 579466
21 47 579473
21 37 579481
22 5 579488
22 9 579495
24 29 579498
24 37 579499
25 12 579506
25 48 579513
25 1 579517
26 11 579517
26 8 579520
29 22 579526
29 41 579535
30 6 579542
30 36 579547
31 27 579554
31 45 579554
31 16 579560
34 1 579567
34 17 579572
36 27 579578
36 24 579583
36 5 579591
37 43 579600
37 28 579601
38 45 579608
38 23 579609
38 36 579611
43 0 579619
43 32 579626
43 15 579635
44 45 579641
44 5 579650
47 30 579657
47 29 579665
48 6 579673
48 12 579680
49 17 579686
49 3 579693
49 10 579697
