53
true
0 41 691776
0 19 691779
1 5 691787
1 48 691790
1 12 691795
3 40 691795
3 10 691801
3 1 691802
4 17 691810
4 14 691814
6 25 691823
6 27 691828
7 47 691831
7 18 691836
10 42 691837
10 14 691844
11 45 691851
11 14 691854
11 1 691863
13 11 691867
13 6 691869
14 15 691876
14 35 691883
16 47 691889
16 31 691894
18 22 691903
18 31 691912
19 48 691912
19 52 691918
19 41 691920
20 36 691926
20 15 691932
21 34 691934
21 24 691940
21 28 691941
24 8 691947
24 40 691952
25 41 691956
25 33 691958
26 7 691962
26 41 691967
26 11 691969
29 45 691978
29 1 691983
29 35 691991
30 42 691993
31 16 691995
31 30 692000
31 10 692008
33 43 692017
33 49 692022
34 17 692022
34 51 692024
34 23 692031
35 47 692040
35 41 692048
38 37 692051
38 42 692059
39 7 692060
39 51 692066
40 33 692067
40 46 692073
41 23 692075
41 48 692079
42 33 692088
42 7 692096
42 12 692103
43 44 692111
43 11 692114
46 26 692120
46 52 692121
49 39 692121
49 5 692126
52 4 692128
52 35 692134
52 19 692140
