59
true
0 15 954908
0 6 954911
1 15 954919
1 39 954922
1 32 954927
3 17 954927
3 48 954933
3 39 954934
4 35 954942
4 22 954946
6 58 954955
6 35 954960
7 54 954963
7 2 954968
10 30 954969
10 39 954976
11 13 954983
11 58 954986
11 26 954995
13 18 954999
13 5 955001
14 19 955005
15 28 955011
15 52 955017
16 7 955023
16 11 955023
17 49 955032
17 18 955033
18 52 955039
18 16 955041
19 57 955047
19 53 955053
20 14 955055
20 29 955061
20 51 955062
23 42 955068
23 28 955073
24 45 955077
24 42 955079
25 39 955083
25 31 955088
25 19 955090
28 8 955099
28 17 955104
28 15 955112
29 11 955114
29 9 955119
31 35 955124
31 11 955132
33 14 955141
33 10 955146
34 46 955146
34 13 955148
34 44 955155
35 56 955164
35 9 955172
38 15 955175
38 40 955183
39 37 955184
39 9 955190
40 13 955191
40 32 955197
41 31 955199
41 25 955203
42 8 955212
42 46 955220
42 47 955227
43 16 955235
43 17 955238
46 14 955244
46 6 955245
49 9 955245
49 4 955250
52 32 955252
52 27 955258
52 35 955264
54 49 955271
54 43 955272
54 23 955273
55 5 955276
55 47 955278
55 2 955284
58 56 955289
58 27 955293
