61
true
0 54 1046645
0 13 1046649
0 5 1046653
1 15 1046660
1 23 1046663
1 60 1046668
2 26 1046672
2 40 1046679
2 52 1046681
3 9 1046686
3 54 1046689
4 18 1046695
4 16 1046695
4 13 1046703
7 30 1046703
7 4 1046703
7 1 1046705
8 0 1046714
8 27 1046716
9 6 1046725
9 38 1046729
10 47 1046730
10 37 1046739
11 57 1046746
11 51 1046747
12 1 1046750
12 42 1046750
14 57 1046750
14 47 1046756
14 13 1046760
15 42 1046766
15 57 1046769
17 18 1046773
17 20 1046773
18 38 1046778
18 48 1046787
18 50 1046790
19 51 1046797
19 37 1046799
19 2 1046806
20 21 1046806
20 5 1046814
21 15 1046821
21 16 1046830
21 8 1046838
22 28 1046840
22 8 1046843
23 49 1046851
23 39 1046859
25 31 1046865
25 3 1046870
25 40 1046870
28 3 1046874
28 38 1046880
31 7 1046888
31 21 1046893
32 29 1046901
32 34 1046904
36 20 1046911
36 26 1046911
36 22 1046913
38 41 1046917
38 30 1046926
39 7 1046931
39 19 1046935
40 26 1046939
40 59 1046944
40 32 1046952
42 49 1046956
42 20 1046962
42 45 1046962
45 19 1046968
45 20 1046975
45 38 1046979
47 24 1046987
47 26 1046994
48 3 1047001
48 43 1047007
50 30 1047014
50 20 1047022
50 35 1047027
52 25 1047031
52 32 1047031
52 22 1047032
54 4 1047037
54 14 1047041
54 52 1047049
55 37 1047051
55 56 1047058
55 40 1047066
56 55 1047071
56 50 1047075
57 24 1047076
57 55 1047082
58 15 1047083
58 17 1047088
58 60 1047096
59 29 1047105
59 20 1047105
