62
true
0 21 1100681
0 44 1100685
0 58 1100689
1 4 1100696
1 6 1100699
1 44 1100704
2 16 1100708
2 61 1100715
2 60 1100717
3 47 1100722
3 8 1100725
4 26 1100731
4 17 1100731
4 2 1100739
7 50 1100739
7 24 1100739
7 54 1100741
8 36 1100750
8 45 1100752
9 44 1100761
9 6 1100765
10 53 1100766
10 11 1100775
11 35 1100782
11 38 1100783
12 57 1100783
13 46 1100783
13 12 1100783
15 16 1100787
15 10 1100796
15 2 1100800
18 31 1100804
18 15 1100804
19 40 1100809
19 52 1100818
19 53 1100821
20 3 1100828
20 47 1100830
20 33 1100837
21 7 1100837
21 45 1100845
22 55 1100852
22 31 1100861
22 59 1100869
23 26 1100871
23 46 1100874
24 23 1100882
24 49 1100890
24 32 1100899
25 33 1100905
25 42 1100910
25 59 1100910
28 9 1100914
28 56 1100920
31 39 1100928
31 40 1100933
32 24 1100941
32 38 1100944
36 2 1100951
36 6 1100951
36 4 1100953
38 56 1100957
38 44 1100966
39 38 1100971
39 30 1100975
40 7 1100979
40 50 1100984
40 32 1100992
42 56 1100996
42 32 1101002
42 7 1101002
45 49 1101008
45 20 1101015
45 34 1101019
47 33 1101027
47 38 1101034
48 7 1101042
51 46 1101049
51 55 1101057
51 22 1101062
53 40 1101067
53 50 1101068
54 9 1101077
54 55 1101082
54 12 1101086
55 34 1101092
55 26 1101094
55 52 1101101
56 24 1101102
56 53 1101107
57 44 1101112
57 54 1101113
57 40 1101119
58 18 1101120
58 43 1101127
59 52 1101135
59 12 1101144
59 21 1101145
60 55 1101152
60 32 1101154
61 1 1101156
61 56 1101158
