65
true
0 40 1256733
0 28 1256737
0 49 1256741
1 39 1256748
1 5 1256751
1 9 1256756
2 28 1256760
2 61 1256767
2 9 1256769
3 10 1256774
3 28 1256777
4 52 1256783
4 33 1256783
4 56 1256791
7 6 1256791
7 17 1256791
7 48 1256793
8 57 1256802
8 46 1256804
9 42 1256813
9 40 1256817
10 50 1256818
10 0 1256827
11 54 1256834
11 21 1256835
12 31 1256838
12 45 1256838
14 54 1256838
14 40 1256844
14 36 1256848
15 19 1256854
15 64 1256857
17 12 1256861
17 24 1256861
18 35 1256866
18 30 1256875
18 33 1256878
19 64 1256885
19 10 1256887
19 12 1256894
20 64 1256894
20 40 1256902
21 8 1256909
21 6 1256918
21 56 1256926
22 5 1256928
22 9 1256931
23 47 1256939
23 55 1256947
23 7 1256956
24 8 1256962
24 30 1256967
24 20 1256967
27 51 1256971
27 29 1256977
30 45 1256985
30 55 1256990
31 64 1256998
31 56 1257001
35 47 1257008
35 4 1257008
35 25 1257010
37 63 1257014
37 12 1257023
38 41 1257028
38 17 1257032
39 62 1257036
39 42 1257041
39 31 1257049
41 27 1257053
41 6 1257059
41 52 1257059
44 20 1257065
44 60 1257072
44 46 1257076
46 60 1257084
46 12 1257091
47 64 1257098
47 23 1257104
49 19 1257111
49 12 1257119
49 54 1257124
51 12 1257128
51 35 1257128
51 6 1257129
53 62 1257134
53 55 1257138
53 15 1257146
54 30 1257148
54 40 1257155
54 45 1257163
55 35 1257168
55 40 1257172
56 29 1257173
56 12 1257179
56 18 1257185
57 16 1257192
57 60 1257194
59 29 1257203
59 26 1257203
61 12 1257205
61 45 1257206
61 22 1257214
62 59 1257219
62 7 1257224
62 1 1257233
64 45 1257240
64 11 1257248
