68
true
0 67 1430309
0 36 1430313
0 2 1430317
1 60 1430324
1 32 1430327
1 26 1430332
2 44 1430336
2 57 1430343
2 12 1430345
3 39 1430350
3 50 1430353
4 14 1430356
4 48 1430362
5 32 1430366
5 12 1430372
5 30 1430374
8 0 1430383
10 2 1430385
10 7 1430385
12 53 1430386
12 49 1430395
13 61 1430402
13 32 1430403
14 54 1430406
14 36 1430406
16 36 1430406
16 48 1430412
16 38 1430416
17 3 1430422
17 10 1430425
19 49 1430429
19 9 1430429
20 46 1430434
20 36 1430443
20 47 1430446
21 33 1430453
21 1 1430455
21 43 1430462
22 13 1430462
22 47 1430470
23 55 1430477
23 25 1430486
23 21 1430494
24 10 1430496
24 46 1430499
25 33 1430507
25 17 1430515
25 56 1430524
26 29 1430530
26 52 1430535
26 5 1430535
29 5 1430539
29 48 1430545
32 43 1430553
32 42 1430558
33 20 1430566
33 14 1430569
37 14 1430576
37 20 1430576
37 48 1430578
39 56 1430582
39 52 1430591
40 32 1430596
40 56 1430600
41 31 1430604
41 48 1430609
41 60 1430617
43 2 1430621
43 46 1430627
43 21 1430627
46 57 1430633
46 42 1430640
46 8 1430644
48 33 1430652
48 2 1430659
49 8 1430666
52 64 1430673
52 7 1430681
52 0 1430686
54 1 1430690
54 3 1430690
54 43 1430691
56 23 1430696
56 58 1430700
56 52 1430708
57 14 1430710
57 42 1430717
57 56 1430725
58 57 1430730
58 10 1430734
59 10 1430735
59 18 1430741
59 6 1430747
60 1 1430754
60 59 1430756
62 57 1430765
62 63 1430765
64 40 1430765
64 11 1430767
65 44 1430776
65 33 1430778
65 37 1430779
66 42 1430782
66 37 1430789
67 12 1430797
67 24 1430802
