69
true
0 10 1490380
0 43 1490383
2 46 1490384
2 19 1490388
3 66 1490393
3 59 1490394
5 53 1490402
5 18 1490405
5 51 1490413
12 35 1490415
12 15 1490419
15 11 1490425
15 1 1490426
16 4 1490435
16 26 1490443
16 12 1490451
17 30 1490452
17 14 1490457
19 62 1490462
19 36 1490465
19 2 1490473
20 17 1490478
20 32 1490480
20 33 1490481
22 42 1490481
22 14 1490483
22 45 1490485
26 58 1490490
26 10 1490493
26 49 1490493
28 5 1490493
28 55 1490499
33 35 1490506
33 5 1490509
34 19 1490512
34 62 1490515
35 66 1490519
35 32 1490528
36 41 1490532
36 28 1490537
37 38 1490538
37 17 1490541
37 60 1490546
38 34 1490555
39 61 1490562
39 2 1490563
39 58 1490563
40 23 1490566
40 27 1490573
41 59 1490582
41 62 1490584
42 21 1490593
42 40 1490594
43 57 1490598
43 30 1490605
43 66 1490607
44 6 1490611
44 42 1490620
44 63 1490625
49 4 1490634
49 52 1490638
49 48 1490645
50 48 1490651
50 32 1490651
52 8 1490652
52 33 1490653
52 53 1490660
53 59 1490664
53 55 1490666
54 2 1490670
54 42 1490674
57 27 1490675
57 19 1490681
57 44 1490685
58 13 1490687
58 45 1490688
58 33 1490694
60 56 1490702
60 65 1490710
62 66 1490715
62 15 1490719
63 28 1490719
63 59 1490728
63 43 1490732
65 35 1490733
65 61 1490737
65 2 1490746
66 56 1490748
66 4 1490751
68 12 1490759
68 3 1490764
68 59 1490771
