71
true
0 58 1617716
0 39 1617719
2 33 1617720
2 51 1617724
3 12 1617729
3 31 1617730
5 18 1617738
5 16 1617741
5 64 1617749
12 51 1617751
12 64 1617755
15 13 1617761
15 3 1617762
15 18 1617763
16 9 1617765
16 67 1617765
18 43 1617766
18 42 1617771
20 37 1617776
20 33 1617779
20 4 1617787
21 68 1617792
21 5 1617794
21 15 1617795
23 26 1617795
23 55 1617797
23 29 1617799
27 59 1617804
27 12 1617807
30 57 1617807
30 60 1617813
35 70 1617820
35 68 1617823
36 17 1617826
36 62 1617829
37 14 1617833
37 44 1617842
38 31 1617846
38 29 1617851
39 46 1617852
39 37 1617855
39 17 1617860
40 34 1617869
40 21 1617869
41 62 1617875
41 27 1617875
43 40 1617878
43 35 1617885
44 8 1617894
44 10 1617896
45 39 1617905
45 6 1617906
46 43 1617910
46 7 1617917
46 21 1617919
47 2 1617923
47 39 1617932
47 16 1617937
52 11 1617946
52 59 1617950
52 55 1617957
53 42 1617963
54 44 1617971
54 21 1617972
56 15 1617979
56 41 1617981
56 12 1617984
57 28 1617984
57 44 1617991
61 31 1617992
61 3 1617998
61 54 1618002
62 52 1618004
62 66 1618005
62 70 1618011
64 68 1618019
64 31 1618027
66 38 1618032
66 32 1618036
67 0 1618036
67 64 1618045
67 28 1618049
69 31 1618050
69 5 1618054
69 48 1618063
70 34 1618065
70 12 1618068
