74
true
1 8 1827264
1 40 1827267
1 22 1827274
2 45 1827276
2 49 1827284
2 26 1827284
4 29 1827287
4 9 1827288
4 53 1827296
5 53 1827305
5 10 1827312
7 40 1827312
7 51 1827316
7 62 1827322
8 11 1827327
8 34 1827327
9 68 1827328
10 46 1827328
10 53 1827335
10 24 1827343
12 21 1827347
12 13 1827352
15 66 1827355
15 46 1827357
16 42 1827358
16 36 1827367
16 67 1827371
17 55 1827378
17 41 1827387
18 55 1827393
18 58 1827402
21 33 1827408
21 57 1827414
22 66 1827418
22 6 1827419
22 60 1827423
24 13 1827432
24 61 1827434
24 44 1827441
25 65 1827447
25 44 1827451
25 38 1827453
26 21 1827453
26 50 1827460
26 51 1827464
28 8 1827467
28 56 1827475
30 68 1827477
30 49 1827478
30 33 1827480
31 55 1827480
32 34 1827487
32 30 1827487
33 73 1827489
33 4 1827490
35 21 1827494
35 53 1827499
35 66 1827502
37 56 1827511
37 57 1827516
38 68 1827523
38 13 1827527
39 22 1827533
39 66 1827539
42 60 1827541
42 22 1827550
42 38 1827552
43 10 1827556
43 41 1827556
44 62 1827565
44 31 1827572
44 34 1827578
45 29 1827582
45 16 1827583
45 21 1827588
47 19 1827590
47 34 1827599
47 8 1827601
48 73 1827609
48 64 1827618
51 37 1827619
51 18 1827622
52 21 1827627
52 73 1827627
53 41 1827632
53 39 1827633
53 36 1827638
55 53 1827646
55 70 1827646
55 23 1827651
56 69 1827652
56 51 1827652
56 49 1827659
58 26 1827666
58 62 1827667
59 61 1827669
59 19 1827672
59 25 1827676
60 39 1827685
60 28 1827689
61 21 1827689
61 35 1827697
61 27 1827701
62 29 1827710
62 26 1827710
64 33 1827711
64 59 1827716
65 73 1827719
65 50 1827723
65 68 1827728
67 18 1827728
67 70 1827732
70 12 1827741
70 46 1827742
70 65 1827743
71 17 1827746
71 35 1827751
71 69 1827751
72 68 1827756
72 29 1827757
72 31 1827765
73 11 1827774
73 47 1827783
73 63 1827785
