81
true
1 45 2373205
1 57 2373212
3 13 2373217
3 48 2373224
3 29 2373228
4 0 2373231
4 61 2373236
4 11 2373240
6 38 2373246
6 57 2373248
6 10 2373249
7 43 2373256
7 32 2373261
7 66 2373261
8 28 2373265
8 15 2373266
10 58 2373273
10 34 2373278
11 31 2373279
11 20 2373284
11 40 2373291
14 11 2373294
14 20 2373295
14 18 2373302
15 41 2373304
15 31 2373306
17 75 2373314
17 61 2373322
18 72 2373325
18 55 2373327
20 5 2373330
20 30 2373334
20 9 2373341
21 20 2373343
21 62 2373345
22 72 2373354
22 29 2373363
22 15 2373369
24 67 2373376
24 33 2373382
26 47 2373391
26 25 2373400
27 46 2373402
27 67 2373408
28 62 2373417
28 16 2373418
29 4 2373418
29 73 2373420
29 64 2373421
31 76 2373421
31 52 2373429
31 51 2373435
33 11 2373444
33 22 2373444
34 40 2373447
34 28 2373455
34 49 2373458
35 0 2373462
35 7 2373469
39 54 2373478
39 64 2373486
39 60 2373489
43 64 2373497
43 63 2373500
43 11 2373506
44 79 2373506
44 63 2373506
44 42 2373507
47 68 2373512
47 35 2373518
49 58 2373527
49 73 2373535
49 74 2373538
50 74 2373543
50 51 2373546
50 36 2373550
51 45 2373555
51 46 2373564
51 53 2373564
53 10 2373568
53 71 2373572
53 47 2373576
54 21 2373583
54 34 2373584
54 42 2373592
55 63 2373600
55 61 2373601
56 72 2373605
56 64 2373605
57 29 2373614
57 31 2373623
59 68 2373632
59 22 2373636
60 48 2373642
60 23 2373643
60 10 2373647
61 17 2373656
61 42 2373661
61 0 2373669
62 32 2373671
62 60 2373675
62 42 2373679
64 4 2373682
64 50 2373688
65 5 2373692
65 26 2373699
66 18 2373699
66 59 2373703
66 79 2373706
67 18 2373708
67 7 2373716
67 28 2373722
69 74 2373730
69 10 2373734
72 20 2373734
72 22 2373736
73 16 2373737
73 39 2373744
74 4 2373750
77 36 2373752
77 9 2373752
78 23 2373755
78 67 2373763
78 8 2373772
79 71 2373773
79 0 2373777
79 66 2373783
