84
true
0 24 2645450
0 83 2645453
2 28 2645453
2 45 2645455
3 8 2645462
3 72 2645470
4 30 2645475
4 78 2645481
5 28 2645489
6 38 2645498
6 59 2645502
7 78 2645503
7 67 2645509
7 73 2645513
9 56 2645517
9 33 2645519
10 62 2645521
10 11 2645523
10 8 2645530
11 38 2645531
11 57 2645539
12 80 2645547
12 5 2645552
12 26 2645557
13 75 2645559
13 63 2645568
13 17 2645576
14 73 2645578
14 6 2645587
14 22 2645591
19 40 2645595
21 8 2645603
21 9 2645612
21 61 2645620
23 67 2645628
23 2 2645632
23 55 2645636
24 44 2645645
24 23 2645651
25 3 2645651
25 75 2645655
26 71 2645663
26 16 2645670
26 81 2645674
27 7 2645679
27 65 2645686
27 69 2645686
28 24 2645692
28 27 2645693
29 44 2645701
29 80 2645710
31 66 2645716
31 12 2645723
33 0 2645731
33 5 2645739
33 64 2645744
37 66 2645746
37 70 2645750
37 72 2645759
38 68 2645761
38 71 2645765
38 52 2645773
39 32 2645779
39 52 2645788
40 2 2645794
40 45 2645802
41 31 2645807
41 9 2645813
41 68 2645816
45 43 2645823
45 23 2645830
45 7 2645831
46 57 2645832
46 63 2645832
46 75 2645835
47 15 2645838
47 49 2645841
47 29 2645842
48 16 2645849
48 13 2645853
52 81 2645854
52 1 2645858
53 16 2645859
53 57 2645859
53 37 2645861
54 39 2645862
54 6 2645864
54 4 2645871
55 66 2645871
55 13 2645871
55 34 2645877
57 7 2645883
57 9 2645886
57 37 2645888
58 54 2645889
58 66 2645890
59 62 2645892
59 27 2645893
61 83 2645893
62 72 2645896
62 47 2645901
63 82 2645905
63 64 2645913
64 65 2645922
64 74 2645930
64 60 2645930
65 31 2645931
65 18 2645940
66 44 2645944
66 39 2645952
67 38 2645960
67 36 2645965
67 74 2645970
69 16 2645977
69 45 2645985
69 39 2645988
71 57 2645990
71 75 2645994
71 60 2645994
73 81 2645996
73 79 2646002
74 17 2646003
74 32 2646006
74 7 2646007
75 38 2646011
75 36 2646019
76 38 2646027
76 71 2646034
77 2 2646034
77 52 2646037
78 15 2646042
78 19 2646046
78 44 2646054
80 71 2646057
80 25 2646065
83 20 2646070
83 3 2646074
83 31 2646083
