86
true
0 36 2825676
0 5 2825679
0 40 2825679
1 38 2825679
1 21 2825681
2 76 2825688
2 26 2825696
3 18 2825701
3 72 2825707
3 70 2825711
4 62 2825719
4 82 2825719
4 49 2825720
5 0 2825726
5 3 2825733
6 79 2825737
6 34 2825740
7 54 2825741
7 8 2825747
8 29 2825749
8 18 2825756
8 38 2825756
11 7 2825758
11 26 2825759
12 24 2825764
12 7 2825769
12 18 2825776
14 46 2825780
14 39 2825782
14 54 2825791
15 14 2825793
15 43 2825801
17 30 2825805
17 36 2825811
18 36 2825819
18 57 2825828
18 69 2825836
20 15 2825844
20 80 2825848
20 17 2825852
21 56 2825861
21 7 2825867
22 13 2825867
22 3 2825868
22 84 2825876
23 66 2825882
23 57 2825885
23 32 2825892
24 23 2825895
24 57 2825896
25 64 2825898
25 28 2825907
26 53 2825907
26 78 2825909
27 40 2825916
27 50 2825922
27 54 2825929
29 74 2825937
29 11 2825945
29 40 2825950
33 64 2825952
33 42 2825956
33 40 2825965
34 70 2825967
34 79 2825971
34 36 2825979
35 1 2825981
35 58 2825987
35 41 2825993
36 22 2825999
36 81 2826007
37 31 2826012
37 79 2826018
37 2 2826021
41 21 2826028
41 25 2826035
42 79 2826040
42 1 2826047
43 51 2826050
43 75 2826057
45 17 2826060
45 63 2826066
46 65 2826075
46 34 2826078
49 45 2826079
49 31 2826083
50 82 2826084
50 23 2826084
50 63 2826086
51 11 2826087
51 28 2826089
51 44 2826096
52 54 2826096
52 67 2826096
52 14 2826102
54 11 2826108
54 5 2826111
54 21 2826113
55 12 2826114
55 48 2826115
56 30 2826117
56 73 2826118
58 27 2826118
58 5 2826121
60 43 2826126
60 7 2826130
60 78 2826136
62 23 2826145
62 32 2826153
62 12 2826153
63 45 2826154
63 60 2826163
64 48 2826167
64 85 2826175
65 26 2826183
65 54 2826188
65 4 2826193
67 18 2826200
67 35 2826208
67 27 2826211
69 63 2826213
69 41 2826217
69 62 2826217
71 15 2826219
71 77 2826225
72 23 2826226
72 40 2826229
72 19 2826230
73 22 2826234
73 78 2826242
74 20 2826250
74 55 2826257
75 84 2826257
75 72 2826260
75 12 2826264
77 69 2826268
77 50 2826276
77 48 2826277
78 13 2826284
78 20 2826290
78 49 2826299
79 61 2826304
79 78 2826305
79 59 2826308
81 45 2826312
81 53 2826321
81 79 2826330
82 24 2826335
82 46 2826343
83 20 2826344
83 18 2826347
83 30 2826355
84 55 2826364
84 60 2826373
85 14 2826379
85 39 2826380
85 65 2826381
