89
true
0 16 3122806
0 40 3122813
1 77 3122820
1 76 3122826
2 38 3122828
2 78 3122831
3 56 3122834
3 1 3122837
3 83 3122843
5 46 3122851
5 83 3122859
5 23 3122864
7 48 3122867
7 23 3122871
7 76 3122871
8 85 3122878
8 2 3122880
8 54 3122884
9 20 3122891
9 23 3122898
10 17 3122903
10 6 3122903
10 22 3122910
11 59 3122918
11 17 3122924
15 82 3122933
15 19 3122942
17 35 3122946
17 5 3122949
18 26 3122949
18 70 3122957
19 87 3122960
19 1 3122965
20 24 3122970
20 60 3122977
20 83 3122982
21 81 3122988
21 62 3122988
21 78 3122993
22 32 3122997
22 53 3122998
23 12 3123000
23 87 3123004
23 71 3123006
24 2 3123013
24 80 3123021
25 37 3123024
25 20 3123029
26 60 3123033
26 0 3123036
27 74 3123037
27 16 3123039
28 50 3123041
28 66 3123048
28 70 3123053
33 28 3123057
33 70 3123060
33 49 3123061
35 81 3123066
35 84 3123071
35 64 3123077
37 35 3123080
37 75 3123087
39 36 3123093
39 47 3123098
39 40 3123102
42 22 3123104
42 16 3123112
43 57 3123120
43 24 3123125
43 29 3123128
45 84 3123133
45 9 3123141
46 84 3123146
46 36 3123147
48 41 3123148
48 7 3123157
48 43 3123161
49 65 3123169
49 5 3123175
50 84 3123179
50 86 3123179
51 38 3123181
51 17 3123187
52 26 3123191
52 84 3123199
52 64 3123199
53 55 3123206
53 80 3123206
54 33 3123207
54 52 3123212
54 56 3123213
55 30 3123220
55 45 3123220
57 72 3123222
57 68 3123222
58 3 3123231
58 20 3123239
58 71 3123248
59 20 3123256
59 74 3123261
59 21 3123266
61 0 3123273
61 2 3123282
62 54 3123290
62 7 3123295
65 53 3123304
65 30 3123307
65 57 3123314
66 78 3123320
66 2 3123321
67 74 3123321
67 70 3123329
67 86 3123333
69 48 3123334
69 0 3123340
69 8 3123347
72 2 3123348
72 52 3123356
74 81 3123358
74 34 3123360
74 48 3123369
75 34 3123369
75 4 3123374
75 78 3123381
76 30 3123389
76 79 3123398
76 65 3123406
77 15 3123410
77 53 3123410
77 70 3123414
78 73 3123421
78 51 3123424
79 86 3123432
79 84 3123438
79 30 3123442
80 56 3123443
80 9 3123450
83 6 3123451
83 73 3123460
83 78 3123465
84 42 3123473
84 62 3123474
85 68 3123474
85 51 3123475
85 38 3123481
86 33 3123486
86 36 3123490
86 30 3123498
88 66 3123504
88 12 3123509
88 64 3123509
