92
true
1 36 3457680
1 7 3457685
1 48 3457692
2 23 3457694
2 48 3457702
2 49 3457705
4 62 3457709
4 9 3457714
5 51 3457716
5 46 3457717
5 47 3457724
7 74 3457725
7 72 3457731
7 47 3457740
9 8 3457743
9 66 3457743
9 61 3457747
11 64 3457751
11 86 3457755
11 43 3457764
12 2 3457765
12 77 3457769
12 24 3457774
15 49 3457781
15 51 3457785
16 3 3457792
16 38 3457798
17 62 3457805
17 68 3457809
17 89 3457813
18 84 3457813
18 29 3457820
18 17 3457824
19 3 3457832
19 31 3457840
19 14 3457840
22 46 3457840
22 87 3457840
23 33 3457846
23 61 3457854
24 77 3457858
24 65 3457861
25 57 3457865
25 52 3457866
26 2 3457868
26 80 3457869
26 10 3457876
27 5 3457879
27 1 3457879
27 31 3457888
28 31 3457888
28 0 3457891
28 62 3457897
30 42 3457905
30 70 3457908
31 70 3457912
31 45 3457913
31 44 3457921
33 64 3457929
33 62 3457933
35 18 3457934
35 48 3457940
36 67 3457946
36 17 3457953
36 73 3457961
37 63 3457969
37 10 3457977
38 29 3457982
38 77 3457986
41 79 3457986
41 70 3457991
41 18 3458000
42 36 3458000
42 57 3458006
46 58 3458013
46 90 3458015
47 49 3458018
47 30 3458026
49 66 3458027
49 43 3458034
49 1 3458043
50 90 3458048
50 3 3458053
50 85 3458056
52 20 3458063
52 78 3458070
53 51 3458077
53 50 3458083
53 40 3458086
54 70 3458089
54 91 3458091
54 7 3458091
55 48 3458094
55 17 3458094
55 52 3458097
58 82 3458099
58 2 3458102
58 14 3458108
59 65 3458117
59 23 3458124
62 50 3458124
62 11 3458129
62 64 3458131
63 38 3458140
63 23 3458146
63 71 3458153
64 38 3458156
64 39 3458158
65 81 3458165
65 13 3458172
65 9 3458181
66 33 3458189
66 56 3458197
66 29 3458198
68 64 3458203
68 47 3458205
69 10 3458209
69 89 3458218
69 81 3458222
71 16 3458231
71 20 3458236
72 63 3458242
72 20 3458244
72 21 3458245
73 66 3458249
73 35 3458253
73 36 3458259
76 37 3458264
76 48 3458264
76 70 3458272
77 45 3458278
77 67 3458279
79 16 3458283
79 83 3458289
80 47 3458293
80 7 3458299
81 11 3458303
81 40 3458304
81 80 3458307
82 25 3458308
82 58 3458311
82 39 3458317
83 33 3458320
83 85 3458322
84 14 3458324
84 85 3458327
86 1 3458331
86 17 3458340
86 52 3458347
88 9 3458355
88 25 3458355
89 50 3458356
89 12 3458361
89 37 3458368
90 70 3458370
90 17 3458374
