94
true
1 70 3692708
1 61 3692713
1 46 3692720
2 73 3692722
2 10 3692730
2 27 3692733
4 58 3692737
4 83 3692742
5 91 3692744
5 44 3692745
5 19 3692752
7 6 3692753
7 80 3692759
7 87 3692768
9 26 3692771
9 44 3692771
9 51 3692775
11 66 3692779
11 64 3692783
11 39 3692792
12 36 3692793
12 13 3692797
12 30 3692802
15 79 3692809
15 75 3692813
16 51 3692820
16 46 3692826
17 60 3692833
17 66 3692837
17 13 3692841
18 78 3692841
18 3 3692848
18 43 3692852
19 57 3692860
19 29 3692868
19 52 3692868
22 30 3692868
22 51 3692868
23 3 3692874
23 89 3692882
24 87 3692886
24 85 3692889
25 69 3692893
25 92 3692894
25 39 3692894
26 28 3692894
26 85 3692896
26 77 3692900
27 21 3692901
27 22 3692906
28 36 3692913
28 52 3692921
28 61 3692929
29 80 3692934
29 70 3692942
31 40 3692950
31 34 3692955
31 27 3692961
32 51 3692961
32 50 3692969
32 22 3692973
34 64 3692974
34 16 3692980
35 69 3692986
35 67 3692993
35 49 3693001
36 51 3693009
36 66 3693017
37 29 3693022
37 81 3693026
40 5 3693026
40 48 3693031
40 78 3693040
41 48 3693040
41 63 3693046
45 20 3693053
45 78 3693053
45 14 3693061
49 64 3693063
49 70 3693064
49 83 3693071
51 63 3693071
51 35 3693074
53 7 3693083
53 27 3693085
55 15 3693090
55 67 3693097
55 66 3693103
56 51 3693112
56 91 3693121
57 67 3693121
57 8 3693125
58 59 3693125
58 38 3693128
61 48 3693130
61 70 3693133
61 24 3693139
62 9 3693148
62 79 3693155
65 40 3693155
65 55 3693160
65 32 3693162
66 69 3693163
66 32 3693172
68 0 3693175
68 33 3693177
69 35 3693184
69 37 3693191
69 5 3693200
70 85 3693208
70 16 3693216
70 19 3693217
72 82 3693222
72 61 3693224
73 36 3693228
73 51 3693237
73 29 3693241
75 76 3693250
75 66 3693255
75 21 3693258
76 26 3693260
76 56 3693265
76 17 3693273
80 68 3693279
80 69 3693282
81 89 3693287
81 38 3693287
81 24 3693295
82 45 3693301
82 3 3693302
84 0 3693306
84 43 3693312
85 31 3693316
85 39 3693322
85 62 3693327
86 16 3693335
86 53 3693341
86 69 3693343
87 5 3693349
87 59 3693356
87 60 3693356
88 19 3693357
88 54 3693362
90 9 3693365
90 12 3693365
91 82 3693366
91 79 3693370
92 14 3693379
92 3 3693387
