96
true
1 76 3918244
1 11 3918249
1 64 3918256
2 39 3918258
2 76 3918266
2 37 3918269
4 94 3918273
4 81 3918278
5 27 3918280
5 78 3918281
5 83 3918288
7 42 3918289
7 44 3918295
7 39 3918304
9 20 3918307
9 14 3918307
9 81 3918311
11 12 3918315
11 90 3918319
11 51 3918328
12 78 3918329
12 81 3918333
12 60 3918338
15 17 3918345
15 87 3918349
16 3 3918356
16 22 3918362
17 38 3918369
17 8 3918373
17 21 3918377
18 16 3918377
18 17 3918384
18 13 3918388
19 95 3918396
19 27 3918404
19 30 3918404
22 78 3918404
22 39 3918404
23 61 3918410
23 21 3918418
24 93 3918422
24 41 3918425
25 57 3918429
25 16 3918430
25 41 3918430
26 8 3918430
26 41 3918432
26 19 3918436
27 67 3918437
27 36 3918442
28 86 3918449
28 46 3918457
28 41 3918465
29 6 3918470
29 46 3918478
31 20 3918486
31 22 3918491
31 51 3918497
32 39 3918497
32 36 3918505
32 18 3918509
34 30 3918510
34 12 3918516
35 59 3918522
35 5 3918529
35 41 3918537
36 55 3918545
36 82 3918553
37 53 3918558
37 21 3918562
40 7 3918562
40 10 3918567
40 26 3918576
41 56 3918576
41 1 3918582
45 74 3918589
45 62 3918589
45 16 3918597
49 36 3918599
49 58 3918600
49 11 3918607
51 83 3918607
51 37 3918610
53 11 3918619
53 73 3918621
55 75 3918626
55 83 3918633
55 70 3918639
56 67 3918648
56 38 3918651
56 87 3918653
57 52 3918657
57 24 3918660
57 13 3918660
58 19 3918663
58 75 3918671
58 18 3918673
59 43 3918675
59 52 3918675
60 7 3918684
60 51 3918689
60 75 3918691
62 75 3918696
62 72 3918698
63 42 3918707
63 67 3918713
65 70 3918716
65 27 3918718
66 53 3918725
66 89 3918732
67 17 3918741
67 90 3918745
67 68 3918746
68 54 3918754
68 16 3918759
69 90 3918764
69 10 3918768
69 65 3918777
73 40 3918786
73 72 3918791
73 75 3918794
74 68 3918796
74 88 3918801
74 35 3918809
78 16 3918815
78 87 3918818
79 1 3918823
79 56 3918823
79 58 3918831
80 73 3918837
80 87 3918838
82 92 3918842
82 27 3918848
83 30 3918857
83 8 3918857
84 23 3918861
84 76 3918862
84 16 3918865
85 17 3918866
85 10 3918869
85 31 3918875
86 73 3918878
86 25 3918880
87 78 3918882
87 37 3918885
89 61 3918889
89 49 3918898
89 52 3918905
91 57 3918913
91 93 3918913
92 14 3918914
92 16 3918919
92 17 3918926
93 90 3918928
94 69 3918937
94 10 3918946
94 53 3918954
