26
289
true
0 13 16
0 24 8
0 8 7
0 19 8
0 23 5
0 11 17
0 16 3
1 24 17
1 7 15
1 22 6
1 14 8
1 13 16
2 23 1
2 15 2
2 4 4
2 20 3
3 19 14
3 24 18
3 4 12
3 9 14
3 22 0
3 21 2
3 12 1
3 7 1
3 11 3
3 1 18
3 13 3
3 18 4
3 17 13
3 5 0
3 10 13
3 15 14
3 25 7
3 0 18
3 16 14
3 20 1
3 8 12
3 2 13
3 6 12
3 23 2
3 14 11
4 18 15
5 13 2
5 0 0
5 9 9
5 23 0
5 17 13
5 19 1
5 6 7
5 22 17
6 23 8
6 20 7
6 17 14
6 18 17
6 1 3
6 4 12
6 16 5
6 8 12
6 10 8
6 14 5
6 12 15
6 19 12
6 2 8
6 22 18
6 0 10
6 25 4
7 2 2
7 15 0
7 6 18
7 21 1
7 24 8
7 3 12
8 25 11
8 7 11
8 16 1
8 14 5
8 18 16
8 0 6
8 21 13
8 10 4
8 3 3
8 19 12
8 20 5
8 6 16
9 25 18
9 17 7
9 10 18
9 1 3
9 4 18
9 22 6
9 23 3
9 16 7
9 6 2
9 11 14
9 21 5
9 13 16
9 8 13
9 20 18
10 22 7
10 18 17
10 20 12
10 14 7
10 16 17
10 9 6
10 0 3
10 19 11
10 17 17
10 6 12
10 12 18
10 21 8
11 19 13
11 25 14
11 18 3
11 6 8
11 0 18
11 9 5
11 2 4
11 21 13
11 3 2
11 20 10
11 12 9
11 23 17
11 22 9
11 4 13
11 8 13
11 24 14
11 15 18
11 5 5
11 17 4
11 1 9
11 7 2
11 13 6
12 1 16
12 24 6
13 2 18
13 22 13
13 14 17
13 9 7
13 25 16
13 5 5
13 1 14
13 7 18
13 11 10
13 23 2
13 24 7
13 19 9
13 3 0
14 10 14
14 16 2
14 22 11
15 21 1
15 6 13
15 22 0
15 0 18
15 2 17
15 17 10
15 11 6
15 12 7
15 18 12
15 5 5
15 3 15
15 23 3
15 19 0
15 14 12
15 13 18
15 1 4
15 10 11
15 20 6
15 24 11
15 9 13
15 25 7
16 6 6
16 21 12
16 10 4
16 9 11
16 4 8
16 18 18
16 22 4
16 25 18
16 17 17
16 12 6
16 23 14
16 5 8
18 9 4
18 6 9
18 22 10
18 5 17
18 23 13
18 12 2
19 20 18
19 8 0
19 12 10
19 6 13
19 14 18
19 21 16
19 11 16
19 24 15
19 3 9
19 13 9
19 0 11
19 16 7
19 2 13
19 18 15
19 15 7
19 7 11
19 10 12
19 17 8
19 22 4
19 1 2
19 9 6
19 25 6
19 5 9
19 23 12
19 4 11
20 22 8
20 13 16
20 8 5
20 0 2
20 6 3
20 14 11
21 14 0
21 2 7
21 0 8
22 4 1
22 24 3
22 25 6
22 19 10
22 23 7
22 1 2
22 9 3
22 0 13
22 16 3
22 17 10
22 7 10
22 5 5
22 14 12
22 2 1
22 20 2
22 10 9
22 18 4
23 2 17
23 7 18
23 5 7
23 21 0
23 14 17
23 18 18
23 3 9
23 24 11
23 0 9
23 20 1
23 4 9
23 11 5
23 16 18
23 15 3
23 22 4
23 1 17
23 13 11
23 17 2
24 10 1
24 17 1
24 6 10
24 0 7
24 21 7
24 4 18
24 3 0
24 2 16
24 15 10
24 16 4
24 23 8
24 25 0
24 14 7
24 9 3
24 22 18
24 1 13
24 19 10
24 18 17
24 20 14
24 7 8
24 5 10
25 8 6
25 6 6
25 18 11
25 10 10
25 15 3
25 21 2
25 19 6
25 3 4
25 9 17
25 4 12
