27
377
true
0 21 16
0 3 8
0 24 7
0 9 2
0 15 5
0 5 17
0 7 5
0 22 3
1 16 17
1 12 15
1 6 6
1 23 16
1 8 12
1 22 9
1 14 5
2 9 3
2 3 18
2 17 6
2 21 0
2 16 6
2 22 18
2 11 13
2 26 13
2 25 0
2 23 7
2 1 0
2 0 5
2 5 3
2 7 18
3 15 13
3 18 18
3 8 0
3 6 1
3 21 2
3 13 13
3 5 14
3 7 17
3 0 7
3 10 2
3 19 18
3 11 9
3 25 13
3 14 14
3 9 1
3 2 12
3 17 6
3 24 16
3 4 10
4 26 8
4 12 2
4 19 9
4 3 9
4 25 1
4 17 10
4 21 18
4 9 17
4 1 9
4 16 7
5 10 14
5 8 6
5 19 13
5 13 5
5 3 10
5 14 9
5 17 4
5 25 11
5 26 9
5 21 16
5 4 9
5 15 0
5 24 9
5 9 3
6 8 15
6 13 4
6 10 2
6 12 13
6 25 7
6 2 7
6 0 16
6 26 7
6 11 11
6 1 3
6 22 13
6 15 3
6 7 0
6 4 17
6 17 13
6 9 17
6 16 6
6 14 13
6 23 15
6 3 9
6 18 5
6 19 15
6 21 3
7 18 9
8 3 15
8 24 9
8 1 10
8 25 0
8 23 13
8 6 12
8 0 7
9 16 12
9 19 5
9 24 11
9 0 12
9 23 2
9 8 1
9 7 0
9 22 9
9 26 13
9 25 1
9 4 17
9 17 9
9 10 15
9 5 13
9 3 4
9 12 10
9 20 4
9 1 3
9 14 16
9 15 7
9 11 6
9 21 0
9 18 18
10 15 2
10 1 18
10 25 10
10 20 0
10 13 18
10 2 4
10 8 10
10 11 7
10 26 15
10 3 7
10 16 11
10 18 11
10 12 1
10 4 5
10 6 16
10 23 4
10 0 12
10 21 1
10 5 2
10 7 14
10 22 2
12 13 14
12 5 13
12 7 9
12 10 15
12 1 4
12 4 14
12 15 4
12 2 2
12 6 9
12 20 7
12 21 17
12 0 12
12 9 7
12 22 6
12 18 6
12 8 3
12 25 12
12 3 1
12 16 7
12 24 16
12 11 0
12 14 5
12 19 13
12 17 6
13 26 18
13 16 13
13 22 17
13 4 7
13 5 16
13 9 5
13 18 14
13 14 9
13 1 6
13 19 16
13 24 4
13 11 3
13 17 1
13 25 13
13 2 0
13 3 10
13 6 12
13 23 15
13 10 0
13 7 5
13 15 11
13 20 5
13 0 8
13 8 12
13 21 10
14 9 1
14 8 6
14 11 14
14 12 18
14 5 8
14 25 3
14 2 4
14 0 9
14 17 10
14 7 13
14 1 11
14 4 12
15 10 9
15 26 17
15 2 10
15 5 13
15 14 18
15 16 16
15 11 16
15 23 15
15 22 9
15 17 9
15 7 1
15 18 7
15 20 13
15 25 18
15 21 7
15 12 12
15 0 4
15 3 1
15 24 4
15 4 14
15 1 2
15 8 8
15 6 12
15 9 6
15 13 12
15 19 17
16 8 5
16 3 9
16 2 7
16 5 0
16 18 7
16 4 5
16 15 12
16 25 16
16 20 10
16 9 10
17 9 4
17 8 8
17 16 12
17 22 14
17 13 10
17 4 6
17 0 4
17 2 11
17 3 12
17 19 17
17 10 17
17 21 5
17 18 2
17 5 12
17 14 4
17 26 12
17 11 12
17 7 0
18 3 7
18 9 18
18 6 3
19 18 12
19 16 6
19 8 14
19 11 2
19 13 6
19 21 5
19 26 12
19 3 12
19 0 6
19 2 17
20 18 6
20 19 5
20 4 8
20 15 14
20 0 8
20 22 10
20 9 14
20 8 5
20 14 0
20 13 13
20 3 18
20 12 15
20 10 8
20 17 11
20 26 6
20 2 9
20 23 12
20 1 8
20 11 7
20 21 0
20 25 8
21 16 14
21 3 2
21 25 5
21 10 14
21 14 7
21 26 1
21 1 7
21 8 9
21 22 4
21 15 15
21 12 3
21 5 0
21 19 1
21 6 17
21 23 7
21 17 15
21 7 16
22 11 10
22 14 4
22 19 11
22 10 15
22 9 15
22 23 12
22 17 17
22 13 15
22 7 12
22 24 3
22 2 6
22 3 1
22 18 5
22 0 8
22 15 11
23 10 7
23 2 4
23 1 15
23 16 18
23 8 2
23 21 17
24 15 3
24 1 13
24 7 15
24 26 1
24 20 14
24 19 5
24 5 5
24 4 5
24 12 11
24 3 2
24 11 2
24 0 7
24 21 5
24 14 10
24 8 17
24 10 8
24 25 18
24 6 6
24 9 17
25 9 0
25 14 8
25 15 9
25 20 3
25 11 9
25 10 7
25 7 7
25 18 4
25 8 8
25 16 1
25 22 17
25 5 4
25 2 0
25 3 17
25 0 12
25 6 3
26 18 9
26 0 5
26 11 13
26 5 4
26 24 13
26 15 11
26 4 17
26 13 14
