30
438
true
0 27 16
0 6 8
0 18 7
0 15 8
0 23 17
0 13 5
0 4 3
0 25 18
0 26 17
0 17 6
0 3 14
0 7 10
0 12 3
0 9 18
0 24 0
0 5 10
0 28 12
0 8 13
0 20 13
0 1 1
0 22 0
0 19 0
0 11 15
2 4 0
2 28 16
2 19 10
2 20 14
2 6 16
2 0 18
2 10 16
2 13 10
2 17 15
2 18 15
2 24 14
2 1 0
2 22 12
2 8 14
2 9 16
2 15 12
3 11 10
3 8 2
3 0 3
4 16 11
4 28 13
4 2 8
4 6 2
4 25 9
4 29 15
4 18 9
4 9 16
4 19 1
4 27 17
4 14 11
4 10 14
4 21 18
4 20 5
4 24 5
4 3 12
4 0 17
4 22 4
4 7 7
4 11 7
4 12 16
5 1 10
5 6 4
5 27 16
5 16 8
5 24 17
5 4 11
5 28 2
5 17 8
6 26 9
6 7 17
6 1 17
6 23 11
6 14 13
6 20 10
6 4 1
6 19 18
6 21 17
6 9 9
6 17 13
6 15 12
6 11 13
6 0 9
7 24 7
7 21 8
7 27 14
7 16 16
7 23 14
7 28 15
7 4 9
7 15 9
7 18 6
7 1 12
7 5 5
7 19 18
8 18 17
8 17 13
8 25 10
8 1 7
8 26 13
8 11 2
8 5 6
8 15 5
8 4 13
8 7 15
8 28 0
8 0 15
8 3 9
8 13 10
8 9 17
8 23 13
8 24 12
8 21 7
8 10 12
8 29 1
8 16 15
9 17 2
9 10 0
9 19 9
9 21 0
9 11 13
9 13 1
9 28 17
9 14 9
9 4 15
9 5 16
9 2 13
9 0 1
9 27 4
9 26 6
9 16 1
9 18 10
9 7 4
9 29 16
9 3 11
9 20 16
9 22 10
9 23 6
10 26 4
10 3 7
10 4 9
10 21 12
11 22 2
11 23 10
11 14 13
11 10 5
11 9 0
11 19 3
11 0 18
11 29 12
11 3 18
11 21 0
11 4 14
11 1 9
11 13 0
11 2 7
11 20 13
11 16 2
11 17 0
11 7 1
11 5 12
11 26 14
11 24 13
11 8 18
11 25 18
11 27 7
11 28 13
11 6 2
11 12 18
11 18 9
12 0 14
12 14 3
12 10 8
12 22 10
12 13 11
12 4 12
13 25 10
13 17 18
13 27 13
13 23 14
13 0 3
13 4 8
13 14 13
13 20 10
13 12 4
13 19 2
14 9 16
14 6 18
14 18 5
14 25 15
14 21 16
14 10 2
14 15 5
14 3 1
14 8 0
14 17 5
14 11 11
14 16 11
14 0 8
14 19 5
14 23 3
14 7 16
14 24 14
14 12 10
14 13 4
14 4 0
14 2 0
14 26 18
15 2 3
15 27 2
15 3 6
15 16 12
15 22 6
15 8 5
15 20 18
15 10 13
15 28 17
15 1 7
15 5 16
15 19 10
15 25 2
15 23 9
15 4 6
15 17 9
16 20 9
16 13 6
16 0 14
16 26 2
16 3 8
16 28 6
16 21 7
16 12 7
16 9 14
16 22 18
16 2 7
16 11 10
16 25 0
16 6 5
16 19 0
16 18 10
16 1 5
16 10 13
16 8 4
16 23 16
16 24 15
16 5 11
17 1 8
17 25 18
17 13 11
17 10 17
17 28 1
17 19 13
17 2 17
17 16 12
17 4 16
17 3 11
17 23 5
17 27 13
17 8 6
17 18 8
17 24 7
17 5 12
18 22 4
18 6 5
18 29 18
18 15 1
18 8 6
18 23 14
18 21 18
18 17 8
18 28 3
18 5 4
18 14 10
18 27 17
18 1 13
18 16 15
18 20 2
18 7 11
18 10 12
18 2 13
18 12 12
18 9 14
18 25 7
18 13 12
19 16 16
19 20 13
19 8 13
19 2 15
19 4 18
19 15 7
19 5 6
19 29 11
19 26 13
19 12 12
19 21 8
19 24 4
21 15 4
21 29 2
21 4 15
21 27 9
21 3 11
21 12 4
21 16 14
21 11 6
21 19 4
21 10 2
21 9 15
21 5 9
21 2 5
21 1 15
21 18 4
21 22 9
21 14 2
21 20 16
21 24 7
21 0 11
21 28 4
21 6 0
21 17 5
21 25 4
21 7 18
21 13 14
21 23 0
21 8 1
21 26 6
22 8 5
22 5 18
22 29 0
22 1 13
22 0 18
22 18 15
22 25 8
22 2 11
22 21 17
22 27 6
22 9 14
22 6 8
23 11 18
23 29 11
23 15 12
23 21 3
23 8 9
23 27 8
23 3 2
23 17 0
23 0 10
23 18 16
23 2 8
23 26 0
23 9 14
23 20 11
23 7 17
23 22 10
23 1 10
23 24 2
23 25 5
23 19 14
23 14 9
23 13 4
24 21 6
24 22 8
24 3 2
24 25 9
24 10 1
24 27 3
24 28 5
24 17 10
24 14 16
24 7 18
24 2 10
24 20 4
24 16 11
24 29 14
24 4 15
25 11 16
25 22 15
25 10 10
25 0 6
26 27 1
26 28 14
26 16 11
26 24 5
26 20 10
26 3 8
26 4 5
26 9 10
26 15 15
26 1 5
26 2 5
26 12 3
26 7 15
26 5 1
26 17 5
26 25 7
26 21 11
26 6 2
26 11 10
26 0 13
26 22 8
26 8 11
26 14 15
26 19 12
26 10 18
26 13 17
26 18 5
26 23 4
27 16 15
27 20 12
27 4 6
27 8 9
27 23 12
27 12 9
27 28 0
27 3 11
27 5 13
27 25 7
27 2 7
27 17 9
28 5 17
28 8 18
28 25 12
28 1 16
28 19 13
28 22 5
28 12 10
28 7 15
28 27 9
28 20 8
28 13 6
28 26 6
28 14 3
28 3 5
28 4 11
28 2 0
29 24 5
29 27 8
