42
790
true
0 21 16
0 6 7
0 12 2
0 35 17
0 13 5
0 16 3
0 7 18
0 38 17
0 29 6
0 39 14
0 19 10
0 8 4
0 36 3
0 3 18
0 24 0
0 31 6
0 17 10
0 34 12
0 32 13
0 26 13
0 1 1
0 5 7
0 33 5
0 40 18
0 25 0
0 41 0
0 9 1
0 11 2
0 18 1
1 5 9
1 4 2
1 37 13
1 38 14
1 11 13
1 13 18
1 23 1
1 24 1
1 3 5
1 16 3
1 8 3
1 10 2
1 9 5
1 12 6
1 40 17
1 30 12
1 39 16
1 18 16
1 27 7
1 19 10
1 20 12
1 29 10
2 17 1
2 12 12
2 10 11
2 34 13
2 26 8
2 18 2
2 25 9
2 11 15
2 30 9
2 33 16
2 7 1
2 40 15
2 5 10
2 39 18
2 22 9
2 28 7
2 20 11
2 8 6
2 21 18
2 24 11
2 35 12
2 27 1
2 36 12
2 6 15
2 38 15
2 31 7
2 14 11
2 13 3
2 32 10
2 23 13
2 16 9
2 15 3
2 3 10
2 0 14
2 1 5
2 41 13
2 4 5
2 19 10
3 29 4
3 28 12
3 15 3
4 3 7
4 11 10
5 19 5
5 24 11
5 15 12
5 0 11
5 23 2
5 35 1
5 10 0
5 3 0
5 1 1
5 16 7
5 22 17
5 4 9
5 38 9
5 26 13
5 9 4
5 18 10
6 33 5
6 18 5
6 15 11
6 12 12
6 37 6
6 38 8
6 20 5
6 10 2
6 14 15
6 2 4
6 4 9
6 9 12
6 28 14
6 22 8
6 21 16
6 30 12
6 16 1
6 34 10
6 11 0
7 20 7
7 26 13
7 40 2
7 29 0
7 22 18
7 1 1
7 4 8
7 23 12
7 16 3
7 19 1
7 31 11
7 8 14
7 3 5
7 12 13
7 17 13
7 38 16
7 0 9
7 13 18
7 15 7
7 37 3
7 10 13
7 36 6
8 20 7
8 18 17
8 39 5
8 11 12
8 14 18
8 34 2
8 24 3
8 28 14
8 13 15
8 16 4
8 4 14
8 3 4
8 6 7
8 12 17
8 22 6
8 21 6
8 0 14
8 37 11
8 31 17
8 10 18
8 9 0
8 36 11
8 1 12
8 35 11
8 17 8
8 33 1
8 25 9
8 15 16
8 26 0
8 29 5
8 5 11
8 19 5
8 7 8
8 40 0
8 38 18
8 2 7
8 30 15
8 23 16
8 41 7
9 39 11
9 17 5
9 20 6
9 13 7
9 36 8
9 35 0
9 28 0
9 4 8
9 24 7
9 10 1
9 15 17
9 16 8
9 21 10
9 25 1
9 29 2
9 27 1
9 40 0
9 11 6
9 3 16
9 32 17
9 1 10
9 38 18
9 34 9
10 39 14
10 18 4
10 29 12
10 3 0
10 37 7
11 22 17
11 8 15
11 31 9
11 37 13
11 5 9
11 7 1
11 18 7
11 28 16
11 32 13
12 27 6
12 33 9
12 2 0
12 14 10
12 39 3
12 23 18
12 31 16
12 11 6
12 22 6
12 35 0
12 16 0
12 36 10
12 28 6
12 3 2
12 30 8
12 0 5
12 13 12
12 5 8
12 6 8
12 40 18
12 15 17
12 1 7
12 20 18
12 29 8
12 7 13
12 24 1
13 17 18
13 3 6
13 18 11
13 16 4
13 6 18
13 9 12
13 24 0
13 8 3
13 23 5
13 26 0
13 40 7
13 12 8
13 37 4
13 27 4
13 38 1
13 30 15
13 36 6
13 32 10
13 0 10
13 21 8
13 5 3
13 19 18
13 2 16
14 15 4
14 25 10
14 29 10
14 17 10
14 19 5
14 1 17
14 16 12
14 13 17
14 24 1
14 18 2
14 2 9
14 40 4
14 39 5
14 36 10
14 11 10
14 32 2
14 9 9
14 26 0
14 34 5
14 27 12
14 37 13
15 41 13
15 9 7
15 26 0
15 21 3
15 0 4
15 23 8
15 31 12
15 7 14
15 34 4
15 16 10
16 20 8
16 24 11
16 3 18
16 1 0
16 12 3
16 21 8
16 8 2
16 7 4
16 28 16
16 4 3
16 40 15
16 37 1
16 14 10
16 9 7
16 22 18
16 35 0
17 33 11
17 29 12
17 12 11
17 7 18
17 13 0
17 27 1
17 30 15
17 11 11
17 25 6
17 14 14
17 23 2
17 19 6
17 3 12
17 1 17
17 2 17
17 21 4
17 18 15
17 26 3
17 38 6
17 36 1
17 5 2
17 39 17
17 10 6
17 32 10
17 9 3
17 41 11
17 15 2
17 0 10
17 8 11
17 22 10
17 24 8
17 34 1
17 31 6
17 35 7
18 14 16
18 20 12
18 25 18
18 38 10
18 26 4
18 16 11
18 4 15
18 15 15
18 29 14
18 23 12
18 10 12
18 12 3
18 8 6
18 27 1
19 14 7
19 28 1
19 4 9
19 36 0
19 41 1
19 39 3
19 9 5
19 7 7
19 22 15
19 8 4
19 1 18
19 38 2
19 12 15
19 10 1
19 18 2
19 0 7
19 35 9
19 33 17
19 40 13
19 23 8
19 6 11
19 5 0
19 16 18
19 20 15
19 34 11
19 37 16
19 25 16
19 29 0
20 30 15
20 38 11
20 7 18
20 32 15
21 14 0
23 0 11
23 30 0
23 17 8
23 33 9
23 11 3
23 19 7
23 37 7
23 9 4
23 14 8
23 4 1
23 31 1
23 7 9
23 5 4
23 38 0
23 3 2
23 8 3
23 16 7
23 6 13
23 21 17
23 41 9
23 34 8
23 25 13
23 27 12
23 20 16
23 36 17
23 10 0
23 29 14
23 2 12
23 28 6
23 40 0
24 26 11
24 17 10
24 33 7
24 13 16
24 11 3
24 4 9
24 7 5
24 23 17
24 32 18
24 25 12
24 16 5
24 12 10
24 19 0
24 10 11
24 28 3
24 9 9
24 31 11
24 14 6
24 0 18
24 40 14
24 38 0
24 5 11
24 2 12
24 34 18
24 30 18
24 22 10
24 21 3
24 18 16
24 41 1
24 37 6
24 15 16
24 8 9
24 39 9
24 35 1
24 1 1
24 27 9
24 6 5
24 29 18
24 3 3
26 17 2
26 23 15
26 38 0
26 27 9
26 13 3
26 5 11
26 7 3
26 35 8
26 10 6
26 31 0
26 19 2
26 34 15
26 41 10
26 22 12
26 39 10
26 2 18
26 40 7
26 0 9
26 4 4
26 8 11
26 32 6
26 37 7
26 20 0
26 18 9
26 21 3
26 11 15
26 12 1
26 36 17
26 29 2
26 15 15
26 1 7
26 28 2
26 24 18
26 33 13
26 3 13
26 16 11
26 6 8
26 25 1
26 9 4
27 9 9
27 35 18
27 40 4
27 34 18
27 17 6
27 30 6
27 3 5
27 18 9
27 22 12
27 28 0
27 37 0
27 38 15
27 39 4
27 21 4
27 12 2
27 14 3
27 7 7
27 33 18
27 29 7
27 20 9
27 16 15
27 31 2
27 11 6
27 6 13
27 2 13
27 26 15
27 10 13
27 8 17
27 24 4
27 25 11
27 36 9
27 15 6
28 21 14
28 10 16
28 11 0
28 0 10
28 8 18
28 32 5
28 33 4
28 24 5
28 3 7
28 18 17
28 34 13
28 19 2
28 30 15
28 7 0
28 37 15
28 5 1
28 25 17
28 12 12
28 31 7
28 20 9
28 26 7
28 22 18
28 13 14
28 16 6
28 35 0
28 17 7
28 14 7
28 4 7
28 29 18
28 36 8
28 23 18
28 6 4
28 2 17
28 38 2
29 37 2
29 38 0
29 31 9
29 1 10
29 41 18
29 0 11
29 39 8
29 17 15
29 18 18
29 21 4
29 19 18
29 24 11
30 19 6
30 31 3
30 39 14
30 4 17
30 23 7
30 0 14
30 11 9
30 6 18
30 12 3
30 14 1
30 2 17
30 17 1
30 10 3
30 35 0
30 5 8
30 34 6
30 27 11
30 20 4
30 7 11
30 1 11
30 36 7
30 8 8
30 28 14
30 18 11
30 24 0
30 25 12
31 25 3
31 8 8
31 27 18
31 33 7
31 6 2
31 1 6
31 3 10
31 20 12
31 24 5
31 2 5
31 40 12
31 17 17
31 12 18
31 32 8
31 41 4
31 14 9
31 4 1
31 5 2
31 9 5
31 15 7
31 35 3
31 34 9
31 10 8
31 39 18
31 22 12
31 30 18
31 29 10
31 7 10
31 36 6
31 28 13
31 11 5
32 4 18
32 6 1
32 23 9
32 25 12
32 29 16
32 36 0
32 26 7
32 13 6
32 34 14
32 37 1
32 15 3
32 20 18
32 41 7
32 17 18
32 10 13
32 1 8
32 27 5
32 16 13
32 21 11
32 31 10
32 5 6
32 24 5
32 33 6
32 3 14
32 30 1
32 0 6
32 14 12
32 18 6
32 35 17
32 38 13
32 11 11
32 39 9
32 8 1
33 35 10
33 9 7
33 14 13
33 1 17
33 15 17
33 20 3
33 4 7
33 36 18
33 8 18
33 30 14
33 24 9
33 31 8
33 38 12
33 34 6
33 29 10
33 5 13
33 18 18
33 11 16
33 39 18
34 40 6
34 15 6
34 27 7
34 10 7
34 1 11
34 35 9
34 22 5
34 14 5
34 0 9
34 2 16
34 7 4
34 39 6
34 8 9
34 28 0
34 18 10
34 33 12
34 11 9
34 6 4
34 36 6
34 41 9
34 4 11
34 26 9
34 19 16
34 37 5
34 31 6
34 3 0
34 23 14
34 30 6
34 9 6
34 16 16
34 13 4
35 40 17
35 4 5
35 13 7
35 2 9
35 5 12
35 23 14
36 17 6
36 20 8
36 26 17
36 9 13
36 32 8
36 3 7
37 31 17
37 22 13
37 15 5
37 16 7
37 27 0
38 13 8
38 1 18
38 33 0
38 21 1
38 23 0
38 24 17
38 41 5
38 39 14
38 27 17
38 14 9
38 2 4
38 20 14
38 29 15
39 36 15
39 33 6
39 1 3
39 4 3
39 22 11
39 8 12
39 9 11
40 13 6
40 19 11
40 4 7
40 14 11
41 18 14
41 40 14
41 34 12
41 39 8
41 6 5
41 0 2
41 33 4
41 3 10
41 32 14
41 21 10
41 7 18
41 5 18
41 26 4
41 12 14
41 27 16
41 20 13
41 10 8
41 15 15
41 22 17
