49
1003
true
0 35 0
0 34 9
0 43 0
0 4 15
0 12 16
0 47 10
0 46 12
0 25 12
0 17 14
0 6 7
0 37 6
0 48 0
0 31 0
0 14 13
0 30 11
0 36 8
0 5 5
0 7 4
0 23 2
0 26 1
0 42 16
0 28 8
0 40 10
1 6 4
1 36 11
1 44 4
1 33 6
1 41 12
1 3 14
3 11 8
3 35 13
3 31 15
3 18 6
3 39 4
3 19 1
3 29 0
3 20 5
3 47 2
3 44 5
3 45 2
3 1 16
3 22 3
4 25 7
4 46 10
4 37 12
4 0 0
4 47 13
4 41 4
5 22 6
5 29 7
5 7 7
5 20 4
5 28 5
5 16 9
5 24 7
6 46 11
6 36 7
6 2 3
6 10 13
6 47 4
6 12 15
6 42 8
6 32 3
6 30 11
6 5 2
6 23 13
6 29 9
6 16 14
6 11 13
6 14 7
6 41 12
6 0 13
6 35 2
6 9 2
6 28 13
6 7 6
6 39 13
6 20 7
6 40 6
6 13 10
7 33 17
7 0 15
7 8 10
7 13 15
7 26 13
7 38 17
7 17 7
7 10 13
8 2 0
8 17 12
8 30 8
8 16 16
8 35 7
8 42 13
8 5 17
8 37 13
8 11 9
8 26 5
8 23 5
8 27 11
8 40 0
8 34 10
9 19 3
9 48 10
9 40 7
9 47 4
9 12 17
9 22 8
9 46 11
9 30 12
9 20 13
9 25 13
9 14 9
9 4 2
9 18 14
9 21 0
9 33 9
9 2 10
9 29 2
9 17 12
9 35 5
9 23 7
9 3 13
9 10 5
9 13 7
9 32 9
9 15 11
9 36 6
9 37 12
9 24 2
9 27 6
9 31 3
9 41 16
9 26 1
9 34 4
9 16 6
9 38 11
9 7 6
9 1 16
9 28 17
9 0 14
9 43 3
9 6 8
10 34 1
10 33 10
10 2 18
10 45 3
10 14 11
10 36 1
10 46 17
10 16 15
10 12 11
10 27 10
10 19 5
10 38 12
10 17 11
10 41 16
10 31 15
10 37 11
11 24 12
11 43 1
11 44 6
11 32 3
11 47 3
11 25 2
11 34 12
11 21 16
11 27 8
11 23 0
11 10 1
11 13 7
11 15 7
11 8 6
11 42 0
11 35 4
11 38 7
11 1 18
11 22 10
11 6 7
11 3 9
11 31 14
11 36 13
11 28 3
11 2 17
11 18 12
11 39 5
11 46 0
11 19 2
11 16 16
11 37 15
11 17 4
11 45 0
11 5 2
11 26 9
11 0 14
11 12 18
11 40 16
11 7 3
11 14 0
11 48 17
11 20 8
11 30 8
11 9 5
11 29 3
11 33 10
12 13 10
12 15 11
12 9 7
12 48 2
12 43 9
12 14 5
12 42 2
12 18 11
12 46 18
12 23 7
12 34 17
12 32 6
12 20 0
12 21 9
12 4 15
12 5 18
12 11 16
12 19 2
12 40 14
12 16 4
12 1 6
13 24 13
13 11 9
13 4 1
13 1 12
13 45 2
13 36 11
13 22 9
13 8 3
13 16 7
13 26 18
13 32 1
13 33 10
13 31 15
13 5 7
13 39 17
13 0 12
13 41 7
13 30 17
13 43 12
13 29 16
13 7 4
13 2 3
13 47 9
13 23 5
13 20 8
13 15 0
14 44 18
14 5 4
14 42 11
14 34 5
14 48 0
14 1 0
14 21 16
14 4 11
14 8 3
14 43 10
14 19 14
14 35 15
14 10 16
14 20 5
14 33 7
15 43 8
15 39 15
15 40 16
15 48 1
15 20 14
15 28 4
15 29 10
15 21 15
15 19 2
15 23 12
15 47 1
15 27 3
15 37 7
15 24 14
15 22 9
15 46 15
15 33 13
15 45 0
15 6 11
15 17 9
15 1 13
15 8 4
15 13 16
15 42 7
15 11 3
15 10 0
15 7 18
15 2 0
15 34 9
15 38 13
15 16 8
15 35 7
15 9 12
15 44 18
15 14 14
15 25 11
15 32 3
15 4 13
15 31 13
15 30 7
16 48 2
16 34 6
16 12 5
16 13 16
16 4 8
16 9 2
16 33 9
16 5 11
16 31 13
16 15 2
16 40 10
16 24 4
16 21 17
16 6 13
16 7 3
16 38 2
16 28 16
16 36 18
16 43 1
16 25 7
16 27 15
16 22 14
16 32 9
16 44 13
16 39 5
16 35 3
16 30 4
17 10 18
17 20 8
17 27 14
17 4 5
17 45 12
17 25 5
17 35 17
17 13 11
17 6 6
17 12 6
17 37 17
17 5 12
17 41 11
17 24 4
17 14 9
17 31 15
17 18 7
17 30 17
17 0 8
17 9 11
17 1 3
17 29 15
17 32 5
17 44 3
17 36 15
17 40 16
17 11 1
18 17 9
18 20 12
18 14 1
18 11 11
18 47 7
18 15 15
18 42 5
18 6 5
18 40 9
18 19 6
18 30 3
19 0 11
20 16 12
20 28 0
20 34 9
20 32 10
20 12 17
20 4 16
20 1 0
20 2 0
20 8 16
20 47 8
20 18 1
20 24 4
20 33 1
20 37 15
20 29 17
20 22 18
20 21 17
20 17 15
20 27 8
20 38 10
20 14 16
20 36 15
20 30 9
21 3 5
21 40 6
21 43 15
21 18 14
21 2 9
21 22 15
21 13 8
21 26 14
21 1 1
21 42 7
21 10 5
21 16 16
21 4 9
21 31 2
22 33 12
22 32 12
22 26 12
22 10 17
22 45 7
22 11 16
22 44 3
22 12 17
22 23 1
22 28 8
22 36 17
22 30 9
22 2 6
22 35 1
22 7 11
22 42 3
22 19 7
22 20 0
22 25 3
22 8 18
22 13 5
22 48 9
22 40 16
22 0 18
22 34 8
23 32 11
23 24 6
24 34 9
24 1 16
24 45 15
24 48 4
24 7 9
24 41 5
24 15 17
24 30 3
24 46 8
24 44 7
24 35 9
24 47 17
24 27 4
24 13 10
24 26 6
25 38 12
25 33 8
25 1 16
25 31 18
25 15 2
25 24 10
25 7 4
25 20 13
25 43 14
25 42 1
25 14 8
25 4 6
25 0 5
25 9 16
25 29 11
25 34 6
25 32 1
25 11 11
25 6 1
25 12 16
25 41 8
25 18 4
25 35 4
25 45 16
25 48 9
25 39 14
25 17 7
25 8 16
25 26 3
25 10 17
25 27 2
25 13 4
25 30 8
25 3 13
25 22 6
25 37 6
25 40 15
25 36 0
25 16 17
25 2 16
25 5 12
26 23 12
26 3 10
26 43 7
26 27 0
26 14 7
26 2 6
26 36 12
26 20 12
26 25 4
26 17 0
26 31 8
26 18 18
26 7 6
26 34 15
26 15 7
26 28 8
27 20 1
27 6 3
27 26 8
27 9 10
27 3 18
27 30 12
27 33 8
27 42 17
27 36 14
27 12 2
27 39 11
27 18 9
27 16 16
27 22 17
27 19 4
27 32 3
27 0 10
27 38 2
27 46 15
27 44 5
27 48 4
27 28 3
27 14 11
28 38 15
28 44 10
28 43 11
28 48 5
28 45 5
28 30 4
28 27 0
28 40 3
28 47 15
28 36 15
28 12 9
28 11 9
28 31 3
28 39 5
28 34 0
28 46 15
28 19 11
28 26 2
28 20 17
28 14 5
29 13 18
29 30 9
29 39 5
29 3 17
29 37 1
29 8 12
29 43 9
29 45 2
29 32 4
29 17 4
29 44 3
29 11 2
29 26 12
29 15 18
29 2 4
29 41 12
29 18 14
29 27 17
29 0 12
29 21 16
29 42 17
29 1 9
29 35 0
29 5 0
29 38 9
29 7 3
29 19 14
29 14 15
29 6 17
29 31 15
29 36 6
29 46 1
30 41 7
30 45 11
30 38 3
30 1 17
30 10 13
30 7 9
30 27 1
30 19 7
30 44 13
30 31 6
30 29 7
30 26 14
30 9 10
30 40 0
30 18 12
30 39 13
30 37 18
30 17 16
30 22 14
30 3 7
30 35 18
30 42 6
30 15 18
30 34 11
30 25 14
31 32 2
31 39 0
31 18 15
31 12 18
31 1 6
31 13 12
31 6 15
31 24 8
31 19 3
31 25 5
31 44 3
31 47 3
31 29 10
31 34 8
31 8 6
31 15 8
31 5 6
31 9 14
31 0 14
31 26 16
31 38 9
31 40 0
31 10 12
31 35 8
32 45 0
33 17 8
33 0 10
33 30 5
33 10 1
33 7 6
33 43 6
33 37 18
33 22 7
33 28 3
33 13 15
33 29 7
33 14 2
33 9 1
34 44 4
34 20 9
34 14 4
34 13 0
34 36 8
34 38 15
34 3 2
34 0 7
34 23 8
34 27 9
35 34 11
35 28 4
35 15 15
35 37 6
35 6 16
37 26 17
37 47 14
37 6 8
37 43 18
37 19 7
38 32 8
38 26 17
38 5 6
38 28 14
38 7 1
38 43 2
38 9 1
38 48 2
38 30 6
38 47 13
38 4 4
38 33 8
38 45 4
38 37 12
38 21 1
38 6 12
38 25 7
38 8 8
38 19 7
38 1 11
38 14 8
38 46 10
38 11 9
38 23 4
38 22 16
38 2 17
38 29 1
38 27 5
38 18 18
38 20 3
38 3 14
38 31 8
38 17 5
39 44 5
39 13 13
39 47 14
39 41 5
39 26 1
39 34 2
39 7 5
39 40 7
39 6 6
39 0 18
39 16 17
39 36 12
39 1 14
39 28 1
39 22 9
39 37 7
39 29 9
39 2 8
39 33 7
39 20 1
39 9 0
39 17 18
39 4 10
39 18 0
39 3 0
39 12 11
39 38 17
39 21 12
39 30 8
39 45 14
39 27 7
39 35 15
39 48 0
39 8 7
39 24 6
39 19 5
39 46 15
39 5 10
39 11 16
39 14 1
40 39 4
40 10 14
40 7 5
40 45 3
40 1 12
40 35 6
40 0 13
40 15 7
40 26 18
40 13 0
40 11 3
40 19 1
40 12 7
40 43 5
40 29 10
40 5 7
40 6 10
40 27 7
40 32 18
40 3 5
40 30 3
40 20 0
40 42 14
40 4 9
40 38 2
40 9 14
40 46 3
41 27 3
41 12 0
41 8 16
41 4 3
41 40 17
41 35 10
41 3 17
41 9 1
41 5 3
41 20 14
41 26 8
41 37 1
41 7 4
41 36 17
41 38 11
41 43 0
41 23 10
41 1 17
41 44 10
41 2 7
41 32 16
41 45 0
41 21 3
41 39 9
42 3 6
42 7 1
42 24 0
42 22 11
42 15 14
42 48 17
42 37 5
42 44 4
42 6 18
42 34 2
42 10 2
42 21 17
42 46 3
42 1 2
42 30 3
42 16 11
42 18 7
42 12 13
42 35 0
42 5 15
42 23 14
42 28 16
42 38 13
42 19 0
42 26 9
42 41 1
42 11 14
42 45 9
42 13 16
42 47 4
42 29 11
42 25 6
43 0 16
43 4 13
43 48 4
43 16 6
43 6 3
43 35 5
43 38 6
43 28 7
44 2 10
44 9 14
44 24 1
44 36 15
44 25 2
44 13 13
44 17 12
44 47 13
44 37 12
44 35 10
44 18 15
44 3 5
44 12 12
44 19 10
44 22 2
44 48 2
44 39 1
44 26 10
44 46 16
44 34 8
44 29 6
44 38 1
44 20 17
44 27 9
45 23 8
45 22 2
45 8 12
45 29 14
45 21 10
45 5 5
45 44 2
45 33 6
45 10 11
45 47 18
45 36 1
45 7 1
45 46 7
45 9 16
45 0 10
45 43 0
45 42 0
45 15 15
45 19 5
45 32 18
45 4 1
45 48 12
45 11 9
45 3 9
45 1 17
45 31 16
45 25 18
45 39 8
45 41 1
45 17 16
45 18 11
45 26 1
45 40 10
45 38 9
45 13 17
45 24 16
45 20 8
45 14 13
45 27 9
45 35 4
45 12 10
45 34 5
45 28 6
45 6 8
45 37 7
46 12 6
46 0 8
46 48 14
46 6 7
46 2 18
46 47 7
46 20 11
46 33 3
46 22 18
46 42 0
46 37 17
46 19 17
46 15 0
46 34 10
46 43 14
46 7 9
46 8 18
46 24 9
46 11 15
46 35 15
46 32 9
46 21 13
46 27 17
46 18 11
46 10 18
46 28 1
46 39 6
46 38 10
46 30 4
46 40 9
46 3 7
46 5 7
46 25 18
46 1 16
46 44 0
46 4 11
46 9 0
46 45 10
46 26 9
47 28 4
47 45 8
47 18 4
47 9 8
47 43 11
47 22 8
47 17 14
47 3 10
47 10 11
47 20 4
47 42 7
47 25 0
47 14 8
47 23 6
47 16 13
47 48 8
47 35 3
47 8 17
47 1 10
47 29 17
47 7 4
47 13 9
47 33 12
47 44 6
47 4 11
47 46 8
47 26 16
47 5 3
47 30 0
47 39 5
47 21 8
47 37 16
47 38 9
47 31 15
47 11 15
47 27 2
47 2 2
47 15 8
47 40 16
47 0 1
47 41 10
47 36 12
47 34 0
47 6 0
47 24 16
48 25 9
48 30 18
48 36 14
48 15 10
48 14 18
48 29 17
48 8 10
48 13 8
48 16 5
48 32 14
48 11 0
48 0 3
48 40 5
48 2 15
48 45 10
48 23 14
48 20 4
48 35 13
48 37 13
