50
1415
true
0 45 0
0 6 12
0 32 8
0 38 10
0 13 5
0 46 18
0 27 14
0 3 2
0 18 18
0 17 16
0 28 12
0 10 12
0 39 16
0 9 11
0 15 5
0 40 12
0 1 17
0 29 9
1 45 11
1 3 3
1 28 6
1 41 0
1 18 4
2 1 0
2 14 17
2 46 13
2 13 18
2 25 2
2 43 14
2 42 3
2 15 16
2 7 4
2 37 6
2 41 18
2 18 11
2 17 17
2 23 16
2 36 1
2 30 14
2 11 12
2 6 7
2 49 1
2 38 1
2 40 0
2 29 9
2 28 5
2 24 13
2 9 1
2 26 9
2 3 0
2 34 15
2 48 16
2 4 3
2 35 7
2 20 5
2 5 8
2 21 9
2 44 15
2 22 18
2 47 7
2 12 5
2 19 7
3 42 12
3 16 4
3 10 10
3 14 1
3 13 14
3 46 8
3 2 13
3 20 18
3 5 7
4 46 3
4 16 17
4 28 18
4 21 0
4 45 11
4 12 9
4 41 6
4 3 8
4 42 1
4 13 2
4 1 6
4 11 3
4 6 13
4 15 14
5 14 14
5 37 4
5 35 8
5 43 11
5 20 17
5 12 13
5 15 0
5 18 9
5 41 8
5 3 15
5 33 16
5 4 8
5 28 8
5 16 7
5 10 18
5 49 6
5 8 5
5 45 15
5 17 1
5 2 5
5 11 11
6 23 9
6 46 15
6 49 12
6 1 11
6 10 17
6 11 15
6 26 16
6 17 17
6 41 6
6 29 10
6 18 1
6 45 6
6 35 15
6 36 13
6 31 16
6 8 7
6 13 18
6 34 6
6 15 11
6 7 0
6 4 9
6 40 3
6 2 18
6 0 16
6 48 16
6 24 14
6 9 12
6 14 8
6 43 14
6 32 4
6 22 5
6 25 17
6 47 7
6 19 12
6 20 18
6 44 7
6 37 5
6 38 16
6 42 12
6 16 15
7 15 4
7 10 18
7 40 9
7 20 11
7 2 5
7 34 10
7 1 12
7 17 0
7 13 8
7 4 2
7 24 5
7 39 7
7 27 6
7 19 4
7 16 11
7 23 13
7 43 8
7 37 10
7 3 3
7 8 5
7 48 3
7 29 7
7 25 13
7 9 4
7 35 7
7 42 3
7 30 1
7 14 9
7 28 15
7 38 7
7 49 5
7 5 0
7 22 10
7 32 5
7 18 13
7 6 0
7 44 8
7 11 3
7 47 7
7 46 16
7 26 17
7 33 7
7 36 9
7 21 12
7 12 6
7 45 8
7 0 3
8 47 4
8 37 12
8 38 0
8 11 0
8 10 6
8 48 0
8 24 8
8 6 1
8 22 1
8 44 9
9 12 13
9 22 9
9 34 15
9 23 0
9 46 10
9 21 6
9 49 13
9 30 16
9 32 11
9 3 11
9 27 9
9 48 10
9 29 4
9 0 2
9 42 10
9 18 8
9 2 15
9 15 7
9 38 16
9 10 9
9 43 8
9 24 10
9 36 6
9 5 16
9 6 6
9 20 0
9 25 1
9 41 12
9 45 13
9 16 0
9 11 8
9 47 15
9 14 12
9 44 11
9 35 1
9 17 3
9 33 9
9 4 8
9 1 12
10 26 0
10 45 6
10 35 0
10 4 2
10 13 13
10 12 3
10 39 10
10 15 11
10 25 10
10 47 12
10 40 2
10 29 10
10 24 14
10 41 7
10 18 15
10 38 16
10 32 1
10 0 0
10 43 3
10 21 17
10 22 0
10 33 8
10 49 16
10 34 14
10 19 18
10 5 1
10 9 11
10 17 16
10 23 17
10 30 13
10 37 12
10 27 6
10 44 15
10 42 12
10 28 4
10 46 12
10 2 18
10 11 0
10 3 10
10 48 9
10 7 12
10 8 12
10 6 1
10 31 14
11 30 17
11 48 0
11 4 7
11 28 17
11 49 17
11 8 6
11 5 16
11 27 9
11 16 13
11 0 7
11 45 6
11 2 13
11 3 14
11 31 18
11 14 16
11 44 0
11 40 13
11 18 6
11 20 16
11 29 11
11 22 11
11 12 8
11 23 4
11 38 8
12 41 3
12 2 6
12 8 15
12 42 15
12 30 7
12 0 18
12 6 14
12 1 1
12 31 14
12 24 10
12 40 3
12 11 10
12 37 1
12 13 3
12 28 17
12 4 5
12 25 4
12 17 13
12 46 18
12 21 14
12 44 17
13 6 10
13 15 1
13 22 14
13 7 13
15 33 11
15 29 11
15 46 4
15 20 2
15 35 15
15 4 9
15 39 14
15 28 3
15 7 1
15 30 14
15 24 8
15 44 14
15 3 13
15 6 15
15 45 4
15 25 7
15 8 0
15 18 8
15 1 15
15 43 12
15 48 12
15 5 1
15 23 17
16 27 11
16 10 8
16 33 5
16 11 17
16 45 15
16 20 2
16 37 18
16 26 5
16 6 7
16 29 4
16 47 5
16 15 11
16 42 8
16 9 13
16 14 4
16 2 10
16 7 9
16 36 4
16 48 2
16 0 0
16 25 12
16 24 10
16 49 15
16 17 4
16 31 7
16 46 16
16 43 18
16 21 8
16 44 9
16 23 3
16 22 10
17 36 18
17 14 15
17 18 14
17 4 11
17 26 13
17 35 4
17 33 7
17 22 4
17 7 10
17 8 8
17 27 12
17 34 14
17 49 12
18 38 8
18 43 7
18 33 18
18 4 13
18 24 3
18 37 6
18 20 6
18 39 2
18 7 3
18 0 5
18 13 15
18 12 18
18 9 13
18 1 6
18 11 16
18 44 10
18 6 2
18 21 11
18 36 8
18 29 6
18 46 7
18 49 3
18 41 12
18 10 8
18 16 9
18 45 3
18 2 6
19 13 8
19 9 6
19 38 1
19 16 13
19 23 17
19 14 16
19 37 8
19 39 18
19 42 11
19 0 3
19 20 8
19 27 14
19 28 18
19 10 16
19 46 0
19 34 1
19 33 5
19 4 9
19 41 18
19 26 10
19 18 8
19 44 2
19 49 12
19 12 16
19 3 17
19 35 0
19 24 12
19 1 17
19 6 7
19 22 7
19 47 8
19 36 13
19 32 9
19 2 15
19 43 7
19 30 13
19 8 11
19 25 12
19 11 1
20 13 17
20 41 5
20 14 17
20 3 4
20 46 16
20 5 9
20 4 11
20 48 12
20 44 3
20 7 2
20 6 13
20 26 5
20 37 13
20 42 3
20 12 2
20 22 2
20 30 8
20 34 12
20 16 17
20 2 1
20 27 13
20 43 9
20 17 16
20 8 8
20 49 8
20 33 3
20 39 3
20 25 0
20 9 2
20 15 10
20 47 17
20 36 1
20 29 10
20 40 1
20 10 3
20 31 17
20 1 4
20 32 9
20 21 9
20 35 5
20 19 11
20 11 17
20 24 8
20 0 9
20 28 17
20 23 1
20 45 9
20 38 1
21 47 4
21 24 5
21 19 9
21 29 14
21 20 11
21 7 6
21 31 6
21 8 18
21 3 4
21 37 13
21 40 18
21 36 10
21 43 8
21 5 18
21 32 11
21 39 4
21 22 0
21 10 2
21 11 3
21 44 16
21 48 12
21 28 1
21 16 16
21 25 15
21 18 8
21 41 8
21 34 8
21 15 16
21 23 14
21 6 11
21 26 7
21 9 2
21 46 17
21 30 0
21 2 12
22 13 15
22 5 9
22 9 12
22 42 10
22 35 15
22 48 16
22 43 17
22 37 2
22 40 12
22 45 13
22 27 2
22 39 8
22 10 17
22 44 14
22 6 5
22 11 13
22 36 17
22 0 14
22 32 1
22 34 17
22 20 11
22 26 2
22 23 0
22 19 16
22 24 12
22 33 11
22 15 2
22 38 14
22 47 7
22 28 1
22 16 8
22 14 13
22 3 1
22 18 5
22 30 0
22 12 2
22 41 2
22 2 3
22 4 11
22 7 11
22 25 1
22 31 10
22 8 7
22 46 2
22 21 3
22 17 11
23 6 7
23 11 14
23 42 14
23 21 18
23 12 18
23 29 1
23 34 2
23 14 11
23 1 3
23 19 3
23 49 9
23 13 2
23 32 9
23 44 16
23 16 11
23 7 11
23 0 16
23 46 17
23 30 9
23 4 3
23 15 4
23 18 11
23 37 1
23 2 12
23 33 10
23 45 11
23 24 17
23 40 15
23 41 9
23 48 2
23 10 15
23 27 1
23 9 13
23 5 8
23 22 12
23 17 2
23 43 0
23 3 1
23 20 18
23 31 7
23 39 1
23 38 16
23 8 17
23 47 2
23 26 4
23 36 0
23 28 5
23 35 0
23 25 2
24 19 17
24 29 3
24 22 13
24 30 11
24 43 15
24 26 4
25 27 14
25 33 15
25 40 16
25 42 0
25 44 12
25 37 12
25 26 9
25 41 10
25 43 18
25 30 2
25 32 2
25 14 5
25 23 14
25 34 12
25 47 18
25 28 5
25 12 14
26 38 13
26 33 1
26 28 13
26 6 5
26 30 7
26 32 16
26 31 16
26 43 7
26 22 17
26 45 9
26 12 2
26 2 0
26 19 4
26 35 3
26 17 12
26 16 10
26 36 12
26 8 7
26 34 1
26 29 15
26 9 18
26 20 15
26 25 6
26 47 13
26 49 13
26 11 18
26 18 13
26 7 12
26 39 11
26 5 15
26 46 7
26 15 0
26 27 7
26 40 9
26 4 2
26 42 1
26 37 6
26 13 11
26 21 1
26 0 1
26 24 13
26 48 3
27 23 12
27 22 12
27 24 7
27 21 9
27 38 16
27 5 7
27 15 8
27 11 11
27 46 1
27 20 4
27 31 9
27 37 3
27 19 0
27 0 0
27 36 9
27 29 4
27 39 10
27 2 0
27 30 6
27 9 16
27 35 17
27 32 12
27 47 18
27 48 15
27 17 9
27 25 1
27 4 10
27 6 17
27 42 1
27 33 15
27 41 14
27 8 14
27 44 1
27 49 18
27 13 2
27 34 16
27 40 11
27 1 9
27 3 4
27 45 5
27 16 16
28 5 4
28 21 18
28 24 7
28 11 12
28 2 16
28 0 5
28 16 11
28 8 14
28 36 7
28 39 7
28 18 8
28 34 9
28 6 12
28 43 2
28 46 12
28 35 18
28 41 12
28 27 14
28 3 10
28 12 12
28 38 15
28 37 12
28 29 17
28 13 6
28 25 0
28 32 9
28 31 12
28 42 11
28 14 3
28 48 0
28 15 7
28 7 10
28 47 6
28 9 15
28 45 16
28 33 6
28 44 17
28 30 6
28 4 5
28 49 10
28 40 13
28 19 12
28 26 17
28 1 15
29 42 12
29 44 7
29 13 14
29 26 6
29 28 17
29 31 17
29 14 8
29 22 16
29 15 4
29 4 7
29 47 15
29 7 1
29 25 17
29 41 2
29 33 18
29 12 14
29 10 15
29 3 7
29 0 5
29 40 11
29 37 8
29 32 13
29 39 17
29 21 0
29 5 16
30 17 9
30 14 17
30 34 2
30 29 18
30 22 2
31 45 16
31 18 14
31 21 17
31 3 18
31 38 17
31 35 11
32 24 10
32 17 8
32 47 0
32 46 5
32 39 15
32 13 7
32 6 17
32 30 4
32 7 6
32 25 14
32 37 13
32 43 7
32 28 8
32 35 9
32 33 8
32 2 4
32 3 13
32 44 15
32 12 9
32 18 2
32 4 2
32 48 6
32 38 15
32 27 1
32 15 12
32 14 16
32 21 11
32 1 0
32 41 11
32 29 1
32 5 11
32 23 18
32 22 15
32 19 1
32 40 4
32 36 10
32 20 16
32 34 14
32 42 7
32 26 6
32 0 2
32 45 12
32 16 18
32 11 17
33 38 13
33 13 5
33 43 8
33 16 11
33 36 18
33 3 17
33 8 11
33 20 18
33 48 4
33 6 14
33 46 12
33 23 13
33 45 9
33 44 16
33 5 10
33 21 15
33 35 12
33 22 6
33 18 15
33 40 9
33 0 15
33 37 11
33 11 6
34 19 13
34 5 11
34 48 1
34 30 9
34 1 6
34 13 6
34 46 17
34 16 14
34 45 14
34 43 12
34 42 15
34 24 5
34 9 6
34 31 18
34 6 5
34 25 17
34 32 17
34 15 17
34 2 15
34 35 12
34 0 10
34 40 8
35 23 4
35 47 11
35 27 5
35 22 1
35 37 14
35 13 15
35 20 14
35 8 7
35 46 17
35 41 4
35 16 8
35 7 17
35 43 6
35 24 18
35 34 14
35 44 0
35 33 11
35 49 14
35 6 5
35 31 6
35 28 5
35 5 16
35 36 9
35 29 15
35 26 16
35 45 0
35 11 7
36 6 10
36 7 14
36 0 14
36 18 7
36 27 12
36 48 11
36 37 2
36 19 7
36 32 9
36 16 11
36 3 6
36 34 17
36 33 0
36 38 4
36 42 9
36 9 3
36 12 2
36 41 6
36 14 4
36 43 3
36 15 15
36 29 12
36 5 9
36 47 11
36 31 0
36 4 4
36 10 12
36 45 14
36 49 5
36 39 0
36 44 2
36 17 3
36 25 14
36 20 13
36 21 7
36 30 12
36 24 7
36 2 16
36 26 3
36 28 12
37 0 18
37 8 15
37 18 7
37 12 18
37 44 4
37 43 13
37 28 3
37 46 9
37 7 14
37 19 13
37 1 6
37 33 6
37 35 18
37 48 9
37 34 0
37 13 4
37 24 0
37 29 1
37 31 2
37 26 4
37 21 8
37 40 16
37 5 7
37 3 1
37 47 3
37 49 4
37 25 7
37 17 2
37 10 15
37 20 7
37 6 15
37 4 2
37 16 7
37 22 12
38 25 2
38 3 9
38 48 13
38 4 12
38 6 7
38 17 16
38 7 4
38 11 7
38 5 7
38 10 11
38 16 0
38 9 0
38 2 1
38 15 1
38 29 7
38 14 5
38 26 14
38 18 7
38 33 9
38 49 3
38 35 5
38 30 17
38 39 1
38 40 6
38 43 18
38 24 6
38 20 18
38 27 8
38 36 14
38 47 9
38 46 10
38 12 5
38 0 5
38 31 1
38 42 2
38 44 4
38 13 15
39 4 17
39 0 13
39 19 3
39 18 4
39 26 16
39 49 4
39 40 16
39 32 2
39 24 12
39 14 17
39 2 1
39 12 8
39 33 6
39 25 18
39 6 13
39 5 0
39 43 0
39 22 0
39 42 2
39 34 11
39 7 3
39 29 18
39 30 8
40 37 9
40 44 7
40 10 6
40 33 7
40 32 15
40 31 18
40 41 1
40 35 4
40 26 1
40 18 15
40 45 18
40 24 11
40 15 0
40 3 15
40 46 8
40 39 3
40 8 15
40 47 5
40 30 12
40 49 16
40 42 10
40 0 12
40 25 3
40 2 11
41 27 9
41 49 10
41 28 10
41 11 15
41 8 12
41 34 1
41 6 4
41 26 18
41 32 15
41 19 18
41 39 9
41 40 14
41 22 0
41 42 3
41 4 4
41 30 3
41 23 10
41 24 1
41 46 1
41 31 4
41 47 11
41 37 7
41 33 9
41 10 10
41 43 9
42 25 12
42 49 9
42 5 3
42 39 3
42 7 16
42 35 11
42 14 4
42 13 8
42 6 0
42 44 0
42 10 2
42 34 15
42 9 0
42 26 11
42 12 6
42 22 18
42 17 4
42 32 9
42 0 2
42 21 16
42 23 3
42 46 5
42 2 6
42 41 7
43 25 0
43 22 16
43 2 15
43 46 4
43 10 13
43 13 2
43 3 8
43 12 10
43 8 1
43 6 11
44 25 9
44 41 9
44 17 15
44 43 17
44 31 13
44 8 13
44 19 1
44 5 8
44 27 12
44 39 14
44 48 8
44 32 17
44 38 4
44 49 3
44 33 16
44 37 13
44 24 0
44 16 0
44 7 13
44 26 10
44 1 0
44 36 5
44 12 13
44 6 16
44 15 13
44 11 12
44 45 16
44 35 8
44 4 14
44 21 2
44 23 13
44 9 10
44 13 16
44 22 4
44 20 9
44 18 9
44 42 17
44 28 6
44 47 11
44 0 10
44 34 5
44 30 14
44 10 2
44 3 4
44 40 0
44 2 11
44 29 4
44 46 2
45 30 11
45 0 4
45 28 10
45 12 9
45 41 7
45 27 17
45 47 11
45 16 15
45 13 2
45 24 13
45 15 1
45 42 7
45 43 1
45 23 6
45 3 9
45 33 3
45 4 2
45 2 16
45 46 16
45 6 8
45 39 17
45 8 17
45 22 6
45 35 8
45 10 1
45 5 5
45 14 7
45 31 2
45 34 1
45 7 9
45 18 14
45 29 0
45 19 7
45 44 7
45 26 4
45 49 15
45 38 10
45 25 18
45 1 7
45 11 10
45 37 4
45 20 2
45 9 0
45 21 10
45 17 6
45 40 15
45 32 18
46 39 18
46 6 9
46 45 13
46 25 7
46 47 2
46 11 8
46 0 6
46 48 1
46 27 5
46 7 6
46 30 4
46 17 0
46 26 4
46 43 5
46 44 4
46 18 14
46 16 3
46 42 12
46 15 11
46 38 11
46 28 17
46 35 15
46 31 18
46 4 9
46 29 12
46 24 7
46 32 4
46 12 16
46 10 10
46 2 9
46 3 4
46 14 1
46 36 17
46 8 3
46 34 18
46 1 5
46 19 16
46 41 13
46 37 6
46 22 7
46 5 12
46 13 16
46 23 10
46 49 16
46 9 4
46 21 11
47 17 7
47 34 2
47 18 7
47 28 10
47 22 13
47 35 2
47 48 17
47 0 4
47 12 10
47 42 17
47 10 18
47 25 0
47 14 1
47 8 10
47 41 0
47 24 18
47 6 10
47 31 7
47 46 0
47 36 10
47 26 14
47 13 2
47 19 14
47 40 18
47 9 16
47 32 3
47 29 18
47 43 4
47 30 2
47 38 10
47 49 3
47 37 10
47 2 13
47 27 4
47 5 12
47 20 4
47 33 3
47 3 15
47 1 13
47 4 7
47 15 9
47 7 15
47 45 15
47 44 15
47 11 7
47 21 13
48 2 6
48 49 0
48 15 12
48 44 4
48 4 3
48 10 12
48 12 7
48 47 7
48 14 15
48 17 9
48 32 16
48 28 7
48 27 18
48 38 17
48 37 16
48 0 16
48 30 0
48 41 11
48 3 7
48 16 18
48 45 10
49 12 5
49 22 10
49 34 11
49 4 16
49 6 10
49 9 15
49 28 5
49 36 0
49 43 3
49 42 3
49 45 5
49 24 2
49 40 15
49 11 16
49 27 13
49 13 5
49 21 15
49 47 15
49 3 12
49 25 7
49 26 6
49 33 12
49 38 8
49 0 11
49 1 3
49 23 18
49 18 5
49 35 17
49 44 11
49 39 11
49 7 9
49 37 14
49 2 13
49 46 0
49 32 13
49 5 7
49 19 3
49 20 1
49 29 8
49 16 18
49 17 3
49 14 15
