52
1157
true
0 3 0
0 18 12
1 32 7
1 46 4
1 43 5
1 5 8
1 16 4
1 18 17
1 29 14
1 27 12
1 30 13
1 10 8
1 28 2
1 25 2
1 33 11
1 14 6
1 21 0
1 41 17
1 49 4
1 11 11
1 45 5
1 48 1
1 50 14
1 7 17
1 36 7
1 38 8
1 3 16
1 44 10
1 20 15
1 0 7
1 39 3
1 35 6
1 40 11
1 15 12
1 34 14
1 13 6
1 17 1
1 37 11
1 31 8
1 42 0
2 33 8
2 31 4
2 35 9
2 23 8
2 44 15
2 30 18
2 0 10
2 40 2
2 15 7
2 27 2
2 1 4
2 21 6
2 39 14
2 17 1
2 9 2
2 28 11
2 6 14
2 29 1
2 8 6
2 48 3
2 42 17
2 7 0
2 10 9
2 47 6
2 12 13
2 19 6
2 45 10
2 36 12
2 50 8
2 46 6
2 13 17
2 34 16
2 38 15
2 25 13
2 18 6
2 32 9
2 37 9
3 18 13
3 31 13
3 15 0
3 26 9
3 47 16
3 11 11
3 12 13
3 29 12
3 40 3
3 41 1
3 42 4
3 9 15
3 21 9
3 20 2
3 2 7
3 32 5
3 27 16
3 0 15
3 48 17
3 17 2
3 7 16
3 13 13
3 6 10
3 5 14
3 16 0
3 19 15
3 22 11
3 14 6
3 39 15
3 44 10
3 46 6
3 10 8
3 34 7
3 28 18
3 37 5
3 33 13
3 45 5
3 25 4
3 51 8
3 35 2
3 1 12
3 23 1
3 36 9
3 50 15
3 30 7
3 38 8
3 24 13
3 4 8
3 8 17
3 43 8
4 25 17
4 12 13
4 11 4
4 5 12
4 36 0
4 49 0
4 42 6
4 34 0
4 16 8
4 40 1
4 10 9
4 46 2
4 45 16
4 13 16
4 21 16
4 6 16
4 35 3
4 15 11
4 51 4
4 7 17
4 48 1
4 9 13
4 38 14
4 37 3
4 18 7
5 25 1
5 8 16
5 40 18
5 49 2
5 34 9
5 51 8
5 38 10
5 17 16
5 12 6
5 30 0
5 21 1
5 7 12
5 45 13
5 18 18
5 36 8
5 23 7
5 6 0
5 3 8
5 27 15
5 10 12
5 11 3
5 24 15
5 33 9
5 37 5
5 50 9
5 29 5
5 16 11
5 26 6
5 0 8
5 35 2
5 2 15
5 20 9
5 22 9
5 15 6
5 46 7
5 4 7
5 14 2
5 42 3
5 48 12
5 13 9
5 47 3
5 9 16
5 41 12
5 31 6
5 19 6
5 39 10
6 50 12
6 49 5
6 10 2
6 26 7
6 20 3
6 12 1
6 9 14
6 48 17
6 13 7
6 17 2
6 28 7
6 29 16
6 5 7
6 34 7
6 43 3
6 22 5
6 47 18
6 31 15
6 3 3
6 37 8
6 18 11
6 16 17
7 44 6
7 32 16
7 8 13
7 17 11
7 46 11
7 22 8
7 2 18
7 16 8
7 49 10
7 43 2
7 41 15
7 12 13
7 36 7
7 47 7
7 39 1
7 38 2
7 15 10
7 1 15
7 51 1
7 37 0
7 24 10
7 0 9
7 45 3
7 40 16
7 50 15
7 21 3
8 36 13
8 32 12
8 0 8
8 1 2
8 41 13
8 39 8
8 33 0
8 18 2
8 19 1
8 43 15
8 44 6
8 31 1
8 24 3
8 38 17
8 20 0
8 40 5
8 11 15
8 3 5
8 22 6
8 50 16
8 23 3
8 37 11
8 28 9
8 30 13
8 14 16
8 21 11
8 34 8
8 45 5
8 49 15
8 46 2
8 17 4
9 48 12
9 26 12
9 30 9
9 15 7
9 35 15
9 33 18
9 32 4
9 22 1
9 39 18
9 50 16
9 40 16
9 29 11
9 51 10
10 1 4
10 13 13
10 5 7
10 17 0
10 38 10
10 24 7
11 7 11
11 43 15
11 5 18
11 33 6
11 9 6
11 41 18
11 12 0
11 16 18
11 42 11
11 45 13
11 10 3
11 48 18
11 34 14
11 50 11
12 4 8
12 47 10
12 48 10
12 10 10
12 43 0
12 33 7
12 16 4
12 51 2
12 11 5
12 50 8
12 6 6
12 46 8
12 9 18
12 14 13
12 49 7
12 42 6
12 23 3
12 3 0
12 30 18
12 18 5
12 39 15
12 27 13
12 36 0
12 13 14
12 31 2
12 8 11
12 2 8
12 29 6
12 15 3
12 38 6
12 40 16
12 34 3
12 37 14
12 28 4
12 21 17
12 17 9
12 24 6
12 7 0
12 22 7
12 20 9
12 0 12
12 25 6
13 43 15
13 25 18
13 1 17
13 51 0
13 10 4
13 41 9
13 20 2
13 42 12
13 45 2
13 31 17
13 9 10
13 30 7
14 16 12
14 12 16
14 11 14
14 29 2
14 42 4
14 33 14
14 25 6
14 38 14
14 13 6
14 27 3
14 50 7
14 31 15
14 46 2
14 15 1
14 8 18
14 6 16
14 34 14
14 51 3
14 4 14
14 44 17
14 23 4
14 22 16
14 19 2
14 47 13
14 48 2
14 2 10
14 0 12
14 17 14
14 39 13
14 32 18
14 45 9
14 1 16
14 5 11
14 3 8
14 49 5
14 20 1
14 40 1
14 24 1
14 10 7
14 41 1
14 36 18
14 18 1
14 37 6
14 21 2
15 18 5
15 49 8
15 45 14
15 42 18
15 11 2
15 44 4
15 8 17
15 37 14
15 28 18
15 46 14
15 33 3
15 31 18
15 0 18
15 35 16
15 27 12
15 10 4
15 40 14
15 17 3
15 26 1
15 9 5
15 24 9
15 41 12
15 14 18
15 47 13
15 21 7
15 4 8
15 13 17
15 39 4
15 22 12
15 25 6
15 51 17
15 43 6
15 19 10
15 32 9
15 3 9
15 12 6
15 50 10
15 23 11
15 7 9
15 16 3
15 38 16
15 1 9
15 6 17
15 36 2
16 28 9
16 17 12
16 14 16
16 39 9
16 33 3
16 1 2
16 11 14
16 37 7
16 25 13
16 10 10
16 38 11
16 24 16
16 29 0
16 22 15
16 0 18
16 42 1
16 19 10
16 41 11
16 32 13
16 50 5
16 49 7
16 15 13
16 2 6
16 46 13
16 8 9
17 25 18
17 12 11
18 12 2
19 12 2
19 17 2
19 25 3
19 20 16
19 38 12
19 50 1
19 48 18
19 34 11
19 36 16
20 43 3
20 36 4
20 41 4
20 34 0
20 50 0
20 39 0
20 6 1
21 28 12
21 17 16
21 5 16
21 19 2
21 42 7
21 51 4
21 13 13
21 33 14
21 3 2
21 32 11
21 39 5
21 6 7
21 47 2
21 34 4
21 37 0
21 12 0
21 38 1
21 50 9
21 29 17
21 8 12
21 36 10
21 22 10
21 7 14
21 43 13
21 15 2
21 40 12
21 1 15
21 24 16
22 33 9
22 8 15
22 36 14
22 28 5
22 51 13
22 18 18
22 38 6
22 43 8
22 46 17
22 30 12
22 16 17
22 6 11
22 0 2
22 44 10
22 40 10
22 31 11
22 14 14
22 7 0
22 41 16
22 19 14
22 34 14
22 48 12
22 45 6
22 9 11
23 41 0
23 36 6
23 28 18
23 15 12
23 24 14
23 18 14
23 46 2
23 16 0
23 34 18
23 7 15
23 14 1
23 4 5
23 21 17
23 35 18
23 17 9
23 50 9
23 9 0
23 47 3
23 27 18
23 12 10
23 38 1
23 29 11
24 19 12
24 22 11
24 43 16
24 15 11
24 48 7
24 42 1
24 23 1
24 30 15
24 8 16
24 40 6
24 12 12
24 38 9
24 46 12
24 47 13
24 28 16
24 18 4
24 0 18
25 24 7
25 1 11
25 29 7
25 14 3
25 36 6
25 39 13
25 33 5
25 15 8
25 20 9
25 32 7
25 9 8
26 49 2
26 17 3
26 3 4
26 50 2
26 29 3
26 38 15
26 42 17
26 0 14
26 36 4
26 19 0
26 32 14
26 37 11
26 45 2
26 6 17
26 14 16
26 46 2
26 25 11
26 16 10
26 40 5
26 8 14
26 1 7
26 51 3
26 23 3
26 39 2
26 11 18
26 4 18
26 2 6
26 12 16
26 47 4
26 44 2
26 24 3
27 32 9
27 40 17
27 47 7
27 8 15
27 11 9
27 4 2
27 38 2
27 24 15
28 42 5
28 26 13
28 38 2
28 47 9
28 46 3
28 24 0
28 19 16
28 16 5
28 5 0
28 33 1
28 21 15
28 29 1
28 4 2
28 48 11
28 8 3
28 45 10
28 34 6
28 7 9
28 12 13
28 43 12
28 20 16
28 6 18
28 35 7
28 23 13
29 46 11
29 51 0
29 45 9
29 2 17
29 3 2
29 15 10
29 41 2
29 7 15
29 22 6
29 48 5
29 42 4
29 11 9
29 16 16
29 26 17
29 50 18
29 5 16
29 12 1
30 29 3
30 43 18
30 12 5
30 17 8
30 16 2
30 50 10
30 39 8
30 35 11
30 41 10
30 4 12
30 26 12
30 34 1
30 20 8
30 13 5
30 49 17
30 1 15
30 15 2
30 33 11
30 8 4
30 37 13
30 6 15
30 38 2
30 24 8
30 5 11
30 48 11
30 42 11
30 23 15
30 22 9
30 45 14
30 47 11
30 14 8
30 7 8
30 3 4
30 0 6
30 32 4
30 25 4
30 36 15
30 40 8
31 51 1
31 37 18
31 41 18
31 16 2
31 4 3
31 36 17
31 35 11
31 11 17
31 5 5
31 34 12
31 15 13
31 46 12
31 47 7
31 33 0
31 45 14
31 40 15
31 39 15
31 24 9
31 28 1
31 8 9
31 17 7
31 21 3
31 25 13
31 6 5
31 49 15
31 19 1
31 23 1
31 7 4
31 14 16
31 2 9
31 48 0
31 13 16
31 29 16
31 32 2
31 0 11
32 23 9
32 9 3
32 36 6
32 2 15
32 48 2
32 3 3
32 37 12
32 39 14
32 17 4
33 5 2
33 31 18
33 34 17
33 46 7
33 9 11
33 44 9
33 21 6
33 27 16
33 28 16
33 13 2
33 7 8
33 3 12
33 32 6
33 41 5
33 18 8
33 40 1
33 38 17
33 43 5
33 4 1
33 42 15
33 8 18
33 19 6
33 12 18
33 22 12
34 25 15
34 12 15
34 43 18
35 28 11
35 26 15
35 7 13
35 38 14
35 5 9
35 29 6
35 1 6
35 47 10
35 40 2
35 48 12
35 39 13
35 34 9
35 23 3
35 17 13
35 22 8
36 8 4
36 25 3
36 41 17
36 37 3
36 28 13
36 32 11
36 47 2
36 12 4
36 5 2
36 14 10
36 50 8
36 30 9
36 17 15
36 31 16
36 34 8
36 35 3
36 4 14
36 51 3
36 21 15
36 9 7
37 2 0
37 40 14
37 44 13
38 27 1
38 28 13
38 16 5
38 36 16
38 6 11
38 3 16
38 10 8
38 45 7
38 30 17
38 51 9
38 25 15
38 42 2
38 18 16
38 19 4
38 29 10
38 47 3
39 11 7
39 48 6
39 1 18
39 34 9
39 22 7
39 4 7
39 24 8
39 29 18
39 49 6
39 30 9
39 26 14
40 35 5
40 26 15
40 28 17
40 9 6
40 8 4
40 29 13
40 48 3
40 46 13
40 43 16
40 15 18
40 2 18
40 12 13
40 38 10
40 49 8
40 34 7
40 21 11
40 17 15
40 16 6
40 24 16
40 32 2
40 36 1
40 18 7
40 39 14
40 11 0
40 22 9
40 20 10
40 47 7
40 41 11
40 45 16
40 1 15
40 44 5
40 4 9
40 3 5
40 33 14
40 30 17
40 27 0
40 0 13
40 51 14
40 5 7
40 7 16
40 31 9
41 32 4
41 50 0
41 27 11
41 5 9
41 23 3
41 9 0
41 26 9
41 36 0
41 44 9
41 11 10
41 46 0
41 28 6
41 15 16
41 39 0
41 43 17
41 0 12
41 51 18
41 8 13
41 12 5
41 42 15
41 31 9
41 18 10
41 40 0
41 21 17
41 30 17
41 4 15
41 14 15
41 16 13
41 33 14
42 44 12
42 25 1
42 1 18
42 18 7
42 47 9
42 11 15
42 28 6
42 39 16
42 16 13
42 23 4
42 6 17
42 45 3
42 43 2
42 32 8
42 14 11
42 12 0
42 0 2
42 17 7
42 19 14
42 20 9
42 7 17
42 30 18
42 5 8
42 9 13
42 13 2
42 36 7
42 34 16
42 22 5
42 38 11
42 50 14
42 2 8
42 24 9
42 21 18
42 31 12
42 51 12
42 15 14
42 41 17
42 48 4
42 4 11
42 37 0
42 40 13
42 46 3
42 29 10
42 33 6
42 26 3
42 3 14
43 12 2
43 23 16
43 34 5
43 48 7
43 45 6
43 1 15
43 44 17
43 31 4
43 2 14
43 15 7
43 19 16
43 36 14
43 24 17
43 42 3
43 3 1
43 37 13
43 0 8
43 22 1
43 46 2
43 20 11
43 5 10
43 26 9
43 38 17
43 6 9
43 17 10
43 39 3
43 10 13
43 25 4
43 18 12
43 14 6
44 28 1
44 9 7
45 28 8
45 15 13
45 8 16
45 22 9
45 9 4
45 39 15
45 43 1
45 41 18
45 17 18
45 33 17
45 6 14
45 50 15
45 1 16
45 7 7
45 0 18
45 44 4
45 34 5
45 18 11
45 12 3
45 21 11
45 47 8
45 40 13
45 25 0
45 13 17
45 49 16
45 31 1
45 29 0
45 14 2
45 48 14
45 3 11
45 38 4
45 46 7
45 26 3
45 4 4
45 37 11
45 42 13
45 24 17
45 35 4
45 5 0
45 30 3
45 16 11
45 23 10
45 51 11
45 19 2
45 36 2
45 11 17
45 27 2
45 10 16
45 2 18
46 15 1
46 11 6
46 27 2
46 17 8
46 44 5
46 32 11
46 45 17
47 20 4
47 45 10
47 37 0
47 39 15
47 11 12
47 3 18
47 50 14
47 14 6
47 44 9
47 1 9
47 10 4
47 33 11
47 7 6
47 22 11
47 46 8
47 27 0
47 8 7
47 17 14
48 15 6
48 50 17
48 40 14
48 13 14
48 2 12
48 11 12
48 42 15
48 36 5
48 25 4
48 45 18
48 20 5
48 23 17
48 35 9
48 26 15
48 47 8
48 33 12
48 31 17
48 28 10
48 14 8
48 27 11
48 19 13
48 29 3
48 5 18
48 18 1
48 32 4
48 8 10
48 34 17
48 21 15
48 38 12
48 43 0
48 0 12
48 44 11
48 1 9
48 12 8
48 30 18
48 16 1
49 11 15
49 3 8
49 42 14
49 39 5
49 1 16
49 4 16
49 23 0
49 40 7
49 24 7
49 45 16
49 29 7
50 8 10
50 27 14
50 24 14
50 12 7
50 45 12
50 28 11
50 23 2
50 21 7
50 38 9
50 44 9
50 26 11
50 11 6
50 4 17
50 34 9
50 1 2
50 25 3
50 49 6
50 31 3
50 41 15
50 20 1
50 39 9
50 15 9
50 33 11
50 37 0
50 10 12
50 30 4
50 14 12
50 29 5
50 43 0
50 5 3
50 17 14
50 2 4
51 33 8
51 46 11
51 26 16
51 30 4
