53
1570
true
0 11 0
0 25 12
0 26 8
0 2 10
0 51 5
0 39 18
0 34 14
0 17 2
0 50 12
0 40 16
0 1 11
0 49 5
0 10 12
0 44 13
0 8 17
0 14 4
0 31 10
0 21 1
0 4 0
0 36 17
0 35 3
0 37 16
1 14 7
1 3 8
1 43 14
1 21 16
1 48 16
1 7 8
1 38 17
1 41 9
1 34 6
1 47 3
1 36 4
1 4 5
1 19 11
1 51 10
1 24 15
1 22 16
1 20 7
1 31 5
1 0 6
1 9 8
1 37 7
1 18 11
1 16 12
1 17 14
1 23 15
1 11 14
1 35 6
1 5 11
1 10 8
1 39 16
1 30 16
1 12 14
1 44 15
1 13 9
1 40 10
1 49 1
1 46 17
1 2 9
1 25 8
1 8 7
1 27 18
1 52 8
2 15 1
2 52 2
2 50 6
2 14 3
2 16 13
2 39 4
2 36 14
2 45 6
2 22 6
2 19 10
2 6 8
2 5 6
2 9 12
2 23 3
2 41 0
2 24 10
2 35 17
2 8 2
2 42 4
2 46 0
2 34 6
2 10 1
2 49 16
2 12 13
2 11 1
2 47 15
2 0 13
2 37 9
2 43 5
2 17 9
2 27 16
2 20 10
2 38 15
2 28 3
2 40 13
2 48 6
2 44 9
2 51 16
2 13 14
2 29 0
2 30 2
2 21 5
2 31 12
2 33 7
2 4 5
2 7 18
2 3 15
2 26 16
3 2 12
3 4 13
3 36 8
3 18 10
3 35 9
3 13 3
3 12 3
3 21 0
3 9 17
3 29 7
3 0 4
4 43 12
4 8 11
4 15 17
4 45 2
4 2 9
4 30 9
5 13 13
5 11 6
5 28 1
5 12 1
5 19 9
5 49 15
5 0 13
5 18 10
5 25 5
5 20 6
5 16 8
5 40 0
5 45 16
5 38 10
5 30 13
5 9 5
5 8 3
5 42 15
6 21 6
6 9 18
6 44 13
6 11 2
6 50 17
6 39 4
6 7 0
6 1 6
6 15 8
6 45 15
6 37 2
6 51 18
6 2 11
6 38 5
6 12 5
6 20 0
6 24 6
6 0 14
6 34 2
6 26 17
6 27 9
6 16 9
6 42 8
6 47 18
6 13 2
6 22 11
6 19 6
6 10 18
6 49 14
6 18 13
6 36 1
6 52 12
6 17 4
6 31 6
6 23 1
6 43 9
6 32 3
6 40 11
6 25 3
6 48 2
6 14 7
6 29 7
6 8 0
6 35 8
6 4 1
6 5 3
6 28 3
6 46 12
6 3 4
6 33 1
7 2 16
7 48 17
7 37 0
7 3 7
7 29 17
7 47 17
7 21 6
7 22 16
7 19 3
7 8 9
7 11 13
7 4 7
7 40 14
7 49 6
7 31 6
7 15 13
7 36 18
7 51 16
7 13 13
7 41 10
7 0 6
7 35 16
7 33 13
7 45 11
7 28 11
7 16 18
7 38 10
7 5 7
7 14 7
7 18 2
7 20 16
7 24 15
7 46 1
7 34 14
7 9 10
7 1 9
7 43 15
7 6 4
7 39 15
7 17 3
7 10 4
7 42 15
7 25 16
7 32 4
7 30 8
7 50 12
7 26 14
8 6 8
8 29 6
8 1 8
8 2 7
8 47 18
8 3 13
8 49 3
8 15 7
8 37 6
8 20 6
8 24 2
8 28 3
8 38 0
8 27 18
8 10 15
8 22 18
8 25 13
8 19 6
8 16 0
8 0 13
8 33 10
8 44 8
8 52 2
8 34 11
8 39 2
8 12 6
8 46 13
8 51 3
8 41 2
8 48 8
8 26 3
8 9 6
9 27 8
9 50 6
9 33 1
9 48 0
9 36 17
9 0 16
9 51 8
9 43 18
9 41 3
9 39 6
9 24 10
9 42 11
9 52 18
9 18 16
9 29 0
9 26 1
9 4 8
9 30 5
9 25 9
9 49 10
9 13 4
9 1 8
9 19 5
9 7 5
9 31 9
9 23 17
9 46 4
9 32 12
10 27 2
10 6 17
10 30 12
10 34 15
10 36 12
10 9 16
10 8 14
10 38 2
10 19 4
10 13 14
10 47 6
10 11 14
10 2 6
10 42 1
10 51 18
10 12 16
11 52 8
11 26 16
11 35 3
11 23 17
11 37 16
11 33 1
11 49 1
11 16 7
12 4 17
12 42 4
12 31 16
12 28 9
12 37 3
12 18 12
12 41 3
12 35 2
12 16 5
12 25 13
12 43 3
12 33 2
12 24 10
12 21 12
12 38 13
12 48 6
12 8 9
12 7 2
12 44 13
12 39 11
12 30 11
12 45 8
12 27 3
12 23 3
12 14 5
12 47 2
12 34 2
12 36 10
12 20 1
12 1 10
12 49 8
12 26 11
12 22 14
12 19 17
12 32 9
12 13 1
12 0 18
12 5 10
12 17 3
12 3 3
12 2 1
12 50 5
12 52 13
12 6 1
12 9 1
12 29 4
12 11 13
12 46 15
12 10 4
12 51 16
13 27 16
13 47 2
13 31 10
13 40 0
13 29 13
13 19 11
13 22 5
13 38 12
13 51 17
13 11 18
13 32 9
13 6 3
13 48 11
13 26 16
13 44 8
13 21 12
13 50 10
13 25 16
13 28 1
13 8 0
13 2 13
13 35 17
13 20 9
13 9 17
13 17 11
14 22 5
14 36 6
14 52 11
14 11 11
14 3 9
14 20 12
14 16 16
14 39 9
14 28 3
14 23 2
14 24 14
14 9 7
14 44 5
14 15 13
14 0 13
14 29 10
14 26 11
14 12 17
14 18 16
14 30 15
14 45 18
14 25 7
14 33 3
14 42 13
14 1 5
14 49 13
14 10 7
14 47 13
14 51 17
14 13 8
14 4 15
14 6 16
14 34 18
14 43 4
14 27 0
14 32 10
14 19 6
14 5 18
14 48 15
14 50 7
14 41 10
14 40 13
14 31 12
14 8 2
14 7 12
15 19 12
15 42 18
15 16 16
15 39 7
15 4 2
15 23 2
15 9 12
15 24 6
15 29 12
15 51 9
15 8 16
15 43 7
15 10 11
15 17 12
15 3 3
15 35 15
15 20 15
15 45 6
15 37 14
15 0 14
15 44 2
15 27 11
15 41 9
15 52 1
15 38 14
15 33 12
15 28 5
15 6 14
15 30 18
15 18 6
15 21 15
15 12 1
15 1 5
15 14 9
15 25 12
15 11 2
15 26 0
15 36 16
16 6 11
16 42 7
16 52 1
16 1 1
16 40 15
16 27 16
16 28 9
16 3 12
16 22 13
16 29 16
16 0 8
16 8 0
16 44 18
16 25 10
16 14 6
16 48 7
16 32 8
16 31 7
16 38 10
16 39 6
16 47 3
16 19 4
16 10 2
16 43 3
16 37 4
17 15 0
17 4 10
17 38 3
17 2 2
17 32 10
17 50 18
17 20 11
17 45 0
17 16 2
17 46 7
17 23 14
17 37 18
17 26 18
17 39 2
17 0 3
17 5 9
17 42 2
17 9 16
17 19 11
17 24 11
17 10 17
17 47 4
17 14 11
17 35 9
17 43 12
17 36 5
17 44 10
17 52 11
17 40 9
17 22 15
17 13 1
17 34 12
17 11 17
17 49 18
17 33 13
17 30 12
17 29 12
17 7 15
17 3 0
18 37 7
18 0 11
18 14 13
18 35 17
18 21 4
18 27 11
18 8 13
18 42 10
18 29 6
18 17 2
18 30 12
18 40 2
18 13 14
18 3 13
18 44 10
18 49 11
18 22 6
18 41 3
18 12 17
18 6 8
18 34 18
18 28 5
18 23 8
18 46 2
18 19 10
18 47 8
18 48 2
18 33 10
18 10 11
18 24 10
18 5 12
18 25 17
18 2 14
18 45 2
18 20 11
18 1 18
18 16 2
18 50 8
18 52 14
18 43 18
18 9 11
18 38 1
19 29 0
19 1 14
19 4 1
19 46 10
20 47 11
20 7 8
20 17 8
20 21 17
20 5 11
20 24 0
20 48 4
20 50 4
20 23 2
20 36 6
20 46 12
20 49 17
20 41 5
20 35 1
20 39 1
20 8 5
20 29 7
20 4 4
20 42 4
20 26 17
20 43 15
20 15 4
20 18 12
20 32 5
20 44 10
20 0 17
20 52 8
20 31 13
20 37 17
20 11 15
20 9 0
20 33 4
20 34 0
20 45 17
20 38 10
20 28 9
20 27 12
20 25 16
20 2 17
21 31 11
21 44 1
21 32 1
21 16 3
21 22 18
21 48 4
21 52 16
21 9 9
21 30 0
21 38 7
21 3 16
21 5 16
21 14 5
21 41 3
21 47 0
21 7 12
21 51 15
21 19 5
21 33 7
21 12 8
21 39 2
21 42 18
21 43 17
21 10 7
21 0 11
21 23 8
21 29 6
21 2 8
21 17 1
21 4 17
22 4 10
22 6 11
22 37 9
22 15 15
22 12 14
22 20 15
22 43 11
22 18 1
22 44 15
22 27 1
22 19 4
22 50 8
22 9 2
22 21 9
22 51 16
22 2 12
22 5 14
22 13 15
22 23 18
22 48 6
22 40 12
22 42 10
22 17 16
22 10 5
22 47 10
22 29 17
22 38 16
22 36 4
22 52 3
22 49 13
22 39 11
22 3 15
22 30 10
22 35 8
22 33 18
22 11 16
22 16 3
22 46 14
22 0 17
22 28 15
22 34 10
22 8 5
22 14 16
22 45 8
22 31 7
22 26 0
22 7 4
23 33 17
23 46 12
23 3 7
23 28 6
23 40 18
23 11 9
24 32 10
24 29 8
24 19 7
24 6 1
24 39 15
24 43 18
24 34 5
24 42 15
25 28 15
25 40 16
25 6 16
25 52 9
25 7 12
25 15 3
25 27 10
25 21 6
25 44 9
25 41 8
26 38 8
26 1 10
26 52 12
26 3 10
26 33 8
26 27 7
26 37 11
26 25 15
26 10 2
26 39 6
26 19 16
26 7 2
26 16 1
26 23 7
26 32 0
26 50 7
26 43 17
26 48 18
26 8 2
26 44 1
26 21 10
26 15 7
26 0 10
26 30 6
26 2 11
26 49 16
26 14 2
26 20 14
26 24 9
26 31 5
26 42 14
26 41 3
26 22 1
26 46 17
26 11 0
27 45 17
27 2 12
27 16 2
27 18 3
27 33 10
27 37 12
27 42 7
27 24 9
27 8 7
27 3 8
27 39 12
27 44 1
27 7 0
27 5 11
27 11 9
27 17 3
27 29 0
27 22 9
27 52 6
27 51 0
27 35 17
27 47 12
27 46 5
27 1 15
27 21 1
27 34 0
27 20 8
27 14 17
27 28 1
27 12 15
27 49 15
27 32 15
27 48 14
27 19 1
27 43 12
27 40 8
27 6 16
27 25 10
27 10 10
27 0 9
27 23 17
27 50 16
27 13 10
28 37 8
28 47 9
28 51 12
28 7 2
28 9 14
28 15 12
28 33 18
28 29 1
28 44 12
28 38 12
28 43 14
28 1 10
28 26 3
28 48 12
28 16 12
28 13 12
28 14 17
28 8 4
28 34 11
28 27 6
28 0 6
28 49 0
28 35 9
28 10 1
28 40 1
28 24 12
28 41 13
28 18 3
28 19 11
28 45 3
28 21 9
28 50 0
28 5 0
28 46 10
28 6 6
28 3 3
28 17 5
28 30 16
28 36 6
28 42 6
28 31 5
29 37 6
29 24 15
29 48 17
29 14 4
29 30 0
29 25 7
29 34 14
29 45 17
29 50 3
29 6 1
29 19 13
29 11 8
29 12 1
29 20 13
29 52 2
29 15 11
29 2 10
29 4 4
29 9 3
29 51 9
29 23 8
29 31 17
29 8 9
29 43 10
29 41 3
29 32 9
29 18 13
29 5 17
29 21 9
29 40 17
29 13 13
29 7 16
29 38 9
29 42 7
29 26 15
29 27 1
29 0 2
29 33 11
29 49 10
29 44 18
29 39 3
29 46 17
29 16 11
29 3 4
29 47 4
29 28 8
29 22 10
29 35 18
29 36 6
30 38 16
30 47 14
30 29 18
30 46 7
30 3 7
30 39 12
30 34 1
30 14 11
30 1 4
30 26 6
30 0 14
30 23 3
30 44 13
30 6 12
30 4 18
30 28 5
30 33 6
30 50 5
30 41 2
30 24 14
30 43 18
30 31 6
30 42 18
30 40 5
30 7 6
30 25 18
30 21 16
30 52 18
30 16 1
30 27 2
30 35 11
30 22 17
30 13 12
30 32 18
30 48 2
30 2 7
30 18 13
30 11 17
30 10 6
30 12 17
30 15 8
30 37 18
30 36 2
30 5 8
30 20 12
30 17 6
30 45 4
30 8 18
30 51 11
31 48 15
31 34 9
31 1 7
31 39 8
31 19 9
31 15 12
31 35 14
31 25 16
31 44 4
31 7 18
31 42 9
31 45 10
31 20 6
31 22 12
32 41 1
32 43 12
32 33 14
32 12 9
32 47 9
32 20 11
32 11 12
32 49 8
32 36 4
32 31 12
32 52 9
32 9 2
32 17 5
32 27 0
32 51 5
32 10 2
32 25 3
32 44 14
32 37 2
32 42 2
32 46 1
32 14 13
32 29 7
32 18 8
32 48 5
32 39 5
32 7 2
32 13 12
32 3 1
32 8 9
32 35 11
32 30 9
32 24 9
32 22 5
32 28 12
32 15 14
32 50 17
32 16 5
32 40 12
32 26 15
32 2 8
32 0 5
32 45 8
32 19 5
33 48 4
33 36 8
33 42 16
33 24 7
33 26 3
33 44 12
33 3 10
33 5 6
33 6 5
33 2 15
33 15 0
33 14 3
33 38 6
33 30 2
33 35 18
33 41 7
33 10 11
33 21 2
33 37 0
34 43 2
34 45 12
34 39 5
34 52 14
34 6 3
34 2 1
34 19 14
34 50 11
34 26 2
34 29 1
34 48 12
34 35 4
34 4 18
34 17 0
34 24 16
34 3 17
34 30 0
34 36 3
34 46 5
34 20 16
34 9 11
34 44 15
34 0 13
34 12 12
34 27 7
34 21 4
34 32 5
34 37 4
34 5 7
34 38 1
34 33 7
34 47 5
34 16 7
34 1 6
34 22 15
34 15 11
34 28 12
34 31 2
34 49 17
34 14 12
34 23 10
34 42 15
34 8 0
34 7 1
34 41 18
34 51 7
34 25 15
34 10 12
34 40 15
34 11 2
35 11 4
35 50 7
35 51 0
35 0 1
35 46 13
35 39 18
35 15 4
35 9 2
35 4 18
35 20 8
35 29 17
36 25 5
36 46 6
36 34 7
36 41 0
36 27 7
36 21 7
36 14 16
36 3 0
36 48 15
36 0 9
36 6 16
36 39 1
36 50 13
36 52 5
36 1 7
36 38 9
36 10 15
36 30 17
36 19 18
36 8 13
36 45 13
36 9 10
36 17 12
36 18 14
36 7 2
36 44 16
36 35 0
36 49 5
36 37 16
36 28 8
36 43 2
37 17 18
37 15 5
37 46 12
37 32 10
37 22 13
37 43 15
37 48 10
37 12 1
37 20 0
37 33 3
37 45 0
37 1 7
37 49 12
37 36 8
37 40 8
37 31 4
37 14 10
37 51 1
37 13 11
37 21 13
37 52 6
37 4 16
37 18 8
38 46 17
38 48 16
38 14 5
38 51 2
38 7 3
38 18 15
38 13 6
38 9 14
38 23 7
38 52 0
38 42 16
38 37 6
38 39 2
38 31 13
38 10 13
38 26 10
38 4 5
38 40 3
38 27 9
38 17 0
38 34 1
38 44 6
38 25 7
38 41 6
38 32 11
38 3 7
38 33 14
38 24 2
39 20 4
39 14 16
39 2 8
39 18 3
39 23 1
39 27 7
39 31 5
39 12 18
39 24 13
40 42 12
40 25 1
40 39 9
40 31 5
40 15 16
40 10 18
40 1 11
40 18 2
40 12 11
40 45 13
40 41 4
40 28 1
40 22 13
40 43 7
40 3 16
40 27 7
40 33 18
40 4 1
40 13 0
40 20 18
40 14 12
40 26 6
40 0 16
40 6 15
40 29 5
40 11 2
40 21 14
40 51 11
40 24 4
40 7 8
40 50 7
40 36 10
40 49 1
40 34 0
40 32 5
40 2 11
40 23 9
40 47 8
40 5 12
40 52 15
40 19 7
40 9 2
40 46 5
40 35 0
40 30 2
41 36 15
41 49 5
41 5 10
41 24 15
41 48 3
41 42 10
41 31 8
41 20 18
41 30 6
41 6 13
41 23 8
41 18 7
41 29 7
41 7 13
41 39 9
41 34 17
41 51 16
41 38 0
41 44 11
41 19 16
41 35 9
41 4 11
41 25 1
41 43 7
41 12 8
41 16 6
41 9 11
41 47 7
41 26 12
41 33 11
41 11 18
41 40 17
41 17 14
41 15 2
41 2 5
42 7 17
42 36 17
42 51 12
43 17 11
43 0 6
43 48 16
43 46 12
43 45 10
43 50 4
43 36 0
43 32 7
43 29 3
43 40 3
43 10 16
43 28 6
43 19 16
43 20 15
43 5 15
43 49 17
43 26 12
43 38 5
43 23 13
43 16 16
43 25 14
43 22 15
43 4 15
43 3 14
43 37 10
43 42 0
43 39 3
43 15 3
43 21 1
43 11 7
43 27 6
43 51 12
43 14 2
43 47 16
43 6 8
43 30 3
43 1 12
43 34 8
44 48 18
44 35 18
44 41 4
44 42 10
44 8 5
44 47 5
44 27 16
44 34 13
44 20 5
45 33 14
45 51 4
45 0 16
45 44 17
45 15 0
45 9 5
45 14 16
45 24 9
45 26 10
45 2 7
45 27 0
45 5 14
46 17 6
46 52 7
46 48 12
46 30 16
46 49 1
46 3 12
46 21 5
46 18 16
46 13 8
46 41 3
46 20 15
46 19 4
46 31 8
46 15 1
46 40 9
46 50 6
46 32 4
46 51 0
46 6 6
46 16 11
46 45 9
46 33 4
47 52 13
47 23 2
47 11 17
47 0 4
47 17 10
47 4 8
47 14 17
47 31 0
47 22 1
47 39 10
47 48 10
47 38 4
47 16 7
47 46 14
47 6 2
47 12 1
47 40 18
47 45 16
47 26 3
47 50 18
47 7 3
47 13 5
47 18 10
47 34 14
47 10 3
47 3 4
47 24 4
47 49 6
47 15 9
47 36 15
47 28 16
47 41 3
47 2 7
47 37 7
47 20 3
47 9 10
47 29 18
47 5 8
47 33 18
47 51 17
47 8 17
47 42 13
47 19 0
47 32 3
47 27 7
47 25 6
48 18 16
48 13 7
48 15 16
48 38 10
48 17 18
48 8 17
48 51 16
48 12 16
48 39 0
48 35 7
48 16 11
48 6 18
48 10 10
48 5 2
48 33 14
48 52 1
48 44 6
48 22 17
48 20 13
48 11 1
48 31 10
48 40 18
48 23 14
48 49 15
48 21 3
48 14 16
48 41 12
49 27 1
49 45 6
49 52 12
49 38 8
49 3 11
49 51 3
49 13 18
49 33 5
49 20 17
49 0 11
49 47 10
49 29 17
49 46 12
49 9 8
49 19 11
49 6 9
49 21 15
49 4 15
49 35 14
49 30 13
49 8 0
49 28 0
49 37 9
49 43 12
49 15 13
49 41 13
49 36 7
49 50 3
49 25 5
49 16 9
49 31 4
49 34 3
49 17 18
49 22 5
50 37 13
50 45 4
50 43 7
50 4 11
50 1 2
50 42 3
50 27 4
50 25 8
50 36 15
50 18 13
50 26 16
50 22 11
50 44 11
50 31 2
50 48 17
50 14 13
50 47 10
50 28 14
50 2 4
50 8 7
50 7 8
50 32 12
50 35 4
50 15 9
50 12 17
50 38 11
50 24 11
50 49 4
50 5 10
50 16 12
50 19 6
50 51 2
50 41 10
50 21 18
50 0 10
50 3 15
50 34 8
50 11 6
50 10 10
50 13 3
50 40 18
50 30 5
50 29 8
50 39 11
50 23 16
50 9 3
50 17 15
50 52 8
51 9 8
51 40 10
51 45 0
51 14 2
51 17 15
51 34 15
51 0 3
51 5 9
51 37 9
51 20 13
51 35 10
51 7 9
51 24 8
51 21 14
51 48 2
51 12 9
51 25 7
51 32 4
51 18 13
51 10 6
51 3 1
51 49 3
51 13 10
51 41 10
51 16 3
51 33 9
51 26 0
51 4 11
51 29 13
51 44 4
51 42 8
51 6 11
51 23 4
51 8 9
51 43 13
51 31 9
51 28 16
51 39 15
51 11 14
51 38 1
51 50 8
51 30 17
51 52 16
52 38 17
52 23 15
52 32 4
52 45 14
52 2 13
52 44 4
52 12 10
52 13 7
52 27 12
52 0 14
52 29 11
52 51 13
52 42 13
52 22 15
52 26 11
52 41 3
52 39 5
52 18 2
52 16 3
52 34 16
52 37 11
52 46 2
52 5 7
52 49 4
52 35 9
52 10 8
