70
2555
true
0 3 13
0 59 5
0 51 3
0 17 9
0 29 14
0 14 14
0 24 4
0 10 13
0 64 8
0 32 5
0 52 8
0 65 0
0 66 17
0 9 3
0 31 11
0 38 2
1 67 9
1 51 18
1 42 6
1 34 6
1 36 15
1 11 7
1 20 1
1 57 18
1 66 8
1 55 8
1 29 16
1 37 12
1 48 6
1 4 4
1 12 4
1 3 11
1 62 6
1 32 2
1 6 10
1 30 15
1 63 7
1 18 2
2 15 7
2 0 15
2 35 2
2 4 17
2 16 3
2 42 10
2 38 18
2 56 5
2 57 1
2 64 17
2 46 1
2 45 7
2 65 7
2 27 12
2 11 15
2 63 7
2 23 0
2 44 17
2 47 16
2 61 12
2 66 13
2 30 13
2 52 6
2 8 8
2 22 10
2 43 4
2 24 1
2 41 4
2 51 13
3 56 16
3 68 13
3 37 2
3 67 12
3 50 17
3 59 9
3 10 16
3 35 9
3 7 4
3 62 16
3 52 16
3 26 2
4 66 11
4 39 4
4 28 4
4 18 8
4 65 9
4 0 11
4 64 6
4 12 14
4 44 14
4 5 8
4 54 14
4 36 1
4 41 4
4 11 16
4 55 6
4 43 13
4 15 17
4 19 7
4 58 3
4 37 14
4 49 17
4 14 2
4 48 2
4 40 9
4 25 15
4 42 7
4 8 9
4 46 3
5 65 10
5 20 6
5 54 7
5 57 6
5 35 4
5 17 15
5 59 12
5 32 7
5 7 11
5 48 17
5 14 13
5 3 8
5 0 15
5 62 12
5 30 14
5 34 8
5 23 9
5 50 1
5 18 2
5 44 1
5 41 8
5 42 6
5 1 7
5 61 12
5 45 8
5 29 2
5 40 13
5 11 18
5 27 3
5 55 2
5 67 6
6 51 11
6 10 17
6 32 16
6 4 9
6 46 11
6 34 3
6 65 16
6 62 11
6 53 9
6 21 15
6 55 4
6 52 17
6 0 11
6 69 0
6 36 13
6 61 1
6 5 7
6 60 15
6 12 16
6 44 15
6 1 15
6 67 12
6 50 16
6 9 3
6 22 14
7 24 10
7 37 14
7 33 14
7 60 12
7 39 6
7 55 7
7 44 5
7 45 14
7 65 1
7 21 1
7 34 15
7 5 10
8 29 2
8 47 12
8 13 11
8 22 6
8 54 9
8 14 10
8 18 0
8 46 10
8 44 17
8 3 4
9 28 16
9 35 14
9 52 15
9 64 7
9 11 4
9 58 14
9 65 2
9 5 13
9 6 14
9 50 18
9 16 3
9 36 18
9 32 17
9 68 10
9 66 13
9 8 4
9 57 6
9 24 8
9 55 0
9 20 12
9 62 11
9 46 11
9 23 15
9 31 18
9 42 0
9 17 16
9 22 4
9 34 5
9 3 16
9 25 17
9 33 5
9 56 6
9 2 2
9 40 7
9 44 7
9 1 14
9 60 5
9 15 5
9 69 0
9 54 17
9 12 2
9 4 3
9 37 10
9 51 8
9 67 11
9 7 5
9 43 14
9 47 0
9 19 16
9 41 8
9 21 11
9 14 3
9 61 16
9 63 12
9 10 8
9 27 15
9 39 8
9 59 13
9 13 8
9 45 15
9 53 1
9 18 15
9 30 0
9 0 7
10 5 8
10 42 12
10 63 5
10 26 0
10 51 8
10 46 1
10 65 14
10 64 6
10 3 3
10 43 7
10 53 2
10 47 13
10 6 16
10 39 10
10 33 0
10 17 1
10 37 13
10 61 15
10 12 0
10 32 1
10 68 15
10 30 14
10 15 12
10 4 18
10 60 5
10 34 0
10 23 17
10 58 0
10 13 9
10 21 1
10 50 4
10 7 0
10 62 16
10 31 8
10 40 1
10 54 11
10 36 8
10 9 1
10 52 11
10 11 0
10 27 10
10 49 18
10 25 9
10 55 0
10 19 16
10 22 16
10 57 5
10 24 13
10 67 0
10 18 8
10 14 13
10 0 10
10 28 11
10 2 12
10 69 5
10 1 14
10 29 2
10 44 1
10 59 1
10 66 16
10 16 10
10 8 11
10 41 17
10 48 16
10 35 4
10 45 11
10 56 0
11 17 4
11 22 13
11 51 10
11 6 10
11 33 17
11 30 14
11 29 18
11 21 1
11 46 0
11 45 17
11 31 0
11 50 12
11 38 1
11 67 12
11 18 13
11 25 9
11 20 15
11 1 4
11 56 0
11 7 9
11 65 8
11 55 13
11 57 10
11 13 0
11 16 11
11 49 3
11 3 0
11 5 7
11 27 3
11 42 12
11 40 3
11 26 15
11 48 13
11 53 0
11 66 1
11 9 17
11 24 9
11 64 8
11 8 9
11 15 3
11 35 8
11 69 0
11 12 0
11 47 1
11 19 2
11 2 2
11 68 5
11 14 7
11 28 3
11 52 7
11 43 2
11 37 3
11 10 16
11 58 2
11 0 17
11 62 1
11 41 12
11 61 3
11 54 14
11 63 13
11 4 17
11 60 1
11 32 17
11 34 7
11 59 0
11 44 15
11 36 3
11 23 18
12 39 5
12 9 7
12 0 6
12 60 1
12 67 14
12 32 3
12 54 4
12 11 12
12 46 5
13 41 5
13 10 15
13 29 9
13 9 18
13 19 4
13 14 3
13 38 13
13 2 13
13 28 10
13 7 9
14 26 4
14 63 3
14 0 5
14 55 13
14 22 10
15 60 11
15 40 16
15 27 9
15 44 8
15 17 4
15 42 11
15 39 18
15 7 12
15 16 12
15 6 16
15 53 3
15 26 6
15 59 7
15 29 11
15 41 2
15 57 4
15 55 2
15 28 16
15 63 15
15 30 14
15 33 7
15 32 0
15 19 5
15 13 0
15 46 6
15 1 14
15 52 6
15 8 10
15 54 16
15 24 3
15 38 5
15 25 5
15 14 5
16 34 12
16 38 14
16 67 6
16 37 16
16 64 18
16 5 1
17 18 4
17 0 6
17 59 6
17 9 4
17 26 2
17 22 4
17 19 5
17 39 2
17 12 15
17 5 11
17 4 15
17 62 7
17 45 12
18 5 17
18 6 6
18 54 5
18 27 4
18 46 5
18 40 1
19 21 3
19 40 1
19 42 9
19 67 11
19 8 4
19 58 14
19 5 13
19 60 16
19 47 16
19 30 17
19 15 4
19 54 6
19 18 16
19 65 9
19 20 17
19 50 4
19 6 2
19 41 12
19 66 6
19 0 14
19 61 9
19 11 8
19 25 6
19 16 17
19 39 1
19 69 1
19 38 2
19 1 17
19 28 17
19 56 15
19 7 1
19 35 7
19 37 7
19 62 1
19 22 14
19 29 9
19 2 11
19 57 8
19 4 4
19 33 2
19 68 11
19 48 1
19 64 14
19 27 17
19 10 4
19 51 8
19 26 13
19 13 0
19 44 18
19 31 15
19 36 17
19 45 2
19 24 13
19 17 8
19 53 11
19 23 0
19 63 16
19 59 4
19 34 18
19 12 2
19 32 10
19 9 2
20 44 8
20 29 15
20 1 4
20 39 6
20 6 10
20 31 17
20 16 2
20 41 18
20 19 16
20 13 9
20 21 5
20 50 2
20 68 16
20 14 13
20 55 2
20 47 1
20 27 12
20 64 18
20 66 5
20 60 1
20 51 6
20 37 5
20 63 0
20 5 14
20 65 5
20 24 9
20 10 14
20 34 10
20 11 6
20 35 13
20 46 9
20 53 1
20 26 0
21 31 16
21 63 1
21 3 9
21 23 15
21 62 17
21 66 3
21 55 13
21 37 4
21 26 8
21 46 5
21 57 7
21 17 6
21 1 4
21 50 0
21 60 0
21 15 3
21 58 3
21 69 3
21 12 4
21 32 12
21 10 8
21 56 14
21 41 13
21 54 13
21 22 0
21 44 3
21 6 4
21 45 7
21 61 16
21 34 14
21 28 17
21 7 14
22 63 6
22 10 8
22 54 1
22 36 12
22 15 6
22 32 8
23 68 11
23 5 15
23 18 9
23 19 8
23 41 13
23 26 10
23 25 0
23 38 3
23 39 9
23 42 1
23 47 14
23 69 1
23 61 10
23 4 0
23 48 5
23 2 2
23 46 2
23 16 12
23 52 3
23 36 11
23 1 0
23 51 9
23 10 6
23 32 3
23 29 9
23 55 8
23 8 11
23 22 7
23 57 8
23 43 18
23 44 2
23 3 0
23 7 18
23 15 3
23 35 5
23 28 5
23 27 11
23 45 7
23 30 12
23 53 11
23 65 7
23 59 7
23 63 11
23 6 6
23 17 16
23 0 5
23 31 5
23 50 17
23 24 11
23 60 15
23 12 1
23 37 5
23 33 15
23 40 5
23 56 0
23 54 13
23 58 18
23 67 8
23 9 2
23 13 5
23 66 14
23 62 6
23 14 18
23 34 7
23 64 10
23 11 4
23 21 6
23 20 4
23 49 10
24 52 14
24 30 9
24 14 10
24 37 6
24 49 14
24 8 7
24 7 4
24 53 6
24 16 17
24 65 2
24 3 12
24 10 2
24 60 1
24 20 6
24 41 7
24 9 18
24 18 8
24 58 9
24 11 9
24 67 16
24 23 8
24 34 10
24 64 2
24 68 10
24 29 2
24 22 13
24 43 6
24 42 6
24 26 6
24 54 10
24 12 5
24 33 2
24 1 8
24 17 4
24 44 1
24 38 1
24 35 18
24 59 1
24 46 16
24 62 3
24 28 10
24 47 18
24 27 17
24 57 18
24 31 2
24 63 11
24 19 10
24 6 4
24 4 16
24 40 3
24 2 11
24 69 16
24 45 10
24 0 1
24 39 2
24 36 1
25 35 6
25 55 0
25 48 17
25 67 2
25 14 14
25 64 8
25 44 14
25 1 16
25 34 14
25 2 6
25 20 1
25 42 14
25 28 15
25 13 15
25 5 13
25 10 10
25 59 18
25 22 7
25 62 3
25 8 13
25 60 15
25 0 5
25 68 17
25 29 4
25 30 18
25 51 11
25 39 8
25 40 7
25 43 17
25 41 5
25 27 15
25 65 1
25 54 0
25 12 12
25 53 5
25 16 2
25 3 18
25 56 11
25 9 0
25 18 0
25 57 0
25 52 12
25 6 4
25 61 4
25 17 14
25 32 10
25 33 6
25 11 5
25 46 11
25 21 4
25 4 17
25 15 2
25 66 2
25 24 3
25 19 3
25 47 11
26 49 3
26 24 17
26 2 17
26 8 13
26 20 1
26 9 18
26 44 9
26 0 4
26 37 18
26 52 4
26 59 10
26 31 18
26 62 1
26 33 0
26 40 5
26 41 10
26 54 8
26 61 18
26 46 15
26 35 13
26 64 6
26 6 8
26 56 15
26 14 8
26 29 11
26 32 10
26 10 1
26 13 6
26 68 5
26 18 14
26 19 1
26 38 5
26 27 9
26 43 2
26 1 11
26 47 17
26 39 10
26 69 15
26 53 17
26 28 3
26 7 12
26 15 16
26 51 11
26 42 10
26 3 3
26 22 10
26 50 4
26 57 0
26 4 2
26 63 7
26 12 13
26 23 0
26 25 8
26 55 17
26 67 5
26 11 9
26 16 5
26 30 1
26 60 7
26 45 4
27 68 10
27 7 14
27 39 7
27 46 1
27 24 15
27 17 4
27 48 2
27 32 5
27 26 14
27 11 8
27 56 18
27 6 18
27 10 17
27 41 4
27 2 4
27 35 8
27 31 9
27 66 9
27 60 14
27 8 6
27 58 3
27 61 17
27 44 16
27 21 11
27 20 4
27 54 10
27 50 2
27 69 12
27 0 2
27 42 16
27 62 16
27 30 10
27 40 0
27 43 6
27 38 15
27 13 16
27 12 6
27 37 4
27 57 7
27 59 10
27 36 6
27 65 16
27 14 11
27 34 0
27 9 14
27 19 5
28 27 0
28 23 17
28 39 0
28 56 3
28 29 0
28 22 0
28 21 15
28 58 14
28 64 14
29 51 14
29 41 11
29 5 1
29 26 16
29 37 8
29 17 3
29 34 17
29 27 8
29 15 13
29 2 13
29 58 1
29 68 15
29 14 10
29 39 18
29 44 7
29 33 6
29 10 8
29 13 7
29 19 5
29 67 17
29 60 3
29 42 6
30 58 0
30 20 11
30 53 11
30 46 16
30 61 18
30 67 11
30 9 6
30 39 10
30 24 13
30 55 17
30 26 5
30 23 6
30 28 12
30 21 9
30 1 1
30 37 10
30 45 14
31 54 6
31 40 6
31 37 15
31 52 15
31 17 2
31 47 16
31 67 5
31 2 11
31 6 11
31 26 9
31 42 0
31 8 17
31 62 10
31 23 9
31 0 11
31 38 5
31 21 3
31 1 17
31 27 15
31 7 4
31 13 17
31 4 11
31 65 18
31 34 10
31 63 13
31 41 11
31 66 7
31 22 14
31 44 10
31 39 6
31 18 16
31 58 12
31 68 18
31 51 3
31 35 2
31 25 9
31 28 2
31 9 1
31 56 7
31 14 5
31 11 18
31 30 16
31 61 10
31 20 12
31 50 3
31 19 1
31 60 17
31 15 6
31 10 0
31 55 9
31 36 2
31 46 10
31 64 3
31 48 18
31 53 10
31 45 6
32 53 3
32 37 8
32 59 7
32 12 11
32 47 1
32 54 16
32 44 9
32 66 14
32 9 18
32 35 11
32 1 12
32 27 15
32 49 7
32 41 13
32 30 16
32 50 6
32 16 14
32 43 5
32 51 10
32 42 5
32 11 10
32 3 7
32 46 4
32 68 0
32 24 14
32 22 14
32 25 6
32 67 7
32 38 18
32 29 16
32 61 18
32 69 9
32 31 8
32 65 14
32 18 1
32 17 16
32 48 16
32 23 14
32 36 4
32 2 4
32 4 10
32 0 13
32 34 7
32 45 6
32 56 9
32 64 0
32 39 14
32 26 14
32 6 18
32 57 7
32 7 12
32 19 7
32 8 18
32 15 6
32 13 2
32 5 14
32 10 2
32 60 11
32 52 15
33 25 6
33 64 10
33 39 10
33 42 16
33 14 12
33 45 5
33 23 17
33 36 12
33 58 1
33 35 16
33 12 15
33 5 16
33 56 15
33 60 8
33 38 2
33 28 4
33 50 5
33 31 10
33 18 8
33 48 10
33 57 10
33 22 8
33 46 6
33 54 14
33 53 6
33 0 13
33 63 17
33 1 6
33 30 0
33 7 15
33 11 16
33 68 11
33 43 7
33 44 8
33 15 16
33 62 17
33 9 11
33 51 4
33 3 6
33 8 17
33 69 17
33 10 16
33 55 18
33 16 0
33 26 9
33 66 3
33 4 6
33 24 2
33 29 6
33 49 12
33 21 2
33 6 12
33 13 2
33 37 8
33 67 15
33 19 14
33 47 9
33 41 16
33 52 11
33 59 14
34 2 10
34 48 10
34 58 9
34 69 18
34 56 1
34 42 18
34 28 0
34 21 11
34 10 3
34 23 5
34 57 16
34 32 15
34 18 10
34 1 1
34 26 10
34 29 3
34 0 16
34 22 6
34 45 9
34 66 15
34 17 1
34 4 3
34 12 15
34 13 0
34 3 1
34 54 8
34 14 10
34 30 8
34 53 2
34 49 10
34 43 3
34 50 11
34 40 11
34 51 16
34 31 11
34 37 14
34 44 12
34 16 10
34 35 4
34 27 12
34 52 7
34 68 16
34 36 4
34 59 18
34 55 14
34 33 2
34 20 15
34 38 8
34 65 10
34 39 8
34 67 12
34 11 2
34 15 18
34 46 8
34 6 1
34 7 17
34 63 4
34 41 7
35 17 12
35 29 5
35 13 0
35 32 17
35 2 10
35 36 13
35 39 1
35 40 0
35 66 0
35 43 11
35 7 11
36 9 5
36 61 3
36 6 8
36 67 3
36 43 16
36 12 9
36 4 0
36 48 0
36 28 9
36 7 7
36 10 3
36 45 2
36 20 17
36 22 6
36 54 8
36 17 10
36 19 9
36 56 1
36 34 2
36 25 8
36 37 7
36 53 6
36 13 18
36 2 8
36 57 1
36 40 3
36 27 15
36 63 14
36 8 9
36 44 18
36 62 8
36 30 2
36 66 8
36 31 14
36 42 4
36 69 8
36 21 3
36 18 0
36 38 0
36 65 5
36 15 15
36 0 12
36 26 0
36 35 8
36 14 0
36 33 15
36 68 2
36 58 4
36 51 6
36 60 18
36 32 2
36 5 12
36 29 15
36 64 18
37 65 0
37 7 10
37 39 9
37 21 18
37 17 11
37 41 12
37 26 3
37 43 4
37 24 16
37 28 11
37 16 15
37 12 16
37 42 13
37 44 1
37 48 5
37 64 10
37 46 15
37 2 15
37 67 3
37 56 2
37 59 9
37 66 13
37 51 3
37 54 7
37 5 18
37 34 10
37 30 13
37 13 5
37 15 2
37 50 11
37 47 12
37 35 8
38 31 3
38 14 11
38 9 3
38 48 13
38 69 13
38 57 1
38 61 5
38 5 17
38 23 10
38 42 11
38 32 16
38 19 7
38 18 12
38 45 12
38 59 17
38 6 14
38 44 5
38 29 8
38 47 12
38 46 13
38 17 15
38 34 7
38 39 5
38 51 15
38 49 5
38 63 16
39 37 0
39 69 18
39 19 12
39 9 16
39 65 11
39 54 5
39 41 15
39 62 3
39 68 4
39 16 3
39 46 16
39 33 13
39 31 13
39 49 14
39 22 3
39 18 15
39 64 3
39 52 16
39 58 3
39 0 1
39 34 15
39 35 10
39 4 6
39 8 11
39 29 9
39 38 18
39 26 8
39 56 2
39 59 0
39 53 7
39 55 12
39 24 1
39 67 14
39 1 17
39 20 8
39 40 8
39 60 8
39 63 6
39 25 2
39 30 10
40 39 5
40 11 17
40 10 18
40 31 12
40 24 18
40 20 5
40 37 9
40 19 0
40 13 8
40 44 7
40 46 12
40 8 7
40 41 15
40 53 10
40 65 6
40 30 13
40 34 1
40 36 18
40 48 16
40 69 6
40 59 6
40 32 11
40 16 5
40 2 18
40 66 8
40 33 3
40 58 14
40 14 4
40 18 10
40 64 17
40 35 11
40 55 17
40 63 10
40 67 0
40 12 7
40 0 13
40 43 5
40 4 17
40 5 16
40 3 11
40 22 7
40 9 4
40 29 12
40 23 9
40 49 6
40 28 13
40 15 8
40 54 3
40 68 3
40 7 17
40 50 3
40 38 1
40 42 11
40 1 9
40 26 5
40 62 16
40 25 3
40 57 12
40 17 1
40 27 6
40 60 4
40 21 15
40 51 14
40 47 14
40 56 1
40 45 6
40 61 1
40 6 9
41 40 6
41 22 1
41 51 0
41 43 3
41 38 3
41 6 15
41 32 5
41 4 5
41 11 0
41 13 0
41 44 10
41 65 15
41 8 9
41 36 2
41 53 5
41 68 12
41 39 10
41 69 1
41 50 0
41 18 3
41 60 15
41 28 16
41 57 9
41 10 10
41 66 10
41 31 9
41 1 12
41 58 14
41 24 11
41 5 12
41 2 18
41 17 0
41 19 7
41 34 6
41 7 1
41 46 13
41 3 8
41 56 16
41 27 18
41 52 8
41 21 17
41 0 11
41 23 12
41 55 12
41 15 6
41 62 4
41 49 17
41 20 15
41 9 13
41 54 3
41 45 9
41 64 10
41 59 14
42 46 4
42 17 1
42 40 14
42 38 4
42 12 16
42 28 5
42 63 6
42 50 6
42 27 8
42 24 0
42 68 10
42 69 2
42 54 9
42 56 4
42 31 5
42 65 14
42 18 7
42 60 13
42 34 13
42 25 15
42 62 12
42 3 4
42 67 2
42 0 1
42 53 4
42 32 8
42 20 13
42 9 16
42 11 9
42 41 7
42 49 8
42 15 17
42 5 14
42 29 17
42 23 3
42 16 17
42 13 11
42 37 0
42 33 18
42 26 14
42 66 4
42 39 12
42 22 11
42 8 6
42 1 1
42 2 7
42 48 4
43 48 10
43 5 12
43 4 15
43 40 17
43 35 8
43 10 2
43 14 5
43 11 0
43 37 12
43 38 18
43 6 0
43 50 17
43 26 2
43 13 4
43 67 3
43 27 9
43 66 13
43 49 6
43 12 3
43 55 1
43 47 2
43 21 2
43 52 16
43 44 15
43 69 13
44 15 14
44 43 7
44 65 3
44 57 2
44 16 9
44 56 1
44 38 7
44 5 6
44 25 18
44 22 9
44 53 16
44 19 17
44 17 10
44 62 5
44 23 17
44 9 0
44 6 11
44 7 3
44 39 16
44 46 14
44 12 2
44 14 14
44 11 10
44 26 4
44 10 6
44 50 6
44 67 6
44 63 4
44 61 5
44 59 11
44 30 3
44 69 0
44 68 18
44 29 16
44 45 18
44 49 4
44 47 2
44 64 6
44 35 16
44 36 7
44 4 7
44 42 1
44 33 13
44 27 16
44 20 5
44 58 8
44 28 2
44 34 6
44 8 11
44 18 15
44 41 12
44 1 5
44 2 7
44 31 14
44 66 2
44 52 10
44 21 14
44 37 11
44 51 5
44 3 6
44 60 17
44 0 5
44 32 12
44 13 2
45 36 3
45 37 7
45 25 16
45 9 13
45 47 9
45 51 1
45 0 15
45 27 1
45 43 0
45 61 8
45 26 11
45 8 8
45 63 18
45 11 10
45 10 3
45 49 18
45 56 17
45 64 16
45 14 11
45 28 13
45 5 14
45 22 10
45 39 0
45 24 10
45 38 14
45 31 13
45 41 1
45 54 8
45 19 17
45 40 8
45 4 11
45 17 12
45 35 13
45 34 17
45 1 4
45 32 6
45 68 9
46 50 15
46 45 6
46 1 9
46 54 13
46 36 4
46 12 18
46 20 4
46 69 17
46 27 3
46 8 16
46 60 14
46 41 10
46 34 8
46 26 13
46 15 15
46 56 12
46 32 18
46 19 4
46 13 9
46 33 17
46 21 12
46 16 9
46 10 2
46 3 5
46 47 8
46 40 1
46 37 12
46 64 5
46 2 10
46 65 2
46 67 8
46 59 10
46 24 5
46 9 18
46 35 15
46 39 10
46 25 11
46 6 15
46 68 13
46 7 13
46 66 10
47 20 12
47 3 13
47 48 18
47 57 0
47 9 9
47 49 4
47 41 18
47 31 13
47 35 1
47 60 8
47 56 17
47 17 3
47 13 8
47 2 1
47 53 18
47 51 7
47 63 8
47 15 13
47 40 11
47 36 8
47 14 7
47 64 13
47 34 10
47 39 17
47 68 0
47 8 9
47 46 2
47 4 0
47 65 10
47 23 7
47 22 18
47 55 12
47 16 12
47 27 17
47 38 16
47 58 16
47 11 2
47 12 13
47 1 5
47 24 16
47 5 2
47 59 1
47 52 17
47 66 1
47 32 5
47 28 1
47 30 4
47 26 6
47 25 4
47 19 0
47 44 7
47 45 16
47 18 17
47 7 7
47 29 18
47 67 10
47 54 1
47 6 13
47 10 14
47 37 2
47 62 18
47 21 0
47 33 14
47 42 10
48 62 13
48 52 18
48 14 10
48 41 13
48 26 15
48 53 13
49 68 0
49 50 8
49 3 16
49 29 1
49 67 0
49 4 8
49 24 11
49 2 8
49 39 7
49 1 12
49 7 16
49 34 4
49 33 13
49 63 1
49 69 2
49 55 4
49 23 7
49 18 14
49 35 0
49 54 6
49 12 15
49 46 6
49 6 17
49 56 9
49 40 9
49 16 18
49 5 7
49 0 5
49 13 6
49 8 14
49 31 1
49 65 2
49 26 14
49 60 0
49 44 11
49 37 11
49 61 4
49 25 18
49 66 14
49 51 5
49 11 6
49 22 14
49 15 16
49 17 6
49 20 4
49 21 4
49 28 7
49 53 3
49 48 3
49 36 15
49 62 8
49 27 1
49 41 4
49 52 13
49 64 15
49 10 1
49 57 8
49 19 6
49 42 0
49 43 9
49 9 14
49 47 5
49 59 16
49 30 5
49 58 0
49 38 1
49 45 2
49 14 8
50 43 17
50 20 1
50 22 4
50 42 3
50 27 18
50 18 15
50 35 4
50 33 6
50 31 10
50 38 3
50 37 4
50 1 17
50 14 6
50 13 3
50 41 10
50 29 5
50 3 18
50 0 0
50 12 10
50 39 16
50 2 5
50 62 6
50 4 15
50 9 13
50 65 0
50 24 12
51 36 3
51 34 2
52 29 12
52 55 17
52 17 14
52 63 10
52 30 2
52 49 18
52 68 18
52 64 8
52 39 5
52 0 6
52 35 1
52 43 3
52 4 3
52 38 14
52 22 1
52 26 7
52 12 7
52 7 9
52 31 5
52 16 14
52 15 11
52 1 12
52 45 8
52 18 3
52 2 16
52 36 11
52 65 5
52 25 8
52 50 16
52 6 5
52 66 8
52 3 3
52 69 3
52 58 2
52 40 16
52 19 17
52 33 9
52 8 17
52 41 8
52 5 17
52 53 9
52 32 6
52 48 4
52 47 15
52 27 4
52 62 4
52 67 3
52 56 9
52 46 6
52 13 13
52 37 3
52 24 1
52 21 12
52 54 8
53 27 14
53 6 4
53 22 2
53 23 1
53 40 6
53 34 5
53 39 17
53 17 14
53 9 9
53 10 9
53 66 14
53 16 10
53 48 3
53 36 4
53 38 18
53 68 17
53 45 18
53 11 16
53 29 18
53 13 13
53 4 14
53 58 11
53 21 18
53 55 0
53 14 11
53 63 11
53 2 0
53 28 10
53 18 4
53 44 5
53 0 13
53 41 6
53 33 4
53 5 17
53 30 2
53 47 3
53 15 14
53 8 6
53 46 6
53 65 7
53 24 8
53 52 0
53 26 13
53 31 1
53 57 17
53 20 14
53 69 15
53 35 12
53 51 11
53 60 18
53 37 2
53 25 4
53 62 18
53 12 5
53 32 4
53 7 3
53 59 15
53 19 17
53 67 0
53 42 2
53 49 9
53 54 7
53 61 1
54 35 12
54 61 14
54 31 18
54 9 12
54 34 4
54 26 9
54 30 15
54 42 11
54 27 5
54 25 4
54 39 15
54 28 0
54 68 16
54 67 1
54 38 4
54 57 11
54 69 7
54 33 17
54 66 5
54 13 17
54 16 15
54 37 0
54 44 13
54 55 7
54 51 2
54 64 17
54 3 2
54 14 2
54 58 12
54 56 0
54 17 16
54 2 14
54 23 2
54 45 16
54 36 7
54 48 11
54 65 1
54 40 3
54 52 13
54 60 0
54 49 11
54 8 0
54 24 7
54 15 9
55 24 3
55 2 5
55 10 10
55 33 0
55 23 16
55 6 8
55 25 3
55 15 7
55 61 10
55 45 2
55 3 17
55 36 12
55 65 10
55 38 9
55 26 15
55 49 15
55 32 6
55 21 13
55 67 4
55 12 9
55 16 7
55 43 10
55 48 17
55 59 12
55 52 15
55 69 14
55 17 2
55 58 4
55 60 15
55 57 14
55 68 17
56 14 6
56 51 14
56 17 2
56 25 17
56 60 8
56 22 14
56 23 14
56 37 9
57 28 14
57 12 8
57 50 1
57 38 3
57 31 2
57 60 14
57 63 4
57 32 18
57 58 17
57 51 4
57 3 1
57 5 14
57 49 1
57 68 14
57 9 0
57 62 5
57 36 6
57 8 11
57 30 12
57 7 16
57 25 13
58 19 17
58 5 17
58 52 4
58 14 8
58 26 8
58 7 15
58 0 3
58 66 11
58 31 2
58 53 15
58 28 3
58 21 4
58 67 1
58 63 10
58 13 18
58 61 4
58 33 12
58 62 13
58 46 4
58 4 6
58 56 18
58 68 7
58 37 7
58 44 13
58 25 2
58 27 3
58 39 8
58 43 3
58 59 11
58 8 14
58 11 14
59 15 17
59 54 12
59 14 12
59 16 12
59 13 17
59 42 14
59 37 3
59 60 6
59 18 15
59 7 2
59 8 0
59 19 12
59 47 5
59 29 7
59 4 10
59 27 15
59 50 15
59 38 16
59 6 1
59 23 16
59 1 18
59 64 11
59 55 18
59 31 18
59 25 11
59 40 6
59 36 4
59 67 14
59 12 0
59 28 3
59 30 13
59 41 16
59 9 18
59 17 9
59 22 5
59 65 9
59 33 18
59 52 12
59 69 16
59 34 9
59 57 11
59 63 5
59 58 8
59 24 3
59 44 14
59 43 1
59 61 2
59 2 6
59 32 18
59 45 4
59 26 13
59 68 10
59 48 5
59 62 17
59 11 4
59 5 0
59 20 12
59 21 15
59 53 14
59 3 7
59 39 12
59 66 15
59 56 13
59 49 11
59 51 9
59 35 1
59 10 4
59 0 1
60 14 15
60 66 8
60 8 13
60 67 6
60 32 17
60 23 8
60 58 16
60 64 4
60 62 4
60 27 7
60 26 8
60 53 6
60 48 6
60 24 13
60 30 16
60 34 14
60 49 8
60 69 12
60 56 5
61 57 2
61 42 14
61 49 5
61 67 9
61 3 7
61 68 5
61 50 8
61 55 2
61 27 3
61 4 2
61 24 14
61 54 10
61 19 11
61 26 6
61 58 15
61 51 12
61 21 6
61 69 4
61 31 9
61 22 17
61 29 16
61 2 9
61 39 2
61 23 2
61 25 3
61 45 17
61 40 18
61 11 1
61 14 13
61 59 2
61 0 7
61 66 6
61 60 5
61 7 4
61 34 0
61 17 3
61 28 12
61 5 18
61 20 15
61 65 5
61 64 14
61 13 11
61 62 4
61 56 1
61 43 8
61 9 4
61 37 2
61 33 12
62 60 13
62 34 7
62 59 6
62 36 13
62 10 9
62 52 3
62 24 6
62 14 10
62 64 10
62 66 7
62 13 18
62 15 0
62 57 11
62 43 13
62 31 1
62 48 9
62 45 13
62 44 9
62 39 8
62 23 0
62 40 8
62 18 6
62 47 5
62 35 5
62 32 16
62 51 8
62 69 5
62 30 6
62 8 1
62 6 0
62 46 15
62 54 3
62 42 18
62 9 1
62 50 12
62 25 13
62 58 6
62 0 13
62 20 15
62 56 12
62 61 13
62 19 6
62 41 3
62 33 17
62 68 7
62 28 16
62 37 9
62 29 1
62 27 12
62 67 13
62 22 5
62 65 10
62 4 8
62 16 18
62 49 18
62 38 2
62 7 9
62 21 14
62 55 14
62 53 1
62 12 15
62 5 4
63 56 3
63 36 1
63 30 12
63 69 2
63 51 17
63 41 11
63 40 18
63 9 2
63 18 5
63 26 1
63 46 18
63 53 18
63 19 16
63 44 15
63 27 10
63 1 15
63 49 11
63 32 0
63 66 8
63 59 1
63 48 11
63 3 11
63 7 17
63 62 18
63 45 10
63 16 2
63 43 7
63 42 9
63 15 18
63 24 7
63 8 8
63 5 17
63 52 6
63 54 14
63 21 10
63 2 6
63 28 2
63 61 18
63 6 6
63 67 17
63 4 11
63 14 7
63 0 2
63 68 6
63 25 3
64 8 6
64 57 11
64 53 1
64 48 6
64 55 15
64 38 2
64 31 8
64 10 18
64 1 0
64 28 5
64 36 17
64 16 18
64 52 3
64 23 0
64 51 0
64 56 16
64 61 18
64 44 14
64 35 12
64 0 1
64 58 15
64 15 13
64 63 14
64 25 1
64 69 15
64 21 5
64 45 11
64 46 13
64 24 17
64 3 12
64 42 12
64 50 17
64 49 13
64 62 17
64 13 13
64 67 8
64 34 3
64 32 6
64 33 9
64 14 6
64 9 12
64 30 13
64 27 15
64 4 18
64 66 2
64 29 11
64 19 13
64 68 4
64 54 5
64 59 7
65 3 15
65 15 12
65 18 18
65 31 2
65 30 11
65 37 5
65 16 17
65 39 16
65 9 7
65 11 1
65 60 10
65 38 4
65 23 17
65 19 13
65 27 8
65 6 18
65 4 1
65 36 14
65 62 18
65 57 14
65 47 3
65 28 11
65 40 6
65 51 14
65 46 11
65 32 17
65 26 0
65 7 11
65 2 14
65 42 8
65 13 0
65 55 4
65 17 18
65 44 14
65 56 12
65 68 4
65 10 5
65 66 8
65 41 0
65 29 16
65 24 14
65 34 0
65 48 12
65 50 5
65 20 10
65 45 16
65 69 15
65 67 13
65 33 4
65 63 0
65 25 2
65 22 3
65 21 16
65 54 3
65 59 10
65 5 8
65 64 16
65 14 3
65 61 16
65 43 5
66 13 9
66 7 18
66 4 18
66 17 6
67 64 4
67 52 1
67 53 15
67 31 16
67 8 7
67 45 5
68 5 13
68 17 1
68 65 5
68 51 3
68 67 10
68 59 4
68 53 17
68 43 5
68 19 5
68 42 17
68 3 17
68 35 1
68 58 5
68 6 16
68 2 14
68 69 10
68 57 13
68 24 4
68 64 14
68 22 6
68 9 0
68 45 18
68 16 10
68 20 8
68 61 17
68 32 0
68 7 6
68 62 6
68 26 9
68 50 3
68 11 15
68 46 17
68 25 0
68 27 11
68 31 9
68 38 6
68 34 0
68 39 4
68 21 6
68 12 14
68 14 3
68 37 5
68 66 9
68 40 7
68 4 11
68 33 16
68 47 5
68 1 0
68 63 9
68 52 7
68 41 9
68 30 2
68 48 3
68 23 15
68 60 4
68 54 14
68 28 17
68 18 0
68 15 14
68 8 6
68 56 8
68 49 5
68 10 3
68 36 2
68 0 16
68 44 6
68 55 16
68 13 15
68 29 17
69 4 0
69 53 8
69 18 1
69 30 11
69 36 9
69 42 13
69 6 13
69 63 16
69 7 18
69 56 13
69 62 13
69 37 13
69 32 1
69 47 17
69 46 2
69 23 14
69 29 16
69 39 11
69 26 12
69 64 15
69 45 5
69 60 18
69 11 10
69 40 1
69 67 1
69 59 9
69 8 12
69 43 6
69 19 7
69 61 0
69 34 18
69 2 8
69 52 18
69 17 2
69 24 9
69 21 0
69 10 3
69 68 10
69 13 2
69 5 0
69 65 6
