78
2696
true
0 76 9
0 21 5
0 4 13
0 33 16
0 69 0
0 72 17
0 22 4
0 20 3
0 19 1
0 54 3
0 39 9
0 10 10
0 45 18
0 77 2
0 68 1
0 11 0
0 9 1
0 40 16
0 43 8
0 28 2
0 42 14
0 44 15
0 17 10
0 64 8
0 50 4
0 34 6
0 29 12
0 27 13
0 60 1
0 16 13
0 36 0
0 62 11
0 1 13
0 70 13
0 12 14
0 5 9
0 71 18
0 13 6
0 31 17
0 38 11
0 63 12
0 56 18
0 52 13
0 30 5
0 8 14
0 6 16
0 51 9
0 7 3
0 59 10
0 26 12
0 49 11
0 25 12
0 37 7
0 75 16
0 18 0
1 38 13
1 19 17
1 70 17
1 26 7
1 76 8
1 44 10
1 59 14
1 15 11
1 63 2
1 72 11
1 37 2
1 50 4
1 18 17
1 56 7
1 29 17
1 35 13
1 53 1
1 61 8
1 40 9
1 39 16
1 46 3
1 49 5
1 17 12
1 57 5
1 2 12
1 22 12
1 65 5
1 67 16
1 13 17
1 8 13
1 14 9
1 71 7
2 20 11
2 76 15
2 62 13
2 42 0
2 64 9
2 12 8
2 46 13
2 58 8
2 15 12
2 9 15
2 0 15
2 51 13
2 11 13
2 47 17
2 29 0
2 31 8
2 30 6
2 49 10
2 18 1
2 63 4
2 13 3
2 36 15
2 73 7
2 8 2
3 60 15
3 24 6
3 65 12
3 54 4
3 8 10
4 12 0
4 75 8
4 30 3
4 74 15
4 50 5
4 36 13
4 15 4
4 77 7
4 44 18
4 63 16
4 47 5
4 5 9
4 62 15
4 65 10
4 42 12
4 19 10
4 59 3
4 2 16
4 6 4
4 45 6
4 13 1
4 40 0
4 54 9
4 66 10
4 22 10
4 24 5
4 69 0
4 34 7
4 76 14
4 18 2
4 27 7
4 31 5
4 49 1
4 60 7
4 9 15
4 67 18
4 21 0
4 25 6
4 32 7
4 20 14
4 0 3
4 3 5
4 57 4
4 23 3
4 28 6
4 46 4
4 10 0
4 14 5
4 51 2
4 73 6
4 43 12
4 41 7
4 1 13
4 52 5
4 64 3
4 35 8
4 58 18
4 68 0
5 24 5
5 46 4
5 42 4
5 62 5
5 54 16
5 41 1
5 1 14
5 39 13
5 21 16
5 56 11
5 73 18
5 69 3
5 13 15
5 45 15
5 12 15
5 40 3
5 59 17
5 68 7
5 23 0
5 77 13
5 25 0
5 16 13
5 7 3
5 74 4
5 37 15
5 9 16
5 53 14
5 47 5
6 62 5
6 35 3
6 70 11
6 28 7
6 7 17
6 60 7
6 61 18
6 12 18
6 39 16
6 25 15
6 4 17
6 30 10
6 23 6
6 19 16
6 72 5
6 50 4
6 56 9
6 3 9
6 51 4
6 27 7
6 47 1
6 38 17
6 0 2
6 18 7
6 42 14
6 53 4
6 8 2
6 48 2
6 74 5
6 17 3
6 43 8
6 24 1
6 1 4
6 57 5
6 54 0
6 13 11
6 32 3
6 52 11
6 65 3
6 68 3
6 22 5
6 2 13
6 40 4
6 10 9
6 58 6
6 31 15
6 67 9
6 15 15
6 73 9
6 14 1
6 21 5
6 46 17
6 71 18
7 72 15
7 37 9
7 15 9
7 51 3
7 25 2
7 68 17
7 62 16
7 56 9
7 70 10
7 46 0
7 27 18
7 50 15
7 5 4
7 31 0
7 47 1
7 69 3
7 41 13
7 18 0
7 14 11
7 16 11
7 71 4
7 53 11
7 54 17
7 30 5
7 76 6
7 0 7
7 61 16
7 45 6
7 65 8
7 52 6
7 19 15
7 58 10
7 17 2
7 64 2
7 4 6
7 55 5
8 5 17
8 40 13
8 20 8
8 26 1
8 73 15
8 65 2
8 7 11
8 19 8
8 33 11
8 60 13
8 2 6
8 34 6
8 22 0
8 64 2
8 16 12
8 13 1
8 43 7
8 77 17
8 44 2
8 56 12
8 72 13
8 57 8
8 28 11
8 6 18
8 31 16
8 30 18
9 26 5
9 63 15
9 59 17
9 21 16
9 43 17
9 0 11
9 76 3
9 23 11
9 17 0
9 10 10
9 60 17
9 50 6
9 62 10
9 65 14
9 35 8
9 37 14
9 20 11
9 12 2
9 67 12
9 5 2
9 22 12
9 77 10
9 52 18
9 68 1
9 48 1
9 75 0
9 72 1
9 74 17
9 69 9
9 53 18
9 3 5
9 13 6
9 32 8
9 19 6
9 16 10
9 28 17
9 4 9
9 30 18
9 18 5
9 27 3
9 7 8
9 54 7
9 24 18
9 39 10
10 27 14
10 7 0
10 45 8
10 32 18
10 18 1
10 1 10
10 42 14
10 66 9
10 19 12
10 72 9
10 52 16
10 2 1
10 25 9
10 67 0
10 61 9
10 51 11
10 68 7
10 71 8
10 70 10
10 28 13
10 23 1
10 31 6
10 37 4
10 34 3
10 0 9
10 30 6
10 41 8
10 58 1
10 13 2
10 59 2
10 63 0
10 5 14
10 20 13
10 74 6
10 40 3
10 12 3
10 62 9
10 35 16
10 49 1
10 3 0
10 48 3
10 50 18
10 6 0
10 21 7
10 77 5
10 44 13
10 73 7
10 22 9
10 54 13
10 16 5
10 29 16
10 76 14
10 4 11
10 53 0
10 60 6
10 24 8
10 15 2
10 9 14
10 36 3
10 17 17
10 47 6
10 75 10
11 0 14
11 10 0
11 2 3
11 32 12
11 31 11
11 62 7
11 6 3
11 45 14
11 1 1
11 35 17
11 75 1
11 55 12
11 65 4
12 34 3
12 56 16
12 22 5
12 66 15
12 55 9
12 14 5
12 3 8
12 37 8
12 20 5
12 13 2
12 64 11
12 24 15
12 59 6
12 51 1
12 18 9
12 35 13
12 62 4
12 4 1
12 47 11
12 43 5
12 46 10
12 1 8
12 15 2
12 49 13
12 52 14
12 31 8
12 44 11
12 36 16
12 45 15
12 54 10
12 7 9
12 57 9
12 2 9
12 76 14
12 27 15
12 6 12
12 63 11
12 77 15
12 72 16
12 40 2
12 53 1
12 21 13
12 17 12
12 9 13
12 26 16
12 69 4
12 41 17
12 29 14
12 10 1
12 75 4
12 5 0
12 50 18
12 61 15
12 30 12
12 74 0
12 23 1
12 68 17
12 58 14
12 11 12
12 33 0
12 28 10
12 32 16
12 70 9
12 73 15
12 38 5
12 65 7
12 42 8
12 0 18
12 19 6
12 8 6
12 71 5
12 48 14
12 25 9
13 50 17
13 8 11
13 76 18
13 2 11
13 6 12
13 37 12
13 53 17
13 64 6
13 66 17
13 46 12
13 45 8
13 39 17
13 67 15
13 31 7
13 3 15
13 68 7
13 12 5
13 77 5
13 28 4
13 5 0
13 22 7
13 62 5
13 57 8
13 58 3
13 75 15
13 51 3
13 56 11
13 70 1
13 41 0
13 59 12
13 32 1
13 34 17
13 38 0
13 40 3
13 33 10
13 35 6
13 19 9
13 9 12
13 42 14
13 73 6
13 26 0
13 71 3
13 72 18
13 25 6
13 17 9
13 69 10
14 44 2
14 43 4
14 50 6
14 62 2
14 55 10
14 34 4
14 27 16
14 68 12
14 17 15
14 8 5
14 57 4
14 67 17
14 22 4
14 33 0
14 73 6
14 69 15
14 6 2
14 0 17
14 74 3
14 54 14
14 12 18
14 4 4
14 46 13
14 28 12
14 40 5
14 60 15
14 11 4
14 51 3
14 48 5
14 15 0
14 24 5
14 71 17
15 0 12
15 59 10
15 69 9
15 26 8
15 34 4
15 49 7
15 75 0
15 1 17
15 42 14
15 2 12
15 62 0
15 11 18
15 6 5
15 61 14
15 8 18
15 46 0
15 5 17
15 35 11
15 60 3
15 64 9
15 57 5
15 29 11
15 22 5
15 74 13
15 45 9
15 37 3
15 16 0
15 50 7
15 77 4
15 70 4
15 14 12
15 76 16
15 72 9
15 55 6
15 39 17
15 56 9
15 19 7
15 33 3
15 12 14
15 58 2
15 24 14
15 30 14
15 20 13
15 48 0
15 18 3
15 47 10
15 10 5
15 21 2
15 71 5
15 4 10
15 40 6
15 23 6
15 53 4
15 13 18
15 51 16
15 73 0
15 41 1
15 32 0
15 54 0
15 3 16
15 63 6
15 38 15
15 27 17
15 44 3
15 68 5
15 17 4
15 66 11
15 31 7
15 67 6
16 74 13
16 28 17
16 11 15
16 36 7
16 26 9
16 23 18
16 8 5
16 10 17
16 71 11
16 2 10
16 48 7
16 22 14
16 33 8
16 0 2
16 64 0
16 3 9
16 63 1
16 18 14
16 49 16
17 7 15
17 1 4
17 13 13
17 71 12
17 34 10
17 65 1
17 19 6
17 77 11
17 67 6
17 9 13
17 51 0
17 32 11
17 4 11
17 52 3
17 49 11
17 69 8
17 41 14
17 10 10
17 38 16
17 70 7
17 6 11
17 47 1
17 20 4
17 11 11
18 70 4
19 60 18
19 7 18
19 40 10
19 50 7
19 32 1
19 16 17
19 64 5
19 13 1
19 41 14
19 53 0
19 31 1
19 69 11
19 38 4
19 70 4
19 20 2
19 21 5
19 51 12
19 29 12
19 62 7
19 2 5
19 30 16
19 47 8
19 22 2
19 66 4
19 59 0
19 1 2
19 9 15
19 6 1
19 4 8
19 5 0
19 55 4
19 44 9
19 17 13
19 77 11
19 36 2
19 73 3
19 8 11
19 63 6
19 56 12
19 27 9
19 0 17
19 71 1
19 48 17
19 54 4
19 35 2
19 57 12
19 15 5
19 33 0
19 43 18
19 26 17
19 10 10
19 72 17
19 25 12
19 3 13
19 65 18
19 61 5
19 42 0
19 74 9
19 68 17
19 11 13
19 34 11
19 24 14
19 23 10
19 12 17
19 58 14
19 14 9
19 18 1
19 45 4
19 39 8
19 75 13
19 49 13
19 52 1
20 9 0
20 64 7
20 30 10
20 60 15
20 6 12
20 26 15
20 45 14
20 14 3
20 2 7
20 54 2
20 58 14
20 11 11
20 67 4
20 19 3
20 24 10
20 41 14
20 22 2
20 34 18
20 73 10
20 71 8
20 75 5
20 12 2
20 28 17
20 63 0
20 15 7
20 69 2
20 21 15
20 57 17
20 1 4
20 44 2
20 49 7
20 76 10
20 39 0
20 5 17
21 3 6
21 0 13
21 14 12
21 66 3
21 26 6
21 45 8
21 4 1
21 16 6
21 19 2
21 71 4
21 2 2
21 48 0
21 22 15
21 42 18
21 65 4
21 9 15
21 35 6
21 10 11
21 64 15
21 7 7
21 77 7
21 33 5
21 23 5
21 67 6
21 60 3
21 8 7
21 25 9
21 1 15
21 31 8
21 70 14
21 59 1
21 27 8
21 6 10
21 63 10
21 51 9
21 43 4
21 69 18
21 37 10
21 40 10
21 12 9
21 55 1
21 5 11
22 46 14
22 74 11
22 49 6
22 9 8
22 75 12
22 6 17
22 23 10
22 13 4
22 3 1
22 55 14
22 72 17
22 5 10
22 39 16
22 8 1
22 66 6
22 28 0
22 59 18
22 70 13
22 31 10
22 57 0
22 63 11
22 17 16
22 15 17
22 1 5
23 67 13
23 22 11
23 11 4
23 18 6
23 73 16
23 24 16
23 72 10
23 62 11
23 15 14
23 75 5
23 41 3
23 8 7
23 58 12
23 56 9
23 74 4
23 27 3
23 32 2
23 77 2
23 38 15
23 13 13
23 68 15
23 17 15
23 49 6
23 33 2
23 20 3
23 66 6
23 46 14
23 39 8
23 64 16
23 50 0
23 37 4
23 12 12
23 63 18
23 10 5
23 30 9
23 3 17
23 31 17
23 6 7
23 0 13
23 61 9
23 26 9
23 69 6
23 44 8
23 4 3
23 9 5
23 7 9
23 47 15
23 16 9
23 65 6
23 35 7
23 57 1
23 25 17
23 19 3
23 52 5
23 53 12
23 43 0
23 45 15
23 1 18
23 70 2
23 71 14
23 36 5
23 59 2
23 42 5
23 54 3
23 5 1
23 34 6
23 29 17
23 55 9
23 14 12
23 2 9
23 76 12
23 28 13
23 48 8
23 51 14
24 32 12
24 55 0
24 52 9
24 38 16
24 59 6
24 20 8
24 29 10
24 65 5
24 69 8
24 42 15
24 1 14
24 39 14
24 77 6
24 9 15
24 31 9
24 60 4
24 71 18
24 5 16
24 61 14
24 76 1
24 26 1
24 2 3
24 10 11
24 35 11
24 75 12
24 18 10
24 46 16
24 28 12
24 27 15
24 3 9
24 68 9
24 53 5
24 17 10
24 73 13
24 33 9
24 41 16
24 57 10
24 66 0
24 64 3
24 50 17
24 34 11
24 72 15
24 15 2
24 21 16
24 37 4
24 14 18
25 30 11
25 16 6
25 69 18
25 33 1
25 36 16
25 48 6
25 59 4
25 76 9
25 74 16
25 39 8
26 20 6
26 77 6
26 69 16
26 75 15
26 27 15
26 34 3
26 73 6
26 30 4
26 1 16
26 64 1
26 31 6
26 16 18
26 58 4
26 2 14
26 21 15
26 52 11
26 10 0
26 5 8
26 8 16
26 47 1
26 51 15
26 67 6
26 23 2
26 49 6
26 3 6
26 6 2
26 70 3
26 18 11
27 48 3
27 38 7
27 18 2
28 32 14
28 4 3
28 52 3
28 34 14
28 50 4
28 57 2
28 16 8
28 68 9
28 6 11
28 1 4
28 55 15
28 69 17
28 12 15
28 10 16
28 63 2
28 40 14
28 38 4
28 2 13
28 7 4
28 3 0
28 39 9
28 23 2
28 76 0
28 19 13
28 67 9
28 30 16
28 35 4
28 20 11
28 33 12
28 5 11
28 0 0
28 65 1
28 73 2
28 71 0
28 21 0
28 41 18
28 49 15
28 18 18
28 47 4
28 59 10
29 26 18
29 38 17
29 62 16
29 73 0
29 33 12
29 67 18
29 44 11
29 52 3
29 25 4
29 59 8
29 5 5
29 47 14
29 45 3
29 71 0
29 63 13
29 74 16
29 70 12
29 31 15
29 4 11
29 48 7
29 23 11
29 57 11
29 41 8
29 35 5
30 37 11
30 21 16
30 74 10
30 66 2
30 5 0
30 46 5
30 22 14
30 44 6
30 16 18
30 31 1
30 53 0
30 32 11
30 63 3
30 76 9
30 19 3
30 60 5
30 8 18
30 14 18
30 75 3
30 52 5
30 6 11
30 25 18
30 24 10
30 17 13
30 23 4
30 54 7
30 0 14
30 64 12
30 39 3
30 29 0
30 72 14
30 55 12
30 13 11
30 18 3
30 28 10
30 40 13
30 57 16
30 34 17
30 1 11
30 43 9
30 61 6
30 15 6
30 47 5
30 3 7
30 67 18
30 10 6
30 65 3
30 2 11
30 38 5
30 68 10
30 71 2
30 42 9
30 62 10
31 45 4
31 4 11
31 29 15
31 77 6
31 36 0
31 3 17
31 35 12
31 63 15
31 21 9
31 75 1
31 8 15
31 64 16
31 72 6
31 16 3
31 50 1
31 71 9
31 53 17
31 30 16
31 23 3
31 62 16
31 0 5
31 74 0
31 24 8
31 66 10
31 41 5
31 52 5
31 65 12
32 63 0
32 48 4
32 60 10
32 77 17
32 66 2
32 54 3
32 58 18
32 29 16
32 37 2
32 38 1
32 56 1
32 64 12
32 69 0
32 25 3
32 72 10
32 1 18
32 18 5
32 51 16
32 16 7
32 30 10
32 13 11
32 20 4
32 19 1
32 39 4
32 74 11
32 5 2
32 31 16
32 2 18
32 43 15
32 41 13
32 44 15
32 52 11
32 42 14
32 34 5
32 10 0
32 68 4
32 14 13
32 8 13
32 45 8
32 3 18
32 76 11
32 23 5
32 7 8
32 65 8
32 59 5
32 46 15
32 55 6
32 35 4
32 67 8
32 71 11
32 40 13
32 22 12
33 74 10
33 49 8
33 30 18
33 47 15
33 44 18
33 65 7
33 41 17
33 19 9
33 57 8
33 37 15
33 73 0
33 23 2
34 59 15
34 76 8
34 65 3
34 63 16
34 9 3
34 11 6
34 10 12
34 24 10
34 50 5
34 67 13
34 41 13
34 77 6
34 25 7
34 51 8
34 0 17
34 64 15
34 6 3
34 36 12
34 22 3
34 53 12
34 33 12
34 14 14
34 58 4
34 45 13
34 27 8
34 66 12
34 40 16
34 5 10
34 56 15
34 32 0
34 54 11
34 28 3
34 15 6
34 18 4
34 23 11
34 20 8
34 16 10
34 26 2
34 13 7
34 61 18
34 39 6
34 68 17
34 48 10
34 70 16
35 53 15
35 44 9
35 71 14
35 33 6
35 68 13
36 18 18
36 49 10
36 12 8
36 53 4
36 15 9
36 10 4
36 73 6
36 67 4
36 22 4
36 47 18
36 54 12
36 42 18
36 13 7
36 55 7
36 16 18
36 37 7
36 63 10
36 57 8
36 0 18
36 76 1
36 19 2
36 1 8
36 46 18
36 48 18
36 3 5
36 38 16
36 66 8
36 74 13
36 32 12
36 40 1
36 70 14
36 2 2
36 71 6
36 64 3
36 68 15
36 62 18
37 74 2
37 5 10
37 58 8
37 76 8
37 28 5
37 36 12
37 57 10
37 2 12
37 9 0
37 24 2
37 67 16
37 38 10
37 77 15
37 35 10
37 17 12
37 69 7
37 51 10
37 16 12
37 10 6
37 47 1
37 53 0
37 0 4
38 6 6
38 36 7
38 31 10
38 41 17
38 11 16
38 28 15
38 18 10
38 76 15
38 65 15
38 14 10
38 4 12
38 35 11
38 5 9
38 53 10
38 24 12
38 27 5
38 69 9
38 45 3
38 30 7
38 7 15
38 71 17
38 52 4
38 54 10
38 70 0
38 40 18
38 49 11
38 33 2
38 57 4
38 16 2
38 20 1
38 37 15
38 58 12
38 74 18
38 25 0
38 29 11
38 73 0
38 2 1
38 34 5
38 8 2
39 48 9
39 67 16
39 59 4
39 28 12
39 2 15
39 30 18
39 7 5
39 40 8
39 29 4
39 64 9
39 61 9
39 63 9
39 45 11
40 57 0
40 21 18
40 66 2
40 20 2
40 49 6
40 61 10
40 47 15
40 74 10
40 72 2
40 56 1
40 37 15
40 25 14
40 45 17
40 64 13
40 32 0
40 31 14
40 35 10
40 76 5
40 53 0
40 67 9
40 46 1
40 17 4
41 15 12
41 30 11
41 12 5
41 7 17
41 77 3
41 58 17
41 69 17
41 51 15
41 22 11
41 32 6
41 23 14
41 59 15
41 75 1
41 14 2
41 70 5
41 0 0
41 47 14
42 73 3
42 70 8
42 72 14
42 74 0
42 41 6
42 57 3
42 21 18
42 49 6
42 14 7
42 76 11
42 69 13
42 59 3
42 22 6
42 9 1
42 15 6
42 75 1
42 19 2
42 64 16
42 36 6
42 55 7
42 31 3
42 7 11
42 37 9
42 23 2
42 62 7
42 40 10
42 10 16
42 52 12
42 63 10
42 8 11
42 26 3
42 44 1
42 13 0
42 16 11
42 35 11
42 51 16
42 34 10
42 27 8
42 67 4
42 3 4
42 6 6
42 17 12
42 71 5
42 32 16
42 30 10
42 38 17
42 1 16
42 33 8
42 2 10
42 39 6
42 47 1
42 18 9
42 61 16
42 77 18
42 53 4
42 4 12
42 58 9
42 54 4
43 11 12
43 32 9
43 46 12
43 72 12
43 35 7
43 66 2
43 4 5
43 23 1
43 52 8
43 40 18
43 77 7
43 21 11
43 63 10
43 1 3
43 18 3
43 38 0
43 5 0
43 15 7
43 22 14
43 12 13
43 57 17
43 64 0
43 62 6
43 65 7
43 28 18
43 73 7
43 51 1
43 54 7
43 33 8
43 56 16
43 30 0
43 6 17
43 49 3
43 20 11
43 31 0
43 67 1
43 60 17
43 13 11
43 45 6
43 17 18
43 0 11
43 37 9
43 19 3
43 8 11
43 76 2
43 74 10
43 24 8
43 48 4
43 69 18
43 39 5
44 26 13
44 9 11
44 16 10
44 73 14
44 34 3
44 13 16
44 5 15
44 55 0
44 29 12
44 10 9
44 51 0
44 50 12
44 12 14
44 41 6
44 61 13
44 76 2
44 48 12
44 11 6
44 71 17
44 66 16
44 67 16
44 37 18
44 35 7
44 24 18
44 49 5
44 77 7
44 6 1
44 64 11
44 70 13
44 56 5
44 33 15
44 42 11
44 14 12
44 28 2
44 3 14
44 27 12
44 40 4
44 43 9
44 23 4
44 15 17
44 20 3
44 46 11
44 60 15
44 62 3
44 31 9
44 39 0
44 18 9
44 74 5
44 22 5
44 57 4
44 52 0
44 8 16
44 36 17
44 53 3
44 25 13
44 4 18
44 65 6
44 32 2
44 2 5
44 19 15
44 59 3
44 75 5
44 0 17
44 1 3
44 58 7
44 47 8
44 45 7
44 17 17
44 63 13
44 72 3
44 38 13
45 43 11
45 69 17
45 10 10
45 31 15
45 70 14
45 61 7
45 28 4
45 16 5
45 34 15
45 77 0
45 25 3
45 17 9
45 14 0
45 44 1
45 21 14
45 20 15
45 11 7
45 68 2
45 58 6
45 52 11
45 72 15
45 40 10
45 74 6
45 27 9
45 50 11
45 32 6
45 59 3
45 53 12
45 33 7
45 22 14
45 41 0
45 51 3
45 24 17
45 18 1
45 29 9
45 73 7
45 19 8
45 4 9
45 36 18
45 55 0
45 75 17
45 38 15
45 6 9
45 8 13
45 3 14
45 35 17
45 0 13
45 7 0
45 47 15
45 57 0
45 23 12
45 9 17
45 46 3
45 48 17
45 71 8
45 64 8
45 54 17
45 56 12
45 65 2
45 63 5
45 60 11
45 30 1
45 62 3
45 12 12
45 42 17
46 4 6
46 75 11
46 45 1
46 36 4
46 19 11
46 54 5
46 40 6
46 16 1
46 50 10
46 8 7
46 9 6
46 30 3
46 20 9
46 31 13
46 0 18
46 18 5
46 76 10
46 24 7
46 44 11
46 48 16
46 23 3
46 35 3
46 25 4
46 69 4
46 56 1
46 27 2
47 19 11
47 67 16
47 39 11
47 48 17
47 24 18
47 74 2
47 60 12
47 2 2
47 43 11
47 59 2
47 10 8
47 28 7
47 1 17
47 40 4
47 45 17
47 75 10
47 46 18
47 42 10
47 3 4
47 12 1
47 56 10
47 63 15
47 65 9
47 27 18
47 36 6
47 33 15
47 37 1
47 64 9
47 61 15
47 50 8
47 8 4
47 32 14
47 4 16
47 70 6
47 21 18
47 31 17
47 72 13
47 62 10
47 0 10
47 68 8
47 54 16
47 29 17
47 66 4
47 76 10
47 14 0
47 55 16
48 53 1
48 70 17
48 10 4
48 43 11
48 16 6
48 14 9
48 68 7
48 1 14
48 62 17
48 27 17
48 38 13
48 30 2
48 58 17
48 17 6
48 49 5
48 34 5
48 0 10
48 19 7
48 75 12
48 77 9
48 44 6
48 67 2
48 8 12
48 36 4
48 64 15
48 12 9
48 9 17
48 61 4
48 51 11
48 3 5
48 11 10
48 22 18
48 15 10
48 25 2
48 45 10
48 18 13
48 32 3
48 72 4
48 4 10
48 50 10
48 41 6
48 42 13
48 40 7
48 23 9
48 47 12
48 65 5
48 63 1
48 21 11
48 73 16
48 66 10
48 6 6
48 46 8
48 20 17
48 39 10
48 56 1
48 57 18
48 31 4
48 59 1
48 69 1
48 52 6
48 29 9
48 28 9
49 67 10
49 62 3
49 65 8
49 73 12
49 32 8
49 4 6
49 37 12
49 24 1
49 1 15
49 60 10
49 63 11
49 53 4
49 10 6
49 50 0
49 23 0
49 18 16
49 59 8
49 56 3
49 69 16
49 33 14
49 39 17
49 9 15
49 46 6
49 26 14
49 11 16
49 14 12
50 58 6
50 4 5
50 35 9
50 75 3
50 76 2
50 57 5
50 47 13
50 65 15
50 13 9
50 34 7
50 24 11
50 52 3
50 74 9
50 3 6
50 40 8
50 45 18
50 43 8
50 77 6
50 42 18
50 41 16
50 22 7
50 36 10
50 19 13
50 67 7
50 11 1
50 64 14
50 48 7
50 25 7
50 5 10
50 39 0
50 46 9
50 37 12
50 0 16
50 49 2
50 33 2
50 56 8
51 10 12
51 72 0
51 70 16
51 76 1
51 46 8
51 47 18
51 38 13
51 45 16
51 43 0
51 58 0
51 41 7
51 71 7
51 13 2
52 40 3
52 47 17
52 36 6
52 73 16
52 48 12
52 62 10
52 15 7
52 64 7
52 58 18
52 19 7
52 22 18
52 24 4
52 54 6
52 27 9
52 38 15
52 25 7
52 17 1
52 39 13
52 51 0
52 61 18
52 10 17
52 3 16
52 34 4
52 75 12
52 7 18
52 56 4
52 14 14
52 57 17
52 50 10
52 21 13
52 11 13
52 18 13
52 66 16
52 16 7
52 12 14
52 72 18
53 57 14
53 73 9
53 67 3
53 25 13
53 39 0
53 58 16
53 9 10
53 68 13
53 27 14
53 63 7
53 40 3
53 8 18
53 22 2
53 65 0
53 62 5
53 69 10
53 76 14
53 7 17
53 60 6
53 61 8
53 72 18
53 10 5
53 31 16
53 47 6
53 64 4
53 56 13
53 51 3
53 59 3
53 1 3
53 75 3
53 43 14
53 54 13
53 50 15
53 55 14
53 18 11
53 12 6
53 44 17
53 0 5
53 33 7
53 45 15
53 3 17
53 2 14
53 14 12
53 38 9
53 34 13
53 46 2
53 66 5
53 41 17
53 17 7
53 37 10
53 32 3
53 30 10
53 4 8
53 28 4
53 11 0
53 52 6
53 5 18
53 6 3
53 74 18
53 35 12
53 13 6
53 15 7
53 16 2
53 26 6
53 48 16
53 23 4
53 21 11
53 29 11
53 36 8
53 49 10
53 19 18
53 77 4
53 70 14
53 42 2
54 77 13
54 73 16
54 30 7
54 1 12
55 3 10
55 66 0
55 63 2
55 18 5
55 71 3
55 30 4
56 29 0
56 37 6
56 68 10
56 41 8
56 19 7
56 15 2
56 59 7
56 64 5
56 54 7
56 39 1
56 47 0
56 0 13
56 38 15
56 26 5
56 35 12
56 11 5
56 2 16
56 25 6
56 18 5
57 2 3
57 9 14
57 24 9
57 17 15
57 11 3
57 63 17
57 10 11
57 18 9
58 24 15
58 1 0
58 50 14
58 44 5
58 39 9
58 46 17
58 42 16
58 36 2
58 67 4
58 22 17
58 75 11
58 65 10
58 30 18
58 71 1
58 32 0
58 7 17
58 4 12
58 59 15
58 63 1
58 55 8
59 9 1
59 13 16
59 47 11
59 77 12
59 35 18
59 63 14
59 55 17
59 28 15
59 16 9
59 19 7
59 70 18
59 41 12
59 75 10
59 56 4
59 6 18
59 65 12
59 49 16
59 76 9
59 30 12
59 26 7
59 14 8
59 58 13
59 3 6
59 44 6
59 40 1
59 67 9
59 51 15
59 73 15
59 69 13
59 4 12
59 66 7
59 7 12
59 60 7
59 48 12
59 54 18
59 33 16
59 42 17
59 53 17
59 46 4
59 2 9
59 22 10
59 50 16
59 27 13
59 37 12
59 0 17
59 25 16
59 61 17
59 34 13
59 39 7
59 43 6
59 24 18
59 72 10
59 62 17
59 71 0
59 36 17
59 11 15
59 12 11
59 64 16
59 21 10
59 8 0
59 57 17
59 74 12
59 20 1
59 29 15
59 45 4
59 23 7
59 32 10
59 38 5
59 15 7
60 71 8
60 32 14
60 64 4
60 1 8
60 38 11
61 55 17
61 13 3
61 7 11
61 39 1
61 9 4
61 73 7
61 27 13
61 23 18
61 25 7
61 43 17
61 44 13
61 48 18
61 64 2
61 56 7
61 68 17
61 2 2
61 31 16
61 33 0
61 24 2
61 37 14
61 54 9
61 74 13
61 62 14
61 71 12
61 57 18
61 36 10
61 47 5
61 41 2
61 49 16
61 76 13
61 70 3
61 8 18
61 17 18
61 15 4
61 29 2
61 50 16
61 38 0
61 42 2
61 45 16
61 3 14
61 72 10
61 16 7
61 67 5
61 60 10
61 51 2
61 59 10
61 52 5
61 11 1
62 63 6
62 30 14
62 68 16
62 2 9
62 9 4
62 15 9
62 67 18
62 46 12
62 31 5
62 35 9
62 8 4
62 37 11
62 71 13
62 66 18
62 13 9
62 75 17
62 59 13
62 55 18
62 49 14
62 7 12
62 73 12
62 27 7
62 52 18
62 69 13
62 3 13
62 57 9
62 24 7
62 54 3
62 14 10
62 29 15
62 25 16
62 1 9
62 20 8
62 53 7
62 21 10
62 12 2
62 28 15
62 51 5
62 5 11
62 32 6
62 36 3
62 48 14
62 17 10
62 44 10
62 26 6
63 24 14
63 13 0
63 23 14
63 27 5
63 22 14
63 53 13
63 38 11
63 5 9
63 77 16
63 32 11
63 75 9
63 6 0
63 25 17
63 74 1
63 26 3
63 66 3
63 70 10
63 0 18
63 73 3
63 2 7
63 29 14
63 65 4
63 72 2
63 71 5
63 69 1
63 33 14
63 62 9
63 20 9
63 46 11
63 45 16
63 67 18
63 54 2
63 4 9
63 56 3
63 40 15
63 43 6
63 50 4
63 21 15
63 30 14
63 47 12
63 39 3
63 64 8
63 41 4
63 55 16
63 7 6
63 36 7
63 59 12
63 52 7
63 19 18
63 57 10
63 35 11
63 8 11
63 31 14
63 28 1
63 10 12
63 37 12
63 61 5
63 60 3
63 51 4
63 58 12
63 48 18
63 17 8
63 14 10
63 49 12
63 18 6
63 42 7
63 68 14
64 43 18
64 25 11
64 61 8
64 28 14
64 53 17
64 56 11
64 76 0
64 38 13
64 51 18
64 21 0
64 54 11
64 33 6
64 46 8
64 11 10
65 49 12
65 14 1
65 70 17
65 27 15
65 25 11
65 11 6
65 45 2
65 63 2
65 21 3
65 67 14
65 7 8
65 28 6
65 22 11
65 36 0
65 4 18
65 72 10
65 48 6
65 71 6
65 31 10
65 55 10
65 73 12
65 20 11
65 74 8
65 39 13
65 76 12
65 15 0
65 34 9
65 61 5
65 43 13
65 19 5
65 6 11
65 23 5
66 11 0
66 42 5
66 62 1
66 68 13
66 54 6
66 15 8
66 31 18
66 69 5
66 22 9
66 23 14
66 46 2
66 64 17
66 3 12
66 60 1
66 49 6
66 70 4
66 51 12
66 24 16
66 76 4
66 53 0
67 53 10
67 48 3
67 74 6
67 8 12
67 54 3
67 30 15
67 77 13
67 18 4
67 63 18
67 20 18
67 23 18
67 56 0
67 14 4
67 69 6
67 28 7
67 51 5
67 60 7
67 12 1
67 50 17
67 2 7
67 31 11
67 5 3
67 22 17
67 42 1
67 45 3
67 47 10
67 37 14
67 76 1
67 65 4
67 35 3
67 39 3
67 71 4
67 43 15
67 59 12
67 6 13
67 13 1
67 4 12
67 17 10
67 29 5
67 68 18
67 36 17
67 10 7
67 34 9
67 44 7
67 16 7
67 64 15
67 40 2
67 19 9
67 52 0
67 21 0
67 27 18
67 55 9
67 70 8
67 11 4
67 62 5
68 74 14
68 34 14
68 10 15
68 46 16
68 66 9
68 31 12
68 77 10
68 70 1
68 75 17
68 33 14
68 41 12
68 47 1
68 44 17
68 23 0
68 61 2
68 38 17
68 25 11
68 51 1
68 54 16
68 6 8
68 3 13
68 8 7
68 48 18
69 17 8
69 28 3
69 38 14
69 30 1
69 25 11
69 71 12
69 2 10
69 59 10
69 8 7
69 60 6
69 4 13
69 36 15
69 48 7
69 39 14
69 33 12
69 75 14
69 72 0
69 26 6
69 18 9
69 15 14
69 41 8
69 31 10
69 67 17
69 22 4
69 66 13
69 63 10
69 34 0
69 19 4
69 51 3
69 29 4
69 54 2
69 65 7
69 23 14
69 0 3
69 76 4
69 45 8
69 64 3
69 68 8
69 77 4
69 74 0
69 5 13
69 13 12
69 6 14
69 50 9
69 43 3
69 1 13
69 42 14
69 73 13
69 27 4
69 70 13
69 7 16
69 3 1
70 35 11
70 13 7
70 2 8
70 8 12
70 18 10
70 43 18
70 41 18
70 0 18
70 5 16
70 17 2
70 69 11
70 52 8
70 3 3
70 7 18
70 16 7
70 40 15
70 10 18
70 24 15
70 56 2
70 34 8
70 77 9
70 14 2
70 54 10
70 46 5
70 49 1
70 26 14
70 33 15
70 37 16
70 68 9
70 20 14
70 15 1
70 64 1
70 53 10
70 36 10
70 22 8
70 1 12
70 38 11
70 31 11
70 19 12
70 50 14
70 67 8
70 51 14
70 27 14
70 32 2
70 42 5
70 60 14
70 74 15
70 4 4
70 28 12
70 29 14
70 11 9
70 9 17
70 75 17
70 61 17
70 44 9
70 6 10
70 57 5
70 21 13
70 39 12
70 25 3
70 62 7
70 47 7
70 71 3
70 30 0
70 59 0
70 45 8
70 12 16
70 72 18
70 48 10
70 55 4
70 65 6
70 73 4
70 66 12
70 58 11
70 63 13
70 23 4
70 76 8
71 51 0
71 19 0
71 77 8
71 52 8
71 34 6
71 73 4
71 2 14
71 64 17
71 23 16
71 39 5
71 24 7
71 0 9
71 25 10
71 10 13
71 20 5
71 48 18
71 5 5
71 68 11
71 57 10
71 50 16
71 60 9
71 55 18
71 70 15
71 9 8
71 27 4
71 42 4
71 59 3
71 15 14
71 6 13
71 72 5
72 70 4
72 45 2
72 47 11
73 70 5
73 25 10
73 21 7
73 13 8
73 2 14
73 49 6
73 1 8
73 55 9
73 40 0
73 18 13
73 61 13
73 67 8
73 8 8
73 45 0
73 42 12
73 36 0
73 17 1
73 30 11
73 12 3
73 56 16
73 39 10
73 59 12
73 10 11
73 34 12
73 7 3
73 47 16
73 19 6
73 20 3
73 31 10
73 68 6
74 59 1
74 28 14
74 31 2
74 60 15
74 15 14
74 41 10
74 62 3
75 7 1
75 72 18
75 48 18
75 52 6
75 29 17
75 34 9
75 67 6
75 24 1
75 66 1
75 8 2
75 77 14
75 15 10
75 37 9
75 38 13
75 49 3
75 41 18
75 12 10
75 63 8
75 70 14
75 42 17
75 30 18
75 23 9
75 50 8
75 64 14
75 19 11
75 73 11
75 45 11
75 22 18
75 9 11
75 68 16
75 56 8
75 59 15
75 11 8
75 65 2
75 57 9
75 17 18
75 13 1
75 33 5
75 61 0
75 0 14
75 40 6
75 20 1
75 25 12
75 6 1
75 26 7
75 2 2
75 14 16
75 21 15
75 36 1
76 1 9
76 47 18
76 20 10
76 27 1
76 34 1
76 15 17
76 37 7
77 24 3
77 31 6
77 28 9
77 3 2
