80
3156
true
0 18 9
0 35 5
0 22 13
0 17 16
0 39 0
0 48 17
0 67 1
0 72 4
0 64 3
0 45 10
0 59 9
0 66 16
0 2 10
0 60 1
0 37 0
0 31 1
0 24 16
0 55 8
0 42 2
0 62 14
0 68 15
0 3 10
0 46 8
0 12 4
0 41 12
0 29 13
0 34 1
0 56 13
0 4 18
0 43 0
0 76 11
0 58 1
0 21 11
0 71 17
0 16 10
0 15 14
0 38 13
0 6 13
0 32 15
0 79 16
0 1 9
0 57 15
0 13 16
0 51 16
0 36 15
0 5 12
0 30 13
0 65 9
0 7 10
0 78 0
0 49 7
0 53 12
0 54 17
0 63 2
0 25 16
0 47 3
0 27 10
0 26 6
0 10 4
0 23 6
0 8 10
0 28 0
0 75 1
0 77 15
0 14 11
0 74 15
0 20 9
0 33 13
0 19 1
0 61 17
0 73 16
0 69 10
0 11 15
0 70 7
0 44 13
0 40 15
0 50 18
1 44 0
1 68 16
1 14 7
1 15 17
1 50 0
1 11 18
1 53 3
1 65 14
1 54 14
1 39 10
1 24 9
1 79 4
1 22 10
1 32 6
1 37 3
1 12 5
1 40 4
1 4 4
2 66 11
2 25 15
2 28 18
2 15 8
2 37 8
2 49 18
2 50 4
2 58 16
2 39 18
2 17 7
2 54 11
2 31 9
2 23 10
2 46 0
2 26 14
2 57 1
2 7 2
2 77 3
2 34 4
2 32 2
2 35 14
2 79 1
2 30 14
2 74 4
2 3 7
2 73 5
2 13 3
2 64 11
2 76 7
2 27 17
2 38 8
2 41 16
2 48 17
2 29 15
2 62 16
2 12 5
2 40 9
2 45 2
2 75 4
2 71 2
2 51 1
2 0 12
2 78 17
2 18 0
2 1 4
2 16 2
2 53 6
2 4 5
2 19 5
2 11 11
2 10 11
2 5 9
2 52 5
2 67 15
2 63 9
2 68 1
2 14 3
2 20 9
3 73 14
3 28 15
3 77 9
3 11 9
3 67 3
3 55 2
3 42 17
4 59 5
4 65 7
4 72 0
4 53 3
4 64 14
4 21 8
4 55 9
4 12 15
4 3 0
4 13 3
4 2 6
4 19 4
4 40 16
4 14 10
4 58 17
4 37 18
4 35 18
4 76 2
4 32 5
4 18 14
4 39 2
4 48 7
5 67 15
5 25 8
5 40 6
5 47 15
5 10 10
5 74 10
5 71 14
5 30 6
5 79 5
5 14 5
5 59 10
5 76 11
5 20 8
5 61 6
5 0 11
5 11 14
5 51 11
5 7 12
5 38 13
5 66 13
6 14 0
6 8 2
6 47 1
6 73 7
6 57 17
6 67 11
6 44 2
6 58 12
6 78 13
6 49 8
6 34 18
6 59 1
6 39 16
6 77 15
6 24 18
6 12 7
6 31 0
6 37 2
6 20 11
6 62 15
6 16 1
6 54 4
6 50 7
6 48 9
7 12 6
7 42 10
7 67 14
7 43 8
7 5 14
7 4 11
7 25 2
7 78 12
7 73 10
7 76 18
7 62 1
7 8 1
7 55 0
8 19 0
8 22 11
8 14 16
8 49 8
8 7 18
8 55 12
8 63 10
8 9 4
8 76 1
8 52 6
8 26 17
8 73 12
8 40 10
8 4 11
8 34 11
8 60 0
8 33 2
8 17 9
8 37 0
8 56 3
8 6 2
8 77 18
8 43 4
8 11 4
8 3 17
8 70 1
8 69 14
8 41 0
8 15 17
8 59 8
8 32 1
8 64 10
8 66 14
8 27 7
8 42 3
8 68 9
8 50 9
8 0 1
8 45 9
8 28 7
8 44 10
8 10 13
8 51 1
8 65 6
8 57 4
8 75 17
9 69 7
9 66 0
9 6 15
9 11 6
9 46 4
9 78 14
9 22 11
9 43 5
9 75 13
9 23 12
9 20 2
9 18 4
9 34 10
9 55 3
9 8 3
9 35 1
9 49 8
9 5 10
9 41 12
9 64 11
9 57 11
9 58 6
9 19 0
9 56 6
9 1 3
9 16 8
9 3 16
9 60 5
9 32 12
9 29 12
9 50 11
9 13 9
9 26 18
9 65 11
9 31 7
9 61 11
9 68 1
9 62 9
10 55 16
10 47 3
10 60 14
10 33 0
10 62 6
10 3 7
10 38 8
10 76 6
10 26 5
10 61 2
10 67 14
10 64 3
10 16 10
10 71 6
10 69 5
10 41 16
10 36 5
10 73 7
10 1 12
10 7 8
10 24 16
10 28 6
10 4 14
10 13 4
10 15 10
10 45 13
10 40 15
10 54 6
10 0 11
10 50 8
10 18 15
11 49 12
11 63 3
11 32 16
11 34 3
11 54 14
11 17 11
11 50 12
11 25 18
11 52 2
11 64 6
11 1 3
11 73 17
11 16 11
11 2 0
11 43 14
11 12 13
11 29 12
11 41 13
11 21 13
11 20 11
11 74 10
11 30 13
11 71 15
11 10 2
11 8 11
11 28 14
11 23 18
11 48 9
11 66 2
11 53 11
11 62 16
11 42 6
11 75 7
11 68 8
11 7 13
11 24 2
11 35 18
11 77 13
11 22 1
11 31 14
11 44 16
11 57 8
11 72 14
11 59 12
11 38 14
11 5 10
11 58 5
11 19 18
11 56 17
11 45 1
11 65 9
11 18 1
11 14 14
11 70 8
11 15 9
11 76 4
11 39 1
11 13 17
11 0 12
11 9 14
11 26 0
12 56 5
12 0 15
12 65 7
12 60 0
12 59 8
12 22 8
12 53 9
12 32 1
12 17 18
12 16 16
12 62 18
12 42 17
12 52 15
12 3 16
12 8 12
12 61 15
12 34 11
12 49 0
12 40 10
12 75 14
12 25 17
12 20 18
12 46 1
12 26 1
13 69 6
13 71 5
13 51 5
13 14 2
13 10 7
13 23 5
13 34 3
13 4 7
13 78 1
13 54 8
13 42 8
13 39 16
13 68 6
13 8 5
13 61 3
13 26 18
13 20 9
13 21 16
13 3 4
13 31 18
13 43 10
13 53 18
13 0 11
13 72 1
13 63 4
13 59 9
13 45 14
13 5 3
13 67 3
13 40 11
13 48 18
13 41 12
13 35 17
13 6 6
13 24 17
13 56 12
13 55 8
13 37 15
13 7 7
13 25 5
13 18 4
13 60 7
13 15 8
13 77 15
13 22 1
13 38 17
13 66 0
13 57 6
13 58 14
13 64 12
13 76 5
13 19 6
14 6 6
14 2 14
14 20 10
14 26 18
14 35 15
14 63 17
14 23 10
14 30 2
14 53 6
14 41 17
14 67 4
14 38 6
14 19 10
14 42 4
14 50 5
14 27 4
14 74 4
14 47 0
14 17 6
14 13 15
14 62 17
14 48 3
14 66 18
14 58 4
14 0 16
14 52 12
14 22 8
14 73 4
14 51 3
14 71 1
14 12 5
14 61 17
14 65 13
14 16 9
14 24 6
14 69 9
14 76 17
14 29 8
14 15 0
14 40 12
14 8 0
14 56 17
14 39 17
14 21 12
14 75 8
14 45 9
14 60 15
14 49 8
15 26 3
15 10 9
15 9 15
15 33 5
15 63 11
15 6 0
15 70 13
15 27 18
15 77 9
15 59 3
15 38 0
15 44 7
15 19 4
15 72 4
15 31 4
15 73 14
15 43 15
15 28 12
15 4 16
15 74 16
15 78 9
15 45 3
15 46 9
15 17 7
15 2 3
15 66 18
15 67 3
15 79 11
15 64 14
15 7 9
15 8 14
15 52 13
15 12 13
15 23 14
15 55 9
15 24 0
15 39 18
15 48 14
15 60 14
15 51 12
15 75 8
15 18 2
15 35 13
15 47 15
15 25 4
15 49 0
15 54 0
15 36 7
15 14 1
15 42 11
15 57 13
15 37 1
15 0 10
15 76 8
15 3 9
15 61 11
15 53 8
15 34 5
15 50 7
15 21 1
15 40 3
16 33 8
16 26 10
16 78 4
16 36 7
16 6 17
16 47 5
16 55 12
16 68 6
16 75 2
16 56 12
16 37 1
16 74 6
16 65 12
16 73 10
16 30 2
16 46 13
16 54 17
16 32 4
16 31 13
16 57 9
16 45 3
16 20 0
16 0 13
16 28 17
16 63 15
16 38 9
16 8 18
16 51 18
16 22 5
16 52 17
16 3 11
16 2 14
16 53 8
16 40 0
16 67 9
16 5 1
16 60 14
16 35 16
16 64 3
16 43 10
16 70 17
16 17 9
16 66 13
16 25 12
16 4 9
16 21 4
16 11 6
16 62 0
16 39 4
16 15 2
16 18 0
16 42 5
16 19 16
16 10 2
16 44 3
16 77 10
16 48 18
16 13 3
16 29 0
16 59 15
16 27 17
16 41 10
16 14 11
16 7 5
16 72 5
16 24 3
16 12 2
16 76 10
16 9 17
17 74 4
17 23 17
17 6 9
17 1 8
17 40 9
17 39 13
17 57 11
17 56 2
17 25 3
17 72 6
17 27 6
17 15 9
17 60 2
17 0 17
17 79 1
17 5 5
17 14 17
17 76 4
17 16 7
17 36 4
17 43 12
17 35 2
17 59 2
17 29 6
17 41 10
17 31 7
17 53 0
17 33 17
17 49 5
17 73 4
17 58 10
17 50 9
17 42 9
17 4 17
17 47 12
17 78 4
17 65 17
17 63 14
17 77 4
17 21 18
17 19 5
17 54 13
17 10 7
17 20 8
17 52 2
17 46 0
17 34 9
17 45 11
17 30 1
17 13 13
17 67 7
17 62 6
17 24 14
17 8 13
17 12 14
17 51 1
17 32 18
17 71 10
17 44 11
17 70 17
17 7 10
17 64 9
17 2 1
17 61 18
17 18 3
17 48 9
17 11 1
17 38 2
17 9 13
17 37 8
17 68 14
17 3 2
17 28 12
17 75 15
18 69 17
18 45 7
18 34 5
18 12 7
18 41 17
18 77 3
18 0 4
18 13 5
18 70 14
18 3 0
18 9 9
18 36 7
18 61 15
18 44 3
18 64 12
18 73 13
18 22 0
18 48 1
18 63 5
18 11 9
18 20 3
18 10 5
18 24 3
18 8 11
18 14 10
18 46 1
18 72 7
18 4 2
18 68 18
19 46 10
19 27 1
19 67 11
19 60 9
19 43 1
19 9 3
19 36 2
19 53 11
19 17 10
19 31 11
19 4 6
19 10 7
19 35 9
19 3 0
19 15 17
19 24 2
19 0 2
19 14 0
19 64 6
19 38 14
19 76 11
19 25 3
19 45 0
19 20 4
19 63 8
19 52 0
19 44 14
19 54 14
19 2 10
19 41 7
19 70 11
19 7 4
19 74 6
19 69 16
20 50 2
20 45 0
20 61 17
20 21 3
20 78 1
20 67 7
20 13 17
20 32 15
20 60 4
20 46 17
20 75 5
20 56 5
20 35 4
20 40 11
20 24 17
20 7 2
20 16 0
20 51 12
20 30 16
20 66 16
20 2 7
20 44 18
20 5 11
20 72 2
20 18 11
20 38 14
20 48 15
20 49 2
20 69 5
20 1 6
20 15 15
20 55 6
20 0 18
20 65 4
21 7 10
21 55 6
21 4 8
21 20 3
21 69 5
21 30 16
21 13 9
21 72 17
21 36 8
21 65 15
21 45 12
21 8 9
21 68 10
21 1 11
21 73 3
21 43 15
21 41 3
21 79 0
21 75 10
21 60 4
21 71 17
21 44 14
21 5 6
21 11 3
21 70 6
21 16 5
21 31 7
21 32 3
21 6 6
21 9 16
21 63 12
21 22 17
21 61 6
21 53 18
21 24 10
21 18 14
21 19 12
21 28 10
21 47 2
21 29 1
22 5 13
22 0 7
22 11 5
22 59 15
22 57 10
22 72 2
22 47 6
22 69 3
22 20 18
22 25 16
22 79 10
22 61 9
22 64 16
22 63 11
22 33 18
22 58 15
22 53 12
22 3 3
22 62 7
22 17 18
22 40 7
22 52 14
22 36 4
22 13 8
22 46 13
22 8 11
22 35 14
22 9 4
22 16 6
22 66 18
22 34 8
22 32 9
22 54 4
22 78 14
22 23 1
22 42 15
22 49 11
22 18 16
22 39 12
22 76 14
22 48 0
22 65 13
22 21 8
22 56 15
22 73 1
22 4 14
22 60 12
22 1 9
22 6 18
22 67 3
22 44 18
22 70 10
22 68 12
22 15 6
22 29 14
22 55 14
22 19 6
22 51 15
22 10 4
22 75 18
23 25 10
23 8 5
23 78 2
23 58 13
23 63 11
23 38 4
23 70 1
23 19 14
23 47 1
23 48 1
23 4 1
23 7 3
23 21 12
23 40 14
23 62 17
23 6 14
23 30 15
23 5 6
23 65 6
23 12 13
23 74 3
23 41 18
23 67 8
23 14 14
23 15 15
23 3 15
23 29 2
23 24 14
23 0 18
23 72 18
23 77 2
23 59 11
23 44 10
23 50 11
23 60 18
23 64 10
23 76 18
23 16 11
23 17 18
23 52 9
23 35 8
23 9 18
23 11 7
23 54 6
23 68 17
23 55 9
23 37 14
23 28 17
24 64 11
24 28 0
24 21 8
24 8 16
24 3 1
24 37 15
24 7 6
24 31 2
24 43 17
24 72 14
24 33 6
24 35 6
24 47 11
24 44 2
24 79 17
24 6 3
24 9 16
24 73 5
24 75 3
24 58 14
24 26 3
24 78 3
24 68 14
24 55 2
24 40 8
24 0 9
24 38 11
24 61 7
24 11 15
24 41 2
24 60 4
24 54 12
24 48 10
24 71 4
24 59 9
24 27 2
24 69 9
24 67 4
24 56 11
24 45 12
24 46 0
24 17 1
24 13 2
24 16 1
24 29 14
24 36 9
24 4 14
24 76 7
24 23 10
24 14 6
24 50 5
24 30 11
24 34 5
24 66 17
24 63 9
24 5 16
24 18 5
24 74 10
24 19 0
24 22 18
24 39 1
24 53 3
24 51 13
24 42 5
24 52 13
24 70 3
24 10 13
24 15 18
24 77 18
24 65 12
24 32 5
25 47 12
25 58 10
25 24 8
25 63 14
25 70 5
25 19 7
25 56 17
25 21 10
25 17 17
25 10 15
25 9 17
25 62 2
25 26 5
25 13 10
25 71 2
25 79 4
25 20 11
25 73 15
25 31 6
25 40 0
25 3 17
25 41 12
25 69 9
25 67 1
25 23 5
25 34 16
25 12 11
25 8 1
25 45 17
25 32 16
25 22 16
25 4 5
25 59 2
25 60 14
25 0 0
25 55 5
25 77 0
25 78 5
25 61 0
25 2 0
25 30 0
25 76 9
25 42 0
25 57 3
25 65 12
25 37 3
25 48 6
25 50 1
25 38 17
25 64 18
25 28 10
25 51 18
25 49 4
25 44 10
25 74 17
25 11 4
25 72 6
26 73 7
26 23 9
26 14 12
26 63 18
26 51 8
26 16 13
26 48 13
26 8 11
26 65 8
26 77 5
26 79 1
26 36 15
26 37 6
26 59 2
26 69 14
26 61 5
26 15 10
26 72 15
26 5 8
26 44 13
26 4 13
26 76 10
26 24 13
26 28 12
26 18 12
26 19 4
26 50 6
26 41 14
26 29 12
26 38 15
26 21 13
26 13 12
26 12 8
26 62 3
26 57 15
26 10 8
26 39 16
26 6 10
26 52 5
26 31 13
26 17 13
26 25 1
26 46 10
26 53 12
26 47 3
26 2 14
26 75 13
26 54 18
26 7 13
26 67 12
26 74 18
26 56 12
26 3 10
26 60 15
26 40 0
26 71 6
26 42 4
26 22 2
26 35 5
26 55 15
26 66 17
26 70 18
26 9 6
26 78 18
26 0 18
26 45 12
26 43 16
26 32 2
26 30 14
27 6 18
27 29 11
27 2 15
27 20 10
27 58 2
27 76 18
27 10 10
27 78 15
27 9 17
27 59 17
27 13 16
27 79 1
27 51 15
27 69 3
27 18 16
27 75 7
27 23 18
27 22 2
27 71 10
27 70 8
27 34 5
27 52 12
27 77 10
27 56 12
27 74 2
27 16 10
27 33 15
27 21 10
27 53 7
27 25 10
27 0 12
27 32 6
27 63 1
27 11 0
27 12 4
27 41 6
27 45 13
27 7 12
27 72 7
27 68 11
27 3 13
27 8 0
27 67 18
27 37 13
27 65 1
27 44 15
27 54 0
27 61 1
28 37 11
28 19 2
28 5 1
28 55 4
28 44 2
28 15 18
28 12 1
28 16 12
28 9 12
28 23 14
28 14 8
28 68 15
28 13 0
28 11 11
28 35 0
28 8 1
28 38 4
28 2 5
28 66 5
28 25 17
28 30 2
28 3 0
28 21 9
28 64 2
28 60 12
28 61 6
28 0 4
28 4 14
28 50 9
28 20 10
28 22 2
28 1 0
28 42 2
28 18 2
28 17 6
28 71 10
28 31 15
28 45 15
28 59 9
28 75 14
28 53 17
28 10 13
28 26 16
28 32 0
28 54 5
28 65 7
28 51 9
28 57 4
28 7 10
28 69 13
28 29 1
28 72 18
28 48 14
28 39 3
28 43 6
28 74 7
28 46 11
28 40 6
28 58 16
28 63 10
28 67 17
28 62 3
28 49 13
28 70 2
28 52 10
28 79 6
28 34 9
28 6 10
28 47 16
28 33 12
28 27 2
28 36 14
28 73 16
28 56 4
29 30 11
29 51 13
29 67 0
29 45 1
29 23 12
29 26 18
29 39 15
29 6 8
29 54 17
29 65 11
29 5 4
29 21 6
29 44 15
29 20 11
29 7 9
29 71 3
29 66 11
29 40 2
29 69 10
29 76 4
29 14 17
29 31 10
29 56 8
29 17 18
29 57 3
29 62 10
30 26 10
30 25 14
30 78 3
30 61 16
30 79 15
30 31 0
30 7 12
30 24 9
30 9 0
30 20 12
30 74 14
30 49 6
30 69 0
30 15 13
30 44 2
30 8 12
30 65 17
30 16 16
30 5 16
30 29 18
30 68 18
30 57 5
30 2 1
30 40 11
30 48 13
30 71 8
30 0 5
30 12 15
30 77 16
30 6 12
30 14 2
30 23 14
30 37 12
30 59 5
30 33 17
30 27 8
30 46 16
30 63 1
30 32 3
30 4 11
30 66 3
30 43 9
30 67 3
30 62 9
30 10 5
30 76 2
30 56 0
30 11 4
30 50 10
30 72 18
30 60 16
30 17 17
30 52 3
30 38 0
30 47 17
30 75 4
31 4 13
31 37 5
31 60 5
31 56 7
31 22 18
31 70 0
31 39 13
31 14 10
31 1 0
31 78 15
31 57 11
31 0 2
31 53 9
31 79 13
31 13 7
31 34 3
31 35 1
31 12 16
31 77 0
31 44 8
31 29 16
31 7 11
31 50 18
31 58 8
31 42 3
31 6 11
31 18 9
31 28 4
31 76 1
31 17 12
31 36 13
31 21 10
31 47 17
31 74 17
31 59 0
31 45 17
31 65 10
31 8 12
31 55 6
31 27 5
31 20 7
31 3 16
32 21 14
32 68 12
32 15 4
32 65 1
32 0 4
32 52 12
32 17 15
32 19 8
32 45 17
32 73 12
32 11 15
32 1 13
32 54 3
32 75 7
32 61 3
32 39 2
32 18 10
32 63 0
32 66 4
32 72 4
32 64 13
32 47 3
32 4 12
32 42 18
32 36 12
33 63 4
33 10 5
33 62 15
33 77 0
33 27 3
33 1 9
33 68 0
33 71 14
33 8 1
33 54 17
33 30 15
33 39 7
33 16 2
33 14 6
33 42 11
33 72 15
33 44 10
33 74 6
33 59 9
33 12 11
33 46 11
33 51 2
33 49 12
33 61 6
33 73 0
33 11 3
33 26 17
33 3 1
33 20 18
33 40 1
33 19 8
33 41 8
33 69 3
33 75 17
34 9 0
34 55 13
34 1 6
34 38 13
34 30 14
34 72 0
34 48 5
34 37 4
34 29 10
34 19 18
34 7 16
34 53 3
34 43 3
34 8 6
34 75 15
34 71 16
34 47 15
34 74 11
34 5 0
34 52 6
34 35 16
34 2 4
34 11 5
34 0 17
34 73 10
34 50 4
34 46 11
34 65 11
34 62 3
34 15 13
34 32 2
34 22 2
34 60 13
34 27 2
34 77 0
34 67 12
34 68 7
34 42 1
34 17 14
34 25 7
34 31 1
34 39 6
34 13 8
34 58 6
34 12 17
34 44 18
34 45 6
35 58 6
35 72 4
35 36 13
35 41 8
35 67 4
35 52 11
35 40 5
35 1 10
35 38 1
35 13 8
35 69 12
35 15 0
35 19 3
35 48 3
35 43 5
35 14 2
35 42 3
35 6 15
35 24 3
35 32 6
35 63 11
35 34 10
35 21 7
35 71 5
35 17 10
36 78 3
36 62 9
36 51 13
36 32 18
36 10 5
36 70 10
36 16 7
36 18 11
36 66 16
36 3 3
36 12 2
36 60 4
36 48 5
36 27 3
36 44 18
36 13 4
36 5 11
36 59 4
36 75 2
36 31 3
36 67 6
36 42 5
36 29 18
36 65 6
36 23 3
36 71 7
36 4 13
36 22 8
36 25 10
36 68 15
36 40 0
36 52 12
36 49 8
36 64 14
36 7 3
36 46 8
36 38 1
36 11 13
36 61 2
36 47 5
37 78 0
37 59 1
37 9 6
37 68 9
37 67 15
37 28 8
37 72 4
37 18 14
37 24 16
37 70 3
37 79 18
37 57 13
37 76 14
37 35 17
37 22 13
37 46 10
37 16 10
37 4 1
37 58 16
37 77 17
37 3 14
37 73 4
37 71 15
37 62 14
37 74 4
37 38 10
37 21 12
37 45 17
37 43 5
37 75 8
37 14 6
37 51 11
37 50 1
37 36 1
37 27 11
37 48 4
37 64 15
37 66 7
37 56 14
37 2 1
37 42 3
37 20 12
37 30 3
37 23 1
37 63 9
37 29 0
37 10 12
37 33 3
37 31 18
38 0 15
38 63 13
38 34 18
38 46 2
38 16 9
38 29 17
38 15 4
38 7 11
38 42 9
38 67 5
38 31 10
38 30 18
38 52 9
38 78 11
38 21 10
38 37 16
38 19 2
38 5 10
38 53 14
38 12 13
38 61 18
38 74 7
38 22 3
38 68 4
38 70 10
38 27 7
38 72 13
38 79 0
38 66 7
38 60 17
38 44 14
39 40 0
39 70 13
39 16 12
39 51 6
39 37 18
39 27 7
39 36 4
39 48 3
39 66 14
39 77 13
39 61 3
39 23 3
39 46 15
39 47 4
39 35 1
39 60 13
39 73 1
39 57 6
39 14 5
39 5 16
39 2 9
40 70 8
40 66 17
40 52 14
40 16 1
40 67 10
40 8 2
40 60 1
40 22 6
40 23 18
40 75 15
40 31 13
40 1 4
40 11 1
40 79 18
40 65 1
40 71 14
40 24 1
40 30 10
40 38 6
40 26 11
40 7 10
40 41 17
40 43 4
40 14 4
40 48 9
40 72 13
40 76 13
40 20 16
40 57 5
40 49 1
40 6 2
40 63 1
40 28 2
40 34 6
40 59 5
40 42 1
41 79 8
41 54 3
41 28 2
41 67 16
41 25 14
41 75 15
41 20 14
41 19 16
41 46 12
41 18 0
41 15 6
41 31 9
41 52 3
41 49 5
41 66 3
41 45 16
41 36 9
41 51 2
41 38 4
41 29 10
41 16 3
41 65 12
41 55 17
41 37 4
41 17 3
41 73 4
41 27 13
41 39 14
41 61 12
41 5 17
41 9 6
41 13 8
41 72 14
41 23 1
41 64 17
41 4 1
41 21 0
41 50 11
41 62 8
41 12 16
41 11 4
41 8 16
41 76 10
41 74 13
41 40 16
41 77 7
41 48 14
41 35 1
41 60 0
41 59 6
41 57 8
41 10 18
42 4 6
42 26 13
42 67 9
42 10 15
42 16 4
42 13 10
42 39 7
42 25 1
42 76 2
42 51 17
42 36 13
42 63 13
42 56 8
42 1 0
42 33 18
42 38 17
42 73 16
42 0 18
42 79 18
42 74 4
42 46 10
42 21 13
42 27 13
42 34 16
42 19 10
42 64 9
42 70 18
42 8 18
42 45 16
42 50 0
42 3 10
42 72 13
42 43 9
43 47 14
43 15 7
43 64 3
43 20 18
43 16 2
43 73 0
43 38 7
43 68 5
43 29 10
43 32 14
43 75 17
43 24 6
43 36 18
43 26 5
43 0 4
43 12 13
43 65 16
43 77 3
43 79 0
43 66 12
43 5 3
43 49 3
43 53 14
43 58 13
43 6 15
43 76 11
43 34 17
43 60 7
43 54 16
43 13 7
43 67 18
43 61 16
43 71 6
43 9 3
43 40 0
43 44 14
43 52 12
43 14 9
44 74 6
44 34 4
44 72 17
44 45 6
44 30 5
44 48 4
44 4 0
44 52 5
44 25 17
44 63 14
44 6 12
44 19 11
44 32 14
44 49 9
44 51 15
44 60 14
44 13 4
44 14 1
44 47 15
44 9 17
44 3 11
44 62 6
44 18 12
44 21 16
44 8 13
44 57 16
44 11 12
44 28 10
44 24 12
44 69 11
44 23 7
44 55 0
44 5 9
44 10 5
44 70 10
44 58 6
44 40 14
44 22 9
44 42 9
44 50 12
44 59 14
44 56 2
44 54 10
44 27 3
44 17 9
44 2 4
44 79 3
44 20 9
44 41 12
44 53 11
44 35 5
44 64 1
44 78 2
44 73 5
44 65 10
44 15 10
44 29 2
44 7 6
44 0 5
44 26 14
44 39 18
44 68 10
44 71 16
44 16 7
44 1 12
44 75 12
44 67 5
44 12 5
45 2 3
45 61 14
45 38 9
45 27 15
45 19 3
45 59 17
45 74 11
45 50 9
45 32 1
45 73 12
45 57 10
45 63 17
45 14 12
45 42 16
45 78 4
45 35 14
45 25 14
45 77 16
45 75 6
45 40 1
45 68 10
45 58 14
45 29 13
45 39 10
45 7 12
45 66 16
45 44 12
45 23 1
45 55 16
45 1 11
45 13 12
45 11 14
45 17 17
45 20 15
45 28 9
45 21 7
45 0 4
45 3 12
45 12 9
45 70 12
45 43 18
45 4 8
45 22 0
45 62 13
45 31 11
45 26 6
45 76 1
45 65 9
45 48 16
45 67 9
45 37 15
45 15 5
45 24 12
45 56 7
45 41 12
45 47 16
45 9 2
45 36 3
45 34 17
45 71 16
45 5 7
45 49 6
45 46 5
45 69 8
46 71 17
46 66 2
46 16 13
46 20 7
46 59 13
46 3 12
46 79 2
46 72 16
47 35 10
47 68 0
47 58 12
47 79 17
47 50 12
47 78 18
47 62 9
47 32 1
47 1 10
47 63 16
47 3 11
47 33 2
47 30 17
47 74 9
48 16 12
48 51 18
48 32 16
48 57 5
48 56 12
48 59 5
48 46 8
48 10 12
48 40 0
48 55 9
48 30 11
48 47 13
48 71 2
48 42 9
48 73 2
48 36 14
48 19 13
48 17 6
48 21 3
48 15 8
48 44 1
48 8 8
48 33 11
48 75 12
48 66 18
48 67 17
48 53 5
48 69 8
48 50 14
48 54 4
48 37 9
49 73 11
49 33 1
49 29 7
49 1 13
49 11 18
49 71 7
49 77 17
49 10 13
49 2 18
49 70 2
49 48 7
49 74 17
49 66 2
49 19 16
49 15 0
49 16 2
49 61 14
49 17 6
49 72 9
49 76 13
49 5 6
49 41 12
49 58 10
49 67 2
49 63 16
49 46 13
49 47 16
49 7 9
49 37 18
49 75 4
49 56 3
49 52 16
49 40 6
49 42 0
49 0 2
49 65 14
49 18 10
49 13 13
49 62 7
49 20 2
49 27 18
49 35 13
49 3 11
49 12 5
49 34 11
49 26 2
49 45 11
49 59 10
49 25 15
49 22 15
50 79 13
50 54 18
50 20 7
50 51 9
50 21 17
50 29 13
50 45 14
50 69 12
50 0 8
50 55 12
50 53 7
50 66 18
50 13 13
50 11 13
50 77 14
50 31 9
50 73 7
50 12 7
50 48 15
50 38 10
50 64 3
50 26 10
50 63 16
50 71 9
50 46 8
50 42 14
50 19 10
50 8 2
50 62 15
50 1 5
50 9 8
50 25 11
50 17 11
50 5 11
50 27 11
50 47 8
50 32 6
50 36 18
50 58 14
50 24 10
50 75 16
50 78 6
50 67 17
50 28 15
50 2 13
50 60 0
50 14 18
50 23 12
50 16 18
50 68 6
50 30 5
50 52 7
50 49 18
50 4 5
50 37 6
50 44 0
50 41 2
50 34 18
50 65 5
50 74 2
50 3 5
50 39 2
50 43 7
50 56 2
51 59 13
51 50 2
51 0 1
51 1 8
51 37 1
51 26 10
51 32 12
51 31 16
51 52 3
51 43 12
51 71 10
51 9 18
51 35 18
51 33 18
51 67 5
51 73 4
51 68 3
51 64 0
51 70 4
51 19 0
51 22 16
51 27 15
51 62 10
51 47 4
51 46 17
51 78 18
51 8 2
51 10 0
51 4 17
51 5 8
51 7 3
51 41 6
51 55 14
51 39 0
51 76 2
51 29 18
51 56 16
51 60 2
51 18 3
51 54 5
51 28 3
51 15 13
51 24 9
51 69 6
51 17 6
51 42 8
51 23 8
51 65 8
51 74 17
51 45 13
51 38 12
51 77 2
51 11 8
51 14 11
51 61 6
51 16 10
51 48 6
51 13 10
51 3 12
51 44 11
51 66 9
51 49 5
51 40 12
51 63 13
51 57 15
51 20 13
51 79 5
52 37 6
52 34 4
52 75 12
52 22 16
52 56 4
52 11 0
52 57 18
52 0 0
52 59 9
52 62 13
52 53 9
52 36 13
52 5 13
52 70 3
52 3 0
52 68 9
52 73 2
52 51 14
52 77 11
52 20 18
52 63 8
52 29 18
52 31 10
52 26 8
52 7 11
52 13 2
52 72 17
52 54 5
52 74 8
52 39 18
52 4 18
52 50 11
52 58 13
53 61 4
53 2 10
53 26 15
53 47 3
53 31 3
53 1 4
53 7 15
53 12 2
53 73 12
53 8 5
53 46 13
53 17 2
53 23 1
53 76 12
53 74 13
53 15 10
53 29 4
54 9 8
54 32 8
54 57 4
54 60 1
54 23 1
54 55 6
54 49 6
54 63 14
54 8 0
54 42 2
54 64 1
54 1 9
54 67 1
54 38 4
54 43 2
54 69 5
54 33 14
54 7 8
54 27 3
54 70 3
54 36 10
54 51 17
55 17 14
55 31 0
55 75 18
55 68 4
55 76 4
55 64 15
55 65 9
55 62 11
56 33 7
56 63 14
56 61 16
56 68 1
56 1 7
56 36 12
56 57 12
56 65 5
56 73 1
56 2 8
56 28 7
56 46 10
56 47 4
56 31 10
56 0 15
56 51 1
56 12 9
56 79 13
56 62 14
56 34 14
56 8 16
56 38 9
56 53 12
56 20 1
56 19 14
56 39 12
56 59 1
56 48 17
56 60 4
56 75 2
56 14 17
56 50 8
56 77 7
56 52 3
56 4 12
56 3 8
56 54 7
56 64 1
56 32 12
56 30 18
56 5 7
56 29 6
56 45 15
56 7 12
56 70 14
56 66 12
56 22 0
56 16 15
56 42 10
56 35 1
56 10 11
56 40 5
56 67 8
56 76 9
56 13 15
56 69 3
56 18 16
56 37 16
56 23 11
56 11 8
56 21 4
57 72 9
57 53 3
57 71 13
57 50 14
57 55 14
57 49 15
57 1 13
58 50 17
58 22 12
58 61 2
58 0 0
58 15 16
58 78 2
58 13 8
58 8 9
58 6 8
58 35 11
58 5 15
58 72 7
58 52 8
58 79 11
58 46 12
58 34 10
58 77 2
58 42 8
58 69 3
58 30 7
58 66 18
58 14 15
58 43 11
58 76 2
58 71 9
58 18 8
58 39 18
58 11 9
58 54 2
58 20 2
58 23 1
58 4 14
58 47 15
58 75 16
58 74 9
58 1 6
58 64 1
58 19 10
58 32 10
58 2 11
58 65 11
58 3 0
58 44 14
58 9 5
58 24 16
58 68 13
59 1 0
59 11 8
59 44 3
59 12 8
59 47 8
59 15 3
59 67 2
59 39 16
59 37 4
59 4 12
59 71 16
59 60 17
59 21 2
59 73 18
59 6 12
59 56 2
59 51 4
59 45 1
59 63 12
59 68 8
59 10 2
59 14 7
59 27 1
59 30 13
59 28 1
59 40 6
59 34 3
59 52 7
59 42 15
59 26 4
59 8 13
59 16 16
59 54 18
59 62 1
59 0 8
59 58 0
59 53 11
59 18 6
59 13 4
59 35 9
59 25 9
59 38 12
59 76 16
59 65 7
59 49 14
59 41 16
59 75 8
59 79 17
59 31 8
59 55 0
59 19 7
59 3 3
59 46 6
59 2 11
59 33 4
59 20 14
59 61 1
59 70 4
59 32 8
59 66 17
59 36 3
59 69 16
59 78 17
59 5 16
60 16 9
60 49 17
60 61 18
60 19 8
60 4 12
60 52 14
60 13 4
60 70 18
60 57 9
60 25 16
60 54 9
60 28 0
60 29 1
60 59 6
60 75 4
60 73 1
60 36 6
60 55 15
60 0 15
60 71 11
60 46 8
60 10 12
60 33 17
60 40 18
60 15 1
60 24 17
60 22 11
60 12 9
60 1 13
60 68 14
60 63 10
60 2 0
60 9 1
60 39 8
60 41 17
60 50 11
60 76 0
60 3 7
60 78 6
60 79 5
60 11 14
60 20 18
60 27 16
60 53 16
60 5 6
60 58 2
60 42 18
60 31 0
60 23 4
60 72 0
60 65 11
60 17 3
60 8 9
60 32 8
60 48 17
60 21 1
60 64 6
60 45 10
60 77 11
60 7 2
60 18 8
60 47 14
60 37 4
60 44 18
60 6 17
60 26 16
60 43 4
60 35 14
60 14 2
60 30 1
60 56 5
60 67 7
60 51 6
60 74 11
60 38 0
60 66 4
60 69 8
61 10 0
61 54 13
61 21 10
61 45 13
61 29 8
61 62 8
61 31 0
61 41 5
61 76 12
61 46 0
61 71 1
61 30 11
61 56 3
61 34 16
61 5 10
61 13 12
61 25 13
61 78 11
61 32 12
61 49 16
61 47 10
61 7 6
61 52 3
61 69 10
61 28 6
61 1 1
62 7 2
62 42 15
62 37 14
62 71 10
62 38 3
62 23 9
62 31 7
62 27 16
62 14 8
63 35 6
64 41 4
64 4 8
64 78 1
64 7 13
64 46 18
64 66 13
64 31 9
64 72 12
64 15 1
64 24 5
64 39 8
64 61 13
64 62 17
64 25 3
64 38 7
64 0 3
64 65 0
64 23 8
64 73 7
64 69 12
64 14 11
64 33 17
64 28 12
64 12 15
64 67 1
64 22 1
64 40 16
64 5 10
64 29 2
64 68 11
64 27 16
64 56 5
64 47 13
64 52 9
64 75 10
64 1 7
64 16 18
64 74 3
64 30 16
64 26 10
64 77 17
64 71 7
64 8 4
64 34 11
64 60 13
64 59 5
64 49 9
64 35 0
64 6 13
64 55 14
64 48 13
64 2 10
64 19 14
64 21 11
64 51 17
64 10 11
64 13 9
64 3 9
65 61 0
65 40 17
65 64 10
65 46 2
65 15 14
65 24 4
65 70 6
65 25 13
65 17 9
65 18 13
65 41 2
65 36 17
65 23 17
65 2 12
65 50 17
65 10 14
65 51 3
65 73 8
65 57 10
65 4 14
65 56 1
65 8 8
65 38 11
65 11 1
65 59 16
65 13 6
65 31 6
65 20 4
65 69 8
65 35 3
65 75 1
65 66 4
65 45 4
65 22 17
65 3 13
65 79 11
65 34 12
65 76 16
65 44 5
66 46 9
66 78 18
66 8 8
66 0 3
67 68 9
67 8 11
67 7 16
67 6 2
67 47 0
67 27 10
67 73 5
67 37 18
67 45 11
67 74 6
67 50 17
67 12 11
67 16 12
67 55 6
67 14 16
67 0 12
67 32 17
67 33 10
67 30 5
67 18 17
67 5 16
67 64 13
67 26 13
67 28 1
67 54 16
67 24 8
67 48 7
67 38 9
67 19 10
67 57 4
67 51 2
67 56 18
67 10 7
67 44 7
67 63 10
67 69 4
67 75 18
67 49 8
67 1 10
67 11 18
67 21 18
67 72 10
67 46 2
67 40 9
67 76 4
67 4 12
67 70 9
67 58 5
67 35 10
67 65 15
67 61 10
67 79 3
67 71 17
67 34 16
67 62 15
67 53 17
67 66 3
67 25 14
67 20 14
67 2 14
67 22 4
68 13 3
68 55 5
68 12 3
69 0 7
69 41 9
69 2 4
69 19 0
69 66 4
69 25 0
69 26 17
69 44 6
69 58 6
69 5 8
69 37 16
69 61 1
69 10 10
69 47 8
69 24 4
69 57 0
69 20 13
69 28 9
69 7 13
69 8 16
69 22 10
69 6 12
69 23 16
69 68 4
70 37 8
70 48 18
70 0 13
70 39 3
70 73 4
70 12 5
70 9 3
70 35 7
70 79 7
70 10 17
70 63 16
70 1 11
70 50 7
70 61 13
70 41 7
70 30 1
70 32 13
70 15 1
70 43 14
70 40 3
70 72 12
70 75 6
70 22 9
70 11 3
70 38 9
70 76 5
70 7 9
70 67 1
70 6 15
70 8 7
70 5 5
70 34 14
70 2 12
70 55 8
70 57 6
70 64 7
70 52 11
70 18 3
70 23 13
70 77 18
70 46 11
70 47 14
70 17 9
70 33 10
70 66 11
70 74 9
70 28 1
70 24 6
70 60 6
70 44 15
70 27 6
70 59 18
71 66 17
71 18 2
71 56 16
71 22 3
71 8 18
71 79 6
71 9 13
71 58 18
71 1 13
71 49 18
71 28 4
72 60 4
72 29 16
72 6 9
72 19 9
72 45 13
72 4 15
72 69 2
72 77 12
72 65 18
72 0 17
72 18 0
72 12 16
73 13 2
73 16 16
73 2 0
73 75 3
73 34 15
73 20 7
73 8 9
73 67 14
73 48 10
73 18 18
73 49 10
73 36 4
73 22 5
73 52 2
73 23 11
73 7 16
73 70 9
73 10 3
73 76 2
73 33 12
73 72 11
73 43 1
73 37 14
73 25 15
73 28 17
73 61 14
73 64 15
73 12 10
73 39 15
73 38 2
73 15 12
73 11 3
74 9 17
74 52 7
74 42 12
74 70 4
74 67 5
74 37 5
74 21 2
74 33 2
74 30 14
74 24 16
74 53 16
74 32 7
74 79 12
74 1 17
74 48 6
74 73 0
74 36 15
74 27 2
74 7 6
74 11 1
74 62 17
74 35 16
74 57 13
74 71 7
74 54 12
74 55 1
75 33 4
75 7 11
75 65 10
75 61 18
75 79 3
75 29 18
75 45 1
75 54 7
75 76 9
75 59 3
75 28 6
75 44 3
75 77 3
75 50 16
75 49 15
75 32 4
75 60 9
75 70 4
75 23 7
75 71 15
75 58 10
75 48 4
75 64 10
75 39 6
75 25 9
75 14 11
75 63 11
75 55 2
75 52 0
75 0 7
75 13 17
75 34 10
75 35 12
75 15 17
75 9 6
75 53 7
75 2 3
75 1 7
75 8 13
75 74 6
75 16 3
75 40 9
75 10 0
75 51 15
75 17 3
75 57 6
75 36 3
75 73 10
75 69 8
75 27 6
75 4 5
75 68 1
75 72 13
75 6 17
75 56 9
75 12 18
75 18 17
75 62 4
75 21 12
75 5 0
75 78 8
75 22 0
75 26 2
75 31 3
76 41 14
76 54 2
76 53 2
76 10 13
76 20 13
76 71 4
76 29 18
76 67 8
76 0 7
76 33 12
76 60 1
76 72 17
76 31 17
76 48 1
76 47 15
76 32 1
76 36 5
76 15 14
76 61 4
76 74 17
76 34 0
76 30 9
76 12 13
76 57 5
76 78 18
76 6 9
76 17 11
76 75 16
76 14 16
76 69 0
77 55 11
77 25 12
77 67 11
77 20 11
77 48 3
77 65 3
77 16 2
77 30 8
77 22 18
77 19 7
77 4 11
77 75 18
77 28 13
77 38 11
77 57 13
77 24 2
77 42 3
77 18 14
77 6 2
77 3 8
77 53 16
77 52 7
77 46 3
77 9 17
77 64 15
77 2 12
77 10 1
77 12 9
77 60 18
77 63 9
77 26 16
77 54 15
77 37 3
77 1 1
77 36 10
77 35 17
77 34 2
77 74 1
77 72 10
77 8 14
77 32 11
77 73 14
77 31 3
77 11 17
77 56 10
77 62 2
77 51 0
77 27 15
77 59 6
77 29 13
77 49 0
77 47 14
77 5 6
77 58 2
77 33 2
77 23 16
77 17 15
77 43 3
77 44 15
77 66 18
77 70 1
77 14 13
78 23 7
78 45 7
78 73 8
78 48 10
79 0 15
79 1 10
79 37 15
79 6 15
79 55 11
79 31 4
79 70 13
79 3 17
79 69 17
79 73 11
79 71 14
79 45 3
79 60 3
79 20 16
79 61 5
79 62 8
79 65 10
79 28 1
79 76 6
79 42 15
79 67 4
79 38 6
79 30 8
79 56 4
79 26 10
79 57 10
79 12 12
79 22 8
79 7 18
79 43 3
79 32 6
79 59 11
79 34 0
79 23 10
79 47 18
79 54 1
79 4 13
79 25 3
79 36 7
79 15 17
79 46 13
79 13 9
79 16 9
79 29 16
79 53 3
79 10 7
79 18 8
79 44 6
79 58 7
79 35 14
79 50 6
79 66 9
79 72 2
79 48 17
79 11 11
79 78 1
79 14 11
79 75 8
79 5 2
79 40 1
79 27 0
79 8 4
79 41 2
79 39 17
79 51 18
79 77 11
79 19 3
79 68 14
79 17 0
79 21 7
79 74 6
79 49 17
79 52 11
79 9 3
79 33 11
