82
3127
true
0 48 9
0 71 5
0 54 13
0 37 16
0 75 0
0 30 17
0 77 1
0 22 4
0 40 3
0 10 11
0 1 1
0 11 10
0 12 3
0 7 9
0 76 16
0 4 10
0 69 18
0 73 2
0 8 1
0 47 1
0 34 16
0 31 8
0 24 10
0 64 14
0 19 10
0 70 4
0 28 6
0 74 6
0 9 12
0 66 18
0 67 0
0 6 5
0 56 11
0 46 9
0 72 1
0 33 17
0 49 0
0 43 14
0 52 13
0 38 13
0 55 6
1 64 8
1 51 8
1 26 6
1 8 15
1 71 6
1 47 4
1 9 18
1 72 8
1 60 7
1 80 8
1 24 4
1 78 13
1 54 13
1 33 15
1 39 13
1 3 1
1 68 13
1 55 4
1 27 7
1 46 11
2 42 7
2 61 9
2 33 10
2 36 12
2 56 0
2 25 7
2 10 17
2 27 11
2 29 12
2 81 4
2 72 14
2 46 17
2 30 4
2 5 7
2 55 2
2 21 0
2 35 16
2 18 0
2 54 16
2 15 3
2 45 10
2 20 6
2 60 3
2 57 18
2 51 16
2 75 8
2 58 8
2 68 11
2 6 8
2 44 10
2 67 9
2 9 8
2 41 6
2 17 3
2 32 4
2 77 6
2 37 10
2 59 4
2 63 16
2 73 4
2 12 7
2 11 11
2 78 15
2 76 9
2 50 11
2 4 15
2 24 0
2 64 9
2 14 8
2 8 8
2 1 15
2 31 13
2 47 8
2 49 18
2 3 3
2 0 15
2 39 4
2 23 8
2 66 16
2 38 5
2 34 13
2 65 7
2 71 16
2 7 3
2 70 16
2 22 13
2 28 16
2 16 5
2 69 0
2 52 15
2 43 18
2 53 6
2 79 13
2 74 7
2 48 3
2 26 6
2 80 4
2 62 13
3 1 10
3 18 12
3 43 11
3 65 3
3 78 18
3 16 3
3 28 11
3 38 10
3 55 14
3 11 13
3 69 0
3 40 11
3 67 15
3 48 9
3 80 10
3 14 17
3 35 7
3 2 3
3 6 0
3 70 16
3 24 7
3 29 17
4 52 5
4 57 1
4 1 8
4 25 8
4 59 3
4 41 8
4 15 16
4 70 18
4 50 17
4 78 0
4 16 10
4 21 7
4 12 13
4 80 4
4 68 11
4 79 15
4 5 8
4 19 18
4 2 4
4 13 18
5 39 15
5 16 13
5 66 15
5 64 3
5 75 17
5 11 0
5 19 13
5 26 10
5 79 0
5 69 13
5 20 13
5 61 3
5 77 2
5 17 16
5 38 18
5 21 14
5 71 5
5 81 16
5 70 3
5 37 1
5 9 12
5 14 0
5 25 10
5 29 6
5 50 6
5 23 6
5 15 9
5 58 0
5 33 10
5 30 2
5 6 18
5 49 14
5 46 17
5 1 18
5 3 16
5 80 7
5 51 9
5 55 3
5 59 14
5 42 16
5 52 4
5 31 4
5 41 3
5 2 0
5 36 0
5 67 7
5 8 15
5 56 8
5 13 14
6 42 11
6 51 9
6 27 3
6 26 3
6 32 3
6 34 5
6 15 3
6 62 13
7 64 5
7 72 17
7 22 11
7 10 2
7 29 5
7 30 10
7 76 12
7 2 17
7 71 13
7 48 16
7 16 11
7 75 1
7 37 9
7 14 16
7 11 11
7 33 16
7 35 1
7 49 6
7 59 6
7 27 2
7 21 13
7 80 2
8 72 4
9 23 9
9 51 9
9 7 3
9 17 2
9 30 17
9 10 16
9 0 10
9 54 0
9 67 18
9 32 0
9 46 15
9 47 4
9 53 1
9 79 13
9 72 0
9 58 11
9 26 11
9 5 4
9 63 11
9 20 17
9 66 5
9 71 16
9 57 17
9 31 8
9 81 15
9 59 2
9 22 2
9 38 6
9 69 5
9 48 5
9 33 10
9 4 11
9 50 11
9 43 14
9 41 11
9 55 12
9 74 13
9 73 15
9 3 14
9 2 4
9 18 5
10 23 1
10 51 7
10 11 17
10 59 11
10 72 2
10 48 12
10 44 13
10 43 8
10 66 11
10 26 18
10 65 1
10 1 15
10 64 18
10 38 7
10 67 0
10 33 2
10 78 4
10 68 11
10 53 15
10 74 1
10 76 7
10 3 12
10 2 11
10 28 15
10 52 16
10 75 12
10 69 7
10 4 7
10 27 4
10 14 9
10 16 3
10 0 0
10 81 0
10 22 16
10 5 8
10 31 12
10 37 10
10 9 4
10 70 1
12 10 17
12 43 12
12 52 10
12 28 11
12 74 11
12 78 0
12 41 2
12 61 9
12 51 0
12 58 3
12 56 2
12 23 6
12 65 18
12 1 4
13 43 11
13 49 10
13 32 9
13 33 0
13 15 12
13 26 15
13 36 2
13 16 9
13 61 1
13 50 5
13 6 15
14 44 3
14 26 9
14 55 12
14 62 9
14 54 16
14 80 1
14 9 9
14 75 0
14 0 11
14 53 9
14 49 11
14 52 7
14 7 8
14 58 10
14 8 13
14 3 1
14 63 6
14 47 4
14 2 3
14 1 16
14 25 8
14 17 8
14 36 1
14 35 2
14 31 13
14 5 14
14 78 13
14 38 18
14 22 8
14 24 3
14 67 15
14 64 2
15 74 6
15 67 0
15 10 6
15 77 3
15 69 16
15 62 1
15 35 1
15 34 5
15 0 12
15 71 14
15 4 2
15 17 12
15 70 11
15 33 9
15 36 18
15 72 4
15 27 12
15 37 15
15 57 11
15 16 1
15 30 9
15 43 13
15 47 5
15 45 18
15 73 7
15 3 5
15 78 8
15 44 13
15 53 7
15 38 4
15 31 14
15 40 14
15 80 12
15 42 6
15 6 5
15 79 17
15 8 3
15 12 14
15 68 10
15 58 14
15 7 11
15 19 14
15 76 18
15 1 1
15 49 12
15 24 14
15 50 12
15 20 6
15 13 3
15 54 11
15 39 0
15 65 14
15 23 12
16 74 1
16 51 7
16 33 5
16 32 10
16 52 6
16 70 13
16 37 2
16 7 13
16 6 14
16 75 8
16 41 0
16 28 11
16 50 18
16 20 6
16 45 15
16 60 10
16 67 9
16 43 9
16 76 9
16 25 15
16 72 12
16 17 11
16 64 15
16 8 2
16 31 1
16 10 13
16 57 12
16 18 0
16 12 8
16 56 16
16 1 4
16 71 17
16 42 1
16 2 9
16 48 6
16 77 14
16 26 1
16 34 17
17 72 14
17 11 12
17 31 6
17 69 13
17 64 14
17 49 10
17 46 5
17 54 3
17 52 17
17 75 14
17 61 18
17 62 17
17 29 1
17 9 12
17 21 9
17 77 7
17 4 6
17 60 11
17 58 8
17 79 16
17 15 7
17 3 1
17 81 10
17 78 6
17 55 9
17 65 15
17 66 4
17 25 1
17 40 17
17 47 1
17 51 17
17 0 12
17 39 0
18 43 4
18 68 14
18 22 14
18 78 15
18 59 1
18 35 8
18 21 7
18 24 16
18 52 18
18 58 11
18 66 9
18 7 14
18 57 8
18 1 15
18 70 5
18 45 7
18 20 0
18 11 8
18 55 9
18 46 16
18 60 18
18 72 17
18 4 15
18 81 16
18 67 15
18 79 0
18 15 6
18 32 6
18 16 10
18 77 14
18 12 3
18 3 17
18 64 10
18 23 12
18 31 6
18 65 1
18 10 3
18 41 11
18 63 4
18 33 17
18 9 18
18 17 5
18 50 18
18 47 4
18 40 10
18 5 9
18 27 15
18 80 16
18 26 11
18 48 7
18 49 17
18 14 17
18 37 12
18 39 5
18 76 0
18 19 8
18 36 17
18 25 14
18 61 11
18 2 7
18 38 9
18 0 10
18 29 14
18 69 1
18 62 12
18 6 4
18 30 6
18 28 18
18 75 15
18 53 17
18 54 4
18 71 16
18 44 5
18 74 17
18 56 13
18 42 8
18 73 1
18 13 8
18 51 6
19 45 7
19 68 3
19 32 18
19 47 3
19 17 11
19 42 14
19 72 14
19 44 2
19 78 2
19 62 14
19 3 9
19 64 14
19 36 13
19 20 13
19 0 3
19 41 18
19 37 10
19 54 5
19 63 2
19 70 14
19 25 12
19 74 11
19 71 5
19 28 10
19 30 2
19 15 13
19 69 15
19 2 6
19 6 4
19 10 9
19 11 4
19 14 17
19 26 18
19 59 1
19 46 0
19 22 1
19 5 10
19 23 10
19 33 17
19 9 13
19 8 10
19 76 0
19 1 6
19 55 14
19 80 7
19 67 8
19 16 5
19 56 7
19 12 16
19 31 1
19 65 15
19 35 11
19 7 14
19 43 7
19 34 2
19 4 18
19 27 4
19 61 2
19 40 11
19 50 15
19 29 4
19 49 9
19 39 14
20 3 1
20 60 17
20 50 14
20 15 16
20 8 10
20 26 9
20 21 17
20 67 10
20 23 9
20 51 4
20 10 13
20 24 16
20 25 12
20 62 9
20 13 18
20 43 1
20 71 6
21 69 14
21 25 16
21 59 14
21 9 8
21 72 10
21 16 16
21 54 7
21 17 6
21 26 13
21 32 11
21 81 1
21 58 18
21 48 4
21 19 11
21 55 16
21 12 18
21 11 18
21 4 10
21 56 7
21 28 1
21 62 17
21 30 7
21 53 14
21 39 0
21 65 1
21 49 11
21 64 4
21 63 5
21 27 12
21 38 2
21 71 11
21 2 7
21 51 5
21 6 11
21 37 16
21 70 2
21 77 13
21 41 0
21 13 2
21 75 15
21 42 2
21 46 8
21 57 17
21 44 9
21 67 13
21 29 11
21 24 2
21 31 6
21 66 2
21 68 8
21 47 5
21 22 4
21 3 2
21 73 2
21 15 2
21 33 18
21 74 17
21 23 5
21 5 12
21 45 5
21 36 13
22 43 16
22 59 1
22 14 0
22 78 5
22 29 0
22 25 5
22 68 13
22 58 5
22 0 16
22 19 7
22 18 6
22 7 14
22 55 17
22 63 2
22 49 6
22 32 12
22 3 7
22 33 1
22 62 7
22 27 17
23 50 13
23 33 10
23 9 4
23 48 1
23 78 14
23 76 14
23 21 1
23 70 3
23 12 18
23 79 0
23 25 1
23 77 10
23 4 11
23 32 17
23 62 17
23 41 13
23 18 13
23 74 13
23 19 18
23 60 2
23 57 3
23 31 9
23 5 10
23 53 16
23 34 12
23 63 14
23 52 14
23 44 9
23 56 9
23 38 9
23 39 11
23 73 4
23 30 17
23 37 14
24 11 18
24 25 9
24 57 13
24 48 9
24 30 1
24 1 15
24 46 5
24 42 3
24 36 14
24 10 7
24 32 14
24 68 7
24 53 2
24 77 2
24 20 4
24 79 17
24 14 13
24 39 6
24 16 5
24 34 9
24 3 11
24 17 6
24 33 9
24 37 12
24 70 7
24 78 10
24 4 15
24 55 14
25 76 4
25 80 2
25 29 4
25 26 8
25 23 17
25 18 10
25 44 12
25 59 0
26 29 3
26 69 14
26 46 2
26 18 18
26 59 10
26 65 14
27 69 15
27 32 6
27 46 3
27 52 12
27 48 5
27 78 14
27 81 6
27 40 6
27 5 5
27 10 12
27 31 2
27 36 16
27 51 11
27 6 11
27 4 6
27 0 13
27 47 10
27 26 11
27 63 2
27 66 9
27 25 12
27 55 5
27 79 6
27 20 3
27 24 6
27 59 8
27 44 1
27 18 6
27 2 8
27 62 2
27 37 2
27 22 18
27 43 4
27 15 15
27 67 6
27 30 11
27 42 15
27 19 7
27 76 8
27 29 7
27 45 5
27 54 8
27 16 3
28 27 0
28 74 18
28 35 9
28 40 7
28 81 15
28 26 3
28 78 12
28 71 7
28 23 13
28 46 0
28 31 5
28 32 4
28 69 9
28 77 17
28 6 5
28 8 11
28 76 17
28 36 10
28 0 1
28 10 7
28 12 2
28 68 18
28 79 16
28 18 10
28 80 7
28 61 13
28 38 4
28 50 5
28 2 14
28 55 6
29 21 17
29 58 2
29 14 2
29 2 18
29 76 0
29 62 6
29 18 2
29 15 3
29 47 0
29 72 4
29 37 8
29 56 5
29 68 0
29 40 14
29 28 4
29 34 9
29 8 14
29 6 10
29 31 7
29 77 1
29 71 13
29 24 11
29 25 4
29 41 16
29 80 16
29 38 11
29 59 5
29 57 3
29 74 4
29 66 2
29 32 15
29 73 13
29 51 15
29 67 6
29 44 14
29 61 8
29 54 16
29 49 4
29 36 12
29 33 18
29 22 5
29 64 9
29 70 0
29 9 6
29 78 8
29 35 9
29 52 9
29 55 10
29 17 6
29 30 16
29 39 9
30 16 6
30 44 1
30 9 13
30 47 3
30 74 16
30 49 12
30 64 17
30 56 2
30 31 3
30 63 11
30 18 18
30 20 17
30 72 15
30 6 11
31 25 14
31 49 10
31 29 7
31 48 4
31 53 17
31 52 14
31 23 6
31 63 3
31 4 11
31 78 6
31 22 2
31 10 18
32 33 8
32 5 3
32 81 13
32 77 11
32 46 5
32 45 12
32 67 12
32 76 6
32 44 13
32 18 7
32 64 6
32 73 6
32 60 1
32 13 3
32 39 9
32 80 9
32 40 11
32 75 10
32 31 13
32 70 7
32 21 5
32 27 12
32 38 3
32 78 2
32 74 7
32 19 6
32 3 3
32 62 18
32 15 10
33 74 10
33 21 16
33 34 10
33 18 17
33 58 13
34 23 12
34 31 3
34 75 3
35 11 16
35 18 18
35 2 16
35 43 14
35 59 9
35 63 18
35 49 12
35 50 9
35 27 11
35 23 15
35 56 9
35 41 12
35 26 12
35 24 13
35 70 5
35 47 2
35 10 8
35 80 15
35 64 9
35 36 13
35 79 6
35 12 9
35 20 1
35 13 0
35 31 6
35 29 7
35 66 1
35 33 7
35 6 4
35 32 3
35 58 10
35 9 15
35 54 3
35 22 12
35 8 16
35 48 12
35 74 7
35 42 10
35 5 18
35 71 11
35 67 8
35 52 9
35 28 6
35 69 6
35 60 2
35 81 14
35 53 14
35 14 8
35 57 9
35 25 16
35 77 15
35 40 5
35 76 4
35 3 1
35 65 12
35 44 14
35 46 15
35 45 6
35 19 6
35 4 1
35 72 9
35 30 1
35 73 15
35 62 12
35 78 10
35 38 11
35 61 1
35 51 4
35 15 6
35 37 3
35 17 7
35 68 17
36 78 1
36 79 6
36 39 7
36 46 18
36 40 4
36 38 14
36 7 15
36 2 11
36 70 0
36 47 8
36 14 16
36 41 1
36 75 15
36 65 6
36 45 2
36 8 14
36 61 6
36 3 6
36 35 9
36 29 17
36 16 3
36 48 11
36 11 16
36 10 2
36 60 14
37 27 13
37 28 7
37 29 5
37 72 9
37 35 1
37 54 11
37 81 18
37 4 13
37 9 5
37 73 18
37 19 1
37 69 10
37 80 12
37 25 5
37 20 13
37 38 3
37 16 11
37 44 9
37 26 13
37 22 6
37 31 1
37 57 18
37 55 0
37 41 2
37 6 16
37 64 1
37 32 1
37 48 14
37 49 0
37 71 2
37 30 11
37 63 18
37 51 17
37 74 14
37 53 9
37 2 5
37 3 8
37 10 16
38 13 10
38 50 5
38 55 17
38 14 0
38 36 14
38 18 7
38 27 9
38 79 2
38 11 4
38 5 10
38 20 5
38 76 6
38 52 6
38 68 4
38 8 7
38 42 14
38 16 11
38 66 5
38 56 17
38 35 9
38 33 16
38 60 18
38 7 1
38 63 3
38 47 11
38 72 12
38 1 0
38 26 5
38 19 1
38 28 17
38 6 13
38 39 0
38 57 3
38 32 9
38 17 13
38 74 18
38 23 12
38 48 11
38 81 18
38 44 10
38 46 9
38 21 13
38 58 5
38 70 7
38 25 3
38 78 3
38 71 18
38 15 16
38 69 16
39 71 5
39 28 8
39 23 0
39 63 14
39 18 13
39 9 4
39 46 7
39 26 5
39 75 15
39 53 1
39 22 4
39 33 3
39 10 12
39 15 11
39 8 11
39 77 17
39 73 4
39 32 10
39 45 2
39 11 12
39 56 12
39 54 6
39 76 17
39 60 9
39 51 5
39 58 0
39 70 5
39 21 7
39 20 17
39 42 15
39 41 17
39 55 2
39 62 11
39 17 15
40 63 7
40 9 1
40 20 16
40 54 17
40 26 17
40 17 6
40 64 2
40 35 3
40 22 16
40 48 5
40 29 15
40 12 3
40 60 13
40 25 5
40 4 1
40 0 8
40 61 7
40 37 13
40 11 6
40 5 11
40 57 3
40 52 17
40 15 17
40 58 4
40 10 5
40 67 8
40 3 12
40 51 18
40 47 0
40 72 10
40 36 2
40 27 16
40 77 2
40 32 1
40 14 1
40 2 12
40 79 0
40 21 3
40 80 10
40 30 16
40 38 7
40 46 6
40 24 2
40 68 11
40 71 2
40 34 3
40 69 12
40 19 17
40 16 5
40 33 15
40 41 13
40 13 16
40 42 14
40 66 0
40 8 17
40 31 16
40 1 8
40 76 6
40 81 9
41 37 4
41 34 10
41 79 11
41 17 16
41 36 5
41 65 5
41 19 6
41 62 13
41 24 11
41 28 0
41 71 13
41 15 18
41 35 10
41 8 15
41 56 13
41 12 3
41 10 1
41 63 13
41 76 15
41 30 8
41 67 0
41 75 6
41 39 11
41 69 9
41 48 10
41 2 18
41 31 15
41 78 4
41 68 18
41 23 7
42 38 15
42 67 13
42 23 12
42 29 15
42 12 8
42 58 3
42 79 15
42 32 8
42 3 3
42 13 16
42 7 6
42 14 12
42 70 10
42 24 5
42 15 13
42 31 13
42 43 6
42 47 7
42 75 8
42 50 17
42 6 15
42 34 3
42 60 10
42 35 12
42 27 3
42 36 14
42 4 4
43 34 1
43 17 16
43 62 11
43 4 0
43 42 0
43 11 13
43 69 12
43 59 8
43 66 2
43 3 15
43 64 7
43 40 16
43 20 15
43 37 13
43 21 12
43 33 12
43 70 4
43 10 16
43 55 10
43 36 8
43 54 15
43 47 18
43 15 8
43 72 4
43 16 3
43 71 15
43 30 2
43 67 1
43 18 12
43 65 11
43 14 4
43 77 11
43 7 17
43 27 10
43 45 15
43 28 9
43 35 6
43 46 13
43 81 0
43 12 14
43 63 14
43 39 17
43 5 15
43 2 5
43 23 18
43 8 3
43 29 13
43 52 6
43 26 5
43 9 12
43 22 11
43 75 7
43 38 3
43 68 9
43 53 13
44 26 3
44 50 0
44 28 8
44 23 8
44 52 13
44 22 12
44 42 14
44 56 1
44 59 8
44 64 14
44 21 18
44 29 0
44 34 2
44 3 6
44 18 3
44 68 3
44 17 6
44 36 2
44 9 3
44 81 10
44 80 1
44 43 0
44 73 16
44 40 10
44 27 6
44 8 15
44 78 5
44 1 17
44 16 12
44 0 4
44 54 6
44 79 15
44 39 12
44 2 9
44 47 10
44 55 17
44 57 7
44 76 8
44 7 10
44 67 17
44 61 15
44 10 10
44 32 12
44 35 11
44 51 9
44 25 6
44 15 10
44 74 10
44 48 0
44 20 18
44 11 12
44 33 4
44 13 18
44 69 15
44 24 12
44 60 1
44 72 5
44 49 17
44 46 2
44 75 0
44 38 12
44 77 6
44 12 4
44 63 1
44 4 10
44 30 5
45 1 9
45 29 9
45 23 6
46 6 2
46 39 0
46 5 18
46 42 2
46 80 2
46 31 6
46 11 10
46 61 15
46 62 10
46 8 2
46 3 15
46 41 9
46 69 14
46 37 17
46 76 13
46 54 16
46 70 0
46 79 14
46 10 5
46 17 0
46 55 12
46 81 9
46 36 1
46 65 4
46 77 12
46 29 10
46 34 16
46 72 15
46 16 18
46 44 1
46 19 8
47 74 5
47 71 14
47 37 3
47 66 5
47 55 15
47 33 1
47 36 2
47 65 3
47 26 0
47 81 14
47 22 8
47 43 3
47 78 6
47 27 10
47 38 10
47 56 0
47 70 12
47 48 16
47 67 4
47 19 5
47 72 10
47 68 3
47 62 15
47 0 11
47 5 10
47 11 6
47 8 14
47 12 18
47 10 9
47 32 1
47 53 9
47 3 2
47 58 18
47 31 12
47 40 15
47 24 0
47 54 7
47 41 4
47 77 18
47 51 17
47 9 1
47 63 5
47 18 5
47 46 2
47 1 7
47 6 6
47 30 14
47 2 9
47 73 14
47 35 12
47 79 0
47 76 17
47 4 8
47 69 14
47 39 14
47 15 18
47 17 7
47 13 10
47 50 4
47 61 15
47 23 12
47 20 12
47 25 7
47 28 8
47 52 14
47 80 13
47 44 0
47 75 0
47 29 6
47 60 11
48 60 16
48 4 15
48 46 14
48 77 17
48 28 13
48 72 6
48 41 3
48 65 6
48 11 14
48 47 16
48 30 13
48 1 11
48 31 14
48 0 3
48 53 15
48 45 0
48 7 12
48 44 9
48 69 0
48 33 6
48 35 5
48 78 12
48 51 6
48 3 17
48 39 16
48 23 18
48 25 7
48 70 18
48 67 7
48 6 1
48 80 13
48 66 5
48 19 15
48 75 12
48 42 11
48 8 12
48 26 2
48 79 11
48 5 14
48 43 5
48 10 4
48 21 9
48 71 17
48 13 15
48 52 16
48 38 3
48 37 2
48 32 11
48 15 15
48 59 0
48 34 14
48 18 9
48 61 1
48 40 5
48 14 2
48 64 0
48 63 4
48 76 10
48 22 0
48 24 16
49 51 12
49 13 12
49 10 13
49 16 18
49 52 13
49 29 15
49 27 1
49 81 0
49 2 13
49 74 15
49 62 15
49 80 6
49 70 13
49 0 5
49 72 7
49 12 18
49 43 13
49 14 10
49 42 5
49 58 15
49 41 11
49 30 2
49 79 9
49 5 13
49 31 7
49 36 3
49 18 1
49 65 1
49 46 16
49 19 9
49 1 0
49 63 16
49 64 12
49 11 11
50 53 3
50 4 16
50 32 1
50 39 5
50 6 6
50 35 4
50 40 11
50 58 18
50 33 14
50 23 18
50 71 3
50 75 16
50 9 16
50 31 0
50 30 4
50 22 3
50 16 7
50 20 15
50 49 8
50 18 3
50 62 1
50 17 11
50 81 7
50 47 14
50 15 4
50 19 1
50 2 4
50 48 12
50 55 15
50 11 8
50 67 17
50 45 15
50 25 13
50 63 3
50 46 10
50 68 4
50 66 13
50 43 3
50 44 12
50 42 1
50 59 4
50 72 12
50 73 10
50 28 1
50 70 16
50 37 13
50 65 9
50 51 10
50 61 13
50 38 10
50 8 2
50 27 14
50 78 8
50 7 9
51 37 4
51 24 18
52 77 13
52 7 6
52 66 2
52 42 10
52 48 8
52 3 5
52 29 18
52 1 0
52 80 16
52 78 17
52 70 11
52 28 14
52 72 11
52 81 0
52 65 13
52 56 13
52 6 14
52 44 0
52 33 4
52 61 7
52 79 18
52 39 16
52 23 3
52 47 16
52 17 15
52 11 1
52 40 11
52 37 0
52 5 17
52 71 5
52 35 16
52 31 5
52 16 4
52 22 3
52 67 13
52 57 10
52 46 2
52 13 7
52 53 0
52 18 13
53 43 12
53 52 16
53 40 16
53 60 9
53 15 17
53 18 0
53 61 11
53 51 7
53 29 18
53 65 16
53 38 8
53 22 17
53 66 18
53 41 5
53 24 5
53 48 12
53 13 2
53 80 2
53 10 9
53 81 14
53 27 18
53 9 15
53 67 15
53 0 2
53 20 6
53 72 4
53 78 13
53 31 4
53 54 11
53 74 5
53 57 10
53 32 1
53 37 0
53 63 3
53 46 2
53 33 9
53 64 3
53 68 12
53 28 17
53 16 6
53 11 13
53 19 11
53 44 10
53 79 5
53 42 18
53 77 16
53 55 11
53 50 3
53 4 6
53 73 13
53 2 7
53 62 16
54 22 18
54 5 4
54 43 11
54 39 4
54 58 1
54 19 4
54 77 2
54 68 8
54 81 3
54 69 6
54 3 6
54 59 3
54 61 7
54 72 8
54 44 16
54 15 10
54 66 15
54 64 0
54 62 7
54 0 12
54 35 8
54 76 2
54 1 3
54 49 3
54 46 3
54 16 8
54 24 10
54 4 1
54 32 6
54 31 13
55 1 15
55 14 0
55 9 1
55 41 6
55 28 9
55 19 15
55 8 8
55 0 4
55 42 14
55 70 16
55 30 3
55 21 18
55 59 13
55 48 14
55 47 17
55 34 13
55 52 10
55 62 8
55 40 16
55 7 17
55 43 4
55 39 15
55 38 14
55 58 4
55 36 10
55 26 5
55 31 17
55 35 5
55 46 14
55 17 8
55 13 16
55 60 6
55 78 1
55 32 1
55 67 0
55 64 4
55 65 7
55 72 7
55 74 2
55 45 2
55 63 18
55 50 12
55 75 9
55 71 18
55 77 0
55 27 10
55 15 18
55 3 0
55 23 15
55 5 18
55 53 6
55 68 7
55 4 4
55 79 8
55 2 3
55 6 0
55 33 17
55 61 18
55 57 0
55 10 11
55 22 7
55 54 12
55 29 7
55 16 14
55 25 17
56 59 11
56 71 11
56 57 6
57 43 6
57 34 5
57 33 16
57 39 11
57 0 18
57 55 2
57 46 9
57 40 12
57 4 15
57 24 18
57 65 16
57 72 8
57 18 18
57 49 4
57 29 14
57 2 7
57 1 4
57 17 17
57 73 4
57 63 17
57 67 5
57 20 8
57 28 3
57 45 12
57 32 6
57 77 1
57 35 10
57 71 3
57 9 14
57 11 18
57 3 2
57 30 8
57 51 10
57 74 3
57 26 8
57 78 6
57 25 12
57 66 6
57 59 11
57 8 6
57 50 0
57 19 0
57 81 0
57 75 16
57 61 14
57 14 6
57 76 14
57 21 5
57 23 2
57 41 10
57 31 9
57 15 4
57 5 16
57 27 8
57 38 14
57 62 17
57 10 1
57 44 11
57 69 14
57 68 16
57 60 15
57 37 18
57 54 10
57 58 8
57 52 12
57 53 0
57 6 14
57 56 5
57 47 12
57 36 4
57 79 8
57 7 10
57 22 11
57 12 9
57 70 7
57 42 9
57 13 10
57 16 2
58 64 7
58 71 16
58 69 16
58 51 12
58 10 9
58 15 14
58 44 10
58 38 12
58 47 11
59 38 10
59 5 5
59 0 8
59 28 3
59 57 15
59 47 16
59 13 6
59 4 1
59 41 12
59 76 11
59 79 6
59 22 16
59 46 16
59 61 4
59 23 8
59 1 7
59 8 11
59 71 7
59 50 6
59 20 5
59 68 16
59 33 4
59 64 8
59 75 11
59 53 1
59 60 14
59 30 2
59 58 9
59 29 18
59 26 18
59 32 17
59 21 1
59 27 9
59 55 4
59 66 18
59 74 0
59 54 1
59 80 8
59 45 7
59 77 8
59 70 5
59 15 5
59 7 10
59 37 4
59 56 1
59 39 12
59 78 6
59 43 0
59 9 5
59 63 14
59 52 8
59 65 5
59 2 14
59 36 4
59 34 7
59 48 14
59 24 5
59 40 6
59 67 17
59 31 3
59 19 6
59 17 18
59 69 1
59 73 13
59 25 8
59 35 2
59 42 8
59 18 3
59 44 16
60 32 16
60 40 2
60 71 4
60 2 17
60 19 11
60 7 10
60 30 18
60 43 1
60 12 0
60 57 17
60 20 2
60 66 12
60 77 15
60 53 1
60 45 8
60 61 2
60 72 8
60 50 4
60 70 12
60 9 17
60 22 8
60 16 13
60 5 4
60 18 17
60 4 7
60 64 0
60 29 7
60 81 0
60 73 9
60 63 18
60 44 0
60 6 15
60 46 7
60 37 11
60 58 13
60 23 8
60 74 4
60 80 16
60 1 2
60 24 8
61 26 1
61 3 15
61 1 5
61 35 13
61 42 12
61 34 7
61 47 12
61 29 18
61 55 6
61 56 7
61 51 12
61 0 2
61 58 12
61 80 18
61 65 16
61 60 17
61 68 4
61 62 9
61 53 16
61 77 16
61 59 1
61 32 16
61 25 2
61 67 5
61 11 12
61 24 3
61 54 17
61 38 13
61 33 6
61 27 13
61 31 4
61 52 18
61 64 11
61 30 17
61 70 17
61 72 0
61 19 0
61 17 10
61 20 5
61 43 8
61 63 15
61 44 4
61 10 11
61 78 17
61 12 16
61 66 0
61 9 17
61 76 12
61 48 18
61 37 11
61 49 2
61 40 17
61 57 15
61 75 5
61 71 2
61 36 5
61 50 4
61 46 14
61 6 17
61 73 14
61 23 3
61 45 17
61 28 14
61 7 7
62 71 8
62 78 14
62 28 4
62 63 8
62 74 11
62 48 5
62 25 9
62 80 5
62 22 14
62 23 9
62 75 6
62 35 3
62 67 12
62 76 6
62 31 15
62 56 6
62 55 15
62 39 11
62 60 9
62 68 3
62 54 2
62 5 11
62 8 9
62 32 14
62 46 13
62 0 11
62 12 4
62 15 13
62 69 2
62 6 17
62 70 13
62 44 8
62 50 10
62 17 11
62 13 14
62 45 16
62 72 16
62 37 8
62 59 3
62 41 11
62 66 1
62 47 13
62 7 10
62 43 6
62 10 8
62 34 5
62 14 9
63 75 11
63 21 8
63 22 8
63 41 0
63 19 13
63 61 10
63 69 9
63 35 15
63 32 15
63 28 16
63 11 9
63 72 11
63 68 17
63 37 4
63 4 11
63 15 14
63 71 15
63 60 10
63 24 1
63 81 15
63 49 3
63 78 0
63 59 8
63 27 13
63 44 6
63 29 2
63 74 0
63 76 2
63 25 4
63 17 14
63 7 10
63 8 0
63 48 14
63 52 17
63 54 2
63 10 12
63 50 2
64 61 8
64 35 1
64 48 6
64 39 15
64 68 18
64 62 3
64 10 14
64 75 10
64 50 10
64 69 16
64 49 0
64 8 9
64 70 2
64 65 17
64 25 9
64 29 4
64 42 15
64 54 13
64 24 0
64 20 18
64 15 10
64 12 11
64 55 10
64 66 5
64 33 9
64 43 16
64 80 18
64 58 0
64 73 10
64 32 14
64 14 5
64 0 7
64 60 4
64 34 2
64 28 0
64 21 9
64 47 15
64 46 15
64 31 9
64 52 15
64 41 2
64 4 14
64 38 6
64 1 5
64 67 0
64 18 15
64 3 5
64 23 10
64 72 4
64 30 5
64 74 15
65 25 14
65 79 13
65 56 2
65 70 1
65 71 8
65 15 1
65 28 10
65 18 12
65 9 16
65 16 3
65 49 12
65 55 10
65 33 18
65 63 18
65 13 5
65 81 4
65 36 3
65 14 0
65 62 4
65 19 0
65 72 16
65 69 15
65 59 4
65 8 17
65 34 18
65 53 6
65 74 2
65 30 0
65 22 7
65 41 3
65 61 14
65 38 2
65 66 10
65 54 16
65 40 2
65 75 11
65 12 5
65 1 17
65 39 13
65 35 1
65 80 14
65 64 0
65 3 7
65 73 8
65 20 1
65 45 6
65 23 13
65 43 13
65 68 12
65 29 15
65 77 6
65 5 8
65 31 2
65 4 11
65 0 0
65 51 10
65 42 11
65 10 4
65 17 13
65 32 12
65 24 9
65 44 12
65 52 6
65 21 4
66 59 8
66 16 2
66 34 17
66 45 12
66 4 1
66 9 6
66 54 4
66 53 12
66 38 16
66 12 4
66 13 18
66 6 0
66 42 8
66 72 13
66 27 0
66 10 9
66 17 2
66 23 14
66 3 11
66 32 18
66 55 8
66 81 18
66 67 10
66 73 17
66 61 1
66 77 6
66 46 8
66 43 2
66 30 17
66 65 2
66 75 18
66 2 5
66 52 11
66 78 13
66 22 11
66 28 11
66 60 11
66 25 0
66 40 13
66 51 2
66 8 18
66 39 7
66 7 8
66 76 1
66 71 6
66 31 6
66 0 0
66 41 1
66 33 9
66 5 2
66 11 14
67 44 0
67 18 5
67 38 11
67 58 0
67 32 13
67 11 14
67 23 18
67 24 4
67 0 4
67 26 15
67 74 8
67 13 9
67 57 8
67 4 17
67 59 18
67 3 8
67 73 12
67 66 2
67 79 1
67 68 8
67 27 18
67 52 6
67 5 1
67 17 4
67 20 16
67 50 12
67 53 15
67 33 15
67 78 2
67 21 0
67 51 5
67 75 7
67 48 8
67 46 6
67 14 13
67 39 13
67 40 1
67 71 3
67 69 0
67 45 1
67 41 5
67 10 6
67 35 3
67 15 8
67 12 14
67 56 2
67 6 7
67 36 15
67 29 14
67 49 12
67 30 0
67 2 6
67 81 17
67 80 12
67 72 12
67 55 4
67 54 2
67 7 14
67 42 3
67 77 4
67 63 3
67 1 13
67 19 15
67 76 13
67 60 16
67 25 17
67 9 6
67 34 17
67 47 11
68 39 18
68 65 9
68 40 2
68 22 2
68 46 10
68 79 1
68 72 14
68 19 15
68 34 9
68 8 14
68 35 1
68 75 6
68 3 10
68 76 10
68 74 5
68 17 12
68 64 13
68 16 11
68 23 11
68 44 17
68 25 12
68 59 0
68 52 14
68 73 8
68 37 5
68 58 16
68 30 16
68 13 14
68 61 14
68 80 2
68 24 15
68 12 14
68 31 17
68 20 15
68 77 13
68 14 12
68 51 14
68 18 15
68 7 18
68 27 17
68 50 3
68 6 16
68 5 17
68 69 17
68 67 3
68 48 5
68 62 2
68 26 9
68 2 0
68 47 8
68 11 16
68 32 3
68 45 13
68 43 17
68 15 6
68 49 7
68 9 16
68 41 13
68 56 9
68 1 7
68 81 3
68 38 16
68 29 5
68 28 1
68 66 0
68 33 6
68 55 10
68 78 4
68 36 14
68 42 9
68 54 10
68 63 9
68 53 15
68 4 18
68 60 15
68 57 6
68 21 10
68 70 17
68 71 5
68 10 18
68 0 10
69 72 10
69 43 8
69 56 14
69 36 18
69 21 9
69 61 16
69 45 9
69 40 8
69 16 14
69 78 3
69 79 11
69 51 11
69 77 11
69 70 6
69 64 18
69 68 16
69 19 11
69 34 16
69 3 15
69 39 2
69 15 9
69 25 18
69 73 1
69 81 0
69 24 14
69 48 6
69 6 1
69 50 11
69 9 12
69 62 1
69 66 7
69 11 2
69 47 15
69 13 6
69 2 11
69 54 7
69 42 18
69 63 2
69 10 3
69 80 3
69 20 1
69 49 8
69 1 12
69 32 5
69 26 5
69 18 7
69 75 0
69 23 16
69 65 13
69 8 7
69 12 6
69 38 10
69 29 14
69 58 12
69 0 14
69 22 1
69 74 8
69 27 1
69 59 16
69 46 4
69 57 4
69 35 13
69 52 11
69 17 0
69 4 0
69 71 4
69 14 6
69 60 17
70 74 15
70 53 0
70 15 3
70 79 1
70 80 18
70 43 15
70 64 1
70 18 3
70 52 15
70 75 7
70 51 7
70 49 2
70 68 14
70 29 4
70 20 11
70 81 0
70 72 0
70 54 0
70 45 10
70 77 9
70 30 2
70 11 10
70 22 12
71 30 16
71 51 8
71 65 10
71 12 1
71 59 12
71 57 18
71 66 10
71 22 2
71 26 4
71 64 7
71 38 12
71 52 9
71 8 5
71 24 6
71 56 15
71 76 7
71 45 10
71 47 10
71 25 0
71 39 3
71 4 0
71 69 11
71 79 17
71 36 5
71 18 4
71 53 15
71 33 13
71 75 7
71 23 13
71 14 8
71 9 17
71 54 3
71 78 9
71 55 12
71 74 17
71 6 3
71 44 7
71 20 11
71 63 8
71 60 4
71 3 6
71 10 3
71 80 4
71 19 0
71 0 17
71 2 6
71 27 16
71 77 8
71 5 10
71 31 0
71 58 9
71 28 10
71 13 9
71 15 11
71 68 15
71 41 16
71 21 10
71 34 17
71 62 6
71 7 5
71 73 5
71 42 14
71 46 0
71 16 5
71 49 5
71 1 15
71 17 16
71 11 6
71 50 11
71 72 16
71 40 7
71 29 3
71 61 6
71 70 13
72 58 13
72 5 11
72 40 0
72 6 0
72 71 7
72 54 5
72 18 4
72 32 1
72 3 15
72 64 18
72 43 1
72 48 10
72 4 2
72 21 16
72 31 12
72 34 14
72 2 8
72 7 0
72 59 9
72 80 9
72 73 1
72 8 11
72 60 14
72 20 15
72 1 16
72 45 8
72 75 14
72 24 10
72 47 17
72 35 15
72 38 10
72 69 0
72 79 17
72 42 7
72 14 12
72 52 4
72 49 5
72 23 5
72 76 14
72 9 2
72 19 16
72 10 7
72 70 6
72 41 0
72 17 6
72 25 13
72 68 12
72 61 12
73 13 5
74 36 16
74 72 8
74 46 10
74 14 15
74 52 16
74 39 6
74 47 9
74 81 5
74 27 15
74 7 15
74 25 14
74 16 17
74 26 9
74 21 17
74 34 18
74 49 16
74 43 18
74 56 5
74 18 12
74 8 6
74 28 2
74 70 17
74 2 11
74 61 16
74 57 4
74 15 8
74 62 7
74 41 5
74 30 3
74 9 2
74 19 3
74 3 7
74 58 17
74 1 18
74 11 12
74 60 18
74 31 0
74 6 8
74 37 13
74 38 6
74 20 13
74 50 8
74 13 17
74 77 6
74 40 0
74 75 1
74 5 17
74 65 3
74 69 13
74 71 8
74 55 11
74 68 3
74 42 17
74 53 2
74 63 3
74 10 13
74 44 7
74 51 10
74 76 4
74 79 4
74 59 14
74 54 13
74 33 18
75 51 0
75 20 14
75 55 10
75 64 11
75 25 3
75 5 18
75 60 5
75 40 10
75 14 6
75 65 6
75 78 9
75 37 7
75 0 9
75 74 8
75 59 6
75 1 8
75 9 1
75 47 18
75 73 6
75 61 18
75 56 17
75 58 4
75 3 2
75 54 8
75 13 9
75 28 5
75 68 2
75 63 12
75 7 11
75 12 11
75 69 3
75 36 2
75 70 8
76 6 11
76 47 12
76 48 13
76 7 9
76 67 1
76 3 8
76 58 16
76 52 6
76 74 17
76 63 15
76 26 6
76 34 17
76 71 1
76 70 18
76 56 13
76 30 9
76 35 16
76 81 9
76 36 4
76 11 0
76 41 7
76 17 6
76 22 12
76 0 0
76 18 1
76 37 15
76 43 4
76 19 13
76 50 4
76 29 2
76 68 8
76 27 2
76 8 2
76 10 18
76 13 3
76 53 3
76 46 13
76 32 16
76 9 1
76 66 12
76 33 1
76 21 9
76 80 6
76 45 10
76 5 5
76 54 17
76 40 18
76 2 7
76 1 4
76 15 13
76 57 16
76 75 17
76 28 10
76 23 15
76 55 10
76 49 16
76 72 16
76 60 6
76 79 7
76 61 8
76 16 7
76 62 17
76 14 15
76 42 8
77 28 6
77 4 15
77 9 4
77 44 6
77 68 8
77 48 4
77 30 15
77 15 6
78 63 13
78 67 14
78 53 18
78 69 8
78 20 0
78 23 3
78 28 1
78 61 7
78 22 16
78 12 1
78 62 9
78 73 2
79 66 18
79 63 12
79 57 10
79 33 18
79 24 14
79 37 18
79 67 11
79 8 14
79 32 16
79 74 1
79 54 13
79 25 3
79 62 7
79 45 6
79 2 12
79 41 17
79 39 2
79 19 17
79 78 13
79 69 9
79 75 15
79 71 6
79 46 9
79 55 16
79 65 15
79 43 3
79 14 2
79 52 6
79 4 8
79 68 6
79 50 17
80 74 4
80 67 2
80 42 2
80 24 12
80 68 9
80 59 6
80 18 18
80 1 5
80 65 0
80 8 12
80 39 12
80 56 8
80 61 18
80 71 5
80 21 2
80 0 8
80 3 18
80 45 0
80 60 4
80 17 4
80 76 1
80 58 17
80 33 6
80 30 0
80 12 5
80 15 5
80 47 6
80 23 18
80 2 6
80 20 16
80 55 13
80 9 17
80 77 3
80 5 5
80 7 14
80 4 4
80 27 11
80 72 11
80 37 12
80 70 16
80 69 5
80 31 15
80 40 2
80 79 6
80 22 2
80 46 10
80 13 15
80 35 6
80 48 13
80 14 12
80 52 9
80 41 3
80 54 15
80 49 3
81 72 13
81 1 7
81 9 14
81 52 10
81 11 8
81 54 12
81 80 5
81 63 9
81 12 6
81 76 9
81 5 11
81 0 1
81 25 14
81 67 9
81 40 3
81 10 11
81 36 10
81 69 3
81 75 17
81 45 4
81 15 12
81 41 6
81 39 17
81 55 18
81 24 10
81 77 5
81 48 12
81 34 10
81 51 14
81 35 5
81 16 16
81 49 1
81 8 13
81 78 4
81 14 2
81 58 4
81 50 13
81 30 0
81 2 7
81 32 11
81 73 5
81 7 8
81 64 3
81 65 5
81 28 16
81 60 1
81 47 15
81 33 0
81 43 4
81 68 10
81 46 12
81 23 16
81 27 17
81 18 7
81 22 0
81 59 3
81 20 14
81 4 3
81 3 3
81 70 4
81 31 13
81 44 12
81 79 3
81 53 9
