92
4614
true
0 43 17
0 65 12
0 26 16
0 52 3
0 81 14
0 53 6
0 13 13
0 17 11
0 80 16
0 60 3
0 18 6
0 63 15
0 77 0
0 70 17
0 69 11
0 2 16
0 61 1
0 50 9
0 66 9
0 24 15
0 35 9
0 85 6
0 19 10
0 62 10
0 56 13
0 91 10
0 11 8
0 45 15
0 42 7
0 82 7
0 49 4
0 7 16
0 28 12
0 8 17
0 54 3
0 6 18
0 87 4
0 14 10
0 36 2
0 67 13
0 10 1
0 25 4
0 15 1
0 29 1
0 9 3
0 33 2
0 12 8
0 71 16
0 74 7
0 78 5
0 89 5
0 31 2
0 76 12
0 21 18
0 57 17
0 51 2
0 84 15
0 47 1
0 23 3
0 64 14
0 16 0
0 44 6
0 1 2
0 38 1
1 67 17
1 69 18
1 54 7
1 59 0
1 46 5
1 78 13
1 19 3
1 44 8
1 55 2
1 20 9
1 34 7
1 79 0
1 90 15
1 2 6
1 41 17
1 0 1
1 11 12
1 25 1
1 76 1
1 63 8
1 65 11
1 7 3
1 50 16
1 17 0
1 24 11
1 64 3
1 26 9
1 74 16
1 18 12
1 45 13
1 72 16
1 6 1
1 39 3
1 82 9
1 23 7
1 80 4
1 9 5
1 33 16
1 35 13
1 66 16
1 56 6
1 28 16
1 60 18
1 27 12
1 29 14
1 87 18
1 89 8
1 53 2
1 52 12
1 3 7
1 15 14
1 5 5
1 86 12
1 85 10
1 88 6
1 47 18
1 30 14
1 83 12
1 70 17
1 71 8
1 51 9
1 10 7
1 58 7
1 84 14
1 75 11
2 4 15
2 23 16
2 16 4
2 79 7
2 31 16
2 36 1
2 78 7
2 84 8
2 0 15
2 18 17
2 68 9
2 50 3
2 90 15
2 85 3
2 28 13
2 76 13
2 86 16
2 33 4
2 1 18
2 5 17
2 32 15
2 53 6
2 66 6
2 12 14
2 39 16
2 74 18
2 27 16
2 55 10
2 45 8
2 89 11
2 64 15
2 75 11
2 73 1
2 19 0
2 14 15
2 6 7
2 41 17
2 11 15
2 42 0
2 51 3
2 52 7
2 29 15
2 88 5
2 61 7
2 72 11
2 71 6
2 48 13
2 21 10
2 20 13
2 37 7
2 69 5
2 56 10
2 35 16
2 46 7
2 57 10
2 58 0
2 63 5
2 80 5
2 3 6
2 25 13
2 7 5
2 91 17
2 47 7
2 82 13
2 22 15
2 83 0
2 30 14
2 34 14
2 9 14
2 49 12
2 13 13
2 54 15
2 81 11
2 67 8
3 79 0
3 42 5
3 57 12
3 80 13
3 43 7
3 35 13
3 21 0
3 58 8
3 12 16
3 82 7
3 41 13
3 23 4
3 25 15
3 26 5
3 73 3
3 5 0
3 78 7
3 63 18
3 54 10
3 49 0
3 87 3
3 76 15
3 56 16
3 70 10
3 68 1
3 52 11
3 37 8
3 65 10
3 62 15
3 67 3
3 77 1
3 85 8
3 75 5
3 60 13
3 10 15
3 36 8
3 48 4
3 6 18
3 47 4
3 91 6
3 50 17
3 90 3
3 55 15
3 61 18
3 53 11
3 14 9
3 81 14
3 88 12
3 19 3
3 46 8
3 38 4
3 20 13
3 34 0
3 18 4
3 27 5
3 32 4
3 71 10
3 8 11
3 44 17
3 72 4
3 74 6
3 69 11
3 16 7
3 17 8
3 59 14
3 22 6
3 11 5
3 0 15
3 9 7
3 28 8
3 2 11
3 30 16
3 40 1
3 7 4
3 24 6
3 66 9
3 89 1
4 74 10
4 34 12
4 91 16
4 17 0
4 22 16
4 61 11
4 76 6
4 29 1
4 87 11
4 16 4
4 77 16
4 14 5
4 38 8
4 59 1
4 0 4
4 86 17
4 41 0
4 7 11
4 56 14
4 5 16
4 73 12
4 48 13
4 83 13
4 21 11
4 2 12
4 62 11
4 19 7
4 71 1
4 15 13
4 55 0
4 40 16
4 32 14
5 56 17
5 91 18
5 64 0
5 74 13
5 87 5
5 38 17
5 19 8
5 72 15
5 42 13
5 80 12
5 45 15
5 43 9
5 88 14
5 29 3
5 18 8
5 13 7
5 32 10
5 49 1
5 57 5
5 47 12
5 9 18
5 55 15
5 22 14
5 7 2
5 36 8
5 59 18
5 15 7
5 83 14
5 3 5
5 17 13
5 85 7
5 84 8
5 89 2
5 26 9
5 37 7
5 78 4
5 27 9
5 81 1
5 70 15
5 73 15
5 33 7
5 69 14
5 52 7
5 6 0
5 12 8
5 54 4
5 31 5
5 65 4
5 51 14
5 50 8
5 30 14
5 24 12
5 40 16
5 75 4
5 21 16
5 90 2
5 34 0
5 71 11
5 61 11
5 14 2
5 53 8
5 44 12
5 0 0
5 58 2
5 48 14
5 8 17
5 35 10
5 20 2
5 60 3
5 25 0
5 82 14
5 76 11
5 16 15
5 1 16
6 66 14
6 17 11
6 3 5
6 63 16
6 50 10
6 23 6
6 21 0
6 80 0
6 31 7
6 69 8
6 15 9
6 36 2
6 32 11
6 39 0
6 42 14
6 9 12
6 8 16
6 51 5
6 67 12
6 54 5
6 77 12
6 73 14
6 22 2
6 10 11
6 57 7
6 41 5
6 38 0
6 65 18
6 48 11
6 68 3
6 33 14
6 12 14
6 13 4
6 25 1
6 62 10
6 85 2
6 59 13
6 79 3
6 24 7
6 52 15
6 61 1
6 46 18
6 84 11
6 70 4
6 53 10
6 43 15
6 7 11
6 19 15
6 60 13
6 86 13
6 14 2
6 56 9
6 71 15
6 20 4
6 64 16
6 76 5
6 91 6
6 83 0
6 55 8
6 49 3
6 16 1
6 58 9
6 0 15
6 26 0
6 1 10
6 72 3
6 18 10
6 28 14
6 89 5
6 2 10
6 11 5
6 82 6
6 90 17
6 87 6
6 74 9
6 29 12
6 27 18
6 75 18
6 30 15
6 88 1
6 5 8
6 4 17
6 35 8
6 34 4
6 78 3
6 40 11
6 47 12
7 51 6
7 4 1
7 19 1
7 5 2
7 89 5
7 80 4
7 26 4
7 34 10
7 56 14
7 48 0
7 30 13
7 90 17
7 3 17
7 40 15
7 20 2
7 57 10
7 41 15
7 0 18
7 46 17
7 45 10
7 54 8
7 87 1
7 71 0
7 27 10
7 75 8
7 11 18
7 52 11
7 77 5
7 86 9
7 1 11
7 60 7
7 29 9
7 81 16
7 84 6
7 82 7
7 49 8
7 33 13
7 61 12
7 24 10
7 79 18
7 53 4
7 65 4
7 31 2
7 39 18
7 72 17
7 55 15
7 50 18
7 64 12
7 62 17
7 67 1
7 9 2
7 12 16
7 37 18
7 10 7
7 91 13
7 22 3
7 32 6
7 83 3
7 47 13
7 38 13
7 28 0
7 18 1
7 58 18
7 42 4
7 59 6
7 85 7
7 13 8
7 35 15
7 36 11
7 66 2
7 17 15
7 14 11
7 70 0
7 63 16
7 6 18
7 21 3
7 25 0
7 16 9
7 68 14
7 8 4
7 2 16
7 23 7
7 78 11
7 69 9
7 76 6
7 44 0
7 43 3
7 73 4
7 74 11
8 39 5
8 13 10
8 79 14
8 59 4
8 25 0
8 0 17
8 21 13
8 19 7
8 74 16
8 76 9
8 41 9
8 72 0
8 51 13
8 9 10
8 70 16
8 6 16
8 63 10
8 28 9
8 61 15
8 52 18
8 75 6
8 60 9
8 1 7
8 78 14
8 84 1
8 26 8
8 66 2
8 68 14
8 42 9
8 10 13
8 30 0
8 55 18
8 54 2
8 4 16
8 71 7
8 86 17
8 56 10
8 81 11
8 44 5
8 2 4
8 22 15
8 82 14
8 15 5
8 11 18
8 24 11
8 57 18
8 14 3
9 78 12
9 77 16
9 43 3
9 51 4
9 68 5
9 42 12
9 75 2
9 81 16
9 39 13
9 14 14
9 74 13
9 80 9
9 69 18
9 87 4
9 59 0
9 41 12
9 31 2
9 63 14
9 36 13
9 66 7
9 57 2
9 48 13
9 27 0
9 49 17
9 54 0
9 60 11
9 37 4
9 0 13
9 56 6
9 65 2
9 6 13
9 40 0
9 19 10
10 35 8
10 15 3
10 61 14
10 46 7
10 64 12
10 48 16
10 6 6
10 69 0
10 5 7
10 32 13
10 25 6
10 51 12
10 78 3
10 83 6
10 34 1
10 12 17
10 67 10
10 71 11
10 38 16
10 18 9
10 50 8
10 54 13
10 49 10
10 1 18
10 31 11
10 88 9
10 42 9
10 74 5
10 56 16
10 29 14
10 24 10
10 41 8
10 28 1
10 85 14
10 45 9
10 86 13
10 84 2
10 91 6
10 43 12
10 36 12
10 8 9
10 77 3
10 89 2
10 59 12
10 4 5
10 16 13
10 82 6
10 62 17
10 53 4
10 23 5
10 22 10
10 63 6
10 9 16
10 70 8
11 35 6
11 39 14
11 66 4
11 3 11
11 37 2
11 33 7
11 18 5
11 28 6
11 22 17
11 79 9
11 91 11
11 16 1
11 72 2
11 40 11
11 23 11
11 49 1
11 53 2
11 0 13
11 68 7
11 19 1
11 87 15
11 88 0
11 41 7
11 45 10
11 7 18
11 78 16
11 62 15
11 38 0
11 32 12
11 81 1
11 9 10
11 73 11
11 6 16
11 57 15
11 59 3
11 65 11
11 2 13
11 44 8
11 70 1
11 8 8
11 63 7
11 56 3
11 85 1
11 90 12
11 89 14
11 34 7
11 12 2
11 67 10
11 24 8
12 57 16
12 13 11
12 53 1
12 28 15
12 63 8
12 39 13
12 23 5
12 16 6
12 10 3
12 34 7
12 85 0
12 91 5
12 65 10
12 90 11
12 15 1
12 64 9
12 55 17
12 72 14
12 4 13
12 0 6
12 81 18
12 45 1
12 43 13
12 60 8
12 3 6
12 6 14
12 41 17
12 19 14
12 89 1
12 88 13
12 14 10
12 40 14
12 35 0
12 1 7
12 68 15
12 59 11
12 86 10
12 27 9
12 82 17
12 48 14
12 80 18
12 46 11
12 84 12
12 38 6
12 78 0
12 47 0
12 44 1
12 76 1
12 31 2
12 25 17
12 71 7
12 20 14
12 33 1
12 79 18
12 32 0
12 83 3
12 30 1
12 58 8
12 51 6
12 62 14
12 42 18
12 24 4
12 50 6
12 37 10
12 7 7
12 8 13
12 87 4
12 36 18
12 29 5
12 11 1
12 77 2
12 18 2
12 2 3
12 5 18
12 9 12
12 49 8
12 75 4
12 17 18
13 68 4
13 39 11
13 8 7
13 53 7
13 9 14
13 57 6
13 89 12
13 42 13
13 33 18
13 67 14
13 59 5
13 15 12
13 87 10
13 29 6
13 18 17
13 4 10
13 58 7
13 26 1
13 34 7
13 5 15
13 11 14
13 36 14
13 55 12
13 25 1
13 14 4
13 80 18
13 12 2
13 30 4
13 84 0
13 35 13
13 37 14
13 74 14
13 63 12
13 71 6
13 20 10
13 83 1
13 50 13
13 3 9
13 64 3
13 22 6
13 78 14
13 24 0
13 0 16
13 88 4
13 85 18
13 32 3
13 40 14
13 65 4
13 31 12
13 6 6
13 54 14
13 45 15
13 38 1
13 1 7
13 46 1
13 19 9
13 62 10
13 56 4
13 43 0
13 75 14
13 44 18
13 21 5
13 41 7
13 69 16
13 60 4
13 66 10
14 73 12
14 47 7
14 0 6
14 33 4
14 11 12
14 76 3
14 60 5
14 31 11
14 41 6
14 87 7
14 79 10
14 48 1
14 69 5
14 84 5
14 13 6
14 45 10
14 20 8
14 77 17
14 28 14
14 78 14
14 51 4
14 35 13
14 30 17
14 46 16
14 71 8
14 89 3
14 90 6
14 37 3
14 88 4
14 50 7
14 2 1
14 26 13
14 18 12
14 68 11
14 1 7
14 34 3
14 24 1
14 56 14
14 3 16
14 82 0
14 67 12
14 15 3
14 42 9
14 75 17
14 74 18
14 22 0
14 70 4
14 8 17
14 38 6
14 21 17
14 12 10
14 52 18
14 54 8
14 16 0
15 8 1
15 46 3
15 32 7
15 41 9
15 14 5
15 64 14
15 56 6
15 91 10
15 76 1
15 63 18
15 3 11
15 45 0
15 34 17
15 69 6
15 72 10
15 27 11
15 74 17
15 25 17
15 59 8
15 88 15
15 49 9
15 79 10
15 67 2
15 40 18
15 37 14
15 65 5
15 1 10
15 85 10
15 54 2
15 17 16
15 19 4
15 0 12
15 26 17
15 10 4
15 47 1
15 7 5
15 18 12
15 71 2
15 57 2
15 42 9
15 28 12
15 66 4
15 50 6
15 53 16
15 75 6
15 33 4
15 80 5
15 70 14
15 84 14
15 29 6
15 38 7
15 21 2
15 11 13
15 23 7
15 35 15
15 4 10
15 78 7
15 55 12
15 89 8
15 43 10
15 73 3
15 36 5
15 5 13
15 44 14
15 31 11
15 9 3
15 22 15
15 83 4
16 21 6
16 80 16
16 15 12
16 90 2
16 5 3
16 3 6
16 56 17
16 29 2
16 28 15
16 49 6
16 45 4
16 53 18
16 35 8
16 6 5
16 30 9
16 23 6
16 66 2
16 44 8
16 76 0
16 39 5
16 12 15
16 68 12
16 55 4
16 59 17
16 8 13
16 46 6
16 81 6
16 64 12
16 4 16
16 65 16
16 89 5
16 41 4
16 40 4
16 52 0
16 54 16
16 34 17
16 50 3
16 72 15
16 9 6
16 82 7
16 74 5
16 88 0
16 62 1
16 48 3
16 43 8
16 17 5
16 27 4
16 77 17
16 31 16
16 69 14
16 2 13
16 0 4
16 83 2
16 51 2
16 36 5
16 1 10
16 75 7
16 7 13
16 18 12
16 58 17
16 42 4
16 86 17
16 73 14
16 25 14
16 57 13
16 10 17
16 37 12
16 38 13
16 63 4
16 79 16
16 61 11
16 26 5
16 84 18
16 70 3
16 19 6
16 13 11
16 32 17
16 87 14
16 11 8
16 20 18
16 78 0
16 22 12
16 67 4
17 65 16
17 39 15
17 74 1
17 12 12
17 33 8
17 82 4
17 83 15
17 8 17
17 21 15
17 28 18
17 47 7
17 9 8
17 80 13
17 45 10
17 88 17
17 91 3
17 41 12
17 43 7
17 55 14
17 53 13
17 22 8
17 35 16
17 25 3
17 32 10
17 72 16
17 84 15
17 16 4
17 38 9
17 15 4
17 56 1
17 1 1
17 86 9
17 71 13
17 6 7
17 78 14
17 75 3
17 69 10
17 27 0
17 68 10
17 14 5
17 76 13
17 18 18
17 26 6
18 46 2
18 45 0
18 38 16
18 43 17
18 66 13
18 50 15
18 28 9
18 2 5
18 35 7
18 75 7
18 64 13
18 11 4
18 12 4
18 31 8
18 8 12
18 30 10
18 82 9
18 17 4
18 89 2
18 14 0
18 32 4
18 41 7
18 86 2
18 20 5
18 48 2
18 55 7
18 9 16
18 34 4
18 60 14
18 42 15
18 72 10
18 91 18
18 68 2
18 54 10
18 39 11
18 6 1
18 5 4
18 22 9
18 61 8
18 27 3
18 37 1
18 58 10
18 25 13
18 73 7
18 16 2
18 40 14
18 71 11
18 21 3
18 44 15
18 81 0
18 36 1
18 63 4
18 57 8
18 90 15
18 59 15
18 47 0
18 87 13
18 52 16
18 80 1
18 53 3
18 1 11
18 76 12
18 88 12
18 15 12
18 49 3
18 79 8
18 29 17
18 67 4
18 56 10
18 69 0
18 3 9
19 54 18
19 73 14
19 6 8
19 7 18
19 4 17
19 40 11
19 66 10
19 65 11
19 32 14
19 39 13
19 67 4
19 18 10
19 15 14
19 20 9
19 84 8
19 50 3
19 74 8
19 76 18
19 63 7
19 48 5
19 5 11
19 79 8
19 53 2
19 52 6
19 87 4
19 22 1
19 26 15
19 25 8
19 91 6
19 71 16
19 13 17
19 60 12
19 42 17
19 68 18
19 34 8
19 12 10
19 11 7
19 80 13
19 24 7
19 83 8
19 89 3
19 38 0
19 49 12
19 90 1
19 23 15
19 31 11
19 35 9
19 61 14
19 75 3
19 14 6
19 3 6
19 88 9
19 2 6
19 10 5
19 58 11
19 47 6
19 28 12
19 64 18
19 9 9
19 62 3
19 56 12
20 78 11
20 11 3
20 85 7
20 87 17
20 74 14
20 50 7
20 86 15
20 88 5
20 18 8
20 51 18
20 8 1
20 41 15
20 84 9
20 3 0
20 79 3
20 0 12
20 81 6
20 80 2
20 4 11
20 23 1
20 17 2
20 53 2
20 58 7
20 44 13
20 48 11
20 9 2
20 39 0
20 31 8
20 36 0
20 73 1
20 45 13
20 91 18
20 90 0
20 43 2
21 20 7
21 6 2
21 50 14
21 84 4
21 89 0
21 30 12
21 32 16
21 57 0
21 70 0
21 4 2
21 72 5
21 2 16
21 52 12
21 71 0
21 51 17
21 24 14
22 63 13
22 84 9
22 46 4
22 65 6
22 85 3
22 57 4
22 42 0
22 35 18
22 64 11
22 15 6
22 33 9
22 1 1
22 83 14
22 34 8
22 31 11
22 26 10
23 88 11
23 79 6
23 14 17
23 60 5
23 9 18
23 18 0
23 40 17
23 29 3
23 91 16
23 46 16
23 73 9
23 31 15
23 66 6
23 1 12
23 63 15
23 2 14
23 67 12
23 0 14
23 82 7
23 39 8
23 72 5
23 81 1
23 32 8
23 80 11
23 28 2
23 43 17
23 53 1
23 62 6
23 5 17
23 74 14
23 48 5
23 11 11
23 33 4
23 78 11
23 57 12
23 52 10
23 58 18
23 13 16
23 49 4
23 55 13
23 24 15
23 8 8
23 41 8
23 38 10
23 37 17
23 7 5
23 71 4
23 64 9
23 42 11
23 65 9
23 68 5
23 36 1
23 6 2
23 61 13
23 4 2
23 21 16
23 35 4
23 30 6
23 75 12
23 87 13
23 50 14
23 19 11
23 3 11
23 22 16
23 25 3
23 77 10
23 69 1
23 45 17
23 10 5
23 20 4
23 34 7
23 59 11
23 15 6
24 11 11
24 33 1
24 52 7
24 0 4
24 18 7
24 29 2
24 7 13
24 20 5
24 43 7
24 19 5
24 5 12
24 3 1
24 26 3
24 10 7
24 48 5
24 35 10
24 41 0
24 73 2
24 32 15
24 50 12
24 55 1
24 77 13
24 36 8
24 34 4
24 78 3
24 88 12
24 40 1
24 83 10
24 17 3
24 9 15
24 6 6
24 45 8
24 61 12
24 81 1
25 19 17
25 69 8
25 61 17
25 53 0
25 5 7
25 46 5
25 52 13
25 58 6
25 26 10
25 66 15
25 50 11
25 86 15
25 45 9
25 56 6
25 14 10
25 29 1
25 90 1
25 27 5
25 80 18
25 59 7
25 42 12
25 32 10
25 55 12
25 40 12
25 3 18
25 39 18
25 60 0
25 15 6
25 30 11
26 47 6
26 27 4
26 65 13
26 28 4
26 1 10
26 49 7
26 76 18
26 17 2
26 21 15
26 74 13
26 79 6
26 13 9
26 85 4
26 56 4
26 18 4
26 25 2
26 87 5
26 22 13
26 38 11
26 81 11
26 45 3
26 14 8
26 0 7
26 53 4
26 48 11
26 37 2
26 34 3
27 68 11
27 42 2
27 79 3
27 9 15
27 64 12
27 81 3
27 14 18
27 2 17
27 62 17
27 56 13
27 19 17
27 6 3
27 46 11
27 8 6
27 89 15
27 40 10
27 63 0
27 26 4
27 70 6
27 22 0
27 7 2
27 1 17
27 36 14
27 11 13
27 54 12
27 71 8
27 66 2
27 58 6
27 52 17
28 53 2
28 58 4
28 59 15
28 48 3
28 21 1
28 3 2
28 5 2
28 47 5
28 18 11
28 61 0
28 57 6
28 16 17
28 86 9
28 49 15
28 64 12
28 65 15
28 68 9
28 31 15
28 23 9
28 14 18
28 26 9
28 22 17
28 9 0
28 19 18
28 60 7
28 91 1
28 56 15
28 83 14
28 12 15
28 50 14
28 79 16
28 71 7
28 75 1
28 78 3
28 1 6
28 8 15
28 33 6
28 85 13
28 44 2
28 15 0
28 80 11
28 40 17
28 7 0
28 0 7
28 25 3
28 10 9
28 41 12
28 36 7
28 70 8
28 38 18
28 39 13
28 30 15
28 74 16
28 29 12
28 27 8
28 35 9
28 69 5
28 66 7
28 55 1
28 87 13
28 37 11
28 42 3
28 62 0
28 13 3
28 72 2
28 24 1
28 11 0
28 17 13
28 6 3
28 82 8
28 32 12
28 76 9
28 34 5
28 4 5
28 43 2
28 46 4
28 2 15
28 20 10
28 88 14
28 67 4
28 52 1
28 73 17
28 63 2
28 89 2
28 54 2
28 51 9
28 84 7
28 77 10
28 81 9
28 90 17
28 45 6
29 67 15
29 64 8
29 53 12
29 10 5
29 5 14
29 44 7
29 90 0
29 19 7
29 75 2
29 63 8
29 50 6
29 58 0
29 60 14
29 83 8
29 76 12
29 81 13
29 7 9
29 78 11
29 51 0
29 1 8
29 9 5
29 37 13
29 8 1
29 49 13
29 14 7
29 34 5
29 17 16
29 62 10
29 13 0
29 57 17
29 16 13
29 52 12
29 69 6
29 47 16
29 46 16
29 89 6
29 40 18
29 88 18
29 25 11
29 71 8
29 73 0
29 23 2
29 32 2
29 56 10
29 55 6
29 85 15
29 74 7
29 28 10
29 22 0
29 41 4
29 26 0
29 35 7
29 31 11
29 61 0
29 42 5
30 74 1
30 34 15
30 72 17
30 81 10
30 90 6
30 20 6
30 85 7
30 33 18
30 2 4
30 51 17
30 80 11
30 52 1
30 82 2
30 88 17
30 40 2
30 23 8
30 11 18
30 58 18
30 22 18
30 17 8
30 47 0
30 56 4
30 9 3
30 21 10
30 73 18
30 75 1
30 83 8
30 79 10
30 64 18
30 49 3
30 67 6
30 45 1
30 19 13
30 31 10
30 6 11
30 84 15
30 63 0
30 25 3
30 1 0
30 78 2
30 13 12
30 0 0
30 28 3
30 57 13
30 70 17
30 41 4
30 61 10
30 62 5
30 60 7
30 66 0
30 77 15
30 36 0
30 87 5
30 4 15
30 54 7
30 7 13
30 43 1
30 53 0
30 59 2
30 71 0
30 3 1
30 48 15
30 50 11
30 15 6
30 76 10
30 5 16
30 38 15
30 65 10
30 68 14
30 46 2
30 42 3
30 29 16
30 86 10
30 35 6
30 89 7
30 44 6
30 32 13
30 27 16
30 69 13
30 26 17
30 24 11
30 39 9
31 36 10
31 68 10
31 71 16
31 6 0
31 82 13
31 58 0
31 11 13
31 91 17
31 30 0
31 70 14
31 86 2
31 14 5
31 0 18
31 54 8
31 27 10
31 19 6
31 55 14
31 26 9
31 79 3
31 59 8
31 45 6
31 9 12
31 8 1
31 37 6
31 29 3
31 75 7
31 53 15
31 13 16
31 38 12
31 10 4
31 17 11
31 20 15
31 61 7
31 77 10
31 15 11
31 47 9
31 81 3
31 73 18
31 24 17
31 76 14
31 87 4
31 74 14
31 5 8
31 72 14
31 25 2
31 52 14
31 35 1
31 66 3
31 43 11
31 51 0
31 50 2
31 85 14
31 40 0
31 16 4
31 41 9
31 28 8
31 48 17
31 64 3
31 44 12
31 57 0
31 34 16
31 78 2
31 83 11
31 12 6
31 88 16
31 18 15
31 33 1
31 2 2
31 46 0
31 3 18
31 21 14
31 22 11
31 60 12
31 89 13
31 42 15
31 49 3
31 67 5
31 23 16
32 12 16
32 4 4
32 17 8
32 42 16
32 9 13
32 29 14
32 77 2
32 16 7
32 34 1
32 8 16
32 24 15
32 87 3
32 21 14
32 0 7
32 10 7
33 82 10
33 78 4
33 67 5
33 87 4
33 32 0
33 50 15
33 15 13
33 18 6
33 62 18
33 74 14
33 8 3
33 91 8
33 9 0
33 3 1
34 18 16
34 62 12
34 85 14
34 20 13
34 88 9
34 91 8
34 61 10
34 79 2
34 11 1
34 22 11
34 40 5
34 16 12
34 63 14
34 12 6
34 29 0
34 30 8
34 13 2
34 8 10
34 76 16
34 48 6
34 78 16
34 49 15
34 66 16
34 57 3
34 33 8
34 15 15
34 54 13
34 65 12
34 83 11
34 44 9
34 90 1
34 25 11
34 19 18
34 67 2
34 24 14
34 69 4
34 38 18
34 77 1
34 47 18
34 55 8
34 52 4
34 6 0
34 50 17
34 37 14
34 80 6
34 3 12
34 23 16
34 2 5
34 46 8
34 71 8
34 17 13
34 7 14
34 72 8
34 5 17
34 68 13
34 36 18
34 74 6
34 1 13
34 86 17
34 43 17
34 64 6
34 87 18
34 39 9
34 10 12
34 32 5
34 35 5
34 82 10
34 59 10
34 9 9
34 53 16
34 28 5
34 60 10
34 26 4
34 84 8
34 56 15
34 73 18
34 41 5
34 27 15
35 91 14
35 44 9
35 56 9
35 55 3
35 53 17
35 18 0
35 27 18
35 71 2
35 50 8
35 11 4
35 90 15
35 31 4
35 23 16
36 16 9
36 58 4
36 60 12
36 79 1
36 62 3
36 32 12
36 21 16
36 22 11
36 81 0
36 80 18
36 47 14
36 24 16
36 50 7
36 64 13
36 90 4
36 76 5
36 27 9
36 1 9
36 74 2
36 48 0
36 14 17
36 75 15
36 91 4
36 77 3
36 71 7
36 0 16
36 55 15
36 35 4
36 89 13
36 73 1
36 63 5
36 86 9
36 84 6
36 5 7
36 4 11
36 66 2
36 20 16
36 30 1
36 8 13
36 85 9
36 25 3
36 37 17
36 26 6
36 45 14
36 57 15
36 53 16
36 19 3
36 2 6
36 78 6
36 7 9
36 43 15
36 18 11
36 23 1
36 51 7
36 44 5
36 12 13
36 33 13
36 61 16
36 87 3
36 3 1
36 67 16
36 34 8
36 46 3
37 52 7
37 10 2
37 39 2
37 63 13
37 41 6
37 36 6
37 11 6
37 56 16
37 26 4
37 65 2
37 6 10
37 61 7
37 1 18
37 84 8
37 53 17
37 20 17
37 76 4
37 44 8
37 86 3
37 18 6
37 5 14
37 28 12
37 51 10
37 30 12
37 8 13
37 90 11
37 17 9
37 59 8
37 85 7
37 40 12
37 14 6
37 21 1
37 22 13
37 54 16
37 74 11
37 55 13
37 87 15
37 66 1
37 2 4
37 88 15
37 13 5
37 45 7
37 91 17
37 7 10
37 0 6
37 60 16
37 47 18
37 89 8
37 81 11
37 69 6
37 27 9
37 32 15
37 78 0
37 29 9
37 73 8
37 50 9
37 64 7
37 15 2
37 72 0
37 46 12
37 71 15
37 25 8
37 9 0
37 23 18
37 12 5
37 68 11
37 35 18
37 62 1
37 16 5
37 75 2
37 58 9
37 67 5
37 24 12
37 77 7
37 83 2
37 70 14
37 42 5
37 49 13
37 48 3
37 3 4
37 4 17
37 19 16
37 80 6
37 38 3
37 79 5
37 82 4
37 57 5
37 34 3
37 31 6
38 61 15
38 90 0
38 84 9
38 65 4
38 77 8
38 7 11
38 51 12
38 73 4
38 21 10
38 0 6
38 4 11
38 15 3
38 53 9
38 74 3
38 58 16
38 5 11
38 91 0
38 30 6
38 22 1
38 20 6
38 67 4
38 69 4
38 79 16
38 14 8
38 25 0
38 8 16
38 19 14
38 42 13
38 17 3
38 82 9
38 49 9
38 46 1
38 16 15
38 40 4
38 83 4
38 24 0
38 56 13
38 34 0
38 11 5
38 26 2
38 62 5
38 75 15
38 33 13
38 80 9
38 70 13
38 52 10
38 59 14
38 88 10
38 81 13
38 68 17
38 31 9
38 1 15
38 9 12
38 37 12
38 36 12
38 78 7
38 41 11
38 63 0
38 71 16
38 85 16
38 3 10
38 87 15
38 44 1
38 6 17
38 12 1
38 76 16
38 13 4
38 66 10
38 86 3
38 43 3
38 28 8
38 50 11
38 64 16
38 60 5
38 72 10
38 10 15
38 29 7
38 27 8
38 32 12
38 2 10
38 55 3
39 91 18
39 14 6
39 83 4
39 33 13
39 58 15
39 1 11
39 59 17
39 64 13
39 8 8
39 78 14
39 60 6
39 48 15
39 87 13
39 7 18
39 54 14
39 37 7
39 2 0
39 73 18
39 68 10
39 52 12
39 67 4
39 79 18
39 62 12
39 3 9
39 57 4
39 34 9
39 72 9
39 75 1
39 10 13
39 36 5
39 20 18
39 22 11
39 51 17
39 55 7
39 16 6
39 15 11
39 31 4
39 70 17
39 45 10
39 50 2
39 61 12
39 88 1
39 32 17
39 4 17
39 90 18
39 81 17
39 23 6
39 29 11
39 74 2
39 42 2
39 56 3
39 13 7
39 84 0
39 76 17
39 35 11
39 53 1
39 5 10
39 65 11
39 44 9
39 69 15
39 12 18
39 63 2
39 30 16
39 17 18
39 11 0
39 19 0
39 6 16
39 0 15
39 38 14
39 71 12
39 25 18
39 40 14
39 89 7
39 77 2
39 26 1
39 66 4
39 49 8
39 85 3
39 9 16
39 21 0
39 82 15
39 24 18
39 28 15
39 27 17
39 80 15
39 47 8
39 41 16
39 18 16
39 86 9
40 58 2
40 42 14
40 60 0
40 32 6
40 20 0
40 15 7
40 65 6
40 7 7
40 72 11
40 9 9
40 53 1
40 77 13
40 14 18
40 0 11
40 25 2
40 63 17
40 1 4
40 91 14
40 43 9
41 46 6
41 83 8
41 2 11
41 87 4
41 78 18
41 0 10
41 44 17
41 20 0
41 18 3
41 31 10
41 66 14
41 86 17
41 79 11
41 56 1
41 38 16
41 22 15
41 72 17
41 45 18
41 69 6
41 6 13
41 52 0
41 7 17
41 76 16
41 61 17
41 73 14
41 39 13
41 81 17
41 80 3
41 65 9
41 28 17
41 37 15
41 48 14
42 34 11
42 15 6
42 4 8
42 24 10
42 58 14
42 64 4
42 61 17
42 66 1
42 11 6
42 37 5
42 23 9
42 19 15
42 81 10
42 89 15
42 51 6
42 79 14
42 63 18
42 6 5
42 0 8
42 68 8
42 73 15
42 22 14
42 84 1
42 28 4
42 31 3
42 26 16
42 12 9
42 35 9
42 69 2
42 88 10
42 85 16
42 75 15
42 59 2
42 53 9
43 7 2
43 55 5
44 60 6
44 72 9
44 43 15
44 54 8
44 23 10
44 34 4
44 10 14
44 13 13
44 89 6
44 3 13
44 58 15
44 18 5
44 19 14
44 59 11
44 73 11
44 4 17
44 8 16
44 31 16
44 81 17
44 52 9
44 42 4
44 16 11
44 64 15
44 86 1
44 25 3
44 9 18
44 24 0
44 70 0
44 7 8
44 32 1
44 15 17
44 82 11
44 1 16
44 91 3
44 17 4
44 30 12
44 74 9
44 90 18
44 83 7
44 78 7
44 6 12
44 47 7
44 33 1
44 46 18
44 57 4
44 40 14
44 87 3
44 14 12
44 29 9
44 62 6
44 27 13
44 68 7
44 45 3
44 38 11
44 21 4
44 28 16
44 77 5
44 35 1
44 12 3
44 49 7
44 22 15
44 37 7
44 53 4
44 55 4
44 56 9
44 84 8
44 66 1
44 71 12
45 82 14
45 67 4
45 11 17
45 27 6
45 77 9
45 28 12
45 57 18
45 74 15
45 34 12
45 33 5
45 58 8
45 8 18
45 53 16
45 69 7
45 47 14
45 21 4
45 0 10
45 75 0
45 78 0
45 30 6
45 50 17
45 32 16
45 51 7
45 84 13
45 31 13
45 64 2
45 1 11
45 14 16
45 88 2
45 52 3
45 72 13
45 20 8
45 24 6
45 26 7
45 81 13
45 43 8
45 61 5
45 3 15
45 39 14
45 48 15
45 91 11
45 56 1
45 71 3
45 5 1
45 37 7
46 69 14
46 44 5
46 4 18
46 48 3
46 2 8
46 40 11
46 21 16
46 50 15
46 78 10
46 62 9
46 86 3
46 57 9
46 28 3
46 47 6
46 26 0
46 49 13
46 18 15
46 67 17
46 91 6
46 33 15
46 25 18
46 73 7
46 55 15
46 19 5
46 64 15
46 22 10
46 0 12
46 35 4
46 12 4
46 41 0
46 32 2
46 59 14
46 31 15
46 74 15
46 8 6
46 39 3
46 52 10
46 84 3
46 29 4
46 56 6
46 53 10
46 85 11
47 71 0
47 74 9
47 39 1
47 20 17
47 23 13
47 61 3
47 31 16
47 18 6
47 29 0
47 67 2
47 21 0
47 17 1
47 26 12
47 87 17
47 50 17
47 25 15
47 59 3
47 82 17
47 86 0
47 52 9
47 69 16
47 77 16
47 2 14
47 81 15
47 88 5
47 65 17
47 63 3
47 60 14
47 15 11
47 70 3
47 41 11
47 72 0
47 27 5
47 54 7
47 16 8
47 7 0
47 6 17
47 36 2
47 79 3
47 1 6
47 84 9
47 64 12
48 71 5
48 83 11
48 18 2
48 46 11
48 27 5
48 91 13
48 88 17
48 70 2
48 12 6
48 62 0
48 61 1
48 58 9
48 30 2
48 3 15
48 64 18
48 7 10
48 84 7
48 11 1
48 8 8
48 21 5
48 22 10
48 39 14
48 44 6
48 36 2
48 16 2
48 81 1
48 9 18
48 86 0
48 5 12
48 20 6
49 22 15
49 84 2
49 86 15
49 28 13
49 75 11
49 21 13
49 59 11
49 8 15
49 12 10
49 74 0
49 40 15
49 19 17
49 60 8
49 29 8
49 51 12
49 71 9
49 89 2
49 36 8
49 7 0
49 4 3
49 11 6
49 23 7
49 77 11
49 41 10
49 48 15
49 25 18
49 30 10
49 85 13
49 2 0
49 9 2
49 24 5
49 14 17
49 44 11
49 63 17
49 27 16
49 62 14
49 82 8
49 13 0
49 17 0
49 78 11
50 59 10
50 2 16
50 29 1
50 38 10
50 39 10
50 53 11
50 49 13
50 42 9
50 23 3
50 24 5
50 34 9
50 48 12
50 9 16
50 54 0
50 55 15
50 82 13
50 52 18
50 68 15
50 73 15
50 56 0
50 43 4
50 81 16
50 69 17
50 60 1
50 89 12
50 72 12
50 44 12
50 67 0
50 85 0
50 32 4
50 3 15
50 35 11
50 76 12
50 74 13
50 5 13
50 79 16
50 58 8
50 31 14
50 10 3
50 51 1
50 70 1
50 16 17
50 84 14
50 12 6
50 21 17
50 90 1
50 1 13
50 13 8
50 86 13
50 33 5
50 80 0
50 6 0
50 47 2
50 41 11
50 7 8
50 91 17
50 28 6
50 15 12
50 19 5
50 46 4
51 61 8
51 67 3
51 27 16
51 7 2
51 77 6
51 66 17
51 80 11
51 31 12
51 22 16
51 63 3
51 62 18
51 19 16
51 29 1
51 32 9
51 54 0
51 21 0
51 90 1
51 86 0
51 44 3
51 42 5
51 5 4
51 35 2
51 3 11
51 57 3
51 53 6
51 23 1
51 71 0
51 40 5
51 26 9
51 16 7
51 83 8
51 12 14
52 14 15
52 45 15
52 10 17
52 58 18
52 30 0
52 61 18
52 4 9
52 47 8
52 73 4
52 18 12
52 22 18
52 83 3
52 57 17
52 64 5
52 25 7
52 38 15
52 1 13
52 0 5
52 17 17
52 70 0
52 75 17
52 36 11
52 78 14
52 60 1
52 34 17
52 5 9
52 41 2
52 29 9
52 39 3
52 79 0
52 3 4
52 91 7
52 82 12
52 43 15
52 8 6
52 50 2
52 90 12
52 7 16
52 12 1
52 32 11
52 9 13
53 19 6
53 9 18
53 13 17
53 6 2
53 90 1
53 86 17
53 11 6
53 55 5
53 22 1
53 43 16
53 72 11
53 8 4
53 63 5
53 91 16
53 84 18
53 77 3
53 45 7
53 83 6
53 89 6
53 62 9
53 16 5
53 61 18
53 30 8
53 21 14
53 49 13
53 60 9
53 29 0
53 71 17
53 56 15
53 70 5
53 42 8
53 47 0
53 80 8
53 65 8
53 0 3
53 58 8
53 33 0
53 88 6
53 76 10
53 59 14
53 15 7
53 78 11
53 39 6
53 81 9
53 24 4
53 7 2
53 38 9
53 2 2
53 85 10
53 1 3
53 79 9
53 73 6
53 3 8
53 48 12
53 27 6
53 31 5
53 64 0
53 44 5
53 57 3
53 35 4
54 13 11
54 2 7
54 49 11
54 64 18
54 79 11
54 41 11
54 68 14
54 67 2
54 45 6
54 9 13
54 55 4
54 29 16
54 21 2
54 44 18
54 11 12
54 59 6
54 80 10
54 46 11
54 33 14
54 19 3
54 12 10
54 48 8
54 16 14
54 3 10
54 66 10
54 72 18
54 90 7
54 38 0
54 40 18
54 89 10
54 81 14
54 36 10
54 15 15
54 6 14
54 26 2
54 85 17
54 34 3
54 87 14
54 22 16
54 18 7
54 58 15
54 53 10
54 43 5
54 28 14
54 31 7
54 39 18
54 32 8
54 14 4
54 24 13
54 62 9
54 5 17
54 84 10
54 4 5
54 17 8
54 25 12
54 42 11
54 88 16
54 0 18
54 86 14
54 30 18
54 52 11
54 78 11
54 7 8
54 71 5
54 1 3
54 82 7
54 73 6
54 61 6
54 35 13
54 50 6
54 51 15
54 57 15
54 77 15
54 74 8
54 23 0
54 91 11
54 37 14
54 20 13
54 8 13
54 27 16
54 56 0
54 69 16
55 85 18
55 1 6
55 90 5
55 8 18
55 17 18
55 75 11
55 33 5
55 7 18
55 47 3
55 25 17
55 10 2
55 45 13
55 30 14
55 58 5
55 60 14
55 36 9
55 9 5
55 89 4
55 66 5
55 18 4
55 80 0
55 84 0
55 12 0
55 21 5
55 56 14
55 40 17
55 82 14
55 67 6
55 79 10
55 53 2
55 38 18
55 71 1
55 74 12
55 31 8
55 69 10
55 77 18
55 65 11
55 2 15
55 88 8
55 72 18
55 42 7
55 19 13
55 0 5
55 57 4
55 27 18
55 20 2
55 5 1
55 51 4
55 4 7
55 63 13
55 13 15
55 46 7
55 86 6
55 54 11
55 50 7
55 78 3
55 81 9
55 23 10
55 59 16
55 91 9
55 64 5
55 15 14
55 35 14
55 24 14
55 26 17
55 37 2
55 73 5
55 39 10
55 76 13
55 34 0
55 70 15
55 44 9
55 16 13
55 62 0
55 83 16
55 61 0
55 87 18
55 6 1
55 29 18
55 41 2
55 68 14
55 11 14
55 28 12
55 52 13
55 3 18
56 24 0
56 89 14
56 30 12
56 57 4
56 90 18
56 35 1
56 83 5
56 88 18
56 75 2
56 41 3
56 1 13
56 6 2
56 21 0
56 16 6
56 43 11
56 22 6
56 45 6
56 61 5
56 65 16
56 58 18
56 37 15
56 36 14
56 87 18
56 27 7
56 14 15
56 64 6
56 29 15
56 86 13
56 82 4
56 0 13
56 59 4
56 38 1
56 34 3
56 26 5
56 72 3
56 63 7
56 74 8
56 31 4
56 33 18
56 53 3
56 71 12
56 70 0
56 28 3
56 15 5
56 52 17
56 69 5
56 8 9
56 5 2
56 11 16
56 48 5
56 80 2
56 60 0
56 19 15
56 20 10
56 10 9
56 40 8
56 46 3
56 50 15
56 32 12
56 76 12
56 62 2
56 13 13
56 47 2
56 18 15
56 39 10
56 7 10
56 84 17
56 44 17
56 23 15
56 9 16
56 77 15
56 79 5
56 17 11
56 54 6
56 66 7
56 73 17
56 12 16
56 91 12
56 3 9
56 55 6
56 78 10
56 25 1
56 67 7
56 4 17
56 51 9
56 42 7
56 81 1
56 68 6
56 85 3
56 49 17
57 75 5
57 82 3
57 48 0
57 76 7
57 64 5
57 43 12
57 44 11
57 28 8
57 71 6
57 50 18
57 38 3
57 31 3
57 55 10
57 73 1
57 67 5
57 5 12
57 51 11
57 29 18
57 72 11
57 6 1
57 24 18
57 23 7
57 62 7
57 88 0
57 68 3
57 86 9
57 25 12
57 18 17
57 37 2
57 16 6
57 8 3
57 4 2
57 56 8
57 54 14
57 91 12
57 59 9
57 12 14
57 74 18
57 1 13
57 81 4
57 87 17
57 15 8
57 17 6
57 27 6
57 11 0
57 46 7
57 42 6
57 61 15
57 0 15
57 53 1
57 32 8
57 19 15
57 9 9
57 41 1
57 40 0
57 80 12
57 21 18
57 22 18
57 7 5
57 70 12
57 2 6
57 90 4
57 84 9
57 65 4
57 20 9
57 3 12
57 47 2
57 78 14
57 45 15
57 10 3
57 13 3
57 69 16
57 85 0
57 30 14
57 34 2
57 66 0
57 83 6
57 60 9
57 26 0
58 88 17
58 39 8
58 24 3
58 21 18
58 62 3
58 78 7
58 75 12
58 6 10
58 69 6
58 80 6
58 74 17
58 18 0
58 28 7
58 50 10
58 81 11
58 48 18
58 57 6
58 26 17
58 9 8
58 66 6
58 70 18
58 59 2
58 29 10
58 51 14
58 32 3
58 34 8
58 35 15
58 17 8
58 53 0
58 4 11
58 52 18
58 31 15
58 11 11
58 42 5
58 7 2
58 36 9
58 55 10
58 20 10
58 25 12
58 65 6
58 56 13
58 12 15
58 14 16
58 2 6
58 46 15
58 16 13
58 77 17
58 45 3
58 3 7
58 30 13
58 64 13
58 15 9
58 47 2
58 10 12
58 76 17
58 44 3
58 40 9
58 19 7
58 60 9
58 8 1
58 84 3
58 27 0
58 86 9
58 89 15
58 79 5
58 38 1
58 85 9
58 22 8
58 54 8
58 37 5
58 43 11
58 91 16
58 71 10
58 61 10
58 5 10
58 13 6
58 68 18
58 33 11
58 41 4
58 87 0
58 72 12
58 82 9
58 1 17
58 67 10
58 63 15
58 90 8
58 83 6
58 0 10
58 73 2
58 49 6
59 32 4
59 31 13
59 18 8
59 85 14
59 65 9
59 0 12
60 88 14
60 55 14
60 15 13
60 47 5
60 28 9
60 49 8
60 69 9
60 59 6
60 52 16
60 11 17
60 35 4
60 45 4
60 61 16
60 57 16
60 40 18
60 82 10
60 73 15
60 67 3
60 63 0
60 8 9
60 87 16
60 50 8
60 22 9
60 66 10
60 23 7
60 2 12
60 10 17
60 90 18
60 79 14
60 75 9
60 27 4
60 39 5
60 51 7
60 5 0
60 54 1
60 77 2
60 31 1
60 74 15
60 9 9
60 41 8
60 58 18
60 24 14
60 26 14
60 44 3
60 91 9
60 20 9
60 64 7
60 17 0
60 86 18
60 3 2
60 78 2
60 19 2
60 65 9
60 21 1
60 30 0
60 33 5
60 81 8
60 56 15
60 6 18
60 70 18
60 85 14
60 7 10
61 62 14
61 16 9
61 56 7
61 13 15
61 68 11
61 32 0
61 78 13
61 28 17
61 39 12
61 86 3
61 55 3
61 4 1
61 84 13
61 0 2
61 26 7
61 87 3
61 20 9
61 37 14
61 35 10
61 80 11
61 23 14
61 29 8
61 1 17
61 11 11
61 10 17
61 21 17
61 54 12
61 57 9
61 38 0
61 47 11
61 69 7
61 66 6
61 79 14
61 67 9
61 19 7
61 24 7
61 51 6
61 5 2
61 71 17
61 15 8
61 33 9
61 27 12
61 52 18
61 8 12
61 14 9
61 70 5
61 60 9
61 64 3
61 91 3
61 25 14
61 30 15
61 17 2
61 85 14
61 73 11
61 45 12
61 6 14
61 50 1
61 82 12
61 7 18
61 48 0
61 88 10
61 2 1
61 36 2
61 42 16
61 90 5
61 41 16
61 3 6
61 34 2
61 59 12
61 43 14
61 89 4
61 83 8
61 65 7
62 32 5
62 50 17
62 35 6
62 18 8
62 1 6
62 27 7
62 47 18
62 24 5
62 67 12
62 23 11
62 51 15
62 25 4
62 60 17
62 76 18
62 53 16
62 20 5
62 75 17
62 82 17
62 71 9
62 88 8
62 33 14
62 66 5
62 90 7
62 26 3
62 31 5
62 2 15
62 68 9
62 65 3
62 34 11
62 42 15
62 46 16
62 57 16
62 7 11
62 38 10
62 4 4
62 41 14
62 40 2
62 14 1
62 49 13
62 87 7
62 5 11
62 56 5
62 78 5
62 77 13
62 16 9
62 3 1
62 15 16
62 28 1
62 0 10
62 54 0
62 64 8
62 21 1
63 87 7
63 14 6
63 40 1
63 20 2
63 35 15
63 56 6
63 1 1
63 72 8
63 8 3
63 70 7
63 89 14
63 81 5
63 17 7
63 83 17
63 67 2
63 31 6
63 82 1
63 68 10
63 9 8
63 61 7
63 53 8
63 29 17
63 28 7
63 34 11
63 38 18
63 12 11
63 44 5
63 48 13
63 71 17
63 5 13
63 51 8
63 16 8
63 86 18
63 42 1
63 37 11
63 22 16
64 48 15
64 43 14
64 34 10
64 30 0
64 42 3
64 65 14
64 26 3
64 37 0
64 51 12
64 60 2
64 2 3
64 62 0
64 39 5
64 63 14
64 41 7
64 81 16
64 17 0
64 11 16
64 24 9
64 78 0
64 68 10
64 69 5
64 32 1
64 87 9
64 33 7
64 38 5
64 14 10
64 70 9
64 66 5
64 6 17
64 12 2
64 1 9
64 89 11
64 16 10
64 13 5
64 10 8
64 84 0
64 59 1
64 9 15
64 31 16
64 71 12
64 35 8
64 54 1
64 15 6
64 72 14
64 77 9
64 40 18
64 19 0
64 52 7
64 3 11
64 23 1
64 0 13
64 80 0
64 29 15
64 88 16
64 46 16
64 58 11
64 44 6
64 25 7
64 53 15
64 50 2
64 85 11
64 36 13
64 82 8
65 77 17
65 76 13
65 73 16
65 57 3
65 5 10
65 49 15
65 74 4
65 46 2
65 11 11
65 81 2
65 27 16
65 91 6
65 41 15
65 29 15
65 62 7
65 23 16
65 60 15
65 45 14
65 58 10
65 16 0
65 67 2
65 75 7
65 39 8
65 1 11
65 40 7
65 66 17
65 85 7
65 72 2
65 71 5
65 20 8
65 90 11
65 80 3
65 78 12
65 86 2
65 2 16
65 14 2
65 64 9
65 31 13
65 43 18
65 24 12
65 44 1
65 10 11
65 13 10
65 26 13
65 12 18
65 48 9
65 61 10
65 3 12
65 35 8
65 63 12
65 55 15
65 28 7
65 34 12
65 50 10
65 4 2
65 18 15
65 56 18
65 9 4
65 36 15
65 89 2
65 51 2
65 70 7
66 81 8
66 54 10
66 57 14
66 75 0
66 35 6
66 77 11
66 20 9
66 90 13
66 21 5
66 34 3
66 88 2
66 7 15
66 23 2
66 87 0
66 64 17
66 18 17
66 25 8
67 33 9
67 22 16
67 86 13
67 35 17
67 90 14
67 76 2
67 38 10
67 16 2
67 87 9
67 88 6
67 9 16
67 91 10
67 51 2
67 46 15
67 55 18
67 14 0
67 40 11
67 31 17
67 84 7
67 12 11
67 85 13
67 78 8
67 59 11
67 69 8
67 47 5
67 73 5
67 75 9
67 2 18
67 66 6
67 41 8
67 79 12
67 50 11
67 13 14
67 15 7
67 29 12
67 28 16
67 18 0
67 64 17
67 62 1
67 0 16
67 63 7
67 52 5
67 82 9
67 43 6
67 77 0
67 72 6
67 17 18
67 3 17
67 54 14
67 36 12
67 74 4
67 26 13
67 61 18
67 25 12
67 60 4
67 56 14
67 68 15
67 5 9
67 23 3
67 20 15
67 37 0
67 48 12
67 27 5
67 11 8
67 39 6
67 42 16
67 49 12
67 4 6
67 80 9
67 71 8
67 70 4
67 1 3
67 19 7
67 8 13
67 53 1
67 34 8
67 65 14
67 24 6
67 45 10
67 10 15
67 89 5
68 58 4
68 11 4
68 5 5
68 81 2
68 88 7
68 67 12
68 90 8
68 13 4
68 48 17
68 6 9
68 25 17
68 73 3
68 38 18
68 37 16
68 45 7
68 53 8
68 20 8
68 22 12
68 71 0
68 50 11
68 18 11
68 17 8
68 43 16
68 75 2
68 89 9
68 10 5
68 62 10
68 41 9
68 27 16
68 51 0
68 91 9
68 60 14
68 86 11
69 43 4
69 67 11
69 3 16
69 27 3
69 34 14
69 46 14
69 8 4
69 2 8
69 26 6
69 63 4
69 77 1
69 87 1
69 52 14
69 88 0
69 70 14
69 38 8
69 54 4
69 25 17
69 31 17
69 36 18
69 59 7
69 78 0
69 62 12
69 83 14
69 16 13
69 82 17
69 9 11
69 12 10
69 19 6
69 64 0
69 20 6
69 40 6
70 90 14
70 24 9
70 75 15
70 30 17
70 67 12
70 64 12
70 21 5
70 51 6
70 49 14
70 50 4
70 7 17
70 77 17
70 26 9
70 3 0
70 76 16
70 79 3
70 4 5
70 56 5
70 83 8
70 41 14
70 40 13
70 42 13
70 45 4
70 15 18
70 54 1
70 34 14
70 80 10
70 33 13
70 39 14
70 73 11
70 91 8
70 74 1
70 46 16
70 23 0
70 20 1
70 44 1
70 65 15
70 68 5
70 55 9
70 37 11
70 27 6
70 53 15
70 86 16
70 62 14
70 36 3
70 43 3
71 56 3
71 28 12
71 21 5
71 63 13
71 67 10
71 78 1
71 25 4
71 20 12
71 66 7
71 90 3
71 6 10
71 49 2
71 12 10
71 43 9
71 86 17
71 87 3
71 69 17
71 60 8
71 22 10
71 9 16
71 59 7
71 85 4
71 52 8
71 3 2
71 61 17
71 51 7
71 0 6
71 70 15
71 5 5
71 42 15
71 34 18
71 84 16
71 72 14
71 35 10
71 4 8
71 32 13
71 54 11
71 46 16
71 44 9
71 40 4
71 11 10
71 89 3
71 37 11
71 77 14
71 82 13
71 14 11
71 55 3
71 13 3
71 23 10
72 65 6
72 39 14
72 75 16
72 21 16
72 71 1
72 20 8
72 26 13
72 91 1
72 80 4
72 69 1
72 67 4
72 27 14
72 44 5
72 52 11
72 35 10
72 64 2
72 54 18
72 11 12
72 81 5
72 28 9
72 16 13
72 85 1
72 10 13
72 73 3
72 45 10
72 88 8
72 6 13
72 55 17
72 38 17
72 40 2
72 76 12
72 24 13
72 9 3
72 32 12
73 17 18
73 19 4
73 4 18
73 35 15
73 34 16
73 45 3
73 6 16
73 3 8
73 12 16
73 46 1
73 50 2
73 7 3
73 82 15
73 91 6
73 13 10
73 74 14
73 63 18
73 49 15
73 28 12
73 67 11
73 84 9
73 59 5
73 30 14
73 39 18
73 83 6
73 38 18
73 43 14
73 65 16
73 64 0
73 52 5
73 54 16
73 9 14
73 31 9
73 36 2
73 32 11
73 89 0
73 79 18
73 85 7
73 44 3
73 75 6
73 0 14
73 5 3
73 53 11
73 80 15
73 58 14
73 27 15
73 29 1
73 66 9
73 61 3
73 24 18
73 21 7
73 10 5
73 57 13
73 23 9
73 41 11
73 15 9
73 33 0
73 42 11
73 1 4
73 81 6
73 18 4
73 62 12
73 14 18
73 76 2
73 69 17
73 47 7
73 78 8
73 48 7
73 88 11
73 72 7
73 22 3
73 16 15
73 70 12
73 40 16
74 70 2
75 74 14
75 56 12
75 81 3
75 88 3
75 58 1
75 27 15
75 68 6
75 16 6
75 17 15
75 37 11
75 8 3
75 70 7
75 20 17
75 64 5
75 13 17
75 36 18
75 84 13
75 55 15
75 2 11
75 12 16
75 3 11
75 51 9
75 41 6
75 49 0
75 18 15
75 43 3
75 50 5
75 79 18
75 76 0
75 60 14
75 44 18
75 29 8
75 19 14
75 24 5
75 71 7
75 57 8
75 11 5
75 52 0
75 62 8
75 46 9
75 32 7
75 23 9
75 78 17
75 10 9
75 21 17
75 26 14
75 87 1
75 45 3
75 47 6
75 25 9
75 35 17
75 77 17
75 63 12
75 33 17
75 48 13
75 9 12
76 60 1
76 2 12
76 27 7
76 15 10
76 38 9
76 71 4
76 57 3
76 75 16
76 72 16
76 28 8
76 91 11
76 8 4
76 68 17
76 6 9
76 37 9
76 77 6
76 19 16
76 22 18
76 90 10
77 4 7
77 18 12
77 58 11
77 79 15
77 21 5
77 80 5
77 15 15
77 17 5
77 22 3
77 89 1
77 90 12
77 25 15
77 48 8
77 2 14
77 88 5
77 26 11
77 78 1
77 67 5
77 45 10
77 87 18
77 0 18
77 35 15
77 55 11
77 24 10
77 56 6
77 70 6
77 76 3
77 75 7
77 63 4
77 86 12
77 32 9
77 66 7
77 38 13
77 28 6
77 54 4
77 7 2
77 16 3
77 69 13
77 84 15
77 30 8
77 3 3
77 52 5
78 70 12
78 32 15
78 0 16
78 3 11
78 84 2
79 69 1
79 28 7
79 71 6
79 52 15
79 62 5
79 26 8
79 20 14
79 59 13
79 90 12
79 64 10
79 51 2
79 66 0
79 87 15
79 58 8
79 56 18
79 40 4
79 85 9
79 49 14
79 12 7
79 24 13
79 34 9
79 68 12
79 15 16
79 61 13
79 76 0
79 39 14
79 9 7
79 67 8
79 50 3
79 55 13
79 88 0
79 70 7
79 42 16
79 19 17
79 41 10
80 53 5
80 82 0
80 24 1
80 69 0
80 56 2
80 8 3
80 3 15
80 54 14
80 61 5
80 45 9
80 51 10
80 10 10
80 60 13
80 59 15
80 67 18
80 41 11
80 83 12
80 64 17
80 32 8
80 40 2
80 12 0
80 15 3
80 75 15
80 87 5
80 35 5
80 9 7
80 5 17
80 76 7
80 19 2
80 47 7
81 69 6
81 49 10
81 89 6
81 71 16
81 3 18
82 2 14
82 86 14
82 33 17
82 10 10
82 58 2
82 19 7
82 87 6
82 57 10
82 54 14
82 49 15
82 20 0
82 5 2
82 16 3
82 65 16
82 64 16
82 0 16
82 39 5
82 31 2
82 32 9
82 69 3
82 85 7
82 27 16
82 52 9
82 60 3
82 26 13
82 34 3
82 28 4
82 41 15
82 30 6
82 83 0
82 62 4
82 75 9
82 6 2
82 44 6
82 79 4
82 50 8
82 81 2
82 18 15
82 90 6
82 76 0
82 38 3
82 29 2
82 14 18
82 24 13
82 12 12
82 80 1
82 51 15
82 45 5
82 78 2
82 11 2
82 35 13
82 15 18
82 4 16
82 42 15
82 13 9
82 66 10
82 43 7
82 48 11
82 40 13
82 59 13
82 89 12
82 17 2
82 55 16
82 7 4
82 47 8
82 72 14
82 1 7
82 37 2
82 88 14
82 91 6
82 8 6
82 84 3
82 9 7
82 73 12
82 53 15
82 74 12
83 41 5
83 29 7
83 68 2
83 8 14
83 6 16
83 18 15
83 5 0
83 66 11
83 39 4
83 80 14
83 75 17
83 32 2
83 38 17
83 14 7
83 90 18
83 15 4
83 48 10
83 56 12
83 54 18
83 12 18
83 37 3
83 9 14
83 50 3
83 87 0
83 16 8
83 10 2
83 27 17
83 13 0
83 70 16
83 44 7
83 88 13
83 35 11
83 72 8
83 73 7
83 36 3
83 53 16
83 25 11
83 81 13
83 82 5
83 3 17
83 58 2
83 43 10
83 47 7
83 51 12
83 1 0
83 86 7
83 23 7
83 46 17
83 52 16
83 0 7
83 34 13
83 17 3
83 62 15
83 65 4
83 11 3
83 76 18
83 60 12
83 71 16
83 91 6
83 4 13
83 79 5
83 26 10
83 84 12
83 61 18
83 20 17
83 74 8
83 59 7
83 55 17
83 69 3
83 19 17
83 67 7
83 49 18
83 89 0
83 28 2
83 31 12
83 24 16
83 77 14
83 21 3
83 63 15
83 78 12
83 64 16
83 57 10
83 42 5
83 45 13
84 2 6
84 89 17
84 79 0
84 85 0
84 53 18
84 34 17
84 22 10
84 51 1
84 38 1
84 14 12
84 16 17
84 24 9
84 70 6
84 19 3
84 1 15
84 0 8
84 44 15
84 68 10
84 86 17
84 57 12
84 18 13
84 49 2
84 41 7
84 65 5
84 90 1
84 77 15
84 83 17
84 91 5
84 54 1
84 9 18
84 29 0
84 23 2
85 49 8
85 70 17
85 51 18
85 72 6
85 10 3
85 1 7
85 8 17
85 74 6
85 61 18
85 23 11
85 62 10
85 57 11
85 64 10
85 6 10
85 47 5
85 37 17
85 63 1
85 18 6
85 14 16
85 66 4
85 39 17
85 79 5
85 27 9
85 31 11
85 58 15
85 32 17
85 68 5
85 17 3
85 73 11
85 29 4
85 46 8
85 91 0
85 42 9
85 53 15
85 38 0
85 78 7
85 36 3
85 41 7
85 11 17
85 19 5
85 55 3
85 90 10
85 24 18
85 33 3
85 54 15
85 34 7
85 56 18
85 20 15
85 86 16
85 81 1
85 21 10
85 2 3
85 3 4
85 7 15
85 69 11
85 59 6
85 48 12
85 12 15
85 16 10
85 25 15
85 30 4
85 35 17
85 83 3
85 22 2
85 87 15
85 13 14
85 76 11
85 77 15
85 82 7
85 67 6
85 43 16
85 26 15
85 15 13
85 65 14
85 80 13
86 1 10
86 41 12
86 7 11
86 71 9
86 53 16
86 48 0
86 39 6
86 65 11
86 77 9
86 73 4
86 13 1
86 91 8
86 20 4
86 62 2
86 88 16
86 68 1
86 23 7
86 9 5
86 29 15
86 72 17
86 87 13
86 30 17
86 81 16
86 15 2
87 76 6
87 85 9
87 91 3
87 18 2
87 88 18
87 37 18
87 61 10
87 50 14
87 55 16
87 53 6
87 34 4
87 8 6
87 44 15
87 75 0
87 60 17
87 89 11
87 9 6
87 66 18
87 78 13
87 63 3
87 15 15
87 81 17
87 1 13
87 36 8
87 41 3
87 82 8
87 0 7
87 28 6
87 65 16
87 10 10
87 59 8
87 52 9
87 23 16
87 45 2
87 74 0
87 86 8
87 13 14
87 73 18
87 71 17
87 84 15
87 62 7
87 12 6
87 33 6
87 77 10
87 7 17
87 5 1
87 72 15
87 58 5
87 47 4
87 49 7
87 19 12
87 67 3
87 17 7
87 21 10
87 11 13
87 4 11
87 48 0
87 38 11
87 46 12
87 83 14
87 26 0
87 32 13
87 64 7
87 42 9
87 80 0
87 16 3
87 27 12
87 79 17
88 80 15
88 10 12
88 73 6
88 63 11
88 34 12
88 81 11
88 78 15
88 51 10
88 42 9
88 72 17
88 52 12
88 45 10
88 41 17
88 31 10
88 25 3
88 55 2
88 59 3
88 49 6
88 56 16
88 21 10
88 24 7
88 28 14
88 77 18
88 38 9
88 1 4
88 86 16
88 33 5
88 32 16
88 64 18
88 68 0
88 23 8
88 27 12
88 82 0
88 57 3
88 37 6
88 61 14
88 84 15
88 48 15
88 47 10
88 7 4
88 58 2
88 6 17
88 71 18
88 16 14
88 40 12
88 87 13
88 75 5
88 62 10
88 30 4
88 44 17
88 13 17
88 12 0
88 69 0
88 60 5
88 14 3
88 3 11
88 53 3
88 70 7
88 26 2
88 22 17
89 44 1
89 77 1
89 83 1
89 51 10
89 76 14
89 91 0
89 39 17
89 36 16
89 12 0
89 67 15
89 35 0
89 27 16
89 46 18
89 80 2
89 63 2
89 55 0
89 74 18
89 61 12
89 0 10
89 57 7
89 20 4
89 82 12
89 4 6
89 58 17
89 2 9
89 65 14
90 41 8
90 64 8
90 89 8
91 13 13
91 22 14
91 68 4
91 28 13
