37
80
false
0 23 -9
0 1 0
0 9 -9
1 19 9
1 20 2
1 8 1
2 8 3
2 17 5
3 17 -3
3 21 2
4 10 -9
4 2 7
5 23 6
6 11 -1
6 0 -9
7 29 6
7 35 5
7 17 7
8 32 9
8 16 8
9 7 -4
9 8 7
10 16 1
10 23 -6
11 10 2
11 7 -5
11 16 7
12 24 0
13 14 5
13 34 -5
14 27 6
15 13 4
15 11 6
15 27 -3
16 21 -9
16 3 -2
16 18 -4
17 35 -7
18 14 9
18 24 -6
18 29 -2
19 33 7
20 25 -6
21 29 9
22 3 3
22 0 -9
22 18 4
23 21 8
23 10 -3
23 4 -2
24 14 -4
24 26 -7
25 19 0
25 33 -2
25 15 1
26 9 4
26 17 -5
27 35 5
27 0 -9
27 31 -5
28 35 2
28 16 -7
28 20 4
29 1 -8
29 17 -5
29 11 2
30 8 5
30 36 4
31 8 -5
31 9 9
32 7 4
32 27 -7
32 0 -7
33 31 -7
34 29 -6
34 30 -3
35 6 3
36 6 -2
36 8 -3
36 19 1
