49
100
false
0 35 -9
0 34 0
0 43 -9
1 24 9
1 13 2
1 34 1
2 25 3
2 17 5
3 15 -3
3 20 2
4 31 -9
4 37 7
5 35 6
6 36 -1
6 34 -9
7 38 6
7 37 5
7 8 7
8 5 9
8 34 8
9 41 -4
9 19 -2
10 28 -1
11 22 -7
12 8 8
12 11 9
13 1 7
13 33 -3
14 26 -8
14 1 0
15 11 -1
15 3 -5
15 35 4
16 5 9
16 23 1
16 22 -9
17 29 -9
17 20 -4
17 47 -7
18 48 9
18 13 -6
18 0 -2
19 1 7
20 17 -6
21 6 9
22 37 3
22 0 -9
22 47 4
23 10 8
23 22 -3
23 29 -2
24 9 -4
24 15 -7
25 16 0
25 24 -2
25 40 -6
26 2 -6
26 10 4
27 15 1
27 45 5
28 6 4
28 32 -6
29 3 3
30 23 4
31 0 -8
31 47 -5
31 20 2
32 16 5
32 11 4
33 21 -5
33 4 9
34 0 4
34 41 -9
34 35 -7
35 16 5
35 19 -7
36 0 -6
36 7 -3
37 19 -3
38 40 -3
38 13 1
38 8 -6
39 0 6
40 39 1
41 26 4
41 38 8
41 17 -2
42 29 3
42 2 -9
42 17 3
43 40 3
44 35 -2
44 42 4
45 6 7
46 11 0
46 26 -4
46 23 -4
47 17 -6
47 31 -9
48 41 1
