50
97
false
0 45 -9
1 39 6
2 38 1
3 7 -4
3 43 -1
4 3 -7
4 18 9
4 17 7
5 23 -7
5 37 3
5 47 0
6 15 -4
6 40 3
6 1 8
7 41 -1
7 45 2
8 38 -8
8 48 -2
9 18 -5
10 1 -9
11 14 0
11 5 2
11 30 -8
12 42 -6
13 45 8
13 46 -2
13 12 -1
14 18 2
14 17 8
14 23 7
15 2 -1
16 11 3
17 7 -3
17 19 -6
18 49 -7
19 43 -4
20 38 -8
21 25 -2
21 48 6
22 29 0
22 28 -4
22 24 4
23 4 -4
23 17 -3
24 26 0
25 43 9
25 37 -1
25 24 -2
26 34 6
26 1 5
27 44 5
27 15 6
28 49 1
28 25 -7
29 31 6
29 15 2
30 35 -2
30 20 -4
30 5 -1
31 37 7
32 9 -1
32 21 0
33 14 5
33 1 6
34 38 -7
34 47 -2
35 29 1
36 12 -4
36 19 -2
37 42 3
37 16 -5
38 3 -8
38 40 -5
38 17 -7
39 13 5
40 14 2
41 2 4
41 20 9
41 5 -2
42 46 -6
42 16 8
42 28 9
43 45 1
44 12 0
44 41 -3
44 3 -1
45 35 2
45 9 3
46 11 -6
46 6 4
46 3 -5
47 17 -3
48 5 3
48 19 1
49 43 2
49 20 8
49 12 4
