54
105
false
0 33 -9
1 11 6
2 16 1
3 15 -4
3 43 -1
4 29 -7
4 10 9
4 33 7
5 7 -7
5 51 3
5 35 0
6 1 -4
6 30 3
6 33 4
7 47 -7
7 39 -1
8 16 1
8 20 -8
9 49 -9
9 48 -5
10 19 -9
11 6 0
11 9 2
11 35 -4
12 39 5
12 16 -6
12 5 7
13 4 -2
14 35 9
14 52 2
15 36 7
15 47 9
15 26 -1
16 51 3
17 19 -3
17 37 -6
18 3 -7
19 35 -4
20 22 9
21 4 6
22 21 0
22 2 -4
22 40 4
23 40 -4
23 19 -3
24 0 0
25 33 9
25 21 -1
25 18 -2
26 36 6
26 21 5
27 44 5
27 3 6
28 49 1
28 43 -7
29 11 6
29 25 2
30 28 4
30 19 -2
30 26 -4
31 23 -7
31 4 7
32 25 0
32 46 6
32 26 9
33 22 -3
33 9 0
33 50 3
34 21 -5
34 36 -4
35 18 0
36 5 -3
36 3 5
37 38 -8
37 18 -2
38 42 0
39 30 -1
39 28 4
40 37 -8
40 52 -3
41 35 -2
42 8 -6
42 48 8
42 6 9
43 25 1
44 26 0
44 27 -3
44 45 -1
45 15 2
45 33 3
46 19 -6
46 50 4
46 9 -5
47 27 -3
48 15 3
48 13 1
49 51 2
49 0 8
49 35 -6
50 26 -1
51 28 0
51 49 -1
52 49 -6
53 45 7
53 37 -5
