55
109
false
0 25 -9
1 9 6
2 8 1
3 27 -4
3 18 -1
4 13 -7
4 8 9
4 17 7
5 8 -7
5 12 3
5 27 0
6 20 -4
6 40 3
6 50 4
7 36 -1
7 25 2
8 43 -8
8 13 -2
9 8 -5
10 46 -9
11 14 0
11 25 2
11 35 -4
12 43 5
12 25 7
12 32 -5
13 2 -1
13 17 5
14 2 8
14 3 7
15 2 -1
16 31 3
17 39 -6
17 12 -6
18 23 5
19 35 2
20 36 9
20 30 9
20 9 0
21 12 -2
21 17 -6
21 39 -4
22 1 5
22 36 0
23 8 9
23 2 -1
23 9 -2
24 44 6
24 26 5
25 34 5
25 40 6
26 4 1
26 30 -7
27 31 6
27 0 2
28 25 4
28 50 -2
28 40 -4
29 8 -7
29 17 7
30 14 -1
30 36 0
31 44 5
31 6 6
32 43 -7
32 7 -2
33 14 1
34 22 -4
34 54 -2
35 27 3
35 46 -5
36 8 -8
36 30 -5
36 2 -7
37 53 5
38 4 2
39 47 4
39 10 9
39 30 -6
40 39 -7
40 36 -6
40 26 8
41 13 -5
42 20 2
42 47 0
43 49 -1
44 47 -8
44 48 -7
45 9 7
45 25 -5
46 43 -5
46 35 5
47 4 5
47 22 -5
47 25 -1
48 46 7
49 38 -6
49 17 4
49 10 -9
50 37 9
50 12 -6
51 18 7
51 17 -5
52 44 -1
53 17 8
53 34 -1
54 22 -9
54 13 -3
54 3 -8
