62
125
false
0 43 -9
1 9 6
2 30 1
3 15 -4
3 21 -1
4 43 -7
4 24 9
4 49 7
5 23 -7
5 11 3
5 13 0
6 29 -4
6 16 3
6 7 4
7 35 -7
7 45 -1
8 58 1
8 34 -8
9 15 -9
9 58 -5
10 9 -9
11 34 0
11 15 2
11 3 -4
12 17 5
12 18 -6
12 11 7
13 34 -2
14 47 9
14 34 2
15 6 7
15 61 9
15 10 8
16 42 -2
16 19 -8
16 12 0
17 28 -5
18 52 -3
18 22 -8
18 12 9
19 60 6
20 15 0
20 28 -4
20 42 4
21 32 -4
21 55 -3
22 2 0
23 13 9
23 11 -1
23 4 -2
24 44 6
24 13 5
25 2 5
25 45 6
26 25 1
26 53 -7
27 43 6
27 51 2
28 6 4
28 59 -2
28 50 -4
29 53 7
29 18 7
30 11 0
30 10 6
30 50 9
31 14 -3
31 57 0
31 36 3
32 25 -5
32 58 -4
33 54 0
34 25 -3
34 5 5
35 0 -8
35 60 -2
36 4 0
37 52 -1
37 26 4
38 21 -8
38 40 -3
39 1 -2
40 28 -6
40 54 8
40 36 9
41 39 1
42 38 0
42 25 -3
42 47 -1
43 5 2
43 45 3
44 51 -6
44 34 4
44 47 -5
45 57 -3
46 53 3
46 31 1
47 5 2
47 60 8
47 41 -6
48 22 -1
49 18 0
49 35 -1
50 51 -6
51 23 7
51 13 -5
52 8 -1
53 60 8
53 6 -1
54 11 -9
54 3 -8
54 35 8
55 52 -4
55 26 -1
55 43 6
56 32 6
57 49 -3
58 30 0
58 12 -4
59 21 -5
59 8 4
60 33 2
60 2 8
61 35 7
61 31 2
