70
100
false
0 48 0
0 25 -4
1 55 9
2 49 -9
2 38 8
3 62 7
3 34 -5
4 8 2
5 57 -5
5 51 -2
6 59 0
7 51 -6
8 59 -7
9 18 5
10 29 -7
10 41 -8
11 17 -7
12 62 1
13 51 2
14 68 6
15 65 -1
15 27 1
16 62 -3
17 28 6
18 49 4
19 59 3
20 8 -9
20 64 9
21 57 9
21 44 -3
22 12 0
22 18 -8
23 68 -3
23 25 -5
24 25 -9
25 58 -3
25 22 -3
26 66 4
26 6 5
27 69 3
28 45 -3
28 22 6
29 17 -1
29 12 -3
30 21 -3
31 49 -5
31 41 9
32 36 9
33 15 9
34 43 8
35 65 -4
36 16 9
36 41 6
37 54 4
38 64 4
38 62 -4
39 66 -1
40 65 0
41 15 -2
42 61 -6
43 19 8
44 62 3
45 39 -6
46 16 8
46 6 5
47 16 -7
47 62 9
48 44 8
49 9 -8
50 40 -5
50 67 -2
51 52 3
51 50 5
52 48 -9
53 68 4
54 57 1
54 16 -3
55 12 -1
56 48 3
57 41 2
57 47 -7
58 45 7
59 66 -5
59 16 8
60 22 -1
61 27 2
62 51 -1
62 59 -3
63 44 0
63 40 -6
64 29 7
64 51 1
65 8 -5
66 45 7
67 32 3
67 53 8
68 34 0
68 22 -2
69 63 8
69 24 4
