71
106
false
0 49 0
0 13 -4
1 51 9
2 15 -9
2 59 8
3 7 7
3 10 -5
4 22 2
5 30 -5
5 26 -2
6 8 0
7 57 -2
8 7 9
8 67 -7
9 26 5
10 17 -7
10 48 -8
11 57 -7
12 43 1
13 63 2
14 17 6
15 5 -1
15 34 1
16 58 -3
17 53 6
18 6 4
19 52 3
20 6 -9
20 12 9
21 36 9
21 2 -3
22 9 0
22 28 -8
23 50 -3
23 49 -5
24 27 -9
25 36 -3
25 68 -3
26 25 4
26 47 5
27 57 3
28 6 -3
28 64 6
29 4 -1
29 70 -3
30 15 -3
31 54 -5
31 1 -1
32 64 6
33 63 -1
34 61 2
34 41 3
35 30 -5
36 64 -4
37 38 6
38 52 -4
38 39 5
39 31 4
40 13 2
40 42 -1
41 5 -6
41 37 3
42 69 1
42 61 3
43 18 -6
44 20 8
44 13 5
45 19 -7
45 15 9
46 63 8
47 31 -8
48 20 -5
48 63 -2
49 48 3
49 16 5
50 4 -9
51 38 4
52 35 1
52 53 -3
53 23 -1
54 19 3
55 23 2
55 30 -7
56 22 7
57 8 -5
57 29 8
58 25 -1
59 16 2
60 11 -1
60 67 -3
61 29 0
61 58 7
62 48 -3
63 43 3
63 25 -8
64 10 -5
65 41 -4
65 45 3
66 21 -8
67 8 -4
67 36 -1
68 17 2
68 48 6
69 0 0
69 29 -2
70 28 2
