73
107
false
0 19 0
0 57 -4
1 40 9
2 20 -9
2 59 8
3 20 7
3 25 -5
4 66 2
5 39 -5
5 9 -2
6 27 0
7 66 -2
8 41 9
8 42 -7
9 57 5
10 57 -7
10 20 -8
11 70 -7
12 23 1
13 70 2
14 28 6
15 18 -1
15 52 1
16 19 -3
17 26 6
18 2 4
19 26 3
20 12 -9
20 8 9
21 58 9
21 32 -3
22 29 0
22 28 -8
23 17 -3
23 53 -5
24 56 -9
25 68 -3
25 3 -3
26 10 4
26 54 5
27 18 3
28 61 -3
28 27 6
29 50 -1
29 35 -3
30 69 -3
31 28 -5
31 46 9
32 10 9
33 47 9
34 67 8
35 3 -4
36 71 9
36 34 6
37 5 4
38 53 4
38 66 -4
39 44 -1
40 71 0
41 43 -2
42 5 -6
43 65 3
44 51 1
44 29 3
45 2 -6
46 26 8
46 10 5
47 70 -7
47 8 9
48 70 8
49 30 -8
50 35 -5
50 55 -2
51 66 3
51 35 5
52 20 -9
53 7 4
54 13 1
54 30 -3
55 20 -1
56 33 9
57 39 -7
57 71 2
58 9 -1
58 40 -1
59 11 -2
60 44 1
60 19 0
61 18 -8
61 70 0
62 43 -9
62 40 -3
63 36 3
63 23 -8
64 20 -5
65 51 -4
65 13 3
66 14 -8
67 34 -4
67 37 -1
68 6 2
68 67 6
69 37 0
69 63 -2
70 12 2
71 63 7
72 45 -9
