75
109
false
0 43 0
0 45 -4
1 35 9
2 24 -9
2 18 8
3 17 7
3 44 -5
4 3 2
5 57 -5
5 36 -2
6 54 0
7 62 -2
8 9 9
8 74 -7
9 18 5
10 74 -7
10 6 -8
11 2 -7
12 72 1
13 11 2
14 23 6
15 5 -1
15 32 1
16 52 -3
17 48 6
18 69 4
19 9 3
20 3 -9
20 49 9
21 7 9
21 69 -3
22 37 0
22 53 -8
23 28 -3
23 60 -5
24 30 -9
25 3 -3
25 17 -3
26 31 4
26 36 5
27 54 3
28 35 -3
28 67 6
29 27 -1
29 62 -3
30 46 -3
31 14 -5
31 16 9
32 31 9
33 20 9
34 58 8
35 60 -4
36 11 9
36 51 6
37 4 4
38 29 4
38 42 -4
39 21 -1
40 45 0
41 30 -2
42 16 -6
43 23 3
44 32 1
44 23 -9
45 64 -8
45 63 -4
46 55 2
47 7 9
47 20 -5
48 57 5
48 35 -5
49 2 3
49 45 5
50 18 -9
51 8 4
52 42 1
52 16 -3
53 52 -1
54 28 3
55 66 2
55 12 -7
56 40 7
57 71 -5
57 51 8
58 2 -1
59 12 2
60 31 -1
60 34 -3
61 49 0
61 18 7
62 13 -3
63 35 3
63 17 -8
64 71 -5
65 30 -4
65 2 3
66 62 -8
67 26 -4
67 54 -1
68 29 2
68 48 6
69 8 0
69 44 -2
70 74 2
71 26 7
72 39 -9
73 1 6
74 4 4
74 49 -1
