88
133
false
0 35 8
1 70 1
1 35 -1
2 69 5
2 5 -3
3 29 -6
3 69 -5
4 68 7
5 10 0
6 39 6
7 40 -2
7 81 2
8 82 7
8 29 -8
9 14 -4
10 68 6
11 60 9
11 79 7
12 78 1
13 24 3
14 56 8
15 18 -3
15 71 -6
16 82 -2
16 17 -5
17 55 -2
17 44 6
18 27 -1
19 70 2
20 24 -1
20 10 4
21 63 3
22 40 7
22 82 9
23 70 -8
23 87 4
24 56 -7
25 38 6
25 27 -2
26 77 -4
27 17 -8
27 56 5
28 56 5
28 25 -8
29 87 9
30 70 7
31 87 9
31 43 -7
32 29 -1
32 72 -1
33 59 8
34 58 -2
34 50 6
35 50 -8
36 38 -4
37 71 -1
37 49 -5
38 25 -8
38 59 -7
39 7 -6
40 39 2
41 70 0
41 29 7
42 24 6
42 7 -8
43 19 -4
43 0 1
44 41 0
44 64 5
45 30 3
46 62 -3
46 8 -3
47 15 -7
47 13 -9
48 73 -7
48 43 2
49 38 7
49 46 1
50 6 -8
51 47 8
51 61 9
52 56 -7
53 78 -4
53 14 4
54 33 1
54 41 -8
55 48 0
55 42 2
56 10 -9
57 62 6
57 46 -3
58 54 3
58 72 1
59 3 3
59 14 6
60 64 1
60 37 3
61 37 2
62 15 -5
62 53 5
63 68 2
64 72 -5
65 20 -5
66 6 9
67 13 -8
68 4 8
69 31 2
70 69 6
70 21 0
71 82 -5
72 68 4
72 28 -3
73 43 -2
74 35 5
75 77 7
75 63 4
76 24 2
76 23 -8
77 36 5
77 0 7
78 68 6
79 22 -2
80 48 4
80 46 4
81 68 -8
82 39 6
82 78 -6
83 41 -7
84 16 8
85 51 -2
86 13 -9
86 2 4
87 59 9
