90
136
false
0 77 8
1 84 1
1 29 -1
2 21 5
2 83 -3
3 29 -6
3 81 -5
4 70 7
5 6 0
6 81 6
7 20 -2
7 77 2
8 46 7
8 85 -8
9 20 -4
10 24 6
11 46 9
11 55 7
12 8 4
13 86 3
13 0 6
14 29 6
15 37 -6
16 48 -2
16 59 -5
17 21 -2
17 4 6
18 15 -1
19 48 2
20 36 -1
20 50 4
21 67 3
22 42 7
22 44 9
23 14 -8
23 81 4
24 82 -7
25 6 6
25 60 -5
26 49 -5
26 17 -4
27 81 -8
27 12 5
28 0 5
28 19 -8
29 19 9
30 64 7
31 67 9
31 25 -7
32 71 -1
32 64 -1
33 59 8
34 10 -2
34 48 6
35 24 -8
36 0 -4
37 79 -1
37 53 -5
38 5 -8
38 19 -7
39 43 -6
40 33 2
41 78 0
41 27 7
42 26 6
42 59 -8
43 31 -4
43 58 1
44 45 0
44 34 5
45 52 3
46 26 -3
46 88 -3
47 19 -7
47 71 -9
48 3 -7
48 7 2
49 32 7
49 18 1
50 46 -8
51 47 8
51 49 9
52 18 -7
53 62 -4
53 38 4
54 47 1
54 43 -8
55 40 0
55 10 2
56 30 -9
57 84 6
57 46 -3
58 40 3
58 66 1
59 73 3
59 46 6
60 36 1
60 75 3
61 37 2
62 65 -5
62 23 5
63 38 2
64 50 -5
65 80 -5
66 44 9
67 45 -8
68 64 8
69 81 4
70 29 0
71 54 -5
72 36 4
72 38 -3
73 31 -2
74 39 5
75 3 7
75 35 4
76 66 2
76 49 -8
77 86 5
77 36 7
78 48 6
79 86 -2
80 88 4
80 70 4
81 68 -8
82 27 6
82 86 -6
83 9 -7
84 8 8
85 15 -2
86 31 -9
86 34 4
87 1 9
88 9 9
88 32 -7
89 35 1
