97
153
false
0 92 -5
0 73 -7
1 67 8
1 74 0
2 89 3
3 8 2
3 6 -5
4 93 -9
5 67 3
6 23 -1
6 57 3
7 12 6
7 40 4
8 19 -7
9 33 6
9 22 5
10 8 6
11 28 2
12 78 3
13 22 9
13 8 5
14 18 -4
14 96 -6
15 92 1
15 51 -1
16 5 -7
17 79 9
17 52 9
18 17 7
18 90 -9
19 29 2
20 77 7
20 69 -7
21 15 -8
22 68 6
23 92 2
23 68 -6
24 80 4
24 48 -1
25 47 -9
25 69 -6
26 48 6
26 10 5
27 78 -9
27 5 2
28 21 7
28 79 6
29 11 5
30 29 -4
30 88 5
31 69 4
31 51 4
32 89 9
33 74 4
34 5 4
35 79 -5
35 45 7
36 76 -9
37 69 3
37 21 4
38 96 5
38 5 5
39 68 -5
40 46 -2
40 35 2
41 81 -8
41 47 5
42 68 4
42 84 2
43 84 -9
43 65 0
44 80 9
44 50 5
45 42 -9
46 21 9
47 1 3
47 96 7
48 50 5
48 55 5
49 1 -3
50 6 -6
50 80 4
51 52 -9
52 45 -9
52 89 0
53 43 -5
54 96 6
55 4 2
56 94 -6
57 31 -1
58 5 -8
58 16 9
59 75 -4
60 74 -5
60 54 6
61 0 -6
61 85 8
62 63 -9
63 81 2
63 19 -5
64 38 9
65 37 -5
66 74 6
66 48 -7
67 20 5
67 93 -3
68 33 5
69 62 7
69 4 -5
70 8 3
71 2 -9
72 83 8
73 31 5
73 60 4
74 35 6
74 82 3
75 66 -6
76 40 4
76 19 4
77 81 0
78 51 -8
78 58 1
79 37 -1
80 43 -7
81 85 9
81 82 -6
82 90 1
82 43 -3
83 81 -9
83 43 -8
84 94 3
85 90 5
85 92 8
86 87 6
86 51 -7
87 76 7
88 81 -9
88 51 -2
89 1 0
89 27 -5
90 53 3
90 93 -2
91 36 -5
91 80 -6
92 87 0
93 57 -6
93 61 7
94 29 4
94 95 6
95 45 3
95 85 7
96 18 4
96 72 7
