98
199
false
0 8 7
1 3 -3
2 76 -4
2 84 8
2 78 -9
3 71 1
4 54 -4
4 21 -2
5 15 4
6 43 -7
7 45 -6
7 52 8
7 3 -3
8 60 1
9 39 3
10 50 3
11 70 -8
11 93 -5
12 14 -3
12 61 -4
12 86 5
13 31 5
13 54 7
13 15 -6
14 72 1
14 64 -9
15 75 -7
15 53 -6
16 61 -4
16 63 -7
16 78 -6
17 49 -3
17 64 -1
18 95 -9
18 90 1
19 54 -7
19 35 8
19 36 2
20 13 1
20 10 2
21 27 4
21 57 1
21 72 -1
22 77 2
23 92 3
23 53 -1
24 44 6
25 7 -5
25 24 1
26 60 9
26 71 0
26 83 6
27 77 -7
27 44 9
28 13 0
29 84 -2
30 39 6
31 40 0
31 63 -3
32 88 4
32 90 -7
33 63 2
34 2 3
34 71 7
35 61 1
36 70 1
37 41 -2
37 84 5
38 6 -1
38 4 -9
38 5 9
39 93 3
39 71 -9
40 36 0
41 39 -7
41 37 6
41 6 4
42 14 -7
42 12 6
43 79 1
43 52 4
43 65 -1
44 70 -4
44 10 0
44 48 8
45 93 -9
45 60 -3
45 7 0
46 0 -4
47 55 0
47 59 0
47 61 2
48 96 -7
48 71 9
49 65 -4
49 32 -8
50 83 -8
50 28 -6
50 19 -7
51 53 -6
51 79 2
51 33 -9
52 44 0
52 54 6
52 12 0
53 65 2
54 62 2
54 41 -5
54 88 4
55 29 5
55 14 -5
56 83 6
57 18 3
58 7 3
59 51 9
59 17 4
59 94 5
60 70 3
60 89 2
61 35 -4
61 29 -5
62 36 -8
62 32 -5
63 85 2
64 41 8
64 5 -9
65 95 3
66 91 -2
66 77 -2
66 15 -4
67 46 -1
67 31 -8
67 80 9
68 94 -2
69 82 2
70 26 -9
71 67 8
72 68 7
72 77 2
73 27 6
73 63 -9
74 44 6
74 73 6
74 78 -2
75 95 4
76 49 8
76 77 -2
76 27 -5
77 48 -7
77 16 3
77 97 -9
78 42 -2
78 91 -7
79 40 7
79 19 9
79 45 2
80 39 1
80 20 -8
80 19 9
81 96 -6
81 18 0
81 94 5
82 12 -1
82 41 2
82 19 9
83 12 -7
83 11 2
83 51 6
84 74 -6
84 36 8
85 11 4
85 72 -1
85 17 6
86 67 2
86 66 6
86 24 7
87 97 6
88 65 5
89 29 1
89 8 7
89 57 -4
90 65 -4
90 9 0
90 25 9
91 45 6
91 70 3
92 41 9
93 21 3
93 39 9
93 97 -8
94 87 -1
95 35 -8
95 52 6
95 12 4
96 79 -9
96 20 5
96 18 5
97 78 3
97 76 1
