49
100
true
0 35 0
0 34 9
0 43 0
1 24 18
1 13 11
1 34 10
2 25 12
2 17 14
3 15 6
3 20 11
4 31 0
4 37 16
5 35 15
6 36 8
6 34 0
7 38 15
7 37 14
7 8 16
8 5 18
8 34 17
9 41 5
9 19 7
10 28 8
11 22 2
12 8 17
12 11 18
13 1 16
13 33 6
14 26 1
14 1 9
15 11 8
15 3 4
15 35 13
16 5 18
16 23 10
16 22 0
17 29 0
17 20 5
17 47 2
18 48 18
18 13 3
18 0 7
19 1 16
20 17 3
21 6 18
22 37 12
22 0 0
22 47 13
23 10 17
23 22 6
23 29 7
24 9 5
24 15 2
25 16 9
25 24 7
25 40 3
26 2 3
26 10 13
27 15 10
27 45 14
28 6 13
28 32 3
29 3 12
30 23 13
31 0 1
31 47 4
31 20 11
32 16 14
32 11 13
33 21 4
33 4 18
34 0 13
34 41 0
34 35 2
35 16 14
35 19 2
36 0 3
36 7 6
37 19 6
38 40 6
38 13 10
38 8 3
39 0 15
40 39 10
41 26 13
41 38 17
41 17 7
42 29 12
42 2 0
42 17 12
43 40 12
44 35 7
44 42 13
45 6 16
46 11 9
46 26 5
46 23 5
47 17 3
47 31 0
48 41 10
