53
103
true
0 11 0
1 22 15
2 51 5
3 2 8
3 21 4
3 29 17
4 2 16
4 50 12
5 0 12
6 1 11
6 49 5
6 10 12
7 36 5
8 51 9
8 14 4
8 31 10
9 13 6
9 48 0
9 6 4
10 4 0
11 9 9
11 2 11
11 41 5
12 2 14
12 35 3
12 37 16
13 14 7
14 43 18
14 15 11
15 48 16
15 3 18
15 7 8
16 47 12
17 34 6
17 47 3
18 43 2
19 4 5
20 26 1
21 38 7
21 24 15
22 24 9
22 43 5
22 26 13
23 31 5
23 0 6
24 13 9
25 47 18
25 9 8
25 37 7
26 3 15
26 36 14
27 17 14
27 23 15
28 45 10
28 11 2
29 17 15
29 5 11
30 19 13
30 28 7
30 4 5
31 34 2
31 39 16
32 36 8
32 46 9
33 12 14
33 44 15
34 5 2
34 32 7
35 40 10
36 47 5
36 6 7
37 43 12
37 36 4
38 22 1
38 47 4
38 4 9
39 25 8
39 13 13
40 26 1
40 34 6
41 8 7
42 33 3
42 46 17
42 8 18
43 11 10
44 14 9
44 12 6
44 47 8
45 37 11
45 2 12
46 14 3
46 16 13
46 39 4
47 18 6
48 15 12
48 39 10
49 45 11
49 24 17
49 28 3
50 6 8
51 0 9
51 5 8
52 23 3
