60
88
true
0 9 3
1 41 3
2 19 10
2 57 3
3 30 7
4 29 14
4 55 16
5 34 7
6 35 14
6 52 10
7 35 9
8 3 9
8 32 18
9 53 11
10 3 12
11 29 14
12 59 9
12 31 6
13 8 1
13 0 10
14 27 3
14 3 1
15 56 10
15 59 12
16 53 18
17 2 5
18 10 10
18 14 11
19 22 18
20 28 2
20 55 9
21 51 6
22 50 6
22 35 14
23 57 11
24 40 10
25 18 17
25 44 0
26 35 7
26 55 5
27 11 2
28 44 7
29 5 14
30 45 14
30 24 1
31 4 15
32 41 8
33 25 14
34 11 11
34 22 5
35 24 10
36 42 12
37 47 4
38 51 16
39 51 2
39 56 13
40 26 10
41 2 7
42 59 6
42 48 7
43 0 18
43 12 12
44 20 4
44 39 15
45 12 7
46 55 11
46 41 15
47 41 11
48 39 13
49 58 7
49 28 14
50 39 15
50 26 16
51 39 18
51 10 2
52 34 7
53 55 13
54 7 14
54 50 17
55 11 2
55 3 5
56 42 5
56 43 14
57 20 2
58 13 14
58 46 3
59 16 7
59 28 4
