62
125
true
0 43 0
1 9 15
2 30 10
3 15 5
3 21 8
4 43 2
4 24 18
4 49 16
5 23 2
5 11 12
5 13 9
6 29 5
6 16 12
6 7 13
7 35 2
7 45 8
8 58 10
8 34 1
9 15 0
9 58 4
10 9 0
11 34 9
11 15 11
11 3 5
12 17 14
12 18 3
12 11 16
13 34 7
14 47 18
14 34 11
15 6 16
15 61 18
15 10 17
16 42 7
16 19 1
16 12 9
17 28 4
18 52 6
18 22 1
18 12 18
19 60 15
20 15 9
20 28 5
20 42 13
21 32 5
21 55 6
22 2 9
23 13 18
23 11 8
23 4 7
24 44 15
24 13 14
25 2 14
25 45 15
26 25 10
26 53 2
27 43 15
27 51 11
28 6 13
28 59 7
28 50 5
29 53 16
29 18 16
30 11 9
30 10 15
30 50 18
31 14 6
31 57 9
31 36 12
32 25 4
32 58 5
33 54 9
34 25 6
34 5 14
35 0 1
35 60 7
36 4 9
37 52 8
37 26 13
38 21 1
38 40 6
39 1 7
40 28 3
40 54 17
40 36 18
41 39 10
42 38 9
42 25 6
42 47 8
43 5 11
43 45 12
44 51 3
44 34 13
44 47 4
45 57 6
46 53 12
46 31 10
47 5 11
47 60 17
47 41 3
48 22 8
49 18 9
49 35 8
50 51 3
51 23 16
51 13 4
52 8 8
53 60 17
53 6 8
54 11 0
54 3 1
54 35 17
55 52 5
55 26 8
55 43 15
56 32 15
57 49 6
58 30 9
58 12 5
59 21 4
59 8 13
60 33 11
60 2 17
61 35 16
61 31 11
