63
93
true
0 27 3
1 50 3
2 61 10
2 21 3
3 0 7
4 17 14
4 5 8
5 43 1
5 51 11
6 16 16
6 34 15
7 30 17
7 38 5
8 29 12
8 12 12
9 50 14
10 50 9
10 55 6
11 17 1
11 16 16
12 9 5
13 60 14
13 44 16
14 60 13
15 1 1
15 23 14
16 8 11
17 46 16
18 52 0
18 29 0
19 9 11
20 3 15
20 16 10
21 43 1
22 16 18
23 41 16
24 29 13
25 57 0
26 13 5
26 21 2
27 54 16
27 35 2
28 14 4
28 39 14
29 7 15
30 39 14
31 57 15
31 49 14
32 62 11
32 10 5
33 3 10
34 36 12
35 38 4
36 27 16
37 48 2
37 5 13
38 8 10
39 29 7
40 47 6
40 39 7
41 15 18
41 12 8
42 27 3
43 42 3
44 28 13
45 24 13
46 38 15
46 52 13
47 44 7
48 50 7
49 16 5
49 33 5
50 0 11
50 14 8
51 38 8
51 62 3
52 49 11
52 40 14
53 15 0
54 20 10
54 45 5
55 13 18
55 35 2
56 4 14
56 22 11
57 44 17
58 45 6
59 32 10
60 30 15
60 13 7
61 25 17
62 56 7
62 55 6
