65
97
true
0 59 3
1 46 7
2 57 3
2 20 11
3 25 8
3 49 4
4 21 8
4 25 1
5 48 11
5 46 10
6 53 15
6 3 9
7 48 5
8 23 12
8 53 12
9 64 14
10 49 9
10 36 6
11 38 1
11 25 10
12 52 3
12 53 1
13 56 10
13 64 12
14 53 18
15 37 5
16 45 10
16 44 11
17 37 18
18 63 2
18 50 9
19 56 6
20 30 6
20 59 18
21 31 15
22 16 9
22 18 13
23 18 0
24 5 5
24 1 2
25 33 16
25 1 2
26 14 4
26 15 14
27 6 15
28 12 14
29 62 15
29 15 14
30 26 11
30 12 5
31 4 10
32 27 12
33 52 4
34 51 16
35 61 2
35 21 13
36 61 10
37 32 7
38 34 6
38 28 7
39 60 18
39 20 8
40 60 3
41 15 3
42 54 13
43 45 13
44 6 15
44 59 13
45 41 7
46 2 7
47 3 14
47 19 5
48 21 16
49 24 18
49 20 2
50 29 7
51 55 13
52 17 14
52 20 17
53 46 2
53 33 5
54 62 5
54 23 14
55 35 2
56 63 14
56 58 11
57 10 17
58 59 6
59 48 10
60 48 15
60 0 7
61 40 17
62 24 7
62 45 6
63 25 7
64 3 13
64 30 17
