68
100
true
0 50 9
0 11 5
1 31 18
2 51 0
2 56 17
3 38 16
3 54 4
4 0 11
5 25 4
5 62 14
6 38 16
6 34 10
7 6 1
7 60 17
8 61 0
9 27 14
9 3 2
10 64 10
11 37 11
12 64 15
13 65 8
13 43 10
14 30 6
15 12 15
16 41 13
17 21 12
18 32 0
18 0 18
19 43 18
19 54 6
20 38 9
20 50 1
21 66 6
21 63 4
22 43 0
23 66 6
23 12 6
24 50 13
24 14 14
25 17 12
26 43 6
26 36 15
27 35 8
27 20 6
28 17 6
29 55 4
29 31 18
30 6 18
31 17 18
32 19 17
33 63 5
34 6 18
34 45 15
35 34 13
36 12 13
36 4 5
37 46 8
38 49 9
39 45 7
40 67 3
41 49 12
42 63 10
42 56 12
43 61 3
44 62 17
44 60 14
45 46 2
45 20 18
46 54 17
47 25 1
48 20 4
48 35 7
49 30 12
49 10 14
50 14 0
51 54 13
52 51 10
52 18 6
53 48 8
54 62 12
55 63 11
55 67 2
56 63 16
57 12 4
57 46 17
58 10 8
59 47 11
60 31 8
60 47 6
61 42 9
61 55 16
62 19 6
63 49 12
63 54 1
64 1 4
65 57 5
65 22 12
66 49 1
67 39 5
67 54 8
