70
100
true
0 48 9
0 25 5
1 55 18
2 49 0
2 38 17
3 62 16
3 34 4
4 8 11
5 57 4
5 51 7
6 59 9
7 51 3
8 59 2
9 18 14
10 29 2
10 41 1
11 17 2
12 62 10
13 51 11
14 68 15
15 65 8
15 27 10
16 62 6
17 28 15
18 49 13
19 59 12
20 8 0
20 64 18
21 57 18
21 44 6
22 12 9
22 18 1
23 68 6
23 25 4
24 25 0
25 58 6
25 22 6
26 66 13
26 6 14
27 69 12
28 45 6
28 22 15
29 17 8
29 12 6
30 21 6
31 49 4
31 41 18
32 36 18
33 15 18
34 43 17
35 65 5
36 16 18
36 41 15
37 54 13
38 64 13
38 62 5
39 66 8
40 65 9
41 15 7
42 61 3
43 19 17
44 62 12
45 39 3
46 16 17
46 6 14
47 16 2
47 62 18
48 44 17
49 9 1
50 40 4
50 67 7
51 52 12
51 50 14
52 48 0
53 68 13
54 57 10
54 16 6
55 12 8
56 48 12
57 41 11
57 47 2
58 45 16
59 66 4
59 16 17
60 22 8
61 27 11
62 51 8
62 59 6
63 44 9
63 40 3
64 29 16
64 51 10
65 8 4
66 45 16
67 32 12
67 53 17
68 34 9
68 22 7
69 63 17
69 24 13
