71
147
true
0 18 13
1 61 17
1 24 9
1 21 5
2 33 14
2 47 14
3 20 1
3 25 14
4 64 5
5 65 2
5 30 16
6 10 3
6 2 6
6 24 3
7 1 2
7 59 14
8 16 14
8 43 2
9 61 6
10 47 2
10 21 15
11 7 1
11 3 10
11 58 4
12 60 6
13 42 7
14 58 3
15 60 4
16 6 0
16 21 15
16 15 15
17 9 2
18 48 6
18 0 9
18 14 4
19 14 18
19 49 14
19 58 8
20 22 3
20 59 10
20 2 18
21 24 11
22 23 17
22 60 1
23 37 4
24 8 12
24 28 15
24 31 7
25 23 1
25 68 18
25 29 4
26 34 17
26 63 10
27 24 18
28 33 12
28 39 12
29 1 0
29 56 6
29 10 10
30 64 11
30 42 4
30 4 1
31 38 0
32 35 13
32 3 2
32 18 9
33 51 2
33 58 12
33 61 17
34 22 1
35 51 9
36 66 14
37 68 16
37 5 0
38 4 16
39 70 7
39 16 13
40 57 8
40 42 9
41 48 5
41 10 2
42 49 15
42 6 14
43 32 7
43 26 7
44 62 4
44 39 13
45 12 2
45 57 15
46 17 6
46 43 12
46 28 13
47 32 17
47 48 9
48 7 14
49 63 3
49 7 3
50 33 2
50 67 9
50 63 15
51 52 12
51 2 13
52 21 4
52 18 3
53 35 6
53 64 7
53 17 6
54 66 13
54 5 5
54 67 4
55 63 11
55 10 17
56 62 7
56 15 16
56 21 12
57 40 15
57 18 8
57 30 15
58 23 0
58 26 15
58 31 15
59 67 1
59 30 2
60 54 13
60 17 0
60 4 9
61 19 6
61 6 7
62 46 1
62 7 18
62 50 1
63 2 2
63 24 13
63 45 18
64 41 17
64 26 7
65 9 2
66 69 0
67 14 12
68 20 16
68 32 9
69 70 5
69 38 12
69 54 17
70 7 9
70 38 4
70 68 10
