79
160
true
0 48 13
1 10 17
1 34 9
1 5 5
2 7 14
2 66 14
3 18 1
3 12 14
4 71 5
5 59 2
5 2 16
6 9 3
6 74 6
6 46 3
7 67 2
7 78 14
8 50 14
8 51 2
9 24 6
10 12 2
10 77 15
11 15 1
11 28 10
11 7 4
12 31 4
12 34 15
13 52 8
14 26 0
15 51 12
15 32 6
15 58 4
16 77 0
16 73 15
16 23 15
17 61 2
18 44 6
18 60 9
18 26 4
19 73 18
19 10 14
19 68 8
20 16 17
20 13 3
20 63 10
21 62 7
22 9 1
22 51 17
23 12 11
23 34 4
23 35 13
24 25 15
25 67 4
25 71 1
25 5 18
26 10 2
26 24 17
27 15 13
27 20 12
27 40 18
28 36 12
28 40 12
29 10 0
29 32 6
29 23 6
30 65 10
30 70 11
31 18 6
31 35 6
31 65 0
32 56 13
32 66 2
32 77 9
33 34 2
33 50 12
33 10 17
34 17 1
35 52 9
36 19 14
37 19 16
37 38 0
38 0 16
39 31 7
39 40 13
40 30 8
40 25 9
41 21 5
41 2 2
42 71 15
42 67 14
43 61 7
43 58 7
44 71 4
44 19 13
45 47 2
45 30 15
46 32 12
46 26 13
46 67 17
47 29 9
47 76 0
48 56 17
49 70 9
50 3 2
50 48 2
51 36 13
52 42 7
53 9 13
53 54 2
53 69 5
54 14 3
54 47 12
54 29 8
55 61 6
55 21 4
56 38 5
57 61 7
58 73 17
59 36 5
59 8 13
60 37 12
60 32 5
60 68 3
61 12 15
62 17 0
62 59 15
62 0 15
63 13 1
63 55 2
64 32 13
64 13 0
64 0 9
65 20 6
65 39 7
66 0 1
66 29 18
66 47 1
67 64 2
67 1 13
67 33 18
68 46 17
68 71 7
69 24 2
70 18 0
71 74 12
72 34 16
72 23 9
73 27 5
73 54 12
73 0 17
74 1 9
74 14 15
74 31 4
75 23 12
76 23 11
76 44 0
77 5 11
77 28 12
78 1 15
78 30 16
78 46 15
