82
160
true
0 53 13
1 8 17
1 39 9
1 75 5
2 27 14
2 64 14
3 78 1
3 74 14
4 78 5
5 4 2
5 74 16
6 21 3
6 64 6
6 10 3
7 33 2
7 38 14
8 60 14
8 14 2
9 68 6
10 63 2
10 19 15
11 64 1
11 6 10
11 9 4
12 37 4
12 74 15
13 79 8
14 37 0
15 17 12
15 40 6
15 50 4
16 76 0
16 55 15
16 71 15
17 54 2
18 66 6
18 54 9
18 70 11
19 71 14
19 0 8
20 68 3
20 72 10
20 22 18
21 78 11
22 4 17
22 70 1
23 54 4
24 77 12
24 61 7
24 55 0
25 74 18
25 63 4
26 65 17
26 20 10
27 46 12
28 62 11
29 52 12
30 24 13
30 2 13
30 62 6
31 44 10
32 30 11
32 53 4
32 68 1
33 51 0
34 59 13
34 60 9
34 72 0
35 17 12
35 10 17
35 33 9
36 33 12
36 14 4
37 44 16
37 70 16
37 69 0
38 41 16
39 20 7
39 80 13
40 14 8
40 67 9
41 15 5
41 0 2
42 53 15
42 80 14
43 15 7
43 80 7
44 69 4
44 21 13
45 69 2
45 59 15
46 69 6
46 1 13
46 71 17
47 38 9
47 34 0
48 21 17
49 57 9
50 20 2
50 60 2
51 8 13
52 70 7
53 57 13
53 46 2
53 22 5
54 35 3
54 60 12
54 37 8
55 61 6
55 65 4
56 64 5
57 44 7
58 55 17
59 43 5
59 58 13
60 24 12
60 34 5
60 75 3
61 56 15
62 78 0
62 71 15
62 56 15
63 40 1
63 54 2
64 4 13
64 0 0
64 20 9
65 40 6
65 37 12
66 27 18
66 63 1
66 15 17
67 6 13
67 77 18
68 35 17
68 15 7
69 19 2
70 2 0
71 45 12
72 28 16
72 22 9
73 51 5
73 3 12
73 18 0
74 13 15
74 63 4
74 2 10
75 70 13
75 31 2
76 72 13
76 65 1
76 23 7
77 47 13
78 16 15
78 38 16
78 71 15
79 0 5
80 47 12
81 49 4
81 30 11
