84
125
true
0 34 9
0 39 5
1 83 18
2 63 0
2 24 17
3 62 16
3 2 7
4 43 1
5 9 7
5 42 14
6 70 16
6 10 10
7 46 1
7 36 17
8 29 0
9 35 14
9 23 18
10 79 8
10 48 10
11 65 11
12 68 15
13 65 8
13 83 10
14 34 6
15 0 15
16 21 13
17 45 12
18 36 0
18 64 18
19 43 18
19 30 6
20 82 9
20 74 1
21 82 6
21 39 4
22 39 0
23 30 6
23 8 6
24 10 13
24 6 14
25 69 12
26 59 6
26 64 15
27 3 8
27 68 6
28 49 6
29 35 4
29 55 18
30 22 18
31 29 18
32 43 17
33 51 5
34 2 18
34 69 15
35 82 13
36 8 13
36 48 5
37 66 8
38 9 9
39 57 7
40 19 3
41 29 12
42 11 10
42 20 12
43 25 3
44 30 17
44 76 14
45 30 2
45 76 18
46 58 17
47 37 1
48 68 4
48 67 7
49 38 12
49 78 14
50 6 0
51 26 13
52 15 10
52 58 6
53 40 8
54 34 12
55 27 11
55 75 2
56 31 16
57 80 4
57 30 17
58 50 8
59 27 11
60 79 8
60 31 6
61 58 9
61 63 16
62 55 6
63 65 12
63 50 1
64 41 4
65 45 5
65 74 12
66 77 1
67 83 5
67 30 8
68 35 11
68 54 15
69 56 9
69 17 7
70 74 11
71 11 16
72 78 0
73 64 15
74 52 13
74 70 8
75 77 14
75 76 0
76 15 13
77 5 15
77 15 0
78 47 0
78 49 8
79 49 2
80 54 6
81 60 8
81 37 1
82 75 4
82 73 3
83 2 1
