12
false
0 7 7342
0 1 7347
0 3 7351
1 7 7359
1 2 7367
1 4 7367
1 8 7367
1 0 7375
1 11 7379
1 4 7386
1 2 7391
1 11 7395
1 10 7395
1 3 7395
1 8 7396
1 7 7401
2 11 7402
2 0 7406
2 8 7413
2 7 7419
2 10 7425
2 11 7428
3 9 7432
3 10 7433
4 6 7437
4 2 7444
4 0 7445
4 1 7447
4 8 7453
4 9 7461
4 11 7467
4 6 7476
4 10 7477
4 1 7482
4 0 7485
4 9 7493
4 2 7498
4 7 7500
5 3 7503
5 2 7508
6 2 7510
6 9 7516
6 8 7517
6 0 7518
6 11 7523
6 4 7531
6 1 7535
6 5 7543
6 2 7545
6 8 7554
6 11 7563
7 11 7568
7 1 7575
7 2 7583
7 10 7587
7 11 7588
7 8 7593
7 1 7594
8 11 7596
8 7 7596
8 10 7601
8 1 7610
8 5 7616
8 4 7616
8 6 7616
8 7 7619
8 3 7619
8 10 7626
8 2 7632
8 9 7637
8 4 7644
9 3 7650
9 4 7654
9 10 7662
10 1 7665
10 4 7670
10 5 7678
10 0 7683
10 11 7686
10 7 7692
10 6 7696
10 1 7697
10 0 7703
10 4 7704
10 2 7711
10 6 7720
10 9 7726
10 5 7726
11 5 7732
11 10 7734
11 3 7734
11 8 7741
11 6 7748
11 2 7753
11 10 7761
11 8 7768
11 6 7771
11 4 7774
11 7 7778
11 1 7778
