14
false
0 5 12023
0 11 12028
0 7 12032
0 13 12036
0 2 12036
0 4 12036
0 12 12036
0 6 12044
0 13 12051
0 12 12060
0 1 12064
0 3 12069
0 2 12073
0 4 12074
0 8 12075
0 7 12080
0 5 12082
1 7 12086
1 13 12087
1 0 12091
1 4 12098
1 8 12107
1 3 12110
1 2 12114
1 11 12118
1 10 12119
1 5 12127
1 8 12131
1 13 12139
1 11 12145
1 9 12153
1 12 12157
1 7 12163
2 7 12172
2 10 12175
2 6 12180
2 3 12188
2 11 12190
2 8 12195
2 3 12198
2 0 12203
2 6 12205
2 9 12211
3 9 12214
3 5 12214
3 6 12215
3 0 12220
3 2 12222
3 12 12231
3 7 12232
3 1 12236
3 13 12237
3 7 12240
3 1 12248
3 6 12251
3 2 12255
3 9 12256
3 8 12261
3 4 12264
3 12 12269
3 11 12271
4 9 12275
4 7 12284
4 1 12285
4 0 12291
4 10 12291
4 8 12291
4 11 12294
4 3 12294
5 9 12302
5 12 12304
5 7 12309
5 8 12318
5 4 12325
5 2 12333
5 0 12341
5 9 12350
5 8 12355
5 1 12363
5 13 12366
6 1 12367
6 0 12373
6 8 12380
6 11 12382
6 13 12390
6 3 12398
6 5 12404
6 1 12404
6 4 12412
6 8 12417
6 12 12421
6 2 12423
6 3 12423
7 10 12431
7 1 12433
7 9 12441
8 2 12449
8 12 12456
8 4 12459
8 7 12462
8 13 12470
8 5 12470
8 9 12476
8 11 12485
8 2 12489
8 6 12490
8 13 12497
8 1 12499
9 6 12504
9 5 12506
9 2 12512
9 8 12513
9 10 12513
9 11 12519
9 7 12522
9 0 12529
9 4 12530
9 2 12531
9 8 12538
9 5 12540
10 0 12542
10 3 12546
10 1 12552
10 11 12556
11 4 12556
11 6 12562
11 7 12562
11 3 12563
11 12 12570
11 2 12575
11 8 12577
11 10 12581
13 6 12582
13 1 12590
13 3 12596
13 2 12600
13 5 12600
13 9 12606
13 10 12613
13 3 12617
13 1 12621
13 4 12629
13 6 12637
13 12 12637
13 9 12641
13 2 12649
13 11 12652
