25
false
0 23 70513
0 6 70519
0 5 70524
0 7 70530
0 8 70536
0 15 70541
0 3 70543
0 22 70548
0 18 70549
0 10 70558
0 2 70561
0 19 70569
0 1 70572
0 5 70574
0 3 70577
0 18 70577
0 9 70584
0 7 70584
0 15 70593
0 16 70599
0 19 70603
0 24 70612
0 23 70613
0 17 70618
0 11 70622
0 12 70629
0 8 70636
0 6 70639
0 21 70643
2 11 70652
2 12 70655
2 4 70655
2 17 70663
2 19 70669
2 20 70678
2 5 70682
2 24 70691
2 14 70700
2 10 70701
2 18 70707
2 1 70708
2 9 70712
2 20 70721
2 17 70730
2 4 70739
2 0 70745
2 19 70751
2 23 70754
2 3 70756
2 13 70757
2 24 70765
2 21 70766
2 7 70766
2 1 70774
3 22 70776
3 12 70777
3 6 70785
3 8 70791
3 5 70796
3 19 70797
3 13 70805
3 24 70808
3 23 70815
3 18 70821
3 0 70823
3 23 70827
3 11 70835
3 19 70835
3 15 70838
3 4 70841
3 1 70848
3 9 70848
3 14 70854
3 20 70858
3 17 70864
3 5 70869
3 8 70874
4 1 70876
4 21 70877
4 7 70882
4 12 70891
4 5 70892
4 6 70899
4 14 70904
4 22 70911
4 17 70912
4 3 70918
4 11 70922
4 13 70923
4 10 70925
4 20 70932
4 23 70940
4 12 70949
4 9 70954
4 5 70960
4 16 70960
4 3 70960
4 14 70968
4 19 70971
4 24 70980
4 20 70989
4 11 70992
4 21 70999
4 17 71005
4 10 71005
5 21 71014
5 19 71015
5 2 71015
5 17 71024
5 8 71024
5 23 71030
5 24 71037
5 20 71040
5 6 71041
5 3 71044
5 4 71052
5 9 71058
5 10 71061
5 22 71066
5 15 71068
5 22 71075
5 14 71079
5 16 71088
5 24 71090
5 2 71097
5 7 71097
5 10 71104
5 20 71108
5 1 71115
5 21 71121
5 4 71126
5 19 71129
5 6 71136
6 9 71145
6 17 71148
6 22 71154
6 3 71163
7 0 71169
7 1 71171
7 3 71180
7 24 71185
7 8 71187
7 4 71187
7 9 71188
7 20 71197
7 23 71197
7 11 71199
7 22 71200
7 21 71202
7 10 71204
7 18 71210
7 15 71218
7 16 71219
7 3 71225
7 18 71229
7 5 71232
7 8 71232
7 0 71238
7 1 71246
7 23 71247
7 10 71249
7 4 71258
7 22 71260
7 21 71269
7 24 71278
7 16 71284
7 13 71288
7 9 71291
7 2 71293
8 13 71301
8 9 71305
8 11 71309
9 23 71315
9 2 71317
9 21 71318
9 3 71320
9 0 71325
9 18 71328
9 22 71330
9 10 71337
9 14 71337
9 6 71337
9 20 71343
9 13 71348
9 4 71349
9 8 71358
9 13 71361
9 4 71366
9 2 71374
9 21 71375
9 6 71384
9 17 71390
9 16 71395
9 11 71397
9 8 71400
9 18 71401
9 22 71408
9 3 71415
9 7 71422
9 12 71429
9 15 71436
10 16 71438
10 12 71446
10 18 71451
10 11 71457
10 24 71465
10 3 71468
10 19 71471
10 21 71479
10 0 71486
10 9 71491
10 22 71494
10 20 71498
10 11 71501
10 2 71509
10 20 71511
10 3 71517
10 0 71521
10 21 71521
10 24 71527
10 17 71533
10 22 71537
10 13 71544
10 12 71544
11 2 71547
11 4 71552
11 22 71561
11 7 71562
11 19 71565
11 12 71569
11 14 71570
11 9 71579
11 17 71584
11 24 71591
11 21 71598
11 3 71604
11 18 71610
11 17 71615
11 9 71618
11 5 71626
11 23 71635
11 19 71635
11 8 71640
11 14 71644
11 4 71651
11 20 71660
11 7 71663
11 0 71672
12 6 71676
12 1 71677
12 5 71681
12 8 71685
12 15 71692
12 3 71697
12 16 71704
12 21 71709
12 11 71712
12 0 71721
12 20 71725
12 22 71725
12 23 71733
12 24 71741
12 10 71749
12 18 71753
12 13 71753
12 4 71759
12 2 71761
12 17 71762
12 20 71771
12 21 71773
12 7 71782
12 19 71788
12 11 71797
12 22 71803
12 0 71805
12 8 71813
13 3 71818
13 19 71824
13 9 71831
13 2 71831
13 18 71836
13 5 71838
13 6 71847
13 11 71855
13 22 71857
13 24 71858
13 20 71862
13 1 71870
13 7 71879
13 8 71888
13 14 71888
13 12 71888
13 16 71888
13 17 71897
13 24 71898
13 16 71901
13 20 71907
13 10 71916
13 9 71922
13 18 71930
13 23 71932
13 19 71933
13 3 71941
13 17 71941
13 0 71948
13 12 71956
13 2 71963
13 15 71966
14 24 71967
14 16 71971
14 21 71975
14 3 71975
14 18 71981
14 0 71989
14 2 71994
14 20 71999
14 5 72006
14 6 72008
14 1 72012
14 22 72021
14 9 72023
14 7 72031
14 15 72033
14 13 72041
14 9 72041
14 4 72045
14 1 72052
14 20 72060
14 23 72062
14 3 72062
14 5 72062
15 7 72070
15 16 72078
15 3 72085
15 9 72086
15 13 72090
15 8 72097
15 6 72098
15 7 72105
15 10 72107
15 22 72113
16 13 72114
16 10 72118
16 21 72123
16 19 72125
16 22 72129
17 23 72134
17 3 72138
17 24 72147
17 5 72155
17 21 72161
17 1 72166
17 20 72175
17 18 72177
17 8 72185
17 12 72194
17 23 72202
17 13 72209
17 7 72217
17 12 72223
17 8 72226
17 5 72233
17 4 72237
17 9 72246
17 20 72253
17 18 72259
17 21 72266
17 14 72270
18 2 72279
18 9 72287
18 3 72294
18 1 72296
18 15 72304
18 20 72304
18 10 72308
18 24 72317
18 8 72326
18 6 72326
18 0 72332
18 5 72335
18 4 72343
18 22 72352
18 12 72358
18 11 72367
18 13 72368
18 19 72373
18 21 72377
18 23 72382
18 14 72388
18 2 72396
18 6 72400
18 16 72403
18 17 72404
18 15 72410
18 7 72416
18 4 72421
18 10 72429
18 24 72437
19 20 72441
19 24 72448
19 18 72452
19 9 72455
19 23 72462
19 21 72469
19 1 72472
19 5 72479
19 12 72481
19 6 72486
19 8 72489
19 4 72494
19 2 72495
19 21 72498
19 20 72499
19 5 72501
19 23 72506
19 4 72506
19 9 72514
19 16 72520
19 22 72525
19 18 72525
19 10 72532
19 15 72532
19 8 72534
20 16 72542
20 15 72544
20 4 72548
20 12 72548
20 6 72556
20 19 72560
21 18 72567
21 1 72568
22 13 72568
22 10 72574
22 19 72582
22 3 72590
22 14 72599
22 7 72601
22 6 72608
22 24 72615
22 8 72619
22 16 72623
22 0 72629
22 11 72633
22 23 72633
22 17 72641
22 15 72644
22 19 72649
22 4 72657
22 1 72660
22 9 72665
22 11 72670
22 7 72678
22 2 72679
22 5 72685
22 21 72691
22 6 72695
23 0 72699
23 7 72704
23 1 72713
23 4 72719
23 21 72722
23 20 72727
23 18 72730
23 22 72733
23 3 72741
23 21 72749
23 8 72751
23 10 72755
23 22 72755
23 6 72763
23 0 72770
23 13 72771
23 3 72772
23 18 72774
23 24 72781
23 5 72785
24 11 72787
24 19 72789
24 18 72793
24 20 72794
24 9 72801
24 0 72808
24 8 72809
24 10 72816
24 2 72818
24 7 72823
24 12 72829
24 15 72831
24 22 72837
24 14 72841
24 18 72844
24 23 72853
24 7 72853
24 17 72856
24 19 72856
24 2 72863
24 10 72863
24 21 72870
24 12 72870
24 13 72870
24 22 72875
24 6 72884
24 20 72889
