27
false
0 4 90793
0 6 90799
0 3 90804
0 8 90810
0 1 90816
0 25 90816
0 19 90821
0 11 90826
0 5 90831
0 16 90832
0 24 90840
0 2 90847
0 13 90850
0 9 90858
0 26 90864
0 21 90869
0 22 90877
0 14 90883
0 17 90883
0 20 90890
0 6 90898
0 18 90898
0 4 90904
0 23 90913
0 12 90917
0 16 90918
0 10 90921
0 26 90925
0 5 90933
1 23 90937
1 14 90942
1 11 90948
1 21 90950
1 12 90959
1 7 90961
1 16 90965
1 17 90974
1 25 90983
1 15 90988
1 3 90997
1 10 91001
1 5 91008
1 19 91009
1 11 91009
1 2 91016
1 13 91025
1 21 91025
1 18 91032
1 17 91038
1 0 91041
1 14 91044
1 10 91052
1 9 91060
1 6 91066
1 16 91074
1 25 91076
1 12 91077
2 21 91080
2 17 91080
2 22 91081
2 16 91089
2 19 91092
2 6 91095
2 13 91098
2 4 91100
2 12 91108
2 4 91114
2 17 91118
2 13 91118
2 5 91119
2 7 91128
2 21 91137
2 19 91141
2 1 91145
3 13 91145
3 2 91148
3 5 91152
3 23 91158
3 16 91160
3 25 91167
3 24 91172
3 12 91173
3 19 91175
3 6 91182
3 10 91189
3 0 91192
3 17 91192
3 1 91196
3 21 91197
3 18 91204
3 14 91206
3 2 91215
3 1 91215
3 21 91224
3 7 91232
3 22 91236
3 17 91238
3 26 91247
3 24 91250
3 9 91257
3 5 91259
3 16 91259
3 23 91260
3 4 91260
5 8 91263
5 2 91267
6 11 91270
6 23 91271
6 15 91280
6 25 91289
6 24 91294
6 14 91298
6 26 91303
6 5 91304
6 1 91309
6 8 91317
6 9 91317
6 4 91324
6 22 91333
6 20 91337
6 22 91339
6 13 91348
6 26 91355
6 23 91360
6 4 91360
6 7 91367
6 12 91376
6 20 91377
6 2 91381
6 9 91384
6 3 91392
6 18 91399
6 24 91401
6 16 91404
7 2 91404
7 20 91405
7 11 91408
7 4 91417
7 21 91425
7 5 91433
7 24 91437
7 23 91442
7 17 91445
7 14 91453
7 8 91454
7 9 91456
7 15 91458
7 6 91465
7 16 91473
7 19 91476
7 22 91476
7 19 91484
7 25 91484
7 17 91490
7 15 91498
7 5 91503
7 2 91512
7 21 91519
7 0 91525
7 23 91534
7 6 91534
7 1 91536
7 14 91544
7 4 91547
7 18 91551
7 22 91554
8 26 91556
8 3 91557
8 15 91559
8 24 91564
8 10 91572
8 12 91574
8 14 91581
8 18 91581
8 25 91587
8 7 91592
8 2 91595
8 6 91595
8 0 91599
8 21 91607
8 11 91615
8 17 91622
8 16 91623
8 23 91625
8 24 91634
8 11 91640
8 2 91645
8 17 91646
8 7 91654
8 26 91657
8 12 91665
8 1 91672
8 22 91679
8 0 91686
8 20 91689
8 25 91695
8 6 91697
8 13 91705
8 4 91710
8 15 91716
9 14 91724
9 6 91727
9 20 91736
9 24 91742
9 2 91748
9 17 91755
9 3 91759
9 1 91766
9 10 91766
9 8 91772
9 0 91774
9 12 91774
9 21 91782
9 18 91782
9 22 91788
9 13 91793
9 16 91802
9 15 91802
9 23 91809
9 2 91813
9 8 91820
9 24 91827
9 14 91830
9 19 91833
9 16 91842
9 21 91843
9 12 91845
9 10 91847
9 0 91848
9 26 91853
9 18 91862
9 11 91869
9 20 91870
9 5 91874
10 0 91882
10 22 91889
10 11 91898
10 5 91903
10 6 91912
10 4 91912
10 25 91917
10 9 91921
10 14 91926
10 12 91929
10 6 91932
10 22 91941
10 17 91946
10 21 91951
10 1 91957
10 11 91958
11 17 91962
11 12 91969
11 4 91974
11 2 91980
11 20 91986
11 6 91992
11 7 91993
11 10 92002
11 22 92008
11 24 92013
11 18 92013
11 21 92014
11 13 92018
11 15 92023
11 16 92026
11 8 92034
11 10 92043
11 4 92052
11 21 92054
11 26 92054
11 9 92056
11 24 92065
11 0 92074
11 7 92075
11 1 92077
12 6 92079
12 18 92087
12 10 92094
12 21 92102
12 15 92107
12 2 92113
12 25 92120
12 9 92120
12 0 92125
12 20 92126
12 4 92127
12 17 92134
12 22 92143
12 1 92150
12 24 92151
12 19 92160
12 20 92160
12 18 92160
12 15 92164
12 24 92165
12 21 92168
12 0 92168
12 23 92173
12 19 92179
12 22 92187
12 17 92189
12 16 92197
12 5 92197
12 13 92197
12 2 92202
13 7 92209
13 10 92209
13 8 92212
13 14 92216
13 21 92217
13 5 92218
13 15 92226
13 17 92234
13 2 92239
13 24 92241
13 6 92241
13 18 92243
13 12 92247
13 1 92253
13 4 92255
13 9 92255
13 0 92263
13 21 92263
13 1 92267
13 10 92267
13 15 92271
13 12 92277
13 3 92277
13 20 92277
13 6 92282
13 22 92282
13 17 92290
13 26 92292
13 24 92292
13 25 92300
14 13 92307
14 10 92311
14 11 92318
14 23 92325
14 7 92330
14 12 92337
14 2 92341
14 19 92346
14 24 92350
14 6 92358
14 26 92361
14 16 92369
14 15 92378
14 0 92384
14 20 92385
14 3 92390
14 17 92398
14 13 92403
14 23 92411
14 25 92413
14 22 92421
14 2 92424
14 4 92426
14 10 92433
14 5 92436
14 24 92445
14 19 92454
14 1 92457
14 18 92459
15 20 92468
15 3 92473
15 10 92482
15 2 92490
15 9 92497
15 25 92504
15 0 92506
15 18 92514
16 12 92519
16 15 92528
16 4 92531
17 18 92531
17 9 92540
17 15 92546
17 16 92549
17 6 92558
17 1 92562
17 10 92570
17 26 92579
17 24 92585
17 25 92593
17 13 92597
17 5 92600
17 20 92606
17 11 92613
17 21 92617
17 3 92620
17 23 92621
17 8 92627
17 7 92633
17 2 92638
17 4 92646
17 14 92650
17 5 92655
17 6 92655
17 1 92662
17 21 92666
17 26 92669
17 15 92672
17 12 92678
18 26 92683
18 8 92684
19 23 92690
19 4 92698
19 2 92701
19 5 92701
19 3 92706
19 21 92713
19 6 92719
19 22 92719
19 15 92725
19 9 92727
19 11 92732
19 14 92732
19 20 92732
19 0 92741
19 24 92747
19 26 92749
19 1 92754
19 16 92762
19 13 92766
19 8 92772
19 4 92780
19 2 92782
19 3 92786
19 17 92786
19 20 92794
19 12 92798
19 13 92806
19 0 92807
19 9 92810
19 10 92815
19 11 92824
19 6 92828
19 15 92830
19 8 92831
19 14 92840
19 25 92843
19 22 92847
20 12 92848
20 22 92856
20 1 92863
20 16 92868
20 11 92877
20 5 92881
20 7 92884
20 26 92889
20 13 92897
20 19 92902
20 24 92903
20 18 92909
20 13 92910
20 10 92916
20 2 92916
20 21 92920
20 22 92924
20 7 92929
20 9 92938
20 6 92944
20 8 92952
21 2 92955
21 1 92963
21 25 92972
21 8 92973
21 14 92979
21 22 92987
21 9 92987
21 23 92994
21 11 92995
21 5 92995
21 19 92996
21 15 93004
21 6 93007
21 7 93011
21 3 93011
21 17 93012
21 8 93016
21 18 93020
21 20 93027
21 17 93028
21 26 93035
21 1 93037
21 19 93044
21 14 93046
21 15 93052
21 23 93054
21 11 93056
21 3 93065
21 16 93074
21 6 93074
21 25 93077
21 7 93081
21 0 93088
22 26 93088
22 16 93095
22 20 93095
22 14 93098
22 10 93105
22 24 93111
22 12 93114
22 1 93119
22 11 93122
22 25 93127
22 21 93136
22 3 93137
22 19 93144
22 8 93147
22 0 93155
22 18 93163
22 6 93168
22 5 93173
22 12 93174
22 21 93177
22 1 93179
22 15 93188
22 10 93188
22 8 93195
22 16 93199
22 17 93204
22 13 93211
22 19 93213
22 14 93222
22 0 93226
22 4 93235
22 11 93236
22 23 93245
22 26 93249
23 2 93254
23 3 93255
23 12 93263
23 15 93264
23 18 93272
24 20 93277
24 1 93283
24 26 93289
24 16 93294
24 8 93301
24 12 93306
24 0 93315
24 2 93320
24 7 93322
24 4 93328
24 14 93329
24 3 93330
24 15 93337
24 13 93343
24 7 93347
24 22 93347
24 23 93354
24 25 93360
24 19 93361
24 17 93368
24 9 93369
24 3 93377
24 16 93383
24 0 93384
24 1 93386
24 15 93388
24 11 93397
25 16 93400
25 5 93403
25 4 93407
25 2 93407
25 23 93408
25 21 93408
25 7 93412
25 2 93416
25 21 93424
25 16 93425
25 7 93434
25 0 93441
25 11 93449
25 1 93450
26 2 93450
26 13 93452
26 8 93458
26 6 93463
26 16 93465
26 21 93471
26 7 93479
26 23 93485
26 14 93488
26 13 93490
26 15 93499
26 0 93508
26 4 93511
26 24 93520
26 16 93526
26 25 93527
