28
false
0 6 102409
0 23 102415
0 4 102415
0 21 102422
0 18 102425
0 12 102427
0 2 102432
0 25 102440
0 15 102442
0 27 102444
0 19 102449
0 9 102450
1 24 102455
1 27 102462
1 23 102465
1 14 102467
1 6 102475
1 0 102478
1 5 102480
1 10 102483
1 12 102483
1 17 102491
1 12 102493
1 10 102498
1 9 102504
1 16 102513
1 0 102517
1 5 102520
1 25 102522
1 17 102528
1 24 102529
1 22 102536
1 2 102543
1 18 102544
2 14 102548
2 7 102553
2 24 102559
2 27 102561
2 9 102561
2 8 102569
2 22 102575
2 3 102575
2 19 102576
2 20 102585
2 15 102592
2 4 102601
2 19 102602
2 9 102610
2 24 102615
2 12 102621
2 23 102625
2 20 102625
2 27 102632
2 3 102641
2 7 102641
2 0 102648
3 14 102656
3 9 102659
3 24 102663
3 5 102664
3 22 102668
3 0 102669
4 7 102669
4 12 102670
4 16 102679
4 24 102681
4 26 102688
4 19 102689
6 15 102695
6 12 102700
6 10 102701
6 14 102709
6 25 102713
6 17 102718
6 11 102725
6 23 102731
6 2 102733
6 26 102737
6 18 102745
7 10 102745
7 5 102749
7 1 102750
7 25 102759
7 2 102768
7 18 102772
7 22 102776
7 12 102782
7 4 102787
7 11 102792
7 26 102798
7 16 102803
7 13 102804
7 15 102806
7 27 102808
7 6 102815
7 12 102818
7 10 102818
7 22 102822
7 27 102823
7 6 102825
7 19 102828
7 24 102832
7 14 102841
7 3 102841
7 13 102847
7 0 102851
7 18 102854
7 8 102863
7 25 102863
7 17 102870
7 20 102876
8 16 102876
8 14 102877
8 5 102886
8 3 102893
8 7 102902
8 10 102902
8 13 102908
8 21 102908
8 18 102909
8 9 102917
8 26 102922
8 9 102926
8 1 102931
8 15 102937
8 25 102939
8 0 102943
8 2 102950
8 18 102950
8 11 102957
8 17 102961
8 19 102965
8 3 102967
8 16 102976
9 1 102978
9 23 102982
9 24 102991
9 20 102998
9 17 103004
9 19 103010
9 13 103014
9 3 103019
9 21 103025
9 4 103034
9 25 103036
9 12 103039
9 11 103040
9 26 103041
9 12 103044
9 27 103053
9 1 103061
9 4 103069
9 24 103069
9 11 103074
9 21 103077
9 8 103083
9 18 103091
9 20 103096
9 16 103103
9 17 103108
9 15 103114
9 2 103122
9 22 103123
10 22 103126
10 16 103126
10 17 103134
10 13 103134
10 26 103140
10 6 103148
10 9 103153
10 20 103162
10 21 103169
10 14 103175
10 25 103179
10 1 103185
10 18 103193
10 11 103193
10 27 103195
10 4 103202
10 3 103210
10 8 103214
10 22 103221
10 2 103227
10 5 103235
10 6 103235
10 20 103243
10 7 103245
10 4 103250
10 15 103254
10 18 103261
10 3 103267
10 17 103267
10 25 103271
10 8 103279
10 13 103287
10 27 103292
10 1 103293
11 6 103302
11 3 103308
11 18 103313
11 0 103316
11 23 103318
11 22 103321
11 14 103323
11 21 103326
11 20 103333
11 12 103340
11 1 103347
11 17 103350
11 7 103356
11 13 103358
11 9 103366
11 26 103371
11 10 103379
11 25 103387
11 22 103390
11 26 103399
11 19 103405
11 2 103411
11 3 103418
11 10 103422
11 13 103429
11 5 103429
11 0 103429
11 4 103432
11 6 103432
11 16 103438
11 12 103438
11 7 103443
11 21 103450
12 8 103454
12 14 103461
12 11 103468
12 18 103471
12 15 103480
12 3 103487
12 25 103494
12 7 103503
12 27 103505
12 24 103507
12 21 103516
12 16 103521
12 2 103522
12 1 103523
12 0 103527
12 1 103533
12 8 103539
12 23 103544
12 13 103553
12 11 103558
12 2 103566
12 10 103566
12 3 103571
12 5 103575
12 21 103580
12 25 103583
12 22 103586
12 19 103595
13 12 103599
13 7 103600
13 25 103604
13 14 103608
13 27 103616
13 15 103618
13 26 103625
13 22 103630
13 10 103633
13 17 103638
13 21 103644
13 26 103649
13 27 103653
13 11 103655
13 14 103658
13 4 103659
13 0 103663
13 24 103668
13 2 103671
13 20 103680
13 6 103689
13 3 103691
14 1 103691
14 21 103697
14 8 103704
14 3 103713
15 5 103717
15 2 103718
15 9 103722
15 24 103728
15 20 103730
15 22 103737
16 3 103745
16 9 103754
16 20 103763
16 27 103770
16 4 103778
16 25 103780
16 11 103782
17 1 103783
17 22 103790
17 20 103799
17 21 103806
17 25 103810
17 6 103812
17 27 103820
17 7 103829
17 14 103838
17 2 103847
17 11 103847
17 5 103853
17 3 103858
17 0 103858
17 11 103863
17 24 103869
17 25 103877
17 14 103880
17 26 103889
17 13 103897
17 12 103904
17 2 103908
17 9 103908
17 7 103912
17 16 103920
17 8 103927
17 3 103927
17 6 103930
18 11 103931
18 8 103932
18 4 103940
19 2 103946
19 20 103954
19 27 103955
19 16 103960
19 1 103960
19 21 103960
19 5 103961
19 14 103967
19 8 103969
19 4 103971
19 22 103977
19 1 103979
19 13 103979
19 24 103987
19 0 103995
19 12 103998
20 8 104001
20 10 104008
20 26 104016
20 5 104024
20 6 104027
20 2 104035
21 6 104038
21 5 104038
21 24 104047
21 8 104047
21 16 104047
21 9 104055
21 0 104062
21 7 104069
21 19 104075
21 11 104082
21 1 104084
21 12 104084
21 27 104085
21 17 104089
21 3 104094
21 14 104096
21 2 104099
21 19 104107
21 20 104111
21 23 104111
21 8 104117
21 14 104118
21 5 104127
21 24 104129
21 1 104137
21 26 104145
21 25 104147
21 6 104155
21 13 104162
21 4 104170
21 18 104173
21 15 104182
21 3 104191
21 22 104198
21 7 104200
22 6 104205
22 13 104214
22 7 104222
22 25 104224
22 1 104225
22 16 104230
22 4 104235
22 20 104240
22 10 104249
22 9 104252
22 15 104252
22 17 104257
22 18 104262
22 11 104267
22 21 104275
22 8 104284
22 0 104293
22 3 104299
22 16 104308
22 6 104309
22 5 104314
22 3 104318
22 23 104321
22 27 104327
22 10 104333
22 7 104341
22 4 104345
22 9 104351
22 25 104357
22 0 104366
22 17 104371
22 18 104378
22 21 104382
24 27 104385
24 26 104389
24 13 104392
24 11 104399
24 7 104402
24 16 104407
24 9 104410
24 25 104417
24 5 104424
24 0 104430
24 2 104433
24 15 104433
24 1 104438
24 14 104445
24 19 104451
24 4 104452
24 22 104454
24 23 104459
24 6 104459
24 3 104467
24 4 104473
24 9 104476
24 26 104476
24 27 104481
24 16 104489
24 13 104491
24 25 104495
24 11 104495
24 20 104495
24 18 104503
24 19 104505
24 10 104507
24 22 104513
24 6 104519
24 17 104520
24 1 104523
24 12 104531
25 0 104540
25 1 104542
25 14 104549
25 3 104556
25 19 104559
25 6 104566
25 21 104568
25 10 104572
25 18 104578
25 20 104586
25 16 104593
25 12 104598
25 27 104607
25 11 104611
25 23 104614
25 5 104616
25 19 104621
25 2 104630
25 11 104636
25 0 104640
25 12 104646
25 14 104646
25 4 104648
25 3 104654
25 9 104663
25 26 104664
25 21 104669
25 5 104677
25 7 104679
25 13 104680
25 10 104688
25 1 104693
25 27 104693
25 20 104701
25 22 104701
25 8 104702
25 24 104709
25 16 104716
26 21 104716
26 10 104717
26 5 104719
26 14 104726
26 24 104730
26 8 104731
26 2 104735
26 12 104735
26 9 104739
26 17 104746
26 18 104748
26 15 104753
26 2 104760
26 19 104760
26 24 104764
26 4 104770
26 23 104774
26 14 104777
26 6 104786
26 8 104788
26 27 104795
26 20 104795
26 21 104802
26 22 104802
26 12 104808
26 9 104815
26 3 104818
27 15 104824
27 3 104827
27 25 104832
27 26 104832
27 7 104835
27 16 104840
27 13 104849
27 6 104850
27 12 104853
27 24 104861
27 14 104869
27 9 104874
27 8 104878
27 16 104883
27 23 104888
27 20 104889
27 5 104893
27 4 104893
27 17 104896
27 2 104896
27 3 104903
27 12 104905
27 6 104912
27 14 104919
