29
false
0 14 113117
0 9 113123
0 24 113123
0 17 113130
0 7 113133
0 25 113135
0 28 113140
0 27 113148
0 21 113150
0 18 113152
1 7 113155
1 21 113163
1 0 113168
1 6 113175
1 4 113178
1 9 113180
1 25 113188
1 2 113194
1 22 113199
1 14 113207
1 13 113213
1 17 113217
1 27 113225
1 8 113225
1 12 113234
1 7 113240
1 21 113244
1 9 113253
1 13 113255
1 2 113258
1 11 113262
1 22 113264
1 10 113271
1 23 113274
2 25 113279
2 6 113285
2 3 113287
2 28 113296
2 5 113298
3 12 113304
3 23 113304
3 10 113305
3 8 113309
4 16 113316
4 23 113325
4 17 113326
4 14 113334
4 26 113339
4 7 113345
4 13 113349
4 12 113356
4 8 113365
4 22 113372
4 27 113378
4 25 113381
4 28 113383
4 16 113384
4 18 113392
4 9 113393
4 1 113393
4 0 113401
4 8 113409
5 27 113416
5 1 113417
5 20 113420
5 12 113420
5 22 113424
5 3 113432
5 21 113436
5 11 113441
5 17 113448
5 7 113454
5 24 113456
5 9 113464
5 1 113470
5 18 113474
5 15 113474
6 14 113475
6 0 113484
6 12 113493
6 23 113497
6 9 113501
6 18 113507
6 26 113512
6 25 113517
6 21 113523
7 25 113525
7 18 113532
7 13 113537
7 17 113538
7 26 113543
7 0 113544
7 8 113546
7 16 113550
7 24 113556
7 2 113562
7 27 113565
7 20 113565
7 23 113570
8 6 113574
8 0 113583
8 9 113583
8 7 113592
8 3 113592
8 23 113592
8 27 113600
8 11 113609
8 5 113614
8 4 113620
8 10 113627
8 22 113627
8 14 113627
8 1 113628
8 23 113637
8 19 113644
8 22 113653
8 2 113653
8 24 113659
8 4 113666
8 0 113669
8 25 113670
8 13 113673
8 28 113681
8 9 113686
8 17 113687
8 18 113692
9 17 113694
9 23 113698
9 13 113705
10 3 113709
10 4 113718
10 8 113722
10 13 113729
10 22 113738
10 5 113745
10 0 113750
10 23 113759
10 6 113765
10 13 113774
10 1 113775
10 0 113780
10 26 113785
10 19 113790
10 15 113796
10 8 113805
11 17 113808
11 5 113814
11 22 113823
11 15 113823
11 24 113824
11 1 113833
11 8 113838
11 19 113840
11 10 113844
11 7 113849
11 25 113852
11 13 113854
11 26 113855
11 4 113857
11 26 113864
11 22 113869
11 6 113872
11 13 113872
11 10 113878
11 1 113881
11 9 113884
11 21 113884
11 12 113892
11 27 113892
11 14 113898
11 19 113906
11 16 113908
11 15 113917
11 8 113919
11 5 113925
12 23 113931
12 21 113935
12 26 113938
12 22 113943
12 18 113945
12 25 113953
12 3 113956
12 28 113960
12 11 113964
12 16 113967
13 3 113969
13 8 113970
13 9 113972
13 17 113977
13 4 113985
13 25 113987
13 28 113994
14 20 114001
15 3 114007
15 9 114012
15 6 114013
15 19 114020
15 18 114028
15 27 114035
15 14 114038
15 24 114046
15 21 114047
15 20 114056
15 11 114062
15 26 114068
15 18 114069
15 0 114077
15 8 114080
15 24 114088
15 13 114095
15 10 114103
15 9 114105
15 20 114112
15 27 114115
15 16 114122
15 19 114128
16 21 114133
16 20 114139
17 19 114147
17 28 114151
17 14 114154
17 15 114162
17 0 114167
17 11 114167
17 1 114172
17 20 114175
17 25 114179
17 2 114187
17 9 114189
17 7 114193
17 27 114198
17 18 114207
17 0 114212
17 28 114218
17 22 114222
17 21 114229
17 4 114229
17 3 114234
17 20 114241
17 9 114250
17 10 114252
17 13 114254
17 7 114255
17 25 114257
18 3 114264
18 5 114267
18 21 114275
18 9 114282
18 17 114285
18 0 114288
18 12 114296
18 16 114305
18 26 114305
18 28 114310
18 2 114314
18 7 114321
18 4 114330
18 25 114332
18 28 114341
18 12 114350
18 19 114359
18 16 114365
18 24 114369
18 1 114370
18 15 114378
18 9 114383
18 14 114391
18 13 114393
18 25 114400
18 21 114405
18 4 114408
19 21 114414
19 9 114419
19 6 114424
19 24 114424
19 11 114432
19 20 114438
20 28 114443
20 8 114446
20 21 114454
20 19 114460
20 3 114462
20 24 114463
20 15 114472
20 1 114474
20 17 114483
20 23 114487
20 4 114488
20 12 114492
20 25 114498
20 6 114500
20 14 114507
20 13 114515
20 7 114524
20 26 114531
20 11 114531
20 27 114536
20 28 114538
20 11 114547
20 7 114555
20 4 114557
20 17 114558
20 1 114563
20 18 114564
20 5 114566
20 12 114574
20 8 114583
20 16 114583
20 10 114583
20 19 114584
20 27 114589
20 24 114589
20 14 114595
20 3 114595
21 10 114596
21 28 114604
21 7 114611
21 6 114618
21 1 114624
21 2 114631
21 24 114635
21 20 114643
21 27 114643
21 5 114646
21 19 114647
21 14 114648
21 4 114648
21 3 114648
21 8 114653
21 17 114658
21 4 114659
21 11 114665
21 18 114667
21 10 114671
21 19 114675
21 8 114683
21 15 114690
21 16 114692
21 27 114700
21 25 114703
21 13 114712
21 23 114718
21 0 114718
21 5 114727
21 2 114729
21 17 114729
21 7 114733
21 12 114738
21 9 114738
22 19 114746
22 4 114747
23 9 114754
23 6 114755
23 13 114763
23 20 114770
23 28 114771
23 26 114778
23 11 114780
23 15 114780
23 21 114781
23 2 114782
23 14 114786
23 4 114790
23 7 114793
23 5 114797
23 27 114798
23 13 114807
23 1 114809
23 6 114817
23 26 114825
23 28 114834
23 12 114837
23 22 114844
23 24 114853
23 19 114862
23 17 114862
23 5 114865
24 19 114870
24 3 114879
24 11 114887
24 23 114894
24 7 114901
24 9 114903
24 5 114911
24 18 114911
24 21 114920
24 20 114929
24 0 114929
24 28 114938
24 16 114943
24 2 114948
24 13 114956
24 26 114965
24 5 114967
24 20 114973
24 4 114982
24 9 114991
24 14 114992
24 19 114993
24 18 114998
24 23 115002
25 19 115008
25 22 115015
25 0 115020
25 15 115027
25 12 115036
25 24 115041
25 7 115044
26 3 115051
26 13 115055
26 18 115064
26 21 115067
26 27 115071
26 19 115074
26 28 115081
26 14 115088
26 7 115092
26 11 115098
26 9 115105
26 22 115112
26 17 115117
26 6 115120
26 24 115125
26 15 115132
26 5 115135
26 12 115141
26 9 115143
26 13 115148
26 16 115152
26 24 115157
26 23 115163
26 8 115168
26 14 115168
26 2 115173
26 18 115176
26 27 115180
26 22 115180
26 10 115180
26 11 115185
26 20 115189
26 12 115195
26 21 115199
27 11 115200
27 14 115207
27 10 115207
27 2 115213
27 25 115221
27 17 115225
27 13 115234
27 1 115236
27 22 115237
27 6 115246
27 19 115250
27 8 115259
27 0 115263
27 12 115267
27 5 115267
27 7 115275
27 2 115278
27 3 115283
27 11 115291
27 10 115294
27 25 115298
27 6 115304
27 12 115312
27 13 115317
27 20 115318
27 1 115324
27 23 115330
27 4 115334
27 14 115336
27 5 115342
28 16 115348
28 15 115351
28 19 115356
28 18 115359
