36
false
0 18 212114
0 3 212120
0 20 212120
0 21 212127
1 19 212133
1 16 212133
1 21 212141
1 3 212143
1 27 212145
1 23 212150
1 25 212151
1 24 212159
1 33 212168
1 15 212175
1 14 212177
1 18 212185
1 8 212191
1 22 212199
1 5 212205
1 20 212212
1 6 212220
1 0 212220
1 11 212229
1 32 212238
1 12 212242
1 29 212245
1 29 212251
1 20 212252
1 18 212259
1 6 212266
1 26 212267
1 3 212273
1 14 212280
1 23 212282
1 12 212291
1 34 212294
1 17 212294
1 16 212302
1 10 212308
1 7 212308
1 11 212309
1 35 212313
1 21 212322
1 5 212329
1 24 212334
1 28 212335
1 32 212339
2 9 212348
2 10 212354
2 17 212360
2 0 212363
2 13 212365
2 14 212368
2 1 212376
2 24 212377
2 29 212384
2 16 212385
2 32 212394
2 28 212396
2 3 212397
2 33 212405
2 23 212411
2 12 212416
2 22 212417
2 34 212425
2 15 212428
2 26 212428
2 6 212436
2 18 212440
2 26 212448
2 30 212448
2 28 212451
2 22 212454
2 5 212461
2 9 212461
2 17 212467
2 16 212467
2 8 212469
2 4 212469
2 29 212472
2 23 212476
2 14 212482
2 25 212484
2 7 212491
2 15 212496
2 21 212497
2 34 212502
2 6 212509
2 13 212511
2 10 212515
2 0 212518
2 33 212518
3 27 212525
3 11 212533
3 14 212535
3 19 212535
3 12 212544
3 32 212544
3 16 212544
3 30 212552
3 35 212554
3 31 212563
3 26 212572
3 6 212575
3 0 212582
3 5 212584
3 8 212584
3 21 212593
3 27 212600
3 30 212607
3 10 212607
3 20 212611
3 33 212617
3 11 212620
3 16 212629
3 6 212634
3 5 212638
3 17 212643
3 32 212644
3 28 212649
3 8 212657
3 26 212659
3 23 212663
3 12 212670
4 13 212674
4 33 212681
4 34 212683
5 31 212685
5 4 212694
5 8 212701
5 14 212706
5 22 212706
5 7 212713
5 16 212720
5 11 212721
5 20 212726
5 0 212731
5 13 212736
5 9 212739
5 6 212746
5 32 212755
5 33 212757
5 35 212758
5 2 212759
5 35 212768
5 21 212776
5 32 212784
5 12 212784
5 24 212785
5 19 212794
5 13 212794
5 14 212802
5 23 212808
5 33 212810
5 7 212818
5 15 212824
5 30 212830
5 10 212833
5 4 212833
5 1 212841
6 0 212841
6 2 212842
6 30 212850
6 5 212855
6 20 212864
6 21 212871
6 18 212877
6 25 212881
6 32 212887
6 14 212896
6 15 212896
6 33 212903
6 26 212903
6 28 212910
6 31 212918
6 34 212922
6 12 212926
6 13 212929
6 35 212931
6 17 212939
6 22 212939
6 17 212943
6 18 212946
6 12 212948
6 5 212955
6 0 212955
6 7 212961
6 16 212966
6 2 212969
6 33 212969
6 19 212970
6 30 212977
6 10 212980
6 1 212987
6 20 212990
6 15 212995
6 31 213003
6 23 213005
6 11 213011
6 24 213014
7 16 213022
7 35 213025
7 3 213033
7 28 213040
7 4 213047
7 0 213054
7 9 213061
7 29 213064
7 15 213071
7 8 213077
7 33 213079
7 13 213087
7 22 213092
7 6 213098
7 12 213107
7 5 213111
7 15 213117
7 2 213123
7 35 213130
7 30 213134
7 1 213141
7 8 213145
7 16 213148
7 6 213156
7 4 213158
7 32 213164
7 22 213170
7 9 213175
7 11 213181
7 5 213188
8 20 213192
8 26 213199
8 15 213206
8 14 213209
8 28 213212
8 19 213217
8 25 213226
8 3 213227
8 5 213230
8 16 213234
8 12 213238
8 17 213247
8 27 213256
8 2 213263
8 14 213264
8 29 213265
8 32 213269
8 1 213275
8 20 213281
8 35 213286
8 9 213289
8 6 213298
8 22 213298
8 7 213303
8 12 213312
8 5 213317
8 21 213320
9 15 213324
9 35 213328
9 17 213333
9 3 213338
9 28 213344
9 32 213345
10 34 213353
10 0 213358
10 15 213366
10 3 213368
10 6 213375
10 14 213380
10 13 213386
10 17 213391
10 22 213397
10 19 213399
10 7 213407
10 9 213413
10 24 213418
10 26 213426
10 28 213435
10 22 213444
10 3 213446
10 31 213447
10 34 213456
10 0 213458
10 15 213463
10 23 213465
10 21 213469
10 35 213478
10 8 213484
10 24 213486
10 9 213494
10 1 213501
10 30 213509
10 25 213518
11 9 213518
11 0 213523
11 16 213528
11 20 213529
11 13 213530
11 26 213537
11 4 213546
11 1 213553
12 6 213554
12 28 213563
12 22 213566
12 33 213572
12 1 213572
12 2 213572
12 11 213573
12 30 213580
12 26 213584
12 17 213590
12 19 213595
12 0 213595
12 23 213600
12 16 213603
12 34 213603
12 35 213605
12 5 213606
12 18 213612
12 29 213617
12 35 213620
12 32 213620
12 7 213626
12 18 213627
12 25 213631
12 21 213635
12 26 213643
12 16 213643
12 2 213648
12 15 213650
12 17 213651
12 34 213656
12 6 213663
12 19 213665
12 14 213669
12 22 213678
12 20 213680
12 10 213686
12 13 213688
12 9 213688
12 4 213696
12 28 213705
12 24 213713
12 33 213717
12 3 213717
12 30 213726
13 30 213729
13 26 213737
13 23 213741
13 31 213746
13 34 213746
13 35 213754
13 4 213762
13 25 213770
13 8 213777
13 12 213778
13 19 213786
13 16 213789
13 11 213795
13 23 213802
13 7 213807
13 12 213814
13 20 213814
13 31 213819
13 22 213820
13 29 213824
13 10 213831
13 14 213835
14 33 213840
14 18 213844
14 6 213853
14 24 213861
14 2 213867
14 3 213872
14 25 213881
14 16 213883
14 1 213891
14 26 213899
14 12 213908
14 21 213915
14 10 213922
14 22 213925
14 5 213930
14 15 213939
14 32 213948
14 7 213948
14 27 213954
14 8 213960
14 29 213969
14 30 213974
14 1 213983
14 11 213991
14 18 213998
14 34 214005
14 9 214007
14 27 214015
14 12 214020
14 6 214029
14 13 214032
14 26 214036
14 33 214042
14 7 214045
14 15 214054
14 10 214058
14 22 214060
14 35 214067
14 28 214076
14 19 214085
15 18 214086
15 11 214092
15 6 214098
15 19 214106
15 12 214110
15 30 214113
15 23 214114
15 17 214120
15 21 214126
15 0 214135
15 33 214140
15 32 214143
15 20 214151
15 5 214156
15 24 214156
15 27 214159
15 13 214162
15 35 214166
15 3 214172
15 1 214175
15 25 214182
15 28 214187
15 18 214190
15 17 214195
15 10 214204
15 3 214204
15 13 214205
15 4 214208
15 32 214209
15 2 214212
15 33 214221
15 30 214225
15 24 214230
15 27 214238
15 26 214240
15 1 214240
15 6 214247
15 5 214247
15 20 214250
15 31 214250
15 16 214250
15 22 214258
15 11 214260
15 12 214264
15 8 214264
17 26 214270
17 28 214277
17 1 214278
17 9 214281
17 31 214287
17 13 214295
17 10 214303
17 4 214312
17 33 214314
17 30 214321
17 15 214328
17 7 214331
17 2 214338
17 21 214340
17 22 214344
17 3 214348
17 24 214348
17 27 214356
17 23 214359
17 9 214364
17 2 214372
17 7 214375
17 29 214379
17 28 214384
17 22 214392
17 10 214397
17 24 214398
17 27 214404
17 13 214405
17 8 214409
17 32 214415
17 30 214415
17 34 214420
17 18 214429
17 33 214435
17 21 214440
18 2 214443
18 20 214446
18 1 214454
18 10 214457
18 21 214462
18 11 214462
18 0 214470
18 16 214474
18 13 214474
18 23 214475
18 32 214482
18 28 214489
18 19 214490
18 14 214490
18 34 214491
18 34 214495
18 3 214495
18 28 214497
18 9 214499
18 20 214501
18 26 214505
18 21 214505
18 8 214506
18 17 214513
18 1 214515
18 19 214520
18 33 214526
19 32 214528
19 2 214530
19 12 214539
19 30 214547
19 11 214555
19 9 214562
19 4 214564
19 15 214571
19 16 214571
19 13 214578
19 33 214582
19 26 214582
19 34 214589
19 29 214589
19 23 214592
19 28 214599
19 10 214608
19 7 214613
19 35 214620
19 21 214629
19 3 214630
19 1 214637
19 8 214640
19 0 214648
19 18 214656
19 20 214660
19 24 214665
19 23 214670
19 12 214671
19 21 214674
19 28 214676
19 33 214679
19 10 214679
19 35 214686
19 8 214688
19 17 214693
19 26 214700
19 3 214701
19 16 214703
19 0 214707
19 14 214708
19 31 214717
19 32 214726
19 7 214733
19 15 214734
19 27 214742
19 29 214746
20 28 214752
20 35 214758
20 34 214763
20 26 214770
20 30 214775
20 18 214784
20 29 214785
20 9 214789
20 8 214791
20 32 214792
20 33 214796
20 15 214796
20 11 214802
20 12 214803
20 24 214810
20 13 214818
20 14 214823
20 0 214824
20 16 214828
20 23 214835
20 7 214841
20 1 214842
20 8 214849
20 27 214850
20 12 214858
20 25 214864
20 16 214872
20 31 214878
20 18 214881
20 11 214890
20 33 214895
20 13 214899
20 4 214907
20 24 214908
20 15 214908
20 22 214916
21 11 214920
21 30 214928
21 16 214929
21 34 214938
21 9 214945
21 20 214953
21 28 214954
21 19 214957
21 2 214957
21 13 214959
21 8 214965
21 33 214970
21 3 214976
21 7 214984
21 26 214984
21 32 214990
21 5 214993
21 14 214995
21 14 214995
21 23 215001
21 25 215005
21 31 215012
21 26 215016
21 15 215016
21 22 215022
21 20 215031
21 19 215037
21 30 215044
21 0 215044
21 17 215046
21 11 215050
21 24 215054
21 28 215063
21 18 215065
21 16 215065
21 12 215072
22 15 215078
22 19 215087
22 31 215095
22 26 215100
22 11 215104
22 2 215109
22 29 215110
22 33 215112
22 27 215116
22 13 215123
22 24 215132
22 12 215132
22 8 215135
22 6 215135
22 14 215144
22 34 215152
22 32 215156
22 20 215157
22 6 215157
22 30 215160
22 4 215163
22 24 215172
22 12 215181
22 19 215181
22 7 215182
22 25 215185
22 21 215187
22 14 215196
22 18 215198
22 0 215204
22 3 215206
22 34 215207
22 27 215215
22 23 215221
22 2 215229
22 5 215233
23 24 215239
23 19 215245
23 34 215253
23 33 215257
23 26 215266
23 20 215272
23 17 215274
23 5 215282
23 4 215290
23 3 215297
23 2 215303
23 2 215312
23 16 215316
23 22 215320
23 32 215325
23 18 215334
23 7 215336
23 34 215337
23 17 215341
23 35 215348
23 19 215355
24 19 215364
24 18 215368
24 27 215377
24 0 215382
24 34 215384
24 9 215384
24 26 215392
24 25 215399
24 14 215402
24 5 215405
25 18 215411
25 34 215419
25 11 215424
25 32 215427
25 21 215430
25 26 215434
25 17 215435
25 1 215437
25 22 215442
25 35 215445
25 27 215447
25 15 215452
25 20 215460
25 19 215465
25 14 215470
25 5 215471
25 7 215478
25 6 215486
25 27 215490
25 11 215498
25 22 215498
25 23 215502
25 30 215504
25 28 215511
25 15 215518
25 35 215525
25 31 215533
25 4 215539
25 26 215545
25 12 215546
25 0 215554
26 4 215554
26 12 215560
26 16 215567
26 27 215571
26 1 215571
27 15 215573
27 25 215577
27 3 215582
27 5 215591
27 24 215591
27 14 215592
27 31 215594
27 7 215597
27 21 215599
27 26 215603
27 13 215611
27 32 215613
27 22 215616
27 16 215620
27 8 215627
27 34 215634
27 7 215634
27 20 215643
27 30 215649
27 2 215656
27 18 215665
27 32 215668
27 9 215672
27 0 215675
27 26 215682
27 11 215688
27 5 215691
27 24 215694
27 8 215703
27 19 215703
27 10 215708
27 22 215714
28 16 215717
28 35 215718
28 23 215724
28 17 215733
28 31 215733
28 3 215733
28 14 215734
28 2 215741
28 33 215746
28 8 215754
28 21 215763
28 13 215764
28 7 215767
28 5 215767
28 8 215775
28 0 215782
28 23 215785
28 26 215788
28 22 215795
28 10 215804
28 35 215805
28 32 215811
28 3 215811
28 24 215820
28 30 215827
29 31 215836
29 1 215840
29 25 215845
29 24 215853
29 7 215856
29 26 215859
29 16 215864
29 3 215865
29 35 215866
29 2 215867
29 18 215868
29 13 215868
29 14 215870
29 11 215873
29 17 215879
29 13 215884
29 20 215885
29 23 215888
29 24 215896
29 1 215898
29 18 215904
29 21 215913
29 26 215921
29 8 215922
29 31 215923
29 33 215927
29 35 215936
30 5 215939
30 13 215947
30 2 215952
30 16 215953
30 8 215961
30 20 215969
30 18 215971
30 28 215980
30 29 215987
30 0 215992
30 24 215996
30 31 215999
30 1 216001
30 17 216002
30 21 216002
30 24 216008
30 17 216010
30 4 216019
30 22 216019
30 25 216027
30 5 216027
30 23 216029
30 28 216038
30 11 216044
30 0 216053
30 32 216054
30 20 216059
30 8 216060
30 13 216064
31 29 216064
31 18 216065
31 17 216069
31 8 216076
31 7 216083
31 23 216086
31 24 216091
31 20 216097
31 4 216105
31 15 216109
31 33 216116
31 25 216118
31 19 216119
31 0 216126
31 34 216135
31 20 216143
31 9 216149
31 17 216153
31 22 216159
31 2 216166
31 13 216171
31 7 216179
31 33 216183
31 3 216189
31 26 216191
31 30 216200
31 28 216201
31 18 216209
32 20 216216
32 22 216216
32 5 216222
32 27 216229
32 23 216236
32 31 216240
32 15 216248
32 17 216254
32 16 216255
32 6 216258
32 34 216267
32 1 216269
32 21 216277
32 18 216286
32 4 216286
32 3 216291
32 12 216294
32 30 216297
32 24 216305
32 33 216308
32 10 216313
32 8 216318
32 2 216322
32 0 216327
32 33 216335
32 26 216339
32 21 216343
32 17 216350
32 14 216359
32 31 216362
32 34 216367
32 24 216368
32 29 216376
32 1 216377
32 25 216382
32 8 216383
32 5 216391
32 22 216396
32 11 216404
32 19 216411
32 20 216413
32 18 216415
32 2 216417
33 11 216419
33 18 216421
34 11 216426
34 13 216426
34 1 216429
34 32 216437
34 5 216440
34 17 216447
34 10 216451
34 14 216460
34 20 216469
34 3 216475
34 9 216484
34 35 216488
34 5 216497
35 26 216505
35 1 216513
35 9 216519
35 8 216520
35 13 216525
35 28 216533
35 18 216537
35 10 216537
35 19 216545
35 3 216545
35 27 216554
35 29 216558
35 11 216560
35 4 216566
35 6 216568
35 20 216570
35 32 216579
35 33 216584
35 23 216590
35 31 216595
35 28 216603
35 7 216604
35 27 216612
35 6 216616
35 34 216617
35 22 216626
35 21 216635
35 9 216644
35 33 216653
35 25 216661
35 26 216667
35 15 216667
35 1 216670
35 5 216671
35 20 216672
35 4 216677
35 31 216683
35 16 216690
35 32 216690
35 11 216695
