38
false
0 36 249051
0 19 249057
0 8 249057
0 33 249064
0 1 249070
0 24 249070
0 23 249075
0 26 249080
0 32 249083
0 20 249090
0 37 249093
0 9 249101
0 10 249106
1 5 249113
1 29 249113
1 32 249117
1 24 249125
1 20 249128
1 11 249130
1 36 249133
1 30 249141
1 2 249148
1 12 249150
1 22 249155
1 34 249161
1 15 249165
1 4 249174
1 27 249175
1 22 249180
1 9 249186
1 12 249187
1 14 249194
1 0 249201
1 30 249202
1 13 249208
1 15 249213
1 2 249219
1 33 249221
1 11 249230
1 36 249232
2 8 249241
2 10 249250
2 5 249255
2 26 249264
2 9 249271
3 19 249276
3 29 249283
3 22 249289
3 14 249290
3 24 249294
3 30 249303
3 31 249312
3 25 249321
3 18 249327
3 21 249336
3 0 249339
3 31 249341
3 16 249344
3 19 249352
4 31 249353
4 35 249353
4 30 249354
4 22 249363
4 0 249365
4 14 249372
4 13 249373
4 27 249376
4 16 249376
4 17 249380
4 2 249388
4 15 249392
4 25 249397
4 21 249404
4 9 249410
4 30 249412
4 0 249420
4 20 249426
4 6 249430
4 3 249434
4 1 249435
4 23 249444
5 11 249450
5 2 249450
5 14 249452
5 32 249452
5 33 249455
5 25 249459
5 16 249461
5 6 249462
5 34 249467
5 15 249476
5 29 249477
5 1 249484
5 35 249486
5 27 249488
5 23 249495
5 36 249499
5 4 249505
5 18 249508
5 19 249508
5 12 249512
5 16 249521
5 15 249526
5 10 249532
5 23 249538
5 26 249546
5 6 249550
5 24 249554
5 3 249556
5 27 249565
5 31 249570
5 2 249573
5 22 249580
5 0 249586
5 12 249586
5 37 249595
5 13 249596
5 35 249596
5 17 249605
5 4 249605
5 29 249611
5 18 249618
5 28 249621
5 1 249624
6 22 249633
6 12 249638
6 23 249642
6 1 249647
6 4 249648
6 35 249650
6 10 249652
6 17 249656
6 16 249663
6 3 249672
6 14 249681
6 34 249683
6 2 249690
6 4 249690
6 5 249690
6 13 249692
6 37 249696
6 20 249705
6 32 249712
6 35 249718
6 27 249719
6 28 249724
6 25 249729
6 3 249732
6 34 249739
7 23 249748
7 5 249750
7 12 249753
7 19 249753
7 0 249754
7 34 249757
7 11 249766
7 13 249774
7 18 249782
7 12 249782
7 20 249783
7 19 249792
7 35 249792
7 22 249794
7 23 249795
7 28 249797
7 3 249799
7 21 249806
7 37 249814
8 0 249814
8 4 249820
8 23 249823
8 12 249826
8 34 249826
8 1 249834
8 17 249834
8 20 249840
8 9 249848
8 16 249849
8 5 249851
8 13 249860
8 29 249862
8 10 249868
8 31 249872
8 32 249878
8 28 249882
8 19 249885
8 36 249885
8 14 249892
8 33 249900
8 2 249907
8 37 249913
8 3 249915
8 36 249916
8 32 249916
8 23 249920
8 0 249923
8 24 249925
8 17 249932
8 34 249932
8 4 249935
8 11 249935
8 13 249936
8 14 249943
8 21 249949
8 30 249958
8 19 249966
8 29 249975
8 7 249982
8 26 249983
8 27 249985
8 22 249994
9 2 250000
9 33 250006
9 15 250007
9 10 250015
9 27 250018
9 31 250026
9 20 250033
9 3 250041
9 5 250043
9 1 250050
9 29 250057
9 35 250062
9 18 250068
9 37 250076
9 4 250081
9 32 250087
9 30 250096
9 34 250099
9 19 250105
9 2 250111
9 35 250118
9 22 250122
9 13 250129
9 26 250133
9 12 250139
9 31 250141
9 8 250141
9 28 250147
9 18 250151
9 16 250151
9 5 250160
9 21 250167
9 24 250169
9 11 250170
10 30 250173
10 24 250176
10 23 250181
10 9 250190
10 25 250191
10 15 250194
10 14 250198
10 28 250202
10 19 250211
10 37 250220
10 29 250224
10 26 250225
10 31 250226
10 28 250230
10 23 250236
10 6 250243
10 5 250246
10 35 250249
10 11 250257
10 4 250266
10 16 250266
10 1 250275
10 26 250284
10 29 250289
10 21 250291
11 15 250295
11 5 250300
11 21 250305
11 28 250311
11 0 250312
11 13 250316
11 10 250320
11 9 250327
11 4 250332
11 14 250338
11 33 250344
11 31 250350
11 1 250355
11 26 250360
11 6 250365
11 34 250365
11 3 250373
11 29 250379
11 24 250388
11 35 250395
11 27 250395
11 17 250401
11 10 250408
11 27 250417
11 0 250426
11 36 250432
11 7 250441
11 24 250443
11 20 250443
11 4 250450
11 15 250459
11 18 250467
11 13 250476
11 6 250485
11 9 250492
11 33 250494
11 37 250496
11 5 250498
11 19 250499
11 1 250503
11 12 250505
11 35 250514
11 34 250523
11 2 250523
11 29 250524
12 33 250533
12 30 250537
12 25 250543
12 37 250549
12 17 250554
12 0 250560
12 3 250568
12 18 250571
12 16 250580
12 37 250588
13 32 250592
13 11 250592
13 6 250592
13 19 250597
14 30 250605
14 6 250612
14 33 250612
14 4 250615
14 12 250619
14 25 250620
14 18 250621
14 24 250629
14 22 250637
14 23 250638
14 13 250639
14 28 250644
14 37 250645
14 20 250651
14 32 250660
14 8 250662
14 36 250670
14 7 250672
14 32 250674
14 36 250682
14 31 250682
14 26 250686
14 11 250686
14 29 250690
14 1 250696
14 0 250704
14 12 250706
14 3 250706
14 2 250709
14 35 250709
14 24 250709
14 4 250710
14 30 250717
14 16 250718
14 17 250726
15 9 250732
15 25 250739
15 11 250744
15 22 250751
15 30 250751
15 21 250756
15 19 250761
15 24 250763
15 2 250767
15 4 250769
15 29 250777
15 28 250781
15 10 250789
15 23 250794
15 17 250802
15 12 250807
15 36 250815
15 8 250818
15 27 250826
15 26 250829
15 35 250831
15 34 250834
15 19 250841
15 11 250845
15 31 250854
15 32 250861
15 6 250864
15 28 250870
15 16 250875
15 23 250884
15 0 250891
15 8 250898
15 9 250900
15 13 250900
15 3 250904
15 29 250913
15 27 250922
15 37 250927
15 18 250932
15 1 250937
15 33 250945
15 34 250954
15 30 250956
15 10 250962
16 8 250963
16 5 250968
16 27 250972
16 11 250975
16 29 250981
16 14 250987
16 7 250995
16 6 250999
16 0 251002
16 13 251003
16 28 251010
16 36 251019
16 19 251024
16 20 251027
16 1 251032
16 37 251039
16 3 251043
16 12 251052
16 13 251055
16 37 251056
16 9 251059
16 36 251064
16 10 251065
16 29 251070
16 5 251071
16 24 251077
16 25 251085
16 17 251088
16 15 251093
16 11 251094
16 30 251097
16 0 251098
17 7 251103
17 33 251103
17 20 251103
17 15 251112
17 28 251118
17 30 251123
17 23 251123
17 24 251130
17 25 251130
17 10 251133
17 12 251140
17 32 251149
17 0 251155
17 26 251161
17 4 251166
17 22 251170
17 18 251172
17 34 251178
18 11 251182
18 6 251190
18 1 251191
18 33 251198
18 37 251198
18 13 251204
18 2 251212
18 16 251216
19 17 251218
19 26 251225
19 5 251232
19 15 251239
19 7 251243
19 25 251245
19 34 251245
19 14 251246
19 30 251254
19 22 251261
19 0 251266
19 29 251270
19 22 251275
19 16 251283
19 8 251288
19 2 251289
19 11 251295
19 27 251296
19 28 251302
19 36 251302
19 30 251306
19 34 251311
19 26 251320
19 0 251321
19 37 251326
19 1 251334
19 29 251336
19 7 251344
19 9 251353
20 37 251353
20 34 251361
20 24 251363
20 26 251367
20 31 251367
20 25 251368
20 18 251375
20 32 251382
20 13 251383
20 36 251383
20 6 251384
20 11 251386
21 35 251386
21 18 251388
21 3 251390
21 22 251392
21 4 251396
21 32 251397
21 16 251404
21 24 251411
21 14 251412
21 29 251419
21 1 251421
21 34 251428
21 5 251430
21 20 251434
21 8 251440
21 3 251444
21 8 251447
21 36 251456
21 15 251456
21 22 251459
21 35 251463
21 20 251470
21 31 251477
21 32 251477
21 18 251483
21 1 251490
21 9 251493
21 6 251500
21 7 251506
21 23 251511
21 11 251513
21 30 251516
22 7 251520
22 23 251521
23 9 251524
23 21 251530
23 5 251537
23 12 251540
23 0 251548
23 2 251556
23 1 251561
23 6 251565
23 28 251570
23 13 251575
23 36 251576
23 29 251580
23 24 251580
23 8 251589
23 31 251593
23 25 251600
23 30 251602
23 32 251609
23 10 251616
23 27 251617
23 14 251619
23 17 251625
23 22 251631
23 35 251632
23 37 251634
23 30 251643
23 5 251643
23 17 251650
23 34 251658
23 13 251659
23 31 251667
23 22 251672
23 6 251678
23 21 251684
23 20 251689
23 28 251696
23 12 251705
23 9 251706
23 18 251708
23 36 251708
23 3 251712
23 1 251712
23 10 251712
23 32 251719
23 19 251727
23 26 251732
24 18 251741
24 21 251747
24 33 251752
24 11 251758
24 27 251759
24 4 251766
24 6 251774
24 13 251780
24 1 251788
24 34 251793
24 0 251795
24 25 251798
24 5 251804
24 27 251807
24 33 251810
24 15 251814
24 20 251822
24 14 251823
24 12 251828
24 8 251836
25 21 251840
25 32 251848
25 34 251849
25 33 251858
25 20 251860
25 16 251868
25 18 251869
25 5 251872
25 27 251874
25 26 251880
25 9 251885
25 4 251887
25 0 251894
25 8 251896
25 17 251899
25 3 251901
25 1 251907
25 10 251916
25 27 251920
25 17 251927
25 28 251931
25 13 251932
25 36 251938
25 34 251946
25 21 251952
25 7 251960
25 2 251967
25 22 251970
25 30 251971
25 5 251975
25 4 251979
25 12 251988
25 8 251997
25 32 251999
25 0 251999
25 10 252006
25 14 252015
25 19 252023
25 24 252028
26 7 252029
26 17 252038
26 4 252039
26 2 252044
26 37 252044
26 32 252044
26 33 252044
26 13 252044
26 8 252053
26 16 252059
26 14 252062
26 6 252066
26 30 252070
26 28 252071
26 34 252071
26 20 252079
26 25 252085
26 3 252085
26 31 252085
26 25 252085
26 5 252086
26 27 252087
26 34 252091
26 12 252093
26 28 252099
26 7 252102
26 16 252104
26 11 252107
26 14 252110
26 20 252116
26 0 252118
26 24 252119
28 1 252125
28 12 252133
28 29 252137
28 20 252146
28 26 252149
28 16 252154
28 33 252163
28 18 252171
28 27 252178
28 36 252184
28 32 252193
28 10 252197
28 14 252202
28 24 252211
28 3 252213
28 37 252215
28 22 252216
28 11 252220
28 35 252227
28 10 252234
28 27 252236
28 16 252243
28 3 252245
28 31 252245
28 18 252246
28 26 252252
28 20 252259
28 21 252266
28 34 252269
28 29 252272
28 37 252277
28 4 252280
28 14 252284
28 25 252285
28 13 252287
28 22 252292
29 12 252299
29 33 252307
29 27 252309
29 23 252314
29 13 252318
29 24 252327
29 19 252332
29 30 252337
29 36 252342
29 1 252349
29 22 252357
29 25 252361
29 7 252369
29 6 252369
29 20 252369
29 18 252376
29 14 252383
29 9 252390
29 11 252398
29 10 252404
29 8 252410
29 26 252411
29 28 252419
29 4 252427
29 5 252428
29 18 252429
29 36 252433
29 9 252435
29 31 252439
29 23 252448
29 21 252452
29 34 252460
29 11 252465
29 12 252472
29 25 252475
29 7 252477
29 33 252477
29 14 252480
29 24 252486
29 30 252489
29 6 252493
29 2 252497
29 1 252500
29 0 252506
29 4 252506
29 16 252515
29 22 252519
29 17 252525
30 25 252531
30 3 252538
30 20 252547
30 23 252547
30 36 252555
30 13 252557
30 24 252561
30 26 252564
30 27 252565
30 10 252568
30 9 252575
30 14 252578
30 32 252578
30 1 252582
30 17 252584
30 31 252589
30 2 252597
30 7 252606
30 28 252615
30 19 252616
30 29 252619
30 0 252623
30 3 252626
30 31 252630
30 5 252638
30 15 252642
30 37 252645
30 13 252649
30 14 252655
30 32 252661
30 12 252670
30 6 252677
30 2 252682
30 29 252687
30 21 252692
30 1 252697
30 7 252699
30 18 252704
31 9 252713
31 29 252713
31 2 252714
31 30 252715
31 20 252722
31 4 252730
31 24 252731
31 6 252740
31 16 252741
31 33 252744
31 10 252752
31 17 252754
31 18 252760
31 3 252767
31 23 252775
31 8 252784
31 34 252785
31 5 252786
31 1 252789
31 7 252797
31 28 252798
31 32 252806
31 12 252815
31 24 252820
31 1 252822
31 13 252822
31 20 252827
31 19 252834
31 28 252841
31 35 252842
31 30 252842
31 0 252850
31 12 252856
31 17 252858
31 21 252864
31 2 252865
31 14 252870
31 3 252872
31 16 252881
31 27 252887
31 6 252896
31 5 252905
31 33 252906
31 18 252911
31 29 252920
31 7 252920
32 13 252925
32 10 252929
32 21 252934
32 33 252941
32 3 252944
32 6 252950
32 1 252956
32 16 252961
32 30 252969
32 17 252973
32 29 252980
32 31 252982
32 37 252986
32 12 252995
32 2 253003
32 5 253012
32 26 253021
32 18 253027
32 35 253035
32 1 253039
32 37 253046
32 2 253054
32 31 253060
32 9 253064
32 14 253069
32 6 253076
32 34 253076
32 13 253082
32 21 253089
32 25 253093
32 20 253102
32 26 253110
32 33 253111
32 12 253114
32 4 253118
32 19 253123
33 5 253131
33 9 253135
33 36 253135
33 23 253141
33 19 253145
33 7 253148
33 32 253156
33 0 253164
33 11 253165
33 12 253173
33 14 253182
33 24 253187
33 29 253193
33 25 253198
33 1 253202
33 10 253203
33 27 253211
33 18 253220
33 15 253223
33 37 253228
33 6 253229
33 27 253237
33 29 253246
33 8 253247
33 10 253254
33 15 253255
33 30 253257
33 4 253259
33 14 253264
33 35 253266
33 26 253268
33 16 253271
33 1 253278
33 20 253281
33 37 253284
33 22 253287
33 21 253294
33 23 253301
33 34 253305
33 36 253314
34 15 253319
34 18 253328
34 17 253330
35 19 253334
35 25 253343
35 17 253347
35 6 253349
35 29 253357
35 9 253363
35 28 253364
35 21 253369
35 32 253377
35 2 253381
35 30 253381
35 5 253389
35 31 253389
35 7 253389
35 22 253394
35 18 253399
35 10 253405
35 20 253413
35 30 253415
35 14 253417
35 32 253426
35 13 253431
35 11 253437
35 15 253437
35 26 253438
35 23 253439
35 25 253447
35 22 253450
35 17 253458
35 20 253462
35 8 253463
35 36 253472
35 31 253481
35 1 253490
35 33 253499
35 12 253503
36 2 253510
36 19 253513
36 35 253514
36 22 253516
36 15 253520
36 12 253523
36 4 253523
36 11 253529
36 9 253534
36 28 253534
36 13 253539
36 26 253542
36 0 253543
36 37 253551
36 18 253552
36 1 253559
36 25 253567
36 1 253570
36 26 253577
36 33 253580
36 17 253583
36 11 253586
36 24 253595
36 28 253599
36 27 253600
36 7 253601
36 34 253603
36 21 253612
36 25 253612
36 23 253614
36 9 253614
36 4 253616
37 25 253620
37 17 253621
37 3 253629
37 12 253630
37 1 253639
37 2 253648
37 13 253652
37 7 253652
37 15 253655
37 36 253662
37 8 253662
37 28 253662
37 16 253665
37 18 253674
37 10 253681
37 27 253681
37 11 253685
37 6 253686
37 9 253693
37 20 253699
37 0 253707
37 33 253713
37 26 253717
37 7 253721
37 31 253721
