45
false
0 11 415092
0 37 415100
0 24 415106
0 34 415108
0 38 415108
0 25 415116
0 22 415123
0 15 415128
0 13 415136
0 33 415140
0 30 415147
0 42 415151
0 40 415160
0 14 415169
0 5 415176
0 39 415184
0 26 415189
0 31 415192
0 28 415193
0 44 415195
0 9 415195
0 2 415196
0 19 415200
0 29 415204
0 19 415204
0 26 415209
0 23 415214
0 30 415218
0 25 415223
0 37 415227
0 38 415228
0 40 415230
0 9 415236
0 39 415244
0 3 415253
0 12 415257
0 43 415257
0 15 415257
0 8 415263
0 44 415268
0 32 415276
0 34 415281
0 10 415289
0 18 415293
0 2 415300
0 22 415308
1 15 415315
1 29 415322
1 36 415331
1 19 415334
1 42 415335
1 23 415337
1 17 415345
1 7 415346
1 34 415347
1 31 415347
1 28 415350
1 3 415357
1 22 415359
1 21 415360
2 1 415366
2 22 415372
2 35 415376
2 37 415383
2 10 415383
2 21 415389
2 0 415397
2 43 415398
2 3 415406
2 27 415412
2 19 415417
2 5 415425
2 7 415428
2 34 415436
2 41 415442
2 42 415445
2 26 415451
2 17 415457
2 18 415457
2 24 415458
2 40 415466
2 15 415472
2 36 415474
2 44 415474
2 4 415481
2 16 415489
2 23 415496
2 20 415500
2 5 415508
2 17 415515
2 32 415520
2 24 415526
2 7 415530
2 26 415534
2 0 415537
2 19 415538
2 34 415546
2 39 415551
2 8 415560
2 36 415565
2 11 415574
2 1 415578
2 41 415578
2 9 415581
2 31 415588
2 13 415592
2 43 415599
2 27 415606
2 6 415614
2 33 415617
2 12 415623
2 3 415626
2 16 415626
2 42 415635
3 36 415640
3 6 415647
3 23 415652
3 5 415660
3 13 415669
3 1 415677
3 44 415677
4 9 415685
4 24 415692
4 40 415700
4 37 415706
4 6 415714
4 1 415723
4 35 415726
4 41 415727
4 29 415731
4 15 415732
4 18 415734
4 25 415740
4 0 415744
4 21 415750
4 33 415756
4 38 415764
4 5 415764
4 19 415771
4 28 415776
4 41 415776
4 25 415781
4 22 415783
4 37 415786
4 12 415792
4 30 415800
4 29 415808
4 8 415809
4 1 415815
4 11 415817
4 43 415826
4 7 415832
4 31 415834
4 19 415835
4 15 415835
4 39 415844
5 39 415846
5 41 415846
5 36 415849
5 18 415856
5 6 415864
5 7 415868
5 17 415869
5 29 415877
5 33 415877
5 13 415883
5 11 415886
5 31 415891
5 25 415894
5 24 415903
5 2 415903
5 35 415905
5 38 415913
5 20 415915
5 14 415921
5 12 415930
5 29 415930
5 19 415933
5 0 415935
5 40 415940
5 37 415946
5 4 415952
5 7 415957
5 6 415964
5 24 415965
5 13 415973
5 12 415979
5 39 415988
5 26 415988
5 18 415989
5 16 415994
5 22 415997
5 44 416002
5 27 416007
5 10 416011
5 11 416012
5 17 416020
5 23 416028
5 28 416035
6 36 416039
6 15 416042
6 22 416043
6 17 416045
6 30 416045
6 9 416046
6 27 416046
6 38 416050
6 25 416054
6 32 416060
6 29 416068
6 26 416072
6 41 416076
6 12 416077
6 4 416082
6 5 416086
6 11 416090
6 28 416099
6 13 416107
6 8 416113
6 35 416121
6 40 416121
6 3 416121
6 2 416123
6 33 416126
6 14 416133
6 23 416134
6 28 416143
6 16 416152
6 10 416154
6 44 416162
6 11 416166
6 13 416175
6 12 416175
6 17 416175
6 42 416182
6 15 416184
6 5 416193
6 25 416200
6 27 416205
6 38 416205
6 4 416211
6 14 416219
6 18 416226
6 40 416235
6 21 416236
6 30 416244
6 23 416246
6 8 416247
6 24 416256
6 34 416257
7 6 416262
7 29 416265
7 30 416270
7 27 416274
7 35 416274
7 14 416279
7 44 416283
7 17 416287
7 0 416293
7 16 416298
7 42 416300
7 40 416308
7 33 416314
7 19 416318
7 11 416318
7 2 416324
7 1 416324
7 28 416330
7 38 416338
7 4 416347
7 8 416353
7 24 416355
7 20 416355
7 21 416364
7 16 416373
7 37 416382
7 24 416388
7 32 416389
7 28 416390
7 5 416396
7 14 416397
7 1 416399
7 12 416405
7 8 416412
7 23 416417
7 33 416419
7 15 416421
7 40 416427
7 44 416436
7 30 416441
7 10 416450
7 41 416454
7 11 416461
7 25 416461
7 20 416462
7 31 416466
7 42 416475
8 30 416477
8 21 416479
8 1 416485
8 9 416488
8 7 416492
8 39 416495
8 42 416495
8 44 416503
8 41 416505
8 6 416511
8 40 416514
8 10 416520
8 12 416522
8 35 416530
8 34 416531
8 36 416538
8 16 416547
8 35 416554
8 13 416556
8 40 416558
8 30 416563
8 25 416565
8 43 416571
8 9 416572
8 5 416573
8 44 416578
8 37 416581
8 29 416586
8 12 416594
8 31 416597
8 41 416599
8 23 416603
8 28 416608
8 3 416615
9 11 416620
9 16 416628
9 32 416632
9 26 416635
9 31 416640
9 1 416642
9 13 416647
9 4 416647
9 20 416653
9 24 416653
9 43 416656
9 25 416663
9 14 416666
9 28 416671
9 30 416677
9 17 416677
9 12 416679
9 8 416682
9 42 416685
9 7 416687
9 16 416694
9 23 416697
9 20 416706
9 44 416706
9 29 416715
9 1 416719
9 15 416728
10 3 416737
10 19 416742
10 8 416744
10 7 416745
10 17 416748
10 40 416753
10 20 416755
10 43 416759
10 31 416760
10 39 416767
10 32 416772
10 42 416775
10 5 416780
11 28 416789
11 42 416797
11 30 416803
11 33 416812
11 25 416815
11 37 416818
11 16 416820
11 18 416821
11 40 416828
11 17 416831
11 19 416831
11 12 416835
11 0 416840
11 31 416847
11 15 416852
11 29 416859
11 23 416863
11 9 416871
11 10 416873
11 1 416876
11 44 416881
11 39 416887
11 44 416891
11 25 416897
11 41 416903
11 12 416907
11 8 416911
11 15 416918
11 17 416923
11 43 416928
11 37 416934
11 33 416938
11 10 416942
11 9 416944
11 4 416949
11 28 416950
11 0 416958
11 3 416964
11 24 416964
11 23 416967
11 20 416967
12 10 416967
12 28 416970
12 43 416977
12 34 416980
12 16 416985
12 17 416990
12 0 416998
12 23 417003
12 37 417006
12 9 417012
12 1 417017
12 19 417019
12 6 417023
12 25 417029
12 20 417030
12 5 417034
12 14 417040
12 30 417046
12 3 417049
12 38 417051
12 15 417052
12 26 417056
12 7 417065
12 35 417073
12 21 417081
12 8 417087
12 24 417088
12 37 417097
12 18 417104
12 4 417106
12 41 417106
12 29 417107
12 25 417110
12 30 417112
12 44 417112
12 24 417114
12 3 417116
12 32 417118
12 43 417119
12 42 417125
12 8 417125
12 33 417134
12 10 417143
12 15 417150
12 5 417156
12 23 417159
12 26 417168
12 28 417169
12 16 417174
12 22 417179
12 27 417184
12 31 417186
13 1 417190
13 19 417190
13 6 417198
13 42 417207
13 38 417212
13 27 417215
13 22 417220
13 7 417228
13 18 417236
13 29 417236
13 41 417237
13 16 417244
13 44 417244
13 40 417252
13 32 417253
13 28 417261
13 9 417269
13 31 417271
13 3 417277
13 32 417279
13 38 417286
13 5 417295
13 8 417295
13 22 417299
13 9 417305
13 21 417314
13 4 417323
13 25 417332
13 35 417341
13 29 417342
13 40 417350
13 16 417353
13 24 417356
13 15 417359
13 19 417368
14 32 417377
14 42 417381
14 33 417381
14 37 417381
14 9 417389
14 35 417396
14 20 417398
14 24 417398
14 38 417402
14 28 417411
14 17 417415
14 19 417419
15 22 417419
15 19 417428
15 33 417434
15 41 417441
15 29 417448
15 14 417449
15 42 417449
15 4 417456
15 40 417457
15 31 417464
15 12 417469
15 1 417478
15 20 417483
15 0 417486
15 5 417495
15 32 417500
15 44 417502
15 2 417511
15 18 417512
15 8 417519
15 11 417519
15 43 417522
15 10 417523
15 1 417526
15 40 417532
15 35 417540
15 43 417544
15 14 417548
15 3 417550
15 5 417555
15 34 417559
15 29 417563
15 12 417563
15 11 417565
15 31 417567
15 39 417567
15 17 417572
15 33 417572
15 38 417578
15 27 417582
15 0 417588
15 10 417594
15 22 417598
16 23 417602
16 21 417604
16 11 417612
16 12 417614
16 13 417616
16 34 417621
16 1 417622
16 14 417627
16 38 417632
16 5 417634
16 7 417638
16 31 417647
18 10 417656
18 3 417656
18 0 417662
18 41 417665
18 44 417669
18 29 417677
18 23 417679
18 26 417682
18 22 417686
19 37 417687
19 44 417691
19 2 417694
19 42 417697
19 6 417705
19 28 417708
20 38 417711
20 35 417715
20 11 417723
20 25 417729
20 2 417733
20 4 417739
20 32 417748
20 29 417751
20 30 417754
20 24 417760
20 33 417762
20 21 417768
20 6 417770
20 41 417776
20 19 417780
20 9 417781
20 40 417790
20 44 417792
20 5 417793
20 12 417799
20 31 417800
20 3 417801
20 44 417806
20 32 417807
20 22 417814
20 0 417814
20 41 417820
20 18 417822
20 19 417830
20 2 417838
20 1 417840
20 29 417848
20 10 417848
20 7 417856
20 33 417863
20 14 417871
20 9 417872
20 11 417875
20 28 417877
21 34 417884
21 28 417886
21 18 417890
21 44 417899
21 5 417899
21 12 417899
21 13 417901
21 25 417907
21 40 417911
21 7 417912
21 22 417920
21 4 417928
21 43 417935
21 8 417939
21 27 417942
21 41 417951
21 7 417957
21 24 417957
21 23 417961
21 9 417970
21 1 417973
21 6 417980
21 15 417982
21 40 417988
21 38 417991
21 17 417999
21 10 418004
21 35 418004
21 11 418004
21 0 418006
22 24 418010
22 41 418016
22 38 418018
22 32 418022
22 13 418028
22 30 418031
22 27 418032
22 33 418034
22 21 418041
22 2 418049
22 31 418054
22 25 418056
22 34 418058
22 40 418060
22 28 418064
22 10 418073
22 25 418080
22 1 418089
22 37 418094
22 20 418101
22 18 418110
22 35 418119
22 44 418127
22 26 418133
22 39 418140
22 9 418147
22 29 418156
22 16 418157
22 34 418157
22 21 418164
22 31 418167
23 33 418169
23 18 418169
23 24 418176
23 13 418180
23 44 418187
23 40 418194
23 16 418200
23 43 418207
23 36 418209
23 20 418212
23 9 418215
23 15 418221
23 26 418224
23 12 418228
23 7 418236
23 25 418243
23 17 418250
23 27 418255
23 8 418261
23 21 418266
23 4 418267
23 41 418273
23 0 418281
23 20 418289
23 39 418294
23 13 418303
23 40 418305
23 18 418314
23 2 418322
23 12 418326
23 33 418331
23 15 418333
23 3 418334
23 31 418334
23 32 418337
23 6 418339
23 4 418347
23 43 418350
23 19 418351
23 38 418352
23 42 418360
23 37 418369
23 17 418378
24 12 418384
24 21 418386
24 11 418390
24 10 418397
24 40 418400
24 36 418400
24 5 418400
24 38 418403
24 23 418407
24 22 418408
24 9 418410
24 39 418417
24 41 418423
24 6 418423
24 43 418425
24 32 418429
24 8 418438
24 33 418444
24 14 418449
24 30 418449
24 10 418451
24 36 418453
24 42 418459
24 27 418467
24 31 418470
24 28 418473
24 32 418478
24 4 418483
24 3 418487
24 23 418493
24 11 418493
24 44 418495
24 40 418504
24 19 418506
24 22 418510
24 15 418515
25 12 418517
25 33 418525
25 15 418528
25 28 418536
25 27 418541
25 7 418549
26 31 418555
26 16 418563
26 13 418571
26 27 418573
26 35 418579
26 43 418584
26 13 418586
26 41 418594
26 31 418600
26 33 418601
26 16 418603
26 3 418608
27 38 418612
27 13 418612
27 10 418618
27 8 418619
27 17 418626
27 18 418635
27 23 418644
27 41 418647
27 37 418656
27 16 418663
27 14 418668
27 1 418670
27 43 418673
27 20 418679
27 3 418687
27 40 418691
27 22 418691
27 30 418692
27 39 418699
27 5 418705
27 11 418705
27 3 418706
27 10 418710
27 34 418715
27 37 418724
27 24 418731
27 19 418737
27 42 418742
27 9 418749
27 33 418756
27 28 418763
27 23 418769
27 31 418775
27 14 418776
27 18 418778
27 29 418786
27 43 418795
27 30 418797
28 16 418803
28 37 418808
28 1 418817
28 33 418822
28 30 418822
28 11 418825
28 21 418827
28 43 418829
28 4 418837
28 36 418844
28 14 418851
28 42 418860
28 8 418867
28 20 418872
28 38 418873
28 26 418873
28 6 418873
28 22 418874
28 41 418880
28 15 418881
28 31 418885
28 8 418891
28 26 418896
28 6 418896
28 14 418897
28 38 418900
28 12 418905
28 23 418914
28 18 418917
28 20 418921
28 32 418923
28 36 418924
28 15 418931
28 40 418935
28 10 418936
28 24 418937
28 25 418939
28 7 418945
28 42 418950
28 35 418958
28 30 418964
28 3 418972
28 2 418975
29 21 418984
29 22 418985
29 9 418992
29 15 418998
29 40 419006
29 12 419007
29 6 419016
29 19 419017
29 28 419018
29 10 419023
29 26 419030
29 18 419034
29 13 419035
29 17 419040
29 33 419046
29 42 419055
29 30 419059
29 14 419061
29 3 419062
29 11 419068
29 44 419074
29 23 419077
29 7 419084
29 25 419090
29 4 419092
29 5 419093
29 31 419100
29 8 419102
29 11 419107
29 6 419107
29 31 419116
29 13 419124
29 37 419129
29 26 419130
29 0 419130
29 8 419136
29 20 419142
29 32 419143
29 18 419149
29 43 419158
29 30 419165
29 38 419174
29 9 419183
29 2 419183
29 27 419190
29 3 419199
29 15 419199
29 23 419205
29 10 419212
29 44 419219
29 17 419222
29 7 419225
29 39 419229
29 42 419234
29 24 419239
29 22 419239
30 31 419244
30 37 419246
30 43 419250
30 11 419251
30 10 419260
30 35 419267
30 33 419276
30 21 419283
30 37 419290
30 36 419294
30 26 419302
31 6 419305
31 29 419308
31 36 419308
31 13 419316
31 24 419324
31 43 419332
31 40 419337
31 27 419345
31 33 419352
31 5 419359
31 7 419368
31 25 419377
31 4 419383
31 1 419388
31 32 419397
31 23 419399
31 41 419402
31 12 419406
31 28 419413
31 16 419413
31 2 419416
31 34 419420
31 0 419427
31 20 419435
31 37 419442
31 14 419448
31 39 419455
31 9 419459
31 37 419461
31 12 419469
31 38 419470
31 17 419478
31 0 419486
31 2 419492
31 40 419492
31 43 419501
31 16 419506
31 18 419513
31 29 419513
31 28 419518
31 23 419527
31 10 419536
31 21 419545
31 8 419550
31 11 419552
31 35 419558
31 7 419564
31 34 419565
31 1 419569
31 42 419571
31 24 419579
31 26 419588
31 44 419597
31 14 419606
32 20 419608
32 38 419609
32 12 419615
32 16 419616
32 25 419624
32 23 419625
32 41 419633
32 33 419633
32 27 419638
32 14 419644
32 21 419651
32 2 419654
32 18 419659
32 22 419666
32 40 419667
32 36 419675
32 19 419684
32 34 419684
32 9 419687
32 6 419690
32 13 419693
32 35 419694
32 28 419695
32 30 419701
32 15 419708
32 31 419711
32 39 419712
32 0 419717
32 31 419718
32 19 419727
32 44 419736
32 12 419736
32 5 419741
32 33 419744
32 21 419752
32 27 419755
32 4 419757
32 22 419763
32 30 419768
32 3 419773
32 20 419774
32 6 419783
32 35 419791
32 17 419794
32 23 419794
32 15 419798
32 43 419807
32 40 419814
32 41 419818
32 2 419822
32 1 419830
32 37 419834
32 26 419842
33 28 419848
33 5 419850
33 14 419856
33 21 419856
33 19 419863
33 43 419867
33 24 419869
33 44 419873
33 3 419882
33 9 419889
33 17 419891
33 13 419895
33 16 419901
33 12 419903
33 37 419910
33 20 419919
33 0 419925
33 25 419934
33 18 419938
33 28 419945
33 11 419951
33 41 419953
33 40 419958
33 44 419961
33 30 419962
33 10 419966
33 35 419970
33 38 419975
33 42 419983
33 4 419991
33 23 419997
33 29 420003
33 9 420006
33 27 420015
33 20 420020
33 15 420023
34 31 420026
34 0 420032
34 4 420038
34 20 420043
34 36 420048
34 14 420054
34 17 420056
34 3 420063
34 26 420068
34 21 420068
34 24 420074
34 30 420081
34 1 420081
34 10 420083
34 35 420089
34 9 420091
34 12 420093
34 30 420099
34 18 420101
34 26 420103
34 5 420111
34 40 420118
34 32 420124
34 42 420131
34 28 420137
34 29 420143
34 23 420146
34 2 420154
34 37 420158
34 25 420160
34 43 420164
34 13 420166
35 15 420170
35 11 420176
35 9 420184
35 25 420185
35 36 420187
35 20 420189
35 10 420190
35 5 420194
35 13 420194
35 21 420195
35 27 420198
35 2 420202
35 16 420206
35 33 420210
35 14 420212
35 30 420212
35 39 420219
35 32 420222
35 33 420229
35 27 420236
35 0 420240
35 5 420243
35 39 420250
35 11 420259
35 9 420268
35 38 420274
35 31 420280
35 37 420287
35 14 420294
35 13 420294
35 3 420295
35 41 420300
35 25 420303
35 28 420305
35 30 420306
35 1 420310
36 35 420319
36 38 420320
36 22 420325
36 20 420329
36 34 420332
36 12 420338
36 8 420347
36 16 420354
36 42 420362
36 39 420364
36 17 420364
36 32 420371
36 4 420374
36 43 420382
36 23 420389
36 7 420393
36 31 420399
36 2 420405
36 29 420411
36 0 420416
36 25 420419
36 19 420426
36 21 420435
36 15 420441
36 28 420449
36 25 420450
36 13 420455
36 0 420462
36 8 420468
36 23 420470
36 17 420477
36 35 420486
36 7 420491
36 29 420497
36 34 420499
36 40 420503
36 44 420509
36 43 420512
36 30 420520
36 10 420521
36 5 420524
36 2 420526
36 9 420528
36 18 420530
36 42 420539
36 20 420546
37 22 420549
37 41 420549
37 33 420554
37 0 420555
37 28 420558
37 43 420558
37 1 420565
37 8 420573
37 16 420578
37 34 420578
37 42 420581
37 4 420581
37 12 420584
37 39 420586
37 40 420594
37 29 420600
37 18 420607
37 19 420615
37 15 420620
37 30 420623
37 36 420626
37 20 420631
37 25 420634
37 13 420642
37 3 420650
37 5 420650
37 35 420658
37 31 420661
37 6 420663
37 8 420664
37 40 420664
37 6 420670
37 15 420676
37 18 420676
37 43 420682
37 26 420685
37 41 420689
37 9 420690
37 10 420690
37 44 420693
37 22 420696
37 23 420700
37 28 420708
37 36 420713
37 4 420722
37 0 420722
37 2 420722
37 7 420728
37 16 420731
37 35 420733
37 31 420733
37 30 420738
37 21 420739
37 39 420748
37 5 420752
37 34 420755
38 9 420761
38 27 420764
38 29 420771
38 25 420772
38 43 420772
38 31 420773
38 5 420774
38 19 420782
38 17 420785
38 40 420793
38 10 420797
38 7 420801
38 33 420801
38 44 420809
38 6 420818
38 35 420823
38 24 420832
38 11 420837
38 3 420840
38 23 420847
38 2 420847
38 8 420849
38 42 420850
38 39 420851
38 12 420858
38 1 420865
38 37 420869
38 19 420874
38 13 420882
38 44 420883
38 0 420884
38 15 420887
38 35 420888
38 39 420889
38 23 420891
38 5 420895
38 12 420898
38 21 420907
38 16 420915
38 33 420921
38 26 420921
38 1 420930
38 30 420935
38 8 420938
38 17 420939
38 24 420946
38 4 420946
38 41 420949
38 25 420953
38 6 420955
38 40 420964
38 10 420966
39 9 420971
39 42 420975
39 35 420976
39 0 420980
39 40 420983
39 18 420984
39 32 420988
39 26 420989
39 3 420991
39 34 420992
39 27 420995
39 16 420997
39 31 421000
39 41 421002
39 21 421011
39 22 421011
39 43 421015
39 9 421016
39 41 421020
39 34 421021
39 12 421024
39 25 421029
39 5 421033
39 33 421034
39 7 421036
39 37 421036
39 15 421039
39 3 421040
39 26 421048
39 13 421057
39 22 421060
39 35 421060
39 17 421066
39 10 421074
40 23 421075
40 22 421078
40 18 421079
40 20 421079
40 41 421086
40 6 421089
40 42 421093
40 4 421093
40 17 421101
40 1 421110
40 16 421111
40 10 421120
40 15 421125
40 38 421132
40 28 421135
40 27 421137
40 9 421139
40 21 421144
40 25 421144
40 19 421146
40 43 421150
40 15 421155
40 37 421156
40 43 421163
40 20 421171
40 2 421173
40 19 421180
40 17 421184
40 28 421188
40 0 421197
40 7 421200
40 5 421209
40 21 421211
40 11 421219
40 38 421223
40 12 421226
40 4 421233
40 23 421240
40 9 421242
40 14 421245
40 44 421251
40 27 421252
40 35 421254
41 26 421258
41 29 421266
41 5 421275
41 9 421281
41 16 421290
41 6 421292
41 23 421297
41 11 421301
42 11 421301
42 26 421306
42 43 421315
42 35 421322
42 2 421324
42 22 421324
42 14 421328
42 7 421331
42 29 421332
42 39 421335
42 28 421343
42 34 421346
42 24 421347
42 4 421355
42 16 421362
42 0 421370
42 30 421374
42 20 421375
42 38 421377
42 23 421382
42 12 421391
42 6 421399
42 9 421401
42 37 421402
42 3 421409
42 18 421411
42 20 421414
42 34 421417
42 13 421418
42 7 421425
42 10 421430
42 17 421431
42 38 421431
42 14 421433
42 39 421433
42 3 421442
42 26 421450
42 29 421452
42 27 421454
42 8 421463
42 19 421464
42 4 421466
42 2 421474
42 16 421480
42 30 421481
42 31 421484
42 11 421484
42 22 421484
42 33 421489
42 40 421491
42 37 421497
43 34 421506
43 35 421515
43 27 421523
43 44 421530
43 11 421533
43 6 421537
43 24 421545
43 41 421551
43 13 421557
43 32 421565
43 39 421571
43 29 421579
43 30 421586
43 31 421591
43 33 421596
43 7 421603
43 22 421609
43 26 421614
43 5 421623
43 14 421626
43 0 421629
43 42 421632
43 23 421640
43 37 421644
43 10 421652
43 19 421659
43 21 421662
43 1 421664
43 8 421667
43 6 421675
43 15 421677
43 42 421677
43 5 421683
43 20 421687
43 21 421696
43 41 421700
43 12 421701
43 24 421703
43 10 421705
43 13 421711
43 4 421715
43 37 421723
43 25 421729
43 40 421731
43 9 421735
43 3 421736
43 18 421741
43 30 421749
43 32 421754
43 19 421756
43 26 421759
43 17 421764
43 31 421768
43 28 421771
43 27 421776
43 11 421778
43 8 421783
43 7 421789
44 10 421789
44 9 421791
44 20 421793
44 39 421796
44 11 421798
44 21 421798
44 38 421803
44 13 421810
44 6 421812
44 37 421820
44 5 421824
44 27 421831
44 19 421840
44 14 421845
44 31 421852
44 15 421856
44 28 421860
44 33 421866
44 42 421868
44 0 421871
44 25 421879
44 34 421886
44 40 421891
44 32 421892
44 4 421898
44 23 421901
44 29 421909
44 39 421916
44 33 421922
44 6 421930
44 16 421938
44 10 421943
44 0 421947
44 42 421950
44 28 421952
44 30 421959
44 25 421961
44 13 421969
44 1 421973
44 3 421980
44 8 421989
44 38 421993
44 26 421994
44 15 421995
44 24 422003
44 31 422004
44 20 422011
44 14 422018
44 43 422025
44 22 422025
44 35 422033
44 11 422041
