53
false
0 41 682329
0 19 682332
0 52 682334
0 49 682334
0 47 682335
0 40 682335
0 10 682341
0 1 682342
0 12 682349
0 36 682352
0 29 682360
0 8 682363
0 35 682369
0 2 682371
0 16 682374
0 26 682382
0 24 682387
0 42 682388
0 14 682395
0 45 682402
0 15 682408
0 11 682412
0 6 682414
0 44 682418
0 21 682420
0 34 682429
0 31 682434
0 4 682441
0 22 682450
0 15 682458
0 48 682458
0 52 682464
0 41 682466
0 3 682467
0 24 682471
0 30 682479
0 46 682483
0 26 682489
0 45 682497
0 19 682503
0 20 682511
0 1 682511
0 18 682517
0 36 682519
0 7 682523
0 11 682525
0 51 682526
0 23 682532
0 27 682534
0 25 682537
0 42 682539
0 16 682541
0 35 682548
1 2 682551
1 43 682560
1 49 682565
1 8 682565
1 45 682571
1 37 682574
1 40 682575
1 13 682584
1 0 682585
1 32 682586
1 21 682593
1 47 682593
1 7 682594
1 51 682600
1 3 682605
1 46 682611
1 31 682615
1 48 682619
1 35 682622
1 17 682630
1 20 682631
1 44 682639
1 11 682642
1 33 682642
1 26 682648
1 52 682649
1 6 682658
1 32 682667
1 51 682669
1 36 682669
1 28 682677
1 4 682679
1 35 682685
1 19 682691
1 10 682694
1 2 682702
1 24 682711
1 25 682714
1 17 682719
1 33 682723
1 5 682729
1 43 682731
1 41 682735
1 50 682737
1 40 682738
1 49 682747
1 13 682753
2 5 682762
2 39 682763
2 30 682769
2 22 682778
2 32 682779
3 49 682787
3 36 682790
3 10 682792
3 26 682801
3 45 682802
3 32 682806
3 0 682807
3 20 682816
3 33 682823
3 8 682830
3 6 682836
3 28 682838
3 21 682841
3 19 682841
3 37 682849
3 28 682852
3 4 682852
3 42 682861
3 15 682864
3 12 682865
3 44 682869
3 50 682872
3 30 682873
3 24 682876
3 40 682877
3 29 682880
3 23 682886
3 43 682892
3 41 682900
3 21 682900
4 13 682909
4 28 682913
4 25 682919
4 50 682924
5 20 682925
5 31 682926
5 28 682927
5 45 682936
5 33 682940
5 7 682942
5 25 682943
5 40 682948
5 2 682953
5 41 682956
5 44 682964
5 4 682967
5 13 682971
5 11 682973
5 42 682981
5 9 682989
5 34 682998
5 18 683000
5 1 683005
5 27 683008
5 24 683016
5 38 683023
5 19 683027
5 14 683036
5 23 683043
5 35 683046
5 48 683050
5 52 683053
5 49 683062
5 36 683068
5 39 683077
5 28 683082
5 50 683090
5 29 683094
5 34 683103
5 45 683105
5 21 683112
5 43 683112
5 13 683116
5 14 683116
5 4 683116
5 16 683120
5 31 683128
5 23 683136
5 2 683140
5 0 683143
5 11 683148
5 3 683155
5 52 683155
5 38 683162
5 30 683165
5 19 683173
5 1 683177
5 20 683185
5 9 683191
5 17 683200
5 10 683203
5 27 683203
5 46 683207
5 32 683213
5 41 683219
5 22 683220
5 36 683223
5 35 683230
5 48 683233
5 37 683234
6 1 683235
6 52 683243
6 10 683247
6 19 683253
6 39 683257
6 49 683257
6 41 683260
6 29 683260
6 21 683264
6 4 683273
6 13 683282
7 27 683289
7 13 683298
7 40 683302
7 16 683311
7 30 683314
7 29 683315
7 9 683321
7 48 683327
7 12 683334
7 8 683341
7 44 683350
7 39 683352
7 25 683359
7 17 683366
7 15 683373
7 28 683379
7 4 683388
7 47 683393
7 19 683399
7 42 683402
7 38 683411
7 41 683419
7 18 683428
7 32 683430
7 24 683437
7 0 683440
7 34 683445
7 1 683454
7 36 683456
7 35 683459
7 6 683459
7 31 683464
7 25 683464
7 34 683464
7 5 683473
7 30 683476
7 48 683481
7 10 683485
7 8 683493
7 12 683494
7 6 683499
7 15 683506
7 2 683510
7 13 683518
7 44 683523
7 52 683526
7 26 683530
7 49 683537
7 29 683537
7 4 683542
7 46 683548
7 27 683555
7 47 683556
7 21 683564
7 1 683566
7 3 683573
7 35 683577
7 9 683585
8 7 683585
8 49 683592
8 29 683594
8 20 683603
8 35 683607
8 16 683614
8 51 683623
8 28 683629
8 18 683630
8 19 683633
8 23 683639
8 25 683647
8 37 683649
8 50 683650
8 4 683651
8 15 683652
8 52 683656
8 13 683662
8 34 683670
8 40 683670
8 51 683673
8 30 683681
8 48 683682
8 16 683688
8 49 683693
8 12 683699
8 32 683699
8 46 683706
8 18 683712
8 15 683715
8 28 683716
8 29 683722
8 31 683730
9 2 683733
9 5 683741
9 31 683743
9 46 683749
9 10 683758
9 16 683760
9 27 683769
9 44 683777
9 7 683781
9 24 683781
9 52 683789
9 21 683790
9 32 683796
9 51 683803
9 49 683812
9 3 683816
9 12 683816
9 50 683825
9 33 683827
9 42 683829
9 47 683835
9 28 683837
9 25 683845
9 36 683853
9 40 683858
9 41 683862
9 6 683867
9 16 683874
9 52 683876
9 50 683885
9 1 683888
9 49 683891
9 47 683894
9 26 683898
9 28 683898
9 3 683900
9 45 683904
9 12 683913
9 27 683919
9 7 683927
9 11 683935
9 10 683937
9 5 683940
9 33 683943
9 29 683949
9 44 683954
9 42 683959
9 46 683967
9 32 683967
9 18 683971
9 41 683972
9 20 683978
10 6 683987
10 17 683996
10 35 683999
10 26 684007
10 8 684010
10 4 684016
10 40 684020
10 5 684029
10 21 684030
11 49 684036
11 20 684037
11 28 684043
11 30 684045
11 46 684050
11 4 684053
11 23 684059
11 13 684062
11 32 684068
11 42 684070
11 12 684077
11 51 684085
11 48 684086
11 41 684095
11 8 684102
11 27 684102
11 12 684106
11 40 684112
11 32 684112
11 35 684116
11 0 684122
11 17 684126
11 44 684131
11 23 684140
11 43 684147
11 27 684147
11 25 684154
11 5 684160
11 13 684161
11 34 684164
11 28 684172
11 29 684177
11 15 684186
11 36 684190
12 20 684191
12 26 684199
12 35 684200
12 15 684202
12 40 684211
12 29 684219
12 41 684225
12 48 684229
12 9 684233
12 38 684233
12 25 684239
12 17 684248
12 37 684254
12 8 684256
12 45 684263
12 2 684268
12 44 684275
12 1 684283
12 6 684283
12 32 684284
12 7 684286
12 27 684287
12 51 684294
12 33 684300
12 5 684304
12 16 684312
12 31 684317
12 42 684320
12 39 684320
12 10 684325
12 14 684328
12 4 684336
12 16 684341
12 26 684344
12 11 684349
12 50 684353
12 33 684362
12 46 684369
12 28 684374
12 45 684375
12 20 684383
12 41 684384
12 36 684390
12 1 684399
12 2 684406
12 23 684414
12 48 684422
12 22 684428
12 52 684429
12 49 684436
12 35 684444
12 47 684450
12 40 684455
12 17 684455
12 18 684457
12 3 684459
12 5 684462
13 6 684464
13 15 684470
13 1 684473
13 32 684480
13 50 684480
13 14 684485
13 39 684493
13 12 684501
13 52 684504
13 51 684513
13 26 684513
13 34 684517
13 51 684520
13 46 684524
13 42 684533
13 6 684539
13 20 684545
13 22 684553
13 3 684553
13 9 684556
13 0 684557
13 12 684557
14 11 684562
14 44 684562
14 42 684571
14 35 684572
14 36 684578
14 47 684587
14 3 684596
14 27 684596
14 34 684596
14 10 684599
14 20 684607
14 51 684610
14 30 684616
14 38 684620
14 32 684622
14 12 684631
14 21 684633
14 22 684640
14 49 684642
14 1 684644
14 9 684647
14 48 684653
14 5 684654
14 19 684661
14 2 684663
14 33 684671
14 23 684675
14 16 684675
14 29 684684
14 4 684693
14 17 684699
14 50 684699
14 25 684704
14 31 684708
14 51 684711
14 45 684720
14 27 684726
14 35 684734
14 21 684740
14 15 684743
14 7 684746
14 24 684754
14 22 684758
14 29 684759
14 25 684764
14 16 684773
14 38 684780
14 5 684783
14 0 684786
14 40 684788
14 46 684788
14 12 684795
14 44 684804
14 36 684809
14 52 684809
14 50 684812
14 19 684820
14 20 684826
14 37 684832
14 30 684838
14 6 684838
14 48 684842
14 34 684851
14 1 684851
14 4 684856
14 23 684856
15 33 684857
15 37 684857
15 12 684858
15 18 684864
15 9 684871
15 5 684877
15 7 684882
15 28 684887
15 46 684888
15 36 684888
15 22 684888
15 14 684895
15 24 684903
15 41 684910
15 16 684919
15 42 684928
15 6 684931
15 10 684935
15 49 684943
15 24 684951
15 22 684960
15 16 684967
15 11 684967
15 19 684968
15 28 684968
15 20 684971
15 41 684972
15 18 684981
16 47 684988
16 41 684992
16 43 684997
16 45 684997
16 5 685005
16 8 685014
16 52 685019
16 6 685024
16 46 685029
16 31 685035
16 11 685038
16 9 685043
16 48 685044
16 15 685049
16 23 685057
16 14 685065
16 50 685071
16 2 685075
16 3 685080
16 35 685083
16 1 685090
16 21 685091
16 51 685096
16 33 685099
16 12 685099
16 24 685103
16 27 685107
16 29 685111
16 0 685113
16 38 685114
16 13 685121
16 32 685127
16 26 685132
16 22 685135
16 50 685144
16 4 685144
16 12 685146
16 0 685154
16 34 685155
16 46 685160
16 7 685167
16 39 685176
16 13 685181
16 10 685190
16 51 685192
16 45 685195
16 40 685201
16 28 685210
16 36 685217
16 15 685218
16 6 685223
16 25 685227
16 8 685232
16 5 685238
16 44 685240
16 26 685242
16 19 685243
16 18 685249
16 3 685256
16 24 685257
16 38 685262
16 35 685269
16 32 685275
16 2 685280
16 9 685286
16 37 685295
17 33 685299
17 14 685299
17 19 685302
17 50 685305
17 25 685312
17 49 685319
17 51 685324
17 16 685327
17 36 685329
17 34 685332
17 23 685334
17 22 685338
17 37 685340
17 30 685344
17 47 685348
17 35 685357
17 31 685366
17 28 685366
17 26 685371
17 15 685379
17 7 685379
17 12 685381
17 45 685383
17 13 685390
17 31 685391
17 51 685392
17 42 685395
17 13 685401
17 30 685410
17 23 685419
17 34 685421
17 16 685428
17 38 685431
17 18 685431
17 37 685436
17 20 685439
17 25 685444
17 11 685449
17 3 685451
17 14 685454
17 39 685455
17 2 685456
17 27 685464
17 50 685464
17 48 685468
17 33 685474
18 52 685474
18 36 685476
18 46 685476
18 32 685483
18 6 685484
18 3 685485
18 21 685491
18 0 685496
18 15 685498
18 1 685502
18 13 685506
18 7 685515
18 19 685520
18 26 685528
18 25 685536
18 22 685542
18 15 685548
18 36 685553
18 49 685562
18 31 685564
18 30 685573
18 13 685579
18 40 685579
18 8 685580
18 4 685589
18 1 685597
18 19 685605
18 26 685613
18 10 685620
18 28 685622
18 22 685631
18 51 685638
18 21 685642
19 34 685646
19 0 685654
19 24 685662
19 38 685669
19 16 685678
19 32 685678
19 33 685683
19 50 685684
19 40 685690
19 52 685699
19 15 685700
19 4 685703
19 8 685711
19 39 685717
19 47 685719
19 13 685721
19 11 685725
19 30 685729
19 1 685731
19 42 685731
19 8 685733
19 18 685733
19 3 685736
19 23 685744
19 48 685746
19 28 685749
19 14 685753
19 36 685759
19 34 685760
19 4 685760
19 35 685763
19 45 685769
19 7 685774
19 27 685783
19 24 685784
19 38 685792
19 17 685794
19 6 685801
19 41 685807
19 44 685811
19 26 685816
20 51 685818
20 10 685824
20 2 685824
20 42 685833
20 52 685835
20 26 685838
20 45 685847
20 39 685852
20 40 685852
20 44 685852
20 27 685854
20 3 685856
20 35 685857
20 4 685857
20 6 685858
20 17 685863
20 41 685869
20 34 685873
20 27 685873
20 10 685881
20 39 685885
20 15 685886
20 34 685895
20 11 685903
20 42 685904
20 8 685904
20 25 685904
20 49 685904
20 21 685906
20 22 685908
20 16 685911
20 32 685918
20 3 685918
20 18 685922
20 50 685928
20 9 685937
20 2 685938
20 43 685941
21 8 685949
21 15 685951
21 5 685956
21 44 685956
21 42 685958
21 37 685963
21 10 685972
21 39 685979
21 46 685986
21 11 685990
22 14 685992
22 39 685994
22 41 685995
22 24 685996
22 26 686003
22 45 686010
22 52 686015
22 1 686021
22 25 686024
22 20 686027
22 9 686036
22 37 686040
22 23 686044
22 8 686050
22 30 686053
22 27 686057
22 4 686060
22 5 686061
22 46 686067
22 47 686073
22 0 686082
22 36 686082
22 2 686086
22 44 686090
22 35 686093
22 38 686094
22 18 686096
22 17 686099
22 13 686101
22 48 686105
22 24 686110
22 5 686118
22 41 686118
22 31 686121
22 39 686122
22 7 686127
22 42 686128
22 29 686133
22 44 686139
22 15 686141
22 27 686150
22 46 686151
22 43 686159
22 14 686163
22 47 686169
22 52 686171
22 4 686175
22 21 686181
22 6 686186
23 47 686190
23 8 686190
23 9 686192
23 35 686197
23 16 686197
23 21 686202
23 26 686207
23 44 686213
23 41 686213
23 20 686219
23 7 686222
23 14 686225
23 50 686233
23 10 686233
23 51 686240
23 11 686240
23 15 686241
23 50 686248
23 6 686249
23 34 686256
23 48 686257
23 49 686257
23 41 686262
23 17 686267
23 5 686273
23 10 686280
23 25 686283
23 24 686286
23 52 686295
23 14 686303
23 31 686304
23 12 686308
24 1 686313
24 20 686317
24 46 686318
24 37 686324
24 45 686326
24 11 686335
24 7 686338
24 35 686345
24 8 686345
24 39 686352
24 34 686353
24 47 686359
24 22 686361
24 28 686367
24 10 686373
24 32 686375
24 50 686384
24 5 686388
24 14 686388
24 25 686397
24 31 686400
24 38 686408
24 27 686417
24 26 686420
24 6 686425
24 23 686433
24 33 686439
24 42 686443
24 12 686444
24 15 686450
24 43 686455
24 43 686458
24 34 686461
24 37 686468
24 20 686468
24 0 686468
24 29 686474
24 42 686474
24 4 686482
24 25 686488
24 23 686493
24 16 686498
24 6 686505
24 44 686508
24 35 686517
24 17 686525
24 51 686526
24 9 686532
24 40 686532
24 15 686541
24 26 686541
24 2 686546
24 30 686550
24 1 686559
24 31 686559
24 10 686563
24 27 686572
24 21 686579
24 13 686579
24 50 686579
24 22 686581
25 38 686581
25 43 686583
25 10 686584
25 51 686585
25 45 686585
25 30 686592
25 2 686595
25 20 686603
26 25 686611
26 48 686612
26 47 686614
26 15 686614
26 39 686616
26 27 686625
26 24 686633
26 34 686641
26 2 686644
26 51 686645
26 50 686650
26 28 686654
26 0 686656
26 43 686662
26 30 686662
26 37 686665
26 44 686673
26 48 686673
26 22 686682
26 51 686682
26 52 686687
26 7 686696
26 4 686699
26 15 686708
26 11 686712
26 31 686719
26 45 686720
26 37 686725
26 24 686730
26 0 686737
26 17 686738
26 40 686743
26 33 686744
26 14 686747
26 12 686756
26 9 686762
27 16 686768
27 6 686775
27 43 686775
28 44 686781
28 41 686788
28 5 686788
28 50 686797
28 19 686799
28 17 686807
28 0 686814
28 12 686814
28 21 686815
28 30 686819
28 52 686825
28 47 686829
28 16 686837
28 6 686846
28 18 686855
28 24 686856
28 32 686865
28 49 686865
28 51 686869
28 10 686873
28 33 686874
28 8 686882
28 25 686882
28 38 686883
28 37 686892
28 3 686900
28 40 686903
28 46 686909
28 48 686918
28 31 686922
28 43 686924
28 11 686926
28 16 686933
28 26 686939
28 41 686945
28 33 686945
28 48 686951
28 34 686960
28 31 686968
28 35 686974
28 0 686981
28 23 686988
28 17 686993
28 25 686993
28 13 686993
28 22 687002
28 21 687005
28 7 687008
28 52 687008
28 5 687009
28 51 687017
28 8 687022
28 49 687028
28 19 687034
28 15 687035
28 42 687036
28 38 687041
28 18 687042
28 12 687049
28 14 687057
28 44 687064
28 40 687072
28 47 687078
28 4 687085
29 3 687085
29 22 687093
29 36 687095
29 28 687102
30 13 687105
30 16 687114
30 44 687123
30 39 687126
30 28 687128
30 42 687133
30 33 687136
30 0 687137
30 27 687143
30 12 687149
30 51 687153
30 10 687161
30 48 687161
30 23 687167
30 7 687168
30 24 687168
30 45 687176
30 28 687176
30 49 687185
30 9 687188
30 21 687197
30 23 687206
30 25 687212
30 47 687221
30 43 687227
30 12 687232
30 46 687232
30 5 687232
30 15 687237
30 19 687244
30 17 687252
30 39 687252
31 15 687255
31 42 687256
31 25 687257
31 32 687259
31 7 687267
31 1 687275
31 30 687282
31 33 687283
31 6 687285
31 28 687290
31 41 687292
31 9 687299
31 52 687307
31 44 687308
31 12 687311
31 46 687314
31 8 687322
31 3 687322
31 43 687323
31 14 687324
31 16 687331
31 22 687334
31 51 687334
31 40 687338
31 27 687344
31 21 687347
31 34 687355
31 1 687355
31 11 687357
31 23 687358
31 42 687362
31 2 687365
31 26 687372
31 15 687380
31 10 687387
31 45 687396
31 43 687405
31 8 687414
31 16 687423
31 33 687423
31 5 687431
31 47 687438
31 52 687444
31 18 687453
31 34 687460
31 39 687466
31 49 687468
31 14 687470
31 20 687474
31 3 687476
32 15 687480
32 25 687482
32 14 687485
32 2 687490
32 4 687499
32 5 687508
32 52 687516
32 3 687521
32 35 687524
32 37 687524
32 27 687533
32 16 687536
32 10 687543
32 43 687545
32 47 687551
32 40 687555
32 41 687560
32 22 687566
32 17 687573
32 21 687579
32 20 687583
32 44 687591
32 50 687598
32 34 687607
32 24 687609
32 46 687613
32 18 687619
32 19 687627
32 3 687627
32 36 687634
32 41 687636
32 30 687644
32 24 687645
32 16 687651
32 40 687654
32 22 687663
32 29 687664
32 47 687673
32 10 687676
32 45 687681
32 37 687690
32 19 687699
32 25 687704
32 6 687708
32 1 687717
32 33 687721
32 21 687721
32 42 687721
32 4 687723
32 49 687729
32 13 687733
32 23 687735
32 51 687738
32 34 687743
32 39 687744
33 49 687753
33 16 687762
33 25 687769
33 28 687774
33 38 687776
33 4 687776
33 22 687776
33 8 687777
33 0 687783
33 20 687792
33 37 687794
33 1 687802
33 2 687806
33 31 687811
33 39 687815
33 34 687821
33 45 687827
33 11 687829
33 35 687831
33 23 687838
33 9 687846
33 2 687846
33 41 687853
33 42 687854
33 18 687859
33 39 687866
33 7 687871
33 32 687874
33 16 687881
33 14 687886
33 27 687886
33 29 687891
33 40 687895
33 50 687904
34 38 687904
34 3 687909
34 18 687909
34 15 687917
34 33 687922
34 25 687922
34 46 687931
34 49 687932
34 10 687939
34 30 687943
34 5 687948
34 40 687957
34 4 687963
34 16 687970
34 2 687972
34 27 687980
34 43 687980
34 36 687980
34 1 687984
34 13 687990
34 45 687996
34 7 688000
34 22 688004
34 3 688004
34 27 688005
34 4 688010
34 38 688019
34 23 688024
34 36 688025
34 50 688032
34 25 688037
34 20 688040
34 30 688042
34 8 688051
34 12 688058
34 47 688067
34 29 688069
34 32 688074
34 33 688075
34 41 688082
34 22 688087
34 35 688094
34 44 688098
34 11 688103
34 7 688107
34 0 688112
34 1 688120
34 9 688129
34 28 688134
34 37 688143
34 2 688148
34 5 688155
34 39 688158
34 21 688158
35 49 688162
35 0 688166
35 47 688169
35 46 688174
35 13 688182
35 22 688182
35 36 688187
35 3 688193
35 19 688197
35 39 688199
35 12 688208
35 33 688208
35 40 688210
35 20 688215
35 38 688216
35 17 688221
35 40 688226
35 16 688233
35 22 688242
35 39 688243
35 8 688248
35 14 688248
35 38 688249
35 30 688256
35 47 688265
35 45 688267
35 11 688271
35 6 688276
35 51 688278
35 46 688287
35 41 688291
36 11 688298
36 52 688304
36 43 688313
36 26 688320
36 15 688328
36 30 688329
36 33 688335
36 47 688336
36 38 688344
36 37 688346
36 19 688354
36 41 688362
36 8 688364
36 9 688366
36 2 688366
36 46 688366
36 32 688368
36 39 688374
36 40 688382
36 0 688388
36 5 688397
36 20 688405
36 12 688408
36 48 688412
36 21 688414
36 3 688422
36 50 688422
36 31 688422
36 45 688428
36 24 688430
36 6 688436
36 41 688437
36 16 688440
36 0 688445
36 30 688451
36 51 688460
36 37 688465
36 42 688474
36 35 688480
36 27 688489
36 50 688490
36 31 688497
36 7 688499
36 48 688503
36 49 688507
36 19 688511
36 39 688516
36 32 688520
36 46 688527
36 12 688530
36 47 688536
36 23 688537
36 52 688544
36 21 688553
36 14 688555
36 44 688561
36 18 688564
36 25 688567
36 9 688570
36 17 688572
36 8 688573
36 33 688574
36 3 688576
36 20 688581
37 6 688584
37 9 688584
37 0 688585
37 18 688591
37 27 688595
37 32 688601
37 41 688602
37 14 688607
37 45 688608
37 42 688615
37 11 688621
37 8 688628
37 5 688630
37 31 688632
37 16 688637
37 29 688646
37 32 688651
37 3 688652
37 9 688652
37 23 688661
37 10 688663
37 8 688672
37 21 688679
37 14 688684
37 4 688686
37 45 688689
37 49 688698
37 25 688707
37 38 688714
38 47 688720
38 21 688729
38 17 688734
38 23 688739
38 44 688742
38 10 688746
38 45 688748
38 51 688748
38 42 688757
38 42 688766
38 7 688767
38 8 688771
38 18 688776
38 28 688785
38 16 688787
38 30 688794
38 26 688796
38 13 688804
39 8 688807
39 2 688812
39 45 688812
39 44 688821
39 14 688823
39 25 688832
39 9 688838
39 31 688840
39 16 688845
39 1 688851
39 3 688854
39 50 688863
39 52 688866
39 6 688875
39 40 688882
39 33 688890
39 42 688896
39 20 688900
39 43 688908
39 15 688911
39 35 688918
39 7 688921
39 22 688928
39 4 688935
39 49 688939
39 12 688941
39 46 688942
39 29 688943
39 13 688951
39 15 688960
39 34 688960
39 31 688967
39 13 688969
39 41 688977
39 50 688985
39 47 688992
39 46 688996
39 17 689001
39 32 689005
39 33 689005
39 12 689011
39 43 689019
39 0 689021
39 24 689026
39 27 689034
39 48 689038
39 5 689043
39 2 689050
39 44 689054
39 38 689063
39 21 689065
39 4 689070
39 14 689076
39 30 689078
39 36 689078
39 49 689081
39 22 689088
40 21 689097
40 42 689101
40 36 689107
40 38 689111
40 14 689112
40 47 689121
40 30 689127
40 45 689129
40 3 689130
40 43 689137
40 37 689141
40 25 689149
40 0 689154
40 46 689157
40 31 689166
40 51 689168
40 16 689172
40 32 689175
40 52 689182
40 23 689187
40 7 689193
40 48 689194
40 13 689199
40 49 689206
40 44 689210
40 17 689218
40 34 689224
40 1 689226
40 22 689230
40 41 689239
40 5 689241
40 4 689249
40 11 689255
40 49 689261
40 10 689264
40 29 689269
40 2 689272
40 1 689278
40 11 689283
40 50 689284
40 46 689287
40 43 689292
40 47 689293
40 4 689294
40 33 689302
40 23 689308
40 36 689310
40 19 689311
40 48 689319
40 37 689321
40 27 689330
40 9 689338
40 51 689345
40 16 689354
40 20 689354
40 45 689359
40 15 689360
40 34 689368
40 38 689374
40 17 689381
40 12 689386
40 3 689390
40 13 689395
40 21 689400
40 8 689408
40 5 689412
41 39 689417
41 49 689417
41 4 689426
41 22 689428
41 24 689429
41 3 689429
41 19 689433
41 32 689440
41 5 689440
41 44 689445
41 20 689451
41 23 689453
41 13 689456
41 12 689458
41 30 689461
41 7 689461
41 10 689463
41 15 689470
41 9 689471
41 45 689472
41 34 689478
41 38 689486
41 52 689495
41 35 689498
41 47 689503
41 11 689506
41 14 689513
41 21 689522
41 27 689530
41 34 689530
41 40 689534
41 50 689536
41 26 689539
41 5 689543
41 23 689549
41 35 689557
41 31 689563
41 24 689567
41 28 689568
41 12 689576
41 2 689583
41 43 689592
41 18 689600
41 0 689601
41 6 689604
41 29 689606
41 4 689612
41 22 689618
41 21 689618
41 8 689625
41 39 689629
41 36 689638
41 37 689646
41 49 689649
41 44 689658
41 33 689662
41 20 689663
41 30 689666
42 34 689675
42 23 689677
42 28 689682
42 39 689684
42 2 689685
42 45 689686
42 41 689694
42 5 689695
42 3 689702
42 15 689708
42 20 689717
42 38 689726
42 29 689726
42 30 689735
42 8 689736
42 0 689745
42 31 689746
42 21 689752
42 44 689755
42 31 689762
42 2 689769
42 9 689776
42 36 689784
42 3 689791
42 45 689798
42 30 689804
42 21 689807
42 48 689807
42 13 689809
42 52 689810
42 19 689818
42 39 689825
42 7 689828
42 23 689837
42 24 689844
42 20 689853
43 8 689854
43 17 689863
43 11 689864
43 52 689864
43 31 689867
43 28 689873
43 36 689875
43 14 689878
43 2 689882
43 48 689887
43 21 689888
43 16 689896
43 41 689901
43 34 689910
43 29 689915
43 10 689923
43 0 689931
43 7 689936
43 47 689937
43 8 689942
43 33 689946
43 38 689948
43 40 689952
43 36 689961
43 11 689964
43 5 689965
44 46 689973
44 10 689980
44 25 689987
44 43 689996
44 37 689996
44 17 689998
44 50 690004
44 35 690009
44 36 690013
44 3 690017
44 13 690025
44 26 690027
44 32 690034
44 38 690042
44 49 690047
44 39 690055
44 27 690064
44 0 690066
44 14 690068
44 12 690074
44 29 690077
44 24 690083
44 51 690085
44 37 690087
44 28 690087
44 25 690094
44 3 690103
44 27 690106
44 45 690107
44 17 690116
44 30 690122
44 16 690122
44 52 690126
44 31 690127
44 21 690130
44 11 690135
44 18 690144
44 47 690152
44 22 690161
44 6 690164
44 14 690173
44 34 690175
44 20 690181
44 35 690187
45 21 690188
45 51 690191
45 12 690200
45 25 690206
45 47 690208
45 30 690212
45 11 690216
45 20 690221
45 4 690225
45 38 690225
45 3 690225
45 44 690228
45 0 690234
45 8 690237
45 37 690246
45 29 690248
45 39 690248
45 14 690252
45 15 690260
45 22 690268
45 26 690270
45 10 690272
45 32 690274
45 49 690275
45 31 690284
45 5 690285
45 13 690290
45 33 690297
45 39 690303
45 0 690311
45 5 690318
45 1 690318
45 9 690321
45 33 690330
45 16 690335
45 17 690343
45 18 690343
45 48 690343
45 49 690348
45 44 690349
45 26 690357
45 43 690362
45 3 690365
45 13 690374
45 46 690382
45 12 690388
45 27 690393
45 15 690395
45 29 690404
45 14 690411
45 11 690412
45 25 690419
45 10 690425
46 3 690433
46 31 690434
46 33 690441
46 44 690447
46 14 690451
46 34 690452
46 26 690452
46 43 690452
46 1 690458
46 13 690465
46 30 690468
46 45 690474
46 32 690481
46 9 690482
46 35 690490
46 15 690496
46 24 690505
46 0 690513
46 36 690520
46 20 690522
46 28 690528
46 2 690537
46 16 690538
46 29 690539
46 51 690541
46 38 690549
46 48 690549
46 5 690549
46 52 690555
46 50 690556
46 42 690556
46 4 690557
46 51 690561
46 31 690563
46 18 690564
46 9 690573
46 34 690573
46 43 690581
46 20 690582
46 25 690587
46 3 690587
46 48 690594
46 8 690603
46 12 690609
46 22 690612
46 35 690617
46 33 690617
46 44 690623
46 52 690626
46 15 690631
46 24 690636
46 42 690643
46 45 690646
46 21 690649
46 49 690654
46 38 690658
46 37 690664
46 14 690666
46 5 690675
47 34 690679
47 21 690682
47 13 690691
47 27 690695
47 20 690701
47 17 690704
47 9 690707
47 12 690709
47 50 690709
47 38 690718
47 36 690725
47 29 690730
47 23 690736
47 3 690745
47 49 690746
47 2 690753
47 16 690753
47 45 690760
47 18 690760
47 33 690760
47 51 690768
47 35 690769
47 0 690778
47 52 690779
47 26 690782
47 5 690790
47 46 690795
47 24 690801
47 29 690804
47 13 690805
47 31 690808
47 30 690815
47 39 690824
47 16 690832
47 37 690837
47 25 690843
47 48 690847
47 38 690849
47 9 690851
47 22 690859
47 35 690865
47 3 690866
47 36 690871
47 41 690872
47 45 690875
48 10 690882
48 32 690885
48 25 690887
48 30 690893
48 24 690899
48 27 690907
48 49 690910
48 7 690913
48 16 690922
48 18 690922
48 42 690927
48 13 690935
48 26 690943
48 34 690949
48 0 690955
48 14 690959
48 11 690959
48 5 690965
48 6 690972
48 17 690980
48 20 690987
48 51 690988
48 3 690997
48 8 691006
48 29 691007
48 41 691013
48 1 691019
48 12 691027
48 50 691028
48 9 691033
48 36 691035
48 47 691042
48 15 691050
48 0 691057
48 30 691066
48 43 691071
48 9 691079
48 10 691086
48 13 691090
48 2 691095
48 52 691103
48 50 691111
48 38 691118
48 32 691120
48 31 691120
48 51 691127
48 22 691130
48 16 691137
48 25 691145
48 37 691149
48 4 691153
48 23 691160
48 40 691163
48 29 691170
48 26 691175
48 41 691181
48 12 691183
48 27 691192
48 20 691200
48 36 691200
48 49 691208
48 44 691212
48 5 691214
48 8 691220
48 6 691223
48 24 691231
49 45 691237
49 18 691245
49 10 691245
49 48 691246
49 44 691251
49 9 691251
49 20 691258
49 35 691267
49 4 691275
49 36 691277
49 47 691284
49 30 691287
49 6 691289
49 34 691295
49 26 691304
49 16 691304
49 15 691311
49 22 691319
49 50 691320
49 15 691322
49 50 691324
49 18 691333
49 2 691341
49 24 691344
49 16 691344
49 20 691349
49 22 691354
49 31 691357
49 43 691357
49 26 691359
49 42 691363
49 41 691365
49 17 691371
49 9 691380
49 23 691386
49 51 691392
49 10 691401
49 7 691404
49 46 691411
49 32 691412
49 8 691416
50 17 691423
50 2 691428
50 19 691435
50 29 691435
51 17 691440
51 32 691447
51 40 691456
51 7 691456
51 43 691457
51 4 691458
51 52 691467
51 39 691467
51 22 691470
51 30 691474
51 9 691480
51 0 691486
51 5 691490
51 29 691490
51 36 691491
51 50 691496
51 48 691503
51 36 691512
51 10 691518
51 8 691521
51 19 691522
51 14 691530
51 23 691538
51 1 691539
51 16 691540
51 0 691544
51 24 691550
51 50 691551
51 39 691556
51 41 691559
51 7 691566
51 47 691574
51 44 691579
51 29 691580
51 49 691584
51 11 691593
52 18 691597
52 24 691599
52 19 691603
52 6 691607
52 36 691612
52 45 691617
52 21 691619
52 42 691626
52 40 691632
52 51 691639
52 47 691645
52 26 691652
52 28 691654
52 48 691658
52 0 691662
52 37 691669
52 22 691671
52 30 691675
52 31 691679
52 11 691683
52 1 691691
52 43 691698
52 16 691698
52 48 691698
52 18 691707
52 49 691712
52 1 691719
52 39 691724
52 29 691728
52 4 691735
52 38 691744
52 17 691750
52 21 691750
52 6 691757
52 31 691761
52 36 691761
52 32 691762
52 50 691767
52 46 691767
52 23 691768
