54
false
0 52 721280
0 19 721283
0 35 721285
0 12 721285
0 25 721286
0 9 721295
0 2 721303
0 28 721309
0 3 721317
0 49 721325
0 33 721329
0 36 721330
0 37 721336
0 16 721336
0 19 721339
0 45 721347
0 18 721352
0 8 721353
0 3 721360
0 32 721361
0 51 721364
0 23 721368
0 49 721374
0 22 721382
0 6 721389
0 44 721393
0 9 721400
0 42 721407
0 4 721416
1 5 721422
1 19 721422
1 25 721422
1 43 721430
1 10 721436
1 42 721441
1 6 721446
1 37 721452
1 44 721458
1 29 721466
1 0 721472
1 52 721473
1 18 721476
1 20 721484
1 17 721489
1 4 721491
1 23 721495
1 11 721495
1 48 721495
1 9 721495
1 15 721499
1 51 721501
1 14 721504
1 40 721506
1 28 721509
1 45 721517
1 3 721520
1 46 721529
1 19 721534
1 38 721534
1 26 721540
1 18 721543
1 35 721548
1 53 721557
1 33 721565
1 39 721574
1 7 721575
1 10 721584
1 0 721584
1 11 721590
1 42 721590
1 16 721594
1 14 721597
1 17 721605
1 25 721614
1 20 721617
1 51 721621
1 34 721621
1 5 721622
1 21 721625
2 32 721627
2 49 721627
2 30 721635
2 3 721637
2 14 721643
2 44 721649
2 0 721656
2 51 721663
3 7 721672
3 13 721675
3 9 721678
3 11 721680
3 14 721686
3 24 721691
3 4 721698
3 29 721702
3 16 721704
3 42 721705
3 44 721708
3 19 721708
3 45 721715
3 43 721721
3 34 721727
3 1 721736
3 33 721737
3 19 721743
3 9 721752
3 41 721753
3 47 721760
3 26 721762
3 49 721766
3 16 721771
3 51 721776
3 35 721778
3 32 721779
4 51 721785
4 21 721792
4 25 721799
4 3 721805
4 50 721807
4 11 721810
4 49 721810
4 0 721818
4 5 721824
4 43 721826
4 34 721833
4 7 721842
4 19 721842
4 47 721849
5 17 721852
5 50 721853
5 32 721856
5 16 721857
5 46 721860
5 45 721864
5 48 721870
5 42 721876
5 12 721884
5 29 721884
5 35 721893
5 13 721902
5 14 721904
5 38 721912
5 0 721913
5 1 721914
5 51 721918
5 41 721924
5 25 721926
5 11 721930
5 3 721932
5 24 721933
5 53 721933
5 15 721936
5 40 721944
5 18 721953
5 20 721962
5 32 721970
5 53 721979
5 9 721981
5 8 721986
5 48 721989
5 51 721997
5 19 722004
5 17 722013
5 18 722022
5 0 722022
5 23 722031
5 20 722033
5 1 722034
5 21 722034
5 15 722034
5 37 722040
5 11 722044
5 25 722047
5 42 722050
5 6 722056
5 16 722065
5 33 722070
5 50 722076
5 10 722076
5 47 722077
5 46 722081
6 3 722081
6 45 722088
6 30 722096
6 22 722101
7 28 722105
7 12 722105
7 19 722114
7 48 722117
7 50 722123
7 46 722128
7 43 722130
7 17 722135
7 35 722137
7 31 722144
7 8 722144
7 15 722151
7 27 722151
7 14 722156
7 44 722160
7 20 722166
7 23 722173
7 51 722178
7 29 722182
7 18 722182
7 49 722186
7 34 722195
7 11 722201
7 45 722206
7 5 722209
7 1 722218
7 13 722227
7 25 722232
7 41 722236
7 39 722237
7 33 722243
7 20 722243
7 14 722246
7 10 722246
7 0 722250
7 41 722259
7 48 722268
7 40 722271
7 49 722277
7 43 722281
7 22 722281
7 11 722282
7 31 722284
7 39 722284
7 8 722286
7 13 722292
7 19 722301
7 21 722304
7 26 722312
7 9 722321
7 23 722323
7 37 722331
7 4 722337
7 24 722341
7 51 722346
7 50 722352
7 32 722355
7 6 722356
7 27 722365
7 18 722373
7 15 722382
7 2 722385
7 17 722390
7 12 722399
7 34 722408
7 5 722410
8 52 722415
8 16 722415
8 48 722415
8 27 722424
8 46 722427
8 1 722427
8 47 722436
8 36 722444
8 4 722452
8 13 722457
8 51 722462
8 10 722462
8 21 722467
8 42 722467
8 6 722469
8 11 722471
8 7 722476
8 38 722482
8 43 722488
8 12 722494
8 11 722499
8 47 722504
8 17 722510
8 35 722517
8 49 722519
8 16 722520
8 2 722523
8 21 722529
8 22 722537
8 14 722540
8 50 722543
8 37 722551
8 34 722557
8 27 722559
9 38 722568
9 26 722569
9 46 722577
9 45 722578
9 40 722584
9 7 722585
9 22 722588
9 41 722594
9 35 722603
9 24 722610
9 36 722611
9 37 722613
9 29 722622
9 5 722627
9 42 722634
9 28 722640
9 53 722648
9 32 722648
9 6 722651
9 46 722659
9 47 722660
9 52 722666
9 3 722667
9 14 722671
9 27 722675
9 0 722684
9 12 722685
10 17 722690
10 33 722698
10 11 722706
10 16 722706
10 46 722714
10 43 722714
10 36 722715
10 2 722719
10 14 722723
10 50 722732
10 24 722736
10 3 722742
10 1 722750
10 4 722754
10 5 722754
10 44 722758
10 0 722766
10 39 722772
10 47 722776
10 29 722783
10 18 722784
10 22 722793
10 8 722799
10 9 722804
10 34 722812
10 6 722821
10 42 722822
10 23 722826
10 28 722835
10 40 722843
10 25 722849
10 1 722852
10 42 722858
10 47 722858
10 21 722859
10 44 722867
10 17 722875
10 39 722882
10 45 722885
10 27 722887
10 15 722891
10 31 722891
10 16 722893
10 30 722894
10 25 722903
10 53 722910
10 18 722912
10 0 722916
10 24 722924
10 3 722927
10 20 722928
10 43 722933
10 34 722941
10 35 722946
10 38 722954
10 12 722958
10 48 722959
11 52 722963
11 22 722972
11 27 722975
11 39 722981
11 53 722983
11 12 722992
11 25 722996
11 9 723000
11 2 723009
11 45 723010
11 3 723016
11 23 723017
11 24 723022
11 6 723031
11 20 723036
11 28 723039
11 34 723041
11 49 723042
11 18 723043
11 36 723052
11 17 723053
11 15 723054
11 16 723062
11 31 723071
11 50 723080
11 48 723089
11 8 723089
11 18 723091
11 14 723099
11 40 723106
11 5 723111
11 34 723120
11 47 723127
11 21 723127
11 53 723136
11 37 723142
11 15 723147
11 41 723150
11 2 723159
11 20 723163
11 28 723171
11 16 723175
11 50 723183
11 46 723184
11 19 723186
11 29 723191
11 13 723191
11 4 723198
11 35 723202
11 6 723206
11 1 723212
11 52 723218
12 40 723223
12 45 723229
12 7 723238
12 3 723240
12 51 723248
12 48 723250
12 32 723250
12 5 723257
12 50 723262
12 30 723269
12 49 723275
12 21 723281
12 1 723289
12 10 723296
12 13 723301
12 11 723301
12 24 723304
12 39 723307
12 25 723312
12 26 723316
12 47 723325
12 43 723330
12 4 723334
12 15 723336
12 27 723343
12 14 723349
12 53 723358
12 37 723360
12 52 723364
12 2 723367
12 23 723370
12 19 723377
12 44 723385
12 10 723387
12 24 723396
12 33 723397
12 0 723403
12 41 723405
12 26 723408
12 25 723410
12 11 723413
12 1 723420
12 14 723420
12 46 723425
12 15 723433
12 53 723437
12 51 723440
12 36 723449
12 49 723449
12 38 723453
12 39 723457
12 32 723463
12 7 723472
12 4 723475
12 29 723478
12 45 723480
12 6 723488
13 1 723494
13 46 723501
13 53 723502
13 3 723507
13 10 723515
13 43 723519
13 45 723521
13 26 723523
13 44 723528
13 11 723536
13 34 723541
13 23 723543
13 37 723549
13 6 723556
13 12 723564
13 38 723567
13 51 723569
13 16 723573
13 20 723582
13 24 723586
13 18 723589
13 7 723590
13 42 723597
13 0 723602
13 52 723606
13 18 723606
13 51 723615
13 16 723616
13 32 723617
13 40 723626
13 46 723626
13 43 723631
13 39 723632
13 4 723636
13 14 723639
13 50 723648
13 49 723654
13 48 723662
13 10 723665
13 20 723668
13 34 723673
13 47 723674
13 21 723679
13 22 723686
13 24 723689
13 6 723697
13 15 723700
13 12 723704
13 8 723704
14 1 723711
14 32 723720
14 15 723724
14 50 723727
14 25 723727
14 42 723730
14 27 723738
14 21 723738
14 38 723743
14 26 723752
14 22 723760
14 29 723760
14 41 723764
14 5 723767
14 16 723767
14 28 723771
14 31 723779
14 2 723780
14 36 723781
14 40 723781
14 13 723782
14 36 723788
14 31 723795
14 7 723801
14 28 723803
14 1 723811
14 21 723820
14 48 723820
14 39 723820
14 47 723827
14 53 723835
14 18 723842
14 4 723851
14 30 723859
14 33 723861
14 25 723865
14 11 723872
14 16 723872
14 42 723880
14 8 723889
14 45 723898
16 41 723902
16 34 723904
16 51 723912
17 15 723919
17 41 723921
17 3 723930
17 42 723934
17 24 723942
17 43 723949
17 4 723958
17 35 723966
17 12 723974
17 14 723983
17 51 723992
17 5 723997
17 7 724003
17 21 724004
17 46 724011
17 36 724014
17 44 724021
17 39 724026
17 49 724035
17 29 724036
17 22 724038
17 27 724038
17 1 724046
17 26 724054
17 53 724057
17 28 724060
17 34 724067
17 18 724072
17 20 724075
17 38 724082
17 32 724085
17 2 724087
17 34 724091
17 6 724095
17 14 724101
17 51 724104
17 4 724109
17 38 724113
17 49 724117
17 45 724120
17 24 724128
17 43 724134
17 23 724135
17 1 724142
17 50 724142
17 47 724144
17 42 724145
17 10 724150
17 22 724157
17 11 724158
17 41 724165
17 31 724169
17 19 724171
17 46 724179
17 25 724180
17 35 724188
17 5 724195
18 41 724200
18 21 724204
18 36 724209
18 37 724211
18 35 724215
18 28 724219
18 26 724219
18 32 724227
18 2 724230
18 31 724231
18 0 724237
18 11 724243
18 7 724248
18 4 724250
18 25 724250
18 5 724252
18 22 724258
18 40 724263
18 8 724268
18 15 724274
18 29 724277
18 20 724286
18 28 724293
18 12 724297
18 25 724297
18 16 724300
18 23 724303
18 8 724310
18 17 724317
18 19 724322
18 42 724325
18 27 724327
18 51 724334
18 40 724336
18 10 724343
18 41 724347
18 9 724349
18 22 724353
18 7 724357
18 39 724364
18 1 724367
18 29 724367
18 48 724372
19 14 724380
19 1 724380
19 30 724382
19 24 724388
19 38 724388
19 13 724396
19 23 724405
19 43 724405
19 39 724405
19 2 724405
19 51 724410
20 48 724416
20 27 724425
20 5 724429
20 44 724432
20 49 724435
20 3 724444
20 19 724450
20 51 724458
20 4 724460
20 30 724469
20 35 724470
20 9 724479
20 38 724480
20 45 724487
20 18 724495
20 1 724501
20 46 724505
20 36 724510
20 28 724510
20 14 724512
20 30 724516
20 40 724523
20 5 724523
20 1 724528
20 31 724528
20 26 724532
20 21 724538
20 52 724542
20 8 724550
20 23 724555
20 15 724557
20 34 724557
20 6 724559
21 26 724565
21 15 724573
21 19 724576
21 4 724585
21 29 724591
21 2 724598
21 12 724600
21 5 724609
21 41 724610
21 24 724614
21 40 724620
21 30 724628
21 34 724632
21 43 724633
21 53 724642
21 31 724651
21 6 724652
21 48 724654
21 8 724662
21 3 724663
21 7 724669
21 33 724669
21 35 724677
21 17 724683
21 22 724692
21 18 724692
21 49 724694
21 48 724696
21 19 724697
21 4 724701
21 24 724703
21 17 724703
21 14 724705
21 10 724705
21 38 724707
21 31 724708
21 30 724711
21 13 724715
21 12 724723
21 18 724727
21 43 724735
21 53 724737
21 11 724746
21 50 724755
21 47 724755
21 7 724756
21 26 724764
21 27 724766
21 5 724773
21 28 724779
21 41 724785
21 3 724788
21 46 724790
21 44 724793
21 8 724799
21 52 724807
21 32 724810
21 1 724817
22 47 724819
22 2 724819
22 40 724821
22 17 724822
22 15 724822
22 23 724824
22 29 724829
22 3 724830
22 48 724830
22 45 724834
22 18 724843
22 19 724848
22 16 724848
22 52 724856
22 51 724860
22 31 724861
22 38 724870
22 0 724874
23 43 724875
23 42 724875
23 6 724878
23 19 724887
23 2 724893
23 37 724893
23 3 724895
24 2 724904
24 19 724904
24 29 724911
24 18 724911
24 53 724918
24 37 724924
24 43 724930
24 7 724932
24 11 724935
24 32 724937
24 16 724945
24 12 724951
24 5 724955
24 27 724957
24 50 724965
24 47 724974
24 36 724981
24 26 724988
24 23 724992
24 34 724995
24 46 724996
24 30 724999
24 49 725000
24 51 725001
24 13 725008
24 11 725015
24 20 725020
24 3 725026
24 6 725029
24 10 725032
24 38 725041
24 52 725045
24 31 725049
24 33 725055
24 14 725058
24 23 725062
24 53 725070
24 9 725076
24 35 725078
24 26 725080
25 46 725089
25 37 725089
25 49 725093
25 33 725101
25 40 725105
25 9 725105
25 29 725114
25 17 725115
25 26 725119
25 53 725125
25 44 725133
25 16 725136
25 13 725144
25 45 725148
25 44 725153
25 40 725154
25 50 725159
25 11 725165
25 22 725173
25 8 725182
25 13 725187
25 43 725193
25 52 725193
25 12 725202
25 16 725206
25 24 725206
25 26 725208
25 48 725212
25 3 725218
25 5 725221
25 19 725226
26 30 725230
26 24 725230
26 20 725232
27 35 725237
27 24 725241
27 9 725241
28 42 725247
28 49 725251
28 52 725254
28 44 725258
28 11 725262
28 29 725267
28 0 725274
28 24 725279
28 21 725283
28 8 725290
28 7 725297
28 53 725298
28 43 725305
28 14 725306
28 40 725307
28 9 725307
28 32 725308
28 47 725308
28 10 725313
28 50 725316
28 5 725319
28 18 725328
28 46 725331
28 41 725336
28 2 725338
28 27 725343
28 4 725347
28 45 725348
28 23 725350
28 1 725359
28 20 725362
28 39 725369
28 36 725369
28 11 725376
28 37 725377
28 7 725383
28 32 725385
29 48 725386
29 18 725388
29 43 725391
29 8 725396
29 32 725404
29 7 725404
29 37 725411
29 24 725414
29 4 725422
29 35 725431
29 9 725437
29 17 725444
29 28 725452
29 31 725454
29 46 725458
29 44 725463
29 53 725467
29 52 725467
29 49 725467
29 27 725473
29 26 725478
29 2 725481
29 51 725486
29 38 725492
29 41 725498
29 21 725506
29 1 725514
29 33 725523
29 5 725531
29 0 725538
29 14 725544
29 23 725544
29 4 725551
29 2 725560
29 39 725560
29 36 725567
29 9 725572
29 50 725576
29 14 725585
29 41 725592
29 37 725592
29 6 725596
29 35 725597
29 47 725606
29 51 725606
29 26 725607
29 10 725607
29 16 725616
29 42 725618
29 53 725622
29 40 725627
29 48 725629
29 13 725632
29 44 725633
29 25 725636
29 22 725639
29 46 725647
29 20 725648
29 12 725652
29 45 725660
29 31 725668
29 24 725671
29 21 725676
29 11 725680
30 24 725683
30 41 725689
30 6 725696
30 9 725700
30 22 725705
30 2 725708
30 53 725717
30 38 725717
30 8 725722
30 32 725728
30 19 725730
30 11 725739
30 7 725743
30 45 725751
30 33 725753
30 12 725758
30 13 725765
30 10 725766
30 38 725771
30 20 725772
30 9 725775
30 15 725784
30 18 725793
30 40 725799
30 49 725806
30 11 725806
30 34 725815
30 6 725823
30 31 725832
30 24 725836
30 13 725844
30 29 725852
30 47 725859
30 46 725866
30 44 725871
30 43 725880
31 27 725886
31 29 725887
31 24 725894
31 40 725903
31 37 725912
31 8 725919
31 9 725926
31 7 725927
31 17 725935
31 21 725940
31 11 725940
31 3 725944
31 28 725952
31 14 725955
31 36 725962
31 10 725966
31 16 725975
31 42 725984
31 25 725993
31 34 726001
31 15 726004
31 13 726013
31 49 726015
31 50 726018
31 26 726024
31 24 726029
31 26 726035
31 17 726039
31 0 726048
31 32 726053
31 40 726060
31 50 726060
31 53 726064
31 42 726066
31 52 726070
31 19 726077
31 27 726079
31 39 726086
31 49 726088
31 29 726093
31 36 726093
31 45 726093
31 44 726102
31 9 726104
31 13 726107
31 41 726110
31 21 726110
31 14 726111
31 46 726119
31 11 726121
31 7 726124
31 4 726131
31 33 726134
31 51 726138
32 42 726142
32 53 726147
32 7 726152
32 8 726152
32 24 726160
32 39 726168
32 10 726175
32 18 726183
32 22 726189
32 45 726196
33 31 726196
33 39 726204
33 8 726206
33 37 726213
33 6 726221
33 25 726223
33 45 726232
33 11 726236
33 29 726238
33 41 726243
33 40 726246
33 42 726251
33 35 726257
33 13 726263
33 50 726269
33 26 726269
33 46 726270
33 52 726276
33 2 726279
33 19 726280
33 30 726288
33 14 726290
33 1 726299
33 17 726306
33 38 726306
33 51 726315
33 14 726324
33 19 726330
33 2 726335
33 50 726335
33 42 726335
33 39 726340
33 23 726348
33 53 726357
33 38 726366
33 1 726374
33 16 726375
33 45 726378
33 52 726378
33 12 726378
33 22 726386
33 4 726393
33 24 726394
33 21 726396
33 35 726401
33 41 726403
33 20 726410
33 44 726415
33 25 726415
33 51 726417
33 29 726420
33 8 726428
33 6 726428
33 9 726431
33 31 726432
35 4 726435
35 19 726437
35 18 726445
35 28 726453
35 32 726461
35 29 726469
35 34 726471
35 41 726473
35 15 726474
35 16 726478
35 7 726479
35 9 726483
35 14 726483
35 52 726490
35 40 726499
35 12 726505
35 53 726511
35 17 726520
35 52 726529
35 44 726529
35 40 726531
35 27 726533
35 28 726538
35 23 726547
35 41 726549
35 0 726555
35 50 726557
35 48 726559
35 51 726562
36 6 726567
36 2 726570
36 30 726574
36 11 726578
36 13 726580
36 3 726584
36 5 726592
36 50 726601
36 15 726609
36 41 726614
36 17 726618
36 16 726622
36 51 726625
36 53 726625
36 14 726630
36 34 726632
36 46 726638
36 12 726638
36 19 726645
36 48 726645
36 39 726650
36 26 726654
36 29 726656
36 52 726658
36 10 726660
36 7 726667
36 9 726676
36 40 726680
36 8 726684
36 43 726690
36 18 726696
36 16 726697
36 32 726697
36 51 726697
36 38 726704
36 20 726706
36 53 726714
36 44 726715
36 2 726721
36 34 726726
36 35 726729
36 15 726738
36 29 726739
36 17 726739
36 27 726745
36 7 726749
36 13 726753
36 39 726760
36 23 726764
36 10 726773
36 12 726780
36 3 726782
36 46 726787
36 50 726789
36 25 726795
36 43 726797
37 47 726805
37 15 726809
37 13 726809
38 13 726817
38 22 726826
38 49 726835
38 18 726842
38 41 726847
38 10 726849
38 12 726849
38 1 726849
38 34 726850
38 0 726856
38 52 726858
38 25 726866
38 26 726874
38 31 726882
38 51 726886
38 27 726888
38 44 726894
38 19 726900
38 6 726906
38 24 726908
38 46 726915
38 11 726923
38 36 726931
38 37 726940
38 7 726945
38 21 726954
38 28 726959
38 39 726959
38 53 726968
38 3 726968
38 2 726968
38 23 726973
38 35 726973
38 6 726981
38 33 726984
38 40 726984
38 12 726993
38 30 726994
38 4 727001
38 18 727005
38 19 727008
38 53 727013
38 3 727022
38 22 727031
38 41 727037
38 10 727045
38 42 727045
38 8 727045
38 25 727049
38 24 727055
38 11 727062
38 46 727066
38 48 727070
38 0 727075
38 21 727076
38 31 727085
38 49 727086
38 51 727093
38 47 727098
39 20 727101
39 35 727108
39 47 727115
39 48 727124
39 15 727126
39 51 727131
39 8 727132
39 32 727139
39 36 727144
39 38 727151
39 42 727151
39 33 727156
39 5 727161
39 40 727169
39 41 727172
39 0 727177
39 21 727182
39 43 727187
39 45 727187
39 16 727191
39 36 727192
39 41 727195
39 49 727201
39 42 727206
39 44 727206
39 27 727211
39 13 727217
39 24 727221
39 10 727223
39 11 727232
39 7 727232
39 52 727234
39 53 727239
39 4 727244
39 37 727252
39 19 727261
39 3 727268
39 47 727277
39 48 727278
39 21 727285
39 28 727288
39 9 727292
39 5 727295
39 50 727297
39 25 727301
39 31 727306
40 44 727314
40 39 727319
40 50 727327
40 15 727334
40 0 727340
40 32 727349
40 53 727357
40 28 727360
40 9 727365
40 52 727371
40 43 727379
40 18 727385
40 8 727388
40 38 727394
40 10 727399
40 27 727399
40 12 727401
40 11 727407
40 2 727413
40 5 727414
40 33 727422
40 34 727422
40 14 727430
40 49 727434
40 23 727438
40 29 727440
40 30 727440
40 20 727448
40 48 727448
40 42 727450
40 50 727456
40 12 727460
40 24 727461
40 26 727462
40 53 727468
40 42 727474
40 18 727483
40 9 727484
40 27 727487
40 0 727492
40 37 727498
40 33 727507
40 48 727516
40 11 727522
40 31 727531
40 14 727532
40 38 727539
40 39 727541
40 4 727545
40 8 727545
40 28 727549
40 1 727553
40 15 727557
40 29 727565
40 21 727574
40 32 727578
40 16 727579
40 17 727583
40 44 727590
40 46 727591
41 11 727593
41 21 727600
41 5 727603
41 49 727606
41 12 727608
41 34 727611
41 45 727612
41 44 727620
41 17 727624
41 8 727626
41 42 727631
41 32 727634
41 38 727634
41 9 727640
41 37 727646
41 20 727652
41 18 727659
41 51 727660
41 29 727665
41 48 727666
41 0 727673
41 31 727679
41 2 727686
41 17 727688
41 5 727690
41 53 727695
41 47 727699
41 43 727706
41 45 727707
41 6 727712
41 24 727714
41 40 727723
41 42 727730
41 27 727734
42 36 727738
42 39 727745
42 47 727751
42 3 727751
42 21 727758
42 44 727764
42 41 727773
42 7 727778
42 20 727783
42 10 727786
42 12 727791
42 24 727793
42 52 727800
42 25 727806
42 33 727809
42 48 727813
42 27 727813
42 9 727817
42 53 727819
42 50 727819
42 31 727826
42 14 727831
42 20 727835
42 22 727838
42 21 727838
42 23 727846
42 6 727846
42 1 727854
42 16 727858
42 9 727860
42 5 727866
42 40 727870
42 46 727871
42 29 727875
42 8 727880
42 37 727889
42 19 727895
42 39 727903
43 22 727911
43 24 727917
43 50 727921
43 53 727929
43 6 727936
43 49 727945
43 45 727948
43 41 727955
43 9 727957
43 15 727960
43 17 727967
43 16 727975
43 3 727979
43 2 727987
43 18 727990
43 27 727991
43 34 728000
43 44 728008
43 37 728017
43 20 728024
43 23 728028
43 52 728037
43 31 728045
43 7 728050
43 39 728054
43 28 728061
43 8 728064
43 40 728072
43 2 728074
43 22 728079
43 30 728087
43 9 728088
43 3 728092
43 11 728097
43 33 728104
43 32 728107
43 48 728116
43 10 728125
43 25 728127
43 37 728134
43 4 728140
43 29 728147
43 20 728150
43 38 728151
43 18 728158
43 5 728158
43 21 728166
43 35 728167
43 53 728175
43 17 728177
43 24 728186
43 50 728186
43 44 728189
43 27 728190
43 36 728199
43 14 728207
43 19 728211
43 13 728219
43 34 728227
43 45 728233
44 43 728236
44 28 728245
44 47 728247
44 52 728247
44 20 728256
44 53 728260
44 48 728267
44 2 728272
44 8 728279
44 1 728286
44 21 728289
44 51 728296
44 11 728299
44 38 728302
44 20 728303
44 46 728304
44 8 728306
44 29 728310
44 49 728315
44 48 728317
45 46 728325
45 37 728328
45 32 728334
45 47 728337
45 9 728339
45 18 728345
45 35 728348
45 2 728353
45 29 728356
45 36 728361
45 15 728362
45 5 728371
45 23 728380
45 33 728381
45 25 728382
45 28 728387
45 41 728393
45 26 728395
45 50 728397
45 27 728398
45 52 728398
45 20 728400
45 7 728405
45 43 728405
45 40 728414
45 19 728421
45 53 728421
45 24 728424
45 3 728424
45 12 728429
45 1 728436
45 30 728441
45 12 728450
45 53 728451
45 35 728456
45 33 728464
45 15 728468
45 52 728469
45 19 728471
45 43 728479
45 42 728486
45 40 728495
45 21 728503
45 44 728503
45 20 728509
45 50 728509
45 27 728514
45 3 728520
45 36 728526
45 13 728528
45 11 728531
45 4 728531
45 8 728538
45 41 728539
45 9 728539
45 16 728540
45 26 728546
45 51 728554
45 32 728563
45 10 728566
45 46 728567
45 39 728569
45 34 728577
45 49 728586
46 48 728587
46 20 728587
46 30 728587
46 50 728592
46 33 728592
46 26 728593
46 38 728594
46 43 728597
46 10 728604
46 6 728613
46 35 728622
46 16 728630
46 53 728638
46 25 728644
46 3 728652
46 5 728653
46 0 728656
46 29 728658
46 26 728664
46 6 728670
46 27 728670
46 9 728677
46 25 728681
46 32 728690
46 11 728698
46 47 728705
46 41 728708
46 2 728715
46 49 728717
46 31 728718
47 42 728721
47 5 728725
47 27 728727
47 21 728736
47 53 728744
47 8 728753
47 43 728754
47 41 728755
47 30 728763
47 9 728764
47 19 728771
47 45 728777
47 37 728786
47 31 728788
47 4 728790
47 34 728791
47 48 728800
47 15 728804
47 25 728813
47 0 728817
47 28 728824
47 18 728832
47 46 728839
47 10 728846
47 9 728852
47 19 728855
47 38 728855
47 32 728864
47 35 728870
47 12 728877
47 49 728877
47 21 728880
47 43 728882
47 45 728890
47 11 728892
47 53 728897
47 25 728900
47 1 728905
47 33 728905
47 23 728907
47 20 728912
47 36 728914
47 39 728916
47 6 728921
48 31 728927
48 8 728929
48 46 728934
48 10 728943
48 39 728948
48 33 728956
48 49 728964
48 29 728969
48 2 728970
48 0 728975
48 5 728979
48 4 728988
48 3 728992
48 7 728994
48 17 728997
48 41 729005
48 13 729010
48 36 729018
48 45 729018
48 40 729026
48 21 729026
48 14 729026
48 34 729028
48 52 729032
48 16 729036
48 23 729044
48 28 729047
48 7 729052
48 2 729057
48 52 729057
48 27 729064
48 46 729069
48 39 729069
48 20 729069
48 12 729076
48 31 729081
48 18 729081
48 9 729083
48 33 729090
48 38 729092
48 32 729093
48 51 729102
48 41 729105
48 35 729108
48 29 729108
48 16 729113
48 26 729121
48 8 729122
48 37 729125
48 47 729129
48 30 729136
48 0 729136
49 37 729144
49 7 729146
49 28 729149
49 14 729154
49 42 729162
49 4 729165
49 33 729166
49 3 729170
49 27 729176
49 38 729180
49 2 729187
49 35 729189
49 20 729196
49 24 729201
49 15 729201
49 10 729201
49 50 729204
49 23 729206
49 18 729207
49 11 729213
49 36 729220
49 32 729228
49 47 729236
49 53 729236
49 48 729236
49 17 729237
49 51 729246
49 0 729247
49 43 729253
49 36 729260
49 1 729267
49 24 729272
49 4 729279
49 7 729287
49 2 729292
49 19 729301
49 26 729306
49 11 729314
49 12 729314
49 47 729314
49 27 729323
49 32 729331
49 22 729340
49 30 729344
49 13 729349
49 9 729355
49 45 729363
49 46 729369
49 10 729374
49 37 729376
49 28 729380
49 14 729387
49 39 729392
49 31 729393
49 21 729393
49 51 729399
49 15 729399
49 50 729401
49 40 729410
49 23 729417
50 49 729421
50 33 729425
50 43 729431
50 40 729436
50 18 729445
50 44 729452
50 14 729455
50 38 729455
50 51 729462
50 1 729463
50 35 729471
50 20 729477
50 27 729486
50 7 729494
50 9 729501
50 29 729503
50 15 729509
50 8 729514
50 2 729515
50 17 729516
50 13 729516
50 19 729518
50 16 729527
50 4 729527
50 48 729527
50 32 729533
50 39 729534
50 4 729540
50 37 729545
50 26 729547
50 14 729554
50 35 729561
50 23 729561
50 52 729561
50 30 729569
50 10 729570
50 53 729570
50 17 729577
50 40 729586
50 20 729592
50 51 729595
50 5 729600
50 12 729603
50 9 729605
50 49 729610
50 45 729617
50 16 729620
50 27 729628
50 46 729631
50 33 729639
50 18 729644
51 36 729649
51 49 729651
51 46 729657
51 37 729657
51 23 729662
51 30 729666
51 4 729669
51 13 729672
51 10 729675
51 42 729682
51 14 729685
51 47 729689
51 8 729689
51 42 729698
51 20 729705
51 3 729709
51 47 729711
51 10 729717
51 11 729719
51 48 729720
51 18 729721
51 45 729724
51 43 729728
51 0 729735
51 30 729735
51 39 729735
51 12 729743
52 7 729743
52 1 729748
52 37 729753
52 17 729757
52 27 729757
52 35 729757
52 41 729759
52 48 729765
52 19 729766
52 26 729768
52 21 729771
52 15 729775
52 25 729784
52 38 729784
52 13 729790
52 23 729799
52 50 729803
52 45 729805
52 40 729807
52 34 729814
52 10 729823
52 20 729831
52 31 729837
52 46 729838
52 39 729840
52 32 729841
52 43 729843
52 8 729850
52 16 729853
52 0 729860
52 0 729864
52 12 729872
52 43 729875
52 53 729878
52 49 729887
52 30 729887
52 42 729892
52 36 729900
52 23 729908
52 37 729917
52 50 729918
52 38 729918
52 7 729924
52 48 729931
52 14 729939
52 3 729940
52 22 729942
52 9 729943
52 41 729952
52 31 729961
52 8 729962
52 26 729971
52 25 729980
52 39 729986
52 5 729989
52 21 729992
52 45 729995
52 1 729997
52 47 730003
52 18 730010
52 6 730019
53 47 730019
53 50 730021
53 48 730025
53 15 730030
53 12 730030
53 20 730035
53 30 730044
53 1 730045
53 44 730051
53 38 730055
53 27 730062
53 7 730071
53 45 730073
53 29 730081
53 39 730085
53 32 730089
53 46 730092
53 8 730097
53 49 730104
53 11 730104
53 37 730113
53 10 730118
53 16 730126
53 24 730129
53 13 730137
53 6 730137
53 51 730145
53 42 730147
53 33 730151
53 9 730154
53 4 730162
53 0 730170
53 52 730179
53 45 730179
53 43 730180
53 41 730182
53 13 730184
53 10 730187
53 20 730196
53 11 730203
53 47 730205
53 28 730208
53 32 730213
53 31 730218
53 23 730223
53 50 730226
53 16 730234
53 3 730239
53 48 730244
53 37 730247
53 34 730256
53 19 730258
53 52 730261
53 9 730266
53 30 730272
53 25 730281
53 8 730288
53 35 730294
53 39 730298
53 33 730305
53 4 730306
53 46 730312
53 27 730312
53 7 730318
