56
false
0 26 803967
0 9 803970
0 13 803972
0 38 803972
0 29 803973
0 49 803982
0 18 803990
0 20 803992
0 34 803998
0 35 804006
0 11 804014
0 7 804018
0 32 804019
1 9 804025
1 29 804027
1 30 804030
1 15 804035
1 36 804041
1 51 804041
1 19 804048
1 13 804048
1 23 804055
1 45 804058
1 26 804067
1 40 804071
1 12 804075
1 39 804077
1 0 804086
1 10 804093
1 42 804099
1 33 804105
1 7 804111
1 21 804111
1 24 804120
1 48 804121
1 38 804126
1 50 804131
1 4 804134
1 44 804136
1 8 804142
1 54 804143
1 45 804149
1 14 804157
1 53 804162
1 38 804166
1 44 804168
1 40 804177
1 8 804182
1 24 804184
1 18 804185
1 12 804191
1 31 804195
1 3 804197
1 30 804200
1 2 804202
1 17 804207
1 55 804212
1 37 804220
1 33 804223
1 46 804232
1 27 804236
1 4 804238
1 49 804245
1 29 804246
1 7 804255
1 34 804256
1 9 804257
1 35 804264
1 50 804273
1 13 804278
2 23 804279
2 22 804285
2 8 804289
2 50 804289
2 24 804297
2 15 804306
2 30 804314
2 49 804321
2 11 804329
2 16 804332
2 21 804336
2 4 804336
2 53 804337
2 20 804346
2 9 804355
2 14 804357
2 1 804357
2 52 804360
2 34 804366
2 44 804372
2 32 804379
2 45 804386
2 39 804387
2 19 804392
2 55 804397
2 32 804403
2 7 804405
2 41 804410
2 42 804414
2 28 804416
2 22 804417
2 5 804417
2 49 804424
2 15 804427
2 44 804433
2 20 804438
2 43 804439
2 47 804442
2 6 804447
2 23 804452
2 39 804457
2 24 804459
2 19 804463
2 48 804468
2 45 804470
2 54 804472
2 3 804481
2 31 804484
3 50 804486
3 21 804489
3 53 804489
3 42 804497
3 49 804499
3 28 804506
3 47 804515
3 19 804515
3 39 804522
3 4 804527
3 5 804533
3 29 804535
3 20 804536
3 38 804539
3 17 804543
3 0 804549
3 10 804555
3 6 804563
3 33 804563
3 15 804572
3 53 804581
3 32 804583
3 44 804591
3 34 804592
3 1 804593
3 50 804594
4 48 804595
4 14 804604
4 34 804608
4 27 804610
4 52 804611
4 30 804616
4 7 804621
4 3 804627
4 24 804631
4 8 804634
4 16 804638
4 53 804640
4 5 804642
4 0 804644
4 20 804653
4 19 804655
4 26 804660
4 6 804663
4 55 804671
4 29 804674
4 17 804676
4 25 804685
4 44 804687
4 39 804688
4 45 804688
4 27 804688
4 33 804694
4 45 804698
4 51 804701
4 14 804704
4 41 804713
4 16 804715
4 30 804720
4 5 804726
4 18 804726
4 15 804732
4 39 804737
4 6 804743
4 42 804743
4 35 804744
4 50 804748
4 29 804751
4 24 804756
4 19 804760
4 26 804760
4 17 804760
4 0 804760
4 21 804769
4 20 804772
4 34 804778
4 44 804783
4 9 804786
5 15 804789
5 48 804796
5 33 804796
5 1 804803
5 51 804806
5 41 804806
5 40 804811
5 52 804817
5 6 804824
5 47 804833
5 49 804836
5 16 804836
5 27 804840
5 37 804846
5 19 804852
5 26 804853
5 55 804858
5 22 804860
5 21 804869
5 31 804874
5 17 804875
5 0 804882
5 44 804890
5 4 804890
5 30 804890
5 34 804896
5 28 804903
5 43 804905
5 13 804909
5 25 804916
5 42 804925
5 36 804929
5 53 804930
5 39 804932
5 53 804932
5 22 804934
5 20 804941
5 35 804947
5 45 804956
5 19 804959
5 6 804967
5 9 804974
5 40 804983
5 46 804990
5 42 804998
5 34 805000
5 28 805009
5 3 805014
5 8 805020
5 41 805022
5 15 805022
5 44 805031
5 11 805033
5 49 805040
5 55 805045
5 26 805054
5 13 805056
5 31 805060
5 1 805062
5 48 805062
5 24 805063
5 39 805065
5 12 805070
5 43 805074
5 38 805082
5 29 805087
5 33 805092
5 50 805092
5 23 805096
6 44 805098
6 55 805100
6 43 805105
6 20 805111
6 1 805117
6 32 805126
6 39 805131
6 49 805137
6 23 805138
6 19 805140
6 42 805141
6 26 805144
6 15 805150
6 34 805158
6 36 805166
6 5 805170
6 12 805170
6 40 805177
6 46 805179
6 26 805188
6 20 805189
6 46 805196
6 29 805205
6 18 805211
6 39 805212
6 30 805215
6 11 805221
6 17 805229
6 7 805231
6 50 805232
6 45 805234
6 47 805243
6 31 805248
6 1 805252
6 34 805253
6 40 805257
6 38 805259
6 21 805267
6 51 805275
7 6 805281
7 17 805282
7 16 805284
7 46 805284
7 15 805291
7 0 805297
7 49 805303
7 11 805306
7 45 805307
7 14 805312
7 38 805320
7 22 805328
7 3 805328
7 9 805330
7 4 805336
7 48 805338
7 51 805338
7 50 805347
7 14 805348
7 34 805352
7 36 805355
7 48 805355
7 26 805363
7 24 805364
7 31 805370
7 18 805377
7 50 805386
7 55 805390
7 15 805390
7 12 805399
7 0 805401
7 4 805407
7 28 805415
7 43 805417
7 51 805426
7 6 805435
8 25 805443
8 18 805448
8 52 805453
8 7 805461
8 48 805466
8 16 805473
8 15 805475
8 6 805484
8 46 805487
8 13 805490
8 39 805492
8 17 805496
8 9 805496
8 24 805498
8 14 805502
8 47 805505
8 21 805514
8 38 805516
8 34 805518
8 5 805521
8 22 805522
8 11 805530
8 28 805538
8 2 805543
8 51 805548
8 50 805556
8 0 805556
8 33 805556
8 14 805564
8 4 805564
8 30 805568
8 51 805574
8 0 805578
8 36 805587
8 55 805590
8 35 805596
8 42 805604
8 25 805607
8 10 805613
8 45 805617
8 50 805626
8 1 805627
8 15 805633
8 19 805641
8 49 805647
8 21 805649
8 54 805654
8 9 805659
8 44 805662
8 28 805671
8 23 805680
8 17 805688
8 29 805689
8 38 805698
9 32 805705
9 15 805705
9 25 805709
9 44 805715
9 45 805715
9 46 805719
9 28 805725
9 42 805729
9 53 805734
9 23 805740
9 11 805747
9 5 805756
9 38 805764
9 47 805770
9 54 805771
9 55 805774
9 8 805774
9 35 805778
9 37 805784
9 16 805790
9 4 805794
9 0 805803
9 29 805805
9 22 805807
9 17 805814
9 30 805815
9 19 805824
9 50 805831
9 2 805832
9 48 805832
9 18 805835
9 34 805844
9 3 805846
9 41 805853
9 40 805854
9 48 805854
9 44 805854
9 22 805855
9 39 805857
9 45 805858
9 53 805861
9 52 805866
9 28 805870
9 33 805878
9 20 805885
9 15 805892
9 47 805892
9 21 805892
9 18 805895
9 17 805898
9 46 805902
9 55 805911
9 35 805918
9 25 805922
9 6 805931
9 13 805938
9 23 805943
9 7 805952
9 2 805958
9 8 805964
9 19 805973
9 37 805975
9 24 805982
9 31 805985
9 36 805987
9 38 805996
10 42 806002
10 8 806011
10 24 806015
10 53 806016
10 45 806018
10 34 806024
10 50 806025
10 21 806030
10 11 806032
10 26 806037
10 2 806045
10 41 806053
10 54 806060
10 27 806063
10 16 806072
10 36 806078
10 39 806083
10 25 806083
10 46 806085
10 40 806088
10 23 806096
10 21 806096
10 15 806099
10 12 806100
10 50 806100
10 22 806108
10 37 806113
10 2 806113
10 19 806122
10 55 806127
10 44 806135
10 13 806139
10 32 806139
10 0 806144
10 36 806152
10 53 806155
10 6 806160
11 40 806167
11 3 806171
11 24 806173
11 13 806182
11 52 806189
11 12 806191
11 26 806194
11 38 806197
11 43 806198
11 47 806206
11 39 806214
11 16 806216
11 7 806224
11 36 806228
11 10 806228
11 44 806237
11 2 806238
11 31 806242
11 29 806248
11 25 806250
11 51 806255
11 17 806255
11 53 806259
11 41 806260
11 8 806264
11 14 806270
11 54 806274
11 43 806280
11 37 806282
11 50 806287
11 26 806294
11 5 806301
11 53 806303
11 7 806309
11 49 806315
11 1 806323
11 32 806330
11 29 806332
11 22 806336
11 24 806344
11 35 806351
11 27 806353
11 9 806357
11 38 806360
11 55 806360
11 28 806363
11 15 806371
11 3 806371
11 16 806376
11 48 806385
11 47 806391
11 0 806399
11 2 806400
11 42 806400
11 14 806405
12 52 806405
12 40 806406
12 10 806407
12 44 806407
12 33 806408
12 20 806414
12 27 806421
12 5 806427
12 22 806429
12 1 806437
12 45 806446
12 47 806454
12 24 806457
12 17 806464
12 42 806472
12 3 806478
12 41 806480
12 13 806482
12 48 806485
12 55 806489
12 4 806497
12 38 806506
12 11 806515
12 8 806523
12 37 806527
12 14 806529
12 53 806536
12 35 806538
12 36 806542
12 28 806549
12 43 806553
12 19 806558
12 0 806558
12 14 806566
12 31 806571
12 39 806580
12 29 806580
12 49 806586
12 3 806587
12 48 806594
12 16 806597
12 6 806604
12 45 806609
12 53 806614
12 15 806622
12 40 806630
12 32 806639
12 30 806643
12 4 806648
12 41 806648
12 5 806657
12 24 806662
12 20 806665
12 11 806665
12 35 806669
12 42 806675
12 54 806679
12 10 806681
12 26 806682
13 8 806683
13 4 806690
13 5 806693
13 46 806701
13 18 806702
13 43 806703
13 29 806710
13 54 806713
13 32 806721
13 14 806722
13 44 806727
13 15 806730
13 7 806737
13 2 806742
13 22 806751
13 45 806753
13 47 806758
13 34 806767
13 21 806774
13 0 806775
13 35 806778
13 27 806783
13 42 806791
13 17 806792
13 36 806795
13 20 806801
13 24 806803
13 50 806805
13 33 806806
13 31 806812
13 39 806818
13 55 806819
13 23 806824
13 12 806826
13 40 806833
13 26 806839
13 46 806844
13 24 806849
13 41 806855
13 15 806858
13 27 806861
13 52 806870
13 21 806872
13 4 806877
13 12 806877
13 49 806880
13 48 806887
13 55 806894
13 37 806899
13 36 806902
13 25 806904
13 28 806907
13 33 806909
13 50 806909
13 5 806910
13 1 806912
13 32 806920
13 30 806927
13 16 806931
13 11 806938
13 9 806938
13 29 806947
13 22 806955
13 23 806955
13 0 806957
13 38 806964
13 39 806973
13 6 806976
13 2 806985
14 13 806989
14 40 806995
14 7 807004
14 53 807008
14 19 807013
14 37 807016
14 43 807021
14 30 807026
14 38 807034
14 36 807040
14 35 807043
14 47 807044
14 25 807053
14 31 807057
14 29 807064
14 42 807068
14 0 807069
14 41 807070
14 28 807074
14 24 807079
14 52 807081
14 34 807085
14 26 807092
14 18 807093
14 17 807094
14 2 807099
14 20 807101
14 6 807109
14 9 807111
14 4 807117
14 45 807120
14 34 807129
14 27 807135
14 8 807142
14 52 807144
14 37 807153
14 33 807154
14 24 807162
14 4 807170
14 30 807177
14 48 807182
14 41 807191
14 1 807198
14 43 807202
14 54 807203
14 2 807204
14 50 807212
14 7 807213
14 31 807219
14 46 807221
14 21 807229
14 25 807235
14 15 807237
14 51 807245
14 40 807246
14 32 807254
14 0 807254
14 38 807260
14 36 807263
14 6 807268
14 5 807272
14 26 807274
14 17 807274
14 16 807274
14 13 807282
15 30 807290
15 55 807294
15 12 807302
15 36 807306
15 21 807314
15 20 807321
15 8 807324
15 47 807330
15 7 807335
15 14 807341
15 53 807342
15 1 807342
15 43 807343
15 54 807351
15 39 807353
15 37 807360
15 34 807366
15 9 807372
15 10 807381
15 23 807386
15 27 807388
15 2 807391
15 11 807393
15 46 807397
15 19 807405
15 29 807410
15 17 807410
15 38 807417
15 52 807426
15 14 807430
15 27 807432
15 41 807437
15 19 807438
15 12 807438
15 53 807442
15 8 807451
15 47 807456
15 46 807456
15 42 807465
15 52 807472
15 3 807474
15 21 807476
15 34 807484
15 35 807485
15 10 807485
15 16 807488
15 43 807497
15 20 807503
15 31 807503
15 26 807505
15 9 807508
15 50 807517
15 37 807517
15 0 807520
15 55 807524
15 33 807530
15 22 807537
15 17 807543
15 4 807551
16 11 807553
16 18 807561
16 53 807570
16 48 807577
16 32 807584
16 1 807588
16 21 807590
16 25 807592
16 15 807595
16 41 807602
16 13 807605
16 37 807611
16 49 807612
16 30 807616
16 3 807618
16 54 807627
16 8 807631
16 31 807635
16 23 807641
16 44 807644
16 28 807650
16 43 807658
16 55 807664
16 5 807666
17 10 807668
17 30 807670
17 5 807679
17 40 807682
17 16 807687
17 26 807691
17 35 807691
17 45 807700
17 51 807701
17 32 807705
17 3 807711
17 18 807719
17 48 807722
17 43 807725
17 14 807731
17 2 807732
17 8 807737
17 9 807739
17 7 807745
17 54 807753
17 1 807762
17 53 807763
17 0 807763
17 28 807772
17 46 807778
17 36 807780
17 6 807782
17 41 807788
17 50 807791
17 13 807791
17 13 807796
17 0 807800
17 39 807800
17 38 807806
17 55 807810
17 46 807813
17 14 807817
17 31 807821
17 49 807826
17 54 807833
17 12 807838
17 7 807842
17 35 807842
17 5 807843
17 51 807850
17 47 807851
17 20 807852
17 10 807853
17 40 807859
17 23 807864
17 32 807869
17 29 807877
17 43 807884
17 19 807888
17 11 807888
17 2 807891
17 3 807896
17 48 807898
17 18 807901
17 22 807905
17 9 807906
17 8 807913
17 53 807922
17 41 807929
18 14 807938
18 51 807939
18 25 807944
18 50 807946
18 48 807946
18 34 807947
18 0 807949
18 31 807952
18 10 807957
18 36 807966
18 44 807969
18 45 807977
18 43 807977
18 46 807979
18 53 807988
18 29 807994
18 49 808001
18 20 808004
18 4 808010
18 42 808014
18 17 808021
18 54 808021
18 8 808024
18 11 808029
18 52 808032
18 27 808037
18 24 808037
18 8 808046
18 30 808055
18 17 808061
18 52 808066
18 33 808071
18 23 808077
18 1 808085
18 15 808088
18 3 808097
18 42 808099
18 9 808100
18 6 808106
18 34 808108
18 11 808116
18 27 808125
18 0 808125
18 35 808130
18 32 808132
18 13 808133
18 54 808139
18 22 808143
18 29 808144
18 46 808153
18 26 808158
18 49 808165
18 10 808165
18 41 808165
18 20 808165
18 4 808167
18 24 808167
18 40 808169
18 36 808170
18 43 808173
18 39 808180
19 13 808188
19 37 808196
19 10 808196
19 35 808196
19 22 808197
19 42 808201
19 34 808205
19 39 808206
19 54 808207
19 12 808215
19 11 808217
19 41 808222
19 55 808229
19 29 808233
19 40 808241
19 15 808248
19 4 808251
19 26 808258
19 31 808262
19 24 808267
19 43 808276
19 17 808282
19 14 808282
19 45 808282
19 2 808291
19 0 808294
19 41 808303
19 53 808307
19 5 808314
19 22 808315
19 34 808320
19 14 808325
19 2 808326
19 6 808331
19 48 808332
19 49 808341
19 17 808347
19 38 808356
19 42 808362
19 29 808362
19 11 808368
19 33 808377
19 44 808386
19 20 808388
19 31 808396
20 37 808402
20 15 808402
20 13 808403
20 23 808407
20 49 808413
20 27 808414
20 50 808421
20 16 808430
20 29 808439
20 18 808446
20 35 808453
20 25 808456
20 52 808465
20 33 808472
20 1 808476
20 46 808484
20 22 808487
20 9 808493
20 2 808497
20 44 808506
20 54 808515
20 5 808516
20 7 808524
20 26 808529
20 3 808530
20 51 808533
20 36 808541
20 19 808541
20 50 808546
20 48 808552
20 27 808556
20 12 808565
20 4 808570
20 5 808576
20 54 808585
20 34 808593
20 42 808599
20 46 808606
20 47 808613
20 25 808620
20 7 808622
20 1 808627
20 0 808627
20 30 808630
20 52 808636
20 11 808637
20 16 808644
20 49 808645
20 21 808648
20 44 808648
20 43 808652
20 36 808657
20 45 808663
20 38 808663
21 13 808668
21 41 808673
21 52 808673
21 18 808681
21 25 808689
21 26 808696
21 4 808704
21 30 808710
21 33 808717
21 15 808717
21 23 808725
21 6 808727
22 35 808733
22 16 808736
22 10 808745
22 47 808754
22 42 808757
22 29 808759
22 13 808764
22 34 808767
22 36 808772
22 45 808778
22 6 808782
22 5 808786
22 46 808786
22 49 808794
22 26 808794
22 17 808795
22 23 808797
22 16 808805
22 20 808807
22 38 808808
22 53 808811
22 1 808814
22 24 808814
22 11 808823
22 21 808826
22 10 808835
22 33 808841
23 29 808849
23 50 808853
23 32 808856
23 5 808857
23 4 808864
23 49 808872
23 35 808872
23 25 808880
23 33 808888
23 41 808889
23 45 808891
23 6 808899
23 2 808907
23 20 808914
23 0 808915
23 27 808917
23 17 808922
23 22 808930
23 28 808938
23 47 808938
23 51 808940
23 29 808947
23 1 808955
23 46 808963
23 52 808963
23 13 808966
23 37 808971
23 43 808979
23 20 808982
23 47 808984
23 40 808992
23 4 809000
23 38 809006
23 8 809014
23 26 809014
23 55 809016
23 53 809018
23 32 809022
23 27 809023
23 17 809027
23 18 809027
24 31 809031
24 55 809039
24 46 809048
24 42 809051
24 49 809055
24 51 809063
24 40 809070
24 10 809072
24 19 809074
24 5 809077
24 1 809086
24 41 809088
24 20 809090
24 30 809092
24 43 809095
24 21 809102
24 53 809106
24 35 809110
24 37 809112
24 28 809115
24 52 809118
24 16 809126
24 19 809130
24 1 809138
24 17 809142
24 45 809151
24 14 809152
24 29 809158
24 11 809162
24 0 809166
24 51 809169
24 31 809169
24 9 809177
24 25 809179
24 22 809180
25 18 809184
25 36 809189
25 15 809195
25 10 809202
25 7 809208
25 12 809212
25 51 809214
25 44 809216
25 28 809224
25 31 809231
25 3 809240
25 42 809242
25 32 809250
25 20 809255
25 23 809257
25 0 809265
25 49 809269
25 26 809270
25 38 809276
25 13 809282
25 16 809289
25 24 809291
25 55 809299
25 19 809302
25 27 809311
25 43 809318
25 34 809327
25 41 809330
25 8 809335
25 12 809344
25 27 809351
25 21 809354
25 11 809361
25 33 809365
25 46 809374
25 43 809378
25 37 809387
25 38 809387
25 55 809396
25 36 809396
25 30 809397
25 4 809404
25 24 809407
25 16 809408
25 18 809411
25 44 809416
25 6 809417
25 17 809425
25 42 809434
25 23 809434
25 14 809436
25 40 809436
25 51 809436
25 39 809444
25 8 809448
25 13 809456
26 32 809457
26 14 809460
26 20 809465
26 12 809469
26 51 809475
26 48 809481
26 30 809483
26 4 809490
26 29 809498
26 49 809498
26 0 809505
26 17 809506
26 39 809511
26 41 809518
26 43 809523
26 44 809526
26 3 809535
26 15 809539
26 11 809539
26 27 809548
26 52 809550
26 21 809554
26 50 809558
26 31 809563
26 13 809563
26 9 809566
26 18 809566
26 55 809574
26 16 809581
26 10 809585
26 43 809588
26 35 809593
26 23 809602
26 7 809608
26 51 809615
26 6 809617
26 28 809625
26 2 809625
26 0 809625
26 33 809629
26 48 809635
26 36 809641
26 42 809648
26 31 809656
26 34 809659
26 50 809664
26 46 809673
26 44 809677
26 30 809682
26 16 809682
26 53 809683
26 20 809688
26 11 809697
26 8 809702
26 19 809703
26 47 809710
26 5 809715
26 18 809718
26 3 809724
26 41 809733
26 32 809742
26 27 809746
26 49 809746
26 39 809752
27 25 809756
27 24 809761
27 37 809768
27 40 809771
27 7 809771
27 12 809780
27 49 809789
27 53 809794
27 52 809799
27 14 809807
27 31 809812
27 39 809817
27 47 809820
27 5 809820
27 10 809824
27 15 809828
27 29 809831
27 13 809837
27 4 809842
27 26 809842
27 7 809847
27 35 809853
27 16 809857
27 50 809859
27 9 809868
27 11 809868
27 54 809870
27 43 809872
27 33 809873
27 4 809875
27 15 809884
27 13 809893
27 31 809896
27 1 809900
27 37 809909
27 51 809916
27 18 809919
27 12 809926
27 29 809935
28 24 809937
28 55 809941
28 29 809946
28 36 809948
28 8 809957
28 23 809961
28 2 809963
28 21 809970
28 32 809976
28 6 809985
28 46 809992
28 54 810000
28 17 810001
28 5 810003
28 52 810009
28 43 810017
28 46 810023
28 14 810026
28 36 810032
28 43 810034
28 22 810034
28 35 810034
28 24 810040
28 21 810046
28 31 810054
28 32 810063
28 13 810072
28 40 810080
28 4 810088
28 17 810089
29 15 810093
29 11 810095
29 26 810095
29 52 810103
29 30 810107
29 16 810107
29 2 810109
29 4 810117
29 22 810117
29 54 810118
29 40 810119
29 35 810125
29 32 810131
29 33 810138
29 47 810141
29 49 810145
29 3 810151
29 51 810160
29 55 810165
29 21 810174
29 42 810183
29 8 810184
29 13 810186
29 48 810190
29 2 810194
29 16 810198
29 42 810207
29 9 810216
29 52 810217
29 34 810222
29 20 810227
29 35 810234
29 41 810243
29 24 810247
29 17 810255
29 54 810255
29 1 810259
29 33 810268
29 25 810274
29 12 810277
29 48 810284
29 27 810287
29 47 810295
29 44 810297
29 19 810298
29 30 810306
29 5 810310
30 40 810314
30 31 810323
30 14 810326
30 42 810326
30 35 810327
30 0 810332
30 8 810332
30 6 810338
30 4 810345
30 27 810346
30 5 810351
30 54 810352
30 18 810359
30 11 810365
30 7 810370
30 43 810372
30 41 810377
30 1 810386
30 37 810393
30 15 810394
30 21 810403
30 20 810403
30 26 810410
30 9 810413
30 3 810417
30 2 810419
30 24 810422
30 23 810431
30 36 810440
30 54 810447
30 41 810451
30 8 810454
30 21 810459
30 25 810461
30 39 810461
30 42 810464
30 11 810468
30 43 810473
30 46 810475
30 12 810482
30 31 810488
30 19 810491
30 7 810499
30 6 810506
30 5 810510
30 15 810519
30 40 810521
30 50 810528
30 49 810530
30 35 810531
31 40 810534
31 42 810534
31 1 810542
31 46 810546
31 0 810555
31 44 810557
31 52 810559
31 5 810564
31 4 810570
31 19 810573
31 7 810582
31 50 810585
31 6 810594
31 9 810600
31 34 810602
31 14 810606
31 53 810614
31 2 810614
31 3 810623
31 37 810626
31 23 810628
31 45 810631
31 21 810638
31 28 810646
31 18 810654
31 38 810657
31 39 810658
31 10 810667
31 24 810675
31 33 810684
31 12 810691
31 17 810698
31 24 810707
31 46 810714
31 44 810721
31 1 810729
31 2 810730
31 43 810733
31 28 810741
31 38 810748
31 36 810751
31 30 810753
31 12 810759
31 41 810763
31 50 810770
31 29 810773
31 42 810780
31 19 810783
31 8 810786
31 14 810795
31 22 810804
31 39 810811
31 32 810818
31 47 810822
31 11 810829
31 9 810831
31 23 810831
31 25 810839
31 51 810846
31 4 810853
31 37 810855
31 26 810864
31 45 810868
31 52 810874
31 17 810882
31 7 810888
31 10 810896
32 12 810897
32 50 810904
32 20 810908
32 8 810916
32 25 810922
32 49 810929
32 33 810929
32 9 810932
32 10 810934
32 46 810943
32 45 810952
32 13 810958
32 3 810963
32 30 810970
32 27 810971
32 43 810976
32 19 810983
32 47 810987
32 23 810995
32 1 811001
32 55 811003
32 44 811008
32 48 811010
32 39 811015
32 53 811023
32 38 811025
32 40 811033
32 31 811036
32 51 811039
32 11 811041
32 2 811046
32 29 811055
32 17 811060
32 15 811061
32 7 811069
32 1 811076
32 6 811082
32 38 811087
32 2 811089
32 47 811090
32 37 811093
32 12 811093
32 36 811095
32 19 811100
32 3 811100
32 30 811109
32 17 811116
32 20 811125
32 35 811125
32 21 811130
32 10 811131
32 16 811136
32 54 811137
32 7 811140
32 40 811145
32 0 811149
32 25 811154
32 5 811163
32 22 811164
32 11 811168
32 42 811169
32 4 811176
32 13 811181
32 18 811190
32 9 811198
32 28 811205
32 29 811210
32 8 811213
32 51 811215
33 36 811215
33 37 811217
33 53 811219
33 29 811220
33 47 811220
33 0 811221
33 22 811227
33 7 811235
33 16 811244
33 39 811247
33 44 811250
33 43 811256
33 31 811258
33 11 811266
33 45 811272
33 24 811281
33 15 811281
33 49 811281
33 28 811283
33 19 811286
33 42 811290
33 5 811296
33 25 811305
33 13 811311
33 9 811315
33 27 811316
33 41 811324
33 6 811331
33 34 811340
33 54 811349
33 20 811352
33 35 811354
33 38 811360
33 12 811366
33 43 811366
33 25 811373
33 23 811377
33 28 811386
33 55 811394
33 47 811397
33 7 811401
33 15 811404
33 24 811412
33 21 811413
33 14 811416
33 51 811420
33 41 811429
33 29 811438
33 53 811446
33 52 811455
33 1 811456
33 27 811457
33 46 811465
33 31 811466
33 2 811466
33 13 811475
33 9 811484
33 48 811484
33 8 811493
33 44 811494
33 18 811503
33 6 811510
34 3 811516
34 52 811519
34 13 811526
34 49 811533
34 14 811540
34 4 811548
34 12 811555
34 50 811562
34 30 811563
34 11 811563
34 40 811565
34 53 811566
34 6 811574
34 55 811581
34 32 811584
34 37 811587
34 54 811588
34 28 811597
34 19 811604
34 39 811609
34 35 811610
34 9 811619
34 21 811620
34 16 811622
34 0 811628
34 41 811630
34 38 811634
34 26 811639
34 23 811640
34 36 811642
34 27 811645
34 45 811653
34 1 811661
34 35 811668
34 12 811668
34 40 811677
34 45 811681
34 13 811683
34 41 811686
34 25 811694
34 1 811699
34 14 811707
34 6 811714
34 15 811721
34 54 811730
34 48 811731
34 27 811733
34 24 811738
34 10 811742
34 0 811742
34 47 811750
34 55 811752
34 9 811759
34 53 811767
34 7 811771
34 17 811778
34 5 811778
34 28 811780
34 19 811782
34 16 811782
34 8 811788
34 3 811790
34 22 811792
34 21 811793
34 11 811796
35 22 811802
35 31 811802
35 54 811806
35 42 811807
35 43 811810
35 25 811815
35 51 811824
35 50 811832
35 33 811836
35 40 811845
35 34 811848
35 6 811857
35 46 811859
35 17 811865
35 19 811871
35 38 811878
35 8 811881
35 7 811889
35 45 811893
35 32 811899
35 10 811901
35 13 811902
35 30 811906
35 11 811910
35 29 811917
35 55 811917
35 0 811925
35 3 811933
35 12 811936
35 4 811936
35 1 811939
35 52 811947
35 33 811951
35 25 811960
35 40 811968
35 5 811976
35 49 811976
35 38 811976
35 54 811978
35 32 811981
35 23 811990
35 6 811991
35 20 811991
35 45 811997
35 8 812004
35 29 812013
35 27 812019
35 39 812027
35 53 812034
35 16 812034
35 7 812037
35 42 812042
35 18 812042
35 12 812043
35 17 812048
35 21 812055
35 30 812063
35 10 812072
35 37 812080
36 23 812083
36 34 812092
36 26 812101
36 44 812105
36 18 812107
36 15 812114
36 20 812120
36 5 812124
36 0 812128
36 27 812129
36 53 812136
36 39 812141
36 29 812141
36 12 812146
36 16 812153
36 38 812153
36 46 812161
36 17 812168
36 13 812174
36 19 812178
36 33 812182
36 22 812182
36 1 812188
36 43 812188
36 32 812194
36 7 812201
36 15 812202
36 17 812210
36 46 812216
36 47 812225
36 11 812233
36 31 812236
36 8 812239
36 54 812247
36 29 812250
36 30 812251
36 13 812252
36 27 812252
36 4 812260
36 24 812269
36 28 812269
36 18 812271
36 38 812274
36 25 812275
36 53 812284
36 9 812289
37 35 812298
37 52 812298
37 54 812300
37 42 812301
37 6 812306
37 47 812306
37 21 812313
37 48 812322
37 2 812325
37 23 812332
37 29 812334
37 36 812335
37 4 812338
37 43 812340
37 13 812345
37 25 812352
37 46 812355
37 38 812356
37 53 812363
37 0 812367
37 11 812372
37 34 812376
37 20 812383
37 49 812385
37 28 812391
37 16 812392
37 12 812392
37 27 812401
37 17 812405
37 26 812412
37 10 812415
37 3 812419
37 18 812427
37 9 812433
37 31 812436
37 25 812438
37 48 812439
37 54 812440
37 1 812443
37 9 812447
37 26 812454
37 5 812462
37 24 812466
37 44 812466
37 31 812466
37 23 812471
37 41 812476
37 14 812485
37 10 812486
37 32 812489
37 30 812495
37 51 812496
37 50 812498
37 39 812501
37 15 812505
37 3 812511
37 7 812520
37 43 812525
37 12 812531
37 6 812538
37 20 812547
37 2 812549
37 34 812558
37 28 812559
37 4 812563
37 55 812567
37 45 812567
37 35 812569
37 18 812575
38 7 812577
38 47 812578
38 20 812585
38 30 812585
38 14 812589
38 26 812597
38 5 812600
38 55 812603
38 39 812612
38 48 812612
38 42 812617
38 16 812625
38 27 812633
38 45 812642
38 29 812648
38 46 812652
38 32 812652
38 53 812658
38 11 812658
38 2 812665
38 17 812666
38 10 812673
38 31 812674
38 25 812679
38 4 812688
38 33 812697
38 9 812703
38 21 812709
38 50 812712
38 3 812713
38 40 812721
38 28 812728
38 35 812736
38 33 812736
38 18 812738
38 3 812742
38 50 812749
38 53 812749
38 44 812757
38 29 812765
38 23 812766
38 8 812772
38 40 812776
38 17 812785
38 49 812788
38 51 812795
38 10 812804
38 0 812807
38 28 812815
38 22 812823
38 25 812831
38 47 812835
38 21 812840
38 39 812843
38 46 812848
38 43 812857
38 30 812865
38 4 812868
38 37 812876
38 26 812876
38 16 812877
38 20 812883
38 6 812885
38 5 812889
38 32 812895
38 36 812903
38 48 812911
38 12 812915
38 52 812924
39 46 812933
39 19 812940
39 13 812942
39 50 812945
39 30 812950
39 1 812955
39 37 812960
39 28 812963
39 42 812971
39 47 812976
39 0 812976
39 3 812983
39 27 812991
39 34 812994
39 54 812994
39 4 813000
39 26 813006
39 5 813015
39 2 813022
39 44 813027
39 10 813030
39 41 813037
39 22 813040
39 20 813049
39 21 813051
39 35 813051
39 32 813052
39 29 813061
39 7 813070
39 6 813073
39 11 813082
39 52 813086
39 38 813089
39 23 813092
39 33 813098
39 40 813102
39 53 813107
39 5 813110
39 55 813115
39 42 813123
39 11 813126
39 1 813126
39 4 813133
39 13 813133
39 52 813136
39 17 813140
39 14 813146
39 47 813152
39 24 813156
39 48 813156
39 22 813157
39 27 813162
39 41 813170
39 35 813179
39 20 813180
39 0 813187
39 54 813192
39 31 813198
39 6 813202
39 49 813208
39 25 813215
39 26 813223
40 51 813223
40 49 813224
40 46 813229
40 33 813230
40 43 813234
40 18 813236
40 19 813240
40 12 813244
40 28 813244
40 21 813251
40 17 813260
40 6 813267
40 54 813273
40 8 813279
40 37 813286
40 55 813288
40 27 813292
40 47 813296
40 16 813303
40 32 813305
40 52 813307
40 20 813316
40 22 813324
40 45 813325
40 1 813325
40 7 813328
40 13 813336
40 41 813344
40 35 813352
40 35 813355
40 38 813364
40 21 813367
40 52 813371
40 19 813379
40 55 813383
40 24 813383
40 54 813389
40 1 813394
40 33 813400
40 44 813406
40 14 813407
40 3 813411
40 16 813411
40 17 813418
40 48 813423
40 37 813423
40 46 813429
40 6 813429
40 41 813437
40 51 813438
40 34 813440
40 36 813447
40 39 813447
40 7 813456
40 10 813461
40 22 813465
40 15 813474
40 43 813474
40 27 813474
40 25 813479
40 50 813485
41 11 813488
41 1 813497
41 42 813497
41 29 813506
41 5 813514
41 36 813517
41 18 813526
41 49 813534
41 7 813542
41 53 813544
41 6 813553
41 14 813560
41 17 813564
41 19 813570
41 22 813574
41 8 813575
41 45 813576
41 51 813577
41 37 813581
41 48 813590
41 39 813594
41 32 813596
41 46 813596
41 50 813597
41 38 813606
41 28 813610
41 30 813611
41 0 813618
41 25 813621
41 4 813626
41 10 813629
41 33 813636
41 13 813637
41 29 813646
41 19 813654
41 23 813660
41 7 813666
41 46 813670
41 26 813674
41 32 813674
41 30 813674
41 2 813679
41 22 813687
41 3 813690
41 4 813691
41 52 813696
41 14 813701
41 28 813701
41 39 813710
41 21 813712
41 45 813713
41 43 813722
41 47 813725
41 36 813725
41 38 813725
41 40 813727
41 49 813735
41 44 813739
41 31 813740
41 33 813749
41 48 813752
41 5 813755
41 20 813763
41 1 813768
42 17 813775
42 8 813779
42 18 813782
42 30 813783
42 47 813786
42 6 813786
42 26 813793
42 46 813799
42 0 813802
42 4 813810
42 37 813816
42 48 813818
42 33 813827
42 28 813831
42 38 813834
42 1 813837
42 5 813844
42 27 813844
42 9 813849
42 10 813854
42 22 813854
42 2 813856
42 34 813858
42 55 813860
42 36 813860
42 39 813864
42 29 813872
42 19 813875
42 16 813883
42 21 813888
42 26 813896
42 55 813903
42 40 813907
42 29 813913
42 28 813922
42 8 813931
42 49 813932
42 18 813938
42 3 813942
42 20 813951
42 54 813953
42 16 813960
42 32 813962
42 5 813965
42 53 813970
42 24 813972
42 33 813978
42 19 813983
42 27 813989
42 10 813993
42 13 813997
42 35 814000
42 37 814001
42 38 814007
42 52 814007
42 31 814016
42 4 814020
42 41 814021
42 34 814022
42 46 814027
42 9 814027
43 22 814034
43 53 814035
43 7 814041
43 37 814043
43 11 814048
43 28 814052
43 55 814052
43 46 814056
43 50 814056
43 47 814057
43 31 814057
43 5 814062
43 52 814070
43 35 814079
43 34 814082
43 15 814089
43 19 814090
43 2 814095
43 42 814104
43 3 814111
43 44 814117
43 45 814119
43 39 814123
43 36 814127
43 16 814131
43 25 814137
43 0 814139
43 0 814148
43 48 814151
43 17 814156
43 18 814162
43 27 814163
43 34 814172
43 46 814178
43 16 814185
43 8 814194
43 15 814201
43 44 814204
43 19 814208
43 51 814217
43 11 814225
43 54 814225
43 10 814232
43 32 814235
43 55 814242
43 21 814242
43 4 814248
43 22 814255
43 53 814264
43 25 814264
43 26 814273
43 37 814277
43 47 814279
43 24 814286
43 9 814294
44 24 814302
44 30 814310
44 34 814313
44 0 814316
44 18 814318
44 29 814325
44 25 814334
44 17 814335
44 20 814337
44 1 814343
44 33 814351
44 43 814353
44 31 814354
44 45 814360
44 51 814366
44 14 814366
44 23 814366
44 4 814366
44 46 814369
44 53 814373
44 47 814375
44 19 814377
44 3 814380
44 6 814388
44 11 814391
44 39 814395
44 28 814395
44 40 814399
44 8 814407
44 52 814411
44 16 814416
44 41 814422
44 42 814427
44 21 814435
44 41 814441
44 40 814449
44 13 814450
44 9 814456
44 48 814456
44 34 814459
44 4 814460
44 22 814463
44 37 814463
44 2 814468
44 32 814469
44 1 814471
44 31 814479
44 45 814487
44 30 814493
44 33 814493
44 51 814496
44 27 814500
44 16 814507
44 0 814514
44 14 814519
44 25 814527
44 15 814533
44 3 814534
44 43 814537
44 6 814543
44 49 814548
44 7 814554
45 0 814561
45 39 814565
45 48 814566
45 37 814570
45 52 814570
46 26 814576
46 28 814580
46 0 814586
46 33 814587
46 48 814593
46 6 814600
46 12 814609
46 32 814609
46 1 814615
46 17 814616
46 20 814624
46 52 814631
46 38 814631
46 16 814632
46 3 814638
46 42 814645
46 49 814647
46 50 814647
46 47 814655
46 9 814660
46 11 814666
46 30 814672
46 18 814676
46 13 814679
46 22 814688
46 8 814696
46 25 814698
46 34 814700
46 4 814709
46 15 814713
46 41 814715
46 25 814721
46 2 814725
46 42 814728
46 51 814730
46 8 814739
46 52 814742
46 14 814748
46 53 814750
46 55 814753
46 24 814756
46 9 814757
46 31 814762
46 34 814766
46 22 814772
46 32 814776
46 41 814784
46 38 814786
46 39 814788
46 48 814794
46 26 814794
46 6 814795
46 43 814798
46 23 814804
46 5 814805
46 29 814805
46 49 814806
46 50 814808
46 36 814808
46 20 814815
46 1 814820
46 28 814827
46 15 814827
47 20 814830
47 30 814837
47 3 814846
47 54 814852
47 48 814855
47 32 814855
47 53 814863
47 33 814871
47 17 814871
47 26 814875
47 38 814878
47 41 814881
47 15 814888
47 42 814895
47 21 814904
47 52 814912
47 11 814916
47 46 814923
47 23 814930
47 22 814939
47 34 814946
47 4 814947
47 18 814956
47 55 814963
47 27 814964
47 45 814966
47 51 814971
47 16 814976
47 25 814979
47 5 814986
47 10 814989
47 14 814995
47 43 815000
47 41 815004
47 24 815006
47 44 815008
47 33 815012
47 34 815018
47 55 815027
47 45 815035
47 54 815039
47 20 815046
47 5 815049
47 4 815053
47 14 815062
47 15 815066
47 19 815073
47 29 815075
47 38 815079
47 18 815085
47 36 815093
47 8 815102
47 37 815110
47 35 815114
47 25 815119
47 48 815125
47 21 815125
47 31 815134
47 1 815135
47 50 815140
47 23 815149
47 51 815156
47 39 815165
47 52 815172
47 40 815175
47 10 815178
48 12 815178
48 25 815186
48 41 815186
48 19 815193
48 30 815194
48 6 815201
48 4 815204
48 2 815206
48 22 815215
48 35 815220
48 0 815228
48 27 815233
48 7 815235
48 46 815238
48 47 815242
48 54 815248
48 39 815254
48 26 815262
48 13 815263
48 20 815268
48 23 815272
48 1 815281
48 21 815287
48 32 815296
48 33 815298
48 11 815306
48 28 815307
48 16 815308
48 7 815316
48 24 815320
48 15 815328
48 41 815328
48 50 815337
48 12 815338
48 40 815345
48 32 815348
48 34 815349
48 51 815354
48 6 815359
48 45 815364
48 27 815364
48 52 815367
48 49 815367
48 4 815369
48 22 815369
48 43 815377
48 17 815382
48 1 815388
49 28 815393
49 52 815399
49 8 815405
49 32 815405
49 23 815406
49 0 815409
49 36 815413
49 11 815416
49 36 815419
49 47 815419
49 32 815428
49 46 815432
49 16 815433
49 23 815439
49 3 815441
49 2 815450
49 20 815452
49 54 815454
50 44 815457
50 39 815459
50 23 815464
50 17 815473
50 38 815481
50 33 815488
50 36 815489
50 32 815493
50 48 815500
50 3 815509
50 27 815517
50 35 815518
50 46 815521
50 55 815525
50 6 815530
50 13 815534
50 4 815540
50 11 815542
50 40 815545
50 51 815548
50 9 815551
50 19 815554
50 10 815558
50 52 815562
50 13 815568
50 51 815571
50 55 815572
50 31 815579
50 37 815580
50 45 815580
50 44 815583
50 43 815585
50 15 815592
50 26 815596
50 49 815597
50 53 815599
50 0 815604
50 6 815613
50 19 815618
50 17 815626
50 47 815630
50 21 815634
50 1 815639
50 39 815640
50 23 815644
51 22 815648
51 54 815648
51 17 815654
51 47 815661
51 55 815666
51 26 815668
51 53 815671
51 20 815672
51 9 815673
51 0 815680
51 14 815686
51 50 815689
51 35 815689
51 7 815697
51 44 815701
51 5 815703
51 39 815707
51 30 815710
51 4 815719
51 25 815722
51 8 815728
51 36 815734
51 31 815737
51 6 815738
51 27 815744
51 7 815750
51 15 815754
51 39 815755
51 28 815760
51 32 815762
51 36 815767
51 37 815771
51 41 815772
51 9 815778
51 30 815782
51 10 815790
51 17 815792
51 40 815801
51 21 815804
51 33 815812
51 29 815816
51 42 815818
51 23 815822
51 3 815822
52 37 815823
52 30 815827
52 4 815827
52 6 815832
53 7 815838
53 4 815845
53 52 815852
53 54 815859
54 2 815865
54 7 815868
54 26 815873
54 16 815876
54 30 815883
54 11 815889
54 0 815895
55 30 815900
55 53 815905
55 42 815913
55 26 815918
55 32 815924
55 50 815924
55 3 815924
55 49 815928
55 24 815934
55 27 815938
55 31 815939
55 45 815947
55 38 815953
55 46 815961
55 0 815963
55 40 815972
55 10 815972
55 43 815978
55 11 815987
55 7 815989
55 14 815993
55 8 815998
55 20 816007
55 19 816014
55 9 816019
55 13 816020
55 25 816029
55 6 816033
55 48 816037
55 39 816045
55 29 816051
55 44 816054
55 31 816061
55 41 816069
55 22 816074
55 12 816074
55 0 816080
55 26 816088
55 51 816095
55 23 816096
55 29 816103
55 27 816106
55 10 816108
55 39 816108
55 11 816113
55 46 816119
55 50 816122
55 42 816127
55 2 816127
55 53 816128
55 54 816136
55 8 816137
55 37 816137
55 13 816140
55 4 816145
55 9 816151
55 5 816155
55 14 816157
55 49 816159
55 36 816161
55 7 816166
55 3 816172
