59
false
0 15 943486
0 6 943489
0 40 943491
0 48 943491
0 12 943492
0 37 943501
0 29 943509
1 48 943515
1 39 943516
1 12 943523
1 11 943526
1 57 943534
1 8 943537
1 44 943543
1 9 943545
1 54 943548
1 2 943553
1 46 943559
1 6 943559
1 34 943566
1 13 943573
1 58 943576
1 26 943585
1 41 943589
1 18 943593
1 5 943595
1 14 943602
1 50 943609
1 28 943615
1 52 943621
1 7 943627
1 49 943636
1 10 943642
1 55 943647
1 23 943652
1 53 943658
1 29 943664
1 51 943665
1 3 943669
1 21 943675
1 36 943683
1 45 943687
1 42 943689
1 34 943698
1 2 943698
1 35 943698
1 54 943698
1 17 943698
1 8 943707
1 23 943709
1 46 943712
1 11 943714
1 9 943719
1 36 943721
1 27 943728
1 31 943734
1 10 943739
1 49 943739
1 29 943745
1 41 943748
1 30 943753
1 56 943762
1 24 943763
1 0 943764
1 15 943767
1 40 943775
1 37 943776
1 48 943776
1 13 943777
1 32 943783
1 38 943787
1 57 943787
1 47 943794
1 16 943802
1 43 943803
1 14 943809
1 6 943810
2 58 943813
2 9 943813
2 4 943818
2 35 943826
2 32 943828
2 27 943834
2 14 943840
2 49 943847
2 43 943848
2 23 943849
2 29 943854
2 55 943859
2 47 943863
2 51 943869
2 5 943871
2 56 943876
2 7 943878
2 8 943882
2 52 943882
2 13 943889
2 54 943892
2 39 943898
2 11 943907
2 17 943910
2 20 943917
2 50 943921
2 57 943930
2 44 943931
2 38 943935
2 18 943936
2 0 943945
2 53 943953
2 21 943956
2 53 943959
2 50 943967
2 13 943973
2 57 943975
2 52 943982
2 10 943991
2 20 943991
2 11 943998
2 22 944003
2 26 944009
2 8 944011
2 37 944017
2 9 944017
2 45 944018
2 12 944024
2 55 944032
2 33 944034
2 56 944039
2 35 944040
2 3 944043
2 30 944051
2 6 944055
2 40 944056
2 23 944057
2 42 944058
2 34 944060
2 54 944064
2 14 944067
2 4 944067
2 0 944067
2 32 944072
2 39 944080
2 31 944084
2 44 944086
2 19 944094
2 16 944102
2 5 944110
3 31 944117
3 40 944126
3 27 944135
3 30 944135
3 34 944144
3 4 944146
3 33 944147
3 45 944156
3 6 944161
3 50 944164
3 16 944165
3 47 944170
3 58 944174
3 7 944175
3 37 944175
3 11 944181
3 12 944186
3 46 944192
3 15 944192
3 55 944198
3 25 944203
3 51 944211
3 38 944211
3 26 944212
3 1 944216
3 49 944216
3 52 944224
3 21 944229
3 32 944233
3 29 944234
3 48 944237
3 43 944241
3 34 944248
3 31 944250
3 15 944255
3 21 944257
3 42 944264
3 8 944264
3 1 944271
3 26 944274
3 48 944282
3 5 944286
3 25 944294
3 58 944300
3 30 944307
3 0 944312
3 36 944316
3 35 944316
3 4 944320
3 32 944324
3 55 944330
3 28 944336
3 16 944341
3 14 944343
3 51 944350
3 50 944353
3 54 944354
3 18 944359
3 24 944360
3 56 944364
4 46 944364
4 51 944367
4 44 944373
4 8 944380
4 56 944382
4 38 944386
4 18 944393
4 40 944397
4 13 944397
4 34 944398
4 32 944400
4 33 944400
4 6 944402
4 30 944409
4 32 944415
4 21 944424
4 36 944427
4 18 944435
4 16 944444
4 3 944446
4 53 944448
4 6 944456
4 44 944462
4 40 944466
4 55 944469
4 7 944471
4 22 944479
4 58 944481
4 2 944490
4 14 944490
5 39 944499
5 32 944501
5 29 944508
5 9 944511
5 42 944516
5 38 944525
5 8 944527
5 2 944530
5 48 944535
5 54 944535
5 19 944540
5 35 944540
5 27 944540
5 6 944549
5 52 944549
5 1 944558
5 0 944566
5 14 944567
5 55 944572
5 57 944576
5 23 944583
5 15 944587
5 22 944591
5 50 944593
5 47 944598
5 20 944604
5 13 944613
5 53 944616
5 49 944617
5 37 944625
5 46 944627
5 43 944635
5 30 944638
5 58 944641
5 51 944649
5 21 944655
5 41 944657
5 25 944663
5 6 944663
5 15 944667
5 8 944674
5 9 944683
5 46 944689
5 2 944690
5 44 944693
5 56 944699
5 10 944708
5 39 944715
5 11 944719
5 7 944721
5 29 944730
5 32 944735
5 49 944742
5 52 944748
5 19 944756
5 12 944756
5 36 944759
5 33 944767
5 17 944768
5 13 944774
5 50 944779
5 34 944781
5 3 944781
5 24 944790
5 4 944791
5 31 944796
5 54 944804
5 58 944812
5 40 944815
5 48 944823
5 1 944827
5 27 944836
7 40 944845
7 52 944846
7 48 944850
7 21 944853
7 24 944853
7 49 944861
7 2 944862
7 28 944868
7 42 944875
7 50 944884
7 53 944888
7 8 944888
7 45 944897
7 13 944897
7 54 944905
7 1 944914
7 17 944915
7 3 944919
7 39 944921
7 55 944929
7 0 944934
7 18 944938
7 46 944941
7 47 944947
7 12 944947
7 5 944949
7 4 944956
7 15 944958
7 37 944961
7 10 944965
7 55 944966
7 5 944975
7 53 944982
7 29 944984
7 52 944988
7 19 944996
7 42 944997
7 26 944997
7 31 945000
7 9 945008
7 16 945016
7 51 945021
7 46 945026
7 48 945030
7 58 945031
7 23 945033
7 0 945037
7 28 945041
7 15 945047
7 57 945055
7 2 945064
7 56 945072
7 47 945076
7 34 945080
7 17 945089
7 41 945090
7 24 945091
7 32 945097
8 48 945101
8 57 945101
8 13 945106
8 43 945108
8 11 945109
8 6 945110
8 5 945119
8 29 945128
8 20 945137
8 58 945145
8 4 945146
8 19 945155
8 3 945162
8 32 945169
8 53 945169
8 55 945171
8 16 945180
8 22 945180
8 35 945182
8 31 945190
8 38 945195
8 24 945202
8 14 945202
8 34 945211
8 37 945217
8 42 945222
8 56 945227
8 17 945233
8 49 945237
8 27 945239
8 44 945248
8 54 945256
8 50 945262
8 41 945266
8 57 945270
8 56 945272
8 33 945280
8 16 945286
8 4 945295
8 47 945301
8 42 945303
8 17 945310
8 55 945315
8 18 945322
8 27 945323
8 3 945323
8 6 945323
8 1 945330
8 58 945335
8 2 945341
8 22 945344
8 12 945350
8 20 945358
8 19 945365
8 44 945365
8 37 945368
8 34 945371
8 23 945379
8 30 945384
8 46 945387
8 38 945392
8 36 945396
8 39 945405
8 54 945407
8 21 945412
8 10 945418
8 51 945427
8 9 945434
8 43 945438
9 22 945439
9 21 945446
9 28 945454
9 40 945454
9 3 945460
10 24 945461
10 34 945467
10 55 945476
10 38 945480
10 3 945481
10 58 945483
10 30 945489
10 33 945492
10 42 945499
10 56 945499
10 54 945504
10 13 945512
10 53 945512
10 27 945516
10 23 945519
10 39 945528
10 6 945528
10 43 945532
10 46 945535
10 32 945539
10 17 945545
10 29 945554
10 7 945557
10 1 945562
10 51 945562
10 54 945564
10 22 945564
10 21 945573
10 23 945579
10 47 945586
10 41 945587
10 16 945592
10 31 945600
10 15 945604
10 29 945606
10 40 945606
10 28 945609
10 58 945617
10 0 945622
10 27 945628
10 50 945635
10 12 945643
10 18 945646
10 52 945648
10 6 945652
10 37 945654
10 48 945656
10 30 945660
11 15 945663
11 29 945670
11 57 945672
11 35 945677
11 24 945679
11 25 945683
11 12 945691
11 3 945700
11 41 945701
11 47 945705
11 36 945711
11 6 945713
11 46 945718
11 18 945719
11 26 945723
11 27 945726
11 13 945735
11 49 945741
11 19 945749
11 50 945753
11 1 945759
11 38 945761
11 49 945766
11 8 945773
11 23 945780
11 33 945789
11 24 945795
11 55 945803
11 52 945810
11 9 945811
11 51 945815
11 40 945823
11 4 945830
11 6 945839
11 2 945844
11 36 945848
11 5 945848
11 41 945851
12 54 945858
12 33 945864
12 32 945870
12 28 945875
12 52 945881
12 22 945888
12 57 945891
12 21 945892
12 30 945901
12 40 945901
12 23 945905
12 51 945910
13 0 945916
13 16 945918
13 39 945918
13 40 945927
13 2 945935
13 24 945944
13 45 945945
13 55 945951
13 5 945956
13 56 945961
13 58 945962
13 50 945962
13 25 945962
13 52 945969
13 28 945977
13 10 945984
13 8 945993
13 19 946001
13 57 946003
13 4 946006
13 9 946010
13 46 946012
13 7 946012
13 48 946021
13 49 946029
13 21 946033
13 14 946036
13 18 946038
13 42 946045
13 12 946049
13 37 946056
13 27 946065
13 38 946065
13 11 946070
13 1 946075
13 2 946076
13 40 946083
13 41 946086
13 43 946093
13 46 946098
13 12 946107
13 5 946108
13 17 946116
13 33 946116
13 39 946124
13 50 946129
13 56 946132
13 22 946141
13 23 946149
13 6 946157
13 8 946165
13 30 946165
13 28 946169
13 24 946173
13 1 946177
13 4 946181
13 52 946187
13 36 946193
13 3 946195
13 29 946196
13 55 946202
13 26 946204
13 49 946207
13 38 946216
13 20 946216
13 53 946218
13 15 946219
13 10 946224
13 19 946231
14 52 946235
14 57 946244
14 28 946247
14 5 946253
14 38 946262
14 20 946269
14 23 946270
14 24 946273
14 51 946278
14 8 946286
14 48 946287
14 53 946290
14 12 946294
14 49 946294
14 2 946302
14 55 946303
14 42 946309
14 39 946316
14 50 946323
14 45 946326
14 7 946330
14 40 946339
14 13 946341
14 31 946347
14 29 946347
14 46 946348
14 54 946351
14 56 946355
14 26 946357
14 10 946357
14 36 946360
14 30 946365
14 44 946368
14 9 946370
14 35 946373
14 33 946375
14 32 946382
14 58 946386
14 46 946388
14 27 946396
14 7 946403
14 24 946407
14 33 946414
14 34 946417
14 25 946424
14 35 946431
14 13 946436
14 55 946439
14 4 946443
14 15 946445
14 44 946447
14 56 946454
14 22 946455
14 50 946455
14 32 946455
14 26 946455
14 2 946460
14 6 946464
14 48 946471
14 17 946474
14 16 946474
14 31 946479
14 45 946482
14 1 946488
14 49 946496
14 0 946502
14 18 946505
14 20 946513
14 39 946522
14 37 946523
14 40 946523
14 41 946527
14 43 946531
14 5 946536
14 23 946536
15 33 946543
15 5 946543
15 1 946548
15 21 946548
15 53 946552
15 42 946554
15 34 946558
15 56 946566
15 20 946571
15 46 946576
15 50 946584
15 19 946588
15 54 946594
15 55 946600
15 32 946605
15 37 946608
15 17 946617
15 49 946623
15 7 946630
15 14 946632
15 9 946641
15 23 946641
15 16 946649
15 38 946657
15 2 946661
15 57 946663
15 11 946666
15 17 946675
15 56 946675
15 23 946679
15 7 946687
15 38 946695
15 4 946702
15 48 946711
15 51 946713
15 32 946721
15 49 946724
15 36 946729
15 26 946738
15 25 946738
15 16 946747
15 33 946755
15 27 946755
15 58 946758
15 9 946766
15 35 946767
15 0 946771
15 3 946777
15 6 946784
15 13 946784
15 39 946784
15 41 946786
15 46 946787
16 24 946789
16 47 946792
16 33 946796
16 21 946802
16 28 946803
16 0 946803
16 53 946805
16 5 946814
16 11 946823
16 27 946823
16 9 946830
16 26 946830
16 39 946831
16 19 946839
16 54 946846
16 31 946852
16 35 946858
16 22 946859
16 46 946868
16 28 946870
16 7 946876
16 39 946876
16 8 946879
16 55 946887
16 57 946890
16 41 946897
16 12 946897
16 26 946897
16 25 946899
16 5 946907
16 27 946908
16 51 946908
17 5 946911
17 32 946912
17 29 946912
17 11 946916
17 23 946925
17 53 946930
17 22 946930
17 25 946938
17 36 946945
17 14 946947
17 28 946949
17 55 946952
17 3 946960
17 40 946964
17 4 946969
17 1 946969
17 16 946976
17 6 946979
17 2 946985
17 10 946994
17 46 946994
17 12 946994
17 52 947001
17 15 947006
17 18 947012
17 38 947018
17 43 947026
17 6 947032
17 41 947036
17 36 947043
17 53 947047
17 47 947052
17 32 947061
17 52 947068
17 29 947075
17 57 947079
17 48 947082
17 44 947083
17 39 947086
17 16 947087
17 18 947088
17 26 947095
17 28 947102
17 15 947107
17 51 947111
17 46 947113
17 31 947122
17 24 947126
17 27 947130
17 25 947130
17 7 947131
17 10 947134
17 11 947135
17 30 947142
17 56 947148
17 21 947154
17 58 947163
18 35 947167
18 46 947175
18 52 947179
18 25 947184
18 50 947185
18 3 947187
18 49 947193
18 5 947201
18 21 947204
18 58 947212
18 51 947212
18 57 947215
18 34 947219
18 42 947225
18 27 947227
18 24 947233
18 39 947241
18 30 947250
18 9 947256
18 15 947256
18 45 947260
18 48 947262
18 37 947266
18 56 947272
18 11 947275
18 44 947275
18 54 947279
18 6 947279
18 41 947281
18 0 947285
18 19 947285
18 10 947291
18 55 947295
18 22 947301
18 10 947304
18 23 947312
18 49 947312
18 11 947319
18 52 947320
18 27 947327
18 40 947331
18 9 947338
18 12 947339
18 44 947346
18 6 947347
18 53 947348
18 50 947348
18 32 947349
18 31 947358
18 42 947358
18 24 947363
18 34 947371
18 25 947378
18 16 947382
18 0 947390
18 13 947395
18 26 947403
18 29 947408
18 21 947409
18 36 947411
18 48 947420
18 33 947425
18 46 947432
18 4 947434
18 57 947436
19 25 947441
19 50 947449
19 26 947458
19 48 947461
19 37 947469
19 17 947472
19 30 947474
19 18 947483
19 45 947489
19 36 947496
19 12 947504
19 28 947506
19 56 947512
19 34 947520
20 48 947524
20 32 947524
20 53 947524
20 18 947529
20 12 947537
20 25 947539
20 8 947547
20 5 947552
20 37 947556
20 52 947562
20 57 947569
20 38 947569
20 15 947578
20 3 947587
20 42 947593
20 45 947598
20 19 947603
20 51 947610
20 43 947613
20 44 947622
20 13 947624
20 28 947625
20 56 947631
20 36 947638
20 41 947647
20 46 947647
20 24 947654
20 7 947660
20 47 947669
20 2 947676
20 35 947684
20 26 947684
20 22 947684
20 17 947684
20 58 947686
20 19 947691
20 2 947693
20 8 947694
20 21 947695
20 40 947695
20 54 947702
20 53 947703
20 41 947706
20 14 947714
20 6 947715
20 29 947716
20 12 947720
20 1 947724
20 24 947725
20 57 947726
20 0 947729
20 9 947730
20 16 947735
20 49 947742
20 46 947746
20 17 947754
20 45 947760
20 47 947760
20 42 947764
20 58 947764
20 18 947773
20 11 947779
20 44 947785
20 32 947787
20 56 947796
20 34 947803
20 48 947805
20 27 947805
20 36 947805
21 2 947814
21 15 947820
21 56 947829
21 5 947835
21 53 947842
21 31 947842
21 32 947851
21 19 947858
21 14 947858
21 9 947867
21 40 947869
21 18 947877
21 37 947884
21 22 947891
21 28 947896
21 12 947903
21 0 947906
21 46 947910
21 11 947918
21 10 947927
21 48 947935
21 47 947942
21 49 947945
21 30 947950
21 36 947950
21 22 947954
21 31 947962
21 17 947965
21 26 947971
21 40 947979
21 28 947981
21 50 947981
21 8 947981
21 10 947982
21 27 947990
21 16 947998
21 20 948004
21 41 948013
21 0 948016
21 53 948018
21 35 948020
21 18 948027
21 25 948036
21 9 948041
21 55 948048
21 14 948048
22 33 948056
22 43 948062
22 21 948069
22 4 948076
22 20 948085
22 35 948092
22 2 948094
22 41 948099
22 47 948099
22 58 948102
22 54 948108
22 36 948109
22 6 948116
22 44 948117
22 38 948120
22 56 948120
22 5 948124
22 16 948129
22 15 948134
22 39 948140
22 34 948146
22 13 948149
22 29 948153
22 40 948157
22 19 948162
22 45 948162
22 32 948170
22 33 948170
22 31 948172
22 7 948174
22 37 948177
22 1 948180
22 27 948180
22 49 948188
22 17 948190
22 36 948197
22 42 948205
22 35 948207
22 57 948216
22 46 948219
22 40 948221
22 21 948226
22 56 948229
22 38 948234
22 19 948240
22 50 948244
22 20 948251
22 23 948258
22 44 948258
22 5 948258
22 16 948259
22 58 948261
22 4 948269
22 14 948270
23 16 948277
23 43 948285
24 34 948294
24 7 948300
24 31 948309
24 10 948315
24 36 948323
24 1 948327
24 32 948330
24 14 948331
24 36 948338
24 22 948346
24 12 948346
24 20 948354
24 53 948362
24 56 948365
24 26 948367
24 25 948375
24 9 948383
25 24 948390
25 37 948391
25 45 948393
25 51 948398
25 4 948400
25 53 948407
25 29 948415
25 32 948416
25 58 948423
25 52 948430
25 1 948438
25 31 948438
25 53 948445
25 54 948446
25 23 948447
25 30 948454
25 28 948457
25 51 948459
25 38 948467
25 27 948475
25 41 948481
25 18 948489
25 52 948491
25 49 948493
26 21 948495
26 29 948499
26 48 948500
26 2 948504
26 7 948504
26 19 948511
26 57 948520
26 8 948526
26 18 948532
26 51 948541
26 49 948550
26 13 948557
26 46 948559
26 32 948561
26 58 948566
26 53 948575
26 6 948577
26 47 948583
26 31 948585
26 41 948587
26 15 948590
26 34 948597
26 56 948602
26 0 948605
26 45 948609
26 38 948611
26 17 948614
26 11 948619
26 50 948628
26 25 948636
26 37 948642
26 24 948642
26 5 948651
26 55 948659
26 22 948661
26 20 948667
26 16 948672
26 10 948677
26 9 948683
26 11 948687
26 0 948689
26 36 948691
26 22 948693
26 54 948700
26 8 948701
26 1 948705
26 23 948713
26 43 948719
26 34 948721
26 58 948729
26 7 948733
26 9 948734
26 21 948740
26 31 948746
26 29 948753
26 30 948755
26 56 948761
26 32 948764
26 49 948769
26 2 948776
26 38 948785
26 19 948790
26 42 948794
26 57 948799
26 16 948808
26 4 948813
26 37 948817
26 51 948821
26 3 948830
26 6 948830
26 44 948831
26 35 948831
26 18 948832
26 24 948835
26 53 948843
26 45 948847
26 28 948847
26 39 948856
27 50 948861
27 30 948861
27 1 948862
27 18 948870
27 3 948876
27 40 948879
27 17 948881
27 42 948889
27 47 948893
27 6 948902
27 33 948904
27 19 948912
27 16 948916
27 51 948921
27 31 948925
27 10 948934
27 54 948940
27 55 948942
27 25 948944
27 33 948951
27 49 948959
27 30 948959
27 48 948966
27 55 948975
27 22 948980
27 26 948989
27 12 948991
27 56 948998
27 6 949005
27 28 949010
27 4 949010
27 36 949015
27 23 949019
27 31 949023
27 13 949023
27 47 949023
27 3 949028
27 14 949028
27 37 949036
28 42 949041
28 1 949041
28 11 949050
28 4 949051
28 39 949053
28 38 949059
28 0 949060
28 27 949065
28 34 949070
28 31 949076
28 21 949083
28 24 949085
28 57 949089
28 46 949095
28 35 949098
28 15 949104
28 33 949108
28 43 949114
28 51 949121
28 14 949125
28 11 949129
28 49 949137
28 45 949139
28 17 949147
28 4 949149
28 12 949152
28 55 949156
29 2 949162
29 44 949163
29 54 949164
29 22 949171
29 30 949176
29 10 949181
29 37 949184
29 57 949191
29 50 949198
29 36 949207
29 21 949209
29 27 949214
29 43 949214
29 25 949219
29 4 949226
29 53 949226
29 39 949230
29 33 949235
29 41 949243
29 3 949250
29 6 949256
29 11 949262
29 13 949267
29 52 949272
29 0 949277
29 38 949282
29 24 949283
29 5 949287
29 40 949291
29 47 949297
29 1 949302
29 42 949303
29 17 949309
29 28 949313
29 48 949318
29 51 949323
29 57 949328
29 44 949336
29 24 949341
29 46 949346
29 14 949353
29 19 949357
29 55 949366
29 22 949366
29 52 949367
29 35 949370
29 37 949379
29 23 949381
29 56 949386
29 21 949394
29 31 949402
29 18 949410
29 9 949415
29 0 949423
29 39 949431
29 12 949439
29 30 949442
29 58 949447
29 49 949453
29 28 949461
29 5 949462
29 1 949468
29 34 949473
29 54 949473
29 53 949475
29 26 949483
29 40 949492
29 7 949501
29 4 949509
31 26 949512
31 14 949516
31 2 949520
31 54 949522
31 53 949522
31 9 949530
31 3 949530
31 46 949532
32 0 949540
32 30 949540
32 45 949542
32 53 949543
32 49 949549
32 47 949555
32 41 949564
32 13 949565
32 36 949569
32 10 949570
32 39 949571
32 23 949578
32 26 949580
32 31 949586
32 50 949587
32 28 949594
32 52 949598
32 38 949607
32 48 949611
32 25 949619
32 43 949626
32 15 949635
32 14 949639
32 5 949643
32 27 949644
32 6 949651
32 22 949653
32 17 949655
32 11 949656
32 8 949659
32 18 949666
32 42 949671
32 44 949673
32 55 949674
32 37 949682
32 15 949690
32 11 949694
32 33 949703
32 53 949706
32 55 949706
32 18 949707
32 2 949712
32 47 949712
32 48 949718
32 50 949725
32 4 949726
32 52 949732
32 30 949738
32 40 949745
32 24 949747
32 9 949752
32 25 949756
32 49 949763
32 57 949764
32 8 949769
32 54 949775
32 58 949784
32 21 949791
32 14 949796
32 45 949802
32 26 949805
32 38 949814
32 7 949821
32 29 949827
32 22 949836
32 1 949841
32 56 949844
32 27 949848
32 10 949853
32 0 949862
32 42 949870
33 36 949870
33 47 949874
33 23 949883
33 20 949885
33 40 949892
33 7 949894
33 49 949902
33 38 949902
33 43 949907
33 44 949910
33 32 949910
33 26 949919
33 0 949921
33 5 949930
33 18 949939
33 19 949941
33 46 949943
33 10 949948
33 27 949954
33 48 949957
33 8 949966
33 28 949972
33 4 949980
33 2 949986
33 17 949991
33 11 949994
33 39 950001
33 14 950003
33 15 950012
33 50 950020
33 1 950024
33 52 950026
33 25 950027
33 30 950030
33 22 950032
33 41 950033
33 30 950042
33 5 950049
33 53 950056
33 12 950065
33 55 950072
33 25 950079
33 3 950087
33 35 950088
33 31 950091
33 26 950099
33 58 950106
33 50 950109
33 34 950117
33 17 950123
33 19 950127
33 24 950134
33 39 950137
33 48 950142
33 57 950149
33 6 950152
33 9 950154
33 16 950157
33 45 950164
33 8 950168
33 46 950173
33 21 950176
33 29 950177
33 40 950177
33 18 950185
33 4 950186
33 13 950194
33 42 950199
33 10 950208
33 2 950212
33 20 950215
33 52 950218
33 51 950224
33 28 950232
34 45 950239
34 46 950243
34 48 950251
34 31 950257
34 24 950264
34 16 950264
34 3 950267
35 5 950267
35 22 950276
35 27 950285
35 57 950291
35 46 950296
35 54 950303
35 51 950310
35 1 950313
35 47 950320
35 16 950323
35 4 950326
35 23 950327
35 6 950328
35 25 950330
35 15 950334
35 40 950343
35 1 950348
35 53 950350
35 14 950358
35 5 950361
35 13 950367
35 0 950370
35 25 950372
35 6 950378
35 43 950381
35 34 950384
35 24 950387
35 32 950392
36 47 950393
36 7 950396
36 30 950401
36 28 950402
36 34 950403
36 39 950408
36 43 950414
36 37 950416
36 29 950416
36 8 950417
36 48 950424
36 33 950432
36 49 950440
36 13 950447
36 55 950456
36 15 950464
36 54 950470
36 19 950470
36 42 950470
36 45 950475
36 22 950475
36 30 950478
36 35 950486
36 9 950492
36 58 950495
36 26 950501
36 15 950510
36 23 950511
36 24 950516
36 39 950524
36 29 950533
36 20 950533
36 54 950534
36 37 950539
36 1 950546
36 8 950551
36 51 950560
37 41 950566
37 48 950566
37 20 950573
37 1 950576
37 57 950578
37 19 950584
37 13 950587
37 38 950592
37 58 950595
37 40 950596
37 53 950603
37 35 950610
37 51 950611
37 18 950613
37 43 950613
37 14 950622
37 26 950628
37 4 950631
37 56 950634
37 40 950640
37 20 950641
37 24 950644
37 9 950651
37 44 950659
37 8 950668
37 51 950676
37 47 950676
37 1 950680
37 14 950682
37 27 950685
37 22 950691
37 26 950692
37 34 950695
38 54 950699
38 28 950700
38 55 950708
38 46 950715
38 40 950724
38 56 950733
38 8 950742
38 33 950750
38 32 950751
38 4 950757
38 14 950757
38 10 950764
38 11 950768
38 17 950777
38 43 950785
38 52 950788
38 58 950790
38 11 950791
38 44 950794
38 17 950797
38 21 950806
38 53 950808
38 40 950817
38 4 950825
38 35 950834
38 47 950835
38 41 950836
38 30 950844
38 23 950845
38 16 950854
38 55 950854
38 9 950863
38 2 950872
38 31 950872
38 36 950881
38 49 950882
38 46 950889
38 48 950890
39 1 950893
39 28 950900
39 22 950908
39 52 950908
39 45 950916
39 16 950916
39 8 950924
39 5 950930
39 0 950933
39 47 950933
39 24 950935
39 9 950941
39 33 950948
39 54 950948
39 48 950951
39 13 950953
39 41 950962
39 36 950969
39 4 950978
39 20 950979
39 42 950988
39 35 950989
39 51 950989
39 43 950991
39 37 950995
39 46 950997
39 49 951000
39 19 951004
39 38 951009
39 27 951017
39 44 951025
39 31 951028
39 2 951036
39 6 951044
39 7 951049
39 45 951054
39 27 951058
39 20 951060
39 56 951065
39 11 951068
39 53 951077
39 33 951080
39 3 951081
39 8 951089
39 29 951096
39 1 951103
39 49 951112
39 52 951120
39 26 951120
39 31 951122
39 41 951128
39 48 951133
39 40 951139
39 44 951139
39 51 951147
39 25 951150
39 12 951158
39 47 951158
39 30 951165
39 42 951170
39 35 951176
39 38 951178
39 28 951180
39 18 951185
39 7 951188
39 32 951194
39 55 951196
39 19 951196
39 46 951205
39 23 951208
40 17 951211
40 7 951211
40 13 951216
40 8 951224
40 36 951228
40 14 951231
40 26 951236
40 11 951240
40 2 951247
40 6 951247
40 20 951253
40 31 951261
40 21 951263
40 34 951268
40 46 951275
40 53 951278
40 23 951279
40 28 951282
40 54 951291
40 10 951295
40 25 951296
40 50 951300
40 47 951304
40 12 951304
40 15 951307
40 44 951313
40 43 951315
40 27 951317
40 36 951325
40 7 951329
40 20 951338
40 33 951346
40 37 951354
40 25 951356
40 28 951358
40 32 951361
40 31 951362
40 44 951366
40 26 951366
40 1 951372
40 0 951379
40 39 951388
40 58 951394
40 48 951402
40 12 951409
40 34 951409
40 55 951412
40 17 951418
40 50 951426
40 56 951426
40 43 951426
40 11 951431
40 23 951440
40 24 951448
40 10 951457
40 21 951465
40 14 951466
40 19 951472
40 38 951481
40 27 951487
40 53 951494
41 37 951503
41 22 951507
41 25 951514
41 51 951519
41 20 951524
41 48 951524
42 50 951530
42 5 951530
42 4 951532
42 14 951541
42 8 951548
42 39 951554
42 57 951558
42 38 951562
42 16 951568
42 31 951573
42 32 951582
42 36 951590
42 21 951590
42 1 951594
42 22 951595
42 7 951598
42 10 951605
42 25 951611
42 13 951620
42 0 951628
42 49 951635
42 31 951637
42 8 951643
42 39 951648
42 40 951657
42 26 951658
42 19 951659
42 23 951659
42 2 951661
42 46 951669
42 4 951671
42 18 951679
42 16 951681
42 5 951684
42 56 951685
42 51 951685
42 24 951690
43 9 951692
43 38 951693
43 35 951702
43 45 951702
43 24 951704
43 30 951708
43 57 951716
43 33 951721
43 4 951724
43 37 951726
43 11 951732
43 8 951735
43 49 951740
43 48 951740
43 41 951746
43 27 951749
43 26 951754
43 29 951759
43 39 951762
43 0 951762
43 32 951764
43 52 951767
43 14 951771
43 51 951779
43 3 951785
43 15 951794
43 2 951795
43 55 951801
43 40 951810
43 31 951813
43 18 951816
43 36 951819
43 50 951822
43 5 951823
43 28 951825
43 22 951834
43 21 951838
43 46 951844
43 35 951846
43 18 951854
43 49 951855
43 1 951862
43 52 951862
43 53 951869
43 29 951869
43 9 951869
43 26 951877
43 7 951884
43 41 951885
43 19 951894
43 13 951903
43 56 951912
43 30 951912
43 55 951912
43 14 951920
43 24 951925
43 33 951931
43 12 951934
43 11 951938
43 25 951942
43 5 951949
43 3 951953
43 20 951958
43 28 951960
43 34 951967
43 27 951976
43 4 951984
43 42 951988
43 58 951995
43 45 951997
43 6 952000
43 54 952002
43 37 952006
43 57 952008
44 23 952014
44 2 952020
44 25 952024
44 28 952027
44 45 952030
44 55 952039
44 9 952039
44 10 952047
44 52 952053
44 32 952056
44 40 952061
44 33 952067
44 21 952073
44 56 952073
44 20 952079
44 38 952080
44 0 952082
44 47 952083
44 12 952092
44 49 952101
44 24 952102
44 5 952111
44 53 952116
44 51 952123
44 40 952130
44 46 952132
44 33 952140
44 2 952143
44 32 952144
44 14 952151
44 6 952151
44 26 952154
44 37 952162
45 28 952171
45 31 952171
45 58 952173
45 51 952177
45 54 952184
45 37 952184
45 48 952192
45 53 952200
46 38 952202
46 7 952202
46 14 952209
46 24 952216
46 32 952225
46 23 952234
46 39 952237
46 11 952245
46 13 952253
46 0 952261
46 30 952266
46 12 952266
46 50 952269
46 33 952274
46 34 952277
46 58 952278
46 4 952278
46 45 952280
46 25 952288
46 26 952296
46 54 952304
46 2 952313
46 43 952319
46 37 952322
46 51 952330
46 27 952336
46 6 952337
46 48 952346
46 8 952347
46 31 952352
46 56 952355
46 5 952364
46 10 952369
46 57 952374
46 35 952377
46 7 952386
46 43 952392
46 22 952397
46 34 952405
46 29 952414
46 32 952416
46 52 952419
46 26 952419
46 21 952425
46 20 952430
46 37 952436
46 58 952439
46 53 952439
46 44 952444
46 51 952448
46 9 952455
46 12 952457
46 45 952458
46 17 952464
46 25 952473
46 5 952479
46 15 952486
46 39 952490
46 33 952493
46 2 952495
46 47 952504
46 18 952508
46 40 952514
46 27 952521
46 10 952526
46 55 952535
46 0 952539
46 13 952544
46 42 952551
47 26 952558
47 28 952565
47 52 952569
47 35 952576
47 11 952584
47 57 952591
47 1 952593
47 17 952600
47 14 952600
47 43 952606
47 27 952611
47 51 952614
47 50 952620
47 8 952623
47 40 952624
47 16 952632
47 54 952640
47 6 952646
47 25 952646
47 9 952651
47 48 952652
47 29 952657
47 41 952660
47 56 952667
47 45 952675
47 55 952684
47 34 952687
47 16 952692
47 30 952693
47 31 952697
47 21 952699
47 27 952703
47 49 952707
47 45 952707
47 9 952714
47 25 952723
47 8 952729
47 5 952731
47 11 952738
47 51 952744
47 56 952751
47 48 952752
47 19 952756
47 41 952763
47 22 952769
47 2 952769
47 34 952773
47 29 952773
47 40 952773
47 52 952776
48 17 952784
48 33 952792
48 34 952797
48 2 952799
48 41 952802
48 10 952811
48 3 952814
48 58 952818
48 39 952826
48 45 952833
48 31 952835
48 51 952841
48 52 952842
48 19 952847
48 44 952847
48 14 952851
48 42 952852
48 43 952857
48 7 952859
48 16 952866
48 26 952872
48 53 952873
48 22 952873
48 19 952879
48 50 952879
48 20 952887
48 17 952888
48 14 952890
48 52 952896
48 0 952903
48 9 952903
48 28 952912
48 34 952917
48 25 952920
48 56 952929
48 4 952932
48 41 952939
48 7 952946
48 30 952946
48 15 952952
48 32 952961
49 18 952961
49 2 952966
49 41 952969
49 7 952973
49 32 952977
49 54 952978
49 11 952983
49 42 952990
49 23 952992
49 13 953001
49 37 953008
49 38 953012
49 27 953015
49 4 953019
49 44 953024
49 45 953025
49 8 953026
49 6 953027
49 17 953031
49 28 953035
49 12 953037
49 55 953037
49 3 953041
49 53 953045
49 35 953046
49 0 953053
49 40 953056
49 50 953061
49 21 953065
49 42 953072
49 6 953079
49 15 953080
49 52 953089
49 13 953094
49 18 953101
49 1 953107
49 47 953109
49 2 953109
49 0 953109
49 17 953114
49 19 953122
49 31 953125
49 45 953126
49 38 953131
49 39 953131
49 36 953140
49 14 953141
49 37 953150
49 11 953153
49 35 953153
49 43 953153
49 20 953155
49 25 953159
49 12 953164
50 28 953171
50 25 953174
50 42 953174
50 16 953182
50 58 953191
50 6 953200
50 18 953202
50 34 953207
50 46 953214
50 52 953214
50 37 953217
50 17 953223
50 43 953226
50 19 953226
50 48 953230
50 33 953238
50 0 953246
50 51 953252
50 4 953254
50 36 953263
50 39 953267
50 27 953268
50 23 953275
50 29 953275
50 24 953281
50 32 953286
50 15 953292
50 8 953294
50 53 953294
50 42 953301
50 36 953308
50 24 953311
50 38 953315
50 52 953321
50 19 953324
50 3 953328
50 45 953330
50 41 953338
50 16 953345
50 54 953346
50 46 953352
50 51 953361
50 57 953362
50 39 953362
50 7 953363
50 34 953372
50 10 953378
50 17 953380
50 49 953383
50 5 953385
50 43 953390
50 1 953393
50 26 953396
50 37 953402
50 13 953407
51 32 953414
51 55 953420
51 4 953423
51 7 953423
51 11 953430
51 36 953434
51 42 953436
51 2 953437
51 45 953443
51 14 953452
51 35 953453
51 10 953459
51 28 953460
51 20 953466
51 12 953468
51 45 953473
51 38 953477
51 31 953477
51 56 953481
51 37 953483
51 22 953486
51 42 953487
51 28 953496
51 46 953504
51 8 953513
51 21 953521
51 24 953528
51 12 953529
51 13 953534
51 0 953543
52 45 953549
52 31 953554
52 13 953561
52 19 953562
52 10 953567
52 12 953571
52 38 953571
52 33 953575
52 11 953581
52 18 953585
52 41 953594
52 16 953597
52 36 953602
52 56 953608
52 37 953609
52 35 953618
52 29 953624
52 22 953631
52 47 953640
52 7 953647
52 5 953650
52 8 953654
52 27 953663
52 46 953666
52 49 953672
52 42 953672
52 58 953675
52 11 953682
52 24 953683
52 43 953683
52 6 953684
52 44 953688
52 41 953695
52 13 953701
52 56 953705
52 46 953705
52 19 953714
52 1 953718
52 32 953720
52 48 953727
52 40 953735
52 51 953743
52 26 953743
52 17 953747
52 2 953747
52 30 953756
52 53 953757
52 58 953759
53 41 953765
53 58 953768
53 24 953771
53 27 953780
53 40 953785
53 6 953794
53 32 953794
53 9 953798
53 33 953798
53 45 953807
53 16 953810
53 5 953814
53 15 953816
53 4 953821
53 35 953824
53 44 953832
53 13 953835
53 26 953842
53 56 953846
53 36 953853
53 22 953857
53 2 953858
53 54 953863
53 8 953869
53 37 953874
53 20 953879
53 3 953879
53 11 953880
53 25 953886
53 7 953886
53 18 953889
53 31 953890
53 1 953892
53 28 953900
53 7 953908
53 0 953912
53 11 953921
53 43 953928
53 35 953931
53 12 953938
53 24 953942
53 8 953944
53 2 953946
53 28 953954
53 30 953961
53 18 953963
53 26 953972
53 55 953978
53 49 953979
53 10 953981
53 29 953984
53 41 953987
53 48 953992
53 31 953993
53 38 953995
53 58 954002
53 27 954006
53 33 954014
53 52 954014
53 47 954019
53 32 954023
53 23 954025
53 13 954026
53 14 954034
53 54 954038
53 45 954046
53 44 954047
54 42 954054
54 6 954056
54 29 954058
54 19 954058
54 34 954065
54 21 954073
54 24 954078
54 36 954084
54 43 954090
54 1 954094
55 51 954094
55 2 954094
55 11 954103
55 26 954103
55 6 954112
55 43 954121
55 42 954121
55 0 954121
55 13 954123
55 21 954126
55 46 954135
55 8 954142
55 32 954148
55 12 954152
55 52 954155
55 30 954157
55 57 954166
55 27 954169
55 39 954173
55 22 954174
55 58 954177
55 3 954182
55 19 954183
55 29 954189
55 9 954197
55 5 954204
55 15 954210
55 23 954214
55 7 954215
55 49 954218
55 28 954223
55 0 954223
55 37 954226
55 18 954233
55 35 954242
55 49 954248
55 26 954252
55 57 954253
55 56 954253
55 31 954261
55 45 954264
55 14 954270
55 34 954277
55 21 954286
55 23 954288
55 24 954290
55 7 954297
55 46 954300
55 12 954308
55 9 954311
55 11 954318
55 13 954319
55 51 954326
55 36 954328
55 38 954334
55 22 954337
55 17 954340
55 40 954344
55 39 954346
55 52 954349
55 41 954355
55 54 954359
55 43 954366
55 19 954374
56 52 954382
56 47 954391
56 17 954400
56 58 954407
56 0 954411
56 45 954412
56 1 954414
56 55 954419
56 12 954423
56 2 954429
56 49 954434
56 46 954434
56 23 954439
56 6 954442
56 39 954442
56 26 954445
56 7 954450
56 19 954452
56 14 954452
57 29 954456
57 3 954462
57 55 954471
57 9 954479
57 21 954485
57 44 954491
57 5 954500
57 14 954500
57 17 954509
57 45 954513
57 22 954520
57 58 954522
57 30 954526
57 49 954530
57 40 954532
57 52 954536
57 48 954539
57 42 954543
57 18 954547
57 1 954552
57 25 954558
57 28 954567
57 12 954572
57 19 954577
57 35 954584
57 6 954591
57 2 954592
57 53 954601
57 38 954607
57 43 954610
57 39 954610
57 10 954611
57 29 954612
57 5 954613
57 8 954619
57 9 954623
57 55 954627
57 31 954629
57 11 954634
57 25 954642
57 23 954649
57 49 954651
57 37 954656
57 52 954665
57 40 954671
57 15 954680
57 1 954688
57 12 954690
57 13 954697
57 22 954706
57 38 954712
57 45 954720
57 18 954722
57 17 954730
57 46 954730
57 32 954732
57 56 954733
57 19 954741
58 33 954744
58 54 954753
58 8 954757
58 14 954759
58 52 954767
58 42 954775
58 45 954781
58 36 954787
58 21 954789
58 1 954794
58 56 954799
58 20 954804
58 34 954804
58 38 954808
58 16 954810
58 6 954816
58 3 954825
58 22 954829
58 57 954830
58 18 954832
58 26 954834
58 4 954835
58 33 954838
58 25 954847
58 38 954852
58 9 954853
58 0 954858
58 54 954864
58 32 954870
58 51 954874
58 53 954883
58 5 954887
58 20 954890
58 19 954894
58 49 954897
58 30 954900
