61
false
0 38 1034900
0 4 1034903
0 57 1034905
0 34 1034905
0 36 1034906
0 51 1034915
0 55 1034923
0 15 1034925
0 18 1034931
0 8 1034939
0 46 1034947
0 26 1034955
0 31 1034958
0 19 1034964
1 36 1034964
1 55 1034967
1 18 1034975
1 31 1034980
1 8 1034987
1 54 1034987
1 49 1034994
1 12 1034997
1 58 1035001
1 23 1035008
1 14 1035012
1 39 1035019
1 15 1035026
1 60 1035032
1 50 1035038
1 32 1035043
1 47 1035050
1 51 1035050
1 56 1035058
1 7 1035058
1 3 1035064
1 33 1035066
1 22 1035067
1 10 1035071
1 17 1035079
1 53 1035085
1 52 1035093
1 44 1035099
1 30 1035107
1 37 1035112
1 55 1035116
1 47 1035118
1 12 1035127
1 38 1035127
1 16 1035127
1 58 1035127
1 41 1035127
1 51 1035136
1 27 1035141
1 24 1035144
1 34 1035146
1 5 1035151
1 56 1035154
1 32 1035162
1 0 1035168
1 43 1035175
1 20 1035179
1 36 1035185
1 31 1035188
1 14 1035193
1 8 1035202
1 9 1035210
1 19 1035219
1 40 1035220
1 48 1035228
2 52 1035234
2 6 1035239
2 16 1035245
2 29 1035245
2 54 1035247
2 5 1035251
2 25 1035254
2 47 1035262
2 19 1035263
2 34 1035272
2 53 1035272
2 1 1035272
2 13 1035278
2 37 1035279
2 55 1035288
2 50 1035297
2 8 1035299
2 7 1035299
2 60 1035302
2 26 1035308
2 36 1035314
2 45 1035321
2 41 1035328
2 58 1035329
2 24 1035330
2 20 1035335
2 57 1035340
2 28 1035344
2 16 1035350
2 27 1035352
2 35 1035356
2 11 1035364
2 49 1035366
2 4 1035370
2 39 1035379
2 12 1035388
2 45 1035391
2 34 1035397
2 1 1035402
2 47 1035403
2 25 1035406
2 58 1035411
2 18 1035416
2 46 1035423
2 22 1035426
2 31 1035428
2 44 1035433
2 21 1035435
3 34 1035444
3 36 1035453
3 2 1035456
3 7 1035463
3 32 1035465
3 0 1035468
3 55 1035468
4 40 1035475
4 3 1035478
4 34 1035485
4 26 1035494
4 47 1035495
4 50 1035499
4 49 1035502
4 43 1035503
4 33 1035506
4 42 1035506
4 6 1035507
4 10 1035513
4 5 1035519
4 7 1035519
4 51 1035528
4 38 1035536
4 24 1035540
4 0 1035546
4 2 1035551
4 54 1035557
4 19 1035558
4 23 1035560
4 30 1035564
4 37 1035564
4 45 1035564
4 13 1035564
4 9 1035569
4 60 1035577
4 17 1035585
4 15 1035594
4 21 1035603
4 17 1035611
4 49 1035619
4 56 1035628
4 0 1035630
4 14 1035635
4 47 1035638
4 7 1035646
4 41 1035653
4 44 1035662
4 20 1035671
4 38 1035671
4 34 1035673
4 60 1035674
4 29 1035679
4 13 1035682
4 58 1035683
4 2 1035688
4 53 1035692
4 31 1035693
4 11 1035693
4 12 1035699
4 50 1035704
4 25 1035704
4 33 1035710
4 6 1035710
4 30 1035716
4 27 1035717
4 51 1035722
4 10 1035726
4 19 1035726
5 13 1035726
5 0 1035727
5 54 1035735
6 26 1035741
6 38 1035746
6 39 1035749
6 30 1035750
6 2 1035753
6 47 1035760
6 45 1035760
7 10 1035769
7 43 1035774
7 29 1035782
7 11 1035786
7 16 1035794
7 35 1035800
7 47 1035807
7 44 1035812
7 18 1035816
7 46 1035816
7 32 1035820
7 1 1035824
7 17 1035830
7 8 1035835
7 28 1035838
7 20 1035840
7 19 1035849
7 52 1035852
7 55 1035860
7 33 1035861
7 57 1035869
7 26 1035873
7 50 1035879
7 51 1035879
7 21 1035879
7 15 1035885
7 59 1035891
7 2 1035898
7 13 1035900
7 18 1035904
7 48 1035911
7 26 1035920
7 16 1035924
7 60 1035925
7 52 1035927
7 21 1035927
7 42 1035929
7 14 1035936
7 1 1035942
7 6 1035951
7 28 1035953
7 27 1035960
7 10 1035967
7 55 1035976
7 12 1035983
7 51 1035991
7 13 1035993
7 34 1036002
7 2 1036004
7 5 1036012
7 47 1036013
7 32 1036013
7 40 1036022
7 8 1036025
7 41 1036026
7 15 1036031
7 36 1036033
7 35 1036038
8 14 1036041
8 42 1036046
8 40 1036046
8 54 1036051
8 57 1036051
8 49 1036051
8 19 1036054
8 29 1036054
8 44 1036058
8 0 1036066
8 51 1036067
8 28 1036072
8 23 1036072
8 36 1036077
8 27 1036081
8 11 1036083
8 45 1036085
8 33 1036089
8 35 1036096
8 9 1036102
8 15 1036107
8 1 1036112
8 7 1036118
8 18 1036119
8 1 1036122
8 3 1036128
8 51 1036136
8 34 1036144
8 59 1036148
8 55 1036157
8 38 1036157
8 21 1036164
8 41 1036166
8 9 1036175
8 43 1036176
8 14 1036183
8 17 1036192
8 37 1036198
8 15 1036199
8 46 1036202
8 19 1036208
8 30 1036217
8 40 1036224
8 31 1036228
8 4 1036230
8 25 1036231
8 52 1036235
8 6 1036239
8 33 1036243
8 36 1036245
8 12 1036253
8 54 1036254
8 20 1036260
8 28 1036265
9 49 1036269
9 33 1036272
9 54 1036276
9 39 1036285
9 34 1036286
9 27 1036291
9 8 1036292
9 26 1036298
9 23 1036306
9 36 1036306
9 15 1036314
9 43 1036322
9 28 1036324
9 1 1036330
9 47 1036332
9 21 1036332
9 45 1036336
9 33 1036342
9 30 1036350
9 56 1036354
9 22 1036354
9 10 1036358
9 3 1036366
9 5 1036373
9 31 1036377
9 43 1036386
9 4 1036390
9 32 1036390
9 21 1036399
9 28 1036405
9 19 1036410
9 39 1036418
10 37 1036420
10 51 1036429
10 3 1036437
10 19 1036439
10 39 1036447
10 29 1036452
10 49 1036456
10 53 1036459
10 31 1036465
10 27 1036465
10 48 1036467
10 60 1036476
10 45 1036479
10 21 1036482
10 2 1036487
10 38 1036490
10 5 1036494
10 35 1036503
10 54 1036510
10 46 1036518
10 0 1036526
10 14 1036528
10 2 1036531
10 31 1036532
10 29 1036537
10 11 1036543
10 59 1036548
10 40 1036553
10 8 1036557
10 56 1036557
10 48 1036558
10 49 1036559
10 54 1036561
10 5 1036565
10 15 1036571
10 58 1036579
10 51 1036588
10 1 1036597
10 23 1036600
10 3 1036608
10 7 1036611
10 42 1036617
11 39 1036625
11 27 1036630
11 21 1036631
11 34 1036637
11 4 1036638
11 1 1036643
11 10 1036652
11 51 1036656
11 15 1036656
11 0 1036661
11 5 1036663
11 8 1036664
11 31 1036666
11 53 1036673
11 33 1036674
11 60 1036682
11 59 1036689
11 36 1036691
11 23 1036698
11 14 1036705
11 54 1036705
11 45 1036709
11 7 1036715
11 52 1036719
11 25 1036725
11 37 1036729
11 22 1036735
11 46 1036742
11 28 1036751
11 26 1036758
11 46 1036759
11 52 1036765
11 45 1036770
11 15 1036773
11 14 1036773
11 58 1036777
11 21 1036783
11 27 1036791
11 53 1036795
11 22 1036804
11 56 1036806
11 43 1036807
11 44 1036809
11 34 1036814
11 32 1036814
11 40 1036821
11 41 1036822
11 55 1036824
11 16 1036826
11 26 1036826
11 10 1036829
11 1 1036838
11 4 1036844
11 18 1036846
11 57 1036855
11 13 1036855
11 35 1036855
11 33 1036856
11 60 1036861
12 15 1036868
12 41 1036874
12 13 1036880
12 57 1036889
12 47 1036891
12 6 1036898
12 22 1036901
12 53 1036901
12 31 1036906
12 24 1036909
12 26 1036917
12 20 1036922
12 2 1036925
12 58 1036930
12 52 1036934
12 3 1036943
12 44 1036945
12 4 1036952
12 37 1036957
12 45 1036958
12 58 1036966
12 47 1036967
12 8 1036973
12 41 1036974
12 26 1036982
12 11 1036990
12 40 1036996
13 17 1037003
13 53 1037003
13 38 1037009
13 18 1037014
13 48 1037014
13 4 1037016
13 20 1037018
13 8 1037021
13 32 1037028
13 45 1037034
13 36 1037035
13 12 1037040
13 7 1037042
13 52 1037042
13 41 1037042
13 60 1037050
13 15 1037057
13 0 1037066
13 51 1037075
13 58 1037075
13 55 1037079
13 47 1037082
13 39 1037089
13 6 1037089
13 34 1037095
13 22 1037098
13 27 1037103
13 40 1037103
13 44 1037103
13 43 1037111
13 54 1037116
13 36 1037116
13 34 1037125
13 27 1037126
13 1 1037132
13 40 1037136
13 52 1037138
13 39 1037140
13 18 1037145
13 8 1037153
13 47 1037158
13 50 1037164
13 5 1037171
13 58 1037179
13 31 1037180
13 51 1037180
13 7 1037187
13 45 1037190
13 59 1037196
13 15 1037205
13 20 1037208
13 3 1037215
13 42 1037217
13 32 1037225
13 48 1037229
14 48 1037237
14 20 1037246
14 0 1037247
14 15 1037251
14 4 1037257
14 40 1037257
14 45 1037262
14 24 1037263
14 54 1037267
14 16 1037270
14 13 1037271
14 56 1037279
14 1 1037285
14 12 1037288
14 30 1037291
14 6 1037299
14 31 1037303
14 5 1037304
14 23 1037309
14 42 1037318
14 38 1037325
14 41 1037328
14 36 1037335
14 43 1037336
14 28 1037340
14 58 1037340
14 53 1037345
14 37 1037354
14 9 1037358
14 60 1037359
14 25 1037367
14 29 1037373
14 11 1037379
14 1 1037384
14 47 1037390
14 19 1037397
14 13 1037400
14 11 1037401
14 15 1037401
14 49 1037401
14 26 1037406
14 20 1037414
14 59 1037420
14 10 1037422
14 40 1037422
14 23 1037431
14 4 1037439
14 36 1037448
14 24 1037449
14 2 1037455
14 34 1037460
14 25 1037465
14 43 1037468
14 52 1037469
14 42 1037476
14 38 1037484
14 18 1037493
14 56 1037501
14 44 1037504
14 0 1037508
14 7 1037516
14 3 1037524
14 46 1037533
14 12 1037541
14 31 1037545
14 35 1037547
15 26 1037549
15 3 1037556
15 45 1037558
15 11 1037567
15 32 1037575
15 28 1037582
15 9 1037586
15 24 1037591
15 34 1037591
15 55 1037600
15 47 1037609
15 44 1037614
15 13 1037619
15 5 1037624
15 29 1037630
15 28 1037632
15 49 1037638
15 41 1037643
15 57 1037644
15 34 1037649
15 55 1037657
15 14 1037665
15 38 1037671
16 47 1037675
16 33 1037680
17 19 1037683
17 50 1037690
17 12 1037691
17 3 1037696
17 21 1037699
17 33 1037706
17 18 1037711
17 34 1037714
17 10 1037716
17 41 1037720
17 56 1037724
17 35 1037725
17 20 1037731
17 60 1037733
17 0 1037734
17 14 1037741
17 29 1037744
17 22 1037746
17 43 1037751
17 38 1037754
17 52 1037763
17 55 1037763
17 27 1037765
17 16 1037773
17 23 1037775
17 8 1037779
17 32 1037788
17 9 1037793
17 40 1037802
17 0 1037811
17 6 1037816
17 45 1037824
17 46 1037825
17 31 1037833
17 59 1037840
17 36 1037845
17 2 1037849
17 49 1037854
17 19 1037856
17 1 1037860
17 54 1037864
17 25 1037864
17 28 1037872
17 40 1037873
17 12 1037880
17 60 1037881
17 56 1037886
17 37 1037888
17 33 1037888
17 27 1037890
17 22 1037896
17 41 1037896
17 34 1037902
17 39 1037905
17 35 1037908
17 7 1037917
17 16 1037919
18 37 1037919
18 30 1037922
18 53 1037930
18 52 1037935
18 3 1037942
18 25 1037944
18 28 1037945
18 8 1037953
18 19 1037960
18 45 1037962
18 26 1037963
18 49 1037965
18 7 1037969
18 47 1037973
18 31 1037982
18 48 1037985
18 40 1037992
18 36 1037999
18 44 1038004
18 14 1038012
18 24 1038016
18 16 1038018
18 56 1038020
18 54 1038027
18 2 1038028
18 11 1038029
18 53 1038032
18 4 1038038
18 39 1038047
18 41 1038056
18 30 1038058
18 5 1038065
18 52 1038069
18 33 1038072
18 56 1038075
18 29 1038084
18 24 1038090
18 55 1038098
18 17 1038104
18 19 1038105
18 37 1038106
18 45 1038114
18 15 1038118
18 44 1038125
18 46 1038133
18 42 1038134
18 28 1038140
18 2 1038144
18 20 1038149
19 56 1038151
19 32 1038155
19 6 1038162
19 44 1038162
19 2 1038167
19 51 1038167
19 38 1038171
19 12 1038177
19 55 1038181
19 11 1038189
19 54 1038197
19 58 1038202
19 46 1038207
19 60 1038215
19 0 1038219
19 4 1038221
19 10 1038227
19 57 1038235
19 31 1038238
19 17 1038247
19 34 1038249
19 30 1038258
19 28 1038259
19 24 1038263
19 13 1038269
19 50 1038277
19 26 1038281
19 25 1038282
19 59 1038287
19 37 1038296
19 36 1038305
19 3 1038305
19 21 1038306
19 43 1038315
19 22 1038317
19 27 1038325
19 47 1038331
19 39 1038339
19 18 1038340
19 49 1038348
19 55 1038348
19 48 1038354
19 44 1038356
19 10 1038359
19 38 1038363
19 17 1038364
19 53 1038368
19 28 1038375
19 6 1038375
19 24 1038377
19 22 1038377
19 37 1038380
19 30 1038388
19 59 1038396
19 26 1038400
19 39 1038408
19 32 1038412
19 7 1038420
19 29 1038427
19 9 1038430
19 41 1038436
19 60 1038436
19 20 1038443
19 2 1038452
19 27 1038455
19 5 1038463
19 33 1038464
19 57 1038470
19 35 1038474
19 31 1038483
19 18 1038485
19 0 1038485
19 43 1038488
19 36 1038497
19 16 1038504
19 23 1038506
19 50 1038508
20 17 1038515
20 2 1038519
20 35 1038521
20 15 1038526
20 52 1038527
20 38 1038527
20 26 1038531
20 16 1038540
20 25 1038545
20 5 1038545
20 49 1038553
20 55 1038560
20 41 1038562
20 6 1038564
20 60 1038572
20 50 1038573
20 51 1038573
20 23 1038578
20 30 1038580
20 7 1038582
20 19 1038585
20 33 1038594
20 58 1038594
20 21 1038601
20 36 1038607
20 10 1038616
20 1 1038618
20 34 1038621
20 59 1038629
20 9 1038631
20 14 1038635
20 4 1038642
20 14 1038646
20 27 1038651
20 7 1038660
20 15 1038667
20 51 1038674
20 52 1038678
20 13 1038681
20 40 1038682
20 25 1038685
20 38 1038686
20 50 1038687
20 59 1038694
20 29 1038701
20 58 1038706
20 19 1038712
20 33 1038714
20 42 1038718
20 49 1038722
20 36 1038725
20 23 1038729
20 21 1038732
20 0 1038738
20 48 1038744
20 1 1038746
20 35 1038755
20 12 1038758
20 57 1038763
20 47 1038767
20 31 1038770
20 4 1038775
20 11 1038776
20 55 1038779
21 17 1038787
21 4 1038790
21 3 1038793
21 40 1038799
21 8 1038801
21 55 1038805
21 5 1038809
22 33 1038810
22 23 1038815
22 40 1038821
22 25 1038829
22 15 1038838
22 7 1038843
22 4 1038851
22 34 1038851
22 57 1038855
22 41 1038861
22 36 1038863
22 54 1038865
22 51 1038872
22 58 1038874
22 38 1038877
22 27 1038882
22 52 1038884
22 16 1038884
22 13 1038886
22 0 1038891
22 21 1038891
22 55 1038891
22 11 1038893
22 12 1038897
22 5 1038903
22 3 1038906
22 5 1038914
22 53 1038914
22 44 1038921
22 40 1038922
22 2 1038929
22 57 1038933
22 33 1038940
22 21 1038941
22 16 1038942
22 55 1038943
22 8 1038948
22 56 1038954
22 1 1038959
22 12 1038964
22 43 1038970
22 48 1038977
22 34 1038984
22 15 1038993
22 14 1038996
22 20 1039004
22 31 1039012
22 54 1039017
22 32 1039018
23 47 1039020
23 10 1039029
23 7 1039032
23 20 1039039
23 30 1039043
23 51 1039052
23 48 1039053
23 55 1039058
23 42 1039060
23 46 1039060
23 56 1039062
23 29 1039063
23 37 1039065
23 22 1039068
23 24 1039073
23 26 1039081
23 35 1039084
23 18 1039092
23 45 1039095
23 3 1039103
23 53 1039112
23 14 1039118
23 50 1039118
23 2 1039121
23 33 1039127
23 32 1039135
23 34 1039142
23 49 1039142
23 25 1039148
23 52 1039153
23 9 1039156
23 4 1039159
23 57 1039163
23 1 1039169
23 19 1039176
23 58 1039185
23 6 1039191
23 49 1039192
23 8 1039197
23 17 1039205
23 33 1039208
23 55 1039217
23 54 1039219
23 36 1039220
23 34 1039225
23 9 1039227
23 46 1039235
23 5 1039244
23 37 1039244
23 7 1039253
23 3 1039257
23 21 1039258
23 0 1039263
23 18 1039269
23 1 1039273
23 58 1039274
23 10 1039279
23 25 1039286
23 35 1039287
23 50 1039287
23 60 1039289
23 2 1039298
23 44 1039298
23 12 1039298
23 26 1039302
23 29 1039303
23 32 1039304
23 38 1039305
23 48 1039308
23 27 1039316
23 31 1039316
23 53 1039317
24 21 1039321
24 20 1039322
24 26 1039323
24 44 1039331
24 38 1039333
24 36 1039338
24 19 1039343
24 40 1039350
24 25 1039354
24 1 1039362
24 57 1039369
24 43 1039372
24 31 1039379
24 0 1039383
24 33 1039388
24 42 1039391
25 1 1039397
25 39 1039397
25 12 1039397
25 54 1039406
25 17 1039409
25 50 1039418
25 42 1039422
25 13 1039429
25 16 1039430
25 8 1039430
27 2 1039431
27 30 1039433
27 59 1039440
27 51 1039449
27 23 1039455
27 42 1039464
27 60 1039470
27 20 1039477
27 3 1039477
27 46 1039486
27 24 1039494
27 34 1039503
27 44 1039512
27 25 1039521
27 32 1039524
27 40 1039530
27 19 1039530
27 49 1039531
27 7 1039535
27 16 1039541
27 14 1039542
27 37 1039550
27 8 1039559
27 5 1039567
27 12 1039576
27 1 1039583
27 13 1039586
27 17 1039595
27 11 1039602
27 11 1039603
27 23 1039610
27 30 1039614
27 38 1039623
27 19 1039632
27 8 1039641
27 3 1039642
27 55 1039650
27 60 1039658
27 22 1039661
27 44 1039667
27 58 1039676
27 36 1039681
27 43 1039689
27 39 1039689
27 25 1039695
27 1 1039697
27 13 1039699
27 51 1039703
27 7 1039709
27 49 1039709
27 45 1039715
27 46 1039719
27 52 1039721
27 26 1039725
27 59 1039732
27 14 1039741
27 20 1039748
27 54 1039750
27 35 1039750
27 28 1039753
27 50 1039762
27 0 1039764
28 12 1039765
28 38 1039768
28 51 1039768
28 30 1039772
28 50 1039777
28 14 1039780
28 6 1039786
28 31 1039792
28 16 1039796
28 49 1039799
28 56 1039803
28 41 1039807
28 40 1039814
28 33 1039814
28 13 1039817
28 48 1039817
28 5 1039819
28 26 1039821
28 20 1039824
28 2 1039824
28 11 1039826
28 8 1039832
28 46 1039834
28 43 1039843
28 45 1039847
28 0 1039856
28 15 1039861
28 17 1039864
28 19 1039869
28 29 1039875
28 42 1039882
28 25 1039882
28 22 1039883
28 3 1039889
28 47 1039890
28 31 1039898
28 19 1039900
28 0 1039901
28 20 1039908
28 49 1039916
28 47 1039925
28 48 1039928
28 56 1039936
28 46 1039942
28 45 1039947
28 14 1039947
28 54 1039947
28 38 1039952
28 22 1039960
28 12 1039969
28 17 1039978
28 53 1039986
28 13 1039994
28 40 1039997
28 9 1040000
28 57 1040008
28 16 1040016
28 4 1040023
28 37 1040024
28 26 1040031
28 5 1040033
28 10 1040040
28 3 1040045
28 59 1040052
28 11 1040059
28 60 1040067
28 44 1040075
28 42 1040082
28 23 1040083
28 29 1040091
28 35 1040095
28 58 1040096
28 7 1040100
29 0 1040103
29 8 1040111
29 48 1040111
29 11 1040113
29 57 1040115
29 3 1040118
29 33 1040125
29 24 1040133
29 7 1040137
29 2 1040145
29 32 1040154
29 16 1040157
29 45 1040161
29 56 1040169
29 4 1040176
29 46 1040178
29 31 1040180
29 18 1040185
29 54 1040194
29 21 1040196
29 47 1040198
29 20 1040200
29 36 1040204
29 50 1040207
29 43 1040211
29 14 1040215
29 51 1040217
29 42 1040220
29 58 1040225
29 26 1040234
29 59 1040243
29 52 1040244
29 15 1040250
29 41 1040254
29 27 1040263
29 22 1040266
29 17 1040273
29 33 1040278
29 55 1040284
29 5 1040288
29 50 1040293
29 8 1040299
29 48 1040306
29 18 1040312
29 32 1040316
29 39 1040318
29 47 1040320
29 10 1040327
29 9 1040336
29 45 1040338
29 36 1040346
29 1 1040351
29 58 1040359
29 46 1040360
29 3 1040367
29 2 1040369
29 0 1040370
30 29 1040375
30 60 1040378
30 1 1040387
30 22 1040388
30 4 1040388
30 11 1040394
30 35 1040397
30 14 1040402
30 57 1040411
30 18 1040418
30 31 1040421
30 43 1040428
30 39 1040432
30 27 1040441
30 49 1040448
30 23 1040448
30 52 1040457
30 46 1040457
30 4 1040457
30 39 1040458
30 6 1040465
30 47 1040468
30 46 1040469
30 25 1040478
30 49 1040481
30 33 1040481
30 8 1040490
30 0 1040492
30 20 1040497
30 48 1040497
30 14 1040498
30 24 1040506
30 38 1040506
30 18 1040508
31 52 1040512
31 19 1040521
31 22 1040523
31 28 1040524
31 57 1040527
31 54 1040529
31 38 1040531
31 56 1040537
31 47 1040543
31 32 1040549
31 33 1040551
31 44 1040553
31 34 1040560
31 35 1040568
31 37 1040568
31 25 1040575
31 7 1040576
31 11 1040581
31 39 1040590
31 9 1040592
31 16 1040601
31 14 1040606
31 26 1040606
31 48 1040608
31 23 1040617
31 18 1040621
31 22 1040624
31 44 1040633
31 37 1040639
31 4 1040644
31 41 1040649
31 56 1040649
31 26 1040658
31 8 1040659
31 7 1040665
31 23 1040666
31 17 1040671
31 48 1040676
31 43 1040677
31 14 1040686
31 30 1040692
31 13 1040700
31 36 1040700
31 21 1040706
31 47 1040712
31 27 1040719
31 16 1040727
31 3 1040731
31 11 1040733
32 54 1040738
32 7 1040738
32 16 1040739
32 28 1040744
32 17 1040753
32 12 1040758
32 53 1040759
32 15 1040766
32 1 1040771
32 20 1040776
32 13 1040779
32 22 1040786
32 25 1040793
32 41 1040802
32 39 1040804
32 30 1040804
32 59 1040809
32 45 1040816
32 40 1040816
32 2 1040821
32 34 1040825
32 38 1040834
32 58 1040840
32 50 1040846
32 36 1040851
32 9 1040852
32 35 1040857
32 47 1040858
32 57 1040866
32 56 1040872
32 47 1040873
32 37 1040882
32 25 1040884
32 45 1040888
32 11 1040897
32 53 1040897
32 49 1040899
32 54 1040904
32 60 1040909
32 46 1040917
32 19 1040922
32 14 1040927
32 55 1040934
32 15 1040943
32 50 1040944
32 38 1040949
32 30 1040949
32 44 1040950
32 58 1040952
32 51 1040961
32 16 1040969
32 1 1040977
32 17 1040982
32 36 1040990
32 40 1040995
32 5 1041002
32 21 1041010
32 18 1041011
32 35 1041017
32 2 1041025
32 23 1041026
32 9 1041034
32 41 1041042
32 33 1041044
33 56 1041052
33 48 1041054
33 3 1041060
33 44 1041068
33 34 1041074
33 4 1041075
33 9 1041083
33 10 1041083
33 35 1041086
33 5 1041090
33 13 1041094
33 55 1041096
33 43 1041096
33 15 1041104
33 38 1041104
33 58 1041106
33 19 1041106
33 21 1041112
33 28 1041116
33 8 1041117
33 17 1041126
33 46 1041130
33 19 1041134
33 36 1041141
33 6 1041144
33 11 1041148
33 16 1041149
33 31 1041150
33 7 1041157
33 10 1041159
33 14 1041168
33 40 1041177
33 1 1041179
33 45 1041183
33 56 1041186
33 34 1041194
33 55 1041198
33 21 1041207
33 47 1041216
34 28 1041221
34 20 1041226
34 38 1041233
34 13 1041242
34 51 1041246
34 36 1041254
34 56 1041254
34 55 1041254
34 18 1041258
34 29 1041265
34 50 1041267
34 17 1041268
34 30 1041276
34 8 1041278
34 52 1041285
34 7 1041288
34 11 1041291
34 21 1041293
34 5 1041296
34 45 1041297
34 22 1041298
34 27 1041306
34 2 1041310
34 35 1041318
34 42 1041325
34 33 1041331
34 26 1041337
34 47 1041338
34 6 1041345
34 49 1041351
34 46 1041357
34 12 1041358
34 57 1041358
34 24 1041359
34 60 1041364
34 41 1041368
34 48 1041375
34 50 1041376
34 26 1041381
34 41 1041387
34 1 1041387
34 11 1041387
34 29 1041394
34 59 1041399
34 39 1041405
34 0 1041409
34 2 1041416
34 27 1041422
34 8 1041429
34 53 1041432
34 49 1041437
34 57 1041439
34 13 1041439
34 23 1041442
34 3 1041447
34 33 1041449
34 36 1041458
34 43 1041467
34 40 1041468
34 19 1041472
34 58 1041472
34 17 1041476
34 18 1041478
34 46 1041478
34 51 1041485
34 6 1041493
34 12 1041493
34 38 1041501
34 4 1041505
34 32 1041507
34 28 1041513
35 45 1041515
35 53 1041520
35 43 1041526
35 12 1041529
35 22 1041538
35 41 1041541
35 18 1041550
35 27 1041557
35 6 1041565
35 28 1041571
35 5 1041575
35 42 1041583
35 60 1041583
36 29 1041588
36 40 1041593
36 32 1041600
36 21 1041603
36 15 1041612
36 52 1041620
36 38 1041627
36 59 1041631
36 43 1041633
36 33 1041638
36 28 1041643
36 56 1041644
36 57 1041653
36 26 1041661
36 41 1041670
36 24 1041670
36 4 1041677
36 14 1041679
36 47 1041687
36 58 1041695
36 0 1041699
36 41 1041703
36 31 1041703
36 34 1041706
36 5 1041714
36 4 1041716
36 29 1041721
36 21 1041729
36 58 1041730
36 1 1041734
36 19 1041739
36 9 1041746
36 39 1041749
36 15 1041758
36 33 1041767
36 55 1041774
36 54 1041781
36 3 1041785
36 28 1041790
36 10 1041792
36 6 1041794
36 47 1041801
36 37 1041806
36 32 1041809
37 53 1041817
37 21 1041822
37 60 1041822
37 17 1041826
37 14 1041832
37 9 1041835
37 3 1041843
37 34 1041849
37 30 1041857
37 55 1041865
37 17 1041869
37 18 1041877
37 12 1041879
37 19 1041886
37 14 1041891
37 10 1041894
37 56 1041903
37 27 1041905
38 57 1041909
38 56 1041918
38 46 1041924
38 59 1041930
38 45 1041935
38 33 1041942
38 1 1041949
38 14 1041952
38 35 1041959
38 24 1041962
38 17 1041965
38 4 1041966
38 12 1041967
38 42 1041972
38 3 1041974
38 43 1041979
38 37 1041981
38 34 1041989
38 53 1041998
38 7 1042004
38 9 1042007
38 29 1042007
38 42 1042008
38 46 1042010
38 33 1042013
38 27 1042016
38 56 1042021
38 28 1042022
38 9 1042031
38 13 1042040
38 41 1042043
38 25 1042052
38 29 1042053
38 36 1042058
38 48 1042060
38 50 1042060
38 31 1042061
38 43 1042064
38 47 1042064
38 60 1042066
38 30 1042071
38 3 1042071
38 16 1042080
38 10 1042086
38 35 1042086
39 3 1042089
39 47 1042096
39 43 1042097
39 29 1042101
39 13 1042106
39 46 1042113
39 25 1042117
39 48 1042123
39 17 1042132
40 24 1042141
40 0 1042150
40 38 1042151
40 53 1042155
40 18 1042156
40 42 1042158
40 29 1042166
40 5 1042173
40 52 1042178
40 1 1042187
40 25 1042195
40 28 1042199
40 9 1042206
40 12 1042206
40 41 1042211
40 7 1042213
40 31 1042219
40 30 1042222
40 19 1042227
40 57 1042230
40 15 1042230
40 22 1042237
40 23 1042244
40 27 1042245
40 50 1042254
40 52 1042257
40 59 1042262
40 20 1042263
40 55 1042265
40 5 1042273
40 44 1042279
40 0 1042288
40 37 1042288
40 60 1042288
40 31 1042292
40 46 1042294
40 49 1042300
40 18 1042308
40 3 1042317
40 25 1042324
40 26 1042333
40 33 1042341
40 1 1042348
40 9 1042357
40 16 1042366
40 17 1042367
40 34 1042370
40 41 1042372
40 38 1042378
41 60 1042387
41 37 1042390
41 52 1042391
41 28 1042393
41 6 1042394
41 0 1042403
41 15 1042410
41 18 1042414
41 46 1042417
42 19 1042420
42 47 1042429
42 12 1042433
42 58 1042438
42 10 1042447
42 56 1042449
42 32 1042458
42 30 1042466
42 13 1042475
42 0 1042476
42 57 1042477
42 49 1042485
42 36 1042486
42 31 1042493
42 11 1042499
42 20 1042506
42 41 1042509
42 53 1042509
42 44 1042518
42 2 1042526
42 7 1042528
42 5 1042532
42 1 1042541
42 37 1042545
42 40 1042554
42 3 1042559
42 46 1042567
42 54 1042567
42 6 1042574
42 53 1042581
42 5 1042584
42 24 1042585
42 44 1042585
42 37 1042587
42 12 1042596
42 49 1042602
42 18 1042609
42 51 1042609
42 3 1042612
42 36 1042613
42 46 1042622
42 38 1042629
42 8 1042634
42 4 1042635
42 25 1042644
42 9 1042644
42 0 1042647
42 30 1042653
42 1 1042658
42 19 1042661
42 57 1042665
42 50 1042672
42 29 1042678
43 52 1042686
43 46 1042690
43 35 1042693
43 39 1042694
43 1 1042699
44 60 1042699
44 52 1042699
44 5 1042706
44 51 1042706
44 11 1042715
44 14 1042719
44 57 1042722
44 34 1042730
44 36 1042735
44 10 1042743
44 59 1042750
44 58 1042757
44 26 1042766
44 29 1042774
44 53 1042774
44 20 1042780
44 15 1042784
44 25 1042788
44 37 1042797
44 6 1042800
44 4 1042804
44 54 1042811
44 16 1042816
44 7 1042816
44 30 1042816
44 17 1042823
44 43 1042826
44 3 1042832
44 18 1042834
44 50 1042836
44 1 1042836
44 45 1042837
44 56 1042841
44 0 1042844
44 11 1042844
44 41 1042844
44 17 1042848
44 51 1042849
44 59 1042852
44 45 1042857
44 8 1042866
44 60 1042873
44 37 1042873
44 56 1042879
44 52 1042887
44 35 1042889
44 36 1042892
44 43 1042897
44 57 1042904
44 53 1042905
44 33 1042908
44 58 1042917
44 13 1042923
44 22 1042930
44 2 1042932
44 40 1042939
44 19 1042944
44 4 1042952
44 6 1042960
44 34 1042968
44 38 1042970
44 14 1042974
44 31 1042977
44 20 1042985
44 29 1042994
44 48 1043002
44 24 1043010
44 9 1043010
44 46 1043010
45 44 1043012
45 34 1043019
45 43 1043028
45 41 1043032
45 42 1043032
45 0 1043037
45 59 1043037
45 13 1043046
45 40 1043052
45 8 1043060
45 58 1043067
45 19 1043067
45 24 1043070
45 11 1043076
45 55 1043084
45 18 1043084
45 48 1043084
45 56 1043089
45 20 1043090
45 9 1043099
45 53 1043107
45 17 1043116
45 50 1043121
45 4 1043125
45 6 1043130
45 25 1043136
45 21 1043144
45 23 1043152
45 7 1043158
45 29 1043163
45 26 1043165
45 10 1043169
45 37 1043170
45 30 1043177
45 49 1043184
45 47 1043189
45 57 1043196
45 54 1043198
45 9 1043207
45 14 1043214
45 46 1043221
45 42 1043222
45 38 1043227
45 0 1043228
45 15 1043228
45 49 1043228
45 22 1043234
45 13 1043241
45 18 1043244
45 33 1043244
45 12 1043247
45 2 1043254
45 19 1043255
45 6 1043263
45 27 1043270
45 25 1043276
45 53 1043281
45 50 1043290
45 32 1043291
45 16 1043291
45 60 1043293
45 17 1043302
45 20 1043310
45 21 1043312
45 11 1043315
46 49 1043315
46 42 1043316
46 8 1043320
46 21 1043322
46 32 1043323
46 53 1043332
46 43 1043332
46 47 1043334
46 19 1043338
46 10 1043346
46 5 1043351
46 60 1043354
46 54 1043356
46 6 1043356
46 55 1043359
46 57 1043366
46 9 1043368
46 12 1043369
46 23 1043371
46 38 1043375
46 29 1043377
46 28 1043382
47 16 1043382
47 12 1043384
47 56 1043387
47 42 1043395
47 52 1043398
47 21 1043406
47 48 1043411
47 22 1043418
47 53 1043423
47 25 1043425
47 43 1043434
47 54 1043440
47 55 1043440
47 38 1043449
47 39 1043452
47 1 1043455
47 20 1043462
47 50 1043465
47 41 1043466
47 14 1043468
47 6 1043468
47 46 1043477
47 45 1043484
47 34 1043488
47 30 1043494
47 29 1043496
47 9 1043497
47 27 1043500
47 2 1043504
47 58 1043511
47 57 1043515
47 4 1043522
47 5 1043527
47 40 1043536
47 49 1043545
47 32 1043545
47 3 1043548
47 26 1043556
47 18 1043561
47 46 1043567
47 41 1043570
47 20 1043571
47 30 1043574
47 57 1043578
47 1 1043585
47 32 1043594
47 38 1043602
47 59 1043610
47 19 1043615
47 10 1043617
47 45 1043619
47 5 1043628
47 6 1043632
47 15 1043633
47 48 1043638
47 52 1043642
47 55 1043645
47 21 1043648
47 13 1043648
47 60 1043654
47 53 1043661
47 36 1043664
47 7 1043666
47 28 1043666
47 54 1043674
47 27 1043677
47 34 1043686
47 35 1043686
47 58 1043691
47 33 1043699
48 13 1043705
48 24 1043709
48 45 1043709
48 3 1043715
48 12 1043722
48 7 1043729
48 14 1043730
48 22 1043732
48 40 1043741
48 37 1043745
48 56 1043753
48 31 1043754
48 55 1043763
48 42 1043769
48 27 1043776
48 35 1043779
48 38 1043780
48 57 1043782
48 47 1043789
48 46 1043791
48 25 1043794
48 52 1043802
48 4 1043809
48 39 1043818
48 23 1043823
48 49 1043825
48 26 1043829
48 9 1043836
48 32 1043844
48 1 1043853
48 36 1043854
48 60 1043854
48 58 1043861
48 5 1043864
48 60 1043871
48 27 1043880
48 52 1043883
48 14 1043891
48 43 1043899
48 3 1043907
48 8 1043911
48 35 1043916
48 32 1043919
48 30 1043924
48 38 1043933
48 17 1043938
48 7 1043946
48 23 1043949
48 44 1043950
48 45 1043950
48 26 1043958
48 58 1043964
48 12 1043966
48 39 1043974
48 0 1043983
48 36 1043989
48 49 1043992
48 13 1044000
48 53 1044008
48 42 1044012
48 31 1044020
48 16 1044029
48 2 1044030
48 59 1044035
48 33 1044038
48 9 1044047
48 46 1044054
48 5 1044056
48 41 1044059
48 34 1044062
48 20 1044070
48 28 1044075
49 54 1044080
49 50 1044083
49 9 1044092
49 5 1044093
49 23 1044097
49 48 1044100
49 58 1044100
49 15 1044106
49 19 1044111
49 13 1044117
49 28 1044124
49 20 1044130
49 22 1044134
49 40 1044137
49 44 1044137
49 52 1044139
49 41 1044140
49 36 1044146
49 60 1044151
49 59 1044157
49 46 1044164
49 7 1044168
49 24 1044171
49 47 1044175
49 57 1044183
49 19 1044190
49 40 1044195
49 42 1044202
49 52 1044202
49 24 1044209
49 39 1044216
49 45 1044225
49 38 1044225
49 16 1044226
49 11 1044227
49 31 1044235
49 43 1044244
49 23 1044244
49 59 1044251
49 10 1044257
49 30 1044264
49 56 1044268
49 28 1044274
49 13 1044279
49 21 1044282
49 15 1044285
49 48 1044288
49 60 1044289
49 1 1044296
49 58 1044297
50 40 1044297
50 23 1044302
50 42 1044303
50 52 1044310
50 47 1044312
50 12 1044320
50 32 1044320
50 26 1044327
50 59 1044336
50 30 1044339
50 31 1044342
50 15 1044346
50 22 1044355
50 44 1044358
50 2 1044365
50 54 1044371
50 3 1044371
50 6 1044376
50 53 1044385
50 48 1044387
50 9 1044391
50 21 1044397
50 14 1044398
50 58 1044400
50 39 1044404
50 11 1044408
50 28 1044416
50 25 1044422
50 37 1044422
50 27 1044426
50 19 1044430
50 43 1044430
50 5 1044438
50 29 1044441
50 60 1044449
50 10 1044456
50 45 1044462
50 54 1044462
50 42 1044469
50 18 1044474
50 5 1044478
50 57 1044478
50 38 1044484
50 56 1044489
50 41 1044495
50 14 1044501
50 20 1044502
50 11 1044507
50 8 1044509
50 16 1044516
50 17 1044522
50 12 1044527
50 25 1044533
50 58 1044539
50 51 1044548
50 6 1044555
50 55 1044556
50 46 1044558
50 47 1044564
50 44 1044570
50 19 1044575
50 52 1044580
50 36 1044584
50 49 1044589
50 28 1044589
50 27 1044589
50 48 1044594
50 30 1044600
50 24 1044609
50 32 1044618
50 34 1044618
50 33 1044621
50 13 1044625
50 2 1044627
51 56 1044634
51 58 1044641
51 2 1044647
51 53 1044651
51 18 1044656
51 46 1044657
51 41 1044658
51 27 1044667
51 54 1044674
51 33 1044680
51 30 1044684
51 37 1044690
51 20 1044696
51 32 1044698
51 60 1044702
51 25 1044706
51 10 1044706
51 13 1044710
51 15 1044716
51 42 1044716
51 43 1044716
51 38 1044721
51 39 1044728
51 17 1044737
51 47 1044745
51 11 1044748
51 57 1044756
51 14 1044758
51 31 1044758
51 36 1044758
51 24 1044763
51 18 1044771
51 38 1044774
51 46 1044775
51 35 1044780
51 33 1044785
51 37 1044785
51 50 1044794
51 7 1044796
51 17 1044797
51 52 1044806
51 34 1044809
51 5 1044813
51 25 1044815
51 27 1044823
51 29 1044827
51 56 1044828
51 30 1044836
51 4 1044845
51 54 1044845
51 12 1044853
51 20 1044858
51 59 1044859
51 60 1044861
51 47 1044868
51 44 1044868
51 0 1044876
51 43 1044876
52 60 1044883
52 11 1044889
52 35 1044889
52 40 1044895
52 47 1044898
52 41 1044906
52 0 1044912
52 17 1044914
52 21 1044923
52 46 1044927
52 22 1044930
52 3 1044933
52 48 1044940
52 49 1044940
52 15 1044945
52 33 1044951
52 13 1044957
52 58 1044959
52 36 1044965
52 31 1044967
52 55 1044967
52 29 1044970
52 51 1044978
52 59 1044981
52 18 1044983
52 0 1044990
52 58 1044994
52 5 1045000
52 15 1045009
52 9 1045010
52 53 1045018
52 43 1045018
52 51 1045019
52 57 1045021
52 55 1045021
52 41 1045023
52 47 1045030
52 50 1045032
52 49 1045035
52 35 1045040
52 38 1045042
52 10 1045046
52 21 1045052
52 44 1045056
52 59 1045059
52 19 1045065
52 1 1045065
52 32 1045072
52 3 1045076
52 22 1045078
52 14 1045084
53 0 1045084
53 13 1045086
53 46 1045093
53 44 1045094
53 52 1045100
53 7 1045102
53 38 1045107
53 12 1045111
53 29 1045111
53 58 1045115
53 30 1045117
53 26 1045120
53 41 1045121
53 33 1045123
53 45 1045128
53 19 1045136
53 14 1045145
53 60 1045153
53 31 1045156
53 9 1045160
53 47 1045169
53 26 1045176
53 36 1045182
53 9 1045184
53 25 1045191
53 7 1045192
53 22 1045197
53 12 1045201
53 31 1045201
53 39 1045205
53 15 1045211
53 58 1045213
53 57 1045215
53 47 1045215
53 35 1045220
53 48 1045224
53 33 1045227
53 34 1045231
53 45 1045237
53 13 1045244
54 7 1045247
54 28 1045254
54 36 1045257
54 59 1045265
54 1 1045265
54 50 1045265
54 18 1045272
54 58 1045273
54 38 1045273
54 49 1045273
54 53 1045273
54 45 1045280
54 34 1045284
54 5 1045293
54 56 1045293
54 29 1045302
54 20 1045306
54 6 1045308
54 12 1045316
54 44 1045320
54 27 1045320
54 23 1045320
54 18 1045324
54 56 1045327
54 20 1045330
54 9 1045333
54 58 1045335
54 6 1045336
54 43 1045338
54 13 1045344
54 40 1045347
54 26 1045350
54 31 1045359
54 10 1045364
54 12 1045373
54 60 1045377
54 44 1045378
54 0 1045382
54 2 1045391
54 30 1045394
54 19 1045398
54 1 1045406
54 14 1045409
55 38 1045412
55 60 1045413
55 7 1045420
55 25 1045420
55 49 1045424
55 56 1045432
55 47 1045440
55 16 1045444
55 18 1045446
55 48 1045452
55 28 1045457
55 34 1045465
55 5 1045471
55 39 1045479
55 27 1045480
55 58 1045486
55 32 1045486
55 1 1045489
55 33 1045490
55 8 1045490
55 36 1045499
55 42 1045501
55 9 1045510
55 10 1045519
55 37 1045519
55 54 1045522
55 22 1045525
55 40 1045532
55 15 1045537
55 17 1045541
55 3 1045547
55 31 1045548
55 54 1045550
55 32 1045556
55 4 1045559
55 43 1045564
55 25 1045565
55 6 1045567
55 51 1045574
55 5 1045578
55 56 1045579
55 2 1045587
55 13 1045590
55 16 1045592
55 8 1045596
55 17 1045601
55 18 1045607
55 26 1045614
55 19 1045623
55 27 1045623
55 52 1045624
55 10 1045632
55 24 1045636
55 58 1045636
55 60 1045636
55 29 1045637
55 14 1045643
55 21 1045650
55 46 1045652
55 40 1045652
55 0 1045660
55 22 1045668
55 31 1045674
55 41 1045680
55 7 1045683
55 15 1045691
55 38 1045693
56 31 1045701
56 17 1045701
56 29 1045706
56 58 1045706
56 7 1045708
56 33 1045717
56 57 1045724
56 47 1045730
56 22 1045732
56 54 1045739
56 41 1045741
56 1 1045743
56 59 1045749
56 50 1045756
56 15 1045758
56 19 1045765
56 45 1045766
56 18 1045771
56 52 1045777
56 53 1045778
56 28 1045782
56 43 1045790
56 16 1045792
56 51 1045798
56 24 1045799
56 23 1045802
56 12 1045808
56 13 1045809
56 10 1045809
56 55 1045814
56 26 1045818
56 42 1045826
56 34 1045831
56 53 1045838
56 50 1045847
56 21 1045847
56 33 1045855
56 6 1045861
56 4 1045867
56 57 1045876
56 5 1045882
56 17 1045885
56 59 1045885
56 22 1045893
56 60 1045893
56 40 1045897
56 52 1045899
56 42 1045904
56 47 1045904
56 7 1045908
56 43 1045911
56 3 1045917
56 37 1045926
56 38 1045933
56 27 1045941
56 19 1045941
56 20 1045942
56 0 1045944
56 45 1045945
56 28 1045949
56 24 1045950
56 29 1045952
56 46 1045956
56 32 1045965
56 16 1045970
56 31 1045970
56 12 1045975
56 14 1045978
56 34 1045984
56 8 1045989
57 42 1045991
57 46 1045991
57 3 1045996
57 33 1046002
57 34 1046003
57 54 1046004
57 36 1046013
57 12 1046017
57 11 1046024
57 20 1046027
57 23 1046031
57 28 1046033
57 14 1046036
57 45 1046043
57 27 1046045
58 6 1046049
58 32 1046055
58 2 1046063
58 17 1046071
58 10 1046072
58 43 1046076
58 23 1046080
58 57 1046085
58 42 1046091
58 16 1046091
58 9 1046100
58 30 1046101
58 34 1046109
58 40 1046114
58 31 1046121
58 8 1046128
58 7 1046133
58 46 1046139
58 56 1046148
58 4 1046154
58 49 1046158
58 13 1046167
58 29 1046168
58 52 1046169
58 17 1046170
58 30 1046176
58 10 1046180
58 53 1046184
58 45 1046186
58 41 1046188
58 6 1046197
58 46 1046203
58 2 1046204
58 49 1046211
58 8 1046213
58 23 1046221
58 22 1046225
58 55 1046233
58 43 1046242
58 16 1046248
58 26 1046256
58 35 1046257
58 27 1046262
58 39 1046266
58 25 1046275
58 33 1046284
58 47 1046292
58 15 1046299
59 46 1046300
59 48 1046306
59 24 1046314
59 22 1046315
59 60 1046316
59 39 1046324
59 16 1046327
59 25 1046336
59 52 1046345
59 40 1046346
59 12 1046354
59 0 1046362
59 6 1046368
59 8 1046374
59 38 1046381
59 49 1046385
59 4 1046394
59 5 1046394
59 57 1046398
59 34 1046400
59 38 1046406
59 14 1046415
59 52 1046419
59 43 1046420
59 58 1046422
59 9 1046424
59 15 1046425
59 23 1046428
59 50 1046437
59 2 1046442
59 22 1046443
59 34 1046449
59 21 1046457
59 17 1046461
59 35 1046470
59 47 1046474
59 40 1046482
59 41 1046487
59 31 1046495
59 8 1046502
59 24 1046506
59 56 1046510
60 29 1046511
60 27 1046517
60 1 1046519
60 24 1046519
60 39 1046527
60 26 1046535
60 20 1046536
60 11 1046539
60 55 1046542
60 54 1046550
60 6 1046557
60 52 1046565
60 28 1046571
60 22 1046579
60 16 1046584
60 15 1046589
60 37 1046589
60 8 1046592
60 30 1046597
60 44 1046603
60 54 1046608
60 5 1046612
60 52 1046618
60 12 1046620
60 14 1046623
60 48 1046626
60 18 1046635
60 13 1046638
