65
false
0 40 1243107
0 28 1243111
0 49 1243115
0 12 1243119
0 37 1243119
0 3 1243123
0 60 1243128
0 9 1243129
0 52 1243133
0 25 1243138
0 55 1243146
0 23 1243146
0 21 1243149
0 50 1243155
0 8 1243155
0 19 1243159
0 6 1243159
0 17 1243159
0 48 1243161
0 51 1243163
0 46 1243165
0 31 1243167
0 14 1243171
0 53 1243180
0 32 1243186
0 41 1243189
0 31 1243192
0 45 1243192
0 5 1243192
0 54 1243192
0 40 1243198
0 36 1243202
0 33 1243211
0 56 1243215
0 63 1243222
0 39 1243229
0 24 1243229
0 35 1243234
0 30 1243243
0 8 1243248
0 64 1243255
0 10 1243257
0 12 1243264
0 26 1243273
0 38 1243277
0 57 1243278
0 9 1243279
0 48 1243279
0 47 1243283
0 28 1243286
1 55 1243294
1 7 1243303
1 18 1243306
1 6 1243306
1 45 1243311
1 35 1243315
1 21 1243315
1 51 1243319
1 29 1243325
1 52 1243332
1 5 1243337
1 48 1243337
1 50 1243339
1 64 1243347
1 56 1243350
1 54 1243353
1 37 1243354
1 47 1243361
1 4 1243361
1 25 1243363
1 12 1243363
1 63 1243367
1 49 1243375
1 41 1243380
1 17 1243384
1 62 1243388
1 42 1243393
1 31 1243401
1 0 1243403
1 27 1243407
1 60 1243409
1 46 1243414
1 60 1243421
1 46 1243425
1 29 1243430
1 8 1243432
1 12 1243436
1 64 1243443
1 23 1243449
1 62 1243453
1 19 1243460
1 48 1243464
1 20 1243470
1 41 1243477
1 49 1243482
1 6 1243483
1 56 1243492
1 55 1243496
1 15 1243504
1 30 1243506
1 40 1243513
1 45 1243521
1 35 1243526
1 25 1243530
1 18 1243536
1 16 1243543
1 7 1243551
2 29 1243560
2 26 1243560
2 17 1243567
2 12 1243569
2 45 1243570
2 22 1243578
2 32 1243587
2 40 1243589
2 1 1243598
2 51 1243601
2 7 1243602
2 23 1243610
2 15 1243615
2 46 1243617
2 61 1243617
2 43 1243620
2 19 1243622
2 55 1243623
2 27 1243629
2 28 1243629
2 3 1243634
2 6 1243638
2 49 1243642
2 56 1243649
2 16 1243649
2 50 1243650
2 47 1243653
2 24 1243658
2 52 1243666
2 18 1243672
2 36 1243673
2 44 1243673
2 13 1243678
2 5 1243682
2 63 1243686
2 34 1243693
2 57 1243700
2 46 1243706
2 30 1243708
2 54 1243709
2 39 1243714
2 50 1243718
2 63 1243724
2 19 1243725
2 11 1243729
2 48 1243738
2 23 1243740
2 9 1243740
2 43 1243749
2 42 1243756
2 56 1243765
2 61 1243773
2 41 1243780
2 14 1243786
2 10 1243789
2 51 1243789
2 27 1243789
2 59 1243792
2 7 1243799
2 5 1243800
2 55 1243806
2 44 1243811
2 31 1243820
2 28 1243828
2 40 1243837
2 58 1243840
2 26 1243849
2 15 1243849
2 29 1243849
2 62 1243853
2 20 1243856
2 4 1243859
2 13 1243860
2 1 1243861
2 3 1243862
2 6 1243864
2 21 1243871
2 25 1243879
2 35 1243883
3 42 1243892
3 12 1243895
3 44 1243901
3 2 1243909
3 63 1243910
3 62 1243918
3 6 1243923
3 55 1243932
3 8 1243940
3 52 1243949
3 30 1243953
3 13 1243957
3 17 1243964
3 14 1243972
3 7 1243976
3 58 1243982
4 6 1243991
4 0 1243995
4 49 1244000
4 47 1244000
4 57 1244007
4 48 1244011
4 27 1244018
4 9 1244024
4 22 1244029
4 28 1244035
4 17 1244041
4 2 1244043
4 14 1244052
4 38 1244054
4 60 1244057
4 15 1244064
4 64 1244070
4 55 1244073
4 3 1244077
4 21 1244083
4 50 1244091
4 20 1244095
4 46 1244104
4 12 1244108
4 63 1244113
4 27 1244117
4 43 1244118
4 48 1244127
4 36 1244129
4 52 1244135
4 8 1244141
4 7 1244143
4 19 1244144
4 62 1244145
4 58 1244147
4 55 1244156
5 2 1244159
5 50 1244168
5 17 1244177
5 24 1244182
5 4 1244191
5 51 1244194
5 3 1244197
5 6 1244201
5 47 1244207
5 28 1244215
5 9 1244217
5 21 1244219
5 20 1244220
5 60 1244224
5 8 1244233
5 55 1244238
5 43 1244242
5 16 1244250
5 25 1244255
5 19 1244261
5 29 1244268
5 58 1244269
5 23 1244269
5 52 1244274
5 26 1244279
5 62 1244287
5 31 1244295
5 32 1244304
5 34 1244305
5 13 1244309
5 63 1244313
5 37 1244322
5 53 1244327
5 11 1244334
5 61 1244335
5 64 1244342
5 15 1244347
5 32 1244353
5 59 1244359
5 6 1244363
5 25 1244367
5 19 1244371
5 49 1244374
5 27 1244380
5 48 1244381
5 55 1244389
5 53 1244398
5 56 1244406
5 47 1244415
5 44 1244423
5 2 1244425
5 36 1244433
5 50 1244441
5 51 1244442
5 37 1244443
5 10 1244445
5 64 1244449
5 28 1244454
5 42 1244459
5 23 1244464
5 39 1244467
5 57 1244469
5 20 1244476
5 8 1244480
5 63 1244486
5 14 1244491
5 26 1244494
5 16 1244494
5 62 1244496
5 12 1244500
5 35 1244509
5 0 1244517
6 39 1244518
6 20 1244518
6 26 1244519
6 27 1244526
6 44 1244531
6 54 1244537
6 5 1244539
6 24 1244539
6 31 1244548
6 32 1244554
6 10 1244556
6 4 1244563
6 41 1244570
6 58 1244575
6 12 1244578
6 11 1244587
6 64 1244594
6 50 1244595
6 14 1244599
6 56 1244599
6 25 1244603
6 47 1244605
6 16 1244613
6 55 1244617
6 49 1244623
6 36 1244632
6 48 1244632
6 59 1244641
6 35 1244642
6 13 1244644
6 42 1244645
6 61 1244650
6 62 1244659
6 57 1244660
6 60 1244668
6 15 1244672
6 63 1244676
6 1 1244678
6 43 1244684
6 19 1244693
6 23 1244698
6 64 1244702
6 61 1244706
6 16 1244708
6 63 1244712
6 39 1244713
6 54 1244720
6 28 1244722
6 0 1244730
6 48 1244731
6 12 1244736
6 56 1244739
6 33 1244741
6 47 1244748
6 19 1244753
6 42 1244761
6 27 1244767
6 24 1244772
6 20 1244779
6 60 1244779
6 51 1244788
6 26 1244797
6 11 1244801
6 2 1244806
6 14 1244811
6 17 1244813
6 59 1244814
6 15 1244821
6 4 1244821
6 34 1244823
6 3 1244826
6 50 1244830
6 49 1244837
6 5 1244845
6 32 1244848
6 23 1244854
6 18 1244860
6 43 1244867
6 57 1244870
6 40 1244870
6 13 1244878
6 30 1244879
7 16 1244887
7 25 1244895
7 33 1244901
7 59 1244902
7 47 1244907
7 42 1244908
7 0 1244909
7 30 1244911
7 10 1244920
7 26 1244923
7 43 1244926
7 35 1244929
7 46 1244930
7 24 1244939
7 19 1244941
7 51 1244945
7 57 1244949
7 62 1244953
7 40 1244961
7 36 1244966
7 27 1244974
7 37 1244982
7 44 1244985
7 13 1244987
7 6 1244990
7 38 1244997
7 52 1245004
7 28 1245011
7 60 1245017
7 41 1245024
7 40 1245026
7 60 1245034
7 4 1245040
7 2 1245049
7 57 1245056
7 27 1245064
7 42 1245071
7 20 1245073
7 48 1245078
7 51 1245086
7 37 1245091
7 12 1245100
7 9 1245107
7 30 1245109
7 28 1245118
7 23 1245126
7 1 1245131
7 35 1245136
7 47 1245145
7 33 1245149
7 53 1245158
7 25 1245166
7 45 1245173
7 26 1245176
7 49 1245177
7 38 1245185
7 36 1245190
7 50 1245192
7 10 1245192
7 34 1245197
8 2 1245198
8 61 1245203
8 60 1245207
8 30 1245214
8 4 1245216
8 32 1245221
8 5 1245226
8 31 1245232
8 36 1245232
8 16 1245236
8 7 1245242
8 22 1245244
8 11 1245250
8 25 1245256
8 50 1245263
8 45 1245267
8 24 1245273
8 54 1245278
8 12 1245281
8 34 1245285
8 40 1245290
8 28 1245297
8 58 1245305
8 35 1245312
8 43 1245313
8 1 1245315
8 7 1245322
8 19 1245327
8 27 1245328
8 61 1245335
8 20 1245340
8 11 1245342
8 46 1245344
9 21 1245353
9 59 1245353
9 52 1245360
9 11 1245361
9 7 1245368
9 32 1245368
9 17 1245377
9 19 1245379
9 58 1245382
9 20 1245388
9 22 1245390
9 13 1245399
9 54 1245408
9 26 1245414
9 0 1245419
9 28 1245423
9 49 1245427
9 46 1245430
9 12 1245431
9 24 1245432
9 23 1245440
9 10 1245442
9 36 1245447
9 42 1245455
9 61 1245464
9 17 1245469
9 52 1245477
9 42 1245484
9 35 1245487
9 49 1245488
9 14 1245490
9 37 1245491
9 47 1245491
9 57 1245494
9 18 1245495
9 39 1245502
9 44 1245507
9 2 1245510
9 41 1245515
9 50 1245520
9 54 1245520
9 4 1245528
9 3 1245535
9 27 1245536
9 26 1245541
9 63 1245550
9 58 1245552
9 5 1245555
9 25 1245561
9 11 1245570
9 28 1245578
10 6 1245582
10 4 1245582
10 31 1245583
10 22 1245585
10 21 1245587
10 1 1245588
10 39 1245591
10 53 1245599
10 25 1245602
10 64 1245611
10 49 1245614
10 12 1245621
10 13 1245629
10 47 1245637
10 63 1245638
10 29 1245643
10 27 1245651
10 18 1245660
10 3 1245665
10 52 1245668
10 58 1245668
10 46 1245672
10 19 1245674
10 48 1245675
10 32 1245681
10 42 1245687
10 50 1245690
10 2 1245692
10 8 1245701
10 8 1245703
10 32 1245712
10 23 1245713
10 53 1245719
10 36 1245720
10 19 1245721
10 58 1245729
10 25 1245731
10 37 1245734
10 46 1245738
10 7 1245746
10 49 1245754
10 60 1245758
10 57 1245760
10 39 1245766
10 47 1245774
10 26 1245776
10 28 1245783
10 0 1245788
10 45 1245796
10 11 1245802
10 38 1245808
10 51 1245817
10 34 1245822
10 56 1245826
10 44 1245827
10 52 1245831
10 61 1245838
10 1 1245841
11 17 1245847
11 21 1245854
11 27 1245862
11 8 1245862
11 51 1245871
11 53 1245878
11 33 1245880
11 38 1245881
11 3 1245890
11 7 1245893
11 30 1245895
11 32 1245899
11 43 1245908
11 46 1245912
11 23 1245914
11 40 1245923
11 0 1245931
11 31 1245938
11 49 1245939
11 28 1245947
11 37 1245950
11 59 1245956
11 0 1245965
11 1 1245969
11 57 1245971
11 39 1245978
11 58 1245983
11 33 1245988
11 55 1245994
11 27 1245994
11 44 1245999
11 10 1246000
11 48 1246007
11 56 1246015
11 19 1246017
11 16 1246020
11 41 1246023
11 24 1246030
11 32 1246039
11 25 1246048
11 20 1246054
11 9 1246054
11 17 1246061
11 61 1246065
11 3 1246065
12 63 1246071
12 61 1246079
12 20 1246079
12 1 1246080
12 58 1246089
12 62 1246090
12 53 1246096
12 57 1246104
12 23 1246112
12 0 1246113
12 7 1246113
12 17 1246116
12 40 1246125
12 43 1246133
12 22 1246133
12 56 1246135
12 2 1246142
12 8 1246142
12 29 1246150
12 38 1246159
12 54 1246167
12 17 1246174
12 58 1246176
12 52 1246184
12 21 1246192
12 27 1246193
12 33 1246199
12 16 1246206
12 10 1246212
12 18 1246214
12 1 1246216
13 30 1246217
13 14 1246217
13 10 1246218
13 44 1246227
13 55 1246236
13 9 1246243
13 33 1246243
13 50 1246250
13 23 1246254
13 8 1246260
13 0 1246265
13 20 1246265
13 39 1246269
13 24 1246272
13 56 1246280
13 35 1246289
13 17 1246290
13 60 1246293
13 22 1246294
13 61 1246299
13 58 1246300
13 2 1246308
13 4 1246315
13 21 1246320
13 41 1246321
13 6 1246323
13 28 1246331
13 29 1246332
13 51 1246333
13 37 1246338
13 57 1246347
13 20 1246355
13 12 1246363
13 29 1246369
13 58 1246378
13 62 1246379
13 22 1246385
13 64 1246394
13 60 1246403
13 53 1246411
13 0 1246415
13 14 1246424
13 7 1246424
13 24 1246426
13 46 1246429
13 44 1246432
13 8 1246441
13 63 1246443
13 28 1246451
13 9 1246454
13 51 1246457
13 39 1246462
13 36 1246468
13 48 1246470
13 4 1246471
13 38 1246478
13 31 1246487
13 6 1246490
13 43 1246496
13 54 1246497
14 22 1246497
14 49 1246504
14 39 1246507
14 2 1246513
14 32 1246517
14 37 1246519
14 23 1246521
14 6 1246525
14 7 1246529
14 3 1246537
14 12 1246538
14 36 1246538
14 30 1246539
14 4 1246544
14 33 1246553
14 54 1246556
14 1 1246564
14 8 1246565
14 44 1246574
14 53 1246580
14 15 1246587
14 31 1246592
14 11 1246593
14 38 1246594
14 47 1246597
14 43 1246604
14 28 1246608
14 17 1246617
14 9 1246624
14 13 1246626
14 58 1246629
14 50 1246637
14 0 1246644
14 48 1246653
14 51 1246653
14 35 1246658
14 59 1246667
14 11 1246672
14 27 1246677
14 20 1246679
14 63 1246679
14 6 1246687
14 7 1246695
14 13 1246697
14 53 1246704
14 8 1246711
14 35 1246714
14 45 1246719
14 26 1246719
14 29 1246719
14 10 1246727
14 24 1246728
14 0 1246736
14 12 1246738
14 21 1246743
14 16 1246744
14 58 1246749
14 62 1246750
14 59 1246754
14 17 1246755
14 39 1246762
14 2 1246762
14 19 1246766
14 54 1246768
14 36 1246777
14 61 1246786
14 9 1246792
14 30 1246795
14 42 1246802
14 5 1246806
14 47 1246812
14 51 1246820
14 1 1246821
14 40 1246827
14 48 1246836
14 18 1246845
14 56 1246850
15 45 1246850
15 22 1246853
15 26 1246862
15 57 1246869
15 16 1246871
15 39 1246880
15 2 1246882
15 38 1246890
16 31 1246894
16 57 1246899
16 49 1246905
16 8 1246908
16 27 1246908
16 26 1246914
16 7 1246922
17 27 1246927
17 24 1246933
17 62 1246940
17 8 1246945
17 16 1246952
17 48 1246957
17 46 1246964
17 10 1246970
17 43 1246974
17 23 1246976
17 19 1246983
17 9 1246984
17 40 1246989
17 55 1246993
17 30 1246995
17 11 1247002
17 38 1247007
17 34 1247013
17 25 1247019
17 42 1247020
17 31 1247026
17 35 1247033
17 5 1247039
17 59 1247045
17 3 1247052
17 7 1247053
17 53 1247059
17 41 1247065
17 14 1247066
17 26 1247068
17 2 1247071
17 29 1247077
17 47 1247077
17 57 1247080
17 4 1247082
17 14 1247090
17 55 1247093
17 4 1247095
17 33 1247095
17 5 1247103
17 19 1247112
17 34 1247114
17 62 1247118
17 46 1247118
17 64 1247123
17 56 1247127
17 41 1247134
17 11 1247135
17 6 1247137
17 16 1247140
17 63 1247149
17 1 1247150
17 51 1247155
17 60 1247158
17 0 1247166
17 28 1247167
17 40 1247172
17 43 1247181
17 53 1247182
17 10 1247186
17 12 1247186
17 45 1247186
17 9 1247193
17 2 1247193
17 39 1247198
17 24 1247205
17 25 1247206
17 52 1247206
17 22 1247209
17 26 1247213
17 49 1247222
17 21 1247227
17 20 1247232
17 8 1247237
17 23 1247243
18 9 1247251
18 25 1247252
18 11 1247257
18 56 1247264
18 51 1247266
18 62 1247270
18 46 1247279
18 41 1247283
18 61 1247292
18 57 1247301
18 21 1247306
18 36 1247311
18 34 1247311
18 10 1247311
18 43 1247312
18 58 1247318
18 55 1247320
18 31 1247321
18 26 1247324
18 45 1247332
18 39 1247333
18 12 1247338
18 15 1247343
18 14 1247349
18 64 1247349
18 48 1247350
18 19 1247357
18 28 1247364
18 60 1247368
18 52 1247376
18 33 1247385
18 3 1247388
18 17 1247391
18 42 1247398
18 58 1247402
18 39 1247411
18 21 1247420
18 25 1247426
18 40 1247433
18 4 1247433
18 53 1247441
18 49 1247446
18 41 1247446
18 10 1247454
18 43 1247463
18 64 1247470
18 62 1247474
18 56 1247481
18 23 1247487
18 0 1247492
18 9 1247501
18 5 1247506
18 16 1247510
18 2 1247510
18 1 1247511
18 26 1247513
18 63 1247521
18 8 1247522
18 34 1247524
18 15 1247528
18 6 1247529
18 32 1247536
19 30 1247545
19 8 1247547
19 29 1247551
19 47 1247557
19 38 1247566
19 9 1247572
19 26 1247574
19 42 1247580
19 50 1247586
19 43 1247591
19 45 1247598
19 6 1247600
19 41 1247607
19 7 1247615
19 36 1247615
19 48 1247617
19 2 1247619
19 24 1247619
19 34 1247628
19 37 1247631
19 31 1247634
19 28 1247638
19 54 1247641
19 27 1247642
19 21 1247642
19 12 1247646
19 34 1247655
19 8 1247662
19 37 1247670
19 11 1247679
19 62 1247682
19 38 1247684
19 10 1247691
19 58 1247695
19 36 1247697
19 29 1247701
19 14 1247704
19 41 1247710
19 0 1247717
19 23 1247724
19 61 1247733
19 32 1247739
19 1 1247740
19 64 1247747
19 20 1247755
19 35 1247758
19 46 1247760
19 13 1247762
19 63 1247763
19 17 1247771
19 52 1247777
19 48 1247783
19 7 1247785
19 6 1247785
20 4 1247787
20 0 1247790
20 18 1247791
20 14 1247799
20 26 1247807
20 3 1247812
20 33 1247818
20 62 1247822
20 34 1247828
20 35 1247834
20 23 1247838
20 11 1247839
20 8 1247842
20 31 1247847
20 38 1247855
20 25 1247861
20 1 1247868
20 60 1247874
20 40 1247879
20 51 1247880
20 15 1247880
20 13 1247888
20 50 1247889
20 52 1247893
20 32 1247899
20 5 1247900
20 27 1247905
20 42 1247907
20 57 1247912
20 13 1247913
20 33 1247918
20 22 1247927
20 25 1247936
20 36 1247939
20 56 1247947
20 53 1247948
20 16 1247948
20 47 1247957
20 37 1247963
20 14 1247966
20 1 1247969
20 62 1247972
20 60 1247981
20 24 1247990
20 61 1247996
20 38 1247998
20 18 1248002
20 46 1248009
20 17 1248011
20 45 1248013
21 41 1248017
21 28 1248018
21 44 1248027
21 11 1248035
21 62 1248043
21 54 1248052
21 35 1248052
21 13 1248060
21 27 1248063
21 16 1248068
21 18 1248069
21 29 1248078
21 0 1248081
21 53 1248087
21 43 1248089
21 15 1248098
21 38 1248106
21 12 1248115
21 9 1248123
21 64 1248126
21 31 1248134
21 32 1248138
21 6 1248141
21 37 1248141
21 55 1248146
21 2 1248151
21 52 1248152
21 8 1248152
21 48 1248152
21 52 1248154
21 3 1248158
21 43 1248165
21 25 1248168
21 20 1248171
21 33 1248176
21 62 1248180
21 40 1248182
21 9 1248188
21 27 1248190
21 18 1248194
21 51 1248194
21 19 1248197
21 6 1248206
21 57 1248206
21 58 1248207
21 59 1248211
21 8 1248212
21 37 1248212
21 15 1248215
21 14 1248222
21 49 1248228
21 39 1248237
21 7 1248242
21 56 1248248
21 0 1248253
22 57 1248259
22 1 1248264
22 41 1248267
22 4 1248271
22 19 1248280
22 17 1248281
22 52 1248285
23 36 1248287
23 39 1248292
23 57 1248301
23 29 1248306
23 31 1248306
23 26 1248315
23 20 1248324
23 42 1248333
23 2 1248337
23 24 1248341
23 44 1248347
23 30 1248350
23 12 1248357
23 35 1248358
23 37 1248364
23 64 1248364
23 21 1248366
23 9 1248371
23 59 1248379
23 5 1248381
23 14 1248384
23 56 1248388
23 4 1248393
23 16 1248400
23 17 1248406
23 40 1248408
23 52 1248417
23 62 1248423
23 18 1248423
23 43 1248431
23 11 1248433
23 1 1248433
23 45 1248436
23 6 1248440
23 63 1248449
23 49 1248453
23 25 1248461
23 39 1248465
23 2 1248466
23 53 1248471
23 55 1248474
23 13 1248479
23 60 1248482
23 6 1248491
23 12 1248493
23 20 1248501
23 1 1248501
23 48 1248503
23 8 1248510
23 26 1248512
23 41 1248519
23 3 1248525
23 43 1248533
23 61 1248541
23 57 1248548
23 27 1248553
23 62 1248560
23 0 1248560
23 5 1248560
23 59 1248563
23 37 1248564
23 4 1248565
23 32 1248574
23 21 1248581
23 54 1248581
23 18 1248588
23 36 1248594
23 63 1248595
23 14 1248600
24 22 1248605
24 56 1248610
24 52 1248614
24 38 1248620
24 7 1248625
24 28 1248629
24 17 1248636
24 5 1248642
24 33 1248648
24 14 1248657
24 35 1248661
24 46 1248661
24 11 1248663
24 10 1248671
24 19 1248673
24 2 1248675
24 32 1248681
24 50 1248686
24 40 1248694
24 48 1248702
24 37 1248709
24 34 1248713
24 58 1248716
24 55 1248724
24 9 1248728
24 45 1248737
24 25 1248740
24 47 1248746
24 62 1248747
24 6 1248749
24 4 1248750
24 12 1248751
24 20 1248754
24 13 1248755
24 60 1248757
24 57 1248762
24 36 1248768
24 51 1248776
24 59 1248776
24 42 1248776
24 59 1248784
24 47 1248786
24 38 1248792
24 43 1248795
24 6 1248804
24 17 1248804
24 56 1248813
24 12 1248817
24 4 1248826
24 20 1248832
24 5 1248837
24 53 1248846
24 50 1248851
24 41 1248856
24 42 1248862
24 14 1248868
24 11 1248870
24 23 1248871
24 37 1248880
24 51 1248883
24 49 1248885
24 3 1248885
24 28 1248894
24 0 1248897
24 8 1248898
24 64 1248905
24 58 1248905
24 57 1248907
24 21 1248914
24 63 1248919
24 40 1248928
24 26 1248929
24 31 1248929
24 16 1248935
24 39 1248944
24 15 1248953
24 36 1248953
24 32 1248956
25 11 1248965
25 7 1248973
25 24 1248982
25 57 1248983
25 14 1248990
25 43 1248992
25 4 1249001
25 51 1249007
25 3 1249010
26 42 1249014
26 29 1249015
26 15 1249022
26 1 1249027
26 39 1249029
26 18 1249029
26 21 1249036
26 44 1249036
26 19 1249037
26 35 1249037
26 63 1249045
26 36 1249052
26 54 1249054
26 50 1249063
26 59 1249068
26 9 1249076
26 13 1249079
26 41 1249082
26 7 1249085
26 37 1249087
26 6 1249091
26 20 1249095
26 58 1249102
26 33 1249103
26 51 1249105
26 28 1249114
26 55 1249114
26 6 1249119
26 53 1249126
26 25 1249133
26 37 1249137
26 24 1249143
26 0 1249145
26 63 1249148
26 64 1249148
26 16 1249154
26 3 1249163
26 29 1249169
26 1 1249176
26 2 1249177
26 52 1249178
26 11 1249182
26 33 1249190
26 49 1249196
26 18 1249196
26 44 1249204
26 14 1249205
26 34 1249213
26 56 1249213
26 9 1249220
26 40 1249225
26 58 1249231
26 22 1249237
26 57 1249245
26 12 1249254
27 0 1249258
27 57 1249264
27 17 1249272
27 14 1249281
27 59 1249288
27 32 1249295
27 38 1249296
27 48 1249305
27 24 1249308
27 49 1249312
27 34 1249318
27 25 1249327
27 9 1249329
27 41 1249334
27 3 1249337
27 52 1249339
27 26 1249339
27 35 1249340
27 46 1249344
27 5 1249349
27 11 1249353
27 49 1249355
27 60 1249363
27 50 1249372
27 22 1249379
27 54 1249385
27 63 1249394
27 29 1249402
27 62 1249410
27 23 1249412
27 10 1249416
28 47 1249423
28 0 1249427
28 33 1249430
28 27 1249434
28 2 1249443
28 9 1249443
28 10 1249451
28 39 1249455
28 40 1249463
28 20 1249463
28 22 1249467
28 38 1249468
28 36 1249474
28 49 1249475
28 41 1249481
28 58 1249490
28 62 1249490
28 42 1249496
28 34 1249499
28 13 1249505
28 43 1249507
28 15 1249507
28 17 1249509
28 60 1249511
28 22 1249519
28 63 1249522
28 7 1249524
28 57 1249525
28 24 1249528
28 39 1249537
28 19 1249545
29 7 1249548
29 37 1249553
29 17 1249557
29 6 1249566
29 27 1249572
29 11 1249578
29 12 1249579
29 44 1249588
29 14 1249590
29 9 1249590
29 63 1249599
29 0 1249606
29 60 1249610
29 26 1249614
29 31 1249621
29 23 1249625
29 56 1249628
29 47 1249629
29 20 1249633
29 64 1249640
29 8 1249646
29 38 1249648
29 35 1249650
29 13 1249652
29 34 1249659
29 30 1249662
29 46 1249663
29 4 1249668
29 58 1249672
29 41 1249678
29 52 1249686
29 54 1249693
29 62 1249698
29 1 1249705
29 16 1249714
29 53 1249720
29 18 1249721
29 50 1249727
29 5 1249734
29 46 1249735
29 20 1249739
29 54 1249744
29 11 1249751
29 5 1249756
29 24 1249765
29 12 1249766
29 8 1249775
29 17 1249779
29 63 1249788
29 14 1249794
29 2 1249801
29 27 1249805
29 35 1249809
29 42 1249811
29 41 1249811
29 1 1249812
29 49 1249817
29 62 1249822
29 19 1249822
29 61 1249827
29 45 1249830
29 9 1249837
29 60 1249839
29 36 1249840
29 44 1249840
29 57 1249841
29 34 1249845
29 13 1249846
29 47 1249853
29 26 1249853
29 22 1249860
29 21 1249864
29 43 1249864
29 0 1249864
29 15 1249873
29 51 1249881
29 32 1249889
29 59 1249893
29 25 1249894
29 39 1249898
29 40 1249906
30 59 1249908
30 0 1249914
30 10 1249918
30 37 1249919
30 54 1249924
30 11 1249928
30 62 1249930
30 18 1249930
30 16 1249935
30 38 1249941
30 34 1249945
30 44 1249954
30 40 1249957
30 56 1249957
30 20 1249958
30 46 1249959
31 57 1249964
31 55 1249966
31 33 1249966
31 14 1249967
31 11 1249968
31 59 1249977
31 61 1249977
31 17 1249986
31 23 1249994
31 35 1250003
31 5 1250008
31 13 1250009
31 40 1250009
31 19 1250017
31 52 1250026
31 4 1250027
31 49 1250034
31 42 1250036
31 1 1250041
31 38 1250041
31 22 1250047
31 7 1250051
31 6 1250054
31 29 1250055
31 37 1250059
31 54 1250064
31 53 1250066
31 58 1250066
31 56 1250075
31 25 1250075
31 26 1250081
31 12 1250084
31 50 1250089
31 30 1250090
31 0 1250095
31 25 1250099
31 58 1250107
31 48 1250109
31 43 1250109
31 1 1250109
31 56 1250118
31 0 1250122
31 4 1250130
31 60 1250132
31 52 1250132
31 17 1250135
31 53 1250138
31 26 1250143
31 51 1250148
31 16 1250150
31 40 1250151
31 34 1250157
31 36 1250159
31 5 1250166
31 21 1250175
31 3 1250183
31 41 1250188
31 38 1250196
31 30 1250202
31 62 1250206
31 6 1250206
31 42 1250215
31 28 1250215
31 59 1250219
31 2 1250223
31 39 1250226
31 14 1250227
31 19 1250228
31 24 1250231
32 26 1250234
32 64 1250243
32 44 1250245
32 58 1250250
32 45 1250258
32 39 1250262
32 21 1250266
33 2 1250275
33 17 1250275
33 50 1250275
33 59 1250276
33 15 1250280
33 57 1250280
33 55 1250281
33 51 1250283
33 54 1250285
33 13 1250290
33 24 1250291
33 32 1250292
33 64 1250300
33 58 1250308
33 39 1250308
33 5 1250312
33 26 1250313
33 62 1250319
33 16 1250323
33 63 1250332
33 49 1250333
33 18 1250339
33 47 1250344
33 4 1250351
33 48 1250356
33 30 1250358
33 38 1250366
33 37 1250371
33 56 1250372
33 9 1250375
33 10 1250384
33 14 1250385
33 19 1250389
33 34 1250393
33 20 1250401
33 15 1250405
33 23 1250413
33 59 1250413
33 8 1250417
33 30 1250418
33 24 1250420
33 44 1250421
33 0 1250422
33 64 1250430
33 63 1250435
33 38 1250435
33 39 1250440
33 61 1250445
33 4 1250445
33 42 1250454
33 48 1250456
33 45 1250459
33 57 1250463
33 1 1250468
33 3 1250474
33 29 1250483
33 40 1250485
33 49 1250486
33 27 1250487
33 37 1250492
33 5 1250493
33 31 1250494
33 11 1250499
33 52 1250502
33 58 1250511
34 22 1250511
34 36 1250518
34 45 1250526
34 58 1250529
34 25 1250533
34 30 1250535
34 24 1250536
34 32 1250538
34 37 1250541
34 3 1250544
34 5 1250546
34 17 1250554
34 4 1250561
34 64 1250568
34 46 1250570
34 53 1250578
34 31 1250579
34 63 1250584
34 54 1250587
34 14 1250591
34 41 1250597
34 56 1250602
34 25 1250605
34 30 1250609
34 45 1250616
34 3 1250624
34 54 1250629
34 50 1250630
34 1 1250637
34 10 1250639
34 12 1250646
34 28 1250651
34 2 1250658
34 35 1250661
34 39 1250670
34 59 1250670
34 31 1250672
34 5 1250679
34 61 1250686
34 0 1250695
34 36 1250704
34 19 1250707
34 42 1250715
34 53 1250715
34 49 1250720
35 61 1250729
35 62 1250735
35 52 1250741
35 27 1250750
35 63 1250757
35 15 1250757
35 25 1250764
35 3 1250770
35 10 1250775
35 21 1250776
35 42 1250780
35 40 1250780
35 41 1250780
35 17 1250787
35 60 1250790
35 31 1250790
35 56 1250791
35 18 1250791
35 32 1250798
35 22 1250805
35 57 1250805
35 16 1250810
35 29 1250819
35 38 1250821
35 19 1250821
35 36 1250830
35 33 1250834
35 7 1250835
35 0 1250837
35 20 1250841
35 47 1250848
35 34 1250854
35 63 1250858
35 36 1250865
35 62 1250870
35 55 1250876
35 5 1250880
35 41 1250883
35 47 1250892
35 17 1250893
35 10 1250894
35 56 1250899
35 43 1250902
35 64 1250903
35 2 1250911
35 49 1250918
35 61 1250920
35 46 1250929
35 21 1250934
35 14 1250937
35 40 1250945
35 18 1250948
35 27 1250948
35 6 1250957
35 50 1250959
35 11 1250967
35 0 1250967
35 22 1250975
35 53 1250980
36 37 1250985
36 51 1250985
36 43 1250993
36 6 1251002
36 55 1251006
36 29 1251013
36 1 1251016
36 14 1251017
36 40 1251026
36 48 1251028
36 38 1251030
36 8 1251031
36 50 1251038
36 19 1251044
36 9 1251047
36 23 1251052
36 41 1251053
36 63 1251055
36 4 1251061
36 18 1251061
36 34 1251064
36 15 1251072
36 58 1251079
36 0 1251084
36 44 1251085
36 18 1251089
36 16 1251097
36 49 1251099
36 45 1251104
36 40 1251107
36 62 1251112
36 32 1251118
36 9 1251124
36 27 1251131
36 12 1251139
36 43 1251141
36 61 1251141
36 10 1251149
36 25 1251152
36 48 1251161
36 50 1251163
36 63 1251167
36 7 1251173
36 19 1251180
36 58 1251182
36 64 1251183
36 41 1251191
36 20 1251197
36 11 1251204
36 14 1251206
37 10 1251209
37 41 1251209
37 38 1251209
37 51 1251217
37 54 1251218
37 2 1251224
37 47 1251233
37 30 1251235
37 21 1251244
37 40 1251253
37 39 1251257
37 19 1251264
37 7 1251272
37 63 1251281
38 58 1251288
38 43 1251296
38 15 1251296
38 36 1251303
38 1 1251308
38 31 1251312
38 64 1251321
38 39 1251329
38 59 1251335
38 46 1251340
38 57 1251340
38 0 1251348
38 12 1251349
38 5 1251351
38 20 1251354
38 16 1251357
38 9 1251358
38 40 1251360
38 34 1251367
38 18 1251375
38 48 1251379
38 62 1251388
38 45 1251393
38 10 1251394
38 7 1251397
38 29 1251403
38 61 1251407
38 9 1251411
38 10 1251413
38 45 1251415
38 60 1251415
38 31 1251424
38 29 1251426
38 32 1251428
38 56 1251434
38 57 1251441
38 12 1251450
38 17 1251450
38 6 1251458
38 4 1251465
38 14 1251466
38 63 1251469
38 50 1251472
38 15 1251477
38 2 1251477
38 42 1251485
38 36 1251493
38 34 1251498
38 27 1251500
38 51 1251500
38 49 1251505
38 54 1251514
38 30 1251520
38 26 1251526
38 19 1251530
39 59 1251536
39 9 1251542
39 46 1251548
39 58 1251557
39 0 1251558
39 36 1251565
39 32 1251574
39 18 1251575
39 60 1251579
39 25 1251588
39 62 1251590
39 51 1251590
39 63 1251593
39 42 1251600
39 54 1251608
39 33 1251608
39 55 1251614
39 21 1251622
39 11 1251631
39 15 1251636
39 52 1251645
39 61 1251653
39 38 1251660
39 44 1251665
39 14 1251673
39 1 1251673
39 43 1251682
39 49 1251688
39 8 1251689
39 57 1251696
39 29 1251699
39 26 1251702
39 4 1251705
39 56 1251713
39 53 1251713
39 28 1251720
39 7 1251729
39 3 1251736
39 13 1251740
39 41 1251741
39 45 1251749
39 54 1251756
39 20 1251761
39 37 1251770
39 4 1251778
39 9 1251787
39 35 1251795
39 19 1251803
39 2 1251811
39 48 1251818
39 22 1251822
39 40 1251824
39 17 1251830
39 55 1251833
39 42 1251838
39 21 1251841
39 26 1251842
39 58 1251846
39 18 1251851
39 8 1251858
39 61 1251863
39 33 1251866
39 13 1251868
39 11 1251875
39 38 1251883
39 41 1251883
39 31 1251889
39 44 1251895
39 64 1251900
39 27 1251902
39 14 1251903
39 25 1251907
39 5 1251915
39 24 1251921
39 50 1251924
39 52 1251931
39 34 1251940
39 43 1251940
39 32 1251949
39 51 1251952
39 36 1251961
39 60 1251961
40 0 1251969
40 58 1251971
40 59 1251980
40 28 1251981
40 8 1251984
40 5 1251985
40 48 1251989
40 42 1251993
40 19 1251997
40 51 1252002
40 50 1252010
41 23 1252019
41 10 1252028
41 5 1252032
41 51 1252040
41 19 1252045
42 53 1252046
42 6 1252055
42 59 1252058
42 62 1252067
42 36 1252070
43 57 1252070
43 5 1252077
43 15 1252080
43 42 1252081
43 32 1252089
43 51 1252092
43 8 1252097
43 6 1252106
43 31 1252108
43 26 1252113
43 3 1252115
43 19 1252124
43 48 1252130
43 47 1252134
43 54 1252142
43 46 1252146
44 18 1252148
44 48 1252150
44 13 1252152
44 0 1252158
45 9 1252162
45 44 1252170
45 1 1252174
45 0 1252175
45 23 1252176
45 7 1252184
45 39 1252187
45 55 1252190
45 3 1252194
45 11 1252198
45 59 1252204
45 61 1252204
45 29 1252205
45 62 1252214
45 13 1252214
45 38 1252216
45 14 1252224
45 15 1252228
45 10 1252231
45 18 1252234
45 30 1252235
45 8 1252244
45 19 1252250
45 49 1252253
45 50 1252256
45 4 1252262
45 47 1252267
45 31 1252274
45 60 1252275
45 54 1252275
45 48 1252283
45 17 1252291
45 3 1252296
45 38 1252303
45 58 1252307
45 51 1252314
45 61 1252321
45 12 1252328
45 33 1252337
45 52 1252346
45 39 1252347
45 26 1252355
45 55 1252356
45 23 1252361
45 10 1252369
45 27 1252375
45 56 1252378
45 8 1252384
45 11 1252384
45 14 1252393
45 59 1252401
45 30 1252410
45 1 1252414
45 24 1252416
45 5 1252418
45 29 1252421
45 37 1252428
45 21 1252431
45 62 1252438
46 13 1252446
46 25 1252450
46 24 1252451
46 15 1252458
46 30 1252465
46 8 1252465
46 59 1252473
46 45 1252478
46 19 1252482
46 34 1252488
47 63 1252489
47 10 1252491
47 2 1252499
47 49 1252508
47 6 1252510
47 33 1252516
47 36 1252525
47 19 1252533
47 18 1252534
47 55 1252542
47 46 1252543
47 3 1252544
47 48 1252548
47 32 1252555
47 52 1252560
47 15 1252563
47 16 1252567
47 11 1252570
47 45 1252572
47 50 1252579
47 51 1252583
47 28 1252585
47 8 1252592
47 59 1252596
47 40 1252603
47 43 1252612
47 64 1252619
47 54 1252623
47 23 1252628
47 41 1252637
47 29 1252643
47 26 1252645
47 34 1252647
47 6 1252649
47 4 1252650
47 36 1252652
47 12 1252658
47 57 1252662
47 19 1252665
47 60 1252665
47 42 1252669
47 39 1252673
47 13 1252674
47 8 1252676
47 53 1252677
47 18 1252683
47 35 1252685
47 56 1252691
47 2 1252692
47 59 1252700
47 15 1252708
47 41 1252710
47 63 1252710
47 16 1252710
47 29 1252717
47 3 1252720
47 52 1252722
47 43 1252731
47 11 1252740
47 48 1252741
47 40 1252741
47 14 1252744
47 21 1252753
48 30 1252759
48 62 1252764
48 28 1252764
48 25 1252773
48 7 1252775
48 39 1252781
48 34 1252790
48 54 1252794
48 37 1252796
48 50 1252799
48 13 1252807
48 55 1252807
48 58 1252813
48 15 1252821
48 18 1252823
48 29 1252831
48 12 1252833
48 63 1252837
48 31 1252840
48 8 1252843
48 59 1252850
48 27 1252856
48 57 1252859
48 9 1252859
48 52 1252861
48 47 1252861
48 26 1252865
48 46 1252869
48 0 1252872
48 32 1252872
48 33 1252875
48 64 1252883
48 2 1252885
48 14 1252891
48 51 1252893
48 23 1252897
48 56 1252897
48 41 1252900
48 40 1252901
48 22 1252907
48 39 1252912
48 25 1252918
48 50 1252926
48 52 1252934
48 0 1252935
48 10 1252936
48 23 1252937
48 63 1252945
48 1 1252947
48 14 1252951
48 54 1252956
48 35 1252963
48 38 1252964
48 16 1252968
48 9 1252969
48 34 1252976
48 4 1252982
48 27 1252984
48 18 1252988
48 33 1252991
48 6 1252994
48 43 1252994
48 15 1252995
48 64 1252996
48 30 1253001
48 26 1253002
48 13 1253009
48 53 1253012
48 55 1253012
48 8 1253018
48 12 1253021
48 44 1253030
48 49 1253031
48 29 1253032
49 20 1253035
49 64 1253038
49 15 1253041
49 29 1253048
49 52 1253056
49 39 1253061
49 0 1253068
49 43 1253075
49 28 1253077
49 60 1253077
49 38 1253078
49 14 1253085
49 8 1253092
49 57 1253096
49 33 1253096
49 54 1253100
49 6 1253107
49 36 1253111
49 19 1253116
49 59 1253120
49 50 1253122
49 13 1253128
49 44 1253133
49 4 1253136
49 3 1253137
49 45 1253140
49 18 1253147
49 53 1253150
49 26 1253152
49 62 1253156
49 51 1253159
49 47 1253159
49 42 1253160
49 24 1253162
49 55 1253167
49 61 1253167
49 0 1253168
49 3 1253170
49 64 1253179
49 6 1253185
49 54 1253191
49 59 1253198
49 28 1253202
49 17 1253209
49 45 1253216
49 30 1253225
49 61 1253228
49 38 1253234
49 43 1253235
49 40 1253236
49 29 1253238
49 33 1253242
49 4 1253249
49 25 1253249
49 35 1253251
49 12 1253257
49 16 1253258
49 23 1253266
49 42 1253274
49 18 1253275
49 19 1253279
49 32 1253286
49 7 1253295
49 51 1253297
49 5 1253305
49 47 1253306
49 20 1253306
49 56 1253308
49 57 1253316
49 50 1253318
49 46 1253319
49 62 1253326
49 9 1253329
49 31 1253332
50 14 1253332
50 34 1253338
50 23 1253340
50 58 1253341
50 35 1253345
50 27 1253345
50 10 1253345
50 12 1253351
50 62 1253359
50 33 1253367
50 9 1253372
50 57 1253380
50 5 1253388
50 24 1253390
50 54 1253396
50 29 1253397
50 40 1253402
50 19 1253410
50 26 1253410
50 15 1253415
50 45 1253416
50 59 1253425
50 56 1253432
50 36 1253438
50 25 1253444
50 41 1253449
50 2 1253449
50 51 1253455
50 63 1253459
50 16 1253462
50 57 1253467
50 52 1253467
50 22 1253473
50 24 1253473
50 6 1253478
50 21 1253487
50 46 1253488
50 19 1253497
50 35 1253497
50 7 1253503
50 56 1253503
50 38 1253507
50 31 1253516
50 17 1253521
50 55 1253524
50 47 1253524
50 60 1253529
50 2 1253531
50 61 1253535
50 48 1253536
50 5 1253540
50 34 1253543
50 43 1253546
50 3 1253551
50 8 1253553
50 13 1253560
50 45 1253568
50 27 1253576
50 20 1253577
50 33 1253577
50 4 1253585
50 1 1253593
50 59 1253602
50 58 1253610
50 25 1253612
50 64 1253613
50 32 1253622
51 0 1253623
51 29 1253632
51 31 1253641
51 44 1253647
51 32 1253651
51 53 1253659
51 19 1253661
51 9 1253663
51 45 1253668
51 11 1253669
51 23 1253676
51 5 1253685
51 63 1253689
51 36 1253691
51 49 1253694
51 38 1253700
51 50 1253707
51 62 1253716
51 14 1253717
51 28 1253726
51 20 1253728
51 25 1253732
51 55 1253733
51 58 1253733
51 10 1253736
51 35 1253739
51 27 1253742
51 33 1253742
51 46 1253746
51 30 1253747
51 22 1253752
51 26 1253758
51 60 1253766
51 7 1253775
51 62 1253784
51 64 1253786
51 3 1253787
51 42 1253788
51 8 1253797
51 37 1253801
51 40 1253806
51 50 1253808
51 22 1253808
51 4 1253816
51 48 1253823
51 43 1253829
51 52 1253831
51 53 1253840
51 59 1253847
51 24 1253847
51 21 1253851
51 2 1253855
51 23 1253859
51 5 1253859
51 9 1253867
51 33 1253875
51 13 1253881
51 61 1253885
51 46 1253891
51 27 1253895
51 31 1253895
51 29 1253902
51 25 1253902
51 10 1253906
51 20 1253913
51 11 1253921
51 44 1253929
51 36 1253932
51 6 1253941
52 22 1253943
52 63 1253952
52 25 1253958
52 24 1253962
52 26 1253964
52 42 1253973
52 37 1253980
52 10 1253989
52 11 1253989
52 49 1253991
52 7 1254000
52 46 1254001
52 2 1254010
52 44 1254013
52 38 1254018
52 59 1254023
52 64 1254028
52 6 1254034
52 16 1254040
52 28 1254048
52 32 1254055
52 55 1254055
52 56 1254056
52 21 1254056
52 45 1254057
52 53 1254066
52 46 1254072
52 63 1254073
52 12 1254081
52 57 1254083
52 34 1254083
52 15 1254091
52 31 1254095
52 22 1254096
52 56 1254097
52 33 1254097
52 25 1254103
52 0 1254111
52 36 1254114
52 44 1254117
52 60 1254123
52 35 1254130
52 61 1254133
52 41 1254136
52 64 1254137
52 42 1254137
52 32 1254140
52 28 1254147
52 48 1254154
52 30 1254162
52 45 1254171
52 55 1254174
52 62 1254178
52 9 1254179
53 16 1254188
53 34 1254197
53 37 1254205
53 13 1254208
54 5 1254209
54 62 1254209
54 13 1254209
54 55 1254210
54 33 1254215
54 23 1254223
54 4 1254225
54 18 1254225
54 48 1254232
54 58 1254234
54 46 1254237
54 42 1254244
54 56 1254244
54 60 1254253
54 2 1254254
54 15 1254254
54 36 1254254
54 30 1254256
54 24 1254256
54 7 1254265
54 25 1254266
54 53 1254271
54 26 1254278
54 36 1254279
54 0 1254287
54 34 1254288
54 6 1254297
54 63 1254306
54 21 1254315
54 9 1254322
54 39 1254324
54 1 1254332
54 38 1254333
54 50 1254342
54 61 1254345
54 35 1254346
54 3 1254355
54 28 1254364
54 10 1254364
54 44 1254366
54 60 1254367
54 22 1254376
54 45 1254379
55 54 1254381
55 31 1254381
55 49 1254385
55 10 1254388
55 28 1254393
55 29 1254397
55 8 1254402
55 13 1254408
55 1 1254414
55 52 1254420
55 7 1254427
55 56 1254428
55 39 1254435
55 61 1254444
55 33 1254445
55 40 1254450
55 25 1254452
55 57 1254461
55 17 1254468
55 22 1254475
55 46 1254479
55 23 1254487
55 62 1254491
55 24 1254492
55 3 1254501
55 42 1254509
55 32 1254518
55 50 1254522
55 26 1254529
55 53 1254532
55 64 1254532
55 12 1254535
55 11 1254540
55 16 1254544
55 58 1254548
55 34 1254551
55 18 1254554
55 52 1254560
55 54 1254567
55 34 1254573
55 6 1254580
55 64 1254588
55 11 1254591
55 22 1254591
55 23 1254600
55 18 1254608
55 33 1254610
55 56 1254613
55 57 1254617
55 14 1254623
55 4 1254628
55 45 1254636
55 1 1254644
55 59 1254651
55 49 1254651
55 36 1254655
55 48 1254664
55 0 1254671
55 26 1254671
55 30 1254671
55 43 1254671
55 39 1254673
55 42 1254682
55 24 1254690
55 17 1254697
55 2 1254704
55 37 1254708
55 31 1254711
55 15 1254717
55 28 1254725
55 5 1254733
55 8 1254741
55 16 1254747
56 1 1254752
56 39 1254755
56 6 1254759
56 16 1254767
56 37 1254775
56 51 1254782
57 62 1254790
57 20 1254791
57 0 1254798
57 5 1254802
57 54 1254803
57 7 1254804
57 39 1254804
57 28 1254808
57 11 1254813
57 1 1254813
57 18 1254816
57 16 1254817
57 58 1254820
57 61 1254822
57 60 1254831
57 27 1254834
57 40 1254843
57 47 1254850
57 55 1254852
57 23 1254859
57 44 1254867
57 31 1254867
57 33 1254869
57 35 1254875
57 2 1254877
57 24 1254877
57 42 1254879
57 17 1254882
57 13 1254882
57 53 1254891
57 22 1254897
57 45 1254897
57 10 1254900
57 56 1254908
57 14 1254914
57 41 1254916
57 34 1254924
57 19 1254929
57 36 1254930
57 9 1254939
57 15 1254946
57 8 1254953
57 19 1254954
57 5 1254958
57 12 1254961
57 45 1254970
57 24 1254976
57 40 1254980
57 2 1254989
57 38 1254993
57 10 1255000
57 7 1255002
57 21 1255010
57 36 1255013
57 37 1255021
57 47 1255028
57 17 1255030
57 50 1255030
57 41 1255032
57 23 1255036
57 60 1255045
57 51 1255045
57 13 1255050
57 6 1255050
57 20 1255057
57 64 1255060
57 48 1255064
57 0 1255072
57 28 1255075
57 15 1255083
57 14 1255087
57 29 1255093
57 25 1255098
57 30 1255100
57 43 1255108
57 27 1255111
57 59 1255119
57 3 1255125
57 58 1255129
57 39 1255135
57 4 1255142
57 32 1255150
57 55 1255153
58 12 1255157
58 48 1255164
58 56 1255168
58 4 1255169
59 63 1255178
59 30 1255184
59 48 1255187
59 61 1255189
59 12 1255194
59 3 1255200
59 39 1255206
59 25 1255209
59 56 1255209
59 6 1255212
59 11 1255213
59 60 1255220
59 53 1255221
59 29 1255230
59 27 1255231
59 31 1255232
59 16 1255234
59 28 1255243
59 8 1255252
59 38 1255261
59 1 1255269
59 23 1255275
59 49 1255280
59 46 1255282
59 10 1255286
59 64 1255289
59 4 1255296
59 35 1255304
59 54 1255308
59 13 1255313
59 36 1255317
59 34 1255320
59 21 1255324
59 10 1255325
59 5 1255326
59 37 1255332
59 3 1255337
59 48 1255345
59 54 1255350
59 11 1255358
59 51 1255358
59 25 1255358
59 50 1255363
59 46 1255364
59 4 1255371
59 36 1255376
59 40 1255383
59 52 1255389
59 23 1255391
59 63 1255398
59 31 1255402
59 44 1255405
59 45 1255411
59 7 1255417
59 39 1255417
59 34 1255419
59 64 1255421
59 28 1255427
59 58 1255429
59 30 1255435
59 32 1255442
59 0 1255446
59 22 1255455
59 6 1255460
59 8 1255466
59 62 1255473
59 55 1255474
59 20 1255474
59 15 1255475
60 13 1255477
60 55 1255481
60 20 1255483
60 53 1255487
60 4 1255493
60 56 1255502
60 10 1255506
60 17 1255506
60 45 1255507
60 47 1255513
60 6 1255515
60 51 1255524
60 58 1255525
60 2 1255527
60 57 1255533
60 34 1255540
60 27 1255548
60 5 1255549
60 15 1255557
60 62 1255562
60 3 1255566
60 53 1255566
60 36 1255570
60 24 1255577
60 47 1255584
60 61 1255586
60 42 1255588
60 41 1255588
60 28 1255589
60 18 1255591
60 23 1255596
60 12 1255597
60 50 1255603
60 0 1255607
60 38 1255611
60 7 1255617
60 10 1255626
60 2 1255635
60 51 1255643
60 49 1255651
60 64 1255658
60 27 1255666
60 26 1255672
61 14 1255676
61 32 1255678
61 27 1255683
61 5 1255690
61 60 1255693
61 9 1255699
61 35 1255704
61 29 1255705
61 64 1255711
61 47 1255713
61 17 1255722
61 40 1255726
61 24 1255732
61 7 1255737
61 15 1255741
61 36 1255746
61 48 1255754
61 12 1255759
61 56 1255763
61 51 1255770
61 18 1255779
61 0 1255780
61 31 1255784
61 30 1255784
61 39 1255793
61 10 1255796
61 26 1255804
61 8 1255805
61 38 1255812
61 63 1255813
61 41 1255814
61 19 1255814
61 26 1255817
61 54 1255822
61 43 1255823
61 27 1255825
61 3 1255826
61 24 1255831
61 0 1255832
61 62 1255840
61 60 1255841
61 59 1255841
61 49 1255848
61 5 1255856
61 46 1255862
61 55 1255871
61 15 1255874
61 41 1255877
61 12 1255880
61 32 1255887
61 4 1255891
61 10 1255899
61 47 1255903
61 23 1255904
61 9 1255912
61 37 1255914
61 8 1255917
61 13 1255917
61 19 1255923
61 40 1255932
61 7 1255933
61 14 1255933
61 53 1255939
62 59 1255940
62 0 1255944
62 26 1255951
62 32 1255958
62 35 1255960
62 55 1255962
62 17 1255967
62 12 1255970
62 15 1255973
62 58 1255974
62 52 1255975
62 46 1255982
62 2 1255987
62 50 1255988
62 29 1255994
62 4 1256001
62 30 1256005
62 63 1256007
62 6 1256012
62 3 1256012
62 57 1256015
62 43 1256017
62 61 1256020
62 51 1256025
62 53 1256032
62 38 1256040
62 33 1256047
62 1 1256056
62 48 1256064
62 28 1256064
62 14 1256073
62 19 1256079
62 36 1256080
62 8 1256084
62 39 1256091
62 31 1256091
62 36 1256095
62 14 1256100
62 59 1256109
62 11 1256112
62 10 1256120
62 16 1256126
62 38 1256132
62 5 1256135
62 52 1256136
62 15 1256144
62 19 1256144
62 40 1256148
62 6 1256154
62 12 1256156
62 25 1256165
62 23 1256170
62 0 1256174
62 33 1256175
62 22 1256184
62 63 1256189
62 57 1256195
62 4 1256200
62 20 1256205
62 17 1256212
62 61 1256216
62 56 1256217
62 50 1256221
62 32 1256226
62 29 1256233
62 53 1256235
62 49 1256242
62 9 1256251
62 2 1256252
62 7 1256258
62 26 1256262
63 45 1256263
63 27 1256272
63 40 1256275
63 41 1256280
63 51 1256285
63 14 1256293
63 59 1256302
63 5 1256310
63 43 1256314
63 36 1256319
63 10 1256328
63 35 1256330
63 15 1256336
63 46 1256339
63 20 1256339
63 17 1256344
63 58 1256344
63 61 1256344
63 54 1256348
63 32 1256355
63 26 1256363
63 64 1256366
63 11 1256370
63 40 1256378
63 6 1256381
63 2 1256390
63 16 1256397
63 64 1256405
63 17 1256410
63 28 1256414
63 8 1256417
63 50 1256417
63 23 1256423
63 37 1256423
63 41 1256426
63 31 1256432
63 19 1256440
63 61 1256448
63 35 1256453
63 7 1256459
63 34 1256462
63 22 1256470
63 18 1256470
63 47 1256474
63 39 1256475
63 1 1256476
64 19 1256479
64 43 1256483
64 42 1256487
64 63 1256495
64 8 1256498
64 17 1256499
64 35 1256505
64 45 1256513
64 46 1256516
64 10 1256525
64 9 1256525
64 36 1256527
64 1 1256528
64 47 1256536
64 26 1256543
64 44 1256552
64 0 1256561
64 15 1256561
64 37 1256568
64 18 1256573
64 29 1256579
64 20 1256584
64 51 1256591
64 36 1256597
64 0 1256601
64 48 1256609
64 21 1256609
64 26 1256613
64 59 1256621
64 10 1256627
64 25 1256635
64 14 1256639
64 56 1256646
64 55 1256650
64 47 1256655
64 16 1256663
64 19 1256671
64 20 1256672
64 61 1256675
64 41 1256682
64 3 1256683
64 32 1256686
64 6 1256693
64 44 1256693
64 5 1256700
64 43 1256709
64 35 1256715
64 39 1256721
64 29 1256722
64 33 1256726
