68
false
0 67 1415415
0 36 1415419
0 2 1415423
0 17 1415427
0 11 1415427
0 33 1415431
0 35 1415436
0 44 1415440
0 57 1415447
0 12 1415449
0 51 1415454
0 29 1415462
0 43 1415462
0 4 1415468
0 15 1415468
0 14 1415468
0 40 1415472
0 42 1415472
0 30 1415472
0 62 1415478
0 37 1415479
0 52 1415485
0 7 1415485
0 24 1415489
0 53 1415490
0 49 1415499
0 61 1415506
0 32 1415507
0 55 1415513
0 21 1415513
0 66 1415513
0 48 1415519
0 38 1415523
0 8 1415532
0 10 1415535
0 54 1415544
0 50 1415553
0 46 1415558
0 37 1415561
0 25 1415566
0 33 1415573
0 1 1415575
0 43 1415582
0 8 1415591
0 64 1415596
0 60 1415600
0 55 1415607
0 5 1415608
0 12 1415611
0 10 1415613
0 46 1415616
0 41 1415623
0 17 1415631
0 56 1415640
0 29 1415646
0 52 1415651
0 18 1415657
0 48 1415663
0 14 1415670
0 34 1415670
0 53 1415672
0 20 1415680
0 61 1415689
0 39 1415691
0 59 1415693
0 44 1415693
0 30 1415700
0 16 1415702
0 32 1415707
0 6 1415714
1 48 1415719
1 60 1415727
1 19 1415729
1 2 1415733
1 46 1415739
1 21 1415739
1 9 1415741
1 45 1415746
1 12 1415746
1 8 1415750
1 29 1415755
1 33 1415763
1 56 1415767
1 61 1415775
1 18 1415779
1 64 1415786
1 7 1415794
1 0 1415799
1 28 1415800
1 46 1415805
1 54 1415806
1 15 1415807
1 21 1415814
1 19 1415814
1 32 1415814
1 60 1415820
1 14 1415822
1 42 1415829
1 56 1415837
1 33 1415842
1 43 1415842
1 4 1415847
1 10 1415848
1 18 1415854
1 6 1415860
1 35 1415861
1 39 1415866
2 0 1415870
2 57 1415879
2 63 1415879
2 51 1415886
2 64 1415888
2 12 1415889
2 28 1415897
2 44 1415906
2 33 1415908
2 37 1415909
2 5 1415915
2 41 1415920
2 45 1415928
2 58 1415928
2 11 1415930
2 42 1415931
2 24 1415934
2 67 1415943
2 6 1415948
2 55 1415950
2 16 1415953
2 49 1415961
2 53 1415962
2 1 1415966
2 35 1415972
2 31 1415973
2 56 1415973
2 7 1415973
2 29 1415974
2 42 1415977
2 18 1415982
2 8 1415990
2 45 1415996
2 51 1415997
2 28 1416003
2 50 1416010
2 43 1416010
2 41 1416010
2 36 1416014
2 3 1416021
2 10 1416028
2 47 1416029
2 48 1416036
2 13 1416042
2 58 1416042
2 0 1416051
2 49 1416055
2 39 1416059
3 14 1416060
3 63 1416064
3 10 1416073
3 21 1416075
3 15 1416075
3 42 1416084
3 43 1416091
3 33 1416100
3 17 1416108
3 28 1416115
3 48 1416121
3 29 1416130
3 50 1416130
3 55 1416130
3 58 1416133
3 51 1416140
3 5 1416141
3 35 1416147
3 64 1416156
3 39 1416162
3 49 1416169
3 34 1416177
4 49 1416186
4 44 1416189
4 33 1416190
4 3 1416190
4 50 1416197
4 21 1416206
4 30 1416213
4 55 1416220
4 0 1416228
4 20 1416234
4 45 1416237
4 35 1416240
4 17 1416241
4 27 1416242
4 58 1416245
4 15 1416245
4 63 1416252
4 56 1416252
4 26 1416252
4 39 1416255
4 54 1416258
4 43 1416260
4 48 1416266
4 13 1416266
4 22 1416274
4 2 1416281
4 5 1416290
4 57 1416294
4 48 1416300
4 39 1416306
4 55 1416311
4 11 1416316
4 53 1416316
4 45 1416323
4 54 1416327
4 31 1416334
4 34 1416340
4 52 1416345
4 32 1416351
4 29 1416353
4 40 1416355
4 18 1416359
4 36 1416361
4 7 1416361
4 27 1416361
4 50 1416367
4 63 1416370
4 17 1416376
4 56 1416384
4 22 1416390
4 46 1416395
4 33 1416403
4 61 1416404
4 62 1416411
4 24 1416414
4 0 1416421
4 47 1416423
4 23 1416425
4 25 1416427
4 21 1416429
4 15 1416429
5 47 1416431
5 9 1416436
5 57 1416438
5 43 1416447
5 65 1416456
5 13 1416462
5 54 1416465
5 62 1416469
5 4 1416475
5 32 1416483
5 50 1416492
5 53 1416494
5 35 1416499
5 41 1416504
5 58 1416512
5 29 1416512
5 18 1416516
5 36 1416524
5 38 1416529
5 59 1416535
5 37 1416544
5 7 1416551
5 39 1416552
5 11 1416552
5 26 1416557
5 19 1416564
5 48 1416565
5 52 1416568
5 55 1416572
5 28 1416573
5 33 1416577
5 6 1416581
5 42 1416590
5 17 1416592
5 15 1416600
5 9 1416604
5 7 1416611
5 3 1416617
5 23 1416621
5 19 1416630
5 11 1416635
5 51 1416641
5 47 1416647
5 31 1416651
5 66 1416655
5 64 1416659
5 4 1416667
5 45 1416672
5 8 1416680
5 55 1416689
5 58 1416696
5 35 1416701
5 50 1416709
5 24 1416711
5 57 1416712
5 34 1416717
5 54 1416718
5 52 1416725
5 40 1416729
6 44 1416734
6 29 1416739
6 35 1416744
6 58 1416747
6 57 1416749
6 2 1416749
6 65 1416752
6 42 1416753
6 38 1416759
6 41 1416764
6 52 1416767
6 46 1416769
6 17 1416771
6 43 1416775
6 33 1416778
6 10 1416782
6 45 1416791
6 24 1416799
6 31 1416808
6 13 1416808
6 7 1416809
6 18 1416816
6 63 1416821
6 40 1416826
6 60 1416835
6 66 1416841
6 39 1416843
6 0 1416848
6 19 1416855
6 34 1416862
6 55 1416869
6 1 1416875
6 23 1416881
6 59 1416888
6 51 1416889
6 0 1416893
6 14 1416893
6 18 1416897
6 58 1416899
6 32 1416908
6 11 1416916
6 7 1416922
6 2 1416926
6 4 1416932
6 55 1416941
6 31 1416941
6 34 1416950
6 3 1416950
6 29 1416951
6 57 1416959
6 12 1416965
6 66 1416966
6 64 1416971
6 9 1416980
6 65 1416981
6 8 1416990
6 44 1416992
6 43 1416992
6 20 1416996
6 21 1416998
6 26 1417003
6 49 1417009
6 67 1417015
6 41 1417024
6 38 1417027
6 63 1417036
6 28 1417037
6 37 1417039
6 15 1417045
6 5 1417052
6 52 1417054
7 34 1417055
7 4 1417060
7 13 1417066
7 31 1417074
7 17 1417083
7 65 1417085
7 28 1417087
7 12 1417091
7 11 1417091
7 45 1417091
7 3 1417091
7 38 1417097
7 22 1417106
7 11 1417110
7 39 1417115
7 40 1417119
7 33 1417126
7 2 1417135
7 15 1417137
7 36 1417144
7 4 1417153
8 42 1417157
8 67 1417160
8 28 1417168
8 35 1417172
8 18 1417179
8 31 1417187
8 63 1417190
8 51 1417199
8 15 1417206
8 32 1417208
8 2 1417214
8 29 1417221
8 40 1417224
8 10 1417229
8 16 1417232
8 37 1417238
8 19 1417246
8 52 1417254
8 4 1417262
8 64 1417271
8 27 1417273
8 49 1417275
8 57 1417275
8 13 1417282
8 5 1417284
8 21 1417284
8 47 1417290
8 7 1417298
8 36 1417307
8 12 1417308
8 25 1417317
8 56 1417321
8 24 1417325
8 22 1417330
8 26 1417336
8 60 1417345
8 58 1417347
8 33 1417349
8 57 1417351
8 55 1417354
8 11 1417359
8 38 1417360
8 9 1417360
8 5 1417362
8 24 1417370
8 41 1417376
8 3 1417385
8 21 1417392
8 53 1417400
8 46 1417407
8 26 1417409
8 40 1417414
8 54 1417422
8 37 1417427
8 0 1417429
8 33 1417438
8 17 1417443
8 2 1417450
8 19 1417458
8 48 1417458
8 51 1417458
8 7 1417460
8 39 1417463
8 25 1417468
8 1 1417470
8 43 1417474
8 67 1417482
8 34 1417490
8 22 1417495
8 62 1417497
8 56 1417506
8 66 1417507
8 14 1417512
8 16 1417517
8 59 1417518
9 46 1417518
9 62 1417522
9 23 1417528
9 0 1417530
9 50 1417536
9 49 1417542
9 32 1417547
9 21 1417552
9 36 1417556
9 56 1417564
9 7 1417569
9 1 1417572
9 25 1417576
9 16 1417581
9 8 1417588
9 3 1417596
9 39 1417603
9 60 1417604
9 6 1417611
9 57 1417620
9 55 1417622
9 27 1417625
9 41 1417632
9 45 1417637
9 25 1417642
9 24 1417644
9 56 1417645
9 60 1417654
9 35 1417663
9 47 1417663
9 20 1417670
9 52 1417671
9 7 1417678
9 50 1417678
9 29 1417687
9 16 1417690
9 40 1417692
10 57 1417701
10 13 1417702
11 40 1417707
11 17 1417710
11 30 1417714
11 20 1417720
11 12 1417727
11 19 1417736
11 41 1417739
11 60 1417739
11 50 1417740
11 35 1417748
11 51 1417757
11 53 1417761
11 28 1417763
11 61 1417765
11 33 1417772
11 49 1417776
11 57 1417785
11 24 1417792
11 21 1417794
11 36 1417796
11 9 1417797
11 2 1417804
11 62 1417813
11 5 1417819
11 45 1417826
11 4 1417831
11 43 1417831
11 46 1417839
11 1 1417841
11 31 1417847
11 37 1417855
11 39 1417862
11 8 1417864
11 42 1417867
11 52 1417868
11 3 1417876
11 0 1417877
11 64 1417878
11 13 1417885
11 47 1417886
11 5 1417889
11 59 1417897
11 36 1417900
11 3 1417909
11 56 1417912
11 12 1417919
11 44 1417927
11 46 1417934
11 10 1417942
11 27 1417951
11 28 1417953
11 49 1417962
11 37 1417966
11 21 1417968
11 2 1417973
11 15 1417976
11 60 1417982
11 38 1417983
11 58 1417989
11 48 1417992
11 29 1417994
11 34 1418003
11 61 1418012
11 20 1418013
11 22 1418019
11 19 1418028
11 4 1418033
11 40 1418035
11 14 1418039
11 52 1418048
11 50 1418052
11 26 1418054
12 20 1418056
12 18 1418063
12 13 1418068
12 25 1418076
12 4 1418082
12 67 1418088
12 65 1418094
12 27 1418098
12 43 1418099
12 54 1418103
12 57 1418107
12 36 1418115
12 9 1418119
12 24 1418126
12 22 1418129
12 37 1418133
12 38 1418139
12 21 1418146
12 39 1418154
12 1 1418154
12 50 1418163
12 55 1418171
12 31 1418172
12 6 1418181
12 34 1418184
12 46 1418186
12 2 1418194
12 29 1418198
12 64 1418203
12 26 1418206
12 44 1418206
12 14 1418214
12 3 1418221
12 30 1418228
12 45 1418229
12 52 1418231
12 7 1418240
12 60 1418244
12 61 1418251
12 53 1418259
12 48 1418265
12 47 1418265
12 34 1418270
12 64 1418271
12 59 1418278
12 53 1418284
12 4 1418287
12 39 1418289
12 2 1418292
12 67 1418295
12 18 1418302
12 49 1418311
12 16 1418320
12 22 1418325
12 44 1418329
12 40 1418335
12 26 1418342
12 60 1418346
12 0 1418346
12 62 1418349
12 66 1418357
12 19 1418357
12 51 1418360
12 65 1418367
12 13 1418375
12 37 1418382
12 14 1418390
12 20 1418390
12 45 1418390
12 21 1418390
12 9 1418390
12 57 1418398
12 32 1418398
12 10 1418405
12 29 1418413
12 56 1418415
12 63 1418423
12 3 1418432
12 58 1418440
12 27 1418447
12 33 1418455
12 41 1418463
12 50 1418469
13 10 1418475
13 5 1418477
13 24 1418479
13 18 1418485
13 33 1418486
13 44 1418486
13 9 1418495
13 37 1418495
13 43 1418499
13 55 1418507
13 60 1418512
13 28 1418516
13 20 1418522
13 36 1418527
13 46 1418530
13 15 1418534
13 51 1418537
13 4 1418537
13 45 1418539
13 48 1418542
13 25 1418545
13 23 1418550
13 41 1418551
13 40 1418560
13 19 1418563
13 17 1418569
13 26 1418570
13 62 1418572
13 2 1418572
13 53 1418580
13 57 1418588
13 12 1418589
13 66 1418598
13 49 1418600
13 21 1418607
13 32 1418614
13 42 1418623
13 47 1418625
13 52 1418634
13 7 1418634
13 61 1418642
13 50 1418651
13 31 1418653
13 58 1418662
13 38 1418668
13 61 1418677
13 9 1418686
13 33 1418688
13 51 1418691
13 42 1418696
13 50 1418699
13 3 1418708
13 37 1418713
13 24 1418721
13 44 1418730
13 2 1418731
13 16 1418738
13 53 1418739
13 11 1418742
13 12 1418748
13 67 1418756
13 4 1418758
13 49 1418764
13 39 1418765
13 1 1418767
13 64 1418771
13 14 1418773
13 47 1418775
13 18 1418776
13 20 1418778
13 52 1418786
13 48 1418787
13 28 1418787
13 7 1418788
13 40 1418795
13 10 1418799
13 34 1418800
14 39 1418807
14 36 1418813
14 33 1418820
14 12 1418826
14 55 1418827
14 57 1418836
14 44 1418844
14 9 1418846
14 29 1418854
14 5 1418858
14 52 1418866
14 23 1418875
14 0 1418882
14 41 1418884
14 40 1418887
14 51 1418895
14 45 1418895
14 43 1418903
14 6 1418906
14 63 1418907
14 47 1418907
14 61 1418912
14 49 1418916
14 17 1418925
14 3 1418933
14 27 1418934
14 31 1418936
14 7 1418938
14 58 1418938
14 65 1418946
14 34 1418948
14 11 1418955
14 16 1418958
14 59 1418958
14 48 1418967
14 22 1418975
14 56 1418984
14 46 1418991
14 32 1418992
14 15 1418998
14 18 1418999
14 42 1419006
14 61 1419008
14 51 1419012
14 36 1419021
14 40 1419022
14 55 1419031
14 22 1419040
14 41 1419044
14 5 1419049
14 45 1419056
14 15 1419064
14 66 1419064
14 59 1419064
14 26 1419072
14 0 1419079
14 12 1419080
14 64 1419083
14 31 1419092
14 47 1419101
14 34 1419105
14 62 1419110
14 33 1419110
14 1 1419113
14 6 1419122
14 38 1419129
14 28 1419131
14 35 1419135
14 49 1419137
14 56 1419145
14 60 1419149
14 27 1419154
14 17 1419157
14 57 1419164
14 58 1419166
14 7 1419175
14 16 1419177
14 63 1419184
14 53 1419189
14 3 1419196
14 37 1419201
14 46 1419204
14 29 1419211
16 43 1419216
16 38 1419220
16 55 1419222
16 59 1419229
16 24 1419234
16 14 1419240
16 10 1419245
16 60 1419246
16 29 1419251
16 61 1419257
16 34 1419264
16 35 1419270
16 46 1419279
16 50 1419279
16 21 1419286
16 5 1419287
16 7 1419290
16 6 1419291
16 56 1419294
16 39 1419295
16 8 1419302
16 31 1419308
16 0 1419314
16 37 1419317
16 30 1419321
16 40 1419330
16 18 1419330
16 20 1419332
16 57 1419334
16 12 1419342
16 51 1419345
16 11 1419347
16 28 1419347
16 33 1419355
16 23 1419364
16 2 1419366
16 1 1419366
16 45 1419372
16 64 1419373
16 9 1419379
16 65 1419380
16 38 1419381
16 59 1419389
16 51 1419390
16 17 1419391
16 31 1419391
16 1 1419391
16 22 1419394
16 33 1419399
16 30 1419408
16 58 1419409
16 15 1419413
16 41 1419413
16 32 1419413
16 24 1419413
16 39 1419418
16 4 1419425
16 10 1419430
16 55 1419437
16 18 1419440
16 23 1419442
16 3 1419448
16 44 1419451
16 62 1419460
16 27 1419465
16 5 1419470
16 11 1419479
16 28 1419484
16 26 1419489
16 20 1419493
16 53 1419496
16 37 1419504
16 52 1419505
16 21 1419510
16 63 1419512
17 60 1419516
17 4 1419517
17 33 1419524
17 23 1419530
17 49 1419536
17 12 1419541
17 24 1419541
17 10 1419541
17 3 1419542
17 58 1419548
17 59 1419550
17 11 1419551
17 61 1419554
17 15 1419562
17 47 1419563
17 1 1419568
17 21 1419573
17 35 1419579
17 44 1419579
17 5 1419580
17 67 1419589
17 57 1419598
17 41 1419605
17 66 1419609
17 65 1419617
17 14 1419626
17 39 1419629
17 63 1419632
17 37 1419639
17 26 1419648
17 32 1419654
17 36 1419661
17 62 1419669
17 48 1419673
17 55 1419673
17 52 1419681
17 51 1419690
17 9 1419692
17 13 1419695
17 40 1419703
17 19 1419704
17 8 1419706
17 2 1419707
17 3 1419715
17 37 1419716
17 49 1419718
17 36 1419722
17 20 1419728
17 61 1419728
17 6 1419735
17 62 1419737
17 47 1419746
17 53 1419748
17 34 1419752
17 41 1419760
17 25 1419766
17 26 1419775
17 39 1419781
17 59 1419783
17 57 1419789
17 1 1419795
17 12 1419800
17 50 1419807
17 44 1419816
17 23 1419817
17 21 1419825
17 32 1419825
17 31 1419827
17 38 1419831
17 2 1419831
17 63 1419838
17 52 1419841
17 24 1419845
17 60 1419848
17 33 1419854
17 5 1419854
17 30 1419863
17 35 1419870
17 18 1419878
17 67 1419887
17 13 1419891
17 28 1419900
17 15 1419909
17 56 1419914
17 55 1419923
17 65 1419929
17 58 1419930
18 57 1419930
18 12 1419930
18 41 1419930
18 0 1419932
18 44 1419940
18 33 1419947
18 30 1419954
18 53 1419960
18 32 1419962
18 38 1419963
18 34 1419964
18 60 1419966
18 31 1419974
18 67 1419983
18 36 1419984
18 26 1419992
18 45 1420000
18 2 1420007
18 47 1420013
18 37 1420014
18 19 1420017
18 49 1420023
18 43 1420026
18 42 1420031
18 4 1420037
18 48 1420037
18 52 1420042
18 7 1420048
18 15 1420048
18 40 1420051
18 36 1420051
18 13 1420054
18 52 1420056
18 8 1420058
18 2 1420058
18 17 1420060
18 63 1420067
18 46 1420069
18 11 1420077
18 49 1420080
18 47 1420082
18 21 1420082
18 27 1420088
18 23 1420094
18 4 1420095
18 54 1420095
18 32 1420104
18 45 1420111
18 25 1420117
18 39 1420124
18 1 1420124
18 7 1420129
18 57 1420138
18 60 1420141
18 56 1420149
18 62 1420150
18 66 1420152
18 50 1420159
18 55 1420160
18 33 1420161
18 31 1420170
18 28 1420178
19 15 1420187
19 63 1420187
19 8 1420195
19 21 1420198
19 51 1420206
19 31 1420215
20 62 1420218
20 43 1420224
20 42 1420226
20 7 1420235
20 32 1420243
20 66 1420252
20 11 1420260
20 51 1420266
20 26 1420268
20 36 1420269
20 63 1420271
20 24 1420277
20 25 1420282
20 57 1420289
20 67 1420296
20 52 1420297
20 9 1420297
20 44 1420299
20 50 1420303
20 53 1420310
20 65 1420310
20 49 1420313
20 31 1420320
20 34 1420322
20 10 1420329
20 45 1420333
20 67 1420333
20 30 1420336
20 35 1420345
20 18 1420352
20 44 1420360
20 26 1420364
20 28 1420365
20 17 1420365
20 43 1420368
20 0 1420375
20 24 1420377
20 14 1420381
20 13 1420383
20 63 1420384
20 22 1420384
20 49 1420390
20 4 1420392
20 32 1420398
20 9 1420404
20 59 1420413
20 52 1420422
20 47 1420423
20 36 1420424
20 48 1420428
20 5 1420436
21 37 1420441
21 4 1420441
22 67 1420446
22 33 1420453
22 65 1420460
22 18 1420464
22 4 1420473
22 44 1420473
22 1 1420480
22 17 1420485
22 23 1420489
22 13 1420491
22 36 1420500
22 60 1420502
22 37 1420507
22 50 1420512
22 57 1420515
22 10 1420521
22 40 1420530
22 26 1420539
22 27 1420540
22 31 1420546
22 53 1420552
22 11 1420559
22 63 1420566
22 64 1420567
22 47 1420567
22 9 1420575
22 20 1420577
22 56 1420586
22 42 1420586
22 57 1420589
22 14 1420590
22 66 1420593
22 23 1420594
22 63 1420598
22 13 1420606
22 58 1420610
22 40 1420611
22 1 1420616
22 25 1420619
22 20 1420624
22 37 1420627
22 61 1420636
22 56 1420641
22 16 1420641
22 51 1420643
22 49 1420649
22 12 1420650
22 27 1420659
22 62 1420665
22 65 1420668
22 36 1420674
22 0 1420677
22 7 1420678
22 8 1420687
22 26 1420694
22 50 1420701
22 67 1420706
22 2 1420713
22 43 1420713
22 33 1420713
23 25 1420717
23 43 1420724
23 57 1420730
23 65 1420737
23 42 1420737
23 55 1420744
23 60 1420748
23 58 1420754
23 26 1420759
23 35 1420760
23 28 1420760
23 11 1420762
23 34 1420767
23 31 1420769
23 64 1420775
23 17 1420782
23 22 1420789
23 59 1420796
23 8 1420802
23 67 1420808
23 18 1420808
23 10 1420814
23 12 1420816
23 33 1420824
23 24 1420826
23 30 1420833
23 36 1420833
23 1 1420838
23 52 1420841
23 6 1420843
23 13 1420847
23 56 1420851
23 20 1420860
23 62 1420860
23 11 1420863
23 15 1420869
23 9 1420870
23 20 1420871
23 64 1420877
23 6 1420881
23 58 1420890
23 59 1420892
23 53 1420892
23 10 1420897
23 31 1420904
23 25 1420907
23 19 1420908
23 26 1420910
23 67 1420910
23 17 1420914
23 22 1420920
23 2 1420926
23 14 1420932
23 54 1420932
23 4 1420939
23 0 1420941
23 46 1420949
23 24 1420958
23 5 1420961
23 16 1420970
23 44 1420979
23 52 1420988
23 27 1420996
23 49 1421001
23 39 1421006
23 35 1421011
23 34 1421016
23 29 1421022
23 60 1421031
23 7 1421033
24 49 1421034
24 43 1421043
24 16 1421044
24 9 1421048
24 28 1421050
24 33 1421050
24 32 1421059
24 45 1421062
24 30 1421063
24 31 1421070
24 66 1421076
24 47 1421076
24 7 1421078
24 14 1421082
24 51 1421088
24 15 1421096
24 21 1421104
24 42 1421113
24 58 1421119
24 60 1421120
24 54 1421129
24 67 1421129
24 35 1421129
24 21 1421135
24 18 1421142
24 28 1421145
24 20 1421151
24 56 1421154
24 6 1421163
24 13 1421172
24 65 1421180
24 17 1421189
24 7 1421195
24 49 1421202
24 2 1421206
24 11 1421207
24 66 1421215
24 19 1421222
24 40 1421226
24 63 1421233
24 60 1421240
24 53 1421245
25 32 1421253
25 18 1421254
25 31 1421263
25 16 1421267
25 43 1421275
25 17 1421275
25 44 1421283
25 20 1421290
25 21 1421292
25 34 1421297
25 37 1421300
25 23 1421305
25 56 1421313
25 10 1421316
25 45 1421318
25 53 1421320
25 30 1421324
25 5 1421325
25 38 1421330
25 48 1421335
25 59 1421342
25 11 1421345
25 41 1421347
25 40 1421356
25 54 1421361
25 12 1421367
25 35 1421367
25 63 1421369
25 4 1421378
25 50 1421383
25 29 1421386
25 19 1421386
25 42 1421392
25 61 1421401
25 33 1421408
25 65 1421415
25 51 1421416
25 3 1421424
25 27 1421430
25 49 1421431
25 41 1421431
25 2 1421435
25 0 1421436
25 45 1421437
25 62 1421445
25 7 1421445
25 8 1421452
25 37 1421457
25 67 1421460
25 39 1421463
25 26 1421470
25 52 1421470
25 13 1421479
25 16 1421486
25 66 1421493
25 18 1421493
25 21 1421501
25 57 1421510
25 32 1421517
25 9 1421520
25 53 1421528
25 43 1421537
25 22 1421541
25 65 1421547
25 5 1421551
25 63 1421553
25 15 1421553
25 24 1421554
25 55 1421558
25 61 1421559
25 51 1421567
26 5 1421569
26 47 1421576
26 18 1421582
26 37 1421591
26 10 1421599
26 48 1421607
26 39 1421610
26 14 1421615
26 66 1421619
26 65 1421626
26 62 1421634
26 7 1421641
26 51 1421650
26 42 1421655
26 6 1421659
26 12 1421664
26 16 1421664
26 8 1421665
26 46 1421666
26 54 1421673
26 21 1421674
26 11 1421680
26 64 1421689
26 20 1421697
26 32 1421697
26 34 1421706
26 41 1421714
26 36 1421717
26 30 1421719
26 52 1421719
26 59 1421727
26 49 1421730
26 38 1421732
26 46 1421733
26 37 1421737
26 17 1421740
26 23 1421742
26 56 1421751
26 66 1421759
26 29 1421764
26 2 1421767
26 57 1421774
26 34 1421780
26 19 1421786
26 18 1421793
26 13 1421794
26 50 1421796
26 48 1421799
26 67 1421804
26 25 1421809
26 24 1421810
26 33 1421818
26 12 1421819
26 11 1421826
26 51 1421828
26 20 1421828
26 39 1421831
26 22 1421831
26 32 1421839
27 23 1421844
27 59 1421847
27 0 1421848
27 64 1421853
27 57 1421853
27 20 1421854
27 62 1421860
27 14 1421868
27 35 1421875
27 45 1421877
27 51 1421882
27 30 1421889
27 19 1421895
27 43 1421901
27 66 1421902
27 21 1421903
27 24 1421909
27 31 1421916
27 49 1421923
27 6 1421924
27 22 1421928
27 13 1421933
27 11 1421938
27 56 1421947
27 60 1421956
27 2 1421960
27 12 1421969
27 18 1421971
27 9 1421978
27 28 1421983
27 34 1421985
27 48 1421991
27 33 1421995
27 5 1422004
27 25 1422008
27 50 1422009
27 61 1422011
27 53 1422015
27 7 1422015
27 54 1422023
27 55 1422027
27 24 1422034
27 15 1422035
27 58 1422037
27 48 1422043
27 16 1422049
27 7 1422057
27 26 1422057
27 22 1422062
27 11 1422068
27 42 1422070
27 56 1422078
27 25 1422082
27 19 1422083
27 2 1422087
27 36 1422095
27 44 1422102
27 17 1422106
27 32 1422106
27 6 1422107
27 66 1422112
27 3 1422116
27 59 1422116
27 34 1422121
27 60 1422130
27 21 1422139
27 54 1422142
27 5 1422142
27 1 1422143
27 45 1422144
27 37 1422145
27 20 1422153
27 4 1422162
27 23 1422163
27 0 1422170
27 14 1422175
27 29 1422175
27 41 1422178
27 57 1422183
27 64 1422187
27 31 1422196
27 61 1422200
27 13 1422204
28 62 1422209
28 17 1422209
28 25 1422215
28 36 1422219
28 8 1422222
28 58 1422223
28 6 1422227
28 45 1422232
28 40 1422236
28 66 1422238
28 33 1422240
28 44 1422243
28 56 1422244
28 1 1422249
29 23 1422250
29 16 1422257
29 1 1422262
29 53 1422267
29 25 1422268
29 22 1422273
29 65 1422276
29 58 1422280
29 30 1422288
29 20 1422296
29 4 1422299
29 14 1422305
29 46 1422311
29 7 1422312
29 3 1422316
29 2 1422324
29 11 1422326
29 61 1422333
29 32 1422339
29 47 1422340
29 49 1422345
29 33 1422346
29 15 1422352
29 48 1422352
29 63 1422356
29 38 1422357
29 12 1422364
29 21 1422371
29 31 1422380
29 50 1422388
29 57 1422396
29 56 1422396
29 0 1422404
29 53 1422408
29 7 1422408
29 9 1422417
29 26 1422417
29 8 1422421
29 36 1422428
29 19 1422431
30 31 1422431
30 18 1422432
30 40 1422435
30 37 1422437
30 34 1422440
30 33 1422449
30 46 1422457
30 61 1422462
30 10 1422466
30 54 1422472
30 38 1422473
30 64 1422482
30 47 1422482
30 14 1422482
30 17 1422483
30 3 1422488
30 43 1422488
30 5 1422494
30 52 1422498
30 12 1422501
30 11 1422505
30 51 1422507
30 59 1422516
30 1 1422525
30 44 1422525
30 63 1422531
30 41 1422539
30 4 1422540
30 25 1422546
30 2 1422546
30 65 1422550
30 55 1422553
30 0 1422558
30 36 1422563
30 32 1422566
30 50 1422570
30 60 1422572
30 23 1422576
30 9 1422585
30 39 1422586
30 47 1422590
30 13 1422594
30 8 1422602
30 12 1422606
30 33 1422614
30 5 1422614
30 21 1422618
30 26 1422619
30 7 1422621
30 57 1422622
30 24 1422623
30 17 1422631
30 43 1422636
30 60 1422640
30 53 1422641
30 38 1422650
30 32 1422652
30 3 1422655
30 46 1422660
30 62 1422666
30 9 1422674
30 0 1422676
30 51 1422683
30 56 1422690
30 1 1422699
30 6 1422699
30 28 1422700
30 23 1422701
30 14 1422707
30 61 1422709
30 52 1422712
30 55 1422714
30 37 1422714
30 45 1422717
30 11 1422721
30 40 1422723
30 49 1422724
30 20 1422726
30 50 1422729
30 16 1422732
30 31 1422734
30 39 1422738
30 59 1422744
31 38 1422752
31 16 1422757
31 6 1422760
31 57 1422764
31 41 1422765
31 0 1422766
31 58 1422771
31 47 1422776
31 12 1422776
31 43 1422784
31 50 1422788
31 19 1422793
31 65 1422800
31 51 1422802
31 27 1422809
31 7 1422814
31 24 1422821
31 10 1422824
31 59 1422828
31 60 1422829
31 66 1422836
31 1 1422837
31 45 1422842
31 53 1422848
31 4 1422851
31 40 1422859
31 62 1422867
31 54 1422876
31 39 1422879
31 3 1422881
31 22 1422883
31 14 1422890
31 33 1422898
31 13 1422898
31 20 1422903
31 9 1422908
31 37 1422914
31 2 1422916
31 51 1422923
31 7 1422926
31 52 1422926
31 25 1422927
31 44 1422935
31 50 1422942
31 67 1422944
31 27 1422946
31 26 1422953
31 35 1422957
31 33 1422965
31 43 1422967
31 41 1422971
31 46 1422976
31 18 1422985
31 34 1422987
31 64 1422992
31 42 1422992
31 32 1422999
31 15 1423006
31 61 1423012
31 24 1423016
31 17 1423023
31 40 1423028
31 4 1423028
31 58 1423034
31 3 1423041
31 37 1423042
31 13 1423045
31 65 1423046
31 45 1423054
31 16 1423058
31 28 1423060
31 53 1423069
31 63 1423074
31 21 1423082
32 21 1423085
32 2 1423087
32 0 1423088
32 37 1423089
32 5 1423089
32 47 1423091
32 7 1423099
32 38 1423099
32 4 1423105
32 65 1423113
32 27 1423114
32 26 1423116
32 66 1423120
32 8 1423127
32 53 1423133
32 58 1423141
32 59 1423150
32 3 1423157
32 19 1423160
32 49 1423169
32 48 1423171
32 29 1423172
32 18 1423179
32 20 1423184
32 13 1423187
32 31 1423192
32 23 1423193
32 52 1423201
32 25 1423202
32 55 1423204
32 41 1423210
32 39 1423218
32 30 1423221
32 27 1423224
32 15 1423229
32 60 1423232
32 67 1423237
32 4 1423238
32 1 1423242
32 14 1423250
32 61 1423252
32 0 1423257
32 33 1423264
32 9 1423270
32 10 1423274
32 56 1423278
32 17 1423285
32 21 1423287
32 46 1423290
32 48 1423291
32 62 1423291
32 12 1423296
32 29 1423299
32 44 1423301
32 22 1423303
33 14 1423310
33 35 1423312
33 44 1423313
33 20 1423321
33 43 1423321
34 66 1423328
34 38 1423332
34 16 1423335
34 19 1423338
34 46 1423338
34 28 1423338
34 43 1423346
34 2 1423347
34 26 1423353
34 65 1423362
34 39 1423364
34 59 1423373
34 27 1423382
34 55 1423386
34 11 1423393
34 8 1423401
34 61 1423404
34 42 1423409
34 21 1423410
34 7 1423411
34 10 1423420
34 22 1423424
34 56 1423425
34 40 1423430
34 54 1423431
34 24 1423433
34 13 1423438
34 63 1423439
34 30 1423441
34 4 1423448
34 53 1423456
34 18 1423459
34 49 1423468
34 27 1423468
34 41 1423473
34 51 1423475
34 9 1423479
34 52 1423485
34 6 1423494
34 12 1423503
34 48 1423508
34 56 1423508
34 24 1423513
34 46 1423517
34 63 1423526
34 47 1423528
34 57 1423530
34 15 1423537
34 61 1423539
34 16 1423543
34 35 1423547
34 45 1423555
34 21 1423555
34 19 1423555
34 1 1423560
34 60 1423560
34 29 1423568
34 66 1423573
34 62 1423575
34 54 1423575
34 25 1423580
34 5 1423586
34 40 1423591
34 49 1423597
34 44 1423601
34 33 1423610
34 26 1423613
34 14 1423614
35 20 1423621
35 42 1423630
35 41 1423638
35 33 1423638
35 8 1423643
35 11 1423645
35 30 1423651
35 60 1423654
36 45 1423661
36 56 1423669
36 59 1423669
36 43 1423675
36 58 1423681
36 11 1423681
36 19 1423686
36 1 1423692
36 60 1423700
36 66 1423704
36 9 1423713
36 32 1423720
36 33 1423720
36 34 1423728
36 3 1423732
36 66 1423736
36 52 1423739
36 49 1423742
36 40 1423749
36 60 1423753
36 20 1423762
36 5 1423766
36 18 1423769
36 37 1423770
36 38 1423778
36 10 1423785
37 43 1423794
37 6 1423801
37 18 1423805
37 60 1423808
37 29 1423809
37 10 1423815
37 21 1423820
37 15 1423829
37 41 1423833
37 61 1423838
37 33 1423847
37 36 1423856
37 23 1423856
37 42 1423865
37 17 1423873
37 50 1423880
37 26 1423885
37 52 1423892
37 2 1423895
37 22 1423900
37 45 1423906
37 5 1423914
37 54 1423922
37 39 1423925
37 49 1423931
37 11 1423940
37 20 1423943
37 64 1423945
37 14 1423951
37 13 1423959
37 8 1423966
37 39 1423972
37 3 1423978
37 61 1423982
37 45 1423984
37 62 1423993
37 19 1423993
37 10 1423993
37 66 1424002
37 21 1424008
37 14 1424017
37 15 1424026
37 54 1424029
37 2 1424036
37 51 1424045
37 31 1424053
37 40 1424060
37 43 1424069
37 18 1424078
37 34 1424085
37 20 1424085
37 67 1424085
37 29 1424087
37 32 1424096
37 55 1424104
37 57 1424105
37 11 1424109
37 56 1424113
37 50 1424117
37 33 1424122
37 46 1424122
37 35 1424131
38 24 1424140
38 62 1424144
38 43 1424152
38 1 1424157
38 49 1424165
38 11 1424171
38 9 1424175
38 33 1424177
38 21 1424184
38 46 1424187
38 27 1424189
38 19 1424196
38 3 1424199
38 5 1424200
38 52 1424208
38 67 1424216
38 35 1424222
38 63 1424228
38 29 1424231
38 20 1424235
38 6 1424236
38 47 1424240
38 48 1424248
38 28 1424252
38 25 1424255
38 54 1424263
38 42 1424266
38 22 1424266
38 44 1424271
38 12 1424279
38 64 1424285
38 52 1424290
38 11 1424298
38 3 1424300
38 14 1424309
38 51 1424314
38 9 1424322
38 0 1424323
38 33 1424329
38 4 1424338
38 41 1424340
38 15 1424348
38 56 1424356
38 28 1424360
38 36 1424364
38 55 1424367
38 7 1424368
38 29 1424377
38 49 1424383
38 31 1424386
38 24 1424389
38 22 1424395
38 54 1424399
38 27 1424402
38 53 1424407
38 45 1424414
38 23 1424415
38 32 1424415
38 17 1424423
38 6 1424431
38 25 1424436
38 19 1424443
38 46 1424447
39 25 1424450
39 51 1424457
39 27 1424464
39 19 1424473
39 40 1424482
39 48 1424483
39 30 1424491
39 14 1424492
39 57 1424495
39 65 1424500
39 20 1424506
39 1 1424512
39 23 1424515
39 36 1424518
39 10 1424524
39 59 1424533
39 26 1424540
39 47 1424549
39 28 1424551
39 56 1424553
39 29 1424560
39 5 1424561
39 55 1424568
39 15 1424572
39 66 1424579
39 67 1424579
39 33 1424582
39 24 1424586
39 4 1424591
39 32 1424595
39 34 1424598
39 50 1424600
39 12 1424609
39 9 1424611
39 46 1424619
39 0 1424620
39 61 1424629
39 63 1424637
39 34 1424641
39 5 1424648
39 30 1424651
39 65 1424655
39 64 1424656
39 35 1424661
39 26 1424666
39 59 1424670
39 50 1424672
39 63 1424679
39 53 1424683
39 52 1424688
39 37 1424694
39 3 1424698
39 8 1424702
39 56 1424708
39 7 1424717
39 2 1424721
39 24 1424722
39 28 1424728
39 46 1424732
39 21 1424733
39 14 1424740
39 36 1424747
39 66 1424751
39 9 1424751
39 62 1424755
39 49 1424762
39 67 1424764
39 38 1424770
39 0 1424772
39 18 1424779
39 47 1424787
39 57 1424795
39 16 1424798
39 31 1424798
39 55 1424798
39 58 1424805
39 12 1424807
39 51 1424814
40 21 1424815
40 27 1424818
40 5 1424820
40 22 1424820
40 23 1424823
40 19 1424832
40 54 1424832
40 24 1424834
40 59 1424842
40 42 1424847
40 66 1424849
40 25 1424855
40 26 1424864
40 61 1424868
40 38 1424870
40 7 1424875
40 14 1424883
40 44 1424891
40 50 1424894
40 48 1424902
40 35 1424904
40 15 1424906
40 28 1424910
40 62 1424912
40 0 1424915
40 30 1424922
40 13 1424928
40 31 1424930
40 52 1424930
40 56 1424932
40 2 1424938
40 12 1424946
40 36 1424952
40 51 1424959
40 58 1424967
40 55 1424969
40 65 1424971
40 45 1424977
40 53 1424979
40 8 1424980
40 32 1424980
40 9 1424981
40 0 1424983
40 22 1424987
40 29 1424992
40 20 1424997
40 2 1425005
40 38 1425013
40 52 1425014
40 37 1425022
40 53 1425025
40 30 1425027
40 25 1425032
40 58 1425033
40 57 1425037
40 63 1425046
40 32 1425050
40 49 1425058
40 44 1425064
40 10 1425066
40 8 1425074
40 55 1425080
40 41 1425082
40 35 1425085
40 42 1425085
40 50 1425094
40 45 1425095
40 51 1425101
40 67 1425107
40 26 1425114
40 62 1425122
40 36 1425124
40 43 1425131
40 19 1425136
40 5 1425140
41 5 1425143
41 8 1425147
41 17 1425149
41 12 1425158
41 23 1425163
41 15 1425166
41 19 1425174
41 22 1425179
41 50 1425187
41 3 1425196
41 43 1425204
41 7 1425211
41 34 1425215
41 44 1425215
41 45 1425219
41 63 1425225
41 9 1425234
41 26 1425238
41 57 1425243
41 35 1425245
41 62 1425248
41 36 1425257
41 24 1425260
41 40 1425263
41 55 1425272
41 29 1425275
41 0 1425282
41 65 1425285
41 47 1425286
41 4 1425288
41 31 1425294
41 42 1425301
41 66 1425303
41 40 1425308
41 4 1425308
41 14 1425308
41 43 1425311
41 44 1425320
41 13 1425321
41 64 1425325
41 5 1425333
41 34 1425335
41 15 1425335
41 24 1425344
41 27 1425347
41 58 1425350
41 21 1425353
41 9 1425362
41 61 1425365
41 0 1425369
41 53 1425369
41 18 1425374
41 54 1425381
41 20 1425382
41 33 1425390
41 25 1425397
41 52 1425398
41 39 1425400
41 65 1425406
42 21 1425407
42 57 1425415
42 55 1425416
42 15 1425416
42 49 1425418
42 38 1425425
42 4 1425425
42 40 1425431
42 13 1425433
42 25 1425442
43 11 1425445
43 8 1425445
43 62 1425449
43 2 1425458
43 42 1425461
43 32 1425464
43 61 1425464
43 36 1425471
43 18 1425476
43 66 1425478
43 30 1425487
43 14 1425495
43 53 1425503
43 31 1425508
43 45 1425516
43 28 1425524
44 36 1425533
44 54 1425542
44 3 1425547
44 51 1425551
44 2 1425560
44 28 1425560
44 67 1425565
44 48 1425566
44 43 1425570
44 21 1425574
44 4 1425581
44 33 1425587
44 47 1425593
44 38 1425598
44 66 1425600
44 52 1425605
44 17 1425614
44 62 1425620
44 45 1425624
44 7 1425633
44 34 1425636
44 50 1425644
44 6 1425645
44 12 1425650
44 24 1425652
44 57 1425652
44 41 1425657
44 46 1425666
44 5 1425667
44 13 1425667
44 42 1425674
44 26 1425674
44 63 1425674
44 30 1425679
44 25 1425680
44 22 1425684
44 16 1425687
44 63 1425690
44 13 1425695
44 61 1425697
44 4 1425700
44 23 1425706
44 7 1425714
44 43 1425716
44 60 1425716
44 47 1425719
44 8 1425725
44 58 1425729
44 20 1425735
44 54 1425744
44 42 1425752
44 29 1425754
44 12 1425755
44 57 1425759
44 33 1425762
44 64 1425763
44 0 1425772
44 30 1425781
44 27 1425787
44 6 1425791
44 24 1425799
44 3 1425801
44 65 1425802
44 5 1425809
44 36 1425813
44 28 1425819
44 38 1425826
44 49 1425827
44 59 1425836
44 45 1425836
45 48 1425838
45 44 1425843
45 10 1425848
45 59 1425851
45 12 1425851
45 31 1425856
45 47 1425863
45 19 1425871
45 28 1425872
45 16 1425872
45 27 1425880
45 63 1425880
45 57 1425882
45 7 1425883
45 37 1425891
45 18 1425900
45 10 1425906
45 61 1425913
45 23 1425920
45 33 1425924
45 42 1425927
45 1 1425928
45 29 1425937
45 41 1425941
45 34 1425946
45 50 1425953
45 22 1425962
45 6 1425969
45 19 1425975
46 32 1425977
46 67 1425986
46 65 1425990
46 47 1425999
46 29 1426003
46 25 1426012
46 9 1426016
46 38 1426020
46 22 1426020
46 21 1426028
46 2 1426036
46 8 1426039
46 48 1426045
46 20 1426046
46 60 1426047
46 49 1426051
46 13 1426057
46 28 1426061
46 17 1426063
46 30 1426066
46 61 1426066
46 39 1426070
46 42 1426077
46 44 1426083
46 17 1426089
46 21 1426095
46 59 1426097
46 12 1426105
46 19 1426105
46 26 1426114
46 34 1426120
46 48 1426122
46 61 1426129
46 65 1426129
46 41 1426131
46 20 1426131
46 27 1426133
46 52 1426135
46 37 1426136
46 36 1426145
46 66 1426153
46 18 1426156
46 14 1426159
46 63 1426168
46 25 1426177
46 33 1426184
46 39 1426190
46 0 1426196
46 67 1426204
46 51 1426211
46 16 1426211
47 53 1426212
47 52 1426213
47 55 1426214
47 3 1426223
47 22 1426229
47 43 1426230
47 15 1426238
47 54 1426240
47 13 1426244
48 47 1426252
48 1 1426253
48 16 1426255
48 11 1426256
48 5 1426258
48 19 1426258
48 21 1426264
48 6 1426272
48 63 1426275
48 2 1426278
48 29 1426278
48 52 1426278
48 43 1426284
48 33 1426285
48 61 1426286
48 62 1426288
48 17 1426292
48 51 1426299
48 24 1426306
48 44 1426314
48 49 1426323
48 60 1426326
48 64 1426330
48 41 1426335
48 29 1426344
48 57 1426348
48 52 1426357
48 23 1426359
48 42 1426362
48 55 1426370
48 19 1426375
48 61 1426377
48 18 1426385
48 62 1426385
48 3 1426393
48 27 1426393
48 32 1426401
48 0 1426403
48 6 1426411
49 50 1426414
49 67 1426421
49 63 1426422
49 30 1426422
49 17 1426430
49 11 1426430
49 44 1426431
49 22 1426431
49 40 1426431
49 57 1426435
50 63 1426444
50 15 1426449
50 59 1426452
50 41 1426458
50 35 1426459
50 3 1426459
50 36 1426468
50 7 1426469
50 49 1426472
50 65 1426481
50 52 1426490
50 51 1426497
50 55 1426506
50 2 1426507
50 54 1426508
50 39 1426514
50 30 1426515
50 22 1426524
50 38 1426533
50 44 1426533
50 21 1426542
50 20 1426542
50 33 1426549
50 25 1426549
50 45 1426549
50 23 1426551
50 8 1426555
50 46 1426558
50 14 1426563
50 42 1426567
50 24 1426572
50 4 1426578
50 31 1426584
50 53 1426590
50 21 1426597
50 16 1426598
50 19 1426601
50 45 1426601
50 67 1426606
50 26 1426608
50 5 1426610
50 47 1426611
50 20 1426619
50 6 1426621
50 58 1426625
50 30 1426626
50 1 1426629
50 37 1426631
50 44 1426639
50 40 1426644
50 35 1426651
50 17 1426660
50 49 1426664
50 51 1426671
50 61 1426674
50 24 1426677
50 42 1426684
50 54 1426692
50 53 1426694
50 15 1426699
50 29 1426705
50 22 1426709
50 34 1426713
50 23 1426722
50 48 1426728
50 7 1426731
50 8 1426737
51 37 1426746
51 43 1426752
51 55 1426759
51 31 1426767
51 39 1426770
51 63 1426777
51 20 1426784
51 59 1426793
51 4 1426801
51 66 1426802
51 25 1426806
51 40 1426815
51 61 1426815
51 42 1426821
51 26 1426830
51 1 1426834
51 30 1426840
51 8 1426849
51 56 1426858
51 66 1426865
51 27 1426865
51 14 1426865
51 52 1426865
51 28 1426867
51 58 1426876
51 15 1426884
51 63 1426891
51 31 1426898
51 39 1426902
51 9 1426908
51 59 1426908
51 53 1426908
52 56 1426916
52 9 1426916
52 19 1426924
53 41 1426932
53 26 1426940
53 44 1426940
53 34 1426943
53 39 1426943
53 38 1426951
53 5 1426952
53 18 1426959
53 59 1426962
53 67 1426963
53 29 1426967
53 31 1426971
53 63 1426979
53 51 1426987
53 8 1426994
53 3 1427001
53 60 1427006
53 1 1427006
53 9 1427010
53 21 1427011
53 30 1427012
53 64 1427012
53 12 1427016
53 32 1427021
53 47 1427022
53 4 1427030
53 25 1427036
53 49 1427039
53 43 1427040
53 22 1427043
53 62 1427045
53 7 1427054
53 37 1427054
53 65 1427058
53 24 1427059
53 20 1427062
53 48 1427064
53 55 1427070
53 47 1427072
53 15 1427072
53 31 1427074
53 14 1427074
53 56 1427077
53 49 1427077
53 58 1427086
53 6 1427093
53 36 1427098
53 64 1427098
53 61 1427105
53 3 1427113
53 46 1427119
53 7 1427121
53 0 1427129
53 22 1427134
53 65 1427139
53 34 1427140
53 63 1427147
53 52 1427156
53 30 1427158
53 33 1427166
53 51 1427166
53 16 1427167
53 39 1427171
53 1 1427174
53 17 1427183
53 21 1427189
53 5 1427193
53 59 1427202
53 41 1427206
54 63 1427208
54 19 1427216
54 27 1427219
54 45 1427227
54 50 1427234
54 33 1427236
54 23 1427238
54 17 1427238
54 60 1427240
54 16 1427243
54 2 1427248
54 29 1427249
54 22 1427255
54 14 1427262
54 21 1427267
54 46 1427267
54 52 1427274
54 5 1427277
54 58 1427280
54 64 1427285
54 34 1427293
54 15 1427296
54 42 1427305
54 3 1427310
54 8 1427312
54 12 1427319
54 9 1427323
54 1 1427328
54 64 1427336
54 20 1427344
54 4 1427345
54 15 1427349
54 21 1427353
54 12 1427362
54 7 1427371
54 19 1427379
54 11 1427382
54 3 1427382
54 10 1427389
54 46 1427397
54 31 1427398
54 58 1427402
54 41 1427411
54 26 1427420
54 44 1427428
54 49 1427429
54 40 1427436
54 2 1427442
54 66 1427448
54 35 1427451
54 34 1427451
54 36 1427454
54 60 1427460
54 39 1427467
54 25 1427471
54 51 1427471
54 8 1427472
55 26 1427474
55 27 1427477
55 21 1427480
55 1 1427483
55 47 1427489
55 52 1427497
55 22 1427503
55 59 1427512
55 23 1427516
55 2 1427518
55 12 1427521
55 51 1427525
55 31 1427529
55 8 1427534
55 38 1427538
55 61 1427541
55 45 1427550
55 42 1427559
55 30 1427564
55 35 1427570
55 62 1427571
55 17 1427577
55 32 1427586
55 41 1427591
55 24 1427592
55 63 1427598
55 11 1427601
55 4 1427610
55 9 1427618
55 58 1427618
55 33 1427618
55 65 1427623
55 14 1427624
55 3 1427631
55 16 1427636
55 37 1427641
55 18 1427641
55 43 1427643
55 64 1427646
55 15 1427653
55 29 1427657
55 46 1427660
55 20 1427662
55 30 1427664
55 65 1427666
55 48 1427672
55 13 1427675
55 64 1427675
55 46 1427677
55 15 1427677
55 62 1427677
55 8 1427679
55 19 1427684
55 18 1427689
55 24 1427690
55 2 1427696
55 52 1427703
55 51 1427703
55 49 1427703
55 25 1427703
55 9 1427704
55 28 1427712
55 11 1427714
55 4 1427714
55 58 1427714
55 66 1427718
55 44 1427719
55 7 1427719
55 56 1427724
55 14 1427729
55 37 1427729
55 27 1427731
55 42 1427737
55 31 1427745
55 60 1427748
55 0 1427754
55 16 1427761
55 57 1427769
55 29 1427774
55 23 1427776
55 20 1427783
55 67 1427791
55 54 1427794
55 45 1427798
55 10 1427805
56 11 1427813
56 42 1427821
56 55 1427823
56 53 1427823
56 54 1427826
56 9 1427830
56 19 1427833
56 48 1427840
56 29 1427849
56 58 1427858
56 10 1427864
56 8 1427873
56 6 1427879
56 38 1427886
56 32 1427888
56 28 1427894
56 46 1427900
56 26 1427900
56 37 1427904
56 62 1427906
56 12 1427908
56 17 1427913
56 57 1427918
56 23 1427922
56 22 1427927
56 5 1427931
57 14 1427937
57 46 1427939
57 31 1427939
57 36 1427948
57 56 1427950
57 43 1427950
57 38 1427956
57 17 1427959
57 18 1427966
57 49 1427972
57 66 1427974
57 7 1427981
57 4 1427990
57 42 1427994
57 9 1428001
57 32 1428002
57 3 1428006
57 51 1428006
57 19 1428015
57 24 1428018
57 16 1428019
57 20 1428021
57 61 1428024
57 41 1428032
57 47 1428033
57 21 1428037
57 0 1428038
57 40 1428039
57 15 1428041
57 27 1428042
57 1 1428047
57 34 1428051
57 67 1428052
57 12 1428052
57 25 1428059
57 6 1428065
57 26 1428074
57 45 1428074
57 58 1428079
57 23 1428082
57 10 1428090
57 62 1428095
57 52 1428103
57 48 1428105
57 24 1428113
57 43 1428116
57 34 1428120
57 48 1428125
57 55 1428127
57 65 1428135
57 11 1428135
57 35 1428139
57 67 1428148
57 56 1428153
57 40 1428153
57 33 1428160
57 15 1428167
57 23 1428169
57 16 1428171
57 18 1428176
57 45 1428179
57 28 1428182
57 10 1428183
57 47 1428184
57 9 1428191
57 44 1428196
57 32 1428197
57 64 1428201
57 37 1428205
57 36 1428206
57 60 1428209
57 0 1428212
57 49 1428214
57 62 1428217
57 59 1428223
57 1 1428226
57 30 1428234
57 2 1428237
57 52 1428241
57 17 1428245
57 4 1428251
57 29 1428252
57 58 1428255
57 39 1428262
57 25 1428262
57 66 1428271
57 27 1428275
57 3 1428276
58 30 1428284
58 47 1428290
58 24 1428296
58 31 1428299
59 25 1428305
59 63 1428313
59 51 1428313
59 48 1428318
59 42 1428318
59 28 1428324
59 34 1428329
59 9 1428337
59 41 1428337
59 62 1428345
59 37 1428347
59 31 1428354
59 67 1428359
59 14 1428365
59 19 1428370
59 15 1428375
59 65 1428382
59 7 1428383
59 49 1428384
59 22 1428384
59 11 1428388
59 21 1428390
59 60 1428397
59 52 1428399
59 4 1428400
59 16 1428407
59 18 1428416
59 17 1428418
59 24 1428424
59 8 1428425
59 1 1428426
59 5 1428429
59 39 1428430
59 58 1428438
59 64 1428441
59 32 1428447
59 44 1428450
59 46 1428450
59 36 1428455
59 49 1428458
59 22 1428464
59 12 1428468
59 33 1428473
59 0 1428480
59 39 1428486
59 52 1428492
59 63 1428495
59 20 1428499
59 3 1428507
59 47 1428510
59 65 1428519
59 16 1428526
59 29 1428534
59 26 1428539
59 53 1428543
59 7 1428543
59 4 1428546
59 10 1428553
59 8 1428554
59 13 1428555
59 28 1428564
59 32 1428565
59 6 1428573
59 50 1428578
59 64 1428584
59 54 1428587
59 48 1428593
59 25 1428597
59 37 1428603
59 43 1428611
59 15 1428614
59 67 1428622
59 40 1428625
59 55 1428625
60 39 1428628
60 42 1428637
60 54 1428641
60 4 1428642
60 22 1428643
60 67 1428645
60 34 1428651
60 50 1428652
60 41 1428653
60 57 1428657
60 31 1428662
60 29 1428667
60 14 1428669
60 37 1428675
60 11 1428680
60 26 1428686
60 18 1428691
60 21 1428699
60 35 1428706
60 43 1428712
60 12 1428716
60 32 1428724
60 20 1428728
60 24 1428736
60 62 1428745
60 0 1428753
60 53 1428762
60 40 1428768
60 6 1428772
60 7 1428773
60 66 1428782
60 49 1428783
60 13 1428784
60 3 1428790
60 15 1428791
60 36 1428794
60 23 1428801
60 52 1428801
60 45 1428810
60 44 1428816
60 59 1428824
60 48 1428829
60 25 1428832
60 28 1428841
60 44 1428842
60 57 1428843
60 14 1428843
60 13 1428847
60 4 1428849
60 66 1428855
60 42 1428863
60 32 1428871
60 31 1428877
60 23 1428881
60 45 1428889
60 3 1428897
60 33 1428903
60 59 1428910
60 56 1428911
60 46 1428914
60 62 1428922
60 65 1428928
60 52 1428935
60 34 1428943
60 24 1428952
60 64 1428959
60 47 1428961
60 25 1428970
60 36 1428976
60 54 1428982
60 35 1428982
60 7 1428991
60 10 1428995
60 41 1429004
60 8 1429006
60 38 1429006
60 30 1429007
60 12 1429013
60 18 1429018
60 29 1429027
60 55 1429027
61 6 1429032
61 63 1429039
61 65 1429040
61 62 1429041
61 36 1429044
61 67 1429050
61 27 1429051
61 51 1429052
61 55 1429057
61 60 1429062
61 7 1429068
61 48 1429075
61 35 1429083
61 18 1429090
61 54 1429090
61 29 1429095
61 46 1429101
61 21 1429101
61 57 1429104
61 15 1429105
61 64 1429113
61 10 1429115
61 29 1429120
61 51 1429120
61 58 1429122
61 20 1429129
61 23 1429136
61 57 1429143
61 43 1429150
61 47 1429155
61 4 1429164
61 59 1429173
61 14 1429182
61 22 1429187
61 56 1429193
61 8 1429193
61 17 1429195
61 55 1429196
61 53 1429203
62 16 1429208
62 44 1429217
62 5 1429225
62 18 1429226
62 47 1429232
62 38 1429238
62 40 1429245
62 32 1429250
62 28 1429253
62 25 1429255
62 13 1429262
62 11 1429266
62 59 1429270
62 0 1429277
62 20 1429286
62 31 1429293
62 35 1429298
62 46 1429301
62 17 1429310
62 60 1429318
62 24 1429324
62 52 1429333
62 1 1429339
62 10 1429345
62 39 1429348
62 67 1429352
62 14 1429360
62 8 1429362
62 65 1429366
62 66 1429368
62 34 1429371
62 45 1429380
62 26 1429387
62 29 1429390
62 9 1429398
62 52 1429398
62 2 1429404
62 25 1429406
62 20 1429410
62 32 1429417
62 13 1429419
62 38 1429423
62 29 1429429
62 54 1429429
62 4 1429432
62 7 1429438
62 34 1429441
62 55 1429450
62 39 1429452
62 48 1429455
62 64 1429462
62 21 1429471
62 23 1429477
62 42 1429483
62 67 1429485
62 18 1429492
62 19 1429499
62 14 1429508
62 17 1429515
62 49 1429516
62 61 1429520
62 56 1429523
62 10 1429531
62 53 1429533
62 30 1429536
62 43 1429538
62 66 1429539
62 22 1429547
62 24 1429550
62 65 1429559
62 60 1429563
62 16 1429563
63 57 1429569
63 34 1429571
63 37 1429577
63 30 1429582
63 36 1429584
64 41 1429584
64 16 1429593
64 30 1429602
64 2 1429609
64 5 1429618
64 25 1429620
64 50 1429627
64 12 1429633
64 44 1429636
64 52 1429644
64 26 1429648
64 22 1429654
64 37 1429654
64 23 1429663
64 51 1429667
64 67 1429670
64 34 1429676
64 10 1429677
64 39 1429686
64 24 1429695
64 9 1429703
64 13 1429711
64 62 1429714
64 48 1429715
64 37 1429715
64 62 1429716
64 27 1429717
64 57 1429723
64 10 1429729
64 18 1429730
64 28 1429732
64 8 1429738
64 50 1429745
64 4 1429754
64 51 1429754
64 65 1429762
64 67 1429768
64 33 1429769
64 25 1429776
64 60 1429785
64 24 1429792
64 43 1429792
64 46 1429801
64 16 1429803
64 44 1429807
64 54 1429809
64 36 1429818
65 29 1429823
65 63 1429832
65 28 1429839
65 64 1429844
65 15 1429853
65 56 1429861
65 43 1429868
65 2 1429871
65 40 1429875
65 33 1429876
65 45 1429881
65 14 1429890
65 8 1429892
65 37 1429899
65 23 1429901
65 8 1429901
65 26 1429907
65 59 1429909
65 49 1429913
65 57 1429920
65 62 1429920
65 17 1429922
65 1 1429927
65 22 1429929
65 56 1429930
65 4 1429933
65 28 1429935
65 47 1429941
65 12 1429941
65 58 1429947
66 30 1429956
66 18 1429963
66 31 1429968
66 44 1429973
66 45 1429981
66 61 1429983
66 35 1429986
66 59 1429995
66 37 1430003
66 22 1430004
66 13 1430006
66 67 1430012
66 12 1430021
66 25 1430029
66 56 1430030
66 26 1430033
66 50 1430037
66 9 1430046
66 40 1430050
66 34 1430056
66 39 1430064
66 53 1430068
66 28 1430077
66 12 1430085
66 5 1430088
66 29 1430094
66 61 1430094
66 39 1430095
66 3 1430097
66 9 1430100
66 27 1430105
66 44 1430114
66 53 1430123
66 11 1430132
66 33 1430138
66 2 1430143
66 45 1430149
66 65 1430155
66 4 1430156
66 7 1430164
66 60 1430171
66 47 1430174
66 48 1430183
67 47 1430185
67 57 1430193
67 28 1430202
67 25 1430205
67 56 1430208
67 8 1430212
67 60 1430220
67 42 1430221
67 48 1430229
67 43 1430231
67 52 1430233
67 0 1430239
67 27 1430244
67 16 1430248
67 1 1430255
67 49 1430257
67 35 1430260
67 61 1430266
67 24 1430270
67 0 1430274
67 50 1430281
67 7 1430290
67 18 1430296
67 57 1430302
