70
false
0 48 1538653
0 21 1538656
0 23 1538656
0 27 1538657
0 66 1538661
0 4 1538667
0 5 1538674
0 61 1538674
0 31 1538677
0 18 1538682
0 43 1538689
0 39 1538689
0 64 1538692
0 28 1538694
0 10 1538697
0 22 1538697
0 54 1538704
0 56 1538710
0 6 1538713
0 11 1538713
0 51 1538721
0 49 1538723
0 46 1538728
0 1 1538733
0 65 1538735
0 25 1538736
0 15 1538741
0 33 1538748
0 67 1538755
0 14 1538757
0 8 1538763
0 24 1538763
0 69 1538765
0 9 1538767
0 19 1538769
0 55 1538772
0 34 1538780
0 50 1538783
0 13 1538787
0 37 1538794
0 53 1538798
0 35 1538801
0 27 1538810
0 14 1538811
0 9 1538813
0 6 1538817
0 25 1538822
0 17 1538824
0 1 1538831
0 23 1538835
0 13 1538841
0 49 1538850
0 16 1538857
0 26 1538858
0 30 1538858
0 44 1538866
0 53 1538869
0 7 1538878
0 64 1538887
0 31 1538889
0 56 1538898
0 41 1538898
0 19 1538900
0 68 1538900
0 24 1538904
0 50 1538909
0 10 1538909
0 2 1538909
0 45 1538916
0 66 1538920
0 8 1538927
0 46 1538933
0 67 1538941
0 22 1538942
0 37 1538951
0 12 1538955
0 62 1538959
0 47 1538963
0 34 1538965
0 58 1538969
0 42 1538973
1 22 1538974
1 61 1538980
1 14 1538988
1 27 1538996
1 65 1539004
1 11 1539007
1 66 1539011
1 21 1539016
1 50 1539023
1 19 1539027
1 54 1539027
1 60 1539027
1 51 1539034
1 24 1539039
1 49 1539048
1 52 1539053
1 33 1539053
1 15 1539055
1 18 1539058
1 29 1539065
1 10 1539072
1 53 1539075
1 42 1539083
1 34 1539087
1 17 1539092
1 30 1539097
1 5 1539103
1 57 1539110
1 56 1539110
1 44 1539117
1 49 1539123
1 65 1539127
1 39 1539134
1 20 1539143
1 40 1539149
1 36 1539151
1 25 1539152
1 22 1539152
1 62 1539157
1 5 1539161
1 0 1539166
1 52 1539174
1 34 1539183
1 24 1539189
1 56 1539191
1 48 1539193
1 47 1539195
1 6 1539199
1 53 1539207
1 61 1539213
1 17 1539221
1 37 1539222
1 42 1539228
1 66 1539236
1 43 1539236
1 7 1539238
1 41 1539241
1 68 1539246
1 26 1539249
1 60 1539249
1 63 1539254
1 13 1539263
2 42 1539269
2 25 1539272
2 0 1539275
2 29 1539284
2 63 1539286
2 19 1539286
2 21 1539287
2 64 1539291
2 41 1539292
2 68 1539296
2 66 1539300
2 60 1539309
2 12 1539311
2 9 1539319
2 11 1539324
2 22 1539333
2 32 1539338
2 40 1539345
2 26 1539346
2 61 1539352
2 57 1539357
2 47 1539366
2 15 1539369
2 37 1539378
2 6 1539382
2 38 1539382
2 35 1539390
2 3 1539391
2 54 1539394
2 36 1539395
2 45 1539395
2 5 1539401
2 54 1539406
2 46 1539415
2 19 1539418
2 57 1539419
2 45 1539426
2 11 1539426
2 56 1539432
2 53 1539438
2 10 1539445
2 64 1539452
2 30 1539461
2 26 1539465
2 38 1539466
2 23 1539472
2 6 1539481
2 52 1539485
2 13 1539492
2 50 1539492
2 37 1539499
2 61 1539508
2 29 1539511
2 62 1539511
2 32 1539517
2 55 1539524
2 42 1539530
2 59 1539536
2 22 1539544
2 27 1539550
2 41 1539550
2 5 1539559
2 65 1539563
3 50 1539569
3 5 1539571
3 22 1539577
3 4 1539577
3 44 1539579
3 10 1539580
3 12 1539584
3 1 1539584
3 61 1539588
3 28 1539588
3 26 1539595
3 16 1539599
3 13 1539599
3 21 1539606
3 46 1539609
3 36 1539610
3 25 1539618
3 41 1539618
3 2 1539621
3 37 1539625
3 27 1539634
3 68 1539642
3 31 1539643
3 32 1539643
3 34 1539651
3 69 1539659
3 17 1539664
3 51 1539673
3 59 1539673
3 15 1539675
3 16 1539682
3 28 1539689
3 25 1539698
3 49 1539707
3 45 1539713
3 63 1539715
3 8 1539718
3 42 1539727
3 5 1539734
3 41 1539735
3 40 1539744
3 66 1539746
3 4 1539751
4 19 1539758
4 21 1539764
4 27 1539772
4 53 1539779
4 29 1539781
4 2 1539789
4 16 1539795
4 43 1539803
4 47 1539803
4 17 1539812
4 41 1539817
4 59 1539817
4 69 1539824
4 15 1539828
4 6 1539833
4 52 1539840
4 63 1539841
4 7 1539850
4 48 1539859
4 23 1539861
4 37 1539862
4 20 1539867
4 36 1539868
4 22 1539874
4 38 1539877
4 67 1539880
4 1 1539880
4 65 1539881
4 62 1539887
4 60 1539888
4 45 1539891
4 12 1539897
4 66 1539904
4 42 1539911
4 10 1539918
4 5 1539927
4 18 1539935
4 58 1539935
4 39 1539941
4 3 1539949
4 24 1539956
4 24 1539957
4 32 1539961
4 3 1539962
4 58 1539968
4 0 1539971
4 45 1539974
4 66 1539978
4 41 1539987
4 25 1539987
4 1 1539993
4 26 1539997
4 46 1540000
4 11 1540003
4 22 1540003
4 34 1540009
4 61 1540014
4 27 1540015
4 15 1540024
4 21 1540028
4 5 1540035
4 30 1540041
4 68 1540047
4 18 1540056
4 44 1540061
4 51 1540070
4 64 1540071
4 16 1540080
4 8 1540084
4 10 1540089
4 54 1540097
4 38 1540104
4 65 1540113
4 49 1540119
4 33 1540123
4 31 1540125
4 42 1540132
4 59 1540139
4 62 1540143
4 23 1540147
4 39 1540150
4 20 1540155
4 13 1540155
4 9 1540155
4 14 1540162
4 52 1540168
5 65 1540169
5 29 1540171
5 11 1540179
5 22 1540183
5 66 1540189
5 18 1540190
5 49 1540193
5 32 1540197
5 55 1540206
5 38 1540211
5 59 1540218
5 46 1540226
5 68 1540227
5 48 1540234
5 9 1540243
5 61 1540252
5 31 1540257
5 58 1540266
5 44 1540267
5 67 1540270
5 2 1540274
5 34 1540276
5 41 1540285
5 10 1540291
5 3 1540297
5 13 1540298
5 1 1540301
5 62 1540303
5 54 1540308
5 42 1540312
5 8 1540315
5 17 1540323
5 57 1540324
5 12 1540333
5 21 1540336
5 7 1540339
5 15 1540347
5 19 1540355
5 20 1540358
5 24 1540361
5 30 1540361
5 50 1540366
5 62 1540371
5 15 1540378
5 17 1540383
5 16 1540391
5 56 1540394
5 51 1540403
5 47 1540403
5 54 1540403
5 32 1540412
5 55 1540416
5 31 1540425
5 61 1540428
5 67 1540436
5 14 1540441
5 1 1540450
5 43 1540458
5 69 1540461
5 13 1540467
5 25 1540469
5 21 1540471
5 24 1540474
5 63 1540474
5 60 1540481
5 29 1540484
5 65 1540486
5 26 1540490
5 58 1540495
5 2 1540501
5 35 1540503
5 45 1540503
5 48 1540503
5 46 1540508
5 3 1540513
5 36 1540520
5 10 1540521
5 20 1540524
5 40 1540525
5 66 1540532
5 23 1540537
5 52 1540543
6 63 1540545
6 29 1540553
6 4 1540560
6 20 1540564
6 17 1540573
6 9 1540575
6 64 1540580
6 30 1540586
6 19 1540589
6 48 1540591
6 15 1540592
6 61 1540594
6 26 1540598
6 13 1540605
6 27 1540612
6 21 1540621
6 16 1540626
6 24 1540626
6 33 1540628
6 47 1540637
6 7 1540646
6 56 1540654
6 52 1540660
6 28 1540662
6 14 1540667
6 50 1540675
6 0 1540682
6 67 1540682
6 36 1540686
6 55 1540687
6 68 1540692
6 31 1540699
6 0 1540706
6 45 1540714
6 15 1540714
6 57 1540722
6 49 1540727
6 2 1540730
6 52 1540734
6 21 1540736
6 42 1540736
6 48 1540744
6 69 1540750
6 53 1540758
6 22 1540762
6 12 1540763
6 61 1540765
6 39 1540766
6 9 1540773
6 23 1540779
6 32 1540787
6 38 1540791
6 34 1540794
6 16 1540802
6 65 1540803
6 58 1540808
6 29 1540816
6 66 1540824
6 44 1540831
6 5 1540831
6 10 1540834
7 1 1540841
7 0 1540847
7 41 1540852
7 32 1540861
7 2 1540864
7 40 1540871
7 5 1540871
7 54 1540874
7 23 1540874
7 12 1540874
7 31 1540878
7 69 1540883
7 20 1540892
7 50 1540897
7 61 1540906
7 47 1540908
7 48 1540916
7 8 1540925
7 43 1540928
7 58 1540936
8 45 1540941
8 35 1540942
8 48 1540950
8 12 1540953
8 28 1540958
8 49 1540958
8 10 1540967
8 61 1540967
8 14 1540969
8 19 1540973
8 9 1540975
8 65 1540976
8 37 1540976
8 54 1540981
8 13 1540987
8 2 1540991
8 55 1540993
8 66 1540993
8 30 1540994
8 0 1540997
8 62 1541001
8 4 1541005
8 25 1541013
8 31 1541018
8 27 1541024
8 52 1541031
8 60 1541040
8 39 1541042
8 53 1541049
8 22 1541050
8 32 1541058
8 6 1541064
8 46 1541064
8 43 1541072
8 7 1541073
8 36 1541076
8 50 1541083
8 44 1541087
8 24 1541094
8 41 1541102
8 9 1541102
8 63 1541102
8 43 1541105
8 4 1541109
8 65 1541112
8 31 1541116
8 7 1541120
8 14 1541128
8 13 1541135
8 28 1541136
8 10 1541136
8 18 1541140
8 45 1541144
8 23 1541152
8 2 1541161
8 49 1541165
8 52 1541174
8 57 1541180
8 51 1541181
8 69 1541186
8 37 1541188
8 32 1541189
8 42 1541195
8 25 1541196
8 48 1541201
8 33 1541209
8 20 1541212
8 54 1541213
8 40 1541215
8 53 1541223
8 3 1541230
8 39 1541235
8 64 1541243
9 41 1541244
9 3 1541246
9 54 1541252
9 56 1541257
9 27 1541262
9 20 1541271
9 47 1541277
9 67 1541277
9 23 1541283
9 7 1541285
9 39 1541293
9 44 1541297
9 55 1541305
9 35 1541314
9 37 1541319
9 49 1541324
9 60 1541329
9 18 1541336
9 59 1541345
9 45 1541354
9 52 1541358
9 11 1541361
9 13 1541361
9 19 1541363
9 15 1541371
9 40 1541376
9 63 1541384
9 34 1541390
9 36 1541392
9 58 1541400
9 61 1541402
9 51 1541406
9 16 1541414
9 22 1541419
9 25 1541426
9 55 1541430
9 12 1541435
9 21 1541444
9 48 1541446
9 63 1541452
9 29 1541456
9 40 1541457
9 43 1541463
9 31 1541469
9 6 1541478
9 26 1541480
9 37 1541480
9 7 1541483
9 4 1541492
9 30 1541500
9 34 1541502
9 57 1541507
9 50 1541510
9 19 1541511
9 47 1541520
9 2 1541520
9 28 1541522
9 52 1541526
9 44 1541526
9 14 1541528
9 41 1541536
9 11 1541541
9 24 1541546
9 45 1541549
10 18 1541554
10 0 1541557
10 49 1541564
10 67 1541573
10 51 1541582
10 13 1541588
10 11 1541592
10 55 1541596
10 41 1541601
10 15 1541607
10 33 1541607
10 3 1541613
10 64 1541613
10 24 1541615
10 29 1541624
10 22 1541626
10 59 1541627
10 61 1541629
10 4 1541630
10 23 1541638
10 36 1541647
10 54 1541654
10 34 1541663
10 39 1541672
10 26 1541676
10 5 1541680
10 27 1541683
10 62 1541690
10 28 1541693
10 58 1541702
10 39 1541705
10 24 1541712
10 4 1541718
10 40 1541727
10 35 1541733
10 30 1541738
10 66 1541744
10 13 1541745
10 43 1541752
10 69 1541757
10 26 1541764
10 41 1541769
10 46 1541770
10 15 1541772
10 22 1541773
10 37 1541782
10 55 1541787
10 21 1541793
10 29 1541800
10 33 1541805
10 19 1541805
10 52 1541810
10 51 1541812
10 65 1541812
10 23 1541814
10 9 1541820
10 50 1541821
10 28 1541824
10 0 1541831
10 57 1541839
10 68 1541845
10 25 1541846
11 34 1541848
11 57 1541852
11 25 1541854
11 18 1541858
11 32 1541867
11 10 1541874
11 48 1541880
11 47 1541881
11 45 1541883
11 12 1541887
11 2 1541896
11 15 1541897
11 9 1541900
11 39 1541907
11 44 1541914
11 17 1541918
11 67 1541922
11 56 1541924
11 30 1541930
11 41 1541932
11 63 1541941
11 69 1541943
11 31 1541949
11 14 1541954
11 52 1541961
11 66 1541968
11 0 1541974
11 10 1541976
11 53 1541983
11 59 1541987
11 26 1541990
11 3 1541990
11 51 1541995
11 12 1541998
11 21 1542004
11 6 1542011
11 27 1542018
11 9 1542018
11 36 1542025
11 55 1542030
11 64 1542033
11 65 1542035
11 5 1542042
11 7 1542046
11 48 1542049
11 40 1542052
11 16 1542054
11 24 1542055
12 48 1542059
12 13 1542065
12 43 1542067
12 53 1542070
12 16 1542071
12 62 1542074
12 26 1542080
12 8 1542081
12 10 1542087
12 11 1542094
12 40 1542095
12 30 1542096
12 45 1542102
12 3 1542103
12 29 1542103
12 59 1542107
12 67 1542116
12 40 1542116
12 2 1542121
12 38 1542124
12 27 1542126
12 1 1542132
12 23 1542138
12 28 1542144
12 54 1542153
12 47 1542157
12 22 1542159
12 3 1542166
12 34 1542168
12 0 1542173
12 8 1542180
12 45 1542188
13 42 1542190
13 36 1542196
13 20 1542196
13 19 1542202
13 32 1542204
13 24 1542207
13 30 1542215
13 2 1542223
13 35 1542229
13 38 1542232
13 18 1542232
13 15 1542238
13 9 1542241
13 41 1542250
13 21 1542255
13 16 1542264
13 55 1542270
13 59 1542273
13 43 1542280
13 4 1542288
13 12 1542291
13 66 1542294
13 45 1542299
13 11 1542305
13 50 1542309
13 22 1542311
13 67 1542318
13 49 1542324
13 54 1542331
13 25 1542340
13 0 1542349
13 27 1542351
13 8 1542356
13 40 1542356
13 5 1542359
13 63 1542368
13 3 1542368
13 1 1542376
13 37 1542379
13 31 1542381
13 62 1542386
13 50 1542394
13 2 1542394
13 20 1542398
13 37 1542402
13 23 1542406
13 33 1542406
13 66 1542411
13 15 1542419
13 55 1542427
13 39 1542432
13 3 1542434
13 19 1542441
13 10 1542442
13 45 1542446
13 47 1542453
13 16 1542453
13 54 1542457
13 27 1542457
13 67 1542464
13 38 1542469
13 53 1542474
13 0 1542478
13 46 1542483
13 29 1542491
13 69 1542498
13 48 1542506
13 7 1542507
13 57 1542510
13 30 1542514
13 34 1542514
13 32 1542516
13 51 1542517
13 40 1542517
13 49 1542517
13 41 1542525
13 31 1542533
13 24 1542538
13 17 1542546
13 22 1542552
13 60 1542554
14 57 1542561
14 49 1542568
14 58 1542572
14 69 1542580
14 60 1542581
14 27 1542585
14 12 1542585
14 5 1542585
14 56 1542585
14 47 1542592
14 39 1542601
14 46 1542604
14 35 1542611
14 25 1542611
14 24 1542615
14 21 1542618
14 43 1542623
14 13 1542626
14 53 1542632
14 22 1542632
14 0 1542635
14 42 1542644
14 67 1542645
14 28 1542649
14 8 1542649
14 3 1542654
14 41 1542659
14 33 1542664
14 37 1542671
14 10 1542675
14 66 1542676
14 1 1542684
14 62 1542685
14 29 1542688
14 38 1542694
14 34 1542700
14 6 1542702
14 18 1542708
14 3 1542712
14 49 1542712
14 13 1542718
14 51 1542727
14 68 1542736
14 23 1542740
14 31 1542744
14 32 1542749
14 26 1542754
14 6 1542755
14 29 1542759
14 28 1542761
14 8 1542767
14 63 1542771
14 30 1542775
14 33 1542783
14 22 1542789
14 9 1542791
14 57 1542794
14 41 1542796
14 50 1542798
14 12 1542801
14 43 1542807
14 18 1542809
14 2 1542814
14 5 1542822
14 39 1542826
14 37 1542829
14 53 1542837
14 52 1542838
14 54 1542842
14 58 1542844
14 56 1542846
14 60 1542854
14 24 1542857
14 42 1542862
14 17 1542868
15 35 1542871
15 68 1542871
15 2 1542873
15 1 1542875
15 7 1542881
15 40 1542883
15 48 1542887
15 16 1542892
15 54 1542900
16 29 1542906
16 31 1542913
16 10 1542920
16 64 1542924
16 60 1542924
16 44 1542929
16 56 1542931
16 8 1542939
16 34 1542948
16 52 1542951
16 17 1542954
16 15 1542959
16 19 1542962
16 50 1542965
16 3 1542969
16 32 1542978
16 7 1542987
16 69 1542991
16 12 1542996
16 39 1542999
16 25 1542999
16 2 1543007
16 48 1543009
16 55 1543009
16 20 1543014
16 24 1543023
16 41 1543029
16 42 1543033
16 46 1543041
16 45 1543045
16 11 1543048
16 65 1543054
16 9 1543055
16 66 1543058
16 31 1543065
16 25 1543070
16 68 1543072
16 45 1543077
16 42 1543080
16 51 1543081
16 14 1543088
16 66 1543088
16 60 1543091
16 46 1543091
16 11 1543095
16 4 1543099
16 27 1543101
16 48 1543106
16 69 1543107
16 6 1543113
16 38 1543116
16 54 1543117
16 33 1543121
16 62 1543128
16 10 1543130
16 53 1543130
16 8 1543139
16 64 1543140
16 22 1543146
16 50 1543153
16 55 1543154
16 15 1543157
16 19 1543166
16 3 1543174
16 34 1543180
17 56 1543180
17 50 1543186
17 14 1543186
17 65 1543194
17 31 1543194
17 18 1543201
17 42 1543204
17 22 1543206
17 11 1543211
17 8 1543218
17 35 1543225
17 69 1543234
17 27 1543236
17 67 1543239
17 10 1543243
17 59 1543243
17 44 1543250
17 34 1543254
17 5 1543258
17 45 1543263
17 68 1543264
17 52 1543266
17 25 1543274
17 32 1543279
17 38 1543284
17 54 1543285
17 48 1543287
17 6 1543292
17 53 1543293
17 57 1543302
17 39 1543306
17 64 1543311
17 4 1543315
17 28 1543322
17 7 1543325
17 55 1543332
17 15 1543332
17 29 1543340
17 16 1543347
17 0 1543348
17 20 1543349
17 26 1543356
17 33 1543365
17 16 1543368
17 29 1543369
17 19 1543375
17 65 1543379
17 14 1543381
17 43 1543389
17 49 1543391
17 25 1543392
17 31 1543396
17 38 1543397
17 60 1543397
17 22 1543397
17 53 1543404
17 21 1543411
17 24 1543412
17 33 1543421
17 40 1543425
17 10 1543433
17 20 1543439
17 52 1543443
17 50 1543447
17 18 1543452
17 32 1543457
17 36 1543459
17 58 1543459
17 44 1543460
17 34 1543463
17 5 1543463
17 61 1543471
17 2 1543477
17 48 1543485
17 51 1543493
17 11 1543498
17 3 1543507
17 6 1543512
17 64 1543518
17 57 1543527
17 23 1543527
17 15 1543531
18 9 1543534
18 49 1543540
18 54 1543549
18 27 1543553
18 20 1543558
18 38 1543559
18 30 1543566
18 64 1543566
18 25 1543567
18 63 1543571
18 57 1543571
18 42 1543577
18 16 1543579
19 20 1543582
19 26 1543591
20 17 1543598
20 35 1543604
20 44 1543613
20 59 1543614
20 67 1543616
20 31 1543620
20 57 1543624
20 42 1543624
20 7 1543630
20 15 1543634
20 66 1543641
20 62 1543643
20 41 1543648
20 16 1543649
20 60 1543651
20 32 1543659
20 19 1543660
20 0 1543662
20 52 1543669
20 21 1543675
20 51 1543680
20 5 1543688
20 9 1543691
20 13 1543699
20 48 1543707
20 12 1543714
20 61 1543714
20 4 1543715
20 2 1543722
20 40 1543731
20 54 1543734
20 61 1543740
20 0 1543742
20 44 1543751
20 5 1543760
20 6 1543764
20 10 1543773
20 21 1543776
20 69 1543778
20 41 1543782
20 19 1543786
20 64 1543789
20 25 1543795
20 2 1543801
20 30 1543806
20 15 1543812
20 38 1543820
20 4 1543828
20 42 1543836
20 39 1543844
20 37 1543851
20 59 1543857
20 12 1543865
20 49 1543870
20 36 1543876
20 48 1543878
20 16 1543883
20 13 1543891
20 46 1543894
20 1 1543900
20 32 1543901
20 3 1543910
21 62 1543918
21 32 1543924
21 56 1543928
21 11 1543928
21 34 1543928
21 6 1543928
21 1 1543937
21 9 1543943
21 61 1543944
21 2 1543953
21 40 1543958
21 28 1543961
21 22 1543970
21 30 1543976
21 39 1543979
21 43 1543986
21 29 1543992
21 7 1543995
21 59 1544000
21 16 1544005
21 18 1544014
21 26 1544021
21 5 1544028
21 20 1544035
21 49 1544037
21 3 1544038
21 47 1544041
21 44 1544048
21 69 1544054
21 0 1544058
21 63 1544067
21 51 1544070
21 35 1544070
21 38 1544071
21 27 1544079
21 66 1544084
21 25 1544092
21 4 1544092
21 54 1544095
21 12 1544101
21 50 1544106
21 8 1544107
21 58 1544111
21 65 1544118
21 46 1544119
21 24 1544125
21 24 1544130
21 45 1544135
21 67 1544140
21 38 1544146
21 20 1544149
21 19 1544153
21 31 1544162
21 11 1544163
21 4 1544171
21 51 1544173
21 12 1544179
21 17 1544180
21 64 1544180
21 36 1544182
21 61 1544184
21 27 1544190
21 29 1544196
21 68 1544198
21 13 1544201
21 42 1544208
21 63 1544217
21 14 1544220
21 0 1544229
21 18 1544237
21 57 1544240
21 41 1544245
21 35 1544247
21 49 1544252
21 10 1544261
21 7 1544265
21 16 1544267
21 48 1544272
21 58 1544275
21 5 1544275
21 32 1544278
21 46 1544279
21 69 1544288
21 2 1544294
21 34 1544300
21 56 1544305
21 43 1544312
21 54 1544321
21 39 1544322
21 22 1544327
22 15 1544336
22 69 1544344
22 40 1544349
22 0 1544350
22 25 1544352
22 28 1544354
22 49 1544360
22 24 1544365
22 43 1544374
22 27 1544375
22 30 1544382
22 52 1544383
22 53 1544388
22 29 1544394
22 31 1544396
22 1 1544399
22 20 1544402
22 68 1544402
22 46 1544405
22 35 1544409
22 57 1544415
22 12 1544416
22 3 1544421
22 33 1544429
22 24 1544433
22 1 1544434
22 16 1544438
22 35 1544439
22 65 1544448
22 43 1544456
22 34 1544461
22 38 1544470
22 68 1544473
22 66 1544479
22 41 1544487
22 9 1544491
22 64 1544493
22 15 1544501
22 18 1544509
22 60 1544516
22 26 1544516
24 17 1544517
24 2 1544524
24 6 1544524
24 40 1544533
24 58 1544533
24 37 1544536
24 16 1544541
24 44 1544547
24 45 1544547
24 30 1544554
24 61 1544560
24 3 1544563
24 13 1544571
24 19 1544576
24 50 1544585
24 53 1544586
24 63 1544588
24 27 1544591
24 66 1544594
24 35 1544600
24 51 1544601
24 29 1544607
24 33 1544607
24 20 1544608
24 64 1544612
24 56 1544619
24 4 1544624
24 54 1544628
24 66 1544637
24 5 1544637
24 12 1544640
24 15 1544645
24 41 1544646
24 50 1544655
24 69 1544658
24 2 1544660
24 39 1544667
24 67 1544674
24 61 1544677
24 53 1544685
24 49 1544694
24 65 1544697
24 44 1544698
24 57 1544704
24 26 1544709
24 13 1544716
24 27 1544721
24 60 1544721
25 61 1544729
25 9 1544738
25 68 1544747
25 62 1544750
25 2 1544753
25 23 1544756
26 68 1544757
26 42 1544758
26 0 1544759
26 17 1544766
26 54 1544773
26 13 1544773
26 66 1544774
26 50 1544780
26 22 1544785
26 9 1544788
26 7 1544788
26 21 1544794
26 3 1544800
26 40 1544808
26 29 1544812
26 16 1544812
26 57 1544820
26 31 1544827
26 49 1544832
26 6 1544832
26 14 1544835
26 8 1544835
26 41 1544844
26 25 1544848
26 2 1544849
26 27 1544849
26 43 1544849
26 64 1544852
26 63 1544854
26 15 1544858
26 48 1544859
26 20 1544861
26 38 1544867
26 35 1544871
26 65 1544873
26 47 1544879
26 61 1544884
26 12 1544890
26 5 1544895
26 58 1544898
26 4 1544907
26 38 1544913
26 53 1544920
26 62 1544929
26 50 1544938
26 54 1544943
26 31 1544943
26 60 1544951
26 9 1544960
26 40 1544961
26 2 1544967
26 37 1544971
26 24 1544979
26 17 1544979
26 14 1544985
26 55 1544985
26 7 1544988
26 66 1544989
26 42 1544989
26 23 1544998
26 36 1544998
26 12 1545005
26 0 1545005
26 11 1545005
26 69 1545008
26 8 1545016
26 39 1545019
26 63 1545020
26 13 1545029
26 27 1545035
26 68 1545036
26 46 1545039
26 44 1545043
26 43 1545048
26 21 1545048
26 30 1545056
26 49 1545061
26 51 1545067
26 25 1545071
26 33 1545079
26 35 1545079
26 57 1545087
26 47 1545088
26 32 1545090
26 6 1545096
26 64 1545096
27 21 1545097
27 9 1545103
27 24 1545111
27 11 1545111
27 51 1545111
27 17 1545114
27 16 1545119
27 66 1545125
27 33 1545128
27 59 1545135
27 37 1545141
27 13 1545144
27 32 1545144
27 4 1545144
27 47 1545152
27 39 1545161
27 57 1545168
27 31 1545176
27 50 1545177
27 45 1545181
27 39 1545182
27 30 1545189
27 46 1545194
27 56 1545198
27 52 1545202
27 9 1545208
27 37 1545217
27 62 1545224
27 41 1545225
27 67 1545229
27 2 1545235
27 35 1545235
27 36 1545241
27 16 1545250
28 62 1545259
28 18 1545263
28 56 1545268
28 49 1545273
28 44 1545282
30 26 1545282
30 24 1545287
30 13 1545292
30 2 1545301
30 20 1545302
30 64 1545304
30 17 1545305
30 52 1545310
30 22 1545317
30 38 1545318
30 18 1545320
30 10 1545323
30 65 1545327
30 66 1545333
30 0 1545336
30 58 1545342
30 28 1545343
30 53 1545346
30 3 1545350
30 37 1545355
30 40 1545364
30 62 1545373
30 8 1545379
30 11 1545385
30 33 1545393
30 55 1545402
30 24 1545409
30 64 1545412
30 33 1545417
30 14 1545423
30 8 1545430
30 20 1545434
30 57 1545441
30 6 1545450
30 68 1545458
30 5 1545465
30 52 1545472
30 34 1545477
30 31 1545484
30 41 1545492
30 63 1545496
30 61 1545504
30 69 1545513
30 36 1545521
30 51 1545521
30 49 1545521
30 0 1545526
30 38 1545534
30 65 1545537
31 52 1545541
31 63 1545550
31 7 1545552
31 40 1545557
31 55 1545562
31 38 1545568
31 36 1545575
31 4 1545581
31 51 1545588
31 10 1545590
31 6 1545592
31 32 1545595
31 42 1545595
31 24 1545602
31 15 1545609
31 0 1545609
31 48 1545616
31 30 1545620
31 9 1545625
31 34 1545632
31 33 1545636
31 47 1545643
31 35 1545652
31 11 1545660
31 45 1545666
31 14 1545666
31 22 1545669
31 46 1545672
31 68 1545673
31 41 1545682
31 58 1545688
31 60 1545697
31 45 1545705
31 55 1545709
31 29 1545714
31 5 1545722
31 50 1545725
31 32 1545728
31 8 1545737
31 41 1545742
31 64 1545748
31 7 1545750
31 49 1545754
31 16 1545759
31 19 1545763
31 53 1545772
31 35 1545780
31 39 1545782
31 24 1545782
31 37 1545783
31 30 1545787
31 3 1545792
31 2 1545794
31 42 1545799
31 36 1545801
31 47 1545801
31 23 1545802
31 20 1545811
31 59 1545820
31 33 1545823
31 40 1545830
31 21 1545831
31 17 1545836
31 15 1545840
31 18 1545847
31 26 1545852
32 45 1545855
32 39 1545860
32 64 1545868
32 46 1545868
32 13 1545875
32 25 1545881
32 9 1545883
32 5 1545892
32 19 1545898
32 61 1545906
32 42 1545914
32 2 1545919
32 1 1545928
32 26 1545934
32 62 1545935
32 44 1545942
32 35 1545950
32 27 1545952
32 55 1545955
32 11 1545963
32 3 1545970
32 6 1545978
32 24 1545978
32 18 1545985
32 4 1545987
32 61 1545995
32 66 1545995
32 16 1545996
32 15 1546003
32 38 1546003
32 34 1546006
32 50 1546011
32 68 1546011
32 62 1546015
32 58 1546021
32 40 1546021
32 41 1546023
32 52 1546031
32 54 1546035
32 23 1546039
32 49 1546043
32 60 1546051
32 14 1546053
32 0 1546061
32 51 1546064
32 18 1546064
32 11 1546070
32 1 1546071
32 29 1546074
32 65 1546082
32 25 1546089
33 4 1546095
33 18 1546095
33 28 1546101
33 65 1546101
33 56 1546104
33 17 1546113
33 69 1546114
33 2 1546123
33 25 1546128
33 5 1546137
33 34 1546145
33 32 1546150
33 27 1546156
33 54 1546159
33 53 1546162
33 58 1546162
33 36 1546167
33 50 1546171
33 32 1546179
33 9 1546186
33 57 1546191
33 17 1546192
33 30 1546194
33 67 1546201
33 20 1546205
33 41 1546210
33 19 1546215
33 31 1546219
33 55 1546220
33 21 1546223
33 5 1546224
33 42 1546229
33 12 1546237
33 7 1546237
33 44 1546244
33 65 1546245
33 25 1546250
33 47 1546252
33 58 1546255
33 23 1546259
33 62 1546263
34 59 1546271
34 3 1546273
34 15 1546282
34 4 1546282
34 54 1546290
34 58 1546294
34 68 1546302
34 17 1546307
34 52 1546316
34 30 1546323
34 69 1546327
34 65 1546329
34 61 1546330
34 39 1546334
34 33 1546337
34 38 1546338
34 64 1546340
34 60 1546340
34 0 1546341
34 55 1546348
34 6 1546355
34 48 1546361
34 44 1546365
34 62 1546372
34 25 1546373
34 43 1546381
34 28 1546389
34 7 1546398
34 10 1546402
34 62 1546405
34 31 1546409
34 15 1546417
34 22 1546420
34 65 1546423
34 12 1546426
34 41 1546434
34 57 1546437
34 58 1546441
34 37 1546443
34 7 1546445
34 11 1546450
34 50 1546450
34 54 1546454
34 33 1546460
34 25 1546469
34 23 1546471
34 46 1546472
34 64 1546472
34 67 1546476
34 52 1546476
34 32 1546477
34 20 1546483
34 4 1546488
34 13 1546494
34 16 1546494
34 18 1546502
34 56 1546504
34 21 1546506
34 59 1546509
34 48 1546510
34 30 1546517
35 12 1546525
35 30 1546529
35 63 1546532
35 10 1546540
35 37 1546546
35 26 1546553
35 55 1546559
35 13 1546568
35 59 1546575
35 66 1546575
35 52 1546580
35 33 1546584
35 17 1546586
35 28 1546595
35 58 1546601
35 2 1546609
35 69 1546617
35 44 1546621
35 32 1546625
35 40 1546631
35 8 1546640
35 67 1546648
35 0 1546648
35 54 1546651
35 45 1546654
35 46 1546657
35 3 1546663
35 42 1546670
35 27 1546671
35 25 1546672
35 68 1546679
35 41 1546683
35 47 1546692
35 5 1546700
35 53 1546700
35 34 1546700
35 43 1546702
35 38 1546708
35 39 1546713
35 16 1546716
35 7 1546716
35 7 1546719
35 19 1546727
35 9 1546736
35 42 1546745
35 6 1546750
35 23 1546756
35 63 1546765
35 66 1546767
35 1 1546771
35 48 1546774
35 12 1546779
35 24 1546786
35 30 1546787
35 0 1546787
35 20 1546791
35 28 1546796
35 34 1546798
35 54 1546799
35 18 1546799
35 46 1546802
35 5 1546804
35 8 1546808
35 31 1546812
35 38 1546819
35 58 1546828
35 50 1546829
35 64 1546829
35 25 1546835
35 40 1546835
35 52 1546841
35 2 1546848
35 43 1546850
35 36 1546854
35 47 1546860
35 11 1546865
35 56 1546871
35 62 1546879
35 61 1546882
35 32 1546890
35 44 1546896
35 29 1546898
36 33 1546903
36 55 1546905
36 3 1546913
37 9 1546914
37 35 1546921
37 26 1546930
37 5 1546935
37 10 1546940
37 49 1546943
37 17 1546950
37 11 1546953
37 15 1546953
37 60 1546961
37 8 1546970
37 42 1546970
37 65 1546977
37 7 1546984
37 27 1546991
37 32 1546992
37 44 1546992
37 57 1546994
37 36 1546997
37 51 1546998
37 2 1546998
37 64 1547006
37 18 1547012
37 66 1547016
37 39 1547024
37 67 1547028
37 58 1547034
37 69 1547040
37 3 1547043
37 59 1547046
37 14 1547051
37 1 1547059
37 63 1547065
37 22 1547069
37 0 1547073
37 29 1547081
37 38 1547089
37 52 1547097
37 54 1547104
37 60 1547110
37 63 1547113
37 61 1547113
37 65 1547118
37 64 1547118
37 18 1547123
37 4 1547129
37 57 1547129
37 28 1547130
37 21 1547137
37 66 1547146
37 27 1547150
37 11 1547155
37 53 1547157
37 20 1547157
37 9 1547157
37 8 1547160
37 16 1547160
37 17 1547160
37 33 1547167
37 25 1547176
37 5 1547180
37 30 1547183
37 35 1547184
37 22 1547185
37 10 1547185
37 15 1547188
37 47 1547192
37 45 1547192
37 14 1547200
37 26 1547201
37 39 1547204
37 2 1547206
37 58 1547210
37 24 1547214
37 1 1547216
37 40 1547221
37 3 1547224
38 39 1547224
38 63 1547228
38 20 1547237
38 62 1547245
38 46 1547250
38 17 1547259
38 69 1547261
38 64 1547270
38 31 1547274
38 44 1547280
38 21 1547280
38 1 1547281
38 25 1547288
38 7 1547296
38 66 1547302
38 60 1547303
38 42 1547309
38 29 1547310
38 28 1547318
38 33 1547320
38 13 1547325
38 40 1547325
38 50 1547328
38 30 1547337
38 59 1547346
38 27 1547348
38 2 1547349
38 24 1547357
38 51 1547363
38 61 1547368
38 68 1547375
38 32 1547375
38 56 1547384
38 35 1547389
38 4 1547392
38 18 1547395
38 45 1547399
38 57 1547402
38 36 1547410
38 65 1547411
38 12 1547411
38 49 1547420
38 54 1547421
38 39 1547429
38 25 1547431
38 14 1547438
38 31 1547444
38 13 1547448
38 4 1547457
38 7 1547462
38 56 1547463
38 43 1547467
38 58 1547473
38 21 1547481
38 2 1547483
38 65 1547486
38 42 1547486
38 46 1547489
38 48 1547490
38 67 1547492
38 27 1547498
38 63 1547501
38 20 1547501
38 18 1547502
38 47 1547507
38 17 1547515
38 69 1547520
38 37 1547521
38 50 1547523
38 15 1547523
38 8 1547532
38 35 1547534
38 53 1547541
38 60 1547546
38 16 1547553
38 64 1547559
38 1 1547559
38 51 1547563
38 29 1547566
38 12 1547575
38 19 1547584
38 55 1547588
38 11 1547589
39 69 1547594
39 14 1547602
39 18 1547609
39 41 1547609
39 23 1547614
39 34 1547618
39 58 1547624
39 3 1547628
39 31 1547629
39 51 1547629
39 36 1547633
39 37 1547634
39 68 1547635
39 54 1547644
39 48 1547647
39 60 1547653
39 27 1547653
40 36 1547656
40 37 1547657
40 48 1547658
40 65 1547667
40 60 1547667
40 23 1547668
40 11 1547672
40 14 1547674
40 1 1547683
40 31 1547687
40 39 1547689
40 28 1547689
40 33 1547690
40 32 1547699
40 4 1547704
40 47 1547711
40 61 1547719
40 46 1547725
40 57 1547731
40 67 1547733
40 69 1547741
40 68 1547745
40 2 1547746
40 55 1547750
40 18 1547755
40 8 1547756
40 9 1547756
40 62 1547756
40 44 1547764
40 3 1547766
40 0 1547767
40 10 1547773
40 66 1547775
40 16 1547778
40 24 1547787
40 54 1547796
40 25 1547803
40 19 1547809
40 35 1547810
40 21 1547811
40 58 1547815
40 56 1547815
40 48 1547819
40 69 1547827
40 63 1547832
40 33 1547833
40 24 1547839
40 15 1547844
40 60 1547850
40 50 1547852
40 23 1547859
40 62 1547859
40 36 1547867
40 7 1547875
40 57 1547883
40 1 1547890
40 64 1547897
40 42 1547899
40 31 1547906
40 6 1547906
40 18 1547908
40 5 1547911
40 14 1547914
40 65 1547923
40 13 1547924
40 49 1547925
40 55 1547934
40 68 1547937
40 41 1547944
40 19 1547952
40 22 1547956
40 35 1547957
40 53 1547958
40 9 1547965
40 28 1547969
40 21 1547970
40 20 1547972
40 29 1547977
40 47 1547981
40 59 1547986
41 64 1547992
41 18 1547999
41 14 1548000
41 39 1548005
41 8 1548014
41 60 1548015
41 21 1548017
41 16 1548019
41 67 1548020
41 12 1548025
41 28 1548033
41 63 1548039
41 58 1548043
41 1 1548050
41 36 1548053
41 20 1548055
41 19 1548055
41 69 1548060
41 50 1548063
41 13 1548063
41 66 1548066
41 35 1548068
41 15 1548072
41 6 1548081
41 31 1548085
41 68 1548090
41 62 1548098
41 59 1548099
41 65 1548101
41 7 1548102
41 43 1548105
41 44 1548105
41 2 1548109
41 34 1548112
41 37 1548112
41 4 1548115
41 61 1548121
41 38 1548126
41 47 1548133
41 16 1548139
41 8 1548142
41 30 1548151
41 37 1548152
41 26 1548155
41 46 1548158
41 49 1548160
41 69 1548165
41 20 1548174
41 38 1548178
41 12 1548178
41 2 1548179
41 10 1548187
41 58 1548192
41 24 1548195
41 67 1548199
41 65 1548203
41 55 1548205
41 29 1548210
41 68 1548214
41 36 1548215
41 63 1548216
41 1 1548219
41 50 1548226
41 27 1548228
41 40 1548228
41 32 1548236
41 35 1548245
41 57 1548245
41 21 1548249
41 54 1548255
41 52 1548263
41 66 1548266
41 60 1548271
41 43 1548276
41 19 1548276
41 23 1548279
42 14 1548286
42 64 1548289
42 47 1548296
42 67 1548298
42 56 1548305
42 36 1548306
42 53 1548311
42 38 1548317
42 45 1548317
42 63 1548325
42 2 1548334
42 19 1548335
42 21 1548339
42 15 1548343
42 40 1548344
42 31 1548350
42 54 1548359
42 4 1548362
42 60 1548364
42 9 1548370
42 62 1548372
42 50 1548381
42 24 1548387
42 48 1548388
42 58 1548397
42 30 1548399
42 52 1548406
42 49 1548414
42 20 1548414
42 43 1548420
42 59 1548421
42 16 1548422
42 25 1548422
42 69 1548431
42 7 1548434
42 66 1548438
42 3 1548438
42 27 1548447
42 41 1548456
42 24 1548465
42 60 1548471
42 20 1548479
42 17 1548484
42 43 1548491
42 15 1548495
42 61 1548503
42 47 1548511
42 10 1548511
42 39 1548516
42 63 1548525
42 64 1548530
42 21 1548536
42 41 1548536
42 67 1548536
42 12 1548542
42 38 1548549
42 4 1548552
42 7 1548555
42 48 1548559
42 23 1548560
42 14 1548563
42 19 1548567
42 6 1548574
42 35 1548583
42 13 1548591
42 30 1548597
42 29 1548603
42 51 1548611
42 57 1548617
42 11 1548622
42 8 1548623
42 40 1548626
42 59 1548635
42 1 1548644
42 28 1548645
42 58 1548646
42 31 1548654
43 67 1548657
43 44 1548664
43 63 1548670
43 56 1548671
43 20 1548679
43 27 1548679
43 69 1548688
43 26 1548692
43 68 1548697
43 14 1548698
43 21 1548698
43 4 1548698
43 3 1548704
43 7 1548704
43 9 1548708
43 15 1548708
43 32 1548714
43 25 1548719
43 34 1548720
43 54 1548724
43 66 1548732
43 55 1548735
43 31 1548740
43 36 1548748
43 65 1548750
43 61 1548751
43 12 1548755
43 53 1548761
43 18 1548762
43 50 1548769
43 22 1548774
43 17 1548782
43 1 1548785
43 45 1548786
43 28 1548794
43 44 1548797
43 1 1548802
43 64 1548807
43 39 1548814
43 31 1548819
43 57 1548828
43 56 1548832
43 42 1548838
43 18 1548845
43 13 1548851
43 16 1548855
43 3 1548860
43 10 1548868
43 68 1548877
43 2 1548878
43 33 1548887
43 38 1548895
43 15 1548897
43 23 1548901
43 69 1548906
43 22 1548915
43 45 1548922
43 61 1548931
43 6 1548940
43 37 1548949
43 47 1548950
43 21 1548956
43 59 1548962
43 8 1548967
43 32 1548967
43 14 1548969
43 17 1548972
44 23 1548976
44 21 1548978
44 36 1548982
44 50 1548991
44 49 1548994
44 25 1548999
44 2 1549002
44 18 1549004
44 62 1549010
44 28 1549014
44 35 1549017
44 37 1549024
44 9 1549024
44 27 1549029
44 47 1549029
44 24 1549038
44 4 1549043
44 52 1549044
44 0 1549050
44 54 1549053
44 42 1549062
44 26 1549064
44 65 1549068
44 43 1549074
44 64 1549074
44 5 1549081
44 46 1549090
44 40 1549091
44 20 1549097
44 58 1549098
44 12 1549100
44 56 1549109
44 3 1549117
44 29 1549120
44 8 1549123
44 22 1549124
44 17 1549128
44 16 1549131
44 39 1549133
44 22 1549134
44 1 1549134
44 24 1549137
44 52 1549137
44 65 1549144
44 51 1549151
44 27 1549155
44 15 1549157
44 68 1549166
44 13 1549167
44 43 1549173
44 2 1549180
44 31 1549186
44 21 1549190
44 5 1549192
44 14 1549193
44 47 1549202
44 54 1549208
44 32 1549210
44 45 1549218
44 19 1549226
44 7 1549234
44 34 1549238
44 41 1549245
44 20 1549245
44 69 1549252
44 11 1549259
44 62 1549264
44 66 1549266
44 23 1549269
44 10 1549273
44 64 1549275
44 39 1549281
44 38 1549281
44 18 1549289
44 9 1549295
44 4 1549300
44 12 1549305
44 60 1549312
44 58 1549317
44 33 1549317
44 40 1549324
44 17 1549325
45 67 1549328
45 66 1549335
45 32 1549337
45 41 1549345
45 2 1549347
45 35 1549349
45 54 1549349
45 34 1549355
45 69 1549358
45 57 1549365
45 20 1549372
45 63 1549376
45 11 1549378
45 3 1549383
45 12 1549391
45 16 1549392
45 31 1549393
45 61 1549396
45 26 1549402
45 19 1549404
45 30 1549411
45 68 1549418
45 23 1549426
45 7 1549431
45 51 1549439
45 5 1549447
45 8 1549451
45 56 1549460
45 47 1549467
45 43 1549467
45 61 1549468
45 18 1549477
45 13 1549484
45 23 1549488
45 10 1549490
45 22 1549497
45 15 1549499
45 16 1549501
45 5 1549510
45 41 1549513
45 46 1549516
45 25 1549518
45 39 1549522
45 51 1549531
45 9 1549532
45 42 1549532
45 50 1549533
45 24 1549542
45 26 1549542
45 49 1549545
45 7 1549550
45 27 1549555
45 48 1549557
46 13 1549562
46 24 1549567
46 37 1549571
46 40 1549571
46 66 1549577
46 61 1549585
46 14 1549593
46 27 1549593
46 47 1549597
46 58 1549599
46 51 1549608
46 64 1549612
46 39 1549616
46 28 1549622
46 8 1549626
46 3 1549628
46 29 1549629
46 9 1549637
46 11 1549646
46 16 1549646
46 12 1549650
46 40 1549651
46 36 1549651
46 56 1549655
46 32 1549662
46 63 1549671
46 53 1549673
47 42 1549679
47 68 1549685
47 20 1549685
47 67 1549688
47 51 1549693
47 26 1549694
47 22 1549700
47 15 1549708
47 23 1549716
47 62 1549717
47 28 1549717
47 38 1549719
47 39 1549722
47 41 1549725
47 45 1549727
47 12 1549735
47 10 1549741
47 52 1549744
47 54 1549749
47 34 1549758
47 24 1549763
47 23 1549763
47 53 1549765
47 35 1549766
47 56 1549775
47 9 1549781
47 17 1549782
47 15 1549782
47 65 1549782
47 48 1549791
47 63 1549799
47 19 1549802
47 64 1549806
47 11 1549807
47 50 1549812
47 58 1549815
48 13 1549819
48 53 1549821
48 55 1549822
48 21 1549831
48 57 1549833
48 16 1549840
48 60 1549845
48 42 1549853
48 46 1549859
48 62 1549859
48 44 1549862
48 2 1549869
48 33 1549876
48 8 1549884
48 15 1549885
48 58 1549886
48 38 1549889
48 45 1549892
48 25 1549899
48 24 1549900
48 3 1549901
48 5 1549907
48 52 1549911
48 54 1549919
48 56 1549927
48 36 1549933
48 32 1549936
48 39 1549938
48 34 1549945
48 22 1549948
48 40 1549957
48 17 1549961
48 10 1549964
48 26 1549973
48 20 1549974
48 4 1549974
48 68 1549981
48 41 1549985
48 35 1549994
48 30 1549994
48 59 1549995
48 66 1549998
48 6 1550004
48 56 1550005
48 6 1550005
48 63 1550012
48 67 1550016
48 39 1550024
48 21 1550026
48 38 1550033
48 3 1550034
48 7 1550037
48 2 1550044
48 1 1550050
48 57 1550059
48 24 1550062
48 35 1550069
48 58 1550070
48 15 1550071
48 66 1550075
48 40 1550075
48 5 1550075
48 51 1550083
48 50 1550084
48 62 1550084
48 69 1550093
48 52 1550100
48 30 1550107
48 0 1550112
48 36 1550112
48 8 1550115
48 61 1550121
48 20 1550130
48 44 1550132
48 33 1550140
48 45 1550147
48 10 1550151
48 43 1550157
48 16 1550162
48 9 1550165
48 23 1550174
48 32 1550182
48 12 1550182
48 11 1550186
48 27 1550194
48 37 1550198
49 45 1550206
49 14 1550209
49 55 1550211
49 1 1550215
49 65 1550221
49 15 1550230
49 39 1550231
49 43 1550233
49 26 1550233
49 56 1550240
49 47 1550246
49 4 1550254
49 19 1550255
49 32 1550256
49 35 1550265
49 33 1550271
49 46 1550273
49 29 1550275
49 37 1550275
49 7 1550281
49 52 1550284
49 69 1550284
49 25 1550291
49 67 1550294
49 65 1550297
49 13 1550303
49 66 1550311
49 59 1550319
49 44 1550327
49 35 1550330
49 6 1550339
49 41 1550347
49 40 1550351
49 8 1550353
49 3 1550359
49 37 1550365
49 34 1550369
49 15 1550378
49 62 1550386
49 69 1550393
49 19 1550399
49 46 1550402
49 14 1550407
49 55 1550414
50 63 1550414
50 56 1550423
50 6 1550427
50 57 1550430
50 28 1550433
50 40 1550442
50 5 1550443
50 24 1550448
50 60 1550457
50 14 1550466
50 48 1550469
50 17 1550473
50 32 1550475
50 35 1550482
50 39 1550487
50 10 1550496
50 61 1550497
50 8 1550505
50 33 1550513
50 62 1550516
50 58 1550525
50 26 1550529
50 16 1550532
50 25 1550533
50 43 1550540
50 4 1550547
50 29 1550556
50 46 1550557
50 68 1550559
50 20 1550559
50 53 1550567
50 2 1550574
50 38 1550575
50 13 1550577
50 47 1550579
50 7 1550588
50 9 1550596
50 64 1550600
50 18 1550608
50 11 1550617
50 49 1550626
50 0 1550634
50 67 1550637
50 37 1550640
50 29 1550648
50 61 1550656
50 69 1550660
50 41 1550663
50 25 1550664
50 30 1550669
50 24 1550678
50 35 1550681
50 19 1550687
50 52 1550688
50 4 1550688
50 56 1550692
50 32 1550698
50 6 1550701
50 2 1550710
50 26 1550718
50 20 1550726
51 32 1550730
51 34 1550733
51 69 1550740
51 38 1550742
51 8 1550744
51 4 1550748
51 39 1550753
51 26 1550758
51 63 1550765
51 22 1550767
51 48 1550767
51 37 1550768
51 50 1550771
51 9 1550773
51 3 1550777
51 56 1550784
51 60 1550786
51 49 1550786
51 36 1550793
51 44 1550794
51 40 1550797
51 7 1550805
51 16 1550812
51 30 1550817
51 65 1550821
51 29 1550828
51 17 1550833
51 6 1550837
51 46 1550845
51 45 1550851
51 62 1550851
51 43 1550855
51 18 1550859
51 41 1550862
51 10 1550871
51 64 1550877
51 23 1550878
51 66 1550887
51 57 1550890
51 27 1550896
51 45 1550896
51 52 1550904
51 55 1550912
51 39 1550920
51 69 1550920
51 46 1550923
51 2 1550927
51 4 1550935
51 65 1550936
51 56 1550937
51 35 1550943
51 23 1550952
51 62 1550959
51 38 1550966
51 33 1550974
51 54 1550977
51 60 1550979
51 25 1550979
51 0 1550984
51 15 1550989
51 67 1550989
51 61 1550997
51 31 1551006
51 36 1551012
51 10 1551015
51 58 1551022
51 16 1551030
51 66 1551039
51 47 1551040
51 5 1551049
51 43 1551049
51 24 1551049
51 6 1551058
51 42 1551066
51 44 1551067
51 29 1551074
51 50 1551081
51 13 1551082
51 30 1551083
51 40 1551088
51 48 1551093
51 8 1551094
51 27 1551095
51 57 1551103
51 18 1551109
52 25 1551110
52 3 1551118
52 0 1551118
52 68 1551125
52 33 1551126
52 49 1551132
52 60 1551140
52 28 1551147
52 19 1551156
52 35 1551160
52 7 1551168
52 32 1551169
52 56 1551171
52 24 1551180
52 51 1551181
52 46 1551183
52 44 1551187
53 64 1551190
53 41 1551199
53 6 1551199
53 28 1551205
53 1 1551211
53 65 1551211
53 56 1551213
53 24 1551218
53 36 1551225
53 18 1551230
53 51 1551230
53 8 1551233
53 16 1551233
53 9 1551234
53 52 1551240
53 35 1551247
53 22 1551253
53 25 1551254
53 57 1551256
53 26 1551265
53 68 1551274
53 43 1551277
53 52 1551279
53 9 1551279
53 67 1551281
53 30 1551287
53 37 1551294
53 48 1551301
53 0 1551304
53 63 1551310
53 8 1551310
53 38 1551316
53 16 1551325
53 5 1551325
53 24 1551333
53 31 1551333
53 35 1551333
53 42 1551338
54 15 1551341
54 10 1551345
54 53 1551354
54 4 1551360
54 20 1551365
54 6 1551365
54 41 1551369
54 0 1551378
54 38 1551381
54 17 1551384
54 48 1551387
54 30 1551395
54 2 1551399
54 63 1551406
54 24 1551413
54 61 1551418
54 13 1551425
54 39 1551428
54 64 1551434
54 45 1551442
54 37 1551447
54 25 1551447
54 11 1551451
54 44 1551460
54 7 1551464
54 69 1551465
54 31 1551467
54 29 1551472
54 1 1551474
54 33 1551478
54 49 1551480
54 59 1551486
54 60 1551491
54 34 1551492
54 22 1551493
54 28 1551493
54 63 1551502
54 44 1551511
54 31 1551520
54 50 1551525
54 30 1551526
54 66 1551531
54 42 1551535
54 36 1551539
54 27 1551542
54 41 1551546
54 52 1551548
54 45 1551554
54 29 1551557
54 34 1551561
54 56 1551568
54 13 1551575
54 7 1551584
54 59 1551585
54 57 1551589
54 5 1551592
54 61 1551594
54 32 1551600
54 4 1551600
54 24 1551608
54 23 1551608
54 38 1551614
54 69 1551616
54 55 1551618
54 2 1551627
55 62 1551629
55 32 1551637
55 50 1551643
55 19 1551645
55 0 1551652
55 44 1551658
55 30 1551666
55 64 1551670
55 29 1551676
55 15 1551683
55 42 1551687
55 12 1551687
55 24 1551693
55 14 1551698
55 6 1551698
55 4 1551703
55 60 1551703
55 66 1551707
55 36 1551715
55 47 1551721
55 46 1551724
55 38 1551727
55 8 1551730
55 22 1551732
55 67 1551736
55 16 1551743
55 20 1551746
55 56 1551750
55 30 1551758
55 58 1551765
55 68 1551773
55 16 1551777
55 61 1551779
55 62 1551779
55 60 1551779
55 33 1551783
55 18 1551791
55 34 1551794
55 11 1551800
55 10 1551807
55 54 1551807
55 40 1551814
55 44 1551820
55 52 1551824
55 46 1551824
55 24 1551830
55 1 1551830
55 0 1551834
55 4 1551840
55 36 1551846
55 41 1551846
55 26 1551846
55 39 1551849
55 64 1551850
55 48 1551851
55 67 1551859
56 22 1551867
56 42 1551870
57 54 1551879
57 58 1551884
57 32 1551888
57 7 1551892
57 10 1551901
57 50 1551902
57 44 1551905
57 34 1551907
57 6 1551914
57 4 1551921
57 18 1551925
57 3 1551931
57 38 1551939
57 43 1551939
57 2 1551940
57 55 1551946
57 28 1551950
57 0 1551950
57 53 1551952
57 42 1551959
57 36 1551966
57 62 1551966
57 43 1551967
57 23 1551976
57 3 1551983
57 44 1551991
57 5 1551994
57 6 1552001
57 37 1552010
57 4 1552015
57 7 1552024
57 25 1552032
57 29 1552034
58 7 1552043
58 36 1552051
58 64 1552058
58 31 1552062
58 5 1552068
58 3 1552068
58 65 1552077
58 25 1552081
58 44 1552082
58 13 1552086
58 22 1552093
58 49 1552093
58 38 1552100
58 30 1552103
58 14 1552110
58 66 1552113
58 53 1552119
58 17 1552119
58 59 1552120
58 47 1552125
58 39 1552127
58 26 1552131
58 12 1552138
58 48 1552138
58 9 1552138
58 32 1552145
58 69 1552149
58 57 1552157
58 61 1552162
58 53 1552166
58 11 1552166
58 16 1552166
58 14 1552170
58 48 1552171
58 45 1552171
58 69 1552171
58 23 1552180
58 21 1552189
58 54 1552194
58 59 1552199
58 52 1552208
58 25 1552216
58 12 1552225
58 1 1552230
58 28 1552232
58 39 1552234
58 50 1552236
58 9 1552238
58 46 1552239
58 2 1552239
58 44 1552240
58 56 1552240
58 60 1552241
59 24 1552247
59 69 1552256
59 36 1552259
59 60 1552266
59 48 1552274
59 51 1552281
59 52 1552284
59 41 1552286
59 56 1552288
59 53 1552295
59 6 1552296
59 31 1552297
59 13 1552305
59 21 1552310
59 11 1552310
59 39 1552317
59 1 1552317
59 23 1552322
59 61 1552327
59 42 1552330
59 22 1552336
59 4 1552340
59 14 1552349
59 9 1552352
59 16 1552357
59 67 1552365
59 43 1552373
59 5 1552378
59 20 1552383
59 54 1552387
59 8 1552396
59 26 1552397
59 65 1552406
59 42 1552409
59 66 1552415
59 37 1552422
59 7 1552425
59 23 1552433
59 14 1552433
59 28 1552433
59 50 1552436
59 67 1552437
59 20 1552438
59 35 1552444
59 1 1552450
59 64 1552452
59 52 1552456
59 44 1552462
59 55 1552464
59 54 1552469
59 62 1552477
59 48 1552482
59 6 1552486
59 46 1552490
59 40 1552499
59 53 1552499
59 30 1552507
59 21 1552508
59 19 1552509
59 47 1552514
59 38 1552523
59 60 1552526
59 18 1552528
60 8 1552537
60 59 1552539
60 69 1552544
60 17 1552544
60 57 1552544
60 23 1552551
60 25 1552555
60 15 1552557
60 62 1552566
60 55 1552571
60 38 1552579
60 42 1552585
60 6 1552586
60 46 1552586
60 19 1552586
60 63 1552595
60 49 1552598
60 52 1552599
60 30 1552600
60 43 1552607
60 53 1552615
60 34 1552624
60 4 1552625
60 67 1552628
60 40 1552632
60 61 1552640
60 47 1552647
60 14 1552655
60 35 1552661
60 10 1552666
60 13 1552669
60 58 1552674
60 66 1552677
60 3 1552677
60 51 1552684
60 1 1552690
60 41 1552696
60 64 1552702
60 69 1552707
60 34 1552713
60 45 1552713
60 37 1552715
60 27 1552722
60 28 1552729
60 38 1552736
60 12 1552738
60 67 1552738
60 10 1552740
60 0 1552741
60 50 1552742
60 47 1552743
60 57 1552745
60 13 1552747
60 24 1552756
60 30 1552765
60 7 1552771
60 4 1552777
60 25 1552778
60 49 1552778
60 39 1552787
60 52 1552789
60 33 1552793
60 23 1552800
60 61 1552808
60 40 1552810
60 20 1552811
61 39 1552819
61 38 1552826
61 55 1552827
61 29 1552833
61 41 1552841
61 45 1552844
61 62 1552853
61 46 1552859
61 25 1552860
61 50 1552869
61 19 1552869
61 10 1552869
61 0 1552873
61 20 1552875
61 6 1552881
61 13 1552887
61 12 1552888
61 67 1552889
61 52 1552893
61 63 1552897
61 54 1552906
61 23 1552907
61 1 1552909
61 40 1552912
61 34 1552914
61 56 1552915
61 30 1552922
61 44 1552927
61 18 1552935
61 26 1552940
61 52 1552945
61 7 1552949
61 19 1552949
61 20 1552954
61 51 1552959
61 36 1552963
61 6 1552972
61 68 1552980
61 35 1552983
61 60 1552984
61 54 1552988
61 23 1552994
61 37 1553002
61 14 1553010
61 66 1553011
61 30 1553012
61 48 1553018
61 50 1553026
61 41 1553030
61 16 1553030
61 1 1553039
61 22 1553042
61 15 1553050
62 65 1553056
62 66 1553059
62 32 1553068
62 15 1553071
62 27 1553072
62 56 1553079
62 59 1553083
62 58 1553086
62 50 1553090
62 55 1553096
62 31 1553099
62 17 1553099
62 35 1553100
62 6 1553101
62 9 1553105
62 3 1553109
62 51 1553110
62 25 1553110
62 4 1553111
62 29 1553118
62 26 1553119
62 47 1553119
62 61 1553122
62 20 1553126
62 41 1553135
62 57 1553141
62 63 1553141
62 52 1553148
62 43 1553156
62 0 1553163
62 69 1553169
62 16 1553178
62 8 1553187
62 60 1553189
62 28 1553191
62 36 1553192
62 42 1553195
62 67 1553201
62 55 1553208
62 48 1553210
62 6 1553214
62 63 1553223
62 3 1553227
62 19 1553231
62 11 1553239
62 0 1553243
62 43 1553245
62 54 1553250
62 61 1553255
62 14 1553259
62 34 1553262
62 36 1553265
62 21 1553266
62 50 1553275
62 15 1553281
62 16 1553289
62 7 1553298
62 10 1553299
62 49 1553303
62 51 1553304
62 60 1553308
62 4 1553312
62 2 1553317
62 39 1553318
62 5 1553326
62 41 1553327
62 27 1553329
62 22 1553338
62 20 1553343
62 28 1553351
62 13 1553351
62 9 1553353
62 26 1553354
62 53 1553360
62 69 1553360
62 29 1553364
62 47 1553365
62 30 1553367
63 23 1553373
63 55 1553375
63 29 1553377
63 0 1553386
63 68 1553391
64 20 1553398
64 18 1553401
64 13 1553405
64 50 1553407
64 37 1553409
64 7 1553409
64 15 1553414
64 9 1553422
64 11 1553422
64 62 1553427
64 5 1553428
64 12 1553435
64 30 1553439
64 60 1553448
64 63 1553453
64 25 1553458
64 38 1553466
64 58 1553471
64 40 1553471
64 19 1553475
64 66 1553479
64 49 1553487
64 42 1553492
64 43 1553500
64 3 1553502
64 44 1553509
64 6 1553511
64 45 1553513
64 2 1553516
64 10 1553523
64 21 1553529
64 36 1553530
64 52 1553530
64 63 1553537
64 52 1553545
64 51 1553549
64 29 1553551
64 1 1553554
64 7 1553562
64 36 1553564
64 60 1553573
64 18 1553579
64 43 1553585
64 35 1553591
64 55 1553595
64 48 1553602
64 34 1553609
64 31 1553609
64 25 1553617
64 45 1553626
64 16 1553630
64 56 1553630
64 26 1553638
64 46 1553645
64 44 1553648
64 37 1553653
64 67 1553658
64 41 1553662
64 11 1553662
64 61 1553664
64 12 1553671
64 4 1553679
64 22 1553682
64 32 1553682
64 69 1553690
64 3 1553695
65 8 1553695
65 35 1553700
65 40 1553706
65 14 1553712
65 68 1553717
65 9 1553719
65 3 1553720
65 11 1553727
65 12 1553735
65 34 1553736
65 46 1553742
65 32 1553750
65 56 1553755
65 15 1553762
65 23 1553769
65 67 1553777
65 49 1553783
65 22 1553788
65 37 1553794
65 58 1553794
65 59 1553796
65 19 1553799
65 28 1553801
65 62 1553807
65 54 1553807
65 31 1553814
65 6 1553814
65 10 1553820
65 7 1553829
65 47 1553838
65 36 1553841
65 52 1553842
65 44 1553849
65 24 1553850
65 43 1553852
65 15 1553854
65 10 1553859
65 30 1553864
65 25 1553864
65 68 1553864
65 7 1553871
65 26 1553877
65 48 1553880
65 45 1553883
65 23 1553890
65 14 1553894
65 13 1553897
65 12 1553906
65 56 1553907
65 22 1553907
65 66 1553914
65 18 1553918
65 55 1553922
65 29 1553929
65 34 1553929
65 5 1553930
65 46 1553933
65 21 1553934
65 0 1553938
65 39 1553938
65 11 1553940
65 31 1553941
65 36 1553944
65 51 1553948
65 20 1553953
65 62 1553957
65 60 1553963
65 58 1553965
65 16 1553970
65 4 1553970
65 42 1553971
65 54 1553975
65 53 1553984
65 9 1553990
65 19 1553992
66 24 1554001
66 31 1554003
66 5 1554012
66 45 1554013
66 36 1554013
66 37 1554020
66 67 1554024
66 40 1554025
66 7 1554027
66 52 1554034
66 15 1554035
66 4 1554043
66 49 1554047
66 11 1554055
66 68 1554055
66 34 1554062
66 2 1554069
66 12 1554072
66 62 1554077
66 21 1554078
66 61 1554081
66 6 1554084
66 29 1554084
66 33 1554088
66 3 1554095
66 44 1554097
66 63 1554103
66 61 1554111
66 27 1554112
66 40 1554116
66 23 1554122
66 48 1554123
66 51 1554126
66 62 1554130
66 64 1554135
66 49 1554141
66 12 1554144
66 55 1554153
66 57 1554161
66 54 1554164
66 31 1554170
66 0 1554177
66 22 1554179
66 35 1554182
66 16 1554191
66 53 1554192
67 59 1554198
67 15 1554207
67 45 1554214
67 51 1554222
67 52 1554225
67 20 1554232
67 19 1554235
67 43 1554239
67 2 1554246
67 63 1554253
67 60 1554261
67 12 1554265
67 11 1554265
67 66 1554271
67 49 1554275
67 1 1554283
67 68 1554285
67 47 1554288
67 35 1554293
67 24 1554299
67 40 1554308
67 25 1554312
67 18 1554320
67 33 1554320
67 46 1554326
67 69 1554331
67 41 1554337
67 54 1554343
67 69 1554348
67 57 1554348
67 39 1554355
67 3 1554361
67 12 1554369
67 2 1554377
67 59 1554381
67 14 1554382
67 7 1554386
67 28 1554389
67 43 1554395
67 60 1554403
67 58 1554409
67 36 1554418
67 13 1554423
67 9 1554425
67 30 1554431
67 53 1554436
67 56 1554438
67 45 1554447
67 22 1554450
67 55 1554459
67 11 1554467
67 51 1554473
67 15 1554478
68 65 1554481
68 42 1554484
68 56 1554492
68 4 1554492
68 33 1554501
68 11 1554510
68 12 1554518
68 66 1554527
68 43 1554532
68 62 1554538
68 63 1554541
68 49 1554542
68 46 1554547
68 38 1554549
68 37 1554555
68 18 1554557
68 14 1554564
68 64 1554566
68 17 1554567
68 20 1554572
68 69 1554580
68 55 1554583
68 36 1554592
68 29 1554596
68 61 1554596
68 30 1554604
68 9 1554606
68 22 1554610
68 40 1554610
68 3 1554612
68 51 1554620
68 59 1554628
68 57 1554629
68 50 1554629
68 54 1554635
68 19 1554642
68 45 1554645
68 10 1554652
68 48 1554660
68 23 1554663
68 15 1554671
68 9 1554673
68 26 1554682
68 18 1554690
68 27 1554697
68 49 1554698
68 28 1554699
68 33 1554701
68 69 1554706
68 20 1554710
68 30 1554714
68 56 1554715
68 62 1554720
68 66 1554725
68 7 1554726
68 15 1554728
68 47 1554729
68 42 1554736
68 25 1554736
68 2 1554739
68 24 1554745
68 8 1554748
68 43 1554756
68 10 1554759
68 0 1554763
68 40 1554767
68 16 1554774
68 54 1554778
68 64 1554779
68 59 1554787
68 19 1554787
68 1 1554791
68 29 1554796
68 37 1554805
68 45 1554810
68 63 1554811
68 34 1554818
69 50 1554825
69 65 1554833
69 48 1554838
69 34 1554838
69 29 1554841
69 5 1554843
69 30 1554849
69 19 1554856
69 67 1554864
69 56 1554866
69 47 1554866
69 6 1554871
69 26 1554874
69 46 1554878
69 35 1554878
69 57 1554885
69 43 1554887
69 61 1554892
69 66 1554895
69 8 1554903
69 49 1554910
69 18 1554913
69 53 1554920
69 1 1554929
69 59 1554934
69 37 1554940
69 68 1554946
69 31 1554951
69 33 1554958
69 60 1554964
69 52 1554968
69 32 1554975
69 44 1554975
69 27 1554978
69 17 1554984
69 20 1554991
69 16 1554996
69 40 1555001
69 41 1555004
69 7 1555005
69 39 1555013
69 66 1555021
69 28 1555025
69 50 1555027
69 18 1555027
69 38 1555035
69 67 1555037
69 47 1555042
69 13 1555042
69 64 1555044
69 26 1555053
69 34 1555056
69 29 1555061
69 36 1555068
69 25 1555077
69 20 1555083
69 58 1555092
69 4 1555098
69 3 1555104
69 11 1555108
69 61 1555112
69 45 1555115
69 42 1555115
69 52 1555120
69 63 1555120
69 46 1555128
69 62 1555133
69 0 1555136
69 37 1555142
69 23 1555150
69 22 1555150
69 24 1555159
69 54 1555161
69 43 1555161
69 55 1555170
69 32 1555170
69 51 1555172
69 6 1555181
69 48 1555181
69 60 1555184
69 53 1555193
69 31 1555202
