74
false
0 68 1809014
0 59 1809017
0 5 1809017
0 39 1809023
0 50 1809027
0 31 1809034
0 27 1809034
0 63 1809037
0 55 1809044
0 42 1809053
0 28 1809057
0 49 1809065
0 36 1809065
0 47 1809067
0 26 1809071
0 45 1809074
0 18 1809080
0 48 1809083
0 60 1809084
0 14 1809093
0 72 1809101
0 56 1809109
0 40 1809114
0 11 1809119
0 61 1809121
0 7 1809126
0 43 1809133
0 29 1809140
0 6 1809141
0 54 1809147
0 12 1809147
0 51 1809149
0 67 1809151
0 57 1809151
0 64 1809159
0 13 1809165
0 36 1809165
0 23 1809169
0 68 1809176
0 21 1809180
0 11 1809184
0 65 1809189
0 55 1809196
0 26 1809197
0 59 1809199
0 28 1809203
0 67 1809208
0 30 1809209
0 41 1809212
0 66 1809217
0 51 1809223
0 49 1809232
0 48 1809238
0 52 1809239
0 2 1809239
0 16 1809247
0 3 1809250
0 9 1809259
0 47 1809260
0 39 1809266
0 63 1809270
0 25 1809270
0 69 1809274
0 12 1809281
0 17 1809283
0 38 1809287
0 8 1809296
0 70 1809301
0 10 1809301
0 6 1809306
0 19 1809315
0 58 1809319
0 40 1809326
0 56 1809326
0 27 1809334
0 15 1809339
0 7 1809341
1 4 1809344
1 56 1809348
1 0 1809352
1 71 1809356
1 28 1809360
1 26 1809365
1 33 1809371
1 40 1809379
1 62 1809381
1 42 1809383
1 36 1809384
1 25 1809390
1 18 1809397
1 50 1809402
1 7 1809405
1 59 1809411
1 30 1809412
1 57 1809412
1 35 1809421
1 34 1809421
1 9 1809428
1 2 1809433
1 17 1809442
1 39 1809445
1 46 1809450
1 64 1809458
1 67 1809467
1 65 1809467
1 43 1809470
1 37 1809472
1 13 1809472
1 58 1809480
1 32 1809484
1 11 1809489
1 27 1809492
1 31 1809494
1 38 1809499
1 29 1809505
1 51 1809512
1 38 1809512
1 64 1809519
1 55 1809525
1 43 1809529
1 57 1809536
1 24 1809545
1 31 1809545
1 66 1809551
1 58 1809556
1 19 1809558
1 32 1809563
1 11 1809567
1 37 1809569
1 46 1809573
1 10 1809579
1 44 1809581
1 16 1809583
1 53 1809585
1 48 1809591
1 50 1809594
1 20 1809601
1 39 1809602
1 35 1809604
1 6 1809610
1 2 1809618
1 15 1809625
1 25 1809628
1 8 1809633
1 56 1809639
1 49 1809639
2 16 1809641
2 70 1809646
2 63 1809646
2 59 1809655
2 27 1809658
2 52 1809667
2 20 1809668
2 49 1809672
2 0 1809673
2 15 1809681
2 12 1809687
2 64 1809687
2 35 1809691
2 46 1809700
2 3 1809705
2 48 1809714
2 38 1809719
2 1 1809725
2 7 1809726
2 58 1809728
2 5 1809729
2 24 1809736
2 45 1809743
2 31 1809746
2 9 1809755
2 42 1809761
2 44 1809769
2 68 1809774
2 42 1809777
2 73 1809777
2 4 1809780
2 31 1809786
2 39 1809789
2 65 1809791
2 21 1809791
2 51 1809797
2 12 1809802
2 16 1809807
2 8 1809816
2 25 1809819
2 69 1809826
2 17 1809833
2 33 1809833
2 36 1809839
2 7 1809845
2 64 1809852
2 10 1809859
2 62 1809868
2 18 1809872
2 58 1809873
2 48 1809879
2 24 1809883
2 27 1809890
2 54 1809890
2 68 1809897
3 5 1809906
3 27 1809915
3 65 1809917
3 34 1809919
3 68 1809928
3 2 1809933
3 57 1809939
3 14 1809945
3 33 1809951
3 16 1809959
3 18 1809961
3 72 1809970
3 6 1809978
3 21 1809978
3 13 1809982
3 63 1809986
3 32 1809992
3 17 1809994
3 70 1810000
3 48 1810000
3 40 1810002
3 8 1810002
3 73 1810004
3 15 1810004
3 66 1810012
3 50 1810019
3 28 1810023
3 64 1810024
3 23 1810030
3 4 1810031
3 45 1810039
3 71 1810039
3 37 1810046
3 0 1810053
3 30 1810054
3 1 1810056
3 46 1810064
3 38 1810071
3 43 1810080
3 25 1810080
3 24 1810086
3 61 1810095
3 53 1810100
3 54 1810103
3 54 1810106
3 32 1810115
3 35 1810122
3 29 1810123
3 9 1810123
3 23 1810127
3 70 1810129
3 62 1810134
3 14 1810143
3 45 1810144
3 22 1810151
3 68 1810154
3 13 1810163
3 40 1810165
3 4 1810172
3 24 1810178
3 56 1810185
3 67 1810194
3 7 1810199
3 15 1810199
3 17 1810206
3 0 1810211
3 66 1810216
3 34 1810223
3 31 1810230
3 33 1810238
3 51 1810240
3 49 1810240
3 69 1810246
3 42 1810252
3 65 1810255
3 39 1810264
3 73 1810266
3 43 1810271
3 21 1810273
3 60 1810273
3 48 1810279
3 20 1810286
3 64 1810286
3 63 1810291
3 25 1810292
3 30 1810300
3 44 1810303
3 26 1810303
4 17 1810311
4 1 1810316
4 34 1810323
4 42 1810325
4 64 1810329
4 2 1810330
4 56 1810334
4 47 1810335
4 66 1810341
4 12 1810344
4 33 1810347
4 14 1810351
4 27 1810360
4 59 1810360
4 61 1810366
4 35 1810367
4 69 1810369
4 6 1810374
4 58 1810380
4 3 1810385
4 18 1810392
4 37 1810393
4 71 1810402
4 55 1810406
4 24 1810412
4 44 1810421
4 67 1810422
4 30 1810426
4 11 1810432
4 13 1810440
4 72 1810440
4 16 1810448
4 52 1810455
4 53 1810464
4 36 1810470
4 54 1810474
4 57 1810476
4 49 1810485
4 53 1810493
4 35 1810499
4 34 1810503
4 2 1810506
4 50 1810515
4 41 1810515
4 69 1810518
4 44 1810521
4 39 1810521
4 16 1810528
4 38 1810528
4 21 1810530
4 28 1810536
4 33 1810537
4 57 1810539
4 29 1810547
4 30 1810551
4 54 1810557
4 66 1810558
4 67 1810561
4 36 1810565
4 9 1810573
4 5 1810575
4 71 1810582
4 23 1810590
4 65 1810598
4 27 1810606
4 31 1810614
4 17 1810615
4 15 1810616
4 48 1810625
4 58 1810626
4 60 1810633
4 45 1810635
4 40 1810639
4 3 1810639
4 32 1810645
4 61 1810648
4 56 1810655
4 24 1810660
5 72 1810664
5 52 1810667
5 60 1810674
5 30 1810681
5 23 1810683
5 67 1810686
5 61 1810689
5 56 1810696
5 71 1810698
5 45 1810706
5 0 1810708
5 10 1810711
5 54 1810714
5 26 1810714
5 21 1810716
5 53 1810721
5 39 1810728
5 13 1810733
5 14 1810733
5 48 1810736
5 47 1810743
5 66 1810747
5 37 1810749
5 15 1810753
5 25 1810762
5 70 1810763
5 55 1810770
5 20 1810776
5 6 1810780
5 11 1810783
5 3 1810786
5 43 1810792
5 42 1810799
5 63 1810802
5 1 1810811
5 29 1810816
5 2 1810817
5 24 1810825
5 49 1810827
5 32 1810833
5 9 1810835
5 41 1810835
5 62 1810841
5 17 1810844
5 65 1810844
5 14 1810847
5 42 1810848
5 46 1810855
5 53 1810860
5 72 1810866
5 37 1810866
5 57 1810869
5 38 1810878
5 28 1810882
5 19 1810882
5 66 1810889
5 1 1810898
5 16 1810902
5 51 1810902
5 54 1810911
5 49 1810919
5 56 1810924
5 47 1810925
5 64 1810932
5 62 1810935
5 25 1810944
5 48 1810945
5 45 1810949
5 31 1810952
5 44 1810959
5 21 1810968
5 8 1810974
5 55 1810982
5 24 1810987
5 12 1810987
5 71 1810987
5 17 1810988
5 58 1810993
5 26 1810994
5 43 1811000
5 11 1811008
5 7 1811008
5 61 1811016
5 13 1811018
5 3 1811020
5 60 1811024
5 18 1811025
5 20 1811027
5 39 1811033
6 44 1811042
6 0 1811046
6 60 1811047
6 11 1811049
6 7 1811050
6 55 1811057
6 41 1811063
6 4 1811071
6 68 1811075
6 17 1811081
6 37 1811082
6 62 1811087
6 31 1811095
6 2 1811103
6 51 1811107
6 21 1811112
6 46 1811113
6 58 1811117
6 36 1811120
6 35 1811129
6 12 1811129
6 54 1811135
6 29 1811140
6 30 1811149
6 64 1811152
6 49 1811157
6 72 1811161
6 65 1811164
6 50 1811173
6 8 1811182
6 56 1811187
6 23 1811196
6 27 1811201
6 11 1811206
6 2 1811214
6 14 1811217
6 56 1811222
6 73 1811222
6 52 1811231
6 34 1811235
6 29 1811239
6 15 1811248
6 69 1811249
6 17 1811249
6 58 1811254
6 65 1811261
6 57 1811267
6 68 1811272
6 44 1811278
6 26 1811279
6 5 1811279
6 12 1811281
6 40 1811285
6 47 1811293
6 7 1811298
6 3 1811304
6 8 1811311
6 4 1811320
6 30 1811329
6 66 1811334
6 59 1811341
6 46 1811346
6 33 1811355
6 24 1811360
6 48 1811366
6 37 1811367
7 2 1811370
7 32 1811377
7 42 1811381
7 0 1811388
7 63 1811396
7 34 1811405
7 45 1811405
7 37 1811408
7 52 1811412
7 59 1811415
7 53 1811419
7 31 1811426
7 46 1811430
7 48 1811433
7 41 1811441
7 38 1811441
7 6 1811446
7 30 1811449
7 50 1811451
7 23 1811460
7 34 1811462
7 37 1811469
7 20 1811473
7 5 1811482
7 39 1811489
7 6 1811491
7 41 1811499
7 46 1811505
7 73 1811506
7 48 1811511
7 27 1811519
7 21 1811519
7 35 1811523
7 43 1811530
7 55 1811530
7 28 1811537
7 25 1811540
7 22 1811543
7 31 1811552
7 50 1811556
7 3 1811558
8 35 1811563
8 52 1811567
8 42 1811569
8 49 1811570
8 9 1811572
8 62 1811578
8 28 1811583
8 37 1811584
8 21 1811589
8 66 1811598
8 69 1811604
8 71 1811604
8 68 1811604
8 53 1811611
8 3 1811619
8 29 1811623
8 22 1811628
8 60 1811633
8 45 1811634
8 67 1811639
8 17 1811644
8 33 1811652
8 63 1811652
8 31 1811661
8 14 1811670
8 2 1811675
8 58 1811679
8 47 1811680
8 57 1811683
8 38 1811688
8 48 1811688
8 7 1811696
8 72 1811702
8 63 1811705
8 7 1811711
8 18 1811718
8 4 1811726
8 31 1811728
8 67 1811732
8 60 1811740
8 0 1811745
8 25 1811752
8 56 1811753
8 34 1811758
8 3 1811767
8 16 1811769
8 41 1811775
8 35 1811779
8 20 1811780
8 38 1811788
8 68 1811789
8 42 1811798
8 52 1811800
8 29 1811800
8 43 1811803
8 1 1811807
8 15 1811807
8 26 1811811
8 44 1811818
8 19 1811824
8 36 1811827
8 61 1811828
8 65 1811837
8 22 1811845
8 58 1811849
8 32 1811852
8 53 1811860
9 45 1811868
9 13 1811873
9 42 1811878
9 66 1811879
9 19 1811881
9 41 1811884
9 4 1811888
9 0 1811893
9 16 1811896
9 69 1811903
9 21 1811912
9 71 1811921
9 40 1811922
9 62 1811927
9 33 1811932
9 17 1811938
9 29 1811941
9 28 1811945
9 14 1811954
9 24 1811956
9 63 1811965
9 22 1811967
9 30 1811976
9 1 1811977
9 10 1811977
9 20 1811986
9 15 1811989
9 36 1811998
9 23 1812007
9 54 1812011
9 67 1812015
9 48 1812022
9 7 1812027
9 61 1812035
9 13 1812043
9 25 1812051
9 26 1812055
9 31 1812058
9 24 1812065
9 20 1812071
9 36 1812080
9 63 1812086
9 40 1812091
9 60 1812097
9 43 1812102
9 66 1812105
9 35 1812108
9 69 1812117
9 34 1812124
9 23 1812130
9 15 1812135
9 12 1812137
9 71 1812144
9 53 1812149
9 55 1812150
9 32 1812150
9 51 1812157
9 29 1812162
9 4 1812171
9 52 1812176
9 39 1812177
9 73 1812177
9 67 1812179
9 65 1812185
9 28 1812186
9 10 1812189
9 18 1812196
9 72 1812203
9 56 1812212
9 22 1812218
9 57 1812219
9 50 1812226
10 14 1812231
10 8 1812235
10 26 1812244
10 18 1812251
10 20 1812257
10 33 1812258
10 15 1812260
10 56 1812262
10 71 1812267
10 21 1812276
10 7 1812283
10 54 1812290
10 73 1812297
10 24 1812304
10 38 1812310
10 58 1812312
10 62 1812313
10 6 1812316
10 11 1812318
10 23 1812324
10 31 1812330
10 55 1812330
10 68 1812330
10 16 1812333
10 35 1812342
10 26 1812348
10 61 1812351
10 8 1812352
10 71 1812354
10 65 1812355
10 34 1812361
10 31 1812368
10 32 1812375
10 29 1812380
10 30 1812383
10 2 1812388
10 13 1812395
10 4 1812403
10 11 1812403
10 67 1812409
10 70 1812410
10 62 1812414
10 27 1812420
10 38 1812423
11 16 1812424
11 10 1812427
11 6 1812433
11 12 1812434
11 20 1812440
11 69 1812447
11 60 1812448
11 38 1812449
11 62 1812452
11 43 1812461
11 31 1812465
11 67 1812472
11 17 1812472
11 72 1812474
11 61 1812482
11 71 1812484
11 73 1812490
11 46 1812494
11 49 1812501
11 28 1812503
11 42 1812506
11 35 1812510
11 56 1812510
11 21 1812518
11 47 1812523
11 24 1812530
11 23 1812532
11 44 1812538
11 33 1812544
11 32 1812548
11 57 1812548
11 30 1812553
11 50 1812561
11 40 1812561
11 13 1812567
11 53 1812570
11 55 1812570
11 36 1812571
11 27 1812574
11 37 1812581
11 18 1812585
11 26 1812591
11 45 1812596
11 51 1812597
11 54 1812597
11 2 1812602
11 38 1812604
11 65 1812611
11 69 1812617
11 44 1812624
11 19 1812624
11 49 1812633
11 47 1812640
11 50 1812647
11 2 1812652
11 37 1812652
11 39 1812661
11 63 1812668
11 54 1812677
11 58 1812680
11 53 1812680
11 7 1812680
11 71 1812683
11 24 1812685
11 27 1812687
11 72 1812692
11 4 1812694
11 16 1812694
11 22 1812701
11 41 1812705
11 17 1812705
11 1 1812708
11 21 1812716
11 9 1812724
11 3 1812729
11 33 1812731
11 31 1812740
11 36 1812741
11 5 1812746
11 20 1812748
11 28 1812752
11 35 1812759
11 15 1812762
11 25 1812762
11 48 1812768
11 59 1812776
11 56 1812784
11 67 1812784
11 14 1812791
12 20 1812794
12 70 1812796
12 22 1812797
12 3 1812804
12 16 1812810
12 63 1812817
12 69 1812819
12 56 1812819
12 35 1812828
12 66 1812829
12 8 1812830
12 41 1812831
12 47 1812839
12 61 1812846
12 58 1812851
12 32 1812858
12 34 1812864
12 44 1812866
12 67 1812873
12 64 1812877
12 23 1812885
12 29 1812893
12 65 1812900
12 10 1812900
12 37 1812900
12 52 1812900
12 25 1812907
12 9 1812916
12 50 1812919
12 21 1812924
12 0 1812928
12 72 1812929
12 55 1812932
12 63 1812935
12 19 1812938
12 34 1812946
12 44 1812946
12 25 1812951
12 3 1812958
12 1 1812966
12 16 1812974
12 48 1812977
12 11 1812984
12 61 1812989
12 59 1812996
12 64 1813000
12 32 1813001
12 9 1813003
12 54 1813005
12 5 1813014
12 60 1813022
12 38 1813023
12 24 1813025
12 68 1813031
12 27 1813035
13 28 1813038
13 19 1813047
13 54 1813056
13 49 1813060
13 21 1813064
13 44 1813069
13 26 1813074
13 48 1813075
13 65 1813079
13 68 1813085
13 31 1813089
13 40 1813093
13 16 1813096
13 10 1813098
13 0 1813101
13 8 1813110
13 4 1813119
13 25 1813121
13 53 1813127
13 6 1813129
13 41 1813132
13 62 1813135
13 2 1813143
13 12 1813144
13 52 1813146
13 15 1813151
13 24 1813156
13 5 1813160
13 34 1813167
13 17 1813175
13 63 1813179
13 22 1813187
13 60 1813187
13 56 1813189
13 27 1813196
13 38 1813204
13 39 1813207
13 42 1813209
13 32 1813210
13 50 1813210
13 2 1813214
13 10 1813219
13 6 1813227
13 3 1813236
13 42 1813237
13 65 1813237
13 39 1813238
13 44 1813238
13 40 1813242
13 35 1813248
13 36 1813256
13 68 1813265
13 59 1813270
13 67 1813279
13 25 1813279
13 29 1813282
13 52 1813284
13 49 1813291
13 31 1813300
13 56 1813305
13 11 1813308
13 12 1813313
13 66 1813315
13 54 1813323
13 0 1813327
13 63 1813332
13 8 1813338
13 4 1813343
13 26 1813352
13 1 1813358
13 32 1813363
13 72 1813364
13 61 1813370
13 37 1813371
13 16 1813374
13 43 1813379
13 71 1813384
13 58 1813387
13 69 1813388
13 70 1813395
13 46 1813395
13 47 1813401
14 57 1813405
14 56 1813409
14 45 1813411
14 52 1813419
14 5 1813428
14 21 1813434
14 16 1813442
14 9 1813446
14 15 1813455
14 69 1813458
14 6 1813460
14 63 1813460
14 38 1813463
14 10 1813465
14 60 1813474
14 26 1813475
14 49 1813475
14 50 1813475
14 8 1813481
14 58 1813488
14 1 1813489
14 33 1813492
14 39 1813501
14 0 1813503
14 28 1813506
14 34 1813512
14 73 1813518
14 54 1813518
14 2 1813522
14 31 1813530
14 71 1813530
14 47 1813532
14 40 1813534
14 55 1813539
14 46 1813546
14 7 1813555
14 43 1813557
14 70 1813561
14 72 1813568
14 48 1813573
14 24 1813581
14 37 1813586
14 4 1813594
14 51 1813596
14 11 1813604
14 20 1813606
14 13 1813615
14 47 1813619
14 34 1813624
14 0 1813625
14 2 1813633
14 40 1813639
14 37 1813641
14 29 1813642
14 9 1813651
14 8 1813655
14 11 1813659
14 30 1813667
14 5 1813670
14 59 1813677
14 17 1813677
14 42 1813683
14 51 1813687
14 62 1813688
14 50 1813689
14 63 1813697
14 64 1813704
14 31 1813710
14 45 1813719
14 21 1813723
14 52 1813732
14 16 1813740
14 7 1813740
14 18 1813743
14 41 1813743
14 49 1813750
14 3 1813759
14 56 1813765
14 68 1813774
14 66 1813776
15 39 1813781
15 10 1813786
15 14 1813788
15 34 1813788
15 48 1813789
15 12 1813793
15 17 1813798
15 44 1813804
15 70 1813805
15 32 1813810
15 22 1813816
15 65 1813824
15 37 1813832
15 33 1813837
15 56 1813846
15 47 1813855
15 4 1813861
15 67 1813861
15 26 1813862
15 36 1813868
15 31 1813871
15 57 1813874
15 45 1813877
15 13 1813883
15 66 1813892
15 51 1813896
15 59 1813904
15 41 1813904
15 71 1813908
15 27 1813911
15 24 1813918
15 52 1813920
15 2 1813926
15 68 1813927
15 54 1813930
15 25 1813939
15 69 1813946
15 5 1813952
15 1 1813961
15 28 1813968
15 38 1813968
15 43 1813974
15 7 1813978
15 11 1813983
15 57 1813983
15 48 1813985
15 34 1813994
15 63 1814001
15 52 1814001
15 58 1814003
15 5 1814004
15 54 1814013
15 71 1814018
15 43 1814026
15 73 1814033
15 61 1814041
15 56 1814049
15 2 1814056
15 12 1814060
15 41 1814062
15 51 1814071
15 7 1814071
15 27 1814075
15 69 1814076
15 0 1814078
15 16 1814087
15 37 1814096
15 64 1814100
15 10 1814109
15 25 1814112
15 60 1814113
15 70 1814122
15 26 1814126
15 53 1814131
15 68 1814133
15 46 1814133
15 62 1814137
15 28 1814145
15 21 1814153
15 65 1814160
15 31 1814162
15 17 1814167
15 42 1814167
15 45 1814173
15 18 1814177
15 22 1814185
15 9 1814185
15 50 1814188
15 8 1814191
15 55 1814193
16 32 1814199
16 8 1814200
16 20 1814204
16 22 1814210
16 12 1814216
16 70 1814217
16 27 1814226
16 26 1814227
16 14 1814236
16 1 1814238
16 48 1814246
16 61 1814248
16 59 1814248
16 34 1814257
16 33 1814260
16 43 1814269
16 22 1814276
16 13 1814285
16 37 1814291
16 73 1814297
16 11 1814302
17 39 1814311
17 8 1814314
17 49 1814323
17 29 1814330
17 13 1814334
17 35 1814343
17 36 1814343
17 18 1814346
17 41 1814349
17 5 1814349
17 10 1814350
17 22 1814352
17 0 1814357
17 11 1814362
17 28 1814369
17 30 1814369
17 48 1814377
17 71 1814384
17 73 1814388
17 25 1814390
17 36 1814399
17 7 1814399
17 45 1814405
17 18 1814406
17 41 1814414
17 64 1814419
17 29 1814425
17 49 1814429
17 40 1814437
17 46 1814442
17 51 1814447
18 13 1814455
18 54 1814455
18 69 1814464
18 24 1814465
18 67 1814466
18 63 1814470
18 8 1814477
18 34 1814478
18 40 1814484
18 57 1814485
18 10 1814491
18 26 1814492
18 38 1814499
18 25 1814505
18 21 1814513
18 52 1814516
18 58 1814523
18 66 1814526
18 45 1814533
18 67 1814542
18 0 1814545
18 20 1814554
18 52 1814562
18 19 1814565
18 11 1814570
18 13 1814572
18 27 1814577
18 28 1814586
18 63 1814587
18 42 1814593
18 24 1814601
18 51 1814609
18 22 1814614
18 4 1814619
18 6 1814622
19 30 1814623
19 29 1814632
19 4 1814638
19 61 1814642
19 46 1814644
19 52 1814649
19 41 1814656
19 66 1814665
19 43 1814673
19 21 1814679
19 54 1814684
19 15 1814688
19 53 1814693
19 23 1814702
19 44 1814702
19 39 1814702
19 63 1814707
19 42 1814715
19 22 1814724
19 32 1814728
19 45 1814731
19 51 1814738
19 59 1814738
19 73 1814740
19 1 1814742
19 25 1814745
19 24 1814748
19 16 1814748
19 26 1814751
19 9 1814755
19 51 1814761
19 44 1814762
19 3 1814767
19 49 1814775
19 10 1814779
19 53 1814780
19 40 1814784
19 70 1814787
19 39 1814788
19 7 1814797
19 31 1814805
19 14 1814810
19 47 1814813
19 0 1814822
19 60 1814825
19 12 1814831
19 41 1814839
19 67 1814843
19 62 1814845
19 72 1814853
19 34 1814853
19 73 1814855
19 56 1814855
19 50 1814864
19 63 1814865
19 42 1814872
19 28 1814872
20 59 1814880
20 24 1814887
20 41 1814893
20 61 1814897
20 70 1814902
20 30 1814902
20 23 1814907
20 35 1814913
20 67 1814916
20 3 1814924
20 32 1814933
20 49 1814934
20 4 1814941
20 15 1814944
20 58 1814947
20 31 1814953
20 14 1814954
20 69 1814956
20 50 1814959
20 26 1814965
20 42 1814966
20 34 1814970
20 60 1814977
20 18 1814982
20 0 1814986
20 56 1814995
20 21 1814995
20 32 1814998
20 11 1815003
20 57 1815004
20 43 1815013
20 63 1815014
20 30 1815016
20 67 1815023
20 23 1815030
20 73 1815031
20 59 1815039
20 17 1815048
20 9 1815052
20 27 1815058
21 17 1815061
21 49 1815067
21 19 1815074
21 9 1815074
21 36 1815083
21 69 1815084
21 34 1815093
21 31 1815101
21 7 1815103
21 66 1815106
21 37 1815109
21 64 1815117
21 29 1815119
21 53 1815119
21 45 1815126
21 2 1815133
21 22 1815139
21 71 1815139
21 32 1815141
21 3 1815150
21 5 1815157
21 26 1815158
21 18 1815161
21 62 1815169
21 59 1815173
21 52 1815173
21 15 1815181
21 25 1815188
21 47 1815197
21 28 1815203
21 50 1815207
21 41 1815215
21 39 1815220
21 42 1815221
21 73 1815229
21 13 1815236
21 0 1815240
21 11 1815243
21 65 1815245
21 70 1815248
21 55 1815256
21 48 1815258
21 6 1815264
21 56 1815265
21 27 1815269
21 1 1815271
21 0 1815273
21 31 1815279
21 67 1815279
21 34 1815280
21 5 1815286
21 8 1815292
21 39 1815295
21 15 1815300
21 10 1815303
21 12 1815312
21 48 1815318
21 43 1815325
21 66 1815334
21 42 1815343
21 72 1815348
21 11 1815348
21 22 1815356
21 7 1815365
21 62 1815366
21 50 1815372
21 53 1815376
21 70 1815383
21 58 1815387
21 20 1815392
21 27 1815395
21 60 1815396
21 40 1815396
21 9 1815405
21 30 1815407
21 49 1815407
21 45 1815407
21 18 1815415
21 57 1815418
21 29 1815427
21 61 1815434
21 56 1815437
21 63 1815446
21 55 1815454
21 17 1815454
21 44 1815457
21 24 1815460
21 4 1815464
21 32 1815465
21 65 1815465
21 68 1815473
21 3 1815478
21 59 1815484
21 73 1815488
22 66 1815494
22 52 1815494
22 13 1815502
22 9 1815503
22 40 1815505
22 21 1815511
22 38 1815515
22 14 1815515
22 23 1815524
22 39 1815532
22 15 1815533
22 32 1815537
22 31 1815537
22 61 1815537
22 73 1815540
22 16 1815545
22 48 1815551
22 67 1815554
22 25 1815561
22 41 1815567
22 37 1815570
22 72 1815570
22 54 1815570
22 51 1815577
22 34 1815580
22 27 1815589
22 65 1815596
22 57 1815604
22 3 1815609
22 64 1815618
22 45 1815618
22 8 1815622
22 43 1815628
22 4 1815635
22 53 1815642
22 44 1815644
22 70 1815649
22 58 1815655
22 30 1815655
22 0 1815664
22 42 1815673
22 33 1815682
22 2 1815691
22 26 1815697
22 20 1815706
22 69 1815710
22 37 1815711
22 68 1815716
22 52 1815723
22 58 1815724
22 56 1815726
22 32 1815729
22 4 1815734
22 54 1815742
22 0 1815748
22 43 1815756
22 40 1815764
22 63 1815767
22 19 1815767
22 7 1815771
22 59 1815776
22 29 1815776
22 69 1815784
22 35 1815792
22 44 1815799
22 49 1815805
22 10 1815812
22 65 1815820
22 8 1815827
22 12 1815830
22 13 1815835
22 24 1815841
22 30 1815848
22 48 1815852
22 36 1815859
22 51 1815865
22 23 1815870
22 28 1815874
22 1 1815881
22 11 1815885
22 53 1815886
22 39 1815894
22 25 1815903
22 60 1815911
22 57 1815911
22 34 1815911
22 18 1815912
22 71 1815915
22 41 1815917
22 3 1815922
23 63 1815926
23 40 1815927
23 37 1815927
23 36 1815933
23 46 1815935
23 28 1815935
23 25 1815940
23 52 1815945
23 19 1815945
23 46 1815953
23 33 1815957
23 18 1815961
23 11 1815966
23 62 1815973
23 9 1815977
24 55 1815986
24 61 1815993
24 67 1815998
24 13 1815999
24 40 1816008
24 37 1816013
24 16 1816017
24 8 1816022
24 60 1816024
24 49 1816028
24 28 1816036
24 69 1816043
24 31 1816049
24 25 1816058
24 10 1816064
24 54 1816073
24 1 1816081
24 9 1816085
24 5 1816090
24 19 1816098
24 18 1816101
24 14 1816104
24 26 1816113
24 29 1816117
24 46 1816124
24 12 1816133
24 30 1816142
24 2 1816147
24 39 1816156
24 15 1816158
24 32 1816158
24 72 1816162
24 11 1816167
24 68 1816169
24 70 1816174
24 71 1816180
24 20 1816187
24 42 1816190
24 63 1816190
24 19 1816199
24 73 1816204
24 62 1816204
24 49 1816207
24 56 1816214
24 39 1816214
24 55 1816215
24 51 1816222
24 15 1816227
24 12 1816235
24 53 1816241
24 35 1816250
24 33 1816256
24 7 1816259
24 29 1816264
24 48 1816272
24 58 1816275
24 11 1816281
24 43 1816290
24 67 1816296
24 32 1816304
24 36 1816306
24 27 1816307
24 34 1816313
24 22 1816314
24 44 1816318
24 18 1816320
24 54 1816327
24 31 1816328
24 17 1816335
24 69 1816341
24 52 1816342
24 50 1816342
24 3 1816343
24 37 1816348
25 30 1816350
25 73 1816358
25 46 1816358
25 48 1816359
25 63 1816366
25 38 1816366
25 50 1816370
25 32 1816375
25 58 1816375
25 22 1816379
25 6 1816379
25 9 1816381
25 68 1816389
25 64 1816390
25 32 1816394
25 70 1816396
25 31 1816400
25 59 1816404
25 8 1816412
25 6 1816414
25 20 1816422
25 51 1816423
25 7 1816427
25 17 1816435
25 0 1816436
25 66 1816437
25 11 1816446
25 57 1816454
25 1 1816461
26 59 1816462
26 25 1816466
26 48 1816474
26 58 1816482
26 32 1816487
26 22 1816493
26 45 1816500
26 9 1816509
26 13 1816511
26 17 1816515
26 7 1816524
26 62 1816532
26 66 1816537
26 65 1816544
26 56 1816551
26 51 1816556
26 20 1816559
26 52 1816559
26 8 1816563
26 14 1816569
26 6 1816569
26 2 1816571
26 60 1816580
26 5 1816587
26 1 1816588
26 72 1816595
26 29 1816595
26 36 1816596
26 61 1816605
26 59 1816606
26 24 1816611
26 5 1816612
26 1 1816619
26 71 1816621
26 20 1816629
26 57 1816629
26 62 1816636
26 39 1816637
26 12 1816642
26 49 1816644
26 50 1816647
26 55 1816650
26 28 1816652
26 38 1816652
26 11 1816660
26 69 1816662
26 10 1816662
26 56 1816670
26 18 1816678
26 6 1816685
26 48 1816694
26 42 1816701
26 51 1816705
26 63 1816707
27 65 1816712
27 3 1816716
27 73 1816724
27 25 1816728
27 2 1816729
27 8 1816729
27 31 1816733
27 47 1816738
27 35 1816744
27 59 1816753
27 48 1816759
27 14 1816763
27 18 1816765
27 23 1816766
27 4 1816768
27 61 1816776
27 38 1816783
27 39 1816787
27 53 1816787
27 72 1816789
27 51 1816790
27 44 1816795
27 66 1816797
27 21 1816799
27 5 1816800
27 46 1816807
27 67 1816815
27 24 1816822
27 64 1816829
27 16 1816830
27 9 1816830
27 68 1816830
27 69 1816839
27 1 1816841
27 6 1816849
27 45 1816853
27 28 1816853
27 36 1816854
27 29 1816854
27 54 1816858
27 65 1816861
27 0 1816867
27 32 1816875
27 62 1816877
27 19 1816879
27 1 1816888
27 5 1816896
27 11 1816898
27 70 1816905
27 38 1816905
27 6 1816907
27 72 1816907
27 43 1816909
27 64 1816917
27 39 1816923
27 23 1816929
27 63 1816938
27 56 1816938
27 59 1816941
27 33 1816943
27 7 1816951
27 60 1816953
27 26 1816962
27 22 1816964
27 40 1816970
27 13 1816978
28 69 1816985
28 10 1816992
28 12 1816992
28 66 1816995
28 55 1816998
28 50 1817001
28 11 1817007
28 0 1817014
28 9 1817015
29 35 1817024
29 63 1817033
29 62 1817040
29 19 1817044
29 45 1817053
29 69 1817061
29 6 1817064
29 47 1817064
29 21 1817064
29 32 1817064
29 43 1817066
29 16 1817074
29 42 1817082
29 53 1817089
29 1 1817091
29 18 1817097
29 11 1817102
29 15 1817111
29 17 1817117
29 7 1817119
29 41 1817119
29 58 1817126
29 59 1817135
29 22 1817144
29 49 1817146
29 39 1817151
29 33 1817154
29 60 1817157
29 9 1817163
29 28 1817164
29 34 1817172
29 72 1817177
29 40 1817184
29 26 1817185
29 14 1817185
29 66 1817187
29 2 1817189
29 68 1817190
29 16 1817190
29 6 1817196
29 55 1817201
29 70 1817209
29 23 1817218
29 8 1817222
29 7 1817226
29 30 1817234
29 17 1817242
29 3 1817242
29 41 1817246
29 28 1817251
29 46 1817251
29 48 1817253
29 34 1817256
29 38 1817262
29 10 1817262
29 22 1817269
29 67 1817271
29 4 1817275
29 39 1817281
29 61 1817287
29 37 1817293
29 24 1817295
29 40 1817303
29 15 1817303
29 12 1817307
29 56 1817315
29 58 1817315
30 44 1817317
30 9 1817322
30 33 1817324
30 15 1817332
30 65 1817341
30 29 1817346
30 31 1817352
30 51 1817357
30 27 1817357
30 41 1817366
30 3 1817367
30 37 1817367
30 68 1817375
30 2 1817384
30 20 1817384
30 11 1817391
30 73 1817398
30 55 1817405
30 62 1817406
30 40 1817406
30 70 1817413
30 38 1817419
30 25 1817420
30 6 1817424
30 22 1817430
30 0 1817436
30 56 1817445
30 40 1817452
30 12 1817460
30 28 1817469
30 44 1817472
30 5 1817479
30 53 1817482
30 54 1817487
30 11 1817495
30 13 1817501
30 64 1817505
30 63 1817513
30 43 1817521
30 26 1817523
30 50 1817530
30 27 1817534
30 29 1817541
30 46 1817547
30 49 1817550
30 51 1817550
30 39 1817555
30 72 1817555
31 47 1817559
31 60 1817566
31 34 1817574
31 1 1817581
31 16 1817590
31 51 1817594
31 27 1817599
31 13 1817601
31 68 1817601
31 37 1817601
31 14 1817604
31 26 1817604
31 65 1817611
31 8 1817614
31 17 1817619
31 63 1817624
31 6 1817624
31 9 1817629
31 25 1817631
31 53 1817631
31 64 1817639
31 11 1817646
31 49 1817646
31 62 1817652
31 70 1817653
31 3 1817656
31 5 1817658
31 38 1817666
31 28 1817673
31 44 1817677
31 29 1817679
31 55 1817684
31 61 1817687
31 73 1817687
31 21 1817691
31 2 1817700
31 36 1817708
31 22 1817713
31 39 1817715
31 48 1817717
31 54 1817718
31 7 1817723
31 46 1817724
31 33 1817724
31 43 1817724
31 34 1817726
31 6 1817735
31 50 1817743
31 13 1817745
31 36 1817748
31 63 1817752
31 71 1817752
31 22 1817761
31 4 1817764
31 56 1817771
31 24 1817780
31 18 1817788
31 1 1817797
31 69 1817804
31 32 1817805
31 42 1817813
31 27 1817819
31 66 1817820
31 65 1817822
31 51 1817827
31 17 1817829
31 20 1817836
31 39 1817838
31 0 1817847
31 29 1817856
31 9 1817864
31 8 1817865
31 61 1817869
31 3 1817875
31 25 1817878
31 48 1817886
31 47 1817887
31 73 1817896
31 38 1817897
31 53 1817905
31 45 1817906
31 57 1817910
31 59 1817915
31 30 1817916
31 12 1817924
31 72 1817925
31 70 1817928
31 19 1817931
31 28 1817931
31 68 1817934
32 45 1817941
32 22 1817948
32 34 1817951
32 19 1817951
32 62 1817959
32 61 1817966
32 33 1817973
32 52 1817973
32 30 1817981
32 5 1817986
32 56 1817988
32 37 1817989
32 26 1817991
32 10 1817999
32 18 1818007
32 73 1818012
32 50 1818018
32 41 1818025
32 66 1818030
32 27 1818030
32 24 1818036
32 1 1818040
32 8 1818048
32 68 1818055
32 29 1818056
32 67 1818060
32 15 1818063
32 48 1818072
32 9 1818075
32 59 1818084
32 3 1818085
32 23 1818089
32 47 1818090
32 11 1818097
32 69 1818106
32 43 1818110
32 54 1818118
32 71 1818119
32 0 1818122
32 45 1818126
32 24 1818134
32 68 1818137
32 14 1818138
32 31 1818147
32 16 1818153
32 17 1818154
32 28 1818163
32 36 1818166
32 58 1818173
32 12 1818177
32 18 1818180
32 51 1818181
32 34 1818182
32 39 1818182
32 64 1818185
32 41 1818186
32 30 1818190
32 38 1818191
32 29 1818192
32 52 1818201
32 2 1818209
32 44 1818212
32 7 1818214
32 1 1818215
32 66 1818220
32 47 1818227
32 53 1818235
33 30 1818242
33 48 1818249
33 64 1818258
33 42 1818266
33 8 1818268
34 15 1818272
34 39 1818278
34 72 1818283
34 46 1818284
34 9 1818284
34 68 1818284
34 40 1818292
34 63 1818295
34 52 1818295
34 67 1818303
34 73 1818303
34 8 1818309
34 54 1818315
34 45 1818319
34 3 1818323
34 55 1818328
34 57 1818333
34 29 1818342
34 37 1818350
34 21 1818351
34 14 1818355
34 18 1818355
34 66 1818359
34 11 1818367
34 61 1818372
34 43 1818373
34 6 1818379
34 7 1818384
34 60 1818386
34 23 1818393
34 0 1818393
34 56 1818401
34 20 1818408
34 32 1818409
34 25 1818413
34 59 1818415
34 4 1818422
34 19 1818429
34 58 1818435
34 62 1818443
34 69 1818446
34 13 1818451
34 5 1818459
34 44 1818468
34 65 1818473
34 24 1818476
34 27 1818485
34 72 1818490
34 44 1818492
34 62 1818497
34 1 1818505
34 59 1818506
34 15 1818513
34 36 1818517
34 21 1818518
34 60 1818520
34 63 1818525
34 61 1818534
34 56 1818541
34 66 1818549
34 55 1818558
34 39 1818563
34 5 1818572
34 22 1818575
34 48 1818581
34 68 1818588
34 53 1818597
34 27 1818605
34 31 1818605
34 69 1818606
34 52 1818608
34 29 1818609
34 18 1818617
34 33 1818623
34 14 1818627
34 9 1818634
34 46 1818636
34 71 1818636
34 23 1818641
34 49 1818641
34 50 1818644
34 70 1818647
34 47 1818648
34 10 1818656
34 57 1818658
34 11 1818661
34 58 1818668
34 51 1818677
34 35 1818678
34 43 1818680
35 49 1818683
35 8 1818683
35 34 1818685
35 58 1818689
35 21 1818696
35 14 1818699
35 20 1818702
35 73 1818708
35 52 1818716
35 65 1818723
35 9 1818730
35 70 1818736
35 0 1818739
35 32 1818748
35 1 1818755
35 45 1818761
35 29 1818768
35 30 1818771
35 27 1818773
35 59 1818781
35 72 1818783
35 41 1818783
35 56 1818791
35 54 1818794
35 48 1818801
35 51 1818809
35 60 1818815
35 5 1818818
35 57 1818821
35 40 1818828
35 42 1818828
35 48 1818836
35 58 1818836
35 41 1818845
35 17 1818845
35 63 1818849
35 36 1818855
35 20 1818857
35 72 1818859
35 33 1818868
35 26 1818871
35 68 1818871
35 25 1818874
35 53 1818881
35 62 1818883
35 30 1818886
35 43 1818886
35 1 1818890
35 69 1818894
35 23 1818901
35 57 1818908
35 52 1818915
35 54 1818921
35 65 1818926
35 22 1818932
35 11 1818932
35 9 1818940
35 37 1818942
35 29 1818951
35 47 1818952
35 66 1818952
35 61 1818958
35 46 1818967
35 55 1818970
35 10 1818979
35 6 1818981
36 68 1818989
36 5 1818997
36 35 1818997
36 50 1818999
36 29 1819008
36 20 1819015
36 8 1819018
36 18 1819019
36 41 1819020
36 60 1819021
36 61 1819026
36 4 1819035
36 17 1819039
36 51 1819048
36 19 1819055
36 47 1819055
36 59 1819055
36 37 1819055
36 65 1819064
36 10 1819073
36 30 1819079
36 38 1819087
36 1 1819092
36 11 1819099
36 49 1819103
36 26 1819107
36 46 1819110
36 52 1819110
36 23 1819115
36 33 1819124
36 54 1819129
36 15 1819135
36 31 1819135
36 45 1819142
36 40 1819148
36 66 1819155
36 9 1819158
36 44 1819162
36 69 1819163
36 55 1819167
36 64 1819174
36 57 1819177
36 56 1819177
36 14 1819186
36 44 1819189
36 17 1819197
36 42 1819206
36 66 1819210
36 31 1819215
36 0 1819216
36 68 1819219
36 5 1819228
36 69 1819236
36 27 1819245
36 56 1819254
36 14 1819255
36 52 1819256
36 51 1819264
36 43 1819271
36 13 1819275
36 9 1819278
36 26 1819284
36 25 1819284
36 32 1819293
36 58 1819297
36 53 1819301
36 73 1819305
36 22 1819309
36 24 1819315
36 54 1819322
36 67 1819326
36 61 1819331
36 70 1819337
36 28 1819343
36 35 1819348
36 12 1819349
36 72 1819353
36 2 1819361
36 57 1819364
36 41 1819369
36 33 1819375
36 46 1819378
36 20 1819379
36 62 1819379
36 49 1819381
37 36 1819382
37 73 1819387
37 53 1819395
37 28 1819398
37 12 1819403
37 33 1819407
37 19 1819408
37 25 1819412
37 9 1819421
37 57 1819422
37 15 1819429
37 1 1819435
37 56 1819437
37 58 1819444
38 72 1819450
38 64 1819451
38 51 1819456
38 10 1819457
38 42 1819465
38 44 1819474
38 14 1819475
38 9 1819484
38 20 1819492
38 33 1819497
38 52 1819503
38 49 1819506
38 31 1819511
38 0 1819520
38 5 1819527
38 43 1819530
38 7 1819539
38 16 1819548
38 29 1819555
38 71 1819556
38 21 1819557
38 34 1819564
38 12 1819572
38 1 1819573
38 70 1819582
38 63 1819586
38 8 1819595
38 15 1819595
38 67 1819599
38 59 1819601
38 72 1819605
38 36 1819614
38 13 1819617
38 65 1819622
38 56 1819625
38 5 1819633
38 16 1819641
38 34 1819647
38 18 1819651
38 45 1819654
38 20 1819656
38 69 1819663
38 10 1819670
38 59 1819677
38 24 1819684
38 61 1819688
38 14 1819693
38 57 1819693
38 50 1819697
38 41 1819704
38 54 1819706
38 70 1819708
38 31 1819711
38 26 1819711
38 15 1819720
38 32 1819726
38 9 1819726
38 3 1819727
38 48 1819735
39 24 1819737
39 66 1819746
39 59 1819754
39 8 1819763
39 63 1819771
39 1 1819773
39 41 1819782
39 25 1819786
39 31 1819792
39 22 1819795
39 51 1819800
39 16 1819803
39 48 1819804
39 57 1819804
39 52 1819807
39 40 1819807
39 33 1819814
39 19 1819821
39 71 1819823
39 28 1819832
39 0 1819839
39 49 1819845
39 72 1819852
39 21 1819858
39 38 1819859
39 14 1819864
39 20 1819868
39 73 1819875
39 47 1819876
39 50 1819878
39 36 1819883
39 62 1819892
39 17 1819900
39 30 1819904
39 11 1819911
39 2 1819911
39 37 1819918
39 43 1819920
39 35 1819928
39 10 1819930
39 4 1819933
39 55 1819933
39 42 1819938
39 26 1819940
39 62 1819948
39 2 1819956
39 40 1819965
39 6 1819969
39 23 1819977
39 13 1819982
39 16 1819984
39 72 1819991
39 49 1819999
39 9 1820002
39 34 1820007
39 71 1820011
39 73 1820012
39 64 1820019
39 20 1820026
39 53 1820034
39 22 1820036
39 33 1820038
39 14 1820042
39 70 1820051
39 57 1820058
39 61 1820062
39 21 1820063
39 37 1820067
39 51 1820069
39 59 1820069
39 18 1820077
39 1 1820078
39 31 1820080
40 53 1820086
40 42 1820092
40 22 1820101
40 4 1820110
40 56 1820117
40 50 1820124
40 9 1820132
40 43 1820137
40 31 1820138
40 0 1820145
41 37 1820153
41 20 1820157
41 58 1820166
42 15 1820169
42 72 1820170
42 55 1820178
42 43 1820181
42 53 1820184
42 0 1820184
42 50 1820191
42 51 1820193
42 4 1820195
42 1 1820204
42 49 1820209
42 38 1820212
42 27 1820214
42 65 1820218
42 37 1820227
42 5 1820228
42 32 1820228
42 54 1820229
42 64 1820238
42 4 1820238
42 25 1820246
42 71 1820255
43 41 1820260
43 24 1820265
43 19 1820274
43 48 1820276
43 33 1820284
43 46 1820290
43 6 1820293
43 61 1820297
43 45 1820304
43 72 1820311
43 40 1820317
43 2 1820318
43 18 1820322
43 58 1820329
43 50 1820336
43 52 1820338
43 9 1820342
43 24 1820348
43 36 1820352
43 51 1820354
43 57 1820355
43 25 1820363
43 69 1820372
43 30 1820372
43 52 1820376
43 2 1820376
43 53 1820382
43 18 1820388
43 42 1820395
43 63 1820404
43 49 1820406
43 58 1820413
43 22 1820419
43 20 1820425
43 48 1820425
43 23 1820426
43 33 1820432
44 46 1820437
44 16 1820440
44 34 1820442
44 5 1820450
44 54 1820458
44 72 1820467
44 55 1820468
44 7 1820473
44 64 1820481
44 28 1820481
44 36 1820483
44 57 1820487
44 3 1820491
44 65 1820495
44 43 1820498
44 24 1820501
44 50 1820506
44 1 1820512
44 35 1820521
44 56 1820528
44 51 1820533
44 30 1820538
44 10 1820547
44 63 1820555
44 11 1820558
44 48 1820562
44 6 1820563
44 37 1820563
44 58 1820566
44 4 1820569
44 18 1820574
44 73 1820575
44 13 1820577
44 68 1820584
44 12 1820589
44 52 1820597
44 40 1820603
44 27 1820606
44 39 1820614
44 20 1820619
44 67 1820627
44 53 1820632
44 49 1820636
44 29 1820636
44 33 1820637
44 25 1820643
44 43 1820645
44 42 1820650
44 54 1820658
44 2 1820664
44 60 1820667
44 34 1820673
44 57 1820682
44 48 1820686
44 71 1820691
44 46 1820694
44 6 1820703
44 41 1820707
44 50 1820715
44 62 1820718
44 19 1820724
44 16 1820733
44 35 1820737
44 0 1820739
44 38 1820747
44 7 1820755
44 14 1820756
44 36 1820759
44 24 1820764
44 21 1820764
44 27 1820765
44 18 1820771
44 23 1820779
44 9 1820783
44 73 1820789
44 59 1820796
44 49 1820800
44 69 1820808
44 72 1820815
44 61 1820816
44 15 1820818
44 66 1820825
44 39 1820830
44 17 1820837
45 14 1820842
45 64 1820843
45 6 1820844
45 0 1820845
45 2 1820851
45 34 1820860
45 13 1820862
45 9 1820862
45 15 1820862
45 59 1820868
45 24 1820876
45 43 1820877
45 10 1820877
45 73 1820879
45 8 1820881
45 68 1820883
46 44 1820885
46 25 1820893
46 33 1820900
46 2 1820904
46 52 1820904
46 11 1820910
46 71 1820919
46 15 1820922
46 41 1820924
46 12 1820926
46 6 1820934
46 59 1820938
46 37 1820941
46 55 1820948
46 16 1820955
46 29 1820958
46 3 1820962
46 60 1820967
46 8 1820971
46 19 1820973
46 47 1820977
46 21 1820983
46 17 1820988
46 1 1820991
46 56 1820997
46 20 1821003
46 61 1821009
46 24 1821017
46 49 1821018
46 35 1821020
46 73 1821029
46 30 1821038
46 22 1821045
46 50 1821052
46 13 1821052
46 27 1821059
46 67 1821065
46 28 1821074
46 58 1821078
46 36 1821087
46 55 1821090
46 72 1821099
46 53 1821107
46 48 1821111
46 18 1821113
46 31 1821119
46 54 1821127
46 17 1821133
46 4 1821137
46 67 1821146
46 57 1821146
46 70 1821154
46 59 1821157
46 3 1821164
46 9 1821173
46 2 1821179
46 13 1821183
46 66 1821188
46 12 1821194
46 29 1821200
46 26 1821207
46 21 1821215
46 69 1821215
46 11 1821220
46 5 1821224
46 42 1821233
46 6 1821242
46 50 1821245
46 14 1821247
46 63 1821252
46 62 1821261
46 24 1821269
46 23 1821277
46 38 1821280
46 40 1821283
46 56 1821288
46 19 1821293
47 15 1821297
47 7 1821306
47 57 1821312
47 37 1821318
47 10 1821320
47 58 1821329
47 40 1821329
47 48 1821332
47 6 1821334
47 5 1821342
47 59 1821345
47 24 1821352
47 22 1821359
47 69 1821368
47 64 1821372
47 14 1821380
47 50 1821381
47 31 1821390
47 43 1821390
47 56 1821397
47 11 1821397
47 51 1821397
47 19 1821405
47 53 1821413
47 16 1821414
47 5 1821415
47 46 1821420
47 21 1821424
47 27 1821433
47 53 1821436
47 37 1821442
47 70 1821443
47 24 1821443
47 72 1821447
47 13 1821449
47 18 1821457
47 1 1821466
47 49 1821472
47 71 1821474
47 26 1821482
47 66 1821490
47 51 1821492
47 52 1821496
47 31 1821503
47 12 1821511
47 58 1821519
47 2 1821523
47 23 1821528
47 41 1821531
47 73 1821533
48 26 1821533
48 35 1821534
48 40 1821537
48 23 1821539
48 15 1821543
48 2 1821550
48 12 1821552
48 3 1821552
48 64 1821559
48 58 1821563
48 41 1821563
48 51 1821570
48 4 1821576
48 45 1821578
48 20 1821583
48 33 1821591
48 69 1821595
48 5 1821602
48 65 1821608
48 6 1821614
48 38 1821619
48 42 1821619
48 49 1821623
48 14 1821627
48 61 1821633
48 25 1821633
48 47 1821634
48 8 1821638
48 56 1821644
48 71 1821648
48 54 1821651
48 18 1821660
48 17 1821667
48 59 1821674
48 16 1821677
48 13 1821677
48 60 1821685
48 36 1821689
48 0 1821691
48 43 1821692
48 66 1821693
48 1 1821698
48 44 1821704
48 3 1821713
48 55 1821715
48 5 1821716
48 68 1821723
48 61 1821731
48 12 1821734
48 20 1821739
48 0 1821747
48 72 1821752
48 51 1821757
48 21 1821764
48 52 1821771
48 39 1821772
48 46 1821773
48 42 1821779
48 50 1821782
48 54 1821790
48 70 1821799
48 45 1821800
48 67 1821809
48 29 1821809
48 14 1821818
48 37 1821820
48 15 1821829
48 34 1821830
48 9 1821837
48 11 1821838
48 30 1821839
48 49 1821847
48 36 1821852
48 65 1821859
48 7 1821866
48 8 1821874
48 23 1821874
48 73 1821877
48 40 1821885
49 45 1821894
49 10 1821894
49 34 1821902
49 51 1821911
49 59 1821916
49 44 1821923
49 56 1821925
49 7 1821931
49 62 1821940
49 8 1821949
49 43 1821950
49 28 1821952
49 4 1821954
49 0 1821957
49 65 1821966
49 24 1821966
49 18 1821972
49 3 1821972
49 64 1821974
49 63 1821975
49 70 1821982
49 52 1821987
49 55 1821987
49 46 1821990
49 14 1821999
49 1 1822001
49 54 1822006
49 69 1822008
49 13 1822009
49 41 1822017
49 29 1822020
49 71 1822022
49 72 1822024
49 31 1822024
49 39 1822031
49 36 1822038
49 68 1822041
49 37 1822047
49 38 1822047
49 52 1822053
49 46 1822062
49 35 1822062
49 22 1822066
49 50 1822073
49 32 1822076
49 13 1822076
49 71 1822076
49 58 1822081
49 34 1822086
49 69 1822086
49 48 1822089
49 27 1822093
49 14 1822097
49 16 1822102
49 65 1822106
49 56 1822115
49 44 1822123
49 7 1822127
49 33 1822130
49 24 1822138
49 47 1822143
49 68 1822151
49 6 1822154
49 39 1822155
49 11 1822158
49 21 1822167
49 1 1822171
49 25 1822179
49 5 1822184
49 55 1822188
49 57 1822192
49 3 1822199
49 18 1822208
49 59 1822209
49 9 1822210
49 42 1822213
50 63 1822215
50 37 1822221
50 62 1822226
50 42 1822227
50 48 1822228
50 6 1822228
50 7 1822237
50 16 1822246
50 45 1822255
50 19 1822255
50 10 1822256
50 40 1822261
50 26 1822265
50 44 1822269
50 27 1822272
50 36 1822273
50 22 1822275
50 46 1822276
50 2 1822281
50 71 1822284
50 32 1822288
50 18 1822290
50 72 1822297
50 17 1822304
50 9 1822313
50 21 1822316
50 68 1822318
50 8 1822322
50 28 1822326
50 70 1822328
50 12 1822331
50 53 1822333
50 51 1822335
50 61 1822338
50 0 1822340
50 34 1822348
50 56 1822354
50 49 1822356
50 33 1822360
50 4 1822364
50 48 1822373
50 26 1822378
50 29 1822380
50 24 1822382
50 44 1822382
50 16 1822388
50 55 1822397
50 32 1822402
50 72 1822402
50 30 1822406
50 36 1822412
50 62 1822419
50 8 1822425
50 7 1822427
50 18 1822430
50 63 1822432
50 22 1822439
50 70 1822445
50 15 1822445
50 35 1822447
50 46 1822451
50 40 1822459
50 71 1822467
50 6 1822471
50 31 1822473
50 56 1822473
50 0 1822476
50 34 1822484
50 28 1822488
50 59 1822489
50 66 1822489
50 65 1822493
50 12 1822495
50 14 1822499
50 9 1822499
50 58 1822503
50 52 1822509
50 19 1822509
50 68 1822518
50 49 1822522
51 46 1822530
51 23 1822530
51 2 1822537
51 4 1822539
51 10 1822541
51 16 1822543
51 5 1822543
51 48 1822552
51 70 1822557
51 58 1822561
51 73 1822565
51 66 1822574
51 60 1822575
51 0 1822579
51 57 1822583
51 50 1822589
51 15 1822589
51 20 1822596
51 34 1822604
51 6 1822607
51 26 1822615
51 14 1822623
51 68 1822625
51 11 1822630
51 24 1822630
51 30 1822633
51 32 1822635
51 27 1822641
51 17 1822643
51 26 1822646
51 45 1822649
51 73 1822657
51 69 1822664
51 24 1822672
51 13 1822675
51 19 1822678
51 6 1822685
51 61 1822694
51 38 1822699
51 55 1822708
51 35 1822716
51 16 1822725
51 46 1822727
51 21 1822736
51 0 1822744
51 42 1822751
51 9 1822755
51 11 1822761
51 29 1822761
51 43 1822766
51 58 1822770
51 49 1822774
51 71 1822774
51 54 1822781
51 30 1822784
52 54 1822791
52 56 1822794
52 19 1822800
52 11 1822800
52 69 1822801
52 53 1822806
52 61 1822815
52 16 1822821
52 72 1822827
52 49 1822835
52 46 1822844
52 64 1822851
52 45 1822855
52 70 1822862
52 67 1822867
52 73 1822871
52 47 1822871
52 42 1822875
52 34 1822883
52 29 1822888
52 14 1822897
52 4 1822906
52 13 1822915
52 35 1822924
52 3 1822933
52 57 1822935
52 63 1822940
52 48 1822942
52 41 1822943
52 51 1822951
52 42 1822960
52 34 1822960
52 26 1822969
52 32 1822970
52 73 1822971
52 54 1822972
52 46 1822972
52 14 1822973
52 10 1822973
52 20 1822974
52 9 1822978
52 0 1822987
52 11 1822993
52 39 1822993
52 25 1823001
52 30 1823002
52 35 1823004
52 60 1823010
52 28 1823013
52 47 1823014
52 6 1823015
52 21 1823018
52 50 1823019
52 29 1823020
53 0 1823023
53 23 1823024
53 19 1823029
53 61 1823031
53 30 1823037
53 18 1823041
53 54 1823050
53 5 1823052
53 60 1823057
53 29 1823064
53 34 1823067
53 4 1823072
53 25 1823072
53 44 1823076
53 38 1823085
53 10 1823086
53 64 1823094
53 3 1823103
53 58 1823106
53 15 1823113
53 31 1823116
53 11 1823119
53 2 1823123
53 24 1823131
53 6 1823134
53 57 1823135
53 12 1823136
53 66 1823137
53 8 1823137
53 73 1823139
53 67 1823148
53 40 1823153
53 68 1823157
53 22 1823163
53 16 1823163
53 41 1823164
53 50 1823172
53 48 1823178
53 4 1823179
53 11 1823188
53 17 1823195
53 57 1823203
53 9 1823203
53 61 1823211
53 30 1823212
53 56 1823221
53 25 1823223
53 27 1823228
53 35 1823228
53 31 1823228
53 13 1823235
53 64 1823240
53 66 1823242
53 1 1823247
53 8 1823255
53 52 1823261
53 72 1823261
53 6 1823264
53 59 1823273
53 39 1823273
53 51 1823280
53 7 1823288
53 10 1823289
53 69 1823296
53 48 1823300
53 44 1823307
53 34 1823315
53 29 1823321
53 0 1823330
53 47 1823333
53 12 1823338
53 41 1823341
53 42 1823342
53 45 1823348
53 18 1823351
53 70 1823357
54 36 1823363
54 37 1823363
54 5 1823365
54 39 1823372
54 6 1823379
54 38 1823386
55 4 1823393
55 15 1823393
55 62 1823395
55 58 1823396
55 24 1823397
55 17 1823398
55 47 1823400
55 67 1823403
55 40 1823407
55 53 1823407
55 13 1823407
55 36 1823414
55 20 1823420
55 1 1823421
55 57 1823421
55 33 1823430
55 38 1823432
55 48 1823437
55 9 1823444
55 69 1823451
55 34 1823452
55 14 1823452
55 70 1823452
55 29 1823456
55 65 1823464
55 45 1823465
55 71 1823471
55 30 1823476
55 54 1823485
55 22 1823491
55 63 1823492
55 51 1823492
55 11 1823501
55 8 1823501
55 60 1823507
55 0 1823509
55 49 1823516
55 57 1823523
55 62 1823525
55 38 1823528
55 46 1823532
55 19 1823535
55 25 1823538
55 8 1823539
55 18 1823539
55 26 1823541
55 24 1823542
55 2 1823542
55 43 1823542
55 14 1823550
55 31 1823552
55 33 1823559
55 10 1823568
55 68 1823568
55 65 1823573
55 58 1823577
55 45 1823585
55 7 1823588
55 12 1823589
55 30 1823593
55 51 1823599
55 15 1823607
55 42 1823615
55 54 1823616
55 13 1823624
55 56 1823624
55 16 1823630
55 11 1823634
55 6 1823640
55 60 1823646
55 4 1823654
55 37 1823663
55 52 1823665
55 66 1823670
55 72 1823675
55 64 1823681
56 44 1823690
56 7 1823693
56 43 1823694
56 46 1823701
56 57 1823705
56 0 1823708
56 52 1823712
56 8 1823713
56 69 1823720
56 70 1823725
56 17 1823731
56 61 1823735
56 67 1823739
56 11 1823748
56 9 1823748
56 66 1823749
56 27 1823756
56 68 1823762
56 60 1823763
56 50 1823767
56 41 1823776
56 25 1823782
56 33 1823782
56 29 1823785
56 6 1823785
56 23 1823794
56 4 1823803
56 35 1823810
56 13 1823812
56 44 1823821
56 62 1823830
56 2 1823830
56 0 1823830
56 72 1823832
56 14 1823833
56 50 1823836
56 61 1823841
56 27 1823848
56 6 1823853
56 11 1823861
56 54 1823865
56 47 1823874
56 9 1823878
56 39 1823887
56 68 1823888
56 12 1823888
56 32 1823891
56 34 1823895
56 41 1823896
56 25 1823905
56 66 1823909
56 40 1823912
56 18 1823915
56 57 1823915
56 5 1823920
56 36 1823926
56 70 1823933
56 49 1823936
57 29 1823940
57 71 1823941
57 10 1823945
57 38 1823949
57 8 1823954
57 43 1823955
57 35 1823960
57 22 1823966
58 67 1823973
58 34 1823975
58 57 1823975
58 33 1823983
58 20 1823989
58 66 1823998
58 22 1824004
58 43 1824007
58 54 1824014
58 41 1824014
58 17 1824018
58 19 1824021
58 46 1824028
58 21 1824032
58 8 1824034
58 16 1824037
58 42 1824042
58 4 1824051
58 72 1824051
58 9 1824059
58 7 1824068
58 29 1824076
58 38 1824078
58 55 1824080
58 52 1824085
58 5 1824094
58 32 1824095
58 18 1824097
58 27 1824102
58 45 1824104
58 56 1824108
58 65 1824111
58 44 1824116
58 73 1824124
58 64 1824132
58 51 1824132
58 10 1824134
58 62 1824143
58 26 1824147
58 61 1824155
58 16 1824157
58 43 1824158
58 57 1824166
58 2 1824169
58 26 1824169
58 8 1824176
58 30 1824178
58 7 1824183
58 56 1824186
58 54 1824189
58 27 1824195
58 71 1824195
58 59 1824196
58 28 1824202
58 39 1824204
58 36 1824211
58 55 1824214
58 23 1824216
58 0 1824220
58 53 1824223
58 67 1824231
58 62 1824231
58 45 1824239
58 52 1824242
58 4 1824247
58 14 1824252
58 40 1824260
58 33 1824264
58 41 1824265
58 64 1824270
58 17 1824279
58 37 1824285
58 38 1824291
58 9 1824297
58 50 1824303
58 66 1824307
58 72 1824308
59 9 1824313
59 29 1824318
59 73 1824322
59 58 1824323
59 38 1824324
59 14 1824330
59 64 1824337
59 36 1824345
59 45 1824349
59 16 1824352
59 0 1824352
59 11 1824361
59 27 1824366
59 71 1824371
59 2 1824371
59 13 1824376
59 56 1824382
59 50 1824388
59 72 1824393
59 53 1824395
59 49 1824396
59 19 1824403
59 28 1824411
59 44 1824412
59 30 1824420
59 57 1824425
59 25 1824427
59 39 1824434
59 33 1824440
59 43 1824446
59 54 1824446
59 52 1824447
59 7 1824449
59 35 1824457
59 42 1824463
59 68 1824463
59 48 1824464
59 51 1824470
59 67 1824470
59 26 1824475
59 1 1824484
59 65 1824491
59 40 1824492
59 8 1824499
59 64 1824500
59 9 1824503
59 26 1824508
59 53 1824510
59 48 1824515
59 56 1824520
59 14 1824528
59 15 1824535
59 8 1824541
59 18 1824544
59 17 1824547
59 73 1824554
59 6 1824557
59 49 1824559
59 11 1824565
59 69 1824567
59 72 1824574
59 58 1824582
59 38 1824587
59 4 1824596
59 32 1824601
59 67 1824607
59 63 1824608
59 12 1824612
59 70 1824621
59 60 1824622
59 16 1824627
59 41 1824628
59 3 1824629
59 57 1824631
59 2 1824637
59 66 1824645
59 24 1824650
59 7 1824654
59 27 1824656
59 13 1824656
59 46 1824659
59 37 1824668
59 22 1824668
59 5 1824668
59 51 1824677
59 36 1824686
59 62 1824695
59 29 1824700
59 47 1824707
59 33 1824711
59 71 1824718
60 28 1824725
60 59 1824726
60 42 1824734
60 3 1824738
60 67 1824746
60 8 1824746
60 38 1824753
60 44 1824760
60 22 1824763
60 27 1824765
60 6 1824767
60 1 1824768
60 47 1824771
60 24 1824774
60 37 1824774
60 69 1824778
60 16 1824780
60 9 1824786
60 7 1824787
60 16 1824794
60 15 1824794
60 68 1824797
60 43 1824797
60 1 1824800
60 51 1824802
60 64 1824806
60 33 1824806
60 48 1824806
60 46 1824809
60 49 1824818
60 65 1824826
60 70 1824829
60 13 1824835
60 18 1824835
60 29 1824839
60 9 1824841
60 50 1824846
60 26 1824852
61 3 1824853
61 25 1824862
61 34 1824867
61 35 1824872
61 39 1824873
61 36 1824875
61 69 1824880
61 20 1824887
61 29 1824890
61 57 1824893
61 48 1824895
61 7 1824898
61 58 1824906
61 26 1824910
61 43 1824911
61 44 1824917
61 64 1824926
61 56 1824927
61 62 1824936
61 46 1824938
61 5 1824941
61 21 1824946
61 37 1824950
61 18 1824959
61 70 1824968
61 1 1824972
61 28 1824980
61 73 1824980
61 0 1824986
61 53 1824989
61 65 1824994
61 50 1825000
61 41 1825005
61 47 1825005
61 43 1825012
61 31 1825018
61 42 1825026
61 54 1825034
61 21 1825038
61 7 1825042
61 67 1825049
61 36 1825053
61 26 1825056
61 70 1825059
61 62 1825059
61 6 1825067
61 34 1825073
61 63 1825076
61 35 1825085
61 72 1825087
61 12 1825087
61 59 1825092
61 50 1825094
61 5 1825099
61 19 1825104
61 45 1825112
61 39 1825118
61 73 1825123
61 57 1825126
61 68 1825129
61 17 1825135
63 41 1825144
63 48 1825152
63 40 1825158
63 23 1825161
63 39 1825163
63 20 1825166
63 43 1825175
63 1 1825181
63 71 1825189
63 66 1825192
63 35 1825199
63 4 1825207
63 36 1825211
63 65 1825218
63 6 1825220
63 24 1825227
63 9 1825227
63 27 1825235
63 67 1825238
63 14 1825239
63 44 1825239
63 46 1825248
63 56 1825252
63 12 1825252
63 21 1825254
63 64 1825255
63 50 1825261
63 54 1825268
63 17 1825271
63 3 1825271
63 68 1825275
63 8 1825284
63 15 1825289
63 73 1825295
63 37 1825303
63 13 1825311
63 57 1825313
63 50 1825322
63 66 1825330
63 65 1825337
63 35 1825338
63 22 1825339
63 61 1825341
63 3 1825346
63 48 1825350
63 28 1825350
63 32 1825356
63 53 1825358
63 33 1825364
63 69 1825371
63 41 1825376
63 36 1825376
63 13 1825377
63 14 1825384
63 9 1825393
63 25 1825393
63 72 1825396
63 18 1825402
63 58 1825405
63 54 1825408
63 12 1825408
63 6 1825414
63 34 1825418
63 42 1825422
63 5 1825429
63 56 1825438
63 70 1825446
63 30 1825455
63 1 1825457
63 15 1825466
63 59 1825471
63 73 1825476
63 37 1825482
64 72 1825491
64 61 1825495
64 36 1825502
64 29 1825510
64 18 1825515
66 39 1825518
66 3 1825520
66 46 1825526
67 71 1825533
67 54 1825539
67 52 1825546
67 32 1825552
67 35 1825558
67 27 1825564
67 26 1825568
67 58 1825574
67 63 1825581
67 53 1825584
67 0 1825585
67 61 1825589
67 62 1825592
67 30 1825600
67 47 1825607
67 9 1825614
67 60 1825617
67 11 1825622
67 57 1825623
67 21 1825624
67 25 1825631
67 66 1825639
67 70 1825640
67 49 1825647
67 6 1825649
67 50 1825651
67 23 1825654
67 34 1825655
67 28 1825662
67 7 1825662
67 43 1825665
67 13 1825668
67 17 1825676
67 36 1825684
67 64 1825686
67 8 1825686
67 14 1825694
67 41 1825696
67 59 1825701
67 65 1825710
67 39 1825716
67 46 1825722
67 3 1825726
67 39 1825732
67 11 1825736
67 70 1825737
67 18 1825742
67 7 1825744
67 68 1825753
67 49 1825756
67 40 1825762
67 28 1825767
67 45 1825769
67 71 1825769
67 21 1825775
67 41 1825783
67 60 1825783
67 20 1825792
67 46 1825799
67 14 1825801
67 29 1825801
67 1 1825810
67 42 1825812
67 2 1825818
67 48 1825818
67 50 1825821
67 27 1825830
67 13 1825839
67 30 1825843
67 44 1825843
67 51 1825843
67 3 1825843
67 23 1825848
67 26 1825852
67 6 1825860
67 58 1825865
67 54 1825867
67 5 1825868
67 47 1825872
67 36 1825878
67 24 1825881
67 35 1825883
67 55 1825891
67 16 1825898
67 65 1825906
67 32 1825915
67 34 1825917
67 43 1825924
67 19 1825929
67 72 1825933
67 31 1825936
67 64 1825937
68 69 1825938
68 48 1825945
68 30 1825949
68 15 1825957
68 55 1825961
68 1 1825962
68 20 1825965
68 5 1825971
68 39 1825979
68 61 1825980
68 64 1825986
68 22 1825993
68 31 1826001
68 26 1826001
68 18 1826007
68 35 1826011
68 67 1826020
68 23 1826023
68 17 1826027
68 53 1826034
68 27 1826035
68 43 1826041
68 66 1826041
68 29 1826049
68 57 1826055
68 2 1826062
68 33 1826070
68 46 1826071
68 6 1826071
68 72 1826080
68 21 1826083
68 73 1826085
68 63 1826088
68 62 1826088
68 40 1826089
68 28 1826091
68 25 1826091
68 14 1826096
68 59 1826102
68 24 1826105
68 70 1826110
68 52 1826119
68 12 1826120
68 9 1826124
68 35 1826131
68 61 1826140
68 59 1826141
68 2 1826144
68 55 1826148
68 32 1826153
68 11 1826157
68 44 1826164
68 29 1826166
68 17 1826166
68 16 1826168
68 36 1826174
68 63 1826178
68 8 1826185
68 22 1826189
68 19 1826198
68 21 1826206
68 18 1826215
68 48 1826216
68 31 1826221
68 38 1826228
68 53 1826236
68 4 1826245
68 6 1826246
68 3 1826248
68 73 1826256
68 72 1826262
68 40 1826270
69 43 1826276
69 37 1826278
69 34 1826281
69 27 1826284
69 24 1826289
69 55 1826290
70 33 1826292
70 29 1826292
70 25 1826299
70 7 1826300
71 36 1826306
71 63 1826310
71 38 1826313
71 29 1826320
71 34 1826320
71 66 1826325
71 60 1826327
71 65 1826333
71 53 1826334
71 51 1826342
71 56 1826350
71 12 1826359
71 3 1826359
71 27 1826363
71 30 1826366
71 61 1826369
71 31 1826373
71 72 1826375
71 7 1826381
71 68 1826381
71 11 1826386
71 47 1826394
71 26 1826394
71 64 1826403
71 37 1826409
71 24 1826411
71 32 1826418
71 70 1826419
71 41 1826423
71 59 1826423
71 44 1826428
71 43 1826436
71 67 1826437
71 54 1826438
71 28 1826443
71 45 1826448
71 21 1826451
71 46 1826452
71 57 1826460
71 8 1826466
71 10 1826472
71 17 1826473
71 25 1826476
71 6 1826485
71 58 1826485
71 31 1826489
71 70 1826491
71 55 1826491
71 23 1826495
71 7 1826495
71 38 1826495
71 39 1826501
71 63 1826505
71 43 1826514
71 16 1826522
71 64 1826531
71 2 1826536
71 30 1826538
71 59 1826538
71 66 1826545
71 52 1826550
71 34 1826556
71 53 1826557
71 12 1826563
71 19 1826569
71 22 1826573
71 35 1826582
71 24 1826582
71 36 1826588
71 10 1826591
71 57 1826595
71 65 1826604
71 5 1826607
71 58 1826615
71 40 1826617
71 49 1826618
71 42 1826625
71 68 1826628
71 26 1826633
71 3 1826638
71 11 1826638
71 9 1826646
71 6 1826654
71 37 1826658
71 20 1826661
71 69 1826664
71 17 1826668
71 18 1826673
71 15 1826676
72 32 1826676
72 34 1826676
72 67 1826684
72 13 1826689
72 48 1826697
72 14 1826698
72 42 1826706
72 68 1826715
72 62 1826721
72 51 1826722
72 46 1826727
72 15 1826728
72 45 1826734
72 40 1826738
72 9 1826746
72 53 1826754
72 21 1826759
72 69 1826759
72 10 1826762
72 36 1826762
72 41 1826763
72 66 1826767
72 49 1826772
72 33 1826781
72 60 1826782
72 50 1826787
72 26 1826790
72 24 1826793
72 38 1826800
72 6 1826809
72 53 1826818
72 67 1826819
72 21 1826822
72 43 1826825
72 66 1826831
72 62 1826833
72 35 1826837
72 37 1826844
72 64 1826851
72 14 1826852
72 39 1826859
72 22 1826860
72 58 1826866
72 4 1826874
72 69 1826875
72 44 1826884
72 12 1826893
72 33 1826897
72 50 1826906
72 60 1826906
72 36 1826906
72 9 1826909
72 25 1826909
72 18 1826918
72 47 1826926
72 65 1826934
72 29 1826936
72 20 1826943
72 2 1826952
73 52 1826952
73 41 1826959
73 46 1826960
73 12 1826969
73 56 1826973
73 47 1826976
73 19 1826980
73 31 1826983
73 17 1826990
73 4 1826999
73 33 1827008
73 26 1827009
73 20 1827012
73 51 1827021
73 62 1827023
73 13 1827023
73 72 1827030
73 10 1827038
73 68 1827040
73 6 1827047
73 53 1827047
73 38 1827049
73 5 1827052
73 70 1827052
73 18 1827054
73 27 1827059
73 15 1827066
73 39 1827066
73 37 1827074
73 48 1827076
73 16 1827084
73 63 1827087
73 42 1827094
73 25 1827094
73 71 1827098
73 59 1827104
73 55 1827104
73 9 1827107
73 65 1827113
73 54 1827118
73 61 1827123
73 63 1827126
73 31 1827129
73 47 1827130
73 72 1827132
73 67 1827135
73 62 1827143
73 35 1827144
73 18 1827151
73 23 1827151
73 56 1827151
73 71 1827156
73 26 1827157
73 24 1827160
73 9 1827161
73 4 1827161
73 38 1827164
73 65 1827167
73 60 1827173
73 45 1827181
73 69 1827186
73 32 1827186
73 33 1827188
73 7 1827196
73 59 1827199
73 27 1827203
73 36 1827208
73 49 1827216
73 19 1827219
73 58 1827225
73 54 1827234
73 25 1827236
73 42 1827240
73 43 1827245
73 52 1827247
73 16 1827254
73 55 1827258
