76
false
0 18 1949250
0 38 1949258
0 37 1949260
0 43 1949265
0 65 1949267
0 9 1949275
0 8 1949278
0 23 1949287
0 59 1949290
0 11 1949299
0 45 1949304
0 53 1949304
0 57 1949307
0 41 1949309
0 14 1949316
0 58 1949324
0 19 1949325
0 67 1949329
0 73 1949332
0 31 1949338
0 10 1949338
0 51 1949345
0 70 1949353
0 21 1949359
0 47 1949363
0 5 1949367
0 49 1949375
0 2 1949378
0 62 1949380
0 71 1949384
0 44 1949393
0 33 1949397
0 61 1949398
0 39 1949404
0 72 1949413
0 17 1949419
0 25 1949425
0 3 1949431
0 68 1949435
0 46 1949436
0 7 1949442
0 75 1949447
0 36 1949451
0 24 1949453
0 6 1949462
0 66 1949468
0 35 1949469
0 72 1949474
0 45 1949482
0 47 1949484
0 26 1949491
0 4 1949495
0 49 1949496
0 57 1949498
0 71 1949505
0 34 1949506
0 18 1949514
0 23 1949520
0 58 1949520
0 75 1949529
0 42 1949536
0 10 1949537
0 67 1949537
0 13 1949542
0 63 1949547
0 62 1949551
0 12 1949560
0 44 1949566
0 68 1949569
0 48 1949577
0 50 1949579
0 16 1949581
0 40 1949590
0 24 1949599
0 7 1949606
0 30 1949615
0 25 1949619
0 52 1949620
0 59 1949625
0 29 1949627
0 38 1949636
0 22 1949645
0 61 1949653
0 21 1949653
0 1 1949654
0 55 1949657
0 9 1949662
0 31 1949662
1 59 1949667
1 21 1949668
1 34 1949673
1 32 1949676
1 7 1949684
1 16 1949684
1 33 1949689
1 5 1949698
1 55 1949701
1 48 1949702
1 66 1949705
1 0 1949712
1 10 1949713
1 64 1949720
1 46 1949727
1 25 1949736
1 8 1949737
1 56 1949741
1 63 1949746
1 68 1949747
1 40 1949752
1 12 1949761
1 27 1949770
1 26 1949779
1 30 1949784
1 35 1949785
1 61 1949787
1 3 1949790
1 29 1949799
1 2 1949799
1 72 1949803
1 24 1949812
1 18 1949813
1 51 1949814
1 72 1949823
1 11 1949832
1 61 1949833
1 50 1949841
1 48 1949846
1 3 1949847
1 37 1949855
1 23 1949856
1 15 1949863
1 9 1949872
1 52 1949876
1 31 1949879
1 55 1949882
1 8 1949890
1 30 1949897
1 45 1949900
1 21 1949902
1 46 1949906
1 67 1949912
1 58 1949913
1 28 1949918
1 51 1949924
1 32 1949931
1 36 1949935
1 40 1949942
1 34 1949944
1 12 1949953
1 39 1949958
1 59 1949964
1 60 1949973
1 16 1949981
1 19 1949989
1 42 1949994
1 33 1949995
2 41 1950003
2 27 1950004
2 75 1950006
2 20 1950007
2 15 1950012
2 72 1950021
2 31 1950029
2 9 1950038
2 46 1950044
2 50 1950044
2 24 1950052
2 6 1950055
2 64 1950055
2 38 1950061
2 44 1950067
2 42 1950067
2 57 1950071
2 45 1950073
2 29 1950081
2 5 1950089
2 0 1950090
2 60 1950093
2 30 1950094
2 35 1950100
2 16 1950101
2 22 1950105
2 62 1950105
2 11 1950114
2 70 1950116
2 39 1950122
2 8 1950123
2 55 1950123
2 65 1950130
2 40 1950130
2 56 1950131
2 3 1950138
2 23 1950143
2 12 1950145
2 19 1950150
2 66 1950157
2 28 1950164
2 54 1950171
2 34 1950177
2 58 1950186
2 7 1950188
2 22 1950197
2 36 1950202
2 44 1950208
2 58 1950215
2 37 1950222
2 52 1950227
2 14 1950228
2 46 1950235
2 0 1950235
2 61 1950236
2 13 1950244
2 16 1950244
2 74 1950252
2 11 1950253
2 53 1950254
2 45 1950255
2 19 1950255
2 73 1950255
2 68 1950255
2 10 1950258
2 32 1950259
2 9 1950259
2 7 1950262
2 57 1950265
2 64 1950271
2 56 1950271
2 29 1950272
2 51 1950273
2 18 1950282
2 34 1950286
2 26 1950292
2 43 1950293
2 54 1950295
2 1 1950302
2 48 1950307
2 71 1950308
2 50 1950316
2 70 1950322
2 75 1950330
2 63 1950339
2 21 1950344
2 67 1950349
2 35 1950358
2 55 1950359
2 65 1950367
2 59 1950369
3 0 1950371
3 16 1950379
3 65 1950385
3 5 1950388
3 8 1950394
4 16 1950402
4 37 1950408
4 58 1950409
4 44 1950418
4 39 1950424
4 22 1950428
4 7 1950431
4 51 1950434
4 75 1950442
4 53 1950449
4 56 1950456
4 25 1950457
4 38 1950466
4 36 1950468
4 0 1950470
4 48 1950475
4 72 1950475
4 19 1950477
4 70 1950485
4 55 1950487
4 10 1950488
4 11 1950489
4 34 1950490
4 24 1950498
4 2 1950501
4 32 1950501
4 39 1950501
4 55 1950505
4 13 1950508
4 73 1950513
4 52 1950520
4 33 1950521
4 8 1950527
4 20 1950532
4 66 1950532
4 18 1950535
4 11 1950543
4 51 1950547
4 70 1950551
4 0 1950557
4 46 1950564
4 67 1950565
4 45 1950567
5 19 1950572
5 20 1950581
5 59 1950581
5 71 1950582
5 42 1950588
5 56 1950594
5 3 1950603
5 23 1950608
5 39 1950611
5 72 1950617
5 33 1950623
5 68 1950631
6 60 1950640
6 42 1950646
6 16 1950649
6 7 1950653
6 66 1950655
6 61 1950660
6 27 1950663
6 47 1950666
6 0 1950666
6 18 1950668
6 58 1950677
6 13 1950679
6 15 1950688
6 8 1950695
6 73 1950699
6 10 1950702
6 52 1950708
6 56 1950709
6 3 1950711
6 5 1950712
6 31 1950712
6 46 1950716
6 43 1950718
6 40 1950722
6 34 1950725
6 35 1950728
6 32 1950735
6 11 1950742
6 67 1950742
6 30 1950747
6 69 1950754
6 24 1950759
6 4 1950759
6 49 1950759
6 68 1950766
6 19 1950769
6 12 1950776
6 29 1950780
6 26 1950782
6 20 1950789
6 50 1950792
6 54 1950799
6 57 1950804
6 48 1950813
6 55 1950815
6 63 1950824
6 21 1950830
6 51 1950835
6 53 1950839
6 14 1950845
6 71 1950852
6 14 1950852
6 3 1950855
6 68 1950856
6 44 1950863
6 29 1950871
6 4 1950871
6 10 1950878
6 12 1950887
6 0 1950891
6 19 1950893
6 23 1950893
6 56 1950896
6 17 1950904
6 39 1950911
6 45 1950915
6 53 1950917
6 75 1950922
6 46 1950925
6 15 1950926
6 26 1950927
6 51 1950930
6 35 1950939
6 27 1950939
6 59 1950941
6 33 1950943
6 13 1950944
6 54 1950953
6 7 1950961
6 52 1950967
6 65 1950968
6 43 1950972
6 62 1950980
6 74 1950982
6 58 1950987
6 20 1950987
6 36 1950993
6 70 1950993
6 66 1950994
6 30 1950997
6 72 1951002
6 1 1951004
6 63 1951004
6 18 1951011
7 58 1951012
7 60 1951018
7 70 1951022
7 67 1951022
7 3 1951023
7 16 1951024
7 48 1951033
7 28 1951035
7 2 1951038
7 62 1951044
7 56 1951049
7 0 1951056
7 40 1951062
7 17 1951068
7 61 1951076
7 44 1951083
7 14 1951088
7 59 1951092
7 54 1951092
7 47 1951096
7 57 1951096
7 65 1951103
7 5 1951109
7 3 1951117
7 48 1951126
7 38 1951126
7 67 1951126
7 71 1951130
7 58 1951132
7 28 1951138
7 64 1951144
7 17 1951153
7 36 1951161
7 37 1951161
7 43 1951167
7 41 1951175
7 42 1951179
7 56 1951179
7 18 1951182
7 72 1951187
7 2 1951195
7 26 1951195
8 22 1951197
8 18 1951199
8 36 1951207
8 13 1951211
8 32 1951216
8 58 1951217
8 51 1951224
8 72 1951233
8 61 1951238
8 21 1951240
8 65 1951249
8 43 1951253
8 2 1951260
8 24 1951262
8 46 1951268
8 56 1951275
8 74 1951283
8 42 1951285
8 64 1951290
8 68 1951299
8 11 1951299
8 66 1951307
8 37 1951312
8 48 1951314
8 67 1951323
8 44 1951329
8 34 1951330
8 3 1951330
8 25 1951333
8 41 1951336
8 73 1951342
8 62 1951350
8 10 1951357
8 68 1951360
8 10 1951362
8 22 1951366
8 16 1951368
8 55 1951375
8 28 1951382
8 13 1951384
8 46 1951386
8 44 1951391
8 67 1951400
8 52 1951409
8 42 1951411
8 2 1951413
8 70 1951421
8 4 1951424
8 62 1951433
8 9 1951435
8 51 1951439
8 20 1951447
8 35 1951455
8 27 1951463
8 58 1951467
8 54 1951471
8 25 1951479
8 71 1951483
8 45 1951491
8 12 1951500
8 23 1951509
8 75 1951514
8 60 1951515
8 1 1951516
8 6 1951524
8 33 1951533
8 34 1951542
8 19 1951550
8 73 1951551
8 72 1951556
8 50 1951560
8 43 1951561
8 36 1951570
9 62 1951576
9 56 1951585
9 66 1951585
9 54 1951588
9 38 1951595
9 45 1951600
9 12 1951609
9 59 1951618
9 63 1951626
9 69 1951629
9 11 1951632
9 65 1951640
9 5 1951644
9 1 1951651
9 55 1951660
9 53 1951661
9 47 1951669
9 19 1951676
9 13 1951679
9 28 1951685
9 32 1951692
9 35 1951696
9 0 1951700
9 34 1951709
9 52 1951716
9 40 1951717
9 57 1951718
9 4 1951724
9 22 1951731
9 6 1951732
9 60 1951736
9 70 1951745
9 71 1951752
9 7 1951756
9 42 1951757
9 39 1951759
9 26 1951759
9 17 1951759
9 27 1951767
9 18 1951771
9 51 1951778
9 62 1951786
9 49 1951789
9 70 1951790
9 4 1951790
9 36 1951792
9 37 1951796
9 12 1951797
9 25 1951802
9 66 1951806
9 11 1951813
9 5 1951814
9 41 1951821
9 54 1951824
9 24 1951827
9 2 1951830
9 31 1951839
9 38 1951841
9 3 1951843
9 33 1951850
9 68 1951855
9 29 1951856
9 43 1951860
9 58 1951861
9 23 1951867
9 7 1951874
9 64 1951883
9 30 1951886
9 1 1951890
9 39 1951898
9 67 1951907
9 47 1951907
9 48 1951907
9 45 1951910
9 20 1951915
9 35 1951921
9 60 1951924
9 44 1951927
10 32 1951928
10 44 1951937
10 4 1951940
10 5 1951946
10 20 1951949
10 72 1951951
10 42 1951956
10 15 1951961
10 33 1951968
10 28 1951974
10 31 1951978
10 21 1951980
10 69 1951984
10 37 1951990
10 58 1951998
10 26 1952005
10 66 1952008
10 55 1952012
10 70 1952015
10 7 1952023
10 8 1952028
10 9 1952029
10 29 1952033
10 14 1952036
10 51 1952043
10 54 1952051
10 1 1952058
10 6 1952060
10 24 1952060
10 44 1952063
10 26 1952070
10 37 1952079
10 14 1952088
10 25 1952088
10 41 1952089
10 50 1952098
10 54 1952103
10 28 1952104
10 42 1952106
10 5 1952111
10 59 1952116
10 61 1952120
10 51 1952123
10 55 1952124
10 15 1952128
10 17 1952130
10 3 1952134
10 49 1952135
10 13 1952136
10 2 1952137
10 34 1952146
10 56 1952146
10 4 1952146
10 45 1952155
10 29 1952161
11 14 1952162
11 15 1952164
11 18 1952170
11 1 1952178
11 39 1952180
11 63 1952187
11 25 1952189
11 41 1952193
11 35 1952202
11 45 1952205
11 40 1952212
11 71 1952213
11 4 1952213
11 54 1952222
11 9 1952231
11 24 1952233
11 10 1952234
11 44 1952242
11 47 1952243
11 28 1952251
11 34 1952253
11 73 1952262
11 61 1952266
11 74 1952273
11 59 1952282
11 58 1952287
11 46 1952294
11 40 1952296
11 15 1952302
11 66 1952305
11 52 1952312
11 18 1952319
11 10 1952328
11 28 1952328
11 25 1952331
11 62 1952334
11 31 1952334
11 70 1952342
11 43 1952343
11 30 1952351
12 1 1952355
12 37 1952356
12 3 1952360
12 4 1952364
12 60 1952367
12 52 1952369
12 32 1952374
12 18 1952380
12 27 1952387
12 2 1952389
12 30 1952397
12 48 1952404
12 61 1952411
12 33 1952415
12 40 1952416
12 23 1952416
12 49 1952418
12 14 1952418
12 72 1952426
12 64 1952433
12 56 1952433
12 47 1952441
13 6 1952445
13 53 1952452
13 47 1952461
13 52 1952464
13 35 1952467
13 67 1952469
13 28 1952472
13 40 1952476
13 31 1952477
13 45 1952478
13 19 1952480
13 9 1952484
13 44 1952491
13 3 1952497
13 15 1952502
13 68 1952505
13 27 1952506
13 17 1952512
13 62 1952512
13 2 1952512
13 37 1952519
13 70 1952528
13 23 1952535
13 47 1952539
13 70 1952546
13 53 1952554
13 35 1952563
13 14 1952564
13 42 1952565
13 12 1952572
13 54 1952575
13 46 1952582
13 56 1952589
13 63 1952595
13 18 1952596
13 34 1952600
13 36 1952608
13 8 1952610
13 40 1952615
13 67 1952616
13 57 1952619
13 66 1952620
13 44 1952620
13 39 1952626
14 24 1952628
14 62 1952636
14 59 1952639
14 46 1952641
14 51 1952645
14 6 1952646
14 68 1952647
14 17 1952647
14 73 1952653
14 27 1952655
14 29 1952662
14 33 1952670
14 36 1952674
14 53 1952680
14 65 1952687
14 12 1952690
14 71 1952698
14 15 1952702
14 64 1952702
14 49 1952710
14 4 1952717
14 21 1952726
14 30 1952728
14 58 1952729
14 50 1952731
14 26 1952737
14 60 1952738
14 72 1952744
14 37 1952748
14 69 1952756
14 13 1952761
14 2 1952766
14 31 1952773
14 23 1952781
14 5 1952782
14 22 1952785
14 70 1952789
14 10 1952796
14 39 1952798
14 47 1952802
14 0 1952811
14 9 1952819
14 15 1952819
14 34 1952821
14 48 1952828
14 65 1952829
14 0 1952834
14 33 1952834
14 25 1952838
14 21 1952847
14 18 1952856
14 52 1952863
14 57 1952865
14 63 1952874
14 61 1952881
14 36 1952881
14 4 1952886
14 66 1952892
14 38 1952897
14 50 1952900
14 22 1952907
14 75 1952914
14 39 1952923
14 49 1952923
14 29 1952927
14 59 1952934
14 46 1952940
14 6 1952947
14 41 1952951
14 45 1952952
14 47 1952953
14 40 1952958
14 74 1952963
14 37 1952966
14 30 1952970
14 54 1952973
14 42 1952977
14 71 1952977
14 31 1952985
14 17 1952991
14 28 1952995
14 11 1952996
14 60 1952996
14 8 1953003
14 58 1953010
14 73 1953013
14 2 1953016
15 73 1953025
15 9 1953034
15 6 1953041
15 1 1953047
15 23 1953049
15 46 1953052
15 45 1953058
15 68 1953062
15 63 1953063
15 39 1953065
15 28 1953071
15 20 1953078
15 53 1953082
15 33 1953082
15 30 1953091
15 62 1953091
15 71 1953092
15 17 1953099
15 42 1953108
15 25 1953112
15 74 1953119
15 7 1953120
15 32 1953128
15 55 1953130
15 47 1953134
15 21 1953139
15 3 1953146
15 44 1953155
15 56 1953156
15 40 1953159
15 51 1953165
15 40 1953167
15 53 1953172
15 9 1953181
15 10 1953184
15 4 1953190
15 66 1953191
15 30 1953198
15 61 1953205
15 34 1953213
15 58 1953221
15 6 1953227
15 18 1953235
15 2 1953240
15 19 1953241
15 43 1953246
15 26 1953250
15 52 1953250
15 42 1953256
15 57 1953260
15 16 1953269
15 55 1953272
15 13 1953275
15 32 1953277
15 22 1953279
15 33 1953284
15 64 1953293
15 11 1953302
15 0 1953310
15 24 1953313
15 7 1953320
15 21 1953329
15 75 1953337
15 31 1953344
15 49 1953350
15 3 1953354
16 20 1953356
16 68 1953362
16 21 1953371
16 51 1953372
16 24 1953377
16 1 1953377
16 3 1953380
16 66 1953384
16 58 1953389
16 65 1953397
16 6 1953400
16 22 1953402
16 36 1953408
16 49 1953413
16 11 1953418
16 46 1953419
16 54 1953427
16 19 1953436
16 44 1953443
16 40 1953448
16 26 1953456
16 32 1953460
16 18 1953466
16 7 1953470
16 41 1953478
16 17 1953482
16 13 1953484
16 5 1953489
16 69 1953494
16 67 1953495
16 38 1953496
16 60 1953504
16 10 1953507
16 52 1953507
16 9 1953512
16 69 1953519
16 0 1953528
16 15 1953536
16 51 1953540
16 70 1953542
16 30 1953544
16 29 1953550
16 50 1953557
16 2 1953560
16 17 1953563
16 31 1953563
16 42 1953571
16 54 1953572
16 32 1953573
16 40 1953576
16 59 1953581
16 43 1953590
16 55 1953595
16 58 1953602
16 21 1953610
16 6 1953611
16 49 1953611
16 48 1953620
16 73 1953629
16 11 1953629
17 18 1953635
17 3 1953643
17 73 1953651
17 41 1953658
17 58 1953663
17 38 1953666
17 20 1953668
17 13 1953675
17 52 1953682
17 64 1953683
17 72 1953685
17 66 1953688
17 37 1953693
17 29 1953700
17 65 1953705
17 5 1953707
17 2 1953708
17 47 1953713
17 53 1953721
17 35 1953729
17 6 1953732
17 14 1953734
17 75 1953739
17 48 1953748
17 22 1953756
17 28 1953756
17 55 1953765
17 46 1953771
17 43 1953775
17 61 1953780
17 69 1953785
17 59 1953794
17 44 1953799
17 36 1953803
17 57 1953812
17 34 1953814
17 28 1953819
17 24 1953823
17 56 1953832
17 66 1953834
17 75 1953843
17 23 1953843
17 15 1953847
17 72 1953848
17 19 1953853
17 45 1953856
17 50 1953856
17 63 1953861
17 21 1953865
17 61 1953873
17 1 1953878
17 64 1953878
17 4 1953880
17 10 1953883
17 39 1953891
17 54 1953900
17 49 1953907
17 32 1953916
17 20 1953923
17 40 1953931
17 38 1953933
17 42 1953933
17 65 1953939
17 25 1953942
17 74 1953949
17 2 1953958
17 41 1953960
17 3 1953968
17 55 1953974
17 7 1953978
17 48 1953983
17 6 1953987
18 41 1953990
18 14 1953997
18 2 1954000
18 42 1954002
18 59 1954005
18 12 1954009
18 68 1954012
18 64 1954021
18 43 1954021
18 28 1954027
18 51 1954027
18 49 1954033
18 29 1954035
18 8 1954035
18 65 1954044
18 48 1954044
18 16 1954047
18 10 1954051
18 25 1954055
18 32 1954056
18 30 1954059
18 24 1954059
18 38 1954059
18 0 1954062
18 72 1954070
18 57 1954078
18 15 1954079
18 5 1954080
18 69 1954085
18 44 1954087
18 70 1954095
18 36 1954097
18 13 1954106
18 37 1954115
18 46 1954120
18 62 1954129
18 71 1954131
18 56 1954136
18 22 1954145
18 74 1954145
18 63 1954149
18 20 1954154
18 3 1954160
18 3 1954164
18 75 1954165
18 66 1954166
18 60 1954175
18 48 1954180
18 61 1954180
18 39 1954180
18 57 1954184
18 13 1954185
18 64 1954194
18 30 1954201
18 29 1954206
18 23 1954209
18 34 1954214
18 45 1954223
18 9 1954228
18 38 1954237
18 2 1954243
18 26 1954245
18 49 1954245
18 46 1954247
18 33 1954250
18 67 1954250
18 16 1954254
18 4 1954257
18 51 1954263
18 27 1954263
18 25 1954272
18 62 1954276
18 71 1954285
18 17 1954285
18 1 1954290
18 50 1954295
18 15 1954297
18 31 1954305
18 59 1954311
18 69 1954316
18 19 1954318
18 58 1954320
18 37 1954326
18 54 1954330
18 55 1954338
18 32 1954343
18 35 1954348
18 41 1954348
18 43 1954349
18 22 1954358
18 63 1954362
19 40 1954370
19 32 1954370
19 60 1954373
19 66 1954381
19 10 1954384
19 59 1954387
19 28 1954393
19 52 1954402
19 75 1954403
19 29 1954406
19 12 1954406
19 27 1954409
19 6 1954416
19 18 1954421
19 14 1954430
19 46 1954439
19 56 1954444
19 33 1954453
19 74 1954460
19 23 1954466
19 72 1954474
19 41 1954477
19 47 1954484
19 70 1954493
19 21 1954498
19 25 1954502
19 68 1954503
19 22 1954506
19 53 1954512
19 8 1954516
19 24 1954516
19 11 1954516
19 2 1954524
19 16 1954530
19 54 1954539
19 39 1954546
19 48 1954551
19 64 1954554
19 1 1954558
19 20 1954558
19 5 1954563
19 13 1954567
19 69 1954574
19 61 1954582
19 20 1954583
19 37 1954592
19 10 1954595
19 70 1954598
19 11 1954606
19 14 1954608
19 40 1954612
19 34 1954617
19 56 1954624
19 38 1954632
19 44 1954633
19 23 1954641
19 27 1954643
19 36 1954652
19 57 1954656
19 7 1954661
19 3 1954670
19 13 1954672
19 30 1954675
19 58 1954682
19 17 1954684
19 60 1954688
19 47 1954696
19 54 1954699
19 21 1954704
19 73 1954711
19 28 1954720
19 26 1954721
19 67 1954725
19 75 1954733
19 55 1954738
19 62 1954739
19 33 1954739
19 4 1954747
19 51 1954756
19 48 1954756
19 35 1954757
19 59 1954763
19 6 1954769
19 32 1954775
19 12 1954782
19 63 1954788
19 65 1954788
19 39 1954788
19 64 1954791
20 29 1954800
20 71 1954801
20 62 1954804
20 67 1954812
20 66 1954817
20 69 1954818
20 73 1954824
20 14 1954827
20 1 1954830
20 36 1954831
20 68 1954836
20 10 1954838
20 49 1954840
20 60 1954843
20 21 1954850
20 24 1954852
20 37 1954859
20 3 1954865
20 70 1954866
20 4 1954875
20 43 1954883
20 74 1954886
20 61 1954895
20 6 1954898
20 15 1954906
20 26 1954914
20 25 1954918
20 35 1954922
20 56 1954927
20 17 1954929
20 22 1954935
20 58 1954939
20 42 1954943
20 5 1954943
20 12 1954943
20 59 1954945
20 47 1954951
20 72 1954954
20 50 1954960
20 40 1954967
20 9 1954976
20 53 1954985
20 18 1954993
20 34 1954995
20 40 1954997
20 8 1955006
20 74 1955010
20 23 1955012
20 68 1955017
20 9 1955026
20 3 1955029
20 53 1955037
20 27 1955042
20 19 1955044
20 28 1955047
20 30 1955051
20 65 1955057
20 1 1955065
20 16 1955070
20 36 1955079
20 6 1955088
20 42 1955096
20 63 1955099
20 51 1955101
20 54 1955107
20 67 1955113
20 61 1955117
20 37 1955122
20 52 1955127
20 47 1955129
20 14 1955138
20 12 1955143
20 7 1955143
20 44 1955148
20 72 1955153
20 17 1955162
20 41 1955166
20 33 1955167
20 21 1955168
20 22 1955170
20 18 1955174
20 39 1955182
20 32 1955190
20 49 1955199
21 57 1955200
21 25 1955205
22 23 1955209
22 38 1955215
22 60 1955224
22 74 1955228
22 20 1955233
23 71 1955240
23 20 1955244
23 8 1955253
23 52 1955259
23 61 1955261
23 0 1955270
23 11 1955270
23 72 1955274
23 51 1955275
23 62 1955275
23 1 1955281
23 34 1955286
23 64 1955293
23 31 1955296
23 57 1955303
23 69 1955309
23 43 1955318
23 12 1955323
23 3 1955328
23 50 1955331
23 73 1955338
23 68 1955343
23 39 1955350
23 2 1955359
23 6 1955366
23 53 1955373
23 30 1955378
23 44 1955387
23 67 1955389
23 48 1955391
23 58 1955396
23 74 1955401
23 59 1955401
23 40 1955401
23 15 1955401
23 65 1955409
23 20 1955416
23 60 1955419
23 37 1955426
23 52 1955430
23 41 1955431
23 27 1955440
23 74 1955443
23 34 1955448
23 49 1955451
23 19 1955460
23 33 1955469
23 0 1955470
23 22 1955475
23 4 1955481
23 35 1955485
23 48 1955488
23 6 1955491
23 72 1955493
23 15 1955499
23 56 1955501
23 3 1955504
23 21 1955510
23 36 1955512
23 29 1955514
23 44 1955514
23 73 1955519
23 53 1955524
23 69 1955525
23 2 1955531
23 45 1955537
23 9 1955542
23 62 1955547
23 28 1955549
23 50 1955554
23 17 1955559
23 26 1955559
23 67 1955560
24 52 1955566
24 54 1955575
24 47 1955579
24 75 1955586
24 20 1955593
24 74 1955594
24 27 1955595
24 2 1955595
24 66 1955604
24 29 1955613
24 53 1955620
24 17 1955621
24 35 1955627
24 44 1955631
24 13 1955634
24 14 1955641
24 0 1955647
24 23 1955656
24 55 1955659
24 40 1955659
24 8 1955660
24 19 1955664
24 46 1955665
24 43 1955674
24 56 1955674
24 33 1955677
24 62 1955686
24 15 1955690
24 60 1955695
24 68 1955700
24 64 1955706
24 71 1955709
24 73 1955711
24 45 1955719
24 51 1955728
24 31 1955735
24 70 1955736
24 75 1955739
24 46 1955740
24 6 1955746
24 7 1955748
24 8 1955757
24 16 1955757
24 56 1955758
24 29 1955760
24 13 1955769
24 42 1955769
24 31 1955773
24 33 1955779
24 71 1955783
24 53 1955783
24 35 1955784
24 38 1955786
24 45 1955790
24 26 1955792
24 9 1955792
24 34 1955801
24 57 1955801
24 54 1955805
24 64 1955806
24 37 1955815
24 4 1955822
24 1 1955826
24 12 1955835
24 25 1955837
24 63 1955840
24 21 1955846
24 28 1955848
24 58 1955856
24 74 1955863
24 68 1955865
24 41 1955865
24 2 1955866
24 61 1955874
24 14 1955876
24 17 1955880
24 44 1955886
24 66 1955888
24 20 1955888
24 70 1955896
25 1 1955897
25 47 1955900
25 50 1955902
25 24 1955906
25 68 1955906
25 22 1955912
25 4 1955914
26 21 1955918
26 2 1955923
26 38 1955924
26 49 1955926
26 22 1955926
26 43 1955930
26 17 1955935
26 3 1955935
26 68 1955940
26 11 1955943
26 47 1955948
26 36 1955955
26 69 1955957
26 46 1955965
26 19 1955973
26 28 1955977
26 30 1955986
26 5 1955988
26 65 1955991
26 62 1955999
26 69 1955999
26 8 1956002
26 60 1956006
26 70 1956011
26 28 1956012
26 73 1956014
26 66 1956018
26 67 1956018
26 53 1956023
26 12 1956030
26 35 1956031
26 74 1956035
26 64 1956036
26 58 1956042
26 75 1956044
27 19 1956052
27 38 1956061
27 39 1956061
27 15 1956066
27 30 1956074
27 11 1956077
27 18 1956080
27 58 1956085
27 55 1956092
27 12 1956096
27 23 1956097
27 24 1956102
27 7 1956103
27 35 1956109
27 59 1956117
27 2 1956118
27 33 1956124
27 29 1956129
27 20 1956137
27 56 1956145
27 13 1956147
27 64 1956147
27 41 1956154
27 16 1956159
27 44 1956162
27 62 1956169
27 61 1956174
27 4 1956180
27 22 1956183
27 10 1956184
27 37 1956184
27 59 1956186
27 46 1956192
27 69 1956196
27 32 1956199
27 44 1956200
27 72 1956209
27 45 1956216
27 35 1956218
27 38 1956222
27 20 1956227
27 12 1956231
27 43 1956239
27 21 1956244
27 28 1956244
27 42 1956252
27 0 1956258
27 5 1956258
27 26 1956267
27 67 1956267
27 4 1956276
27 52 1956283
27 61 1956288
27 47 1956295
27 57 1956300
27 3 1956306
27 24 1956311
27 9 1956315
27 74 1956316
27 19 1956323
28 50 1956324
28 69 1956328
28 10 1956335
28 11 1956341
28 16 1956347
28 25 1956356
28 36 1956361
28 0 1956364
28 51 1956370
28 52 1956372
28 24 1956375
28 38 1956379
28 45 1956384
28 12 1956387
28 43 1956392
28 4 1956398
28 54 1956401
28 21 1956405
28 22 1956405
28 47 1956414
28 14 1956422
28 46 1956422
28 27 1956430
28 6 1956434
28 57 1956434
28 8 1956437
28 34 1956441
28 33 1956449
28 39 1956451
28 26 1956453
28 48 1956455
28 30 1956461
28 1 1956467
28 56 1956476
28 5 1956480
28 35 1956486
28 7 1956492
28 61 1956495
28 18 1956497
28 17 1956502
28 42 1956508
28 1 1956508
28 65 1956515
28 4 1956518
28 31 1956525
28 47 1956530
28 74 1956536
28 21 1956545
28 53 1956551
28 55 1956551
28 6 1956553
28 60 1956557
28 70 1956557
28 36 1956565
28 19 1956565
28 23 1956565
28 46 1956574
28 40 1956579
28 67 1956583
28 16 1956586
28 25 1956589
28 10 1956593
28 2 1956595
28 29 1956597
28 56 1956603
28 8 1956604
28 26 1956604
28 59 1956613
28 75 1956614
28 24 1956620
28 72 1956625
28 64 1956632
28 58 1956636
28 51 1956639
28 49 1956642
29 30 1956649
29 5 1956650
29 34 1956652
29 33 1956659
29 49 1956668
29 42 1956677
29 57 1956677
29 45 1956684
29 74 1956691
29 40 1956694
29 69 1956697
29 27 1956697
29 15 1956700
29 25 1956705
29 72 1956711
29 35 1956713
29 43 1956721
29 58 1956722
29 4 1956722
29 73 1956728
29 59 1956728
29 63 1956734
29 50 1956734
29 9 1956737
29 7 1956737
29 12 1956739
29 47 1956748
29 32 1956750
29 37 1956753
29 8 1956757
29 19 1956763
29 52 1956768
29 21 1956770
29 23 1956774
29 14 1956781
29 70 1956784
29 67 1956790
29 16 1956790
29 39 1956792
29 10 1956801
29 20 1956808
29 61 1956811
29 26 1956820
29 75 1956823
29 36 1956830
29 54 1956836
29 0 1956845
29 41 1956845
29 11 1956852
29 31 1956857
29 17 1956858
29 66 1956864
29 24 1956865
29 27 1956868
29 73 1956875
29 59 1956882
29 58 1956889
29 51 1956890
29 0 1956891
29 36 1956894
29 8 1956901
29 35 1956904
29 6 1956904
29 69 1956905
29 13 1956906
29 5 1956908
29 41 1956913
29 3 1956922
29 17 1956930
29 34 1956934
29 54 1956941
29 25 1956948
29 62 1956951
29 23 1956959
29 31 1956968
29 4 1956972
29 53 1956972
29 55 1956981
29 47 1956981
29 56 1956990
29 22 1956993
29 49 1956993
29 74 1957002
29 12 1957011
29 39 1957016
29 38 1957022
29 16 1957024
29 66 1957024
29 7 1957029
29 72 1957037
29 63 1957045
29 43 1957049
29 11 1957054
29 26 1957060
29 67 1957069
29 71 1957069
29 48 1957078
29 64 1957081
30 8 1957081
30 20 1957087
30 6 1957093
30 43 1957096
30 53 1957101
30 61 1957108
30 54 1957113
30 19 1957118
30 45 1957121
30 44 1957130
30 49 1957137
30 25 1957146
30 13 1957155
30 26 1957159
30 24 1957163
30 23 1957167
30 12 1957172
30 22 1957178
30 5 1957185
30 67 1957190
30 0 1957196
30 10 1957205
30 48 1957208
30 17 1957216
30 48 1957216
30 72 1957221
30 27 1957228
30 19 1957231
30 55 1957240
30 2 1957245
30 58 1957254
30 25 1957255
30 7 1957264
30 20 1957273
30 38 1957278
30 29 1957284
30 37 1957288
30 53 1957291
30 39 1957292
30 21 1957301
30 57 1957309
30 54 1957315
30 42 1957316
30 44 1957322
30 3 1957328
30 8 1957329
31 28 1957331
31 56 1957336
31 33 1957343
31 34 1957345
31 6 1957346
31 35 1957354
31 59 1957359
31 63 1957365
31 57 1957367
31 25 1957373
31 51 1957375
31 72 1957375
31 16 1957380
31 18 1957381
31 66 1957383
31 42 1957384
31 67 1957386
31 29 1957395
31 22 1957400
31 69 1957402
31 26 1957402
31 65 1957404
31 52 1957405
31 8 1957414
31 41 1957418
31 37 1957423
31 20 1957424
31 58 1957424
31 10 1957424
31 36 1957426
31 62 1957435
31 60 1957439
31 3 1957441
31 53 1957442
31 73 1957444
31 54 1957452
31 64 1957457
31 26 1957458
31 33 1957458
31 25 1957466
31 21 1957466
31 6 1957467
31 14 1957472
31 50 1957481
31 0 1957488
31 11 1957488
31 29 1957496
31 67 1957499
31 7 1957505
31 24 1957510
31 16 1957510
31 20 1957517
31 58 1957519
31 43 1957526
31 40 1957527
31 49 1957530
31 18 1957534
31 27 1957537
31 30 1957539
31 62 1957540
31 38 1957541
31 28 1957541
31 60 1957541
31 65 1957542
31 54 1957546
31 37 1957549
31 70 1957553
31 63 1957553
31 9 1957553
31 32 1957560
31 10 1957568
31 41 1957574
31 3 1957581
31 66 1957590
31 13 1957592
32 74 1957601
32 52 1957601
32 17 1957606
32 45 1957606
32 28 1957615
32 43 1957619
32 14 1957626
32 53 1957631
32 37 1957640
32 27 1957647
32 60 1957648
32 63 1957656
32 4 1957662
32 30 1957662
32 22 1957662
32 31 1957668
32 12 1957668
32 42 1957675
32 56 1957682
32 49 1957684
32 65 1957685
32 74 1957690
32 41 1957698
32 7 1957703
32 28 1957709
32 53 1957717
32 6 1957721
32 64 1957728
32 40 1957735
32 5 1957739
32 61 1957739
32 63 1957745
32 2 1957750
32 22 1957755
32 46 1957762
32 24 1957769
32 43 1957775
32 19 1957780
32 52 1957786
32 59 1957793
32 0 1957794
32 37 1957801
32 58 1957806
32 4 1957807
32 54 1957816
32 57 1957821
32 65 1957825
32 47 1957832
32 20 1957836
33 60 1957837
33 17 1957845
33 34 1957851
33 56 1957857
33 7 1957857
33 39 1957865
33 47 1957865
33 10 1957866
33 30 1957874
33 46 1957876
33 19 1957882
33 6 1957886
33 55 1957892
33 15 1957898
33 9 1957904
33 24 1957911
33 37 1957920
33 51 1957922
33 21 1957924
33 44 1957924
33 26 1957933
33 36 1957933
33 67 1957938
33 57 1957943
33 11 1957943
33 58 1957949
33 73 1957950
33 52 1957955
33 48 1957955
33 50 1957956
33 41 1957959
33 53 1957960
33 71 1957967
33 65 1957974
33 38 1957979
33 63 1957982
33 32 1957983
33 18 1957991
33 16 1957995
33 73 1958002
33 44 1958006
33 3 1958015
33 54 1958017
33 0 1958024
33 56 1958029
33 74 1958034
33 47 1958039
33 34 1958044
33 22 1958052
33 32 1958058
33 48 1958060
33 8 1958060
33 40 1958066
33 66 1958067
33 71 1958074
33 57 1958080
33 36 1958087
33 43 1958093
33 70 1958100
33 46 1958106
33 30 1958115
33 11 1958122
33 42 1958125
33 27 1958129
33 75 1958129
33 16 1958136
33 35 1958145
33 37 1958147
33 63 1958153
33 69 1958156
33 64 1958164
33 60 1958164
33 38 1958173
33 26 1958173
33 13 1958176
33 25 1958183
33 53 1958186
33 28 1958190
33 21 1958193
34 62 1958198
34 69 1958207
34 45 1958215
34 7 1958222
34 31 1958229
34 14 1958230
34 47 1958236
34 72 1958241
34 24 1958246
34 56 1958253
34 6 1958260
34 28 1958267
34 11 1958271
34 8 1958271
34 18 1958274
34 52 1958276
34 21 1958276
34 37 1958285
34 60 1958286
34 41 1958295
34 65 1958300
34 12 1958303
34 2 1958305
34 3 1958312
34 5 1958320
34 13 1958323
34 10 1958324
34 1 1958327
34 43 1958332
34 73 1958339
34 19 1958340
34 26 1958346
34 38 1958346
34 27 1958355
34 75 1958361
34 59 1958369
34 63 1958373
34 4 1958373
34 74 1958380
34 12 1958385
34 69 1958393
34 55 1958398
34 21 1958404
34 38 1958409
34 31 1958411
34 63 1958413
34 73 1958417
34 40 1958419
34 6 1958425
34 68 1958432
34 35 1958437
34 61 1958443
34 11 1958443
34 50 1958451
34 19 1958456
34 30 1958457
34 66 1958465
34 72 1958474
34 13 1958476
34 71 1958480
34 36 1958480
34 22 1958486
34 0 1958491
34 51 1958500
34 70 1958503
34 48 1958511
34 17 1958511
34 41 1958518
34 3 1958524
34 52 1958531
34 58 1958536
34 46 1958544
34 74 1958548
34 23 1958554
34 75 1958561
34 16 1958563
34 47 1958572
34 28 1958574
34 44 1958579
34 33 1958579
34 14 1958579
34 60 1958584
35 42 1958584
35 70 1958584
35 14 1958584
35 49 1958588
35 46 1958593
35 52 1958598
35 25 1958598
35 12 1958603
36 48 1958604
36 11 1958607
36 62 1958616
36 14 1958622
36 69 1958622
36 38 1958625
36 72 1958627
36 59 1958627
36 49 1958627
36 75 1958635
36 8 1958637
36 1 1958637
36 33 1958644
36 6 1958648
36 60 1958656
36 34 1958663
36 28 1958672
36 47 1958673
36 30 1958674
36 0 1958674
36 3 1958677
36 31 1958682
36 57 1958685
36 71 1958693
36 66 1958700
36 24 1958702
36 20 1958704
36 63 1958708
36 55 1958712
36 19 1958720
36 70 1958728
36 44 1958735
36 41 1958736
36 27 1958736
36 13 1958736
36 54 1958740
36 15 1958746
36 4 1958755
36 9 1958761
36 21 1958766
36 65 1958772
36 17 1958780
36 42 1958785
36 65 1958786
36 31 1958786
36 72 1958786
36 13 1958792
36 56 1958801
36 37 1958806
36 4 1958810
36 50 1958819
36 25 1958826
36 24 1958831
36 23 1958837
36 57 1958841
36 62 1958845
36 61 1958854
36 0 1958857
36 35 1958859
36 5 1958867
36 60 1958874
36 11 1958878
36 14 1958884
36 58 1958893
36 70 1958902
36 21 1958905
36 51 1958910
36 33 1958916
36 52 1958922
36 8 1958931
36 29 1958938
36 20 1958943
36 69 1958944
36 9 1958946
36 40 1958947
36 28 1958954
36 6 1958963
36 71 1958964
36 47 1958971
36 38 1958975
36 59 1958982
36 74 1958990
36 10 1958993
36 48 1958998
36 7 1959002
37 51 1959005
37 54 1959011
37 3 1959016
37 65 1959021
37 60 1959021
37 70 1959024
37 48 1959027
37 24 1959028
37 2 1959035
37 52 1959042
37 15 1959046
37 25 1959046
37 42 1959052
37 40 1959058
37 53 1959058
37 64 1959065
37 41 1959070
37 45 1959076
37 46 1959085
37 7 1959091
37 30 1959093
37 13 1959093
37 74 1959100
37 0 1959102
37 20 1959106
37 32 1959113
37 31 1959115
37 53 1959118
37 70 1959127
37 22 1959128
37 50 1959130
37 16 1959132
37 20 1959132
37 28 1959141
37 24 1959143
37 26 1959149
37 56 1959151
37 59 1959157
37 49 1959160
37 51 1959162
37 55 1959165
37 30 1959173
37 17 1959176
37 42 1959184
37 18 1959186
37 54 1959189
37 1 1959192
37 71 1959201
37 5 1959208
37 43 1959214
37 39 1959217
38 16 1959218
38 52 1959223
38 70 1959224
38 39 1959233
38 32 1959237
38 57 1959243
38 24 1959247
38 4 1959253
38 59 1959258
38 50 1959262
38 10 1959265
38 47 1959267
38 45 1959273
38 18 1959278
38 69 1959283
38 13 1959283
38 68 1959288
38 35 1959294
38 21 1959302
38 33 1959311
38 20 1959318
38 41 1959326
38 9 1959333
38 8 1959339
38 7 1959340
38 25 1959340
38 3 1959344
38 0 1959347
38 75 1959348
38 2 1959350
38 55 1959359
38 26 1959362
38 46 1959368
38 15 1959370
38 11 1959372
38 74 1959375
38 67 1959379
38 22 1959386
38 27 1959391
38 42 1959393
38 17 1959397
38 48 1959398
38 40 1959405
38 73 1959410
38 72 1959412
38 44 1959412
38 63 1959418
38 42 1959424
38 53 1959429
38 67 1959437
38 35 1959437
38 16 1959446
38 30 1959448
38 22 1959453
38 0 1959461
38 7 1959464
38 15 1959468
38 6 1959472
38 20 1959478
38 58 1959479
38 25 1959488
38 18 1959497
38 21 1959506
38 26 1959515
38 36 1959516
38 59 1959525
38 41 1959530
38 14 1959530
38 29 1959534
38 28 1959542
38 32 1959542
38 19 1959545
38 71 1959547
38 37 1959551
38 17 1959556
38 61 1959557
38 52 1959560
38 13 1959565
38 12 1959571
38 3 1959578
38 5 1959581
38 31 1959582
38 51 1959589
38 62 1959594
38 47 1959595
39 48 1959599
39 20 1959608
39 60 1959612
39 38 1959620
39 2 1959622
39 26 1959628
39 36 1959633
39 31 1959641
39 37 1959648
39 55 1959652
39 66 1959659
39 15 1959667
39 71 1959675
39 12 1959675
39 33 1959683
39 17 1959687
39 18 1959691
39 41 1959693
39 9 1959700
39 23 1959706
39 21 1959714
39 43 1959720
39 29 1959726
39 56 1959731
39 41 1959736
39 43 1959736
39 55 1959743
39 67 1959750
39 23 1959751
39 2 1959757
39 34 1959763
39 22 1959770
39 28 1959778
39 52 1959784
39 64 1959785
39 5 1959785
39 1 1959785
39 8 1959790
39 73 1959799
39 45 1959803
39 10 1959805
39 0 1959812
39 49 1959813
40 28 1959818
40 13 1959822
40 35 1959831
40 57 1959837
40 21 1959838
40 33 1959843
40 0 1959847
40 58 1959854
40 7 1959862
40 16 1959870
40 5 1959871
40 75 1959876
40 34 1959877
40 71 1959880
40 6 1959882
40 52 1959882
40 54 1959883
40 62 1959889
40 53 1959891
40 29 1959898
40 45 1959899
40 4 1959901
40 32 1959909
40 43 1959918
40 26 1959918
40 60 1959927
40 38 1959930
40 74 1959931
40 14 1959933
40 11 1959933
40 73 1959941
40 23 1959946
40 22 1959947
40 47 1959954
40 72 1959956
40 63 1959960
40 61 1959965
40 3 1959966
40 26 1959973
40 13 1959975
40 21 1959977
40 52 1959984
40 37 1959986
40 14 1959991
40 53 1959999
40 42 1960002
40 47 1960009
40 56 1960009
40 18 1960015
40 5 1960015
40 57 1960015
40 7 1960023
40 25 1960026
40 33 1960030
40 11 1960037
40 10 1960045
40 71 1960049
40 49 1960050
40 0 1960056
40 1 1960062
40 69 1960063
40 73 1960063
40 4 1960072
40 29 1960076
40 75 1960084
40 16 1960090
40 9 1960091
40 17 1960094
40 23 1960102
40 45 1960110
40 66 1960114
41 7 1960115
41 3 1960119
41 22 1960120
41 13 1960124
41 58 1960133
41 47 1960141
41 63 1960143
41 23 1960146
41 46 1960151
41 44 1960160
41 8 1960165
41 66 1960170
41 74 1960173
41 60 1960180
41 25 1960188
41 67 1960188
41 55 1960192
41 48 1960197
41 40 1960200
41 16 1960206
41 34 1960215
41 21 1960216
41 10 1960218
41 19 1960220
41 32 1960222
41 26 1960224
41 57 1960228
41 50 1960228
41 38 1960237
41 70 1960243
41 68 1960249
41 35 1960251
41 59 1960258
41 18 1960265
41 73 1960268
41 24 1960276
41 64 1960282
41 1 1960282
41 43 1960285
41 56 1960289
41 39 1960292
41 65 1960293
41 72 1960295
41 71 1960295
41 30 1960302
41 27 1960303
41 11 1960308
41 1 1960309
41 29 1960311
41 52 1960313
41 61 1960320
41 44 1960325
41 31 1960334
41 67 1960334
41 24 1960335
41 4 1960344
41 18 1960350
41 9 1960356
41 8 1960363
41 35 1960363
41 36 1960364
41 56 1960367
41 43 1960373
41 70 1960379
41 66 1960379
41 71 1960387
41 60 1960393
41 38 1960400
41 12 1960402
41 47 1960411
41 22 1960420
41 49 1960422
41 46 1960427
41 55 1960433
41 69 1960441
41 73 1960445
41 0 1960448
41 20 1960449
41 23 1960452
41 50 1960455
42 48 1960459
42 23 1960465
42 28 1960467
42 39 1960470
42 0 1960475
42 8 1960482
42 13 1960486
42 6 1960492
42 11 1960496
42 75 1960500
42 2 1960506
42 35 1960510
42 58 1960516
42 64 1960520
42 61 1960527
42 22 1960534
42 72 1960541
42 17 1960541
42 68 1960542
42 37 1960550
42 66 1960558
42 5 1960558
42 12 1960564
42 69 1960564
42 33 1960571
42 56 1960575
42 31 1960579
42 3 1960587
42 60 1960589
42 12 1960596
42 51 1960605
42 35 1960607
42 30 1960616
42 54 1960618
42 65 1960626
42 74 1960629
42 48 1960629
42 11 1960638
42 13 1960641
42 55 1960647
42 22 1960649
42 8 1960656
42 46 1960656
42 41 1960656
42 70 1960656
42 17 1960665
42 31 1960672
42 1 1960675
42 75 1960683
42 4 1960691
42 21 1960695
42 56 1960703
42 10 1960704
42 3 1960706
42 29 1960712
42 58 1960720
42 37 1960722
42 44 1960725
42 34 1960725
43 21 1960729
43 41 1960735
43 27 1960741
43 72 1960750
43 70 1960753
43 68 1960754
43 56 1960761
43 51 1960764
43 24 1960773
43 69 1960782
43 8 1960783
43 61 1960788
43 38 1960796
43 5 1960798
43 26 1960806
43 65 1960815
43 73 1960818
43 60 1960826
43 46 1960826
43 69 1960828
43 48 1960836
43 63 1960844
43 38 1960845
43 17 1960846
43 7 1960846
43 41 1960850
43 72 1960853
43 56 1960858
43 37 1960858
43 44 1960864
43 9 1960871
43 21 1960871
43 34 1960873
43 66 1960876
43 14 1960877
43 33 1960882
43 73 1960888
43 11 1960889
44 23 1960897
44 68 1960905
44 18 1960905
44 7 1960911
44 22 1960911
44 34 1960915
44 43 1960916
44 30 1960924
44 29 1960930
44 50 1960938
44 53 1960941
44 28 1960949
44 49 1960954
44 48 1960956
44 14 1960961
44 60 1960969
44 61 1960972
44 63 1960973
44 51 1960976
44 13 1960980
44 5 1960988
44 74 1960997
44 38 1961001
44 43 1961005
44 56 1961006
44 20 1961006
44 9 1961014
44 54 1961018
44 40 1961026
44 25 1961027
45 49 1961033
45 2 1961037
45 4 1961046
45 11 1961048
45 6 1961055
45 8 1961055
45 61 1961058
45 1 1961063
45 39 1961065
45 9 1961068
45 0 1961072
45 40 1961074
45 60 1961082
45 41 1961083
45 71 1961087
45 73 1961093
45 7 1961097
45 25 1961101
45 33 1961105
45 75 1961107
45 5 1961109
45 32 1961117
45 35 1961117
45 47 1961122
45 59 1961129
45 55 1961135
45 54 1961142
45 46 1961151
45 43 1961156
45 26 1961165
45 68 1961165
45 61 1961170
45 38 1961174
45 28 1961174
45 74 1961183
45 19 1961190
45 6 1961196
45 54 1961204
45 73 1961204
45 32 1961206
45 24 1961211
45 13 1961212
45 68 1961219
45 26 1961220
45 41 1961225
45 71 1961232
45 3 1961232
45 75 1961241
45 60 1961246
45 15 1961250
45 30 1961259
45 8 1961267
45 12 1961270
45 48 1961272
45 21 1961276
45 0 1961280
45 62 1961285
45 47 1961286
45 72 1961294
45 63 1961297
45 58 1961297
45 34 1961303
45 39 1961306
45 36 1961315
45 50 1961319
46 62 1961324
46 55 1961331
46 16 1961332
46 5 1961338
46 51 1961342
46 7 1961346
46 32 1961346
47 10 1961347
47 28 1961353
47 67 1961361
47 50 1961369
47 66 1961370
47 22 1961373
47 54 1961380
47 21 1961380
47 75 1961382
47 55 1961390
47 48 1961398
47 69 1961399
47 35 1961400
47 16 1961407
47 2 1961407
47 56 1961409
47 23 1961411
47 5 1961417
47 71 1961424
47 0 1961431
47 39 1961431
47 53 1961437
47 17 1961438
47 52 1961438
48 56 1961442
48 17 1961450
48 31 1961451
48 35 1961459
48 8 1961468
48 6 1961476
48 66 1961480
48 12 1961485
48 0 1961490
48 39 1961497
48 57 1961498
48 74 1961505
48 37 1961513
48 9 1961514
48 25 1961522
48 33 1961522
48 72 1961527
48 51 1961534
48 60 1961543
48 59 1961545
48 75 1961554
48 61 1961562
48 30 1961562
48 16 1961565
48 63 1961569
48 28 1961574
48 52 1961576
48 44 1961585
48 11 1961588
48 44 1961592
48 13 1961593
48 43 1961600
48 10 1961601
48 70 1961603
48 16 1961612
48 23 1961613
48 3 1961620
48 25 1961625
48 41 1961633
48 69 1961638
48 6 1961645
48 51 1961653
48 62 1961657
48 56 1961666
48 68 1961666
48 4 1961673
48 71 1961674
48 65 1961679
48 35 1961681
48 52 1961682
48 58 1961687
48 45 1961687
48 32 1961696
48 72 1961704
48 67 1961709
49 47 1961715
49 54 1961724
49 50 1961730
49 68 1961733
49 57 1961741
49 8 1961744
49 67 1961748
49 72 1961757
49 1 1961762
49 28 1961766
49 39 1961768
49 7 1961771
49 44 1961779
49 37 1961788
49 19 1961788
49 65 1961788
49 36 1961791
49 64 1961796
49 61 1961803
49 26 1961810
49 22 1961818
49 18 1961825
49 2 1961830
49 27 1961833
49 46 1961837
49 12 1961842
49 48 1961847
49 63 1961851
49 62 1961851
49 53 1961856
49 75 1961856
49 41 1961857
49 35 1961865
49 55 1961873
49 45 1961880
49 33 1961884
49 71 1961886
49 51 1961886
49 30 1961892
49 73 1961897
49 31 1961903
49 24 1961905
49 32 1961909
49 69 1961912
49 35 1961917
49 74 1961917
49 36 1961921
49 10 1961922
49 14 1961929
49 20 1961931
49 4 1961937
49 27 1961943
49 19 1961951
49 57 1961955
49 25 1961959
49 54 1961962
49 52 1961966
49 31 1961971
49 75 1961980
49 51 1961984
49 18 1961987
49 66 1961987
49 22 1961996
49 48 1962003
49 45 1962010
49 72 1962015
49 55 1962019
49 62 1962024
49 61 1962030
49 17 1962038
49 32 1962045
49 1 1962046
49 11 1962054
49 43 1962056
49 53 1962056
49 24 1962064
49 69 1962066
49 3 1962075
49 46 1962080
49 64 1962084
49 9 1962087
49 33 1962094
49 68 1962102
49 40 1962107
49 63 1962116
49 21 1962124
50 24 1962127
50 12 1962136
50 59 1962136
50 43 1962144
50 27 1962153
50 1 1962161
50 56 1962162
50 62 1962171
50 7 1962180
50 38 1962184
50 73 1962186
50 22 1962187
50 19 1962191
50 0 1962199
50 66 1962200
50 28 1962208
50 41 1962216
50 33 1962219
50 15 1962228
50 40 1962236
50 5 1962244
50 14 1962252
50 20 1962259
50 31 1962261
50 9 1962269
50 48 1962278
50 74 1962287
50 4 1962289
50 35 1962297
50 54 1962306
50 36 1962309
50 55 1962312
50 72 1962318
50 49 1962324
50 69 1962329
50 26 1962336
50 46 1962344
50 68 1962348
50 16 1962350
50 67 1962351
50 75 1962359
50 52 1962359
50 64 1962368
50 23 1962370
50 22 1962374
50 27 1962378
50 13 1962381
50 62 1962390
50 39 1962398
50 67 1962398
50 31 1962402
50 49 1962404
50 51 1962413
50 53 1962421
50 35 1962426
50 44 1962429
50 34 1962438
50 48 1962441
50 71 1962443
50 40 1962444
50 0 1962450
50 28 1962459
50 29 1962466
50 59 1962474
50 63 1962474
50 23 1962482
50 57 1962488
50 33 1962489
50 12 1962495
50 19 1962501
50 5 1962509
50 9 1962515
50 65 1962524
50 56 1962524
50 43 1962524
50 11 1962529
50 46 1962531
50 42 1962535
50 24 1962537
50 52 1962540
50 69 1962547
50 8 1962553
50 4 1962555
51 3 1962559
51 27 1962562
51 65 1962571
51 15 1962579
51 64 1962581
51 7 1962590
51 17 1962597
51 12 1962599
51 36 1962606
51 52 1962614
51 45 1962614
51 37 1962622
51 72 1962623
51 20 1962630
51 56 1962633
51 39 1962634
51 40 1962642
51 55 1962650
51 54 1962658
51 11 1962665
51 67 1962667
51 28 1962671
51 13 1962678
51 32 1962687
51 47 1962692
51 53 1962693
51 1 1962697
51 14 1962706
51 73 1962707
51 21 1962710
51 49 1962715
51 33 1962717
51 42 1962719
51 35 1962725
51 71 1962734
51 26 1962739
51 60 1962747
51 5 1962750
51 10 1962754
51 23 1962763
51 16 1962771
51 44 1962776
51 24 1962781
51 74 1962790
51 66 1962798
51 29 1962801
51 41 1962807
51 52 1962812
51 54 1962817
51 68 1962821
51 23 1962828
51 43 1962833
51 66 1962839
51 17 1962843
51 65 1962847
51 27 1962847
51 64 1962847
51 24 1962854
51 18 1962857
51 28 1962862
51 9 1962864
51 15 1962873
51 75 1962878
51 3 1962881
51 26 1962889
51 35 1962898
51 25 1962905
51 61 1962911
51 55 1962915
51 59 1962920
51 41 1962920
51 19 1962928
51 36 1962937
51 29 1962937
51 49 1962941
51 74 1962949
51 40 1962951
51 69 1962960
51 72 1962960
51 62 1962963
51 34 1962968
51 50 1962977
51 32 1962982
51 38 1962988
51 44 1962989
51 12 1962992
51 11 1963000
51 0 1963002
51 31 1963011
51 21 1963020
51 5 1963020
52 33 1963022
52 36 1963023
52 51 1963030
52 65 1963033
52 27 1963034
52 37 1963042
52 47 1963051
52 50 1963056
52 15 1963057
52 75 1963059
52 44 1963068
52 43 1963074
52 42 1963076
52 55 1963083
52 28 1963088
52 4 1963094
52 17 1963100
52 61 1963101
52 21 1963107
52 67 1963107
52 3 1963107
52 69 1963112
52 63 1963114
52 53 1963117
52 24 1963121
52 66 1963129
52 48 1963133
52 6 1963140
52 58 1963145
52 54 1963149
52 2 1963153
52 8 1963154
52 34 1963155
52 20 1963156
52 9 1963162
52 41 1963164
52 32 1963170
52 7 1963174
52 26 1963182
52 31 1963187
52 11 1963190
52 35 1963194
52 18 1963202
52 17 1963204
52 22 1963212
52 49 1963220
52 60 1963225
52 58 1963233
52 13 1963235
52 43 1963236
52 39 1963241
52 15 1963245
52 30 1963254
52 7 1963258
52 14 1963258
52 67 1963264
52 64 1963265
52 32 1963273
52 71 1963275
52 28 1963284
52 45 1963292
52 16 1963294
52 48 1963299
52 75 1963306
52 54 1963309
52 33 1963315
52 55 1963321
52 57 1963324
52 10 1963324
52 62 1963328
52 72 1963328
52 4 1963333
52 44 1963340
52 6 1963347
52 59 1963348
52 74 1963348
52 53 1963351
52 51 1963354
52 5 1963362
52 23 1963363
52 40 1963372
52 26 1963374
52 21 1963375
53 38 1963378
53 13 1963387
53 63 1963393
53 40 1963396
53 70 1963401
53 43 1963406
53 8 1963406
53 69 1963407
53 47 1963407
53 52 1963416
53 49 1963422
53 9 1963424
53 33 1963426
53 31 1963430
53 14 1963432
54 61 1963433
54 57 1963435
54 23 1963439
54 43 1963448
54 33 1963454
54 49 1963459
54 40 1963467
54 12 1963469
54 48 1963470
54 21 1963477
54 10 1963481
54 56 1963490
54 71 1963493
54 27 1963494
54 19 1963502
54 65 1963509
54 1 1963512
54 55 1963520
54 62 1963520
54 11 1963521
54 70 1963526
54 50 1963532
54 3 1963534
54 4 1963538
54 51 1963543
54 24 1963548
54 32 1963553
54 47 1963558
54 74 1963567
54 15 1963569
54 45 1963571
54 67 1963579
54 7 1963586
54 26 1963588
54 18 1963593
54 28 1963596
54 63 1963598
54 73 1963600
54 37 1963605
54 25 1963611
54 16 1963617
54 72 1963626
54 44 1963632
54 38 1963638
54 32 1963643
54 30 1963645
54 69 1963647
54 60 1963651
54 25 1963659
54 39 1963664
54 70 1963670
54 0 1963673
54 43 1963677
54 75 1963685
54 12 1963688
54 24 1963693
54 23 1963699
54 19 1963704
54 34 1963712
54 49 1963718
54 58 1963726
54 8 1963728
54 7 1963734
54 1 1963736
54 48 1963737
54 45 1963745
54 57 1963746
54 47 1963751
54 62 1963753
54 21 1963762
54 74 1963764
54 16 1963767
54 65 1963773
54 28 1963777
54 13 1963784
54 61 1963792
54 31 1963794
54 5 1963802
54 46 1963802
54 2 1963809
54 10 1963812
54 37 1963816
54 59 1963820
55 32 1963827
55 5 1963831
55 4 1963833
55 15 1963842
55 43 1963851
55 35 1963854
55 29 1963858
55 2 1963864
55 9 1963873
55 52 1963880
55 57 1963880
55 12 1963888
55 66 1963896
55 16 1963898
55 7 1963902
55 75 1963908
55 48 1963914
55 58 1963914
55 71 1963923
55 25 1963931
55 54 1963933
55 73 1963941
55 20 1963941
55 50 1963944
55 42 1963948
55 17 1963951
55 70 1963952
55 45 1963959
55 44 1963966
55 36 1963969
55 6 1963977
55 52 1963979
55 59 1963988
55 34 1963996
55 47 1964003
55 16 1964005
55 46 1964011
55 33 1964016
55 68 1964018
55 44 1964020
55 37 1964024
55 27 1964033
55 22 1964035
55 19 1964035
55 0 1964043
55 13 1964049
55 49 1964056
55 74 1964063
55 8 1964063
55 23 1964069
55 72 1964074
55 65 1964080
55 24 1964081
55 20 1964089
55 53 1964090
55 56 1964093
55 69 1964097
55 63 1964105
55 11 1964105
55 18 1964106
55 38 1964112
55 75 1964117
55 50 1964118
56 71 1964123
56 34 1964127
56 35 1964127
56 5 1964127
56 73 1964132
56 7 1964134
56 10 1964143
56 70 1964144
56 39 1964151
56 53 1964155
56 47 1964158
56 25 1964167
56 58 1964174
56 67 1964182
56 43 1964183
56 14 1964186
56 60 1964186
56 33 1964190
56 0 1964194
56 23 1964200
56 52 1964203
56 65 1964211
56 16 1964217
56 3 1964226
56 44 1964227
56 51 1964228
56 68 1964234
56 37 1964239
56 36 1964248
56 28 1964252
56 11 1964254
56 55 1964254
56 69 1964255
56 41 1964261
56 6 1964261
56 57 1964264
56 48 1964264
56 31 1964269
56 55 1964269
56 65 1964270
56 10 1964274
56 9 1964274
56 31 1964280
56 42 1964284
56 14 1964293
56 37 1964296
56 43 1964298
56 39 1964298
56 24 1964299
56 22 1964300
56 63 1964306
56 60 1964307
56 15 1964314
56 69 1964320
56 6 1964326
56 48 1964328
56 50 1964328
56 5 1964332
56 41 1964338
56 68 1964346
56 29 1964355
56 34 1964363
56 35 1964364
56 61 1964366
56 71 1964374
56 38 1964379
56 8 1964385
56 58 1964389
56 4 1964390
56 57 1964391
56 44 1964398
56 28 1964402
56 3 1964402
56 13 1964405
56 30 1964409
56 64 1964409
56 12 1964413
56 66 1964422
57 45 1964423
57 32 1964425
57 8 1964433
57 65 1964439
57 66 1964441
57 14 1964448
57 25 1964457
57 3 1964460
57 52 1964462
57 39 1964462
57 26 1964463
57 40 1964465
57 58 1964471
57 18 1964472
57 37 1964474
57 36 1964480
57 35 1964489
57 72 1964496
57 1 1964501
57 48 1964509
57 33 1964512
57 13 1964513
57 0 1964519
57 53 1964527
57 63 1964534
57 64 1964534
57 74 1964540
57 20 1964542
57 70 1964549
57 33 1964558
57 48 1964561
57 32 1964562
57 49 1964567
57 54 1964567
57 18 1964573
57 67 1964573
57 7 1964577
57 24 1964584
57 61 1964591
57 35 1964600
57 44 1964605
57 29 1964609
57 2 1964612
57 17 1964621
57 14 1964625
57 6 1964625
57 40 1964634
57 13 1964636
57 15 1964642
58 55 1964648
58 42 1964652
58 70 1964655
58 34 1964660
58 2 1964661
58 3 1964669
58 54 1964670
58 48 1964673
58 0 1964678
58 25 1964684
58 49 1964686
58 40 1964693
58 74 1964698
58 36 1964703
58 51 1964705
58 21 1964714
58 6 1964714
58 67 1964718
58 72 1964719
58 23 1964726
58 17 1964726
58 28 1964728
58 33 1964729
58 64 1964734
58 50 1964734
58 7 1964736
58 32 1964736
58 26 1964737
58 69 1964737
58 27 1964745
58 14 1964745
58 60 1964754
58 5 1964760
58 70 1964761
58 44 1964763
58 1 1964768
58 15 1964773
58 69 1964777
58 56 1964780
58 46 1964781
58 23 1964783
58 71 1964788
58 66 1964791
58 0 1964793
58 38 1964795
58 65 1964801
58 34 1964809
58 24 1964814
58 31 1964820
58 75 1964825
58 26 1964828
58 35 1964837
58 18 1964839
58 4 1964842
58 73 1964850
58 30 1964852
58 2 1964853
58 55 1964859
58 36 1964861
58 37 1964865
58 28 1964874
58 57 1964876
58 68 1964879
59 21 1964885
59 31 1964890
59 58 1964899
59 68 1964902
59 73 1964909
59 37 1964914
59 18 1964923
59 46 1964923
59 26 1964929
59 5 1964937
59 62 1964945
59 10 1964953
59 19 1964958
59 25 1964961
59 11 1964965
59 48 1964972
59 42 1964977
59 47 1964986
59 20 1964992
59 72 1964993
59 8 1964993
59 55 1964994
59 23 1964997
59 7 1964997
59 36 1965000
59 44 1965008
59 53 1965015
59 57 1965023
59 60 1965028
59 69 1965037
59 22 1965046
59 34 1965050
59 12 1965052
59 24 1965058
59 16 1965063
59 45 1965068
59 35 1965077
59 44 1965085
59 48 1965088
59 68 1965088
59 61 1965097
59 49 1965104
59 11 1965106
59 5 1965112
59 50 1965116
59 16 1965118
59 47 1965122
59 17 1965122
59 39 1965129
59 40 1965133
59 8 1965140
59 42 1965142
59 45 1965142
59 24 1965148
59 51 1965153
59 29 1965157
59 33 1965157
59 1 1965159
59 71 1965160
59 15 1965161
59 54 1965161
59 62 1965161
59 27 1965165
59 14 1965167
59 7 1965173
59 18 1965182
59 31 1965187
60 67 1965195
60 33 1965202
60 47 1965202
60 4 1965211
60 43 1965215
60 50 1965215
60 0 1965220
60 71 1965221
60 20 1965223
60 53 1965229
60 32 1965234
60 1 1965239
60 61 1965246
60 49 1965254
60 38 1965263
60 9 1965265
61 74 1965265
61 26 1965269
61 69 1965272
61 0 1965277
61 37 1965282
61 34 1965288
61 24 1965295
61 2 1965302
61 35 1965309
61 49 1965309
61 73 1965312
61 3 1965314
61 56 1965316
61 46 1965317
61 31 1965318
61 39 1965326
61 65 1965328
61 72 1965333
61 71 1965333
61 66 1965337
61 9 1965345
61 41 1965352
61 47 1965356
61 7 1965361
61 19 1965361
61 28 1965361
61 44 1965363
61 30 1965366
61 4 1965374
61 18 1965374
61 8 1965379
61 42 1965382
61 73 1965390
61 70 1965395
61 53 1965396
61 75 1965401
61 44 1965401
61 12 1965401
61 4 1965404
61 48 1965410
61 19 1965417
61 69 1965424
61 34 1965429
61 5 1965438
61 22 1965446
61 55 1965449
61 31 1965454
61 32 1965459
61 33 1965459
61 72 1965463
61 63 1965468
61 20 1965470
61 47 1965472
61 52 1965481
61 7 1965488
61 35 1965493
61 62 1965501
61 57 1965509
61 27 1965511
61 67 1965516
61 28 1965519
61 2 1965524
61 45 1965528
61 8 1965534
61 56 1965538
62 33 1965543
62 28 1965545
62 11 1965546
62 58 1965553
62 0 1965554
62 50 1965562
62 73 1965566
62 51 1965568
62 25 1965571
62 27 1965571
62 21 1965573
62 59 1965573
62 40 1965574
62 38 1965577
62 39 1965582
62 70 1965585
62 8 1965591
62 23 1965593
62 5 1965595
62 14 1965602
62 66 1965603
62 33 1965610
62 75 1965615
62 1 1965615
62 73 1965623
62 74 1965623
62 28 1965628
62 67 1965631
62 0 1965632
62 6 1965638
62 50 1965646
62 40 1965653
62 19 1965657
62 4 1965660
62 69 1965665
62 31 1965668
63 73 1965668
63 14 1965676
63 12 1965680
63 51 1965684
63 49 1965687
63 56 1965688
63 37 1965692
63 65 1965698
63 31 1965700
63 4 1965707
63 74 1965714
63 26 1965718
63 55 1965725
63 45 1965734
63 68 1965734
63 75 1965736
63 54 1965736
63 29 1965742
63 20 1965745
63 50 1965754
63 60 1965763
63 43 1965770
63 9 1965775
63 42 1965781
63 72 1965783
63 57 1965784
63 69 1965793
63 22 1965802
63 18 1965804
63 47 1965804
63 8 1965807
63 70 1965813
63 0 1965816
63 62 1965825
63 58 1965829
63 10 1965837
63 40 1965837
63 42 1965842
63 13 1965843
63 60 1965848
63 51 1965852
63 71 1965858
63 64 1965860
63 74 1965866
63 44 1965869
63 54 1965878
63 6 1965880
63 7 1965886
63 20 1965889
63 52 1965891
63 47 1965897
63 14 1965900
63 49 1965909
63 37 1965913
63 40 1965917
63 66 1965921
63 2 1965928
63 30 1965930
63 29 1965934
63 75 1965938
63 9 1965943
63 3 1965943
63 62 1965946
63 69 1965946
63 53 1965951
63 70 1965960
63 25 1965965
63 21 1965966
63 61 1965973
63 28 1965974
63 39 1965977
63 46 1965981
63 55 1965982
63 8 1965986
63 22 1965993
64 44 1965998
64 69 1966007
64 75 1966012
64 56 1966014
64 2 1966021
64 60 1966030
64 12 1966031
64 35 1966033
64 21 1966037
64 40 1966041
64 33 1966049
64 14 1966058
64 59 1966066
64 74 1966069
64 52 1966069
64 5 1966078
64 20 1966084
64 61 1966085
64 47 1966087
64 39 1966091
64 9 1966095
64 32 1966096
64 6 1966096
64 63 1966101
64 53 1966110
64 1 1966118
64 31 1966121
64 36 1966125
64 73 1966125
64 49 1966127
64 51 1966128
64 66 1966132
64 46 1966133
64 62 1966142
64 45 1966150
64 50 1966155
64 0 1966155
64 47 1966163
64 51 1966165
64 50 1966165
64 11 1966168
64 42 1966172
64 67 1966172
64 71 1966177
64 14 1966183
64 49 1966189
64 40 1966189
64 54 1966197
64 45 1966204
64 22 1966205
64 39 1966213
64 44 1966213
64 17 1966218
64 6 1966218
64 56 1966220
64 2 1966223
64 43 1966229
64 9 1966238
64 15 1966238
64 68 1966241
64 57 1966247
64 74 1966250
64 18 1966251
64 12 1966257
64 7 1966259
64 10 1966267
64 13 1966269
64 21 1966272
64 25 1966280
64 41 1966280
64 65 1966281
64 20 1966285
64 3 1966292
64 52 1966300
64 75 1966300
64 27 1966309
64 60 1966318
65 45 1966325
65 25 1966326
65 26 1966335
65 9 1966340
65 39 1966346
65 52 1966353
65 54 1966360
65 19 1966367
65 51 1966369
65 38 1966370
65 18 1966373
65 75 1966373
65 16 1966377
65 64 1966382
65 1 1966389
65 2 1966395
65 24 1966403
65 44 1966408
65 43 1966413
65 63 1966416
65 39 1966418
65 7 1966426
65 75 1966432
65 33 1966436
65 25 1966438
65 68 1966442
65 52 1966442
65 66 1966449
65 23 1966453
65 26 1966459
65 71 1966465
65 70 1966468
65 40 1966470
65 2 1966475
65 73 1966480
66 4 1966483
66 9 1966490
66 72 1966495
66 0 1966502
66 67 1966504
66 57 1966507
66 73 1966514
66 44 1966516
66 70 1966525
66 26 1966529
67 17 1966532
67 3 1966539
67 25 1966546
67 24 1966550
67 50 1966555
67 42 1966558
67 18 1966559
67 14 1966563
67 44 1966568
67 32 1966571
67 38 1966573
67 12 1966576
67 30 1966576
67 36 1966579
67 75 1966587
67 74 1966587
67 71 1966594
67 40 1966595
67 59 1966598
67 60 1966606
67 2 1966607
67 38 1966615
67 5 1966618
67 9 1966622
67 22 1966631
67 58 1966640
67 4 1966643
67 66 1966648
67 49 1966648
67 15 1966650
67 48 1966659
67 2 1966667
67 0 1966673
67 74 1966676
67 21 1966677
67 3 1966686
67 40 1966695
67 6 1966701
67 41 1966708
67 52 1966712
67 71 1966716
67 1 1966716
68 6 1966723
68 44 1966732
68 50 1966732
68 12 1966732
68 4 1966737
68 70 1966745
68 54 1966752
68 37 1966757
68 13 1966760
68 0 1966765
68 27 1966774
68 21 1966781
68 67 1966787
68 16 1966791
68 33 1966795
68 58 1966800
68 26 1966805
68 11 1966806
68 29 1966811
68 3 1966813
68 74 1966815
68 36 1966816
68 75 1966816
68 42 1966823
68 18 1966831
68 39 1966837
68 7 1966844
68 30 1966852
68 52 1966854
68 8 1966859
68 55 1966860
68 25 1966864
68 28 1966871
68 37 1966873
68 19 1966882
68 72 1966885
68 47 1966889
68 36 1966895
68 20 1966899
68 51 1966905
68 1 1966913
68 15 1966915
68 60 1966920
68 18 1966923
68 4 1966926
68 49 1966934
68 11 1966940
68 35 1966946
68 6 1966947
68 66 1966948
68 74 1966957
68 52 1966957
68 46 1966959
68 14 1966966
68 50 1966969
68 25 1966976
68 69 1966978
68 33 1966984
68 9 1966987
68 3 1966989
68 7 1966996
69 72 1967003
69 43 1967007
69 4 1967013
70 1 1967014
70 39 1967019
70 67 1967024
70 8 1967032
70 75 1967040
70 73 1967044
70 43 1967052
70 61 1967054
70 74 1967056
70 48 1967063
70 6 1967070
70 31 1967074
70 7 1967078
70 51 1967081
70 54 1967086
70 42 1967091
70 57 1967093
70 45 1967099
70 55 1967108
70 10 1967112
70 68 1967121
70 19 1967128
70 29 1967136
70 52 1967141
70 46 1967143
70 53 1967144
70 16 1967145
70 58 1967147
70 12 1967153
70 40 1967160
70 9 1967164
70 21 1967169
70 24 1967175
70 11 1967175
70 62 1967184
70 18 1967192
70 34 1967197
70 2 1967197
70 7 1967197
70 13 1967200
70 53 1967209
70 21 1967215
70 51 1967218
70 27 1967219
70 40 1967225
70 56 1967228
70 61 1967237
70 44 1967242
70 58 1967242
70 20 1967248
70 57 1967248
70 14 1967248
70 68 1967254
70 74 1967254
70 19 1967257
70 54 1967266
70 36 1967268
70 52 1967277
70 39 1967278
70 10 1967282
70 0 1967285
70 47 1967288
70 15 1967292
70 35 1967294
70 55 1967303
70 33 1967306
70 75 1967307
70 50 1967313
70 43 1967318
70 3 1967322
70 49 1967329
70 65 1967331
70 12 1967331
71 10 1967340
71 48 1967347
71 14 1967348
71 66 1967349
71 0 1967353
71 36 1967353
71 4 1967355
71 42 1967362
71 43 1967371
71 8 1967371
71 50 1967374
71 31 1967381
71 46 1967383
71 52 1967392
71 61 1967398
71 55 1967402
71 35 1967403
71 3 1967408
71 72 1967411
71 32 1967414
71 36 1967414
71 51 1967415
71 20 1967424
71 55 1967430
71 37 1967438
71 44 1967441
71 62 1967447
71 6 1967455
71 64 1967463
71 21 1967467
71 11 1967469
71 41 1967477
71 26 1967483
71 24 1967487
71 53 1967489
71 45 1967494
71 10 1967501
72 27 1967504
72 29 1967513
72 51 1967520
72 17 1967521
72 44 1967526
72 38 1967526
72 36 1967531
72 40 1967535
72 55 1967535
72 74 1967544
72 59 1967548
72 45 1967552
72 14 1967558
72 24 1967563
72 43 1967568
72 11 1967568
72 4 1967572
72 47 1967572
72 30 1967577
72 68 1967582
72 54 1967589
72 25 1967589
72 2 1967594
72 12 1967595
72 33 1967598
72 7 1967599
72 28 1967608
72 62 1967608
72 9 1967609
72 69 1967614
72 61 1967618
72 21 1967626
72 35 1967629
72 48 1967635
72 71 1967637
72 16 1967638
72 26 1967638
72 8 1967647
72 22 1967647
72 46 1967649
72 39 1967650
72 75 1967658
72 70 1967660
72 64 1967665
72 71 1967674
72 56 1967683
72 54 1967692
72 44 1967700
72 7 1967700
72 29 1967705
72 8 1967706
72 61 1967713
72 9 1967718
72 21 1967723
72 53 1967726
72 34 1967726
72 74 1967734
72 63 1967738
72 40 1967746
72 12 1967749
72 46 1967752
72 66 1967760
72 73 1967765
72 30 1967769
72 38 1967776
72 48 1967781
72 68 1967782
72 59 1967787
72 32 1967791
72 1 1967791
72 67 1967794
72 39 1967797
72 41 1967797
72 36 1967800
72 60 1967803
72 11 1967808
72 25 1967811
72 22 1967817
72 5 1967819
72 45 1967828
72 16 1967832
72 37 1967838
72 51 1967842
72 31 1967851
72 6 1967858
72 42 1967860
72 24 1967863
72 18 1967870
72 62 1967871
73 3 1967874
73 45 1967875
73 63 1967883
73 59 1967891
73 40 1967896
73 2 1967899
73 34 1967901
73 6 1967901
73 19 1967905
73 7 1967908
73 39 1967910
73 38 1967915
73 22 1967924
73 13 1967925
73 62 1967929
73 5 1967936
73 17 1967939
73 37 1967946
73 33 1967948
73 52 1967954
73 10 1967954
73 35 1967954
73 53 1967960
73 30 1967968
73 49 1967968
73 25 1967977
73 64 1967986
73 75 1967992
73 7 1967999
73 3 1968001
73 18 1968005
73 62 1968013
73 12 1968015
73 4 1968017
73 51 1968017
73 39 1968018
73 68 1968019
73 27 1968019
73 34 1968027
73 74 1968036
73 60 1968044
73 71 1968052
73 48 1968054
73 17 1968061
73 35 1968065
73 49 1968074
73 40 1968079
73 65 1968088
73 72 1968097
73 66 1968099
73 67 1968107
73 21 1968116
73 42 1968119
73 29 1968124
74 30 1968127
74 62 1968133
74 22 1968137
74 47 1968146
74 50 1968148
74 41 1968151
74 7 1968151
74 44 1968153
74 33 1968162
74 71 1968169
74 35 1968172
74 31 1968180
74 16 1968185
74 59 1968193
74 13 1968196
74 37 1968197
74 25 1968201
74 9 1968204
74 68 1968212
74 15 1968212
74 55 1968217
74 29 1968217
74 53 1968220
74 24 1968223
74 42 1968225
74 10 1968232
74 8 1968241
74 58 1968247
74 63 1968254
74 2 1968259
74 73 1968265
74 65 1968268
74 69 1968275
74 12 1968282
74 52 1968282
74 14 1968291
74 51 1968298
74 18 1968307
74 40 1968311
74 57 1968314
74 1 1968317
74 45 1968325
74 36 1968326
74 54 1968328
74 61 1968335
74 3 1968336
74 46 1968344
74 65 1968353
74 7 1968359
74 0 1968361
74 71 1968368
74 58 1968373
74 9 1968379
74 19 1968387
74 37 1968388
74 50 1968389
74 26 1968398
74 60 1968402
74 47 1968407
74 31 1968407
74 66 1968416
74 20 1968417
74 15 1968417
74 11 1968417
74 35 1968423
74 67 1968426
74 57 1968430
74 44 1968432
74 53 1968436
74 12 1968440
74 4 1968448
74 21 1968453
74 28 1968456
74 24 1968458
74 75 1968463
74 14 1968470
74 41 1968477
74 13 1968486
74 38 1968492
74 29 1968501
74 22 1968507
74 34 1968507
74 45 1968516
74 68 1968519
74 72 1968519
74 62 1968522
74 36 1968524
74 10 1968533
74 64 1968536
75 14 1968544
75 66 1968550
