86
false
0 36 2803266
0 5 2803269
0 40 2803269
0 81 2803271
0 28 2803280
0 30 2803286
0 39 2803288
0 18 2803293
0 72 2803299
0 70 2803303
0 55 2803309
0 22 2803315
0 56 2803324
0 6 2803326
0 58 2803327
0 63 2803333
0 79 2803337
0 34 2803340
0 64 2803344
0 35 2803346
0 8 2803352
0 29 2803354
0 15 2803354
0 2 2803355
0 7 2803363
0 4 2803371
0 49 2803376
0 24 2803381
0 27 2803383
0 11 2803392
0 61 2803400
0 18 2803405
0 14 2803411
0 85 2803417
0 64 2803422
0 78 2803424
0 51 2803432
0 68 2803438
0 30 2803441
0 36 2803449
0 57 2803458
0 69 2803466
0 40 2803473
0 15 2803481
0 80 2803485
0 17 2803489
0 47 2803493
0 39 2803500
0 48 2803505
0 13 2803505
0 3 2803506
0 84 2803514
0 27 2803522
0 82 2803529
0 32 2803536
0 23 2803539
0 55 2803539
0 12 2803545
0 7 2803546
0 53 2803546
1 45 2803550
1 59 2803554
1 50 2803556
1 47 2803556
1 22 2803564
1 28 2803573
1 38 2803575
2 35 2803576
2 59 2803584
2 64 2803586
2 42 2803590
2 40 2803599
2 41 2803605
2 30 2803612
2 62 2803616
2 8 2803619
2 80 2803625
2 56 2803634
2 20 2803642
2 22 2803648
2 81 2803656
2 72 2803659
2 1 2803662
2 82 2803668
2 57 2803668
2 44 2803668
2 49 2803673
2 39 2803678
2 51 2803685
2 79 2803688
2 55 2803689
2 75 2803696
2 27 2803697
2 17 2803700
2 63 2803706
2 38 2803713
2 34 2803716
2 39 2803720
2 17 2803725
2 13 2803734
2 76 2803742
2 82 2803743
2 23 2803743
2 63 2803745
2 11 2803746
2 28 2803748
2 44 2803755
2 4 2803759
2 62 2803766
2 50 2803774
2 38 2803775
2 40 2803776
2 70 2803785
2 29 2803788
2 10 2803790
2 12 2803791
2 48 2803792
2 56 2803794
2 74 2803799
2 7 2803804
2 54 2803809
2 5 2803812
2 51 2803817
2 47 2803822
2 58 2803826
2 3 2803829
2 9 2803837
2 36 2803841
3 48 2803848
3 55 2803848
3 15 2803853
3 2 2803860
3 40 2803863
3 26 2803871
4 15 2803877
4 11 2803878
4 43 2803878
4 23 2803885
4 48 2803892
4 39 2803895
4 37 2803898
4 14 2803901
4 70 2803909
4 0 2803916
4 28 2803925
4 22 2803928
4 10 2803929
4 51 2803933
4 19 2803934
4 35 2803942
4 12 2803946
4 40 2803949
4 20 2803957
4 55 2803964
4 58 2803964
4 36 2803968
4 69 2803972
4 50 2803980
4 63 2803983
4 13 2803990
4 24 2803991
4 46 2803996
4 78 2803997
4 59 2804000
4 45 2804004
4 53 2804013
4 79 2804022
4 71 2804024
4 7 2804024
4 62 2804031
4 25 2804031
4 1 2804037
4 77 2804041
4 7 2804047
4 14 2804053
4 39 2804054
4 65 2804055
4 82 2804061
4 35 2804064
4 20 2804066
4 16 2804072
4 19 2804075
4 13 2804083
4 75 2804083
4 79 2804092
4 60 2804099
4 21 2804107
4 57 2804110
4 48 2804119
4 80 2804119
4 70 2804124
4 38 2804130
4 25 2804137
4 31 2804142
4 6 2804149
4 17 2804151
4 9 2804153
4 71 2804158
4 5 2804158
4 27 2804166
4 34 2804172
4 50 2804177
4 53 2804183
4 54 2804188
4 84 2804191
4 51 2804191
4 52 2804191
4 76 2804200
4 22 2804207
4 28 2804207
4 62 2804212
4 44 2804212
4 72 2804215
5 24 2804221
5 55 2804227
5 81 2804234
5 26 2804234
5 53 2804242
5 49 2804243
5 83 2804252
5 34 2804261
5 47 2804269
5 39 2804278
5 80 2804284
5 35 2804287
5 27 2804293
5 15 2804297
5 21 2804303
5 64 2804306
5 82 2804307
5 77 2804315
5 20 2804323
5 69 2804327
5 71 2804327
5 2 2804331
5 36 2804334
5 63 2804342
5 45 2804349
5 49 2804350
5 4 2804354
5 18 2804359
5 25 2804359
5 22 2804365
5 29 2804371
5 40 2804377
5 84 2804380
5 0 2804381
5 53 2804384
5 15 2804392
5 9 2804395
6 15 2804395
6 68 2804397
6 79 2804404
6 51 2804410
6 33 2804418
6 85 2804418
6 26 2804423
6 16 2804428
6 25 2804434
6 23 2804442
6 80 2804447
6 27 2804454
6 76 2804462
6 70 2804467
7 31 2804468
7 51 2804469
7 49 2804476
7 72 2804478
7 39 2804487
7 36 2804487
7 69 2804490
7 0 2804498
7 77 2804506
7 48 2804507
7 42 2804514
7 34 2804522
7 54 2804522
7 58 2804527
7 18 2804534
7 80 2804541
7 35 2804545
7 13 2804546
7 53 2804552
7 40 2804553
7 82 2804555
7 16 2804558
7 56 2804561
7 46 2804566
7 22 2804568
7 1 2804568
7 59 2804574
7 65 2804574
7 68 2804576
7 25 2804576
7 70 2804584
7 73 2804592
7 38 2804595
7 10 2804604
7 66 2804612
7 64 2804614
7 71 2804618
7 4 2804618
7 61 2804626
7 37 2804629
7 29 2804634
7 39 2804642
7 16 2804649
7 1 2804657
7 3 2804664
7 22 2804671
7 42 2804676
7 72 2804676
7 5 2804678
7 43 2804685
7 34 2804692
7 62 2804692
7 81 2804697
7 0 2804701
7 26 2804704
7 78 2804704
7 84 2804712
7 57 2804719
7 32 2804720
7 33 2804725
7 67 2804726
7 44 2804728
7 76 2804733
7 12 2804740
7 55 2804749
7 24 2804754
8 77 2804758
8 72 2804765
8 2 2804765
8 60 2804770
8 23 2804775
8 83 2804776
8 4 2804782
8 66 2804789
8 42 2804797
9 22 2804804
9 40 2804813
9 18 2804820
9 25 2804822
9 63 2804831
9 75 2804835
9 58 2804842
9 42 2804848
9 73 2804848
9 74 2804854
9 6 2804863
9 27 2804864
9 49 2804867
9 67 2804876
9 36 2804877
9 48 2804885
9 4 2804890
9 30 2804895
9 39 2804896
9 3 2804898
9 55 2804901
9 13 2804906
9 0 2804912
9 64 2804920
9 78 2804925
9 57 2804934
9 65 2804942
9 52 2804944
9 55 2804953
9 8 2804962
9 6 2804963
9 47 2804966
9 13 2804973
9 18 2804975
9 64 2804981
9 31 2804988
9 43 2804993
9 69 2805000
9 41 2805000
9 36 2805004
9 32 2805010
9 27 2805011
9 40 2805011
9 46 2805014
9 84 2805023
9 16 2805026
9 20 2805033
10 64 2805037
10 14 2805037
10 73 2805046
10 75 2805046
10 36 2805049
10 47 2805051
10 53 2805055
10 42 2805057
10 81 2805059
10 32 2805067
10 22 2805076
10 5 2805077
10 62 2805084
10 25 2805092
10 6 2805097
10 80 2805103
10 11 2805105
10 38 2805105
10 3 2805113
10 12 2805119
10 28 2805123
10 13 2805131
10 26 2805138
10 34 2805141
10 59 2805148
10 4 2805148
10 37 2805149
10 78 2805155
10 9 2805160
10 7 2805161
10 63 2805170
10 35 2805179
10 69 2805186
10 55 2805187
10 27 2805196
10 67 2805200
10 85 2805204
10 50 2805209
10 23 2805213
10 33 2805222
10 56 2805230
10 43 2805239
10 6 2805239
10 67 2805246
10 43 2805250
10 40 2805254
10 42 2805259
10 23 2805262
10 12 2805267
10 1 2805271
10 56 2805276
10 20 2805280
10 75 2805289
10 55 2805297
10 68 2805297
10 35 2805304
10 59 2805306
10 28 2805307
10 9 2805307
10 24 2805313
10 47 2805315
10 37 2805323
10 41 2805326
10 7 2805332
10 79 2805334
10 39 2805340
10 3 2805343
10 82 2805347
10 26 2805348
10 54 2805353
10 64 2805360
10 13 2805367
10 50 2805372
10 5 2805374
10 16 2805380
10 38 2805380
10 49 2805380
10 19 2805382
10 58 2805391
10 25 2805393
10 22 2805393
10 29 2805401
11 25 2805409
11 71 2805409
11 49 2805412
11 73 2805420
11 53 2805424
11 24 2805431
11 7 2805439
11 52 2805440
11 27 2805440
11 56 2805441
11 50 2805444
11 19 2805449
11 48 2805454
11 26 2805462
11 16 2805466
11 1 2805466
11 45 2805468
11 64 2805477
11 5 2805481
11 55 2805487
11 29 2805494
11 82 2805501
11 70 2805510
11 69 2805514
11 84 2805519
11 44 2805525
11 23 2805526
11 10 2805528
11 9 2805530
11 20 2805535
11 43 2805539
11 77 2805545
11 13 2805549
11 8 2805558
11 79 2805567
11 18 2805574
11 58 2805574
11 68 2805582
11 12 2805586
11 40 2805586
11 41 2805594
11 67 2805597
11 5 2805597
11 52 2805597
11 26 2805601
11 2 2805603
11 38 2805606
11 48 2805613
11 15 2805621
11 53 2805629
11 68 2805635
11 37 2805641
11 66 2805648
11 30 2805652
11 14 2805657
11 82 2805657
11 71 2805662
11 65 2805663
11 41 2805667
11 49 2805668
11 18 2805668
11 7 2805674
11 43 2805676
11 50 2805677
11 19 2805679
11 45 2805684
11 22 2805689
11 62 2805695
11 81 2805697
11 67 2805700
11 8 2805706
11 10 2805706
11 74 2805714
11 55 2805718
11 31 2805721
11 1 2805727
11 51 2805734
11 6 2805739
11 16 2805744
11 61 2805747
11 73 2805747
11 58 2805756
12 68 2805757
12 75 2805759
12 57 2805760
12 36 2805762
12 64 2805762
12 15 2805762
12 8 2805765
12 23 2805771
12 50 2805776
12 65 2805776
12 4 2805776
12 73 2805777
12 11 2805777
12 37 2805782
12 40 2805788
12 66 2805794
12 63 2805803
12 7 2805803
12 74 2805805
12 51 2805807
12 84 2805808
12 59 2805810
12 77 2805815
12 33 2805815
12 18 2805819
12 49 2805828
12 78 2805836
12 58 2805841
12 43 2805843
12 0 2805846
12 2 2805850
12 21 2805853
12 14 2805855
12 52 2805863
12 82 2805865
12 45 2805867
12 13 2805873
12 57 2805878
12 61 2805878
12 59 2805887
12 25 2805893
12 22 2805899
12 72 2805902
12 48 2805908
12 49 2805911
12 60 2805915
12 17 2805923
12 34 2805926
12 28 2805934
12 7 2805934
12 51 2805937
12 75 2805943
12 19 2805947
12 47 2805954
12 4 2805957
12 20 2805957
12 5 2805959
12 33 2805960
12 31 2805969
12 50 2805976
12 76 2805976
12 85 2805984
12 41 2805984
13 57 2805992
13 85 2805994
13 25 2805995
13 63 2806000
13 22 2806006
14 58 2806012
14 2 2806018
14 77 2806018
14 69 2806020
14 76 2806029
14 23 2806029
14 12 2806038
14 56 2806041
14 19 2806042
14 60 2806044
14 36 2806047
14 57 2806048
14 35 2806057
14 21 2806057
14 17 2806060
14 8 2806061
14 15 2806062
14 61 2806070
14 59 2806076
14 60 2806084
14 72 2806090
14 52 2806098
14 81 2806101
14 54 2806103
14 9 2806105
14 35 2806114
14 19 2806114
14 50 2806121
14 11 2806128
14 37 2806130
14 79 2806138
14 67 2806144
14 13 2806152
14 27 2806161
14 16 2806164
15 80 2806167
15 44 2806176
15 16 2806184
15 65 2806186
15 60 2806186
15 41 2806186
15 5 2806187
15 53 2806189
15 8 2806197
15 68 2806200
16 42 2806209
16 10 2806211
16 34 2806213
16 14 2806220
16 44 2806224
16 23 2806224
17 39 2806233
17 38 2806236
17 67 2806237
17 12 2806240
17 34 2806248
17 20 2806254
17 18 2806254
17 79 2806257
17 15 2806260
17 2 2806264
17 33 2806272
17 52 2806275
17 78 2806283
17 47 2806284
17 82 2806290
17 46 2806297
17 50 2806303
17 63 2806310
17 30 2806314
17 27 2806316
17 51 2806316
17 59 2806323
17 19 2806332
17 21 2806335
17 57 2806343
17 73 2806347
17 41 2806355
17 1 2806362
17 80 2806371
17 42 2806377
17 85 2806380
17 45 2806387
17 5 2806393
17 3 2806401
17 70 2806403
17 8 2806407
17 16 2806408
17 60 2806411
17 75 2806416
17 11 2806416
17 53 2806422
17 72 2806428
17 66 2806431
17 48 2806435
17 80 2806441
17 8 2806449
17 28 2806449
17 31 2806456
17 9 2806465
17 59 2806465
17 56 2806468
17 38 2806477
17 35 2806477
17 30 2806477
17 32 2806482
17 60 2806486
17 70 2806489
17 83 2806491
17 85 2806492
17 0 2806500
17 37 2806502
17 14 2806503
17 16 2806503
17 1 2806509
17 42 2806511
17 5 2806520
17 62 2806527
17 24 2806529
17 49 2806530
17 54 2806539
17 69 2806542
17 46 2806551
17 43 2806557
17 45 2806560
17 77 2806564
17 61 2806566
17 47 2806575
17 72 2806584
17 57 2806592
17 18 2806595
17 19 2806604
17 50 2806613
17 41 2806613
17 10 2806622
17 40 2806622
17 63 2806628
17 6 2806632
17 53 2806636
17 64 2806643
17 79 2806645
17 4 2806649
18 50 2806655
18 30 2806655
18 58 2806664
18 24 2806669
18 60 2806673
18 61 2806676
18 29 2806682
18 20 2806683
18 52 2806687
18 39 2806690
18 44 2806694
18 46 2806703
18 9 2806705
18 75 2806705
18 32 2806712
18 54 2806721
18 74 2806724
18 65 2806730
18 33 2806731
18 1 2806734
18 38 2806742
18 59 2806743
18 41 2806751
18 16 2806756
18 23 2806760
18 28 2806764
18 36 2806770
18 51 2806771
18 21 2806774
18 27 2806781
18 2 2806784
18 48 2806785
18 79 2806789
18 83 2806797
18 13 2806801
18 84 2806808
18 19 2806816
18 5 2806823
18 14 2806830
18 85 2806834
18 45 2806842
18 77 2806843
18 72 2806847
18 10 2806852
18 81 2806861
18 7 2806869
18 37 2806873
18 0 2806880
18 66 2806886
18 34 2806889
18 39 2806896
18 79 2806899
18 16 2806902
18 19 2806903
18 44 2806903
18 47 2806903
18 25 2806908
18 75 2806912
18 27 2806921
18 48 2806925
18 35 2806928
18 46 2806933
18 36 2806939
18 17 2806943
18 24 2806947
18 55 2806953
18 59 2806958
18 41 2806967
18 80 2806967
18 77 2806968
18 31 2806969
18 30 2806971
18 78 2806975
18 83 2806981
18 69 2806987
18 62 2806989
18 29 2806998
18 56 2807005
18 10 2807007
18 6 2807009
18 72 2807009
18 53 2807012
18 37 2807016
18 68 2807022
18 14 2807029
18 40 2807036
18 33 2807044
18 5 2807047
18 23 2807055
18 52 2807061
18 12 2807067
18 58 2807076
18 9 2807080
18 67 2807084
18 81 2807085
18 57 2807088
18 64 2807094
18 54 2807101
18 2 2807102
18 50 2807106
19 71 2807114
19 5 2807120
19 33 2807120
19 60 2807128
19 84 2807132
19 1 2807139
19 7 2807144
19 41 2807153
19 0 2807156
19 14 2807164
19 69 2807173
19 4 2807179
19 25 2807185
19 2 2807189
19 3 2807190
19 56 2807199
19 6 2807205
19 73 2807207
19 17 2807214
19 11 2807219
19 81 2807227
19 24 2807233
19 16 2807234
19 18 2807238
19 72 2807239
19 61 2807242
19 49 2807246
19 50 2807252
19 38 2807256
19 51 2807261
19 10 2807261
19 83 2807261
19 40 2807268
19 32 2807269
19 29 2807278
19 35 2807286
19 47 2807293
19 48 2807296
19 14 2807297
19 66 2807302
19 41 2807311
19 53 2807316
19 71 2807322
19 2 2807326
19 62 2807331
19 80 2807338
19 16 2807340
19 37 2807345
19 83 2807354
19 12 2807354
19 30 2807362
19 45 2807363
19 78 2807371
19 43 2807372
19 49 2807376
19 0 2807384
19 23 2807387
19 28 2807391
19 79 2807397
19 6 2807404
19 22 2807410
19 68 2807412
19 17 2807417
19 27 2807420
19 58 2807424
20 75 2807429
20 13 2807435
20 0 2807443
20 45 2807448
20 28 2807448
20 40 2807457
20 80 2807466
20 53 2807472
20 24 2807476
20 23 2807482
21 67 2807491
21 20 2807495
21 28 2807495
21 58 2807503
21 74 2807510
21 84 2807519
21 72 2807523
21 52 2807526
21 59 2807531
21 61 2807540
21 77 2807542
21 27 2807546
21 78 2807548
21 32 2807554
21 43 2807556
21 16 2807557
21 42 2807557
21 50 2807563
21 75 2807569
21 48 2807571
21 68 2807578
21 71 2807580
21 60 2807586
21 35 2807592
21 54 2807600
21 3 2807608
21 44 2807615
21 79 2807619
21 7 2807619
21 29 2807625
21 5 2807632
21 14 2807640
21 31 2807640
21 6 2807641
21 53 2807648
21 39 2807657
21 19 2807661
21 63 2807662
21 62 2807665
21 22 2807666
21 15 2807673
21 73 2807676
21 17 2807677
21 36 2807682
21 50 2807683
21 10 2807691
21 56 2807700
21 55 2807704
21 38 2807710
21 37 2807717
21 49 2807720
21 19 2807720
21 61 2807724
21 27 2807725
21 11 2807729
21 5 2807735
21 20 2807739
21 66 2807743
21 81 2807748
21 69 2807751
21 51 2807754
21 30 2807756
21 0 2807760
21 35 2807763
21 77 2807765
21 42 2807769
21 7 2807774
21 12 2807782
21 25 2807790
21 84 2807792
21 31 2807797
21 39 2807799
21 72 2807801
21 85 2807805
21 34 2807813
21 6 2807818
21 43 2807821
22 42 2807821
22 10 2807829
22 47 2807831
22 54 2807832
22 34 2807832
22 12 2807839
22 63 2807845
23 39 2807848
23 24 2807848
23 15 2807854
23 22 2807862
23 75 2807866
23 31 2807874
23 56 2807876
23 61 2807878
23 73 2807878
23 60 2807885
23 6 2807885
23 8 2807891
23 52 2807893
23 1 2807898
23 27 2807899
23 42 2807906
23 69 2807909
23 16 2807912
23 55 2807921
23 17 2807927
23 84 2807930
23 59 2807935
23 33 2807938
23 12 2807944
23 58 2807948
23 68 2807956
23 43 2807957
23 78 2807965
23 48 2807965
23 63 2807974
23 21 2807976
23 41 2807977
23 3 2807979
23 26 2807986
23 81 2807988
23 0 2807988
23 76 2807988
23 33 2807997
23 38 2807998
23 79 2808002
23 56 2808009
23 5 2808012
23 43 2808020
23 53 2808021
23 11 2808024
23 64 2808024
23 67 2808025
23 69 2808030
23 22 2808034
23 84 2808041
23 63 2808049
23 24 2808053
23 29 2808053
23 14 2808060
23 54 2808065
23 6 2808070
23 40 2808078
23 52 2808079
24 53 2808088
24 60 2808094
24 19 2808096
24 28 2808100
24 80 2808100
24 5 2808101
24 43 2808109
24 32 2808110
24 14 2808117
24 12 2808125
24 10 2808132
24 25 2808141
24 51 2808142
24 17 2808149
24 21 2808156
24 8 2808162
24 62 2808170
24 18 2808176
24 36 2808182
24 16 2808184
24 64 2808188
24 33 2808195
24 30 2808199
24 9 2808201
24 11 2808202
24 13 2808210
24 35 2808214
24 68 2808218
24 47 2808219
24 34 2808222
24 71 2808229
24 3 2808232
24 1 2808241
24 7 2808247
24 20 2808256
24 49 2808261
24 59 2808268
24 26 2808273
24 40 2808278
24 46 2808278
24 38 2808283
24 22 2808289
24 48 2808298
24 73 2808305
24 42 2808309
24 50 2808311
24 63 2808312
24 2 2808319
24 61 2808321
24 31 2808323
24 72 2808329
24 41 2808333
24 6 2808341
24 27 2808345
24 77 2808352
24 65 2808360
24 84 2808363
24 57 2808370
24 82 2808371
24 43 2808372
24 64 2808375
24 17 2808379
24 22 2808382
24 74 2808391
24 56 2808400
24 41 2808407
24 32 2808415
24 82 2808422
24 66 2808423
24 36 2808424
24 21 2808425
24 42 2808431
24 59 2808432
24 58 2808441
24 30 2808449
24 76 2808449
24 15 2808457
24 31 2808457
24 51 2808457
24 38 2808465
24 77 2808472
24 34 2808477
24 2 2808481
24 3 2808487
24 16 2808493
24 73 2808494
24 45 2808495
24 44 2808496
24 69 2808500
24 71 2808504
24 53 2808509
24 54 2808514
24 67 2808515
24 62 2808516
24 65 2808525
24 13 2808530
24 81 2808539
24 60 2808542
24 52 2808546
24 10 2808553
24 20 2808561
24 8 2808568
24 25 2808576
24 57 2808583
24 6 2808586
24 1 2808586
24 70 2808589
24 23 2808594
24 28 2808597
24 61 2808597
24 78 2808606
24 12 2808615
24 29 2808624
24 4 2808632
24 75 2808640
24 39 2808646
25 9 2808653
25 15 2808658
25 36 2808661
25 8 2808668
25 75 2808677
25 78 2808682
25 84 2808689
25 72 2808698
25 35 2808699
25 85 2808700
25 51 2808702
25 16 2808711
25 31 2808717
25 20 2808719
25 23 2808726
25 37 2808735
25 14 2808736
25 57 2808739
25 4 2808747
25 13 2808748
25 19 2808751
25 39 2808757
25 50 2808758
25 7 2808759
25 49 2808765
25 11 2808771
25 21 2808777
25 83 2808777
25 12 2808781
25 69 2808781
25 1 2808784
25 22 2808787
25 10 2808787
25 23 2808792
25 49 2808794
25 67 2808798
25 7 2808799
25 6 2808799
25 58 2808806
25 14 2808813
25 50 2808817
25 24 2808819
25 73 2808819
25 40 2808820
25 18 2808829
25 11 2808833
25 28 2808838
25 43 2808840
25 74 2808842
25 72 2808851
25 77 2808859
25 70 2808866
25 31 2808866
25 44 2808869
25 60 2808876
25 45 2808881
25 9 2808890
25 71 2808893
25 55 2808898
26 72 2808901
26 27 2808903
26 53 2808912
26 46 2808918
26 28 2808922
26 40 2808927
26 30 2808929
26 2 2808935
26 1 2808937
26 35 2808940
26 61 2808943
26 6 2808949
26 73 2808958
26 85 2808966
26 39 2808970
26 75 2808979
26 7 2808981
26 51 2808981
26 54 2808982
26 29 2808984
26 57 2808993
26 36 2808995
26 83 2808996
26 77 2808996
26 80 2809003
26 56 2809005
26 84 2809005
26 74 2809007
26 63 2809007
26 69 2809011
26 45 2809017
26 14 2809026
26 3 2809026
26 41 2809035
26 18 2809038
26 4 2809046
26 9 2809046
26 23 2809053
26 13 2809060
26 52 2809067
26 65 2809070
26 42 2809077
26 68 2809082
26 44 2809082
26 71 2809085
26 49 2809091
26 76 2809097
26 11 2809102
26 15 2809108
26 67 2809112
26 19 2809118
26 43 2809121
26 75 2809128
26 66 2809128
26 81 2809136
26 46 2809144
26 4 2809149
26 62 2809152
26 19 2809154
26 28 2809159
26 16 2809161
26 55 2809167
26 29 2809175
26 71 2809181
26 48 2809181
26 74 2809181
26 82 2809184
26 67 2809191
26 33 2809198
26 15 2809204
26 61 2809205
26 38 2809212
26 27 2809214
26 50 2809220
26 78 2809223
26 10 2809230
26 57 2809233
26 42 2809234
26 24 2809236
26 47 2809240
26 49 2809241
26 58 2809241
26 63 2809243
26 60 2809247
26 45 2809255
26 85 2809264
26 69 2809267
26 80 2809269
26 52 2809278
26 23 2809278
26 6 2809285
26 2 2809288
26 32 2809289
27 60 2809292
27 61 2809292
27 5 2809293
27 44 2809299
27 13 2809303
27 18 2809312
27 58 2809316
27 62 2809319
27 14 2809321
27 16 2809323
27 45 2809325
27 55 2809332
27 19 2809339
27 52 2809341
27 69 2809341
27 80 2809341
27 28 2809346
27 3 2809351
27 44 2809360
27 17 2809368
27 60 2809376
27 82 2809384
27 22 2809389
27 14 2809391
27 58 2809399
27 84 2809401
27 81 2809402
27 74 2809404
27 76 2809409
27 57 2809413
28 63 2809416
28 2 2809418
28 23 2809424
28 75 2809429
28 10 2809438
28 44 2809438
28 50 2809443
28 24 2809445
29 50 2809451
29 36 2809456
29 22 2809464
29 17 2809466
29 24 2809473
29 67 2809477
29 85 2809477
29 35 2809477
29 60 2809483
29 80 2809487
29 83 2809492
29 20 2809501
29 77 2809509
29 75 2809512
29 54 2809513
29 32 2809517
29 62 2809523
29 55 2809531
29 8 2809534
29 0 2809540
29 76 2809549
29 5 2809554
29 39 2809558
29 45 2809567
29 16 2809569
29 73 2809573
29 47 2809573
29 28 2809578
29 11 2809582
29 46 2809591
29 63 2809600
29 79 2809602
29 51 2809609
29 15 2809616
29 42 2809619
29 61 2809620
29 8 2809622
29 42 2809631
29 56 2809635
29 17 2809641
29 33 2809649
29 23 2809656
29 25 2809656
29 74 2809664
29 80 2809667
29 1 2809673
29 84 2809679
29 41 2809686
29 55 2809687
29 31 2809692
29 28 2809699
29 27 2809701
29 2 2809709
29 10 2809711
29 76 2809717
29 81 2809721
29 63 2809727
29 65 2809730
29 46 2809732
29 82 2809735
29 66 2809743
29 21 2809745
29 75 2809747
29 34 2809748
29 13 2809748
29 64 2809757
29 62 2809761
29 50 2809766
29 24 2809770
29 4 2809773
30 4 2809776
30 29 2809780
30 34 2809789
30 31 2809791
30 52 2809800
30 58 2809807
30 79 2809816
30 49 2809817
30 18 2809822
30 51 2809827
30 82 2809828
30 0 2809835
30 19 2809838
30 83 2809845
30 38 2809848
30 57 2809850
30 2 2809852
30 46 2809861
30 49 2809866
30 28 2809873
30 56 2809876
30 84 2809883
30 81 2809891
30 73 2809899
30 68 2809901
30 62 2809902
30 43 2809906
30 61 2809913
31 13 2809913
31 60 2809920
31 54 2809929
31 38 2809936
32 1 2809938
32 35 2809940
32 39 2809945
32 38 2809951
32 51 2809954
32 70 2809961
32 0 2809970
33 68 2809978
33 76 2809986
33 29 2809993
34 81 2809999
34 49 2810005
34 15 2810014
34 31 2810016
34 80 2810024
34 50 2810031
34 37 2810040
34 58 2810047
34 39 2810048
34 7 2810049
34 41 2810050
34 54 2810059
34 67 2810060
34 25 2810066
34 19 2810073
34 60 2810082
34 38 2810084
34 72 2810085
34 1 2810090
34 45 2810093
34 48 2810099
34 0 2810099
34 64 2810106
34 36 2810115
34 77 2810115
34 26 2810118
34 69 2810118
34 10 2810125
34 18 2810129
34 33 2810129
34 66 2810138
34 76 2810138
34 11 2810143
34 23 2810152
34 52 2810161
34 79 2810165
34 73 2810170
34 83 2810173
34 85 2810179
34 11 2810179
34 50 2810183
34 5 2810186
34 14 2810190
34 33 2810192
34 43 2810199
34 19 2810207
34 62 2810208
34 23 2810211
34 48 2810215
34 77 2810217
34 56 2810226
34 3 2810234
34 4 2810242
34 46 2810245
34 35 2810247
34 49 2810251
34 53 2810260
34 1 2810263
34 80 2810269
34 2 2810272
34 15 2810280
34 26 2810282
34 20 2810290
34 47 2810290
34 18 2810290
34 85 2810294
34 79 2810294
34 10 2810301
34 52 2810308
34 75 2810316
34 30 2810320
34 64 2810326
34 6 2810334
34 54 2810343
34 63 2810346
34 61 2810353
34 25 2810354
34 58 2810359
34 60 2810362
34 81 2810370
34 72 2810377
34 41 2810385
34 22 2810394
34 31 2810397
35 66 2810403
35 63 2810403
35 34 2810409
35 83 2810411
35 47 2810413
35 9 2810421
35 33 2810430
35 14 2810430
35 40 2810430
35 30 2810436
35 7 2810445
35 41 2810451
35 0 2810459
35 6 2810462
35 55 2810466
35 73 2810466
35 5 2810467
35 22 2810467
35 15 2810472
35 54 2810474
35 79 2810477
35 32 2810483
35 50 2810491
35 52 2810491
35 59 2810492
35 74 2810498
35 23 2810498
35 60 2810503
35 26 2810510
35 21 2810511
35 36 2810514
35 67 2810517
35 71 2810525
35 17 2810527
35 25 2810532
35 46 2810533
35 81 2810538
35 49 2810538
35 77 2810547
35 82 2810550
35 18 2810550
35 65 2810559
35 29 2810564
35 42 2810571
35 85 2810571
35 38 2810573
35 24 2810575
35 80 2810579
35 39 2810585
35 16 2810586
35 84 2810586
35 56 2810593
35 12 2810594
35 57 2810601
35 13 2810604
35 70 2810608
35 76 2810615
35 72 2810622
35 58 2810626
35 82 2810631
35 56 2810631
35 26 2810636
35 44 2810636
35 32 2810643
35 34 2810644
35 13 2810648
35 33 2810657
35 25 2810662
35 75 2810670
35 2 2810674
35 74 2810679
35 11 2810685
35 84 2810688
35 65 2810691
35 7 2810698
35 31 2810702
35 37 2810708
35 52 2810714
35 12 2810722
35 49 2810723
35 58 2810725
35 68 2810727
35 76 2810728
35 46 2810734
35 29 2810738
35 54 2810744
35 50 2810744
35 83 2810753
35 40 2810757
35 5 2810759
35 9 2810767
35 6 2810770
35 16 2810776
35 63 2810785
35 43 2810786
35 18 2810787
35 81 2810793
35 28 2810801
35 57 2810805
35 24 2810813
35 79 2810815
35 48 2810821
35 4 2810827
35 69 2810834
35 19 2810839
35 47 2810840
35 17 2810845
35 1 2810853
35 78 2810853
35 8 2810857
35 77 2810862
36 51 2810866
36 29 2810874
36 20 2810880
36 27 2810881
36 37 2810881
36 65 2810885
36 64 2810889
36 34 2810898
36 76 2810903
36 85 2810905
36 77 2810906
36 70 2810906
36 3 2810913
36 50 2810919
36 48 2810924
36 68 2810933
36 83 2810938
36 17 2810941
36 5 2810942
36 2 2810948
36 52 2810954
36 74 2810959
36 7 2810964
36 41 2810971
36 78 2810972
36 35 2810979
36 74 2810986
36 29 2810991
36 17 2810993
36 18 2810997
36 4 2811005
36 79 2811013
36 11 2811014
36 76 2811015
36 27 2811017
36 26 2811019
36 57 2811020
36 23 2811024
36 24 2811030
36 64 2811038
36 49 2811040
36 22 2811045
36 9 2811048
36 62 2811055
36 70 2811063
36 47 2811063
36 6 2811066
36 68 2811075
36 20 2811081
36 69 2811089
36 56 2811089
37 71 2811095
37 16 2811101
37 29 2811103
37 41 2811108
37 73 2811116
37 82 2811120
37 50 2811121
37 14 2811122
37 63 2811127
37 35 2811127
37 45 2811133
37 36 2811139
37 62 2811143
37 24 2811147
37 13 2811153
37 21 2811157
37 84 2811161
37 79 2811166
37 75 2811167
37 74 2811174
37 10 2811177
37 68 2811178
37 78 2811184
37 6 2811184
37 69 2811189
37 7 2811190
37 9 2811194
37 3 2811202
37 49 2811211
37 55 2811214
37 66 2811216
37 48 2811219
37 32 2811220
37 70 2811224
37 56 2811224
37 51 2811224
37 18 2811229
37 12 2811230
37 53 2811232
37 28 2811232
37 8 2811234
37 72 2811243
37 54 2811251
37 46 2811253
37 26 2811255
37 65 2811258
37 23 2811263
37 43 2811264
37 30 2811270
37 53 2811278
37 82 2811280
37 38 2811280
37 58 2811282
37 70 2811285
37 64 2811294
37 3 2811298
37 50 2811306
37 36 2811315
37 75 2811321
37 14 2811328
37 46 2811335
37 28 2811338
37 51 2811339
37 31 2811340
37 35 2811341
37 59 2811342
37 48 2811350
37 57 2811352
37 67 2811361
37 17 2811367
37 29 2811374
37 26 2811380
37 79 2811388
37 39 2811393
37 34 2811396
37 68 2811397
37 8 2811406
37 74 2811408
37 55 2811414
37 84 2811422
37 7 2811428
37 73 2811436
37 41 2811441
37 11 2811449
37 76 2811450
37 22 2811458
37 56 2811459
37 10 2811460
37 27 2811462
37 71 2811464
37 45 2811471
37 52 2811480
37 21 2811486
37 24 2811490
37 5 2811493
37 18 2811495
38 28 2811500
38 63 2811507
38 81 2811510
38 47 2811512
38 13 2811514
38 16 2811521
38 40 2811527
38 4 2811530
38 3 2811538
38 27 2811543
38 54 2811545
38 14 2811553
38 9 2811557
38 35 2811564
38 55 2811572
38 66 2811578
38 10 2811583
38 74 2811590
38 33 2811594
38 65 2811594
38 19 2811600
38 45 2811604
38 51 2811607
38 32 2811616
38 8 2811625
38 23 2811632
38 11 2811637
38 44 2811641
38 17 2811642
38 80 2811649
38 85 2811651
38 40 2811653
38 47 2811655
38 19 2811662
38 29 2811669
38 46 2811676
38 33 2811684
38 58 2811688
38 32 2811689
38 55 2811697
38 30 2811703
38 11 2811704
38 63 2811707
38 10 2811709
38 54 2811716
38 25 2811724
38 5 2811726
38 18 2811728
38 74 2811734
38 6 2811740
38 73 2811747
38 45 2811750
38 2 2811750
38 52 2811751
38 83 2811756
38 66 2811764
38 70 2811769
38 78 2811769
38 8 2811769
38 71 2811773
39 12 2811776
39 6 2811776
39 27 2811782
39 35 2811787
39 52 2811793
39 74 2811799
39 43 2811802
39 15 2811808
39 48 2811817
39 22 2811825
39 62 2811831
39 63 2811838
39 29 2811847
39 21 2811856
39 7 2811856
39 25 2811864
39 19 2811866
39 26 2811871
39 10 2811875
39 40 2811882
39 75 2811884
39 30 2811885
39 80 2811886
39 51 2811888
39 57 2811888
39 49 2811890
39 5 2811894
39 46 2811894
39 59 2811898
39 33 2811907
39 50 2811914
39 70 2811922
39 81 2811924
39 72 2811930
39 18 2811938
39 61 2811944
39 28 2811952
39 14 2811952
39 68 2811957
39 65 2811958
39 60 2811959
39 4 2811967
39 54 2811975
39 36 2811978
39 17 2811984
39 44 2811989
39 84 2811998
39 71 2812001
39 9 2812004
39 69 2812009
39 58 2812016
39 38 2812017
39 82 2812018
39 42 2812023
39 64 2812023
39 45 2812023
39 34 2812024
39 85 2812033
39 79 2812040
39 81 2812046
39 14 2812050
39 19 2812052
39 12 2812055
39 27 2812057
39 56 2812057
39 80 2812059
39 76 2812062
39 21 2812066
39 55 2812071
39 2 2812072
39 8 2812080
39 35 2812081
39 74 2812086
39 32 2812088
39 1 2812096
39 51 2812097
39 36 2812104
39 5 2812107
39 15 2812114
39 84 2812117
39 57 2812119
39 18 2812126
39 78 2812134
39 54 2812143
39 13 2812149
39 61 2812158
39 70 2812162
39 43 2812163
39 82 2812165
39 3 2812165
39 37 2812165
39 50 2812173
39 68 2812175
39 52 2812177
39 58 2812180
39 71 2812181
39 23 2812183
39 73 2812188
39 22 2812197
39 59 2812199
39 69 2812207
39 63 2812216
39 9 2812223
40 67 2812226
40 57 2812234
40 68 2812234
40 59 2812242
40 64 2812242
40 58 2812245
41 33 2812247
41 83 2812247
41 76 2812255
41 53 2812258
41 79 2812258
41 69 2812261
41 71 2812261
41 80 2812261
41 82 2812264
41 11 2812267
41 4 2812276
41 44 2812285
41 70 2812285
41 28 2812293
41 57 2812295
41 68 2812300
41 58 2812304
41 51 2812307
41 7 2812314
41 78 2812321
41 13 2812325
41 55 2812332
41 64 2812333
41 24 2812340
41 61 2812340
41 74 2812345
41 8 2812351
41 45 2812355
41 54 2812356
41 67 2812356
41 9 2812357
41 36 2812359
41 62 2812368
41 85 2812370
41 16 2812374
41 72 2812377
41 1 2812384
41 31 2812388
41 18 2812389
41 0 2812389
41 34 2812395
41 5 2812399
41 19 2812404
41 12 2812408
41 48 2812415
41 66 2812415
41 28 2812417
41 82 2812419
41 62 2812421
41 7 2812430
41 61 2812436
41 6 2812443
41 60 2812446
41 74 2812446
41 83 2812452
41 11 2812454
41 42 2812458
41 59 2812467
41 35 2812474
41 9 2812482
41 43 2812491
41 77 2812499
41 30 2812503
41 46 2812510
41 21 2812514
41 79 2812520
41 1 2812525
41 15 2812530
41 76 2812530
41 64 2812534
41 85 2812535
41 81 2812538
41 24 2812544
41 2 2812549
41 26 2812558
41 25 2812558
41 29 2812563
41 54 2812572
41 57 2812573
41 71 2812579
41 14 2812586
41 44 2812588
41 34 2812592
41 17 2812596
41 51 2812602
41 8 2812609
41 68 2812617
42 71 2812617
42 48 2812625
42 2 2812631
42 28 2812639
42 57 2812640
42 79 2812647
42 62 2812652
42 78 2812657
42 20 2812663
42 6 2812667
42 59 2812667
42 27 2812670
42 41 2812673
42 19 2812678
42 67 2812682
42 0 2812685
42 34 2812692
42 5 2812692
42 54 2812695
42 70 2812698
42 21 2812701
42 50 2812704
42 80 2812712
42 66 2812720
42 26 2812727
42 76 2812727
42 4 2812728
42 77 2812732
42 30 2812738
42 16 2812742
42 69 2812744
42 25 2812753
42 22 2812760
42 9 2812769
42 11 2812771
42 14 2812776
42 65 2812781
42 55 2812785
42 43 2812787
42 24 2812793
42 49 2812802
42 60 2812802
42 74 2812811
42 33 2812814
42 61 2812822
42 75 2812824
42 17 2812829
42 27 2812835
42 62 2812843
42 45 2812852
42 5 2812853
42 38 2812862
42 65 2812867
42 72 2812872
42 11 2812872
42 0 2812880
42 36 2812883
42 18 2812891
42 30 2812898
42 22 2812907
42 21 2812909
42 64 2812912
42 25 2812918
42 17 2812924
42 35 2812932
42 66 2812932
42 69 2812934
42 80 2812936
42 6 2812944
42 24 2812950
42 84 2812951
42 52 2812958
42 46 2812967
42 71 2812974
42 82 2812975
42 61 2812984
42 41 2812993
42 50 2812998
42 53 2813002
42 1 2813005
42 83 2813010
42 51 2813019
42 49 2813021
42 54 2813029
42 55 2813032
42 81 2813033
43 84 2813039
43 34 2813048
43 47 2813051
43 28 2813059
43 40 2813061
43 8 2813068
43 21 2813074
43 31 2813076
43 83 2813085
43 71 2813090
43 61 2813093
43 48 2813097
43 52 2813103
43 63 2813110
43 80 2813110
43 57 2813112
43 5 2813115
43 68 2813121
43 75 2813123
43 81 2813132
43 55 2813137
43 51 2813141
43 50 2813143
43 85 2813145
43 62 2813147
43 69 2813147
43 41 2813151
43 10 2813152
43 7 2813160
43 18 2813161
43 25 2813169
43 54 2813172
43 34 2813175
43 44 2813182
43 83 2813185
43 41 2813188
43 32 2813193
43 17 2813195
43 51 2813195
43 31 2813204
43 47 2813213
43 48 2813219
43 62 2813224
43 37 2813233
43 81 2813238
43 2 2813247
43 26 2813251
43 64 2813251
43 3 2813252
43 63 2813258
43 6 2813259
43 68 2813263
43 28 2813264
43 39 2813264
43 4 2813270
43 23 2813276
43 72 2813283
43 14 2813288
43 13 2813295
43 8 2813298
43 49 2813301
43 19 2813305
43 52 2813311
43 27 2813318
43 70 2813318
44 58 2813319
44 11 2813322
44 41 2813325
44 59 2813326
44 14 2813328
44 85 2813337
44 47 2813343
44 0 2813344
44 53 2813346
44 10 2813349
44 69 2813358
44 83 2813366
44 16 2813371
44 70 2813380
44 42 2813382
44 61 2813390
44 63 2813396
44 81 2813396
44 1 2813401
44 24 2813407
44 64 2813415
44 74 2813418
44 65 2813418
44 66 2813423
44 82 2813425
44 71 2813426
44 54 2813428
44 21 2813428
44 29 2813431
44 30 2813432
44 38 2813436
44 13 2813437
44 33 2813438
44 15 2813444
44 40 2813449
44 78 2813453
44 80 2813455
44 5 2813463
44 72 2813463
44 4 2813467
44 26 2813472
44 52 2813477
44 31 2813478
44 20 2813486
44 9 2813494
44 68 2813499
44 6 2813500
44 63 2813507
44 33 2813511
44 15 2813516
44 76 2813524
44 61 2813530
44 34 2813531
44 13 2813540
44 62 2813546
44 55 2813550
44 78 2813554
44 23 2813558
44 84 2813558
44 18 2813563
44 69 2813570
44 2 2813576
44 58 2813581
44 14 2813587
44 45 2813595
44 82 2813601
44 51 2813605
44 64 2813608
44 36 2813610
44 29 2813619
44 46 2813624
44 21 2813629
44 80 2813638
44 4 2813645
44 85 2813650
44 57 2813650
44 37 2813658
44 65 2813658
44 59 2813667
44 53 2813671
44 77 2813680
44 0 2813685
44 66 2813687
44 16 2813696
44 79 2813700
44 8 2813709
44 39 2813717
44 50 2813724
44 35 2813728
44 73 2813728
44 75 2813733
44 31 2813738
45 26 2813739
45 78 2813744
45 33 2813750
45 76 2813755
45 75 2813763
45 56 2813771
45 55 2813777
45 61 2813782
45 25 2813783
45 12 2813791
45 34 2813799
45 9 2813804
45 7 2813806
45 51 2813810
45 36 2813818
45 8 2813822
45 67 2813828
45 20 2813829
45 5 2813836
45 82 2813841
45 47 2813847
45 22 2813852
45 81 2813853
45 1 2813853
45 60 2813861
45 80 2813865
45 38 2813866
45 54 2813868
45 37 2813872
45 59 2813881
45 16 2813881
45 68 2813887
45 10 2813896
45 57 2813904
45 49 2813905
45 6 2813905
45 42 2813906
45 11 2813906
45 72 2813914
45 4 2813916
45 66 2813920
45 64 2813925
45 73 2813931
45 52 2813932
45 62 2813933
45 46 2813934
45 35 2813939
45 41 2813941
45 53 2813944
45 29 2813951
45 58 2813954
45 38 2813961
45 8 2813966
45 53 2813966
45 26 2813969
45 12 2813975
45 16 2813975
45 71 2813983
45 67 2813990
45 25 2813998
45 58 2814004
45 22 2814005
45 20 2814010
45 50 2814011
45 15 2814018
45 47 2814025
45 43 2814031
45 54 2814033
45 13 2814035
45 31 2814043
45 18 2814046
45 84 2814048
45 24 2814052
45 11 2814059
45 70 2814064
45 52 2814067
45 1 2814072
45 42 2814073
45 82 2814080
45 14 2814086
45 60 2814086
45 9 2814089
45 40 2814093
45 51 2814095
45 39 2814096
45 66 2814102
45 36 2814111
45 19 2814118
45 62 2814118
45 23 2814119
45 49 2814128
45 33 2814131
45 77 2814132
45 75 2814132
45 5 2814139
45 64 2814142
45 83 2814144
45 78 2814153
46 50 2814162
46 70 2814165
46 82 2814167
46 72 2814176
46 57 2814177
46 8 2814177
46 58 2814182
46 66 2814182
46 45 2814190
46 74 2814191
46 39 2814197
46 40 2814197
46 34 2814206
46 77 2814208
46 71 2814209
46 83 2814214
46 68 2814215
46 59 2814218
46 22 2814218
46 62 2814219
46 11 2814223
46 29 2814232
46 79 2814233
46 48 2814241
46 13 2814248
46 10 2814255
46 7 2814263
46 85 2814265
46 32 2814270
46 9 2814271
46 61 2814277
46 42 2814283
46 52 2814288
46 35 2814292
46 16 2814301
46 80 2814303
46 73 2814309
46 69 2814317
46 56 2814321
46 66 2814324
46 5 2814325
46 53 2814332
46 9 2814336
46 10 2814337
46 29 2814343
46 0 2814352
46 21 2814354
46 79 2814360
46 60 2814365
46 25 2814368
46 65 2814377
46 64 2814378
46 44 2814384
46 76 2814386
46 73 2814391
46 81 2814399
46 48 2814402
46 17 2814407
46 77 2814415
46 74 2814416
46 7 2814424
46 67 2814428
46 26 2814428
46 13 2814432
46 69 2814439
46 11 2814441
46 55 2814450
46 62 2814454
46 19 2814463
46 39 2814472
46 57 2814476
46 58 2814483
47 68 2814488
47 13 2814496
47 61 2814503
47 22 2814503
47 38 2814504
47 85 2814505
47 49 2814507
47 35 2814510
47 1 2814517
47 21 2814522
47 59 2814522
47 12 2814523
47 32 2814525
47 16 2814534
47 56 2814536
47 73 2814543
47 7 2814552
47 26 2814558
47 30 2814564
47 77 2814569
47 15 2814569
47 24 2814571
47 51 2814580
47 46 2814582
47 9 2814587
47 2 2814591
47 84 2814597
47 42 2814605
47 8 2814611
47 55 2814613
47 58 2814613
47 28 2814618
47 18 2814625
47 50 2814627
47 83 2814627
47 43 2814631
47 81 2814638
47 74 2814646
47 11 2814649
47 65 2814649
47 64 2814656
47 31 2814664
47 19 2814673
47 72 2814674
47 48 2814677
47 5 2814683
47 0 2814688
47 70 2814688
47 71 2814694
47 37 2814694
47 77 2814699
47 10 2814705
47 34 2814712
47 64 2814719
47 7 2814722
47 3 2814730
47 32 2814737
47 41 2814740
47 53 2814745
47 16 2814747
47 75 2814748
47 66 2814750
47 6 2814755
47 67 2814761
47 36 2814767
47 43 2814776
47 55 2814781
47 22 2814782
47 76 2814786
47 58 2814793
47 27 2814802
47 28 2814802
47 29 2814805
47 82 2814805
47 54 2814806
47 26 2814811
47 25 2814820
47 0 2814823
47 45 2814830
47 59 2814832
47 80 2814835
47 63 2814842
47 60 2814848
47 23 2814854
47 49 2814854
47 48 2814863
47 83 2814865
47 85 2814870
47 15 2814876
47 52 2814882
47 11 2814886
47 18 2814894
47 20 2814901
47 72 2814907
47 81 2814915
47 84 2814916
47 5 2814923
47 4 2814926
48 30 2814928
48 79 2814929
48 76 2814931
48 25 2814933
48 14 2814938
48 42 2814938
48 13 2814940
48 83 2814949
48 19 2814950
48 71 2814955
48 10 2814958
48 65 2814965
48 24 2814968
48 18 2814973
48 64 2814981
48 51 2814981
48 37 2814981
48 20 2814989
48 47 2814989
48 40 2814994
48 35 2814997
48 32 2815006
48 72 2815007
48 59 2815008
48 4 2815008
48 56 2815010
48 5 2815014
48 3 2815015
48 7 2815018
48 68 2815027
48 11 2815034
48 73 2815035
48 45 2815044
48 24 2815044
48 54 2815051
48 59 2815057
48 14 2815062
48 29 2815069
48 34 2815070
48 13 2815072
48 72 2815079
48 58 2815081
48 69 2815083
48 17 2815086
48 39 2815088
48 62 2815092
48 22 2815095
48 75 2815097
48 40 2815104
48 55 2815106
48 42 2815110
48 68 2815114
48 63 2815114
48 36 2815116
48 67 2815123
48 85 2815127
48 83 2815127
49 57 2815127
49 76 2815127
49 12 2815132
49 79 2815133
49 17 2815135
49 7 2815144
49 82 2815149
49 33 2815152
49 27 2815161
49 83 2815164
49 21 2815170
49 84 2815173
49 65 2815176
49 63 2815177
49 59 2815180
49 22 2815184
49 60 2815191
49 15 2815192
49 16 2815196
49 23 2815200
49 4 2815202
49 43 2815205
49 40 2815212
49 31 2815219
49 53 2815219
49 16 2815221
49 2 2815226
49 53 2815230
49 3 2815230
49 28 2815236
49 13 2815245
49 15 2815254
49 60 2815259
49 44 2815259
49 19 2815268
49 57 2815274
49 26 2815276
49 1 2815278
49 39 2815278
49 70 2815284
49 59 2815292
49 40 2815296
49 36 2815302
49 80 2815308
49 38 2815311
49 21 2815320
49 81 2815322
49 18 2815331
49 55 2815338
49 9 2815347
49 77 2815348
49 32 2815351
49 52 2815360
50 28 2815365
50 0 2815365
50 63 2815372
50 70 2815373
50 77 2815376
50 31 2815381
50 55 2815382
50 2 2815384
50 48 2815389
50 38 2815389
50 71 2815394
50 24 2815395
50 36 2815397
50 40 2815401
50 17 2815410
50 22 2815419
50 68 2815426
50 14 2815433
50 33 2815433
50 6 2815441
50 75 2815442
50 3 2815442
50 83 2815446
50 54 2815449
50 29 2815451
50 76 2815460
50 9 2815466
50 85 2815475
50 5 2815481
50 30 2815490
50 53 2815490
50 27 2815494
50 26 2815501
50 7 2815501
50 54 2815509
50 2 2815517
50 31 2815523
50 46 2815529
50 51 2815535
50 80 2815543
50 79 2815547
50 1 2815547
50 9 2815547
50 65 2815556
50 55 2815561
50 11 2815566
50 3 2815567
50 28 2815573
50 33 2815573
50 35 2815573
50 34 2815574
50 52 2815578
50 15 2815579
50 32 2815588
50 38 2815592
50 73 2815596
50 21 2815596
50 67 2815598
50 78 2815598
50 22 2815602
51 66 2815604
51 76 2815606
51 39 2815609
51 16 2815614
51 74 2815622
51 17 2815627
51 19 2815636
51 13 2815640
51 78 2815640
51 37 2815640
51 81 2815643
51 14 2815648
51 31 2815649
51 77 2815658
51 80 2815661
51 49 2815661
51 43 2815670
51 79 2815679
51 60 2815688
51 34 2815694
51 63 2815703
51 33 2815707
51 9 2815710
51 38 2815715
51 25 2815715
51 62 2815717
51 8 2815720
51 29 2815721
51 71 2815725
51 28 2815730
51 32 2815734
51 20 2815742
51 65 2815747
51 58 2815756
51 75 2815756
51 19 2815762
51 29 2815771
51 1 2815775
51 77 2815780
51 6 2815786
51 60 2815795
51 37 2815796
51 73 2815800
51 74 2815801
51 22 2815809
51 69 2815812
51 2 2815815
51 10 2815822
51 56 2815824
51 40 2815825
51 47 2815827
51 68 2815828
51 66 2815832
51 28 2815840
51 62 2815848
51 83 2815855
51 71 2815858
51 9 2815864
51 5 2815870
51 4 2815876
51 38 2815883
51 13 2815887
51 12 2815891
51 0 2815893
51 65 2815902
51 15 2815907
51 79 2815914
51 3 2815921
51 43 2815925
52 71 2815927
52 36 2815934
52 81 2815936
52 69 2815939
52 9 2815944
52 51 2815952
52 41 2815957
52 74 2815966
52 63 2815974
52 37 2815979
52 53 2815982
52 66 2815987
52 14 2815987
52 60 2815990
52 78 2815990
52 75 2815993
52 45 2815996
52 28 2815996
52 72 2816001
52 68 2816002
52 57 2816006
52 34 2816011
52 8 2816018
52 22 2816023
52 46 2816028
52 27 2816033
52 51 2816034
52 24 2816041
52 78 2816043
52 67 2816046
52 65 2816052
52 10 2816060
52 76 2816064
52 39 2816065
52 3 2816071
52 29 2816076
52 73 2816079
52 9 2816079
52 69 2816088
52 12 2816090
52 8 2816098
52 16 2816105
52 75 2816111
52 0 2816117
53 57 2816122
53 14 2816130
53 62 2816137
53 12 2816139
53 47 2816144
53 27 2816153
53 1 2816161
53 44 2816169
53 11 2816174
53 52 2816176
53 37 2816184
53 68 2816186
53 0 2816190
53 26 2816194
53 50 2816200
53 82 2816205
53 79 2816206
53 31 2816208
53 20 2816216
53 54 2816219
53 35 2816220
53 51 2816224
53 75 2816233
53 76 2816242
53 30 2816247
53 29 2816255
53 23 2816258
53 15 2816267
53 46 2816272
53 17 2816280
53 18 2816282
53 21 2816288
53 41 2816294
53 58 2816295
53 55 2816298
53 84 2816303
53 59 2816307
53 4 2816308
53 49 2816316
53 38 2816320
53 28 2816326
53 70 2816330
53 40 2816331
53 72 2816333
53 33 2816341
53 3 2816344
53 81 2816353
53 64 2816356
53 65 2816360
53 69 2816363
53 80 2816370
53 15 2816372
53 14 2816380
53 28 2816384
53 50 2816388
53 75 2816388
53 31 2816395
53 27 2816396
53 46 2816398
53 43 2816407
53 5 2816415
53 39 2816415
53 73 2816422
53 81 2816424
53 18 2816426
53 4 2816426
53 82 2816428
53 36 2816430
53 0 2816430
53 58 2816434
53 68 2816437
53 32 2816439
53 60 2816439
53 12 2816444
53 10 2816450
53 6 2816452
53 54 2816457
53 78 2816459
53 74 2816461
53 56 2816467
53 64 2816473
53 67 2816475
53 19 2816480
53 13 2816482
53 25 2816489
53 33 2816494
53 3 2816499
53 38 2816502
53 62 2816507
53 63 2816514
53 61 2816517
53 76 2816518
53 1 2816525
53 20 2816525
53 85 2816530
53 16 2816532
54 20 2816540
54 59 2816544
54 53 2816547
54 82 2816548
54 73 2816553
54 12 2816557
54 55 2816561
54 84 2816561
54 3 2816561
54 76 2816568
54 85 2816577
54 44 2816582
54 75 2816589
54 11 2816596
54 35 2816601
54 80 2816606
54 43 2816614
54 16 2816616
54 51 2816623
54 72 2816627
54 18 2816632
54 19 2816640
54 39 2816645
54 21 2816653
54 74 2816659
54 49 2816662
54 52 2816669
54 79 2816678
54 2 2816679
54 68 2816679
54 24 2816683
54 78 2816684
54 65 2816686
54 77 2816692
54 48 2816698
54 57 2816698
54 33 2816707
54 0 2816709
54 69 2816711
54 60 2816714
54 15 2816720
54 27 2816723
54 31 2816730
54 73 2816733
54 28 2816734
54 83 2816740
54 16 2816740
54 4 2816741
54 17 2816748
54 13 2816757
54 33 2816762
54 44 2816767
54 14 2816775
54 18 2816776
54 55 2816780
54 12 2816788
54 24 2816789
54 11 2816794
54 80 2816799
54 72 2816806
54 27 2816811
54 26 2816818
54 78 2816823
54 29 2816832
54 20 2816835
54 35 2816839
54 21 2816839
54 65 2816843
54 61 2816852
54 38 2816856
54 75 2816861
54 70 2816862
54 40 2816867
54 63 2816870
54 81 2816873
54 77 2816874
54 59 2816875
54 45 2816884
54 6 2816884
54 41 2816889
54 10 2816898
54 71 2816898
54 53 2816898
54 56 2816904
54 25 2816906
54 36 2816914
54 64 2816922
54 23 2816925
54 19 2816927
54 49 2816935
55 82 2816939
55 77 2816947
55 81 2816949
55 36 2816950
55 66 2816952
55 79 2816954
55 15 2816955
55 1 2816962
55 78 2816967
55 0 2816970
55 53 2816972
55 8 2816981
55 58 2816990
55 65 2816999
56 79 2817002
56 52 2817004
56 61 2817005
56 13 2817007
56 60 2817008
56 2 2817012
56 35 2817018
56 36 2817023
56 64 2817031
56 37 2817040
56 45 2817041
56 22 2817050
56 80 2817059
56 12 2817065
56 72 2817071
56 41 2817080
56 74 2817080
56 39 2817080
56 6 2817080
56 17 2817083
56 42 2817090
56 3 2817095
56 0 2817099
56 63 2817107
56 47 2817109
56 49 2817115
56 57 2817115
56 46 2817115
56 67 2817117
56 71 2817118
56 40 2817124
56 83 2817124
56 16 2817131
56 48 2817135
56 19 2817135
56 58 2817143
56 7 2817148
56 11 2817153
56 82 2817161
56 25 2817165
56 33 2817167
56 76 2817173
56 54 2817181
56 32 2817184
56 43 2817184
56 59 2817191
56 34 2817191
56 55 2817198
56 66 2817199
56 20 2817207
56 27 2817210
56 23 2817212
56 45 2817217
56 42 2817220
56 2 2817224
56 69 2817231
56 8 2817240
56 57 2817249
56 17 2817253
56 61 2817254
56 65 2817254
56 74 2817263
56 54 2817268
56 51 2817270
56 63 2817272
56 81 2817272
56 12 2817280
56 31 2817280
56 25 2817284
56 41 2817288
56 9 2817292
56 47 2817292
56 68 2817294
56 85 2817296
56 79 2817298
56 83 2817300
56 80 2817308
56 13 2817317
56 39 2817317
56 0 2817320
56 18 2817327
56 3 2817330
56 82 2817338
56 1 2817343
56 53 2817348
56 14 2817356
56 48 2817359
56 62 2817362
56 37 2817365
56 27 2817371
56 72 2817374
56 11 2817375
56 24 2817382
56 19 2817384
56 43 2817389
56 6 2817394
56 32 2817401
56 28 2817408
56 73 2817415
56 84 2817417
56 58 2817422
56 35 2817423
56 60 2817426
57 29 2817434
57 36 2817435
57 9 2817438
57 43 2817444
57 14 2817449
57 73 2817456
57 78 2817463
57 26 2817466
57 64 2817471
57 44 2817480
57 13 2817482
57 38 2817491
57 30 2817496
57 82 2817504
57 17 2817506
57 66 2817507
57 75 2817513
57 56 2817520
57 71 2817527
57 10 2817533
57 79 2817542
57 74 2817542
57 85 2817547
57 15 2817549
57 21 2817555
57 18 2817555
57 65 2817557
57 82 2817557
57 32 2817557
57 33 2817558
57 43 2817567
57 0 2817574
57 74 2817575
57 69 2817582
57 79 2817582
57 67 2817582
57 16 2817589
57 40 2817598
57 72 2817606
57 13 2817610
57 11 2817616
57 20 2817625
57 36 2817631
57 24 2817635
57 28 2817643
57 5 2817643
57 73 2817649
57 83 2817655
58 20 2817663
58 85 2817670
58 44 2817671
58 49 2817679
58 11 2817686
58 22 2817692
58 12 2817695
58 27 2817699
58 35 2817700
58 66 2817708
58 71 2817713
58 8 2817719
58 32 2817719
58 26 2817721
58 17 2817728
58 65 2817734
58 33 2817738
58 61 2817746
58 64 2817752
58 67 2817757
58 62 2817763
58 0 2817765
58 55 2817771
58 79 2817776
58 59 2817782
58 41 2817786
58 84 2817788
58 64 2817795
58 49 2817796
58 69 2817802
58 37 2817806
58 28 2817811
58 26 2817816
58 74 2817824
58 63 2817832
58 48 2817836
58 35 2817842
58 15 2817850
58 68 2817858
58 41 2817864
58 10 2817871
58 60 2817875
58 9 2817879
58 25 2817887
58 51 2817888
58 2 2817895
58 0 2817902
58 84 2817910
58 65 2817911
58 76 2817913
58 23 2817914
58 5 2817923
58 22 2817930
58 61 2817933
58 42 2817940
59 24 2817944
59 21 2817951
59 67 2817960
59 70 2817965
59 81 2817969
59 41 2817977
59 27 2817977
59 62 2817985
59 56 2817985
59 25 2817989
59 83 2817990
59 58 2817997
59 44 2818001
59 13 2818007
59 11 2818010
59 32 2818010
59 40 2818010
59 80 2818015
59 61 2818023
59 28 2818023
59 43 2818024
59 50 2818032
59 71 2818032
59 16 2818036
59 55 2818036
59 30 2818037
59 26 2818045
59 76 2818054
59 29 2818054
59 15 2818061
59 72 2818063
59 45 2818065
59 31 2818070
59 33 2818073
59 10 2818079
59 39 2818085
59 65 2818089
59 84 2818097
59 20 2818097
59 18 2818099
59 37 2818103
59 66 2818110
59 54 2818113
59 68 2818116
59 69 2818124
59 6 2818127
59 48 2818133
59 3 2818138
59 75 2818145
59 53 2818150
59 79 2818155
59 42 2818163
59 45 2818172
59 80 2818178
59 54 2818179
59 71 2818184
59 43 2818187
59 8 2818188
59 16 2818197
59 77 2818197
59 13 2818200
59 61 2818202
59 68 2818206
59 35 2818212
59 75 2818220
59 19 2818220
59 31 2818229
59 82 2818234
59 76 2818237
59 21 2818246
59 56 2818252
59 6 2818253
59 14 2818253
59 63 2818262
59 33 2818269
59 41 2818277
59 23 2818280
59 1 2818281
59 15 2818286
59 39 2818292
59 44 2818292
59 34 2818295
59 58 2818296
59 48 2818304
59 7 2818313
59 52 2818318
59 5 2818324
59 38 2818329
59 62 2818329
59 67 2818335
59 84 2818339
59 69 2818339
59 66 2818341
59 79 2818348
59 20 2818351
59 29 2818356
59 50 2818359
59 3 2818361
59 4 2818364
59 55 2818373
59 24 2818376
59 49 2818382
60 32 2818390
60 8 2818395
60 52 2818403
60 46 2818404
60 0 2818407
60 21 2818412
60 6 2818415
60 71 2818420
60 23 2818427
60 5 2818436
60 70 2818439
60 34 2818444
60 49 2818451
60 77 2818454
60 45 2818457
60 47 2818462
60 68 2818467
60 33 2818467
60 82 2818470
60 38 2818479
60 36 2818485
60 2 2818491
60 61 2818496
60 35 2818502
60 66 2818502
60 63 2818511
60 65 2818515
60 78 2818515
60 69 2818520
60 58 2818523
60 4 2818526
60 67 2818529
60 50 2818537
60 84 2818540
60 32 2818543
60 18 2818547
60 1 2818555
60 3 2818562
60 80 2818565
60 39 2818567
60 57 2818569
60 6 2818576
60 75 2818576
60 66 2818584
60 70 2818593
60 74 2818597
60 76 2818600
60 33 2818604
60 2 2818609
60 12 2818618
60 59 2818619
60 10 2818619
60 51 2818626
60 71 2818631
60 52 2818635
60 83 2818642
60 16 2818650
60 21 2818652
60 31 2818659
60 24 2818659
60 22 2818666
60 20 2818671
60 36 2818677
61 43 2818686
61 78 2818693
61 75 2818694
61 40 2818694
61 35 2818701
61 34 2818705
61 18 2818706
61 48 2818710
61 19 2818714
61 49 2818716
61 13 2818723
61 28 2818730
61 65 2818739
61 74 2818741
61 27 2818743
61 10 2818749
61 15 2818757
61 21 2818757
61 46 2818766
61 56 2818767
61 60 2818776
61 79 2818778
61 11 2818785
61 14 2818790
61 17 2818799
61 45 2818806
61 67 2818810
61 56 2818817
61 33 2818821
61 39 2818827
61 68 2818833
61 44 2818837
61 28 2818837
61 7 2818843
61 3 2818846
61 81 2818850
61 79 2818853
61 11 2818858
61 21 2818863
61 46 2818871
61 6 2818878
61 9 2818883
61 83 2818885
61 55 2818891
61 38 2818893
61 78 2818895
61 50 2818899
61 80 2818903
61 15 2818909
61 69 2818913
61 74 2818913
61 77 2818918
61 37 2818918
62 83 2818919
62 70 2818922
62 80 2818931
62 14 2818939
62 41 2818945
62 84 2818952
62 6 2818955
62 59 2818961
62 81 2818967
62 12 2818967
62 44 2818976
62 5 2818982
62 33 2818986
62 23 2818995
62 28 2818997
62 57 2819000
62 21 2819008
62 42 2819009
62 69 2819014
62 73 2819015
62 25 2819023
62 2 2819024
62 47 2819024
62 71 2819024
62 30 2819032
62 37 2819032
62 63 2819040
62 11 2819044
62 35 2819044
62 52 2819047
62 61 2819051
62 76 2819060
62 18 2819069
62 4 2819072
62 66 2819073
62 75 2819076
62 68 2819076
62 55 2819084
62 22 2819087
62 82 2819090
62 27 2819092
62 77 2819095
62 13 2819101
62 34 2819104
62 67 2819108
62 46 2819109
62 78 2819116
62 26 2819125
62 55 2819126
62 59 2819130
62 32 2819131
62 72 2819133
62 77 2819142
62 17 2819148
62 45 2819157
62 41 2819166
62 51 2819167
62 58 2819169
62 25 2819169
62 78 2819174
62 20 2819174
62 42 2819179
62 34 2819186
62 24 2819193
62 53 2819199
62 2 2819206
62 46 2819215
62 9 2819224
62 43 2819224
62 15 2819224
62 71 2819228
62 74 2819235
62 22 2819241
62 54 2819242
62 1 2819250
62 27 2819258
62 61 2819261
62 83 2819268
62 60 2819277
62 31 2819277
62 82 2819281
62 39 2819284
62 47 2819293
62 52 2819301
62 65 2819308
62 26 2819311
62 49 2819311
62 48 2819316
62 8 2819323
62 84 2819325
62 30 2819330
62 85 2819335
62 29 2819343
62 36 2819345
62 5 2819353
62 37 2819354
62 63 2819360
62 18 2819368
63 18 2819376
63 66 2819379
63 78 2819381
63 43 2819383
63 31 2819383
63 8 2819383
63 37 2819384
63 3 2819393
63 76 2819397
63 59 2819401
63 23 2819401
63 16 2819403
63 50 2819408
63 19 2819413
63 28 2819422
63 45 2819428
63 32 2819434
63 24 2819434
63 41 2819440
63 7 2819441
63 48 2819441
63 46 2819441
63 11 2819441
63 38 2819441
63 21 2819442
63 12 2819451
63 53 2819460
63 42 2819460
63 74 2819460
63 56 2819469
63 49 2819473
63 36 2819481
63 29 2819482
63 72 2819488
63 26 2819488
63 64 2819494
63 68 2819501
63 22 2819501
63 20 2819510
63 35 2819514
63 6 2819521
63 84 2819521
63 61 2819522
63 73 2819530
63 39 2819536
63 62 2819545
63 69 2819552
63 0 2819554
63 55 2819555
63 14 2819561
63 59 2819569
63 10 2819576
63 80 2819581
63 64 2819590
63 51 2819599
63 85 2819606
63 11 2819612
63 24 2819618
63 55 2819627
63 33 2819630
63 30 2819636
63 71 2819645
63 72 2819645
63 42 2819648
63 47 2819650
63 79 2819659
63 48 2819659
63 46 2819665
63 5 2819666
63 77 2819666
63 74 2819670
63 43 2819676
63 66 2819681
63 2 2819682
63 31 2819685
63 41 2819694
63 70 2819697
63 81 2819705
63 53 2819711
63 57 2819713
63 23 2819713
63 34 2819714
63 39 2819718
63 19 2819720
63 38 2819725
63 56 2819725
63 58 2819734
63 36 2819736
63 44 2819738
63 29 2819740
63 12 2819745
63 6 2819752
63 8 2819754
63 7 2819757
63 9 2819759
63 13 2819768
63 18 2819773
63 76 2819773
64 37 2819776
64 80 2819782
64 31 2819787
64 82 2819792
64 83 2819801
64 62 2819801
64 72 2819807
64 0 2819811
64 39 2819812
64 65 2819818
64 25 2819822
64 43 2819825
64 28 2819831
64 24 2819839
64 27 2819843
64 41 2819851
64 73 2819854
64 19 2819854
64 68 2819860
64 14 2819869
64 30 2819878
64 47 2819882
64 76 2819889
64 16 2819892
64 18 2819896
64 67 2819899
64 15 2819908
64 85 2819916
64 2 2819922
64 50 2819926
64 45 2819932
64 76 2819933
64 55 2819936
64 7 2819937
64 35 2819938
64 80 2819942
64 13 2819943
64 71 2819946
64 79 2819952
64 85 2819955
64 66 2819959
64 36 2819964
64 14 2819971
64 83 2819977
64 39 2819982
64 31 2819989
64 17 2819993
64 22 2819999
64 57 2820006
64 12 2820008
64 30 2820013
64 23 2820022
64 60 2820028
64 10 2820036
64 24 2820042
64 75 2820046
64 21 2820046
64 52 2820053
64 48 2820059
64 4 2820061
64 20 2820063
64 2 2820069
64 70 2820073
64 67 2820081
64 3 2820084
64 19 2820084
64 37 2820087
65 33 2820094
65 41 2820100
65 8 2820103
65 1 2820111
65 84 2820115
65 60 2820122
65 44 2820126
65 19 2820128
65 23 2820137
65 29 2820140
65 57 2820146
65 81 2820151
65 6 2820157
65 73 2820157
65 20 2820158
65 35 2820162
65 70 2820169
65 40 2820172
65 27 2820172
65 54 2820173
65 77 2820179
65 49 2820181
65 61 2820187
65 15 2820187
65 71 2820196
65 84 2820198
65 32 2820204
65 22 2820211
65 17 2820213
65 46 2820218
65 72 2820220
65 58 2820222
65 61 2820228
65 45 2820237
65 27 2820245
65 82 2820246
65 76 2820248
65 50 2820254
65 2 2820258
65 63 2820261
65 0 2820270
65 83 2820275
65 21 2820283
65 39 2820288
65 52 2820294
66 46 2820303
66 42 2820311
66 9 2820312
66 45 2820317
66 36 2820320
66 25 2820324
66 75 2820330
66 24 2820332
66 10 2820337
66 79 2820343
66 3 2820349
66 16 2820356
66 64 2820359
66 41 2820359
66 14 2820363
66 12 2820372
66 23 2820380
66 17 2820384
66 26 2820385
66 51 2820392
66 72 2820399
66 27 2820405
66 18 2820409
66 85 2820413
66 55 2820416
66 84 2820419
66 70 2820425
66 53 2820432
66 20 2820438
66 40 2820444
66 80 2820452
66 38 2820453
66 71 2820458
66 82 2820466
66 74 2820468
66 28 2820474
66 69 2820474
66 6 2820474
66 33 2820476
66 78 2820484
66 65 2820490
66 15 2820493
66 47 2820495
66 22 2820502
66 1 2820508
66 11 2820517
66 31 2820524
66 43 2820527
66 74 2820536
66 75 2820543
66 78 2820551
66 55 2820557
66 29 2820560
66 77 2820565
66 57 2820566
66 85 2820575
66 0 2820584
66 37 2820588
66 8 2820593
66 48 2820596
66 42 2820604
66 54 2820606
66 25 2820615
66 27 2820623
66 49 2820629
66 28 2820630
66 41 2820632
66 32 2820634
66 21 2820641
66 39 2820644
66 12 2820647
66 58 2820652
66 47 2820654
66 15 2820660
66 84 2820660
66 23 2820663
66 79 2820670
66 70 2820672
66 5 2820677
66 36 2820679
66 64 2820680
66 4 2820683
66 24 2820688
66 22 2820692
66 65 2820697
66 26 2820704
66 53 2820705
66 76 2820709
66 7 2820715
66 56 2820718
66 3 2820719
66 59 2820721
66 51 2820724
67 73 2820731
67 27 2820734
67 5 2820738
67 58 2820746
67 1 2820753
67 49 2820754
67 7 2820757
67 81 2820757
67 6 2820764
67 71 2820773
67 10 2820777
67 62 2820786
67 85 2820793
67 76 2820801
67 70 2820808
67 50 2820808
67 60 2820810
67 45 2820817
67 46 2820822
67 12 2820827
67 26 2820834
67 41 2820835
67 61 2820841
67 39 2820846
67 16 2820850
67 17 2820852
67 80 2820858
67 19 2820862
67 59 2820865
67 54 2820868
67 53 2820875
67 22 2820884
67 48 2820892
67 0 2820899
67 21 2820905
67 18 2820911
67 13 2820917
67 51 2820921
67 72 2820927
67 38 2820932
67 79 2820934
67 2 2820940
67 15 2820949
67 29 2820949
67 72 2820952
67 14 2820952
67 56 2820952
67 6 2820954
67 22 2820963
67 41 2820968
67 58 2820975
67 76 2820979
67 81 2820980
67 17 2820987
67 61 2820990
67 31 2820991
67 85 2820999
67 60 2821000
67 59 2821002
67 83 2821002
67 27 2821006
67 4 2821009
67 70 2821012
67 77 2821016
67 75 2821019
67 68 2821020
67 63 2821022
67 12 2821031
67 30 2821040
67 54 2821042
67 34 2821046
67 69 2821053
67 65 2821055
67 42 2821061
67 33 2821063
67 79 2821065
67 28 2821074
67 84 2821075
67 73 2821082
67 47 2821088
67 19 2821089
67 43 2821093
67 21 2821102
67 82 2821109
68 35 2821109
68 9 2821116
68 44 2821120
68 18 2821122
68 30 2821130
68 3 2821131
68 36 2821135
68 78 2821138
68 55 2821145
68 59 2821149
68 31 2821155
68 48 2821157
68 57 2821166
68 40 2821168
68 1 2821174
68 74 2821182
68 17 2821183
68 70 2821191
68 14 2821199
68 8 2821202
68 80 2821210
68 66 2821218
68 84 2821223
68 29 2821232
68 38 2821238
68 39 2821244
68 11 2821246
68 73 2821249
68 41 2821253
68 51 2821254
68 22 2821259
68 85 2821262
68 13 2821265
68 23 2821268
68 56 2821273
68 5 2821282
68 42 2821285
68 81 2821294
68 47 2821297
68 4 2821297
68 16 2821301
68 10 2821308
68 51 2821310
68 40 2821319
68 53 2821328
68 28 2821330
68 67 2821334
68 80 2821342
68 83 2821349
68 12 2821349
68 82 2821354
68 8 2821363
68 16 2821368
68 79 2821369
68 73 2821376
68 39 2821376
68 71 2821376
68 1 2821380
68 22 2821384
68 27 2821387
68 45 2821396
68 20 2821397
68 50 2821405
68 35 2821410
68 15 2821413
68 75 2821415
68 58 2821419
68 49 2821420
68 36 2821428
68 13 2821436
68 6 2821438
68 14 2821445
68 43 2821445
68 65 2821445
68 34 2821450
68 70 2821459
68 84 2821468
68 26 2821474
68 0 2821483
68 32 2821486
68 10 2821495
68 31 2821504
68 66 2821512
68 64 2821519
68 21 2821528
69 50 2821529
69 48 2821530
69 49 2821539
69 0 2821543
69 81 2821552
69 37 2821555
69 61 2821556
69 42 2821564
69 70 2821570
69 40 2821576
69 41 2821580
69 11 2821582
69 31 2821586
69 29 2821588
69 39 2821594
69 63 2821602
69 85 2821608
69 3 2821612
69 67 2821617
69 10 2821623
69 54 2821624
69 22 2821628
69 64 2821632
69 62 2821636
69 28 2821637
69 38 2821645
69 53 2821652
69 65 2821655
69 77 2821655
69 43 2821659
69 6 2821659
69 72 2821659
69 82 2821660
69 5 2821668
69 14 2821672
69 74 2821678
69 13 2821684
69 76 2821693
69 73 2821695
69 1 2821700
69 21 2821700
69 30 2821706
69 12 2821715
69 71 2821715
69 76 2821722
69 28 2821730
69 17 2821730
69 39 2821737
69 32 2821742
69 67 2821744
69 2 2821745
69 70 2821745
69 0 2821754
69 56 2821756
69 26 2821762
69 15 2821764
69 31 2821764
69 23 2821766
69 64 2821774
69 61 2821777
69 42 2821778
69 25 2821782
69 10 2821786
69 41 2821791
69 68 2821799
69 30 2821801
69 50 2821809
69 53 2821813
69 79 2821816
69 47 2821817
69 62 2821826
69 37 2821828
69 65 2821832
69 49 2821841
69 54 2821841
69 77 2821847
69 36 2821849
69 19 2821855
69 81 2821857
69 34 2821861
69 16 2821866
69 80 2821873
69 18 2821874
69 58 2821875
69 5 2821881
70 46 2821886
70 66 2821892
70 67 2821898
70 48 2821903
70 30 2821911
70 19 2821914
70 47 2821919
70 13 2821928
70 21 2821931
70 75 2821939
70 22 2821939
70 49 2821942
70 5 2821942
71 81 2821949
71 25 2821950
71 65 2821950
71 73 2821952
71 54 2821952
71 38 2821954
71 84 2821954
71 35 2821962
71 45 2821966
71 33 2821973
71 53 2821981
71 75 2821983
71 66 2821985
71 23 2821994
71 44 2821997
71 58 2821998
71 36 2822003
71 27 2822012
71 11 2822014
71 5 2822015
71 69 2822018
71 34 2822023
71 22 2822025
71 78 2822032
71 59 2822038
71 26 2822046
71 12 2822046
71 29 2822047
71 50 2822052
71 83 2822054
71 40 2822057
71 37 2822062
71 64 2822066
71 51 2822072
71 1 2822081
71 76 2822088
71 42 2822092
71 57 2822100
71 85 2822103
71 62 2822104
71 10 2822106
71 47 2822115
71 15 2822119
71 52 2822120
71 18 2822120
71 61 2822127
71 48 2822136
71 31 2822144
71 16 2822144
71 60 2822152
71 82 2822155
71 19 2822163
71 0 2822163
71 17 2822171
71 42 2822171
71 66 2822178
71 63 2822181
71 34 2822190
71 0 2822194
71 52 2822196
71 82 2822203
71 17 2822212
71 81 2822214
71 30 2822215
71 37 2822216
71 69 2822223
71 41 2822225
71 48 2822233
71 59 2822239
71 8 2822240
71 72 2822248
71 12 2822255
71 78 2822261
71 68 2822267
71 67 2822268
71 85 2822276
71 27 2822282
71 56 2822291
71 61 2822291
71 26 2822291
71 75 2822299
71 39 2822306
71 3 2822311
71 79 2822313
71 1 2822316
71 44 2822321
71 18 2822322
71 9 2822331
71 28 2822338
71 74 2822346
71 31 2822354
71 40 2822357
71 13 2822362
71 19 2822364
71 4 2822367
71 80 2822374
71 11 2822382
71 16 2822382
71 47 2822388
71 15 2822395
71 36 2822397
72 48 2822403
72 39 2822403
72 55 2822407
72 30 2822409
72 10 2822416
72 52 2822421
72 21 2822423
72 38 2822432
72 4 2822441
72 68 2822449
72 28 2822451
72 32 2822457
72 77 2822459
72 40 2822463
72 1 2822469
72 25 2822474
72 17 2822474
72 7 2822478
72 81 2822484
72 27 2822487
72 19 2822490
72 22 2822499
72 67 2822508
72 74 2822517
72 42 2822521
72 62 2822527
72 45 2822528
72 43 2822534
72 33 2822534
72 3 2822535
72 29 2822537
72 16 2822538
72 51 2822541
72 14 2822545
72 23 2822554
72 84 2822554
72 58 2822557
72 36 2822564
72 85 2822571
72 9 2822578
72 2 2822579
72 12 2822588
72 34 2822596
72 83 2822602
72 11 2822604
72 60 2822604
72 31 2822609
72 37 2822611
72 41 2822614
72 73 2822618
72 82 2822620
72 54 2822622
72 35 2822629
72 66 2822630
72 39 2822633
72 65 2822641
72 66 2822642
72 3 2822642
72 31 2822647
72 42 2822648
72 28 2822651
72 5 2822655
72 76 2822655
72 38 2822655
72 71 2822661
72 80 2822668
72 49 2822669
72 55 2822669
72 67 2822669
72 11 2822675
72 1 2822684
72 8 2822686
72 62 2822686
72 78 2822686
72 24 2822691
72 59 2822693
72 37 2822700
72 61 2822701
72 15 2822703
72 69 2822712
72 21 2822713
72 44 2822722
72 4 2822723
72 64 2822724
72 40 2822728
72 43 2822730
72 10 2822733
72 79 2822739
72 45 2822741
72 25 2822741
72 50 2822745
72 34 2822751
72 13 2822756
72 51 2822765
72 70 2822772
72 83 2822779
72 22 2822779
72 6 2822783
72 26 2822784
72 2 2822793
72 35 2822799
72 46 2822808
72 57 2822815
72 17 2822816
72 53 2822824
72 20 2822828
72 36 2822837
73 13 2822842
73 75 2822845
73 25 2822850
73 47 2822851
73 61 2822855
73 36 2822861
73 66 2822868
73 49 2822869
73 12 2822870
73 67 2822873
73 24 2822881
73 44 2822886
73 23 2822893
73 20 2822898
73 72 2822899
73 30 2822900
73 46 2822900
73 3 2822907
73 27 2822907
73 21 2822911
73 79 2822912
73 54 2822921
73 20 2822924
73 26 2822932
73 62 2822939
73 2 2822948
73 29 2822949
73 56 2822955
73 85 2822956
73 9 2822960
73 5 2822962
73 72 2822967
73 35 2822976
73 60 2822979
73 10 2822984
73 23 2822986
73 11 2822991
73 47 2823000
73 32 2823003
73 28 2823012
73 25 2823017
73 21 2823021
74 15 2823030
74 85 2823036
74 37 2823041
74 59 2823043
74 80 2823051
74 34 2823058
74 17 2823065
74 5 2823072
74 14 2823077
74 68 2823082
74 63 2823084
74 53 2823092
74 49 2823094
74 60 2823102
74 29 2823106
74 84 2823110
74 32 2823117
74 57 2823124
74 61 2823130
74 48 2823139
74 64 2823145
74 44 2823147
74 45 2823152
74 9 2823154
74 73 2823161
74 77 2823163
74 7 2823168
74 56 2823175
74 39 2823183
74 83 2823190
74 75 2823199
74 65 2823207
74 4 2823208
74 35 2823209
74 79 2823214
74 36 2823221
74 2 2823221
74 30 2823226
74 23 2823235
74 76 2823237
74 32 2823240
74 82 2823247
74 13 2823250
74 78 2823255
74 8 2823256
74 44 2823263
74 24 2823265
74 80 2823265
74 35 2823266
74 47 2823266
74 33 2823275
74 27 2823280
74 71 2823284
74 67 2823285
74 25 2823294
74 36 2823302
74 9 2823307
74 55 2823310
74 19 2823311
74 65 2823318
74 3 2823319
74 53 2823324
74 84 2823328
74 77 2823334
74 37 2823337
74 51 2823338
74 54 2823342
74 68 2823342
74 16 2823351
74 5 2823354
74 39 2823362
74 21 2823368
74 29 2823372
74 2 2823381
74 31 2823381
74 45 2823385
74 69 2823389
74 85 2823393
75 52 2823401
75 78 2823410
75 63 2823412
75 20 2823420
75 66 2823425
75 34 2823432
75 15 2823432
75 71 2823441
75 58 2823449
75 36 2823450
75 50 2823451
75 57 2823454
75 83 2823454
75 77 2823457
75 56 2823458
75 85 2823466
75 74 2823472
75 7 2823474
75 11 2823482
75 54 2823484
76 39 2823490
76 80 2823494
76 11 2823503
76 75 2823506
76 3 2823508
76 33 2823514
76 47 2823514
76 84 2823521
76 31 2823528
76 28 2823533
76 9 2823533
76 21 2823538
76 5 2823546
76 85 2823551
76 1 2823560
76 71 2823568
76 13 2823572
76 63 2823572
76 57 2823574
76 79 2823578
76 59 2823578
76 46 2823581
76 42 2823586
76 80 2823591
76 21 2823592
76 23 2823600
76 39 2823600
76 35 2823603
76 31 2823611
76 56 2823617
76 83 2823624
76 40 2823631
77 9 2823640
77 0 2823646
77 76 2823654
77 41 2823659
77 42 2823659
77 65 2823660
77 84 2823660
77 49 2823666
77 15 2823675
77 47 2823682
77 28 2823688
77 78 2823690
77 73 2823699
77 10 2823703
77 63 2823710
77 50 2823719
77 26 2823719
77 55 2823720
77 39 2823720
77 32 2823725
77 6 2823726
77 23 2823732
77 3 2823740
77 12 2823747
77 57 2823754
77 66 2823755
77 68 2823764
77 11 2823773
77 74 2823776
77 75 2823781
78 31 2823785
78 53 2823791
78 85 2823795
78 27 2823796
78 8 2823798
78 7 2823801
78 37 2823803
78 14 2823812
78 16 2823817
78 64 2823823
78 84 2823832
78 42 2823833
78 59 2823836
78 72 2823844
78 80 2823847
78 33 2823853
78 4 2823857
78 34 2823859
78 45 2823862
78 61 2823865
78 75 2823867
78 54 2823868
78 28 2823871
78 22 2823879
78 81 2823882
78 83 2823884
78 49 2823889
78 65 2823889
78 53 2823892
78 41 2823895
78 84 2823900
78 51 2823902
78 22 2823906
78 25 2823906
78 7 2823915
78 28 2823915
78 82 2823921
78 19 2823928
78 32 2823937
78 6 2823944
78 62 2823944
78 52 2823948
78 24 2823952
78 20 2823961
78 17 2823966
78 76 2823974
78 72 2823978
78 21 2823986
78 43 2823987
78 12 2823987
78 18 2823992
78 55 2823998
78 64 2823999
78 9 2824001
78 4 2824005
78 48 2824013
78 10 2824021
78 23 2824021
79 44 2824023
79 0 2824026
79 80 2824033
79 27 2824040
79 39 2824049
79 7 2824051
79 60 2824057
79 2 2824065
79 55 2824070
79 15 2824071
80 58 2824075
80 83 2824077
80 0 2824083
80 56 2824087
80 34 2824093
80 70 2824098
80 10 2824106
80 84 2824109
80 76 2824109
80 47 2824117
80 2 2824126
80 52 2824130
80 14 2824131
80 59 2824140
80 51 2824141
80 71 2824145
80 5 2824145
80 22 2824148
80 6 2824151
80 77 2824159
80 61 2824164
80 15 2824167
80 28 2824171
80 75 2824171
80 33 2824171
80 85 2824178
80 29 2824185
80 35 2824192
80 67 2824192
80 32 2824199
80 43 2824203
80 62 2824212
80 23 2824220
80 54 2824221
80 73 2824225
80 79 2824232
80 13 2824233
80 4 2824238
80 68 2824239
80 37 2824242
80 74 2824248
80 40 2824251
80 45 2824258
80 21 2824266
80 22 2824272
80 76 2824279
80 19 2824282
80 77 2824285
80 52 2824292
80 26 2824295
80 72 2824296
80 63 2824304
80 5 2824308
80 65 2824316
80 54 2824321
80 64 2824323
80 15 2824332
80 43 2824335
80 11 2824338
80 61 2824342
80 12 2824343
80 81 2824347
80 3 2824356
80 34 2824363
80 50 2824370
80 53 2824371
80 32 2824371
80 9 2824379
80 69 2824384
80 78 2824389
80 67 2824393
80 24 2824399
80 17 2824407
80 56 2824410
80 73 2824411
80 16 2824416
80 18 2824417
80 13 2824425
80 47 2824432
80 25 2824441
80 85 2824447
80 60 2824449
80 57 2824454
80 68 2824463
80 35 2824472
81 22 2824473
81 41 2824482
81 27 2824483
81 78 2824492
81 31 2824501
81 9 2824503
81 72 2824511
81 17 2824519
81 68 2824522
81 5 2824523
81 52 2824529
81 26 2824530
81 33 2824530
81 29 2824532
81 55 2824539
81 71 2824540
81 53 2824543
81 30 2824543
81 11 2824544
81 42 2824546
81 62 2824553
81 24 2824556
81 45 2824557
81 32 2824563
81 15 2824569
81 1 2824571
81 31 2824578
81 8 2824583
81 3 2824584
81 82 2824592
81 18 2824592
81 7 2824593
81 74 2824593
81 44 2824599
81 57 2824608
81 19 2824615
81 16 2824623
81 40 2824627
81 59 2824630
81 67 2824634
81 63 2824637
81 12 2824639
81 14 2824641
82 62 2824649
82 54 2824649
82 80 2824650
82 64 2824658
82 11 2824667
82 85 2824675
82 32 2824677
82 0 2824679
82 22 2824686
82 24 2824689
82 8 2824693
82 46 2824697
82 25 2824700
82 73 2824705
82 15 2824710
82 39 2824711
82 69 2824720
82 81 2824726
82 23 2824732
82 13 2824734
82 37 2824740
82 31 2824740
82 58 2824745
82 79 2824751
82 17 2824755
82 78 2824757
82 3 2824766
82 21 2824769
82 36 2824771
82 26 2824778
82 50 2824779
82 40 2824783
82 37 2824783
82 63 2824784
82 2 2824784
82 36 2824787
82 42 2824796
82 6 2824802
82 57 2824810
82 60 2824812
82 58 2824821
82 51 2824829
82 76 2824831
82 16 2824831
82 21 2824834
82 66 2824837
82 44 2824837
82 24 2824841
82 54 2824847
82 5 2824855
82 65 2824860
82 28 2824869
82 19 2824877
82 71 2824883
82 50 2824889
82 56 2824891
82 18 2824899
82 26 2824907
82 78 2824915
82 84 2824918
82 9 2824924
83 55 2824928
83 69 2824932
83 27 2824932
83 56 2824933
84 67 2824935
84 38 2824938
84 6 2824939
84 21 2824943
84 85 2824943
84 56 2824943
84 24 2824947
84 74 2824954
84 10 2824962
84 65 2824965
84 77 2824965
84 9 2824966
84 33 2824974
84 3 2824976
84 59 2824981
84 40 2824989
84 36 2824995
84 71 2824995
84 62 2824995
84 80 2824997
84 39 2825001
84 41 2825004
84 75 2825008
84 76 2825011
84 7 2825020
84 28 2825029
84 18 2825033
84 47 2825039
84 52 2825043
84 2 2825048
84 30 2825050
84 29 2825058
84 68 2825061
84 23 2825069
84 57 2825078
84 58 2825084
84 15 2825093
84 19 2825097
84 69 2825101
84 50 2825108
84 12 2825113
84 37 2825122
84 34 2825126
84 11 2825127
84 8 2825136
84 66 2825140
84 8 2825144
84 47 2825145
84 20 2825151
84 82 2825157
84 79 2825157
84 53 2825163
84 27 2825166
84 51 2825169
84 4 2825169
84 25 2825177
84 41 2825180
84 16 2825184
84 71 2825193
84 12 2825196
84 70 2825196
84 33 2825205
84 45 2825212
84 76 2825213
84 85 2825217
84 75 2825224
84 28 2825228
84 24 2825234
84 6 2825240
84 2 2825241
84 15 2825241
84 63 2825246
84 77 2825255
84 31 2825255
84 62 2825260
84 69 2825268
84 5 2825277
84 72 2825285
84 29 2825285
84 80 2825286
84 38 2825286
84 11 2825286
84 61 2825295
84 30 2825301
84 50 2825309
84 59 2825315
84 58 2825322
84 78 2825327
85 36 2825329
85 57 2825329
85 82 2825330
85 41 2825339
85 12 2825342
85 66 2825342
85 16 2825351
85 3 2825355
85 63 2825362
85 76 2825370
85 83 2825370
85 17 2825374
85 10 2825374
85 1 2825380
85 60 2825388
85 69 2825388
85 59 2825390
85 37 2825398
85 47 2825398
85 64 2825407
85 72 2825416
85 62 2825425
85 54 2825428
85 4 2825430
85 75 2825435
85 58 2825444
85 21 2825445
85 29 2825448
85 15 2825452
85 44 2825455
85 20 2825460
85 11 2825468
85 56 2825468
85 19 2825468
85 28 2825477
85 42 2825477
85 18 2825478
85 41 2825485
85 58 2825491
85 66 2825494
85 54 2825503
85 79 2825505
85 84 2825510
85 47 2825517
85 5 2825525
85 67 2825528
85 48 2825529
85 76 2825535
85 51 2825540
85 60 2825549
85 77 2825552
85 56 2825554
85 32 2825562
85 40 2825566
85 9 2825571
85 49 2825571
85 4 2825577
85 50 2825582
85 23 2825591
85 31 2825591
85 45 2825592
85 12 2825601
85 71 2825605
85 63 2825613
85 3 2825614
85 35 2825616
85 39 2825621
85 24 2825629
85 21 2825636
85 1 2825643
85 16 2825651
85 0 2825658
85 78 2825665
85 73 2825672
