10
true
0 9 4283
0 5 4288
0 1 4292
0 4 4301
0 8 4301
0 4 4301
0 2 4309
0 8 4310
0 1 4317
0 9 4317
1 4 4322
1 5 4326
1 0 4327
1 8 4328
1 7 4330
1 5 4334
1 9 4335
1 4 4339
1 2 4346
2 6 4354
2 9 4361
2 3 4365
2 4 4372
2 4 4372
2 1 4379
2 8 4383
2 7 4391
3 2 4394
3 6 4400
3 7 4408
3 0 4412
3 1 4418
4 2 4419
4 9 4424
4 6 4427
4 5 4435
4 8 4440
4 0 4445
4 1 4448
4 0 4453
4 6 4461
4 2 4466
4 8 4470
5 0 4478
5 1 4482
5 8 4484
5 2 4492
5 9 4501
5 1 4510
6 4 4513
6 9 4514
6 5 4517
6 7 4518
7 8 4521
7 6 4525
7 5 4526
7 0 4531
7 2 4534
7 1 4541
7 4 4546
7 5 4546
7 4 4551
7 9 4560
7 1 4561
7 3 4567
7 6 4567
7 0 4571
8 3 4576
8 0 4580
8 7 4588
8 6 4590
8 1 4595
9 6 4604
9 2 4611
9 8 4615
9 7 4624
9 3 4630
9 5 4633
9 8 4633
9 3 4636
9 2 4642
9 1 4648
9 6 4652
