14
true
0 5 12727
0 11 12732
0 7 12736
0 13 12740
0 2 12740
0 4 12740
0 12 12740
0 6 12748
0 13 12755
0 12 12764
0 1 12768
0 3 12773
0 2 12777
0 4 12778
0 8 12779
0 7 12784
0 5 12786
1 7 12790
1 13 12791
1 0 12795
1 4 12802
1 8 12811
1 3 12814
1 2 12818
1 11 12822
1 10 12823
1 5 12831
1 8 12835
1 13 12843
1 11 12849
1 9 12857
1 12 12861
1 7 12867
2 7 12876
2 10 12879
2 6 12884
2 3 12892
2 11 12894
2 8 12899
2 3 12902
2 0 12907
2 6 12909
2 9 12915
3 9 12918
3 5 12918
3 6 12919
3 0 12924
3 2 12926
3 12 12935
3 7 12936
3 1 12940
3 13 12941
3 7 12944
3 1 12952
3 6 12955
3 2 12959
3 9 12960
3 8 12965
3 4 12968
3 12 12973
3 11 12975
4 9 12979
4 7 12988
4 1 12989
4 0 12995
4 10 12995
4 8 12995
4 11 12998
4 3 12998
5 9 13006
5 12 13008
5 7 13013
5 8 13022
5 4 13029
5 2 13037
5 0 13045
5 9 13054
5 8 13059
5 1 13067
5 13 13070
6 1 13071
6 0 13077
6 8 13084
6 11 13086
6 13 13094
6 3 13102
6 5 13108
6 1 13108
6 4 13116
6 8 13121
6 12 13125
6 2 13127
6 3 13127
7 10 13135
7 1 13137
7 9 13145
8 2 13153
8 12 13160
8 4 13163
8 7 13166
8 13 13174
8 5 13174
8 9 13180
8 11 13189
8 2 13193
8 6 13194
8 13 13201
8 1 13203
9 6 13208
9 5 13210
9 2 13216
9 8 13217
9 10 13217
9 11 13223
9 7 13226
9 0 13233
9 4 13234
9 2 13235
9 8 13242
9 5 13244
10 0 13246
10 3 13250
10 1 13256
10 11 13260
11 4 13260
11 6 13266
11 7 13266
11 3 13267
11 12 13274
11 2 13279
11 8 13281
11 10 13285
13 6 13286
13 1 13294
13 3 13300
13 2 13304
13 5 13304
13 9 13310
13 10 13317
13 3 13321
13 1 13325
13 4 13333
13 6 13341
13 12 13341
13 9 13345
13 2 13353
13 11 13356
