17
true
0 9 22459
0 15 22464
0 16 22468
0 10 22472
0 12 22480
0 4 22488
0 3 22488
0 8 22488
0 13 22496
0 14 22497
0 6 22498
0 2 22502
0 5 22502
0 12 22507
0 3 22511
0 10 22512
0 5 22513
0 2 22514
0 14 22516
0 7 22520
0 6 22524
0 11 22526
0 16 22527
1 2 22533
1 3 22540
1 15 22544
1 5 22553
1 12 22553
1 16 22560
1 7 22564
1 8 22571
1 8 22576
1 0 22579
1 4 22586
1 12 22586
1 15 22587
1 14 22589
1 5 22591
1 9 22596
3 8 22601
3 7 22606
3 10 22611
3 12 22613
3 11 22618
3 0 22621
3 1 22623
3 14 22629
3 9 22630
3 8 22638
3 2 22639
3 13 22647
3 14 22649
3 15 22658
3 11 22659
4 10 22663
4 13 22667
5 13 22670
5 9 22671
5 1 22679
5 8 22685
5 6 22685
5 3 22686
5 4 22690
5 14 22691
5 7 22696
5 14 22701
5 8 22706
5 0 22715
5 2 22716
5 15 22722
5 13 22722
5 16 22726
5 10 22731
5 11 22735
6 12 22741
6 10 22742
6 15 22748
6 9 22754
6 16 22760
6 14 22764
6 8 22773
6 5 22773
6 7 22776
6 0 22778
6 10 22779
6 9 22785
6 15 22792
6 12 22794
6 3 22802
6 1 22810
6 4 22818
6 7 22821
7 12 22825
7 11 22827
7 13 22832
7 4 22841
7 2 22848
7 3 22852
7 9 22855
7 0 22861
7 10 22864
7 16 22865
7 3 22865
7 5 22869
7 2 22875
7 15 22881
7 1 22885
8 1 22892
8 9 22895
8 10 22897
8 12 22903
8 5 22906
8 6 22914
8 14 22918
8 2 22918
8 11 22924
8 16 22927
8 7 22934
8 6 22938
8 2 22938
8 13 22947
8 12 22956
8 7 22956
8 15 22958
8 1 22962
8 9 22964
8 10 22968
9 7 22974
9 1 22983
9 0 22990
9 12 22994
9 16 22999
9 4 23001
9 5 23005
9 11 23008
9 2 23009
9 0 23013
9 2 23016
9 4 23025
9 3 23026
9 14 23032
9 15 23039
9 16 23043
9 8 23043
9 11 23047
9 13 23055
10 2 23058
10 5 23066
10 16 23066
10 12 23073
10 1 23077
10 4 23081
10 9 23086
10 15 23086
10 3 23090
10 7 23097
10 9 23101
10 8 23103
10 3 23103
10 16 23110
10 2 23117
10 4 23119
10 0 23120
10 14 23123
10 7 23131
11 7 23134
11 16 23143
11 12 23148
11 14 23150
11 8 23152
11 2 23161
11 1 23168
11 15 23174
11 12 23176
11 16 23183
11 6 23191
11 9 23195
11 1 23198
11 0 23205
11 4 23214
11 3 23214
11 15 23221
11 14 23226
13 16 23231
13 6 23234
13 1 23241
13 3 23250
13 14 23251
13 2 23259
13 8 23267
13 10 23273
13 9 23278
13 4 23282
13 8 23286
13 3 23290
13 12 23299
13 10 23305
13 1 23306
14 10 23315
14 11 23321
14 1 23329
14 16 23335
14 12 23343
14 5 23351
14 0 23354
15 4 23355
15 2 23364
15 1 23371
16 12 23372
16 13 23379
16 5 23388
16 6 23393
16 9 23396
16 11 23397
16 2 23404
16 0 23413
16 9 23418
16 4 23422
16 15 23429
16 8 23437
16 11 23445
16 14 23446
16 1 23450
16 3 23455
16 7 23464
16 13 23468
