21
true
0 6 42642
0 9 42648
0 11 42648
0 2 42654
0 1 42660
0 19 42660
0 18 42668
0 15 42670
0 20 42677
0 16 42678
0 12 42686
0 18 42686
0 6 42690
0 17 42696
0 19 42698
0 8 42704
0 5 42704
0 12 42706
0 16 42712
0 2 42721
1 7 42722
1 2 42727
1 17 42733
1 13 42735
1 14 42743
2 11 42744
2 18 42750
2 20 42757
2 8 42759
2 6 42768
2 13 42771
2 1 42773
2 7 42777
2 17 42786
2 5 42787
2 10 42791
2 14 42796
2 13 42802
2 14 42804
2 16 42805
2 8 42809
2 20 42816
2 10 42825
2 0 42825
2 15 42834
2 7 42842
2 17 42846
2 12 42847
2 1 42851
3 14 42851
3 19 42852
3 2 42861
3 10 42863
3 5 42870
4 7 42873
4 8 42879
4 12 42884
4 10 42885
4 0 42888
4 16 42891
4 9 42894
4 13 42897
4 2 42897
4 11 42905
4 10 42905
4 19 42909
4 8 42910
4 15 42910
4 14 42916
4 1 42920
4 11 42925
4 20 42927
4 12 42928
5 4 42935
5 0 42940
5 12 42941
5 6 42945
5 15 42947
5 13 42949
5 1 42951
5 10 42955
5 19 42961
5 16 42967
5 3 42970
5 0 42970
5 4 42975
5 12 42978
5 10 42982
5 8 42991
6 12 43000
6 11 43000
6 10 43000
6 18 43003
6 8 43012
6 2 43021
6 3 43024
6 14 43026
6 13 43026
6 14 43027
6 12 43036
6 3 43043
6 0 43050
6 10 43050
6 20 43054
6 5 43057
6 11 43058
6 9 43066
6 15 43069
7 8 43074
7 1 43080
8 2 43088
8 17 43090
8 5 43094
8 12 43101
8 3 43110
8 20 43116
8 15 43123
8 10 43125
8 16 43134
8 15 43140
8 6 43149
8 4 43150
8 19 43156
8 20 43160
8 10 43165
8 17 43174
8 0 43180
8 11 43189
8 9 43196
8 18 43198
8 5 43199
9 13 43208
9 15 43216
9 11 43224
9 3 43224
9 18 43225
9 10 43234
9 19 43234
9 20 43240
9 6 43245
9 16 43252
9 2 43260
9 8 43261
9 6 43267
9 1 43271
9 4 43274
9 13 43277
9 18 43277
9 11 43278
9 2 43283
9 20 43292
9 0 43299
9 14 43305
9 7 43314
9 5 43323
10 13 43325
10 14 43333
10 19 43336
10 9 43340
10 16 43346
10 9 43352
10 14 43354
10 6 43355
10 13 43355
10 5 43359
12 11 43364
12 1 43368
12 13 43374
12 4 43379
12 20 43382
12 3 43382
13 18 43386
13 3 43392
13 4 43398
13 10 43405
13 20 43408
13 6 43413
13 1 43414
13 6 43423
13 17 43429
13 11 43434
13 0 43437
13 16 43439
14 2 43442
14 3 43450
14 19 43457
14 13 43464
14 12 43471
14 15 43478
14 17 43481
14 7 43487
14 20 43488
14 2 43495
14 19 43500
14 18 43506
14 9 43515
14 15 43518
15 18 43521
15 3 43529
15 14 43534
15 4 43539
15 13 43542
15 8 43546
15 5 43552
15 12 43554
15 6 43554
16 12 43554
16 19 43560
17 14 43565
17 11 43571
17 20 43576
17 10 43582
17 8 43586
17 13 43587
18 11 43590
18 19 43593
18 7 43598
18 4 43607
18 15 43608
19 6 43610
19 10 43612
19 18 43613
19 15 43622
19 2 43627
19 14 43631
19 17 43633
19 8 43634
19 12 43637
19 18 43645
19 16 43652
19 20 43661
19 11 43666
19 2 43674
19 13 43678
19 10 43683
19 12 43687
19 3 43694
20 2 43696
20 18 43700
20 10 43709
20 12 43718
20 8 43724
20 5 43728
20 14 43729
20 4 43737
20 0 43742
20 6 43750
20 15 43752
20 17 43755
20 17 43760
20 7 43766
20 19 43771
20 6 43775
20 4 43777
20 18 43778
20 16 43786
20 1 43794
20 0 43798
20 3 43798
20 13 43807
20 8 43814
