22
true
0 8 48088
0 17 48094
0 4 48094
0 21 48101
0 6 48104
0 20 48106
0 11 48111
0 10 48116
0 9 48118
0 3 48123
0 12 48131
0 11 48140
0 5 48143
0 18 48145
1 6 48151
1 3 48156
1 16 48164
1 8 48164
1 20 48171
1 18 48173
1 4 48178
2 6 48184
2 19 48188
2 18 48197
2 11 48198
2 0 48203
2 3 48209
2 10 48210
2 13 48218
2 15 48224
3 9 48230
3 0 48237
3 17 48239
3 4 48248
3 2 48251
3 7 48251
3 8 48259
3 18 48268
3 1 48272
3 11 48279
3 16 48288
3 1 48289
3 15 48297
3 13 48299
3 0 48300
3 10 48304
3 6 48313
3 17 48322
3 2 48329
4 20 48337
4 7 48340
5 0 48343
5 16 48347
5 4 48348
5 1 48355
5 14 48356
5 21 48364
5 3 48365
5 17 48373
5 9 48379
5 18 48384
5 12 48387
5 14 48390
5 11 48393
5 15 48399
5 4 48401
5 0 48409
5 16 48413
5 6 48413
5 13 48414
5 21 48414
5 10 48414
8 12 48419
8 21 48424
8 0 48430
8 6 48436
8 4 48441
8 11 48450
8 15 48451
8 7 48455
8 1 48457
8 19 48459
8 17 48466
8 6 48473
8 2 48477
8 21 48483
8 10 48487
8 1 48488
8 18 48490
8 11 48497
8 13 48505
8 16 48507
8 5 48512
8 12 48518
9 14 48518
9 6 48518
9 0 48526
9 21 48528
9 13 48537
9 15 48542
9 18 48545
9 7 48547
9 12 48547
9 20 48547
9 18 48548
9 11 48557
9 19 48564
9 3 48572
9 6 48575
9 0 48579
10 0 48580
10 13 48583
10 15 48591
10 19 48597
10 21 48601
10 9 48606
10 2 48607
10 11 48609
10 8 48611
10 12 48611
10 20 48617
10 7 48624
10 14 48626
10 6 48633
10 20 48633
10 15 48633
10 1 48635
10 8 48644
10 13 48650
10 3 48656
10 21 48657
10 16 48662
10 7 48667
10 5 48676
10 17 48682
11 18 48688
11 15 48697
11 14 48703
11 19 48705
11 19 48714
11 7 48719
11 12 48721
11 8 48725
11 14 48729
12 9 48732
12 10 48738
12 14 48746
12 11 48747
12 4 48749
12 15 48751
12 17 48757
12 20 48765
12 3 48768
12 2 48771
12 18 48771
12 21 48779
12 14 48779
12 10 48780
12 4 48788
12 21 48793
12 0 48802
12 11 48809
12 2 48818
12 19 48824
12 1 48827
12 7 48834
12 20 48834
13 17 48842
13 2 48846
13 4 48850
13 19 48852
13 16 48853
13 6 48855
13 12 48860
13 14 48868
13 7 48870
13 0 48875
13 12 48875
13 11 48881
13 18 48886
13 0 48889
13 1 48889
13 9 48890
13 4 48897
13 20 48900
13 21 48907
13 8 48910
13 15 48917
14 7 48919
14 6 48928
14 9 48934
14 16 48939
14 17 48940
14 18 48943
14 13 48944
14 0 48946
14 19 48949
14 21 48951
14 5 48958
14 1 48961
14 8 48962
14 2 48969
14 0 48974
14 16 48980
14 20 48989
14 5 48993
14 13 48996
14 4 49004
14 6 49009
14 10 49014
14 21 49017
14 8 49021
14 18 49029
15 18 49035
15 20 49040
15 9 49045
15 3 49051
15 2 49056
15 5 49062
15 4 49066
15 12 49073
15 19 49080
15 8 49083
15 7 49088
15 3 49097
15 5 49098
15 13 49101
15 10 49103
15 4 49104
15 2 49109
16 7 49113
16 13 49115
16 1 49116
16 10 49120
16 3 49126
16 19 49131
16 13 49140
16 11 49145
16 20 49153
16 17 49157
16 8 49160
16 7 49169
16 2 49178
17 7 49187
17 13 49189
17 3 49193
17 21 49197
17 5 49203
17 18 49207
17 16 49215
17 4 49220
17 11 49228
17 13 49230
17 1 49236
17 10 49239
17 14 49240
18 21 49245
18 16 49250
18 20 49250
18 1 49258
18 6 49262
18 14 49267
18 19 49271
18 8 49280
18 6 49289
18 3 49291
18 15 49292
18 20 49301
18 10 49303
18 17 49308
18 11 49310
18 13 49314
18 8 49315
18 4 49317
19 4 49319
19 1 49327
19 11 49334
20 4 49339
21 8 49348
21 19 49355
21 12 49363
21 13 49365
