23
true
0 9 55178
0 12 55184
0 19 55184
0 4 55191
0 2 55197
0 8 55197
0 13 55202
0 5 55207
0 21 55210
0 1 55217
0 3 55218
0 10 55226
0 15 55235
0 14 55237
0 15 55245
0 6 55248
0 13 55251
0 17 55259
0 10 55263
0 5 55271
0 16 55273
0 2 55278
0 20 55287
0 21 55291
0 4 55294
1 10 55297
1 22 55301
1 8 55303
1 18 55311
1 15 55317
1 11 55320
1 2 55324
2 17 55330
2 13 55332
3 5 55332
3 0 55336
3 10 55345
3 8 55354
3 18 55358
3 21 55367
3 13 55371
3 9 55376
3 12 55384
3 16 55389
3 19 55395
3 10 55399
3 0 55408
3 7 55417
3 17 55426
3 14 55435
3 8 55443
3 21 55446
4 13 55449
4 11 55453
4 19 55454
4 9 55461
4 6 55467
4 21 55476
4 17 55478
4 2 55479
4 0 55482
4 7 55482
4 8 55486
4 18 55494
4 15 55498
4 20 55501
4 15 55504
4 14 55504
4 10 55512
4 6 55516
4 12 55524
4 16 55524
4 21 55527
4 13 55530
4 2 55537
4 0 55537
4 8 55539
4 3 55539
4 17 55544
4 1 55550
5 11 55555
5 10 55564
5 19 55565
5 18 55572
5 15 55577
5 21 55578
5 20 55585
5 0 55589
5 22 55595
5 9 55599
5 4 55600
5 2 55602
5 17 55609
5 1 55617
5 7 55619
5 3 55624
5 19 55630
5 22 55630
5 16 55638
5 11 55641
5 9 55650
5 0 55659
5 10 55665
6 7 55672
6 14 55674
6 15 55674
6 21 55678
6 3 55687
6 16 55688
6 9 55688
6 4 55697
6 19 55700
6 12 55704
6 7 55704
6 3 55710
6 16 55713
6 12 55722
6 15 55731
6 0 55738
6 17 55742
6 20 55747
7 20 55751
7 18 55755
7 0 55762
7 2 55771
7 16 55777
7 22 55784
7 5 55786
7 17 55788
7 15 55797
7 8 55801
7 12 55810
7 9 55817
7 0 55823
7 13 55824
7 16 55828
7 21 55833
7 14 55836
7 11 55844
7 19 55853
7 4 55856
7 12 55859
7 20 55865
8 21 55868
8 22 55877
8 17 55885
8 7 55885
8 0 55894
8 4 55900
8 13 55908
8 10 55909
8 2 55911
8 16 55913
8 1 55918
8 11 55918
8 9 55924
8 3 55930
8 6 55930
8 18 55938
8 22 55938
8 5 55944
8 17 55952
8 20 55953
8 16 55962
8 15 55969
8 19 55975
8 4 55984
8 21 55993
8 7 55997
9 21 56002
9 10 56004
9 5 56011
9 17 56019
10 11 56025
10 13 56032
10 6 56038
10 18 56040
10 8 56048
10 14 56048
10 1 56051
10 0 56056
10 15 56056
10 16 56062
10 17 56067
10 22 56070
10 2 56070
10 7 56076
10 12 56082
10 6 56091
10 4 56099
10 7 56108
10 21 56115
10 13 56116
10 20 56118
10 9 56125
10 5 56131
10 22 56134
10 19 56137
10 15 56138
10 16 56145
10 12 56152
10 17 56159
11 7 56166
11 22 56172
11 20 56179
11 2 56184
11 9 56190
11 0 56198
11 8 56202
11 12 56208
11 5 56213
11 14 56217
11 3 56224
11 13 56224
11 8 56224
11 12 56227
11 4 56235
11 14 56237
11 5 56243
11 0 56249
11 18 56254
11 20 56259
11 22 56259
11 2 56265
11 10 56273
12 7 56280
12 6 56283
12 3 56286
12 10 56293
12 18 56294
12 5 56297
12 17 56301
12 8 56310
12 15 56319
12 17 56321
12 8 56328
12 2 56330
12 21 56333
12 7 56341
12 22 56348
12 5 56351
12 10 56359
12 9 56363
12 19 56366
12 4 56370
12 16 56377
13 3 56379
13 22 56383
13 14 56387
13 21 56392
13 20 56397
13 19 56403
13 18 56404
13 2 56408
13 10 56415
13 0 56420
13 0 56427
13 2 56432
13 5 56435
13 22 56444
13 14 56450
13 17 56455
13 8 56460
13 11 56460
13 6 56468
14 0 56476
14 17 56480
14 18 56480
14 7 56486
14 16 56493
14 6 56500
14 18 56506
14 17 56513
14 5 56515
14 2 56519
14 20 56520
15 6 56520
15 0 56523
15 11 56530
15 17 56539
15 18 56544
15 16 56550
15 13 56557
15 14 56565
15 1 56567
15 12 56568
15 10 56569
15 5 56576
15 19 56577
15 8 56582
15 2 56590
15 22 56599
15 14 56605
15 8 56605
15 4 56606
15 6 56613
15 13 56617
15 20 56618
15 22 56621
15 11 56627
15 19 56632
15 9 56638
15 1 56641
15 2 56649
15 5 56656
15 7 56663
16 2 56663
16 8 56668
16 11 56670
16 4 56677
16 22 56677
16 10 56680
17 19 56681
17 22 56685
17 18 56689
17 10 56697
17 0 56698
17 20 56699
17 13 56704
17 5 56706
17 11 56710
17 5 56719
17 6 56721
17 0 56723
17 18 56728
17 15 56735
17 3 56743
17 22 56752
17 20 56761
18 5 56767
18 21 56767
18 20 56776
18 9 56778
18 0 56778
18 7 56783
18 14 56786
19 9 56786
19 0 56794
19 11 56796
19 18 56796
19 4 56804
19 7 56811
19 6 56812
19 12 56816
19 10 56823
19 2 56824
19 8 56826
19 20 56832
19 10 56835
19 20 56840
19 15 56841
19 2 56845
19 3 56852
19 21 56856
19 9 56861
19 8 56865
19 5 56865
20 9 56870
20 13 56878
20 5 56883
20 14 56886
20 0 56894
20 2 56901
20 21 56909
20 4 56915
20 7 56918
20 12 56925
20 5 56929
20 15 56938
20 3 56945
20 13 56951
20 17 56958
21 7 56965
21 6 56974
21 10 56982
21 13 56989
21 11 56994
21 4 56999
21 18 57008
21 19 57017
21 1 57017
21 8 57022
21 14 57027
21 13 57032
21 16 57040
21 0 57048
21 3 57057
21 11 57063
21 2 57072
21 10 57073
22 8 57079
22 9 57085
22 12 57093
22 18 57097
22 5 57100
22 6 57101
22 2 57107
22 3 57113
22 17 57122
22 20 57127
22 11 57130
22 1 57138
