31
true
0 6 140572
0 3 140578
0 15 140578
0 23 140585
0 28 140588
0 8 140590
0 2 140595
0 26 140603
0 29 140606
0 10 140613
0 1 140616
0 4 140624
0 21 140629
0 24 140636
0 9 140639
0 26 140647
0 5 140650
0 6 140652
0 2 140655
0 28 140663
0 24 140667
0 25 140675
0 13 140675
0 12 140681
0 17 140690
0 16 140694
0 18 140695
0 29 140701
0 21 140702
1 8 140710
1 14 140716
1 24 140719
1 13 140723
1 2 140728
1 10 140734
1 6 140734
1 17 140742
1 23 140748
1 3 140748
1 12 140749
1 3 140753
1 2 140762
1 14 140766
1 0 140771
1 28 140778
1 17 140784
1 20 140786
1 7 140787
1 12 140791
1 27 140800
1 13 140800
2 22 140809
2 1 140817
2 23 140820
2 9 140824
2 27 140825
2 6 140829
2 14 140830
2 3 140837
2 11 140846
2 12 140848
2 19 140855
2 0 140856
2 5 140859
2 13 140865
2 25 140866
2 28 140869
2 3 140872
2 16 140875
2 28 140875
2 1 140883
2 18 140889
2 20 140892
2 15 140895
2 6 140902
2 0 140911
2 27 140915
2 22 140921
2 17 140926
2 12 140931
2 29 140933
2 11 140934
2 10 140939
3 23 140944
3 26 140945
3 5 140949
3 21 140951
3 0 140953
3 15 140960
3 24 140964
3 22 140970
3 7 140974
3 20 140974
3 2 140979
3 9 140983
3 11 140992
3 6 140997
3 27 140997
3 29 140997
3 19 141005
3 13 141007
3 0 141012
3 28 141015
3 30 141022
3 6 141024
3 19 141024
3 7 141024
3 4 141033
3 9 141040
3 1 141047
3 15 141050
3 27 141054
3 11 141054
3 14 141055
3 16 141058
3 20 141067
3 2 141072
3 17 141076
3 22 141080
3 13 141086
3 5 141090
4 8 141094
4 14 141101
4 2 141110
4 30 141116
4 24 141123
4 23 141125
4 28 141132
4 25 141132
4 3 141132
4 10 141134
4 9 141141
4 5 141148
4 18 141154
4 9 141155
4 15 141160
4 5 141165
4 22 141174
4 24 141180
4 19 141188
4 16 141195
4 1 141201
4 10 141210
4 20 141210
4 3 141211
4 30 141214
4 2 141223
5 9 141225
5 24 141229
5 2 141233
5 27 141238
5 28 141241
5 8 141247
5 16 141255
5 1 141261
5 0 141263
5 10 141268
5 13 141274
5 15 141282
5 14 141283
5 11 141289
5 3 141289
5 17 141297
5 7 141298
5 14 141306
5 2 141311
5 23 141320
5 30 141327
5 19 141333
5 0 141342
5 8 141351
5 10 141357
5 1 141361
5 12 141366
5 13 141368
5 21 141375
5 26 141379
5 22 141385
5 28 141392
5 20 141399
5 11 141400
7 23 141408
7 9 141410
7 30 141415
7 1 141419
7 19 141426
7 2 141426
7 3 141432
7 12 141437
7 5 141441
7 24 141447
7 17 141456
7 29 141459
7 4 141467
7 25 141468
7 13 141474
7 28 141481
7 4 141487
7 23 141493
7 11 141494
7 15 141502
7 14 141503
7 2 141505
7 5 141508
7 12 141515
7 26 141522
7 16 141529
7 27 141532
7 10 141539
7 21 141541
7 0 141549
7 8 141555
7 17 141563
7 25 141571
8 23 141575
8 3 141578
8 19 141586
8 15 141591
8 24 141591
8 18 141596
8 13 141599
8 11 141603
8 22 141609
8 25 141611
8 17 141611
8 30 141617
8 26 141621
8 20 141621
8 16 141626
8 1 141631
8 5 141632
8 2 141632
8 30 141634
8 7 141643
8 18 141650
8 20 141657
8 9 141666
8 13 141668
8 3 141670
8 24 141671
8 4 141673
8 28 141682
8 15 141689
8 17 141690
8 10 141693
8 1 141699
8 29 141708
9 8 141716
9 11 141720
9 4 141725
9 22 141729
9 24 141736
9 0 141738
9 27 141747
9 28 141756
9 13 141765
9 29 141771
9 16 141772
9 7 141777
9 17 141782
9 12 141787
9 26 141793
9 2 141799
9 18 141802
9 5 141811
9 13 141817
9 10 141822
9 20 141827
9 21 141827
9 19 141835
9 1 141841
9 27 141849
9 7 141857
9 30 141861
9 23 141861
9 22 141863
9 25 141864
9 4 141873
9 18 141880
9 12 141889
9 16 141898
9 8 141900
9 2 141902
10 24 141909
10 6 141917
10 9 141922
10 1 141931
10 5 141938
10 21 141946
10 4 141948
10 14 141949
10 19 141950
10 7 141957
10 16 141966
10 29 141973
10 12 141977
10 11 141985
10 14 141994
10 20 141997
10 6 142003
10 7 142003
10 30 142003
10 17 142004
10 11 142011
10 1 142015
10 3 142016
10 21 142019
10 29 142025
10 12 142034
10 22 142038
10 2 142046
10 8 142049
11 13 142050
11 6 142058
11 19 142065
11 0 142069
11 3 142069
11 15 142069
11 18 142074
11 30 142076
11 29 142078
11 27 142078
11 22 142081
11 5 142082
11 24 142082
11 26 142088
11 12 142096
11 10 142097
11 30 142102
11 0 142102
11 25 142102
11 26 142103
11 7 142109
11 17 142118
11 21 142120
11 28 142122
11 6 142128
11 23 142130
11 16 142130
11 3 142138
11 24 142147
11 22 142155
11 13 142158
11 4 142167
11 2 142170
12 9 142179
12 2 142181
12 8 142181
12 7 142186
12 19 142189
12 20 142189
12 18 142198
12 16 142200
12 6 142208
12 17 142212
12 15 142219
12 30 142222
12 27 142228
12 7 142235
12 8 142240
13 11 142243
13 25 142248
13 8 142249
13 0 142253
13 29 142260
13 30 142264
13 9 142266
13 16 142271
13 5 142280
13 28 142288
13 23 142294
13 10 142303
13 19 142311
13 1 142320
13 20 142322
13 4 142329
13 18 142332
13 18 142341
13 0 142350
13 28 142350
13 15 142353
13 4 142356
13 6 142362
13 2 142371
13 29 142376
13 27 142385
13 25 142393
13 7 142395
13 22 142396
13 1 142401
13 5 142406
13 9 142411
13 17 142420
13 30 142425
13 11 142430
13 23 142434
14 25 142441
14 4 142447
14 10 142455
14 13 142460
14 20 142461
14 16 142466
14 8 142470
14 22 142477
14 21 142483
14 2 142489
14 29 142496
14 4 142502
15 8 142511
15 19 142516
15 0 142519
15 3 142526
15 26 142526
15 17 142529
15 2 142533
15 23 142536
15 5 142537
15 4 142541
15 16 142542
15 6 142543
15 25 142549
15 0 142549
15 27 142554
15 1 142561
15 16 142567
15 7 142567
15 22 142573
15 4 142575
15 6 142584
15 18 142588
15 24 142593
15 25 142601
15 12 142607
15 23 142612
15 14 142619
15 21 142622
15 5 142629
15 9 142635
15 29 142641
17 25 142645
17 20 142645
17 3 142653
18 3 142659
18 0 142666
18 21 142667
18 14 142670
18 17 142675
18 7 142684
18 2 142692
18 8 142696
19 18 142698
19 14 142705
19 20 142712
19 6 142719
19 24 142723
19 25 142732
19 26 142738
19 0 142738
19 30 142739
19 23 142739
19 9 142744
19 2 142753
19 8 142757
19 9 142761
19 13 142767
19 15 142769
19 18 142773
19 20 142775
19 17 142781
19 2 142787
19 27 142791
19 24 142796
19 0 142805
20 24 142808
20 0 142813
20 22 142816
20 1 142819
20 29 142827
20 6 142830
20 12 142835
20 13 142835
20 5 142843
20 23 142847
20 30 142847
20 21 142855
20 28 142856
20 26 142864
20 29 142868
20 3 142868
20 12 142870
20 1 142872
20 25 142874
20 6 142878
20 19 142882
20 16 142889
20 7 142890
20 8 142897
20 24 142899
20 5 142904
20 2 142910
20 28 142914
20 21 142920
20 18 142924
20 10 142927
21 15 142934
21 30 142936
21 1 142943
21 26 142950
21 19 142957
21 16 142957
21 2 142963
21 17 142970
21 18 142973
21 25 142980
21 0 142989
21 6 142989
21 24 142993
21 20 142994
21 17 143003
21 19 143004
21 23 143005
21 6 143013
21 27 143021
21 15 143026
21 10 143034
21 22 143036
21 0 143041
21 26 143042
21 24 143046
21 14 143046
21 3 143055
22 11 143063
22 16 143067
22 27 143072
22 12 143079
22 17 143081
22 5 143087
22 0 143093
22 6 143094
22 9 143096
22 2 143105
22 28 143109
22 23 143116
22 26 143121
22 21 143125
22 19 143133
22 29 143138
22 10 143144
22 8 143150
22 25 143156
22 3 143158
22 9 143165
22 17 143170
22 21 143172
22 4 143178
22 2 143185
22 6 143194
22 10 143199
22 11 143199
22 26 143199
22 24 143206
22 1 143211
22 7 143211
22 0 143218
22 23 143227
22 15 143228
22 19 143235
22 27 143243
22 12 143249
23 21 143257
23 15 143259
23 17 143265
23 20 143268
23 7 143277
23 1 143282
23 8 143291
23 0 143291
23 16 143291
23 9 143292
23 12 143296
23 26 143301
23 25 143302
23 19 143311
23 7 143313
23 3 143321
23 14 143322
23 20 143324
23 4 143327
23 17 143329
23 25 143334
23 24 143336
23 19 143343
23 18 143343
23 22 143349
23 30 143352
23 15 143354
23 11 143360
24 27 143369
24 20 143375
24 22 143376
24 14 143376
24 0 143384
24 3 143390
24 13 143397
24 15 143404
24 23 143407
24 9 143414
24 2 143420
24 17 143429
24 10 143431
24 6 143431
24 15 143438
24 22 143447
24 2 143456
24 21 143462
24 23 143466
24 17 143467
24 3 143476
24 29 143480
24 28 143484
24 13 143484
24 8 143484
26 20 143493
26 28 143499
26 27 143502
26 29 143506
26 25 143510
26 12 143518
26 6 143522
26 18 143522
26 14 143528
26 1 143528
26 16 143537
26 9 143540
26 13 143545
26 8 143547
26 3 143547
26 24 143553
26 6 143556
26 23 143558
26 2 143561
26 30 143564
26 18 143570
26 5 143572
26 11 143573
26 15 143579
26 9 143585
26 1 143594
26 14 143603
26 28 143609
26 29 143614
26 22 143623
26 20 143630
28 5 143636
28 11 143636
28 30 143640
28 17 143645
28 29 143654
28 9 143656
28 25 143658
29 6 143661
29 9 143669
29 11 143676
29 22 143683
29 28 143690
29 7 143692
29 8 143701
29 12 143706
29 1 143708
29 15 143708
29 23 143716
29 20 143723
29 11 143730
29 28 143732
29 23 143738
29 2 143746
29 21 143751
29 8 143754
29 7 143757
29 19 143761
29 15 143762
29 13 143764
29 14 143768
29 12 143771
30 20 143778
30 11 143783
30 22 143791
30 24 143796
30 19 143804
30 29 143804
30 4 143805
30 17 143812
30 14 143820
30 2 143824
30 13 143832
30 28 143837
30 1 143837
30 6 143844
30 23 143851
30 0 143851
30 7 143855
30 9 143859
30 5 143867
30 20 143869
30 14 143869
30 2 143875
30 24 143882
30 10 143886
30 0 143886
30 25 143895
30 29 143896
30 16 143901
30 27 143905
30 28 143913
30 6 143918
30 12 143925
30 1 143926
30 19 143926
30 26 143929
