33
true
0 30 168768
0 6 168774
0 26 168774
0 21 168781
0 1 168787
0 13 168787
0 22 168792
0 32 168797
0 9 168799
0 14 168804
0 25 168805
0 12 168813
0 29 168820
0 16 168823
0 24 168827
0 15 168835
1 3 168840
1 16 168848
1 23 168854
1 8 168854
1 20 168861
1 9 168869
1 15 168869
1 32 168878
1 17 168884
1 24 168888
2 22 168889
2 11 168894
2 14 168900
2 32 168901
2 0 168908
2 12 168915
3 2 168918
3 11 168922
3 29 168927
3 20 168933
3 30 168935
3 12 168944
4 19 168952
4 26 168961
4 7 168970
4 18 168975
4 6 168984
4 22 168988
4 23 168993
4 20 169000
4 1 169006
4 2 169008
4 32 169012
4 17 169021
4 14 169030
4 0 169030
4 24 169037
4 31 169045
4 29 169049
4 9 169050
4 16 169054
4 15 169055
4 17 169055
4 25 169056
4 14 169065
4 16 169067
4 3 169068
4 6 169076
4 27 169079
4 29 169079
4 9 169083
4 20 169091
4 12 169094
4 19 169099
4 15 169105
4 30 169113
4 5 169117
4 28 169117
4 22 169120
4 23 169127
4 21 169127
4 32 169133
5 19 169137
5 22 169143
5 1 169148
5 32 169153
5 14 169155
5 24 169156
5 15 169161
5 0 169170
5 23 169177
5 31 169182
5 18 169189
5 28 169190
5 4 169192
5 1 169196
5 12 169199
5 2 169199
5 10 169203
6 25 169208
6 21 169211
6 16 169215
6 0 169224
6 27 169229
6 1 169235
6 11 169241
6 28 169249
6 7 169253
6 31 169257
6 32 169259
6 13 169268
6 26 169273
6 18 169276
6 3 169283
6 29 169285
6 20 169285
6 9 169286
6 10 169286
6 17 169289
6 17 169296
6 20 169299
6 11 169300
6 24 169303
6 15 169311
6 30 169317
6 32 169321
6 2 169322
6 13 169327
6 23 169335
6 8 169337
6 12 169337
6 4 169344
6 31 169348
6 16 169357
6 25 169359
6 19 169361
6 1 169370
6 26 169377
6 14 169382
6 10 169382
7 14 169388
7 32 169389
7 5 169394
7 9 169399
7 25 169404
7 27 169407
7 21 169414
7 4 169423
7 16 169426
7 18 169432
7 26 169441
7 11 169441
7 17 169442
7 8 169451
7 29 169456
7 1 169458
7 6 169458
7 15 169459
7 28 169468
7 14 169476
7 11 169477
7 15 169479
7 13 169486
7 22 169491
7 6 169497
7 20 169505
7 0 169511
7 19 169514
7 28 169514
7 8 169520
7 3 169528
7 32 169533
7 12 169542
7 26 169544
8 13 169548
8 19 169554
8 0 169562
8 23 169571
8 30 169571
8 18 169578
8 20 169578
8 25 169585
8 28 169593
8 31 169599
8 24 169606
8 6 169612
8 6 169618
8 32 169626
8 7 169626
8 20 169630
8 21 169633
8 24 169635
8 29 169642
8 12 169642
8 22 169648
8 14 169654
8 2 169659
8 31 169660
9 27 169666
9 16 169672
9 4 169681
9 32 169689
9 15 169698
9 26 169705
9 31 169706
9 29 169708
9 6 169717
9 20 169723
9 5 169728
9 17 169729
9 28 169737
9 24 169738
9 0 169740
9 19 169743
9 16 169750
9 24 169757
9 27 169764
9 23 169767
9 12 169774
9 29 169780
9 2 169787
9 11 169795
9 25 169801
9 14 169809
9 20 169817
9 3 169820
9 32 169829
10 15 169837
10 17 169842
10 27 169842
11 10 169845
11 8 169849
11 17 169855
11 27 169857
11 6 169857
11 18 169865
11 9 169865
11 7 169871
11 31 169876
11 20 169881
11 14 169887
11 2 169892
11 16 169898
11 26 169902
11 23 169909
11 30 169916
11 3 169918
11 13 169925
11 8 169934
11 3 169936
11 10 169938
11 15 169939
11 16 169941
11 12 169950
11 29 169954
11 2 169956
11 23 169957
11 32 169961
11 25 169967
11 5 169973
11 18 169976
11 20 169984
11 28 169988
11 30 169991
13 18 169998
13 7 170007
13 2 170009
13 3 170013
13 32 170017
13 5 170023
13 29 170027
13 27 170031
13 15 170036
13 0 170044
13 24 170046
13 23 170052
13 12 170058
13 4 170064
13 28 170070
13 10 170075
13 6 170079
13 7 170081
13 16 170084
13 18 170085
13 28 170089
13 3 170094
13 30 170098
13 19 170107
13 8 170114
13 31 170123
13 21 170125
13 11 170127
13 24 170131
13 5 170140
13 4 170142
14 27 170145
14 10 170152
14 11 170161
14 9 170169
14 7 170178
14 19 170187
14 12 170195
14 13 170197
14 8 170198
14 4 170199
14 32 170206
14 25 170213
14 27 170217
14 21 170225
14 16 170234
14 26 170243
14 31 170252
14 30 170254
14 12 170263
14 9 170263
14 2 170272
14 29 170278
15 19 170287
15 20 170291
15 25 170294
15 16 170294
15 17 170296
15 23 170297
15 22 170305
16 23 170305
16 12 170312
16 18 170318
16 25 170325
16 10 170329
16 15 170337
16 11 170340
16 29 170340
16 28 170346
16 6 170347
16 20 170348
16 4 170348
16 8 170353
16 30 170355
16 26 170356
16 7 170361
16 0 170368
16 1 170370
16 27 170372
16 21 170376
16 5 170384
16 31 170386
16 27 170386
16 25 170394
16 22 170403
16 6 170411
16 1 170411
16 15 170415
16 21 170421
16 3 170429
16 30 170437
16 20 170437
16 8 170441
16 19 170446
16 13 170446
16 26 170448
16 18 170452
16 10 170456
16 32 170463
17 32 170470
17 31 170475
17 6 170482
17 5 170482
17 22 170487
17 4 170492
17 21 170496
17 9 170504
17 18 170509
17 9 170513
17 3 170522
17 15 170530
17 8 170536
17 0 170541
17 22 170550
17 1 170552
17 28 170560
18 6 170569
18 12 170577
18 15 170584
18 31 170592
18 13 170595
18 20 170600
18 21 170604
18 28 170613
18 16 170620
18 11 170623
18 10 170630
18 4 170634
18 7 170641
18 14 170650
18 3 170658
18 19 170660
18 23 170661
18 9 170666
18 29 170671
18 24 170676
18 30 170685
18 25 170688
18 2 170689
18 11 170693
18 15 170698
18 32 170703
18 3 170712
18 25 170716
18 31 170724
18 23 170733
18 21 170739
18 13 170748
18 16 170749
18 10 170753
18 26 170756
18 5 170762
18 28 170770
18 27 170774
18 6 170777
18 29 170778
18 22 170785
19 17 170790
19 10 170798
19 29 170802
19 4 170809
19 3 170809
19 25 170816
19 30 170820
19 7 170823
19 5 170824
19 15 170827
19 16 170832
19 18 170833
19 32 170838
19 8 170839
19 26 170841
19 31 170846
19 21 170849
19 20 170854
19 24 170854
19 0 170860
19 25 170860
19 12 170866
19 11 170869
19 9 170878
19 21 170882
19 6 170887
19 3 170895
19 29 170897
19 10 170897
19 31 170902
19 17 170905
19 8 170912
19 16 170912
19 13 170912
19 5 170914
20 17 170914
20 2 170922
20 15 170926
20 7 170934
20 24 170935
20 18 170938
20 16 170943
20 1 170951
20 25 170959
20 6 170968
20 27 170970
20 5 170971
20 4 170980
20 19 170984
20 12 170988
20 28 170995
20 31 171000
20 30 171005
20 29 171013
20 19 171016
20 14 171020
20 2 171026
20 7 171034
20 10 171039
20 3 171040
20 12 171046
20 31 171047
20 13 171053
20 8 171053
20 6 171057
20 1 171061
20 4 171067
20 0 171073
20 5 171076
20 32 171079
20 21 171084
20 17 171090
22 14 171097
22 26 171098
22 12 171106
22 17 171106
22 29 171109
22 25 171109
22 15 171117
22 3 171120
22 1 171124
22 8 171128
22 27 171130
22 20 171134
22 21 171138
22 0 171138
22 2 171143
22 32 171146
22 13 171148
22 16 171153
22 18 171159
22 26 171159
22 8 171161
22 24 171170
22 21 171178
22 31 171187
22 30 171187
22 16 171191
22 12 171198
22 10 171205
22 2 171205
22 4 171212
22 17 171212
22 15 171215
23 31 171215
23 32 171218
24 16 171223
24 2 171226
24 31 171229
24 29 171235
24 7 171242
24 8 171245
24 27 171253
24 30 171261
24 26 171269
24 14 171271
25 29 171276
25 9 171277
25 24 171280
25 28 171282
25 0 171282
25 7 171282
25 11 171289
25 16 171293
25 20 171298
25 17 171305
25 1 171307
25 18 171311
25 12 171312
25 30 171314
25 2 171319
25 18 171328
25 13 171328
25 16 171335
25 26 171339
25 28 171342
25 6 171347
25 5 171350
25 23 171355
25 22 171361
25 11 171367
25 10 171372
25 8 171379
25 0 171384
25 27 171393
25 29 171398
25 7 171400
25 1 171406
25 20 171407
25 15 171411
25 12 171411
26 27 171412
26 15 171419
26 19 171427
26 32 171432
26 7 171432
26 1 171441
26 17 171447
26 21 171452
26 22 171458
26 13 171459
26 8 171466
26 12 171467
26 6 171472
26 24 171480
26 16 171482
26 3 171484
26 27 171489
26 7 171498
26 14 171498
26 11 171498
26 3 171498
26 16 171502
26 6 171507
26 17 171511
26 15 171519
26 10 171520
26 13 171529
26 0 171536
26 8 171544
26 31 171552
26 9 171557
26 29 171557
26 5 171559
27 30 171565
27 16 171573
27 14 171573
27 20 171579
27 29 171582
27 21 171591
27 2 171591
27 31 171594
27 9 171603
27 4 171609
27 15 171610
27 0 171610
27 13 171616
27 1 171623
27 22 171631
27 25 171639
27 12 171646
27 25 171649
27 7 171650
27 2 171654
27 30 171658
27 29 171667
27 1 171676
27 3 171682
27 5 171688
27 17 171689
27 6 171695
27 19 171704
27 28 171712
27 14 171717
27 20 171721
27 23 171726
27 8 171727
27 32 171732
29 27 171741
29 0 171741
29 4 171741
29 23 171741
29 24 171747
29 20 171753
29 18 171756
29 8 171760
29 15 171768
29 25 171772
29 28 171780
29 3 171786
29 10 171786
29 19 171786
29 22 171789
29 5 171791
29 23 171800
29 9 171802
29 16 171803
29 2 171806
29 3 171812
29 27 171814
29 11 171822
29 14 171826
29 0 171828
29 32 171831
29 26 171833
29 20 171842
29 17 171847
29 7 171849
29 13 171853
29 10 171859
29 8 171859
30 22 171863
30 5 171868
30 10 171869
30 7 171876
30 21 171884
31 32 171888
31 19 171895
31 10 171902
31 16 171911
31 9 171915
31 0 171924
31 6 171924
31 17 171930
31 13 171937
31 23 171945
31 18 171952
31 4 171954
31 27 171960
31 11 171963
31 14 171969
31 28 171978
31 3 171980
31 20 171989
31 12 171994
31 2 171998
31 26 172005
31 29 172013
31 21 172015
31 27 172020
31 7 172029
31 19 172034
31 14 172039
31 8 172044
31 15 172049
31 4 172053
31 16 172054
31 12 172055
31 10 172060
31 3 172062
31 11 172062
31 1 172063
31 5 172070
31 28 172073
31 22 172077
32 23 172085
32 18 172087
32 8 172091
32 16 172091
32 3 172097
32 10 172104
32 11 172105
32 12 172109
32 31 172110
32 15 172111
32 17 172115
32 10 172123
32 30 172128
32 19 172135
32 28 172138
32 24 172140
32 9 172140
32 4 172143
32 26 172149
32 7 172150
32 25 172153
32 27 172157
