34
true
0 30 183398
0 31 183404
0 16 183409
0 15 183415
0 21 183421
0 18 183421
0 7 183426
1 22 183429
1 4 183436
1 13 183439
1 31 183447
1 8 183452
1 27 183459
2 1 183459
2 20 183463
3 16 183469
3 27 183474
3 18 183482
3 25 183488
3 20 183488
3 14 183495
3 10 183497
3 17 183506
3 26 183512
3 23 183516
3 12 183525
3 13 183527
3 33 183533
3 15 183535
3 20 183542
3 26 183543
3 7 183549
3 21 183554
3 8 183560
3 19 183562
3 23 183571
3 28 183573
3 24 183582
3 30 183591
3 29 183596
3 18 183605
3 31 183612
3 32 183621
3 27 183622
4 12 183628
4 3 183630
4 6 183631
4 10 183640
4 1 183649
4 9 183658
4 2 183664
4 11 183673
4 8 183681
4 17 183684
4 14 183688
4 1 183689
4 18 183697
4 11 183698
4 9 183698
4 30 183699
4 10 183708
5 22 183710
5 23 183711
5 21 183719
5 19 183722
5 26 183722
5 8 183723
5 2 183731
5 15 183735
6 11 183738
6 5 183741
6 14 183741
6 24 183749
6 10 183753
6 28 183761
6 20 183764
6 30 183767
6 31 183774
6 21 183774
6 19 183780
6 16 183782
6 29 183787
6 18 183793
6 32 183794
6 20 183799
6 21 183808
6 23 183809
6 13 183816
6 9 183818
6 11 183820
6 27 183827
6 10 183834
6 24 183838
6 31 183844
6 14 183850
6 22 183853
6 29 183853
6 18 183857
6 16 183866
6 19 183871
7 2 183880
7 30 183880
7 28 183884
7 14 183888
7 33 183890
7 17 183899
7 20 183908
7 21 183914
7 16 183921
7 1 183923
7 18 183923
7 32 183923
7 12 183924
7 9 183924
7 29 183933
7 32 183936
7 12 183940
7 17 183940
7 27 183946
7 11 183949
7 1 183957
7 33 183963
7 21 183967
7 3 183972
7 4 183973
7 6 183978
7 28 183980
7 9 183984
8 2 183993
8 19 183997
8 18 184004
8 4 184004
8 23 184004
8 5 184006
8 1 184010
8 12 184019
8 31 184025
8 25 184034
8 32 184035
8 11 184041
8 13 184045
8 33 184050
8 9 184056
8 21 184065
8 26 184071
8 18 184077
8 17 184079
8 11 184088
8 23 184093
8 16 184095
8 32 184095
8 3 184100
8 1 184103
8 20 184109
8 28 184116
8 26 184118
8 12 184125
8 25 184133
8 31 184139
8 22 184147
8 19 184150
8 6 184153
9 17 184153
9 6 184159
9 3 184167
9 2 184168
9 15 184170
9 5 184179
9 33 184181
9 16 184187
9 21 184193
9 4 184197
9 29 184200
9 26 184205
9 18 184213
9 31 184216
9 12 184222
9 25 184225
9 14 184232
9 22 184233
9 32 184235
9 13 184239
9 23 184241
9 24 184246
9 3 184250
9 32 184257
9 30 184257
9 27 184263
9 25 184268
9 18 184277
9 33 184281
9 12 184284
9 8 184292
9 21 184299
9 0 184302
9 11 184307
9 15 184315
9 19 184316
9 16 184322
9 5 184329
9 10 184335
9 26 184338
9 13 184340
9 6 184343
9 22 184350
10 1 184357
10 25 184364
10 23 184369
10 5 184375
10 8 184376
10 28 184383
10 2 184391
10 17 184397
10 4 184405
10 9 184413
10 20 184416
11 33 184419
11 4 184427
11 28 184432
11 12 184436
11 1 184443
11 31 184443
11 18 184443
11 14 184446
11 32 184454
11 22 184456
11 20 184462
11 24 184468
11 29 184473
11 3 184482
11 14 184482
11 15 184489
11 10 184491
11 20 184499
11 1 184500
11 7 184500
11 26 184503
11 27 184510
11 31 184517
11 25 184520
11 2 184524
11 24 184528
11 19 184537
12 19 184546
12 27 184550
12 18 184551
12 31 184552
13 4 184555
13 6 184563
13 8 184570
13 5 184573
13 1 184576
14 26 184584
14 31 184588
14 22 184591
14 1 184600
14 13 184607
14 5 184616
14 9 184618
14 33 184622
14 29 184626
14 7 184635
14 3 184641
14 8 184645
14 25 184646
14 15 184650
14 0 184654
14 27 184661
14 24 184666
14 17 184672
14 13 184678
14 27 184684
14 29 184689
14 28 184694
14 11 184698
14 22 184698
14 9 184706
14 21 184712
14 18 184720
14 23 184728
14 24 184728
14 32 184737
14 17 184739
15 2 184741
15 27 184746
15 17 184748
15 10 184754
15 19 184763
16 6 184769
16 28 184771
16 13 184779
17 7 184788
17 12 184796
17 9 184802
17 3 184809
17 5 184809
17 32 184814
17 0 184819
17 28 184820
17 2 184827
17 13 184834
17 19 184838
17 32 184840
17 27 184848
17 29 184857
17 24 184866
17 30 184868
17 23 184869
17 8 184876
17 21 184880
17 20 184881
17 0 184884
18 10 184884
18 1 184889
18 22 184895
18 7 184903
18 32 184906
18 14 184915
18 27 184923
18 4 184923
18 31 184923
18 21 184923
18 16 184923
18 19 184928
18 20 184930
18 26 184932
18 3 184935
18 12 184935
18 0 184936
18 9 184940
18 23 184941
18 23 184941
18 33 184942
18 26 184946
18 30 184955
18 24 184957
18 16 184963
18 5 184965
18 2 184973
18 14 184982
18 10 184985
18 0 184994
18 6 184997
18 27 184997
18 11 185005
18 22 185008
18 20 185013
18 19 185018
18 32 185027
18 8 185027
18 12 185028
19 14 185035
19 10 185036
19 16 185040
19 11 185047
19 24 185048
19 29 185055
19 17 185057
19 12 185057
19 31 185058
19 0 185059
19 28 185066
19 12 185070
19 0 185072
19 29 185077
19 10 185081
19 16 185090
19 18 185096
19 23 185101
19 5 185110
19 6 185112
19 27 185120
20 28 185129
20 18 185132
20 31 185134
20 26 185141
20 30 185144
20 29 185149
20 13 185158
20 8 185167
20 21 185167
20 9 185170
20 14 185173
20 0 185179
20 11 185188
20 16 185193
20 7 185202
20 24 185210
20 25 185212
20 7 185213
20 2 185218
20 26 185223
20 16 185228
20 18 185237
20 15 185240
20 23 185241
20 3 185246
20 31 185249
20 17 185258
20 32 185262
20 21 185270
20 22 185279
20 5 185285
21 1 185293
21 17 185302
21 5 185303
21 8 185304
21 9 185309
22 6 185315
22 15 185323
22 16 185327
22 12 185330
22 31 185331
22 9 185337
22 1 185343
22 10 185352
22 23 185360
22 13 185364
22 4 185371
22 33 185375
22 7 185382
22 21 185386
22 25 185389
22 2 185394
22 4 185395
22 33 185400
22 23 185401
22 11 185403
22 6 185408
22 12 185411
22 17 185411
22 29 185416
22 20 185423
22 25 185429
22 26 185430
22 16 185430
22 13 185435
22 8 185440
22 32 185446
23 30 185451
23 17 185451
23 0 185458
24 12 185466
24 29 185468
24 17 185472
24 5 185472
24 20 185472
24 22 185480
24 23 185482
24 18 185486
24 26 185486
24 28 185494
24 30 185502
24 31 185505
24 25 185513
24 16 185517
24 14 185519
24 19 185520
24 31 185529
24 25 185532
24 30 185539
24 11 185541
24 4 185541
24 27 185545
24 28 185545
24 33 185553
24 29 185556
24 2 185557
24 1 185566
24 9 185572
24 3 185574
24 22 185578
24 23 185580
25 20 185586
25 14 185586
25 2 185590
25 22 185592
25 21 185598
25 19 185607
25 26 185608
25 27 185613
25 13 185621
25 17 185623
25 5 185631
25 6 185634
25 31 185639
25 1 185639
25 28 185647
25 8 185649
25 24 185653
25 29 185653
25 7 185654
25 22 185661
25 4 185668
25 15 185669
25 6 185669
25 0 185670
25 32 185674
26 32 185678
26 8 185679
26 4 185683
26 6 185683
26 15 185687
26 31 185687
26 3 185692
26 1 185695
26 32 185697
26 3 185702
26 4 185709
26 30 185716
26 10 185718
26 20 185720
26 18 185729
26 22 185732
26 29 185739
27 23 185746
27 10 185746
27 21 185753
27 28 185753
27 12 185759
27 5 185766
27 30 185773
27 29 185773
27 1 185778
27 8 185787
27 25 185792
27 11 185794
27 32 185797
27 17 185804
27 7 185807
27 1 185808
27 32 185809
27 13 185817
27 6 185825
27 0 185833
27 3 185841
27 22 185843
27 33 185846
27 18 185847
27 23 185850
27 2 185859
27 15 185863
28 5 185871
28 14 185875
28 15 185880
28 32 185887
28 23 185888
28 24 185890
28 33 185896
28 2 185902
28 25 185903
28 16 185904
28 8 185913
28 27 185920
28 6 185925
28 0 185933
28 19 185934
28 1 185942
28 20 185947
28 10 185956
28 30 185961
28 22 185968
28 10 185973
28 20 185982
28 29 185983
28 1 185987
28 12 185989
28 0 185989
28 19 185996
28 8 186005
28 24 186010
28 14 186010
28 9 186018
28 18 186023
28 17 186023
28 26 186032
28 21 186037
28 31 186043
28 33 186044
28 2 186051
29 12 186059
29 9 186065
29 31 186073
29 18 186075
29 3 186081
29 24 186084
29 27 186093
29 20 186098
29 13 186103
29 25 186112
29 8 186112
29 22 186112
29 5 186112
29 10 186117
29 30 186122
29 32 186124
29 6 186125
29 17 186134
29 12 186136
29 24 186144
29 18 186145
29 27 186148
29 2 186148
29 21 186150
29 14 186156
29 11 186161
29 16 186163
29 22 186165
29 10 186173
29 32 186176
29 25 186181
29 0 186183
29 1 186189
29 7 186195
29 19 186202
30 12 186208
30 2 186216
30 5 186223
30 14 186231
30 27 186239
30 18 186246
30 9 186248
30 19 186255
30 20 186259
30 6 186268
30 4 186277
30 28 186279
30 17 186280
30 25 186286
30 13 186295
30 8 186300
30 7 186301
30 29 186310
30 21 186314
30 23 186314
30 32 186314
30 17 186314
30 33 186314
30 4 186320
30 21 186326
30 24 186334
30 11 186340
30 22 186340
30 2 186341
30 28 186341
30 26 186344
30 8 186347
30 12 186356
30 10 186365
30 3 186365
30 31 186366
30 27 186367
30 14 186371
30 1 186373
30 6 186376
31 32 186378
31 24 186386
31 27 186390
31 30 186396
31 21 186402
31 16 186410
31 13 186414
31 10 186423
31 8 186429
31 19 186437
31 15 186446
31 4 186454
31 9 186461
31 12 186470
31 14 186474
31 6 186478
31 11 186478
31 7 186479
31 29 186481
31 20 186482
31 17 186486
31 0 186493
31 2 186500
31 13 186502
31 14 186509
31 29 186511
31 16 186513
31 9 186513
31 6 186521
31 7 186530
31 3 186538
31 5 186545
31 26 186553
31 2 186561
31 19 186566
31 30 186569
31 17 186572
31 23 186573
31 33 186575
31 4 186580
31 12 186580
31 11 186583
31 10 186588
31 8 186595
31 28 186603
32 2 186608
32 21 186613
32 31 186617
32 30 186618
32 12 186619
32 0 186627
32 26 186632
32 6 186634
32 27 186634
32 19 186635
32 11 186638
32 23 186640
32 10 186649
32 28 186652
32 16 186660
32 3 186662
32 4 186670
32 18 186672
32 27 186673
32 1 186673
32 22 186682
32 24 186683
32 12 186684
32 13 186693
32 31 186697
32 8 186705
32 19 186710
32 4 186717
32 21 186720
32 18 186729
32 20 186733
32 6 186739
32 26 186742
32 14 186746
33 20 186752
33 25 186754
