41
true
0 11 319193
0 32 319200
0 1 319209
0 15 319213
0 40 319221
0 19 319226
0 17 319233
0 28 319233
0 9 319241
0 20 319244
0 5 319249
0 37 319251
0 3 319253
0 23 319258
0 10 319262
0 22 319262
0 33 319269
0 27 319277
0 36 319278
0 16 319284
0 7 319285
0 21 319287
0 12 319288
0 7 319288
0 17 319292
0 31 319298
0 1 319306
0 26 319311
0 33 319311
0 21 319316
0 9 319320
0 25 319320
0 8 319324
0 35 319328
0 12 319337
0 11 319345
0 23 319354
0 36 319354
0 29 319354
0 34 319354
0 10 319359
0 18 319364
1 35 319372
1 25 319379
1 29 319386
1 15 319389
1 20 319396
1 27 319403
1 30 319412
1 6 319415
1 2 319423
1 9 319430
1 19 319437
1 37 319438
1 39 319438
1 16 319441
1 3 319448
1 13 319450
1 18 319451
1 21 319457
1 7 319464
1 31 319469
1 32 319475
1 0 319478
1 37 319485
1 26 319490
1 30 319498
1 10 319504
1 35 319509
1 17 319517
1 12 319525
1 33 319531
1 23 319534
1 8 319540
1 32 319546
1 25 319550
1 27 319558
1 24 319563
1 20 319570
1 21 319576
1 22 319585
1 2 319587
1 4 319594
1 39 319602
2 15 319610
2 37 319617
2 21 319624
2 22 319627
2 10 319631
2 4 319631
2 9 319638
2 19 319645
2 5 319650
2 18 319652
2 17 319658
2 30 319662
2 26 319666
2 3 319671
2 25 319672
2 38 319680
2 12 319689
2 13 319697
2 29 319706
2 37 319711
2 30 319720
2 22 319729
2 35 319730
2 11 319732
2 18 319732
2 7 319738
2 24 319745
2 40 319749
2 16 319756
2 28 319763
2 0 319771
2 38 319773
2 10 319782
2 6 319783
3 4 319785
3 19 319791
3 18 319796
3 6 319803
3 0 319811
3 2 319820
3 16 319828
3 29 319828
3 38 319837
3 23 319846
3 28 319846
3 32 319853
3 30 319854
3 35 319857
3 7 319863
3 36 319868
3 24 319872
3 9 319874
3 27 319874
3 17 319880
3 14 319886
3 33 319889
3 30 319894
3 38 319898
3 24 319906
3 16 319912
3 22 319912
3 18 319920
3 37 319922
3 13 319925
3 40 319934
3 1 319942
3 26 319950
3 4 319951
3 8 319957
3 28 319959
3 32 319959
3 0 319960
3 20 319966
3 36 319970
3 15 319970
3 34 319979
3 9 319981
4 36 319989
4 24 319990
4 1 319990
4 33 319994
4 26 319995
4 37 320003
4 10 320011
4 22 320012
4 19 320013
4 30 320013
4 23 320022
4 34 320023
4 25 320031
4 11 320037
4 32 320042
4 20 320051
4 8 320053
4 40 320062
4 15 320071
4 35 320080
4 18 320080
4 12 320087
4 10 320096
4 28 320104
4 37 320111
4 8 320111
4 5 320120
4 13 320123
4 26 320128
4 21 320131
4 19 320136
4 39 320143
4 25 320144
4 6 320151
4 17 320159
4 12 320160
4 14 320160
4 33 320167
4 2 320172
4 24 320173
4 1 320180
4 9 320186
4 36 320190
4 40 320194
4 35 320200
5 3 320206
5 23 320212
5 27 320214
5 0 320219
5 19 320223
5 11 320227
5 17 320235
5 6 320238
6 30 320244
6 37 320249
6 0 320249
6 8 320252
6 7 320259
6 34 320267
6 31 320274
6 17 320282
6 21 320290
6 18 320299
6 3 320308
6 10 320310
6 22 320318
6 12 320322
6 1 320324
6 15 320324
6 23 320329
6 39 320336
6 40 320336
6 20 320342
6 30 320350
6 14 320357
6 23 320366
6 26 320367
6 25 320375
6 7 320377
6 16 320381
6 0 320390
6 36 320394
6 32 320395
6 39 320404
6 21 320409
6 37 320416
6 8 320421
6 27 320425
6 31 320434
6 33 320441
6 18 320445
6 17 320451
6 4 320456
6 1 320458
6 5 320466
6 35 320470
6 28 320477
6 22 320477
6 19 320483
7 28 320487
7 3 320491
7 19 320491
7 23 320497
7 1 320499
7 15 320499
7 5 320500
7 30 320502
7 26 320511
7 8 320520
7 34 320522
7 35 320525
7 13 320530
7 18 320534
7 37 320540
8 27 320546
8 11 320553
8 21 320561
8 3 320564
8 37 320565
8 1 320568
8 29 320572
8 20 320580
8 18 320585
8 13 320594
8 30 320595
8 34 320604
8 32 320609
8 39 320614
8 0 320615
8 24 320624
8 30 320629
8 4 320630
8 19 320636
8 13 320645
8 1 320649
8 39 320649
8 18 320651
8 2 320655
8 25 320656
8 23 320662
8 16 320667
8 38 320667
8 36 320674
8 15 320683
9 27 320684
9 16 320691
9 11 320700
9 1 320707
9 35 320709
9 21 320711
9 23 320716
9 12 320718
9 38 320724
10 16 320729
10 37 320733
10 22 320740
10 39 320749
10 14 320757
10 6 320760
10 26 320762
10 2 320766
10 18 320771
10 30 320772
10 36 320773
10 24 320777
10 22 320780
10 16 320781
10 34 320783
10 6 320785
10 32 320790
10 23 320790
10 29 320796
11 17 320796
11 9 320799
11 34 320804
11 22 320808
11 27 320811
11 29 320811
11 15 320816
11 7 320816
12 5 320824
12 33 320831
12 25 320833
12 26 320834
12 10 320837
12 24 320846
12 30 320850
12 13 320859
13 6 320863
13 0 320863
13 5 320866
13 4 320875
13 28 320880
13 38 320882
13 40 320883
13 35 320883
13 22 320888
13 29 320896
13 30 320902
13 14 320907
13 17 320912
13 21 320921
13 33 320929
13 1 320936
13 2 320936
13 34 320939
13 30 320939
13 36 320941
13 38 320947
13 19 320948
13 27 320955
13 16 320958
13 32 320958
13 6 320958
13 0 320965
14 34 320970
14 32 320974
14 26 320980
14 37 320989
14 17 320998
14 36 320998
14 6 321004
14 33 321013
14 35 321013
14 24 321019
14 40 321023
14 15 321029
14 16 321035
14 8 321039
14 39 321043
14 30 321043
14 12 321050
14 5 321058
14 29 321066
14 10 321072
14 18 321072
14 0 321074
14 20 321079
14 22 321079
14 21 321086
14 15 321092
14 40 321094
14 29 321097
14 3 321097
14 11 321100
14 37 321100
14 10 321105
14 20 321108
14 19 321115
14 32 321118
14 9 321123
14 2 321128
14 8 321136
14 31 321143
14 36 321147
14 5 321153
14 18 321159
14 23 321164
14 1 321170
14 17 321175
14 26 321183
15 37 321192
15 34 321192
15 24 321195
15 6 321197
15 33 321197
15 1 321198
15 22 321205
15 2 321205
15 18 321206
15 16 321212
15 4 321216
15 3 321223
15 7 321232
15 31 321239
15 25 321242
15 36 321242
15 11 321243
15 9 321252
15 30 321256
15 29 321258
15 19 321258
15 11 321260
15 13 321262
15 40 321264
15 30 321273
15 33 321280
15 19 321283
15 24 321286
15 6 321291
15 38 321296
15 36 321296
15 10 321299
15 18 321308
15 3 321311
15 9 321312
15 2 321318
15 7 321323
15 12 321329
15 31 321330
16 3 321330
16 4 321338
16 0 321346
16 15 321348
16 31 321350
16 6 321352
16 32 321360
16 28 321368
16 39 321368
16 8 321369
16 7 321375
16 13 321379
16 38 321386
16 26 321395
16 20 321398
16 14 321400
16 34 321402
16 19 321405
16 24 321413
16 29 321413
16 31 321417
16 13 321423
16 39 321432
16 11 321441
16 22 321441
16 35 321446
16 28 321455
16 36 321456
16 20 321464
16 32 321467
16 29 321470
16 0 321474
16 24 321476
16 4 321480
16 18 321480
16 15 321488
16 1 321495
16 25 321497
16 21 321500
16 33 321509
16 26 321513
16 8 321521
17 31 321530
17 21 321533
17 11 321534
17 8 321536
17 28 321543
17 3 321550
17 37 321559
17 35 321564
17 5 321571
17 34 321573
17 36 321579
17 15 321581
17 14 321586
17 22 321589
17 13 321593
17 19 321600
17 29 321602
17 24 321611
17 27 321619
17 12 321627
17 6 321627
17 25 321629
17 1 321635
17 32 321643
17 30 321647
17 9 321651
17 32 321653
17 40 321658
17 29 321662
17 35 321666
17 13 321666
17 0 321668
17 21 321669
17 38 321678
17 22 321682
17 8 321687
17 1 321694
17 14 321694
17 24 321702
17 39 321704
17 16 321704
17 2 321709
17 27 321717
17 25 321718
17 11 321722
17 12 321728
17 5 321736
17 7 321738
17 30 321740
18 33 321745
18 20 321747
18 39 321751
18 0 321760
19 5 321769
19 17 321769
19 14 321775
19 31 321784
19 11 321792
19 40 321794
19 15 321797
19 13 321801
19 3 321808
19 36 321812
19 32 321815
19 2 321819
19 22 321827
19 21 321834
19 31 321837
19 36 321841
19 16 321849
19 29 321855
19 37 321859
19 6 321865
19 38 321874
19 12 321877
19 15 321883
19 8 321885
19 10 321891
19 33 321895
19 14 321899
19 2 321900
20 9 321905
20 31 321911
20 32 321915
21 28 321916
21 9 321922
21 23 321926
21 39 321927
21 35 321928
21 8 321933
21 6 321934
21 40 321936
21 12 321936
21 17 321937
21 16 321940
21 25 321949
21 27 321950
21 5 321952
21 2 321960
21 13 321965
21 36 321973
21 14 321980
21 24 321988
21 31 321997
21 3 322003
21 15 322011
21 38 322015
21 37 322019
21 7 322026
21 34 322034
21 4 322038
21 1 322038
21 19 322047
21 20 322051
21 7 322052
21 6 322060
21 9 322068
21 3 322075
21 23 322080
21 4 322088
21 29 322093
21 27 322096
21 10 322105
21 13 322111
21 0 322119
21 28 322123
21 2 322124
21 1 322131
21 8 322137
21 11 322140
21 25 322148
21 31 322154
21 35 322155
21 14 322157
21 16 322158
21 18 322166
21 39 322173
21 26 322179
22 15 322186
22 37 322194
22 40 322200
22 3 322202
22 1 322205
22 28 322210
22 31 322212
22 4 322221
22 11 322221
22 18 322224
22 10 322233
22 8 322239
22 36 322244
22 26 322251
22 16 322260
22 20 322269
22 39 322275
22 13 322284
22 0 322288
22 21 322294
22 1 322294
22 16 322300
22 14 322306
22 3 322312
22 39 322314
22 19 322314
22 2 322322
22 13 322331
22 12 322331
22 34 322337
22 9 322344
22 6 322346
22 33 322351
22 8 322354
22 28 322357
22 5 322358
22 37 322360
22 15 322369
22 0 322377
22 26 322384
22 21 322392
23 5 322397
23 32 322398
23 0 322404
23 7 322412
23 26 322420
23 1 322425
23 6 322433
23 9 322435
23 25 322444
23 15 322452
23 13 322456
23 34 322461
23 19 322463
23 36 322463
23 10 322466
23 14 322468
23 4 322471
23 39 322480
23 16 322483
23 18 322484
23 38 322493
23 31 322502
23 14 322509
23 5 322510
23 2 322511
23 12 322516
23 0 322522
23 36 322522
23 21 322526
23 16 322529
23 9 322533
23 38 322534
23 30 322536
23 13 322543
23 22 322549
23 1 322549
23 17 322556
23 28 322559
23 40 322564
23 8 322570
23 15 322575
23 7 322575
23 24 322576
23 11 322578
23 25 322580
23 20 322581
23 10 322584
24 23 322589
24 1 322593
24 15 322599
24 34 322599
24 14 322601
24 28 322610
24 5 322616
24 10 322618
24 7 322623
24 22 322629
24 37 322631
24 40 322639
24 9 322647
24 35 322649
24 31 322652
24 32 322659
24 12 322660
24 4 322668
24 39 322674
24 19 322682
24 6 322688
24 38 322696
24 8 322697
24 20 322699
24 25 322702
24 39 322705
24 18 322710
24 30 322718
24 15 322725
24 20 322728
24 26 322731
24 38 322737
24 10 322744
24 17 322745
24 34 322754
24 7 322755
24 29 322758
24 16 322764
24 32 322772
24 6 322776
24 27 322778
24 0 322780
24 4 322787
24 37 322795
24 5 322800
24 3 322806
24 21 322809
24 35 322809
24 12 322814
24 25 322823
24 31 322829
25 8 322836
25 4 322843
25 34 322845
25 19 322848
25 5 322854
25 14 322855
25 6 322858
25 39 322867
25 20 322876
25 29 322878
25 9 322879
25 35 322887
25 0 322893
25 31 322898
25 21 322907
25 3 322912
25 32 322918
25 10 322921
25 18 322929
25 15 322936
25 2 322943
25 37 322951
25 1 322956
25 36 322961
25 26 322966
25 17 322968
25 38 322974
25 31 322974
25 30 322975
25 27 322981
25 36 322986
25 20 322992
25 35 323000
25 37 323001
25 32 323001
25 0 323004
25 19 323009
25 38 323017
25 33 323017
25 8 323020
25 39 323022
25 28 323029
25 34 323033
25 13 323033
25 11 323041
25 5 323046
25 6 323048
25 3 323050
25 24 323058
25 23 323066
25 29 323073
25 22 323076
25 16 323082
25 7 323083
25 4 323090
26 31 323090
26 18 323097
26 35 323106
26 33 323107
26 9 323108
26 17 323114
26 15 323117
26 29 323118
26 38 323125
26 36 323132
26 34 323138
26 40 323142
26 7 323147
26 27 323149
26 22 323152
26 20 323156
26 14 323157
26 5 323163
26 10 323166
26 11 323172
26 4 323176
26 0 323176
26 32 323183
26 18 323188
26 17 323193
26 40 323193
26 30 323202
26 13 323210
26 8 323215
26 24 323216
26 15 323216
26 10 323222
26 31 323223
26 3 323229
26 6 323238
26 39 323245
26 23 323248
26 34 323256
26 35 323265
26 20 323272
26 0 323275
26 38 323284
26 9 323289
26 36 323294
27 17 323301
27 36 323304
27 4 323307
27 20 323315
27 38 323321
27 13 323326
27 28 323331
27 40 323331
27 9 323337
27 8 323339
27 7 323339
27 35 323347
27 15 323347
27 37 323347
27 14 323356
27 5 323363
27 12 323370
27 32 323374
27 8 323382
27 30 323383
27 11 323387
27 22 323387
27 14 323395
27 26 323403
27 38 323403
27 4 323406
27 1 323410
27 18 323417
27 16 323426
28 6 323432
28 30 323437
28 22 323444
28 29 323446
28 25 323448
28 24 323455
29 6 323459
29 24 323466
30 35 323466
30 33 323473
30 39 323482
30 14 323486
30 9 323493
30 20 323501
30 12 323503
30 16 323509
30 8 323510
30 40 323516
30 32 323525
30 24 323534
30 39 323541
30 29 323548
30 12 323551
30 23 323558
30 7 323558
30 19 323560
30 33 323560
30 3 323563
30 25 323564
30 2 323571
31 2 323580
31 4 323589
31 35 323598
31 15 323603
31 7 323605
31 28 323611
31 27 323613
31 25 323616
31 33 323625
31 40 323628
31 11 323632
32 28 323632
32 11 323633
32 10 323637
32 15 323644
32 3 323649
32 25 323652
32 23 323660
32 37 323669
33 1 323674
33 29 323678
33 39 323680
33 38 323682
33 21 323683
33 16 323689
33 10 323690
33 23 323698
33 36 323699
33 30 323707
33 19 323707
33 2 323712
34 31 323719
34 21 323720
34 16 323723
34 14 323728
34 12 323735
34 13 323736
34 2 323737
34 36 323746
34 5 323746
34 0 323749
34 24 323750
34 4 323753
34 3 323754
34 6 323760
34 33 323767
34 30 323768
34 11 323769
34 28 323776
34 36 323781
34 10 323787
34 16 323787
34 19 323788
34 15 323797
34 21 323799
34 22 323799
34 18 323802
34 38 323810
34 30 323817
34 39 323819
34 31 323826
34 11 323826
34 8 323829
34 12 323829
34 27 323838
34 14 323846
34 23 323851
35 17 323859
35 18 323861
35 15 323861
35 11 323862
35 31 323867
35 23 323871
35 28 323878
35 32 323879
35 13 323881
35 8 323887
35 5 323895
35 22 323901
35 39 323902
35 20 323905
35 34 323911
35 24 323920
35 25 323926
35 16 323930
35 27 323938
35 10 323942
35 7 323946
35 37 323949
35 9 323956
35 30 323958
35 4 323964
35 14 323966
35 2 323973
35 21 323973
35 12 323982
35 29 323987
35 17 323987
35 26 323990
35 16 323993
35 40 323994
35 14 324000
35 3 324005
35 1 324008
35 20 324009
35 10 324013
35 15 324017
35 25 324022
35 9 324030
35 24 324034
35 27 324038
35 5 324045
35 18 324051
35 21 324056
35 7 324056
35 19 324058
35 39 324063
35 37 324068
35 11 324073
35 31 324075
35 0 324079
35 28 324084
36 3 324084
36 1 324093
36 30 324098
36 25 324104
36 8 324104
36 22 324109
36 18 324109
36 29 324113
36 5 324115
36 17 324115
36 28 324123
36 16 324124
36 6 324124
36 33 324126
36 40 324135
36 32 324143
36 10 324149
36 0 324157
36 20 324165
36 7 324173
36 2 324175
36 9 324179
36 15 324183
36 23 324189
36 28 324197
36 38 324198
36 2 324200
36 13 324202
36 19 324203
36 7 324207
36 35 324207
36 20 324212
36 14 324215
36 3 324219
36 33 324223
36 5 324228
36 0 324232
36 26 324241
36 1 324246
36 40 324253
36 12 324254
36 29 324256
36 21 324256
36 25 324259
36 39 324265
36 22 324268
37 33 324275
37 30 324279
37 25 324279
37 32 324280
37 0 324285
37 18 324288
37 34 324292
37 13 324295
37 28 324303
37 3 324304
37 6 324308
37 8 324311
37 22 324318
37 19 324323
37 7 324332
37 29 324339
37 3 324342
37 25 324343
37 9 324350
37 6 324354
37 17 324361
37 31 324368
37 30 324370
37 8 324378
37 14 324382
38 1 324385
38 36 324387
38 20 324391
38 30 324397
38 26 324401
38 10 324406
38 6 324409
38 35 324416
38 37 324425
38 6 324431
38 3 324435
38 22 324443
38 31 324443
38 34 324448
38 19 324448
38 2 324453
38 9 324459
38 27 324461
38 17 324468
39 29 324470
39 34 324474
39 8 324478
39 4 324478
39 13 324487
39 35 324495
39 28 324500
39 31 324501
39 16 324502
39 12 324505
39 33 324507
39 3 324515
39 17 324520
39 15 324529
39 22 324533
39 10 324536
39 19 324543
39 40 324545
39 20 324546
39 24 324549
39 2 324550
39 21 324553
39 40 324556
39 27 324562
39 29 324571
39 8 324573
39 2 324582
39 9 324589
39 15 324592
39 4 324596
39 34 324596
39 25 324602
39 16 324608
39 5 324615
39 11 324615
39 10 324618
39 1 324618
39 30 324623
39 31 324623
39 33 324631
39 6 324636
39 21 324644
40 37 324644
40 26 324644
40 3 324647
40 19 324648
40 35 324651
40 30 324651
40 1 324657
40 16 324662
40 11 324665
40 15 324666
40 0 324672
40 4 324675
40 27 324679
40 10 324680
40 13 324680
40 9 324682
40 22 324685
