52
true
0 43 652955
0 14 652962
0 24 652971
0 32 652975
0 50 652983
0 48 652988
0 25 652995
0 36 653000
0 4 653003
0 17 653010
0 31 653012
0 49 653021
0 29 653021
0 20 653028
0 23 653036
0 8 653041
0 34 653042
0 39 653046
0 27 653050
0 28 653054
0 45 653055
0 32 653059
0 5 653059
0 49 653063
0 24 653063
0 30 653068
0 22 653073
0 13 653077
0 4 653077
0 11 653084
0 46 653092
0 35 653092
0 38 653098
0 50 653106
0 43 653109
0 29 653112
0 20 653119
0 12 653128
0 21 653128
0 1 653131
0 34 653136
0 42 653141
0 36 653145
0 33 653145
0 18 653154
1 11 653161
1 16 653164
1 31 653171
1 25 653180
1 47 653188
1 48 653195
1 12 653202
1 37 653206
1 13 653207
1 30 653215
1 35 653223
1 41 653225
1 40 653231
1 3 653240
1 20 653246
1 7 653252
1 8 653259
1 21 653264
1 26 653270
1 4 653270
1 18 653273
1 45 653280
1 27 653288
1 10 653295
1 44 653299
1 29 653304
1 34 653311
1 9 653317
1 51 653324
1 12 653324
1 24 653325
1 26 653333
1 38 653340
1 37 653349
1 33 653354
1 22 653359
1 45 653360
1 3 653360
1 27 653369
1 36 653378
1 25 653384
1 47 653389
1 49 653395
1 29 653395
1 32 653395
1 0 653402
1 41 653409
1 11 653411
1 46 653417
1 50 653423
1 16 653428
1 15 653431
1 30 653431
1 42 653435
1 5 653444
1 17 653449
1 28 653458
1 7 653459
2 32 653459
2 33 653462
2 46 653469
2 37 653472
2 30 653475
2 1 653482
2 15 653488
2 24 653491
2 50 653493
2 40 653502
2 43 653505
2 9 653511
2 44 653520
2 14 653525
2 23 653533
2 11 653541
2 0 653550
2 41 653558
2 51 653558
2 38 653567
2 4 653576
2 5 653576
2 12 653577
2 49 653577
2 27 653586
2 10 653587
2 21 653591
2 17 653597
2 28 653601
2 23 653607
2 35 653610
2 50 653615
2 16 653619
2 13 653627
2 31 653633
2 42 653633
2 19 653641
2 0 653643
2 6 653646
2 37 653652
2 45 653652
2 10 653660
2 30 653661
2 48 653667
2 40 653670
2 7 653670
2 29 653671
2 11 653677
2 3 653679
2 28 653680
2 1 653680
2 21 653689
2 20 653693
2 46 653694
2 8 653695
2 33 653703
2 25 653704
2 4 653711
2 36 653718
2 43 653726
2 39 653734
2 38 653735
2 17 653736
2 15 653736
3 24 653738
3 21 653746
3 29 653752
3 50 653752
3 51 653754
3 17 653760
3 2 653769
3 15 653771
3 25 653771
3 37 653774
3 35 653776
3 38 653781
3 43 653787
3 0 653793
3 14 653800
3 49 653801
3 26 653808
3 36 653812
3 13 653813
3 11 653815
3 33 653819
3 9 653827
3 23 653832
3 22 653833
3 31 653841
3 39 653849
3 42 653856
3 23 653864
3 39 653868
3 4 653871
3 19 653872
3 31 653874
3 7 653874
3 17 653875
3 16 653881
3 47 653885
3 0 653889
3 51 653895
3 20 653903
3 30 653907
3 50 653911
3 2 653912
3 22 653917
3 27 653921
3 33 653925
3 12 653934
3 24 653942
3 5 653947
3 8 653947
3 26 653955
3 43 653955
3 28 653962
3 25 653970
3 46 653973
3 1 653979
3 21 653979
3 48 653988
4 20 653996
4 5 653998
4 0 654005
4 28 654007
4 23 654012
4 44 654018
4 30 654018
4 37 654018
4 47 654025
4 43 654025
4 38 654034
4 2 654036
4 33 654044
4 29 654051
4 24 654060
4 50 654061
4 41 654061
4 22 654064
4 10 654072
4 25 654076
4 16 654085
4 11 654088
4 45 654097
4 35 654102
4 21 654105
4 19 654110
4 9 654114
4 49 654114
4 11 654118
4 27 654120
4 22 654126
4 47 654133
4 44 654133
4 26 654141
4 42 654150
4 30 654157
4 12 654160
4 50 654168
4 24 654168
5 45 654168
5 36 654174
5 0 654176
5 46 654176
5 30 654177
5 22 654178
6 10 654187
6 33 654193
6 34 654194
6 29 654195
6 43 654201
6 14 654202
6 16 654204
6 41 654210
6 22 654217
6 24 654225
6 31 654228
6 50 654229
6 23 654231
6 19 654236
6 26 654242
6 12 654251
6 48 654256
6 51 654256
6 37 654257
6 28 654266
6 45 654271
6 35 654272
6 49 654276
6 25 654281
6 30 654282
6 40 654288
6 9 654290
6 46 654292
6 42 654293
6 21 654296
6 4 654296
6 8 654297
6 2 654303
6 1 654306
6 7 654308
6 41 654317
6 11 654318
6 18 654325
6 27 654325
6 33 654328
6 46 654328
6 43 654333
6 21 654335
6 22 654339
6 19 654344
6 39 654348
6 23 654355
6 15 654364
6 24 654372
6 2 654375
6 17 654377
6 45 654381
6 49 654384
6 48 654391
6 42 654392
6 12 654399
6 10 654402
6 32 654403
6 40 654409
6 25 654409
6 7 654415
6 1 654415
6 8 654418
6 20 654421
6 9 654426
7 20 654428
7 16 654436
7 37 654439
7 32 654441
7 25 654448
7 21 654451
7 35 654460
7 36 654460
7 5 654469
7 46 654473
7 12 654473
7 39 654476
7 26 654485
7 34 654487
7 51 654489
7 43 654489
7 23 654491
7 0 654495
7 2 654496
7 33 654503
7 45 654510
7 35 654515
7 19 654524
7 23 654532
7 37 654539
7 12 654539
7 26 654542
7 47 654542
7 21 654544
7 11 654550
7 34 654558
7 15 654565
7 9 654568
7 44 654577
7 20 654579
7 46 654584
7 51 654591
7 27 654596
8 40 654600
8 39 654606
8 22 654615
8 23 654618
8 45 654626
8 34 654628
8 24 654631
8 19 654636
8 2 654640
8 4 654649
8 26 654655
8 30 654661
8 9 654665
8 7 654669
8 47 654678
8 35 654685
8 3 654693
8 6 654699
8 20 654703
8 44 654710
8 32 654719
8 36 654720
8 12 654728
8 18 654734
8 38 654743
8 17 654747
8 21 654750
8 0 654751
8 15 654751
8 51 654755
8 43 654762
8 11 654770
8 49 654777
8 29 654781
8 16 654787
8 41 654796
8 26 654802
8 30 654807
8 31 654813
8 21 654818
8 7 654826
8 12 654826
8 18 654826
8 34 654829
8 23 654832
8 2 654840
8 46 654841
8 11 654845
8 1 654854
8 0 654862
8 38 654865
8 24 654871
8 48 654875
8 9 654882
8 45 654885
8 37 654889
8 4 654892
8 14 654901
8 27 654910
8 6 654914
8 22 654916
8 42 654916
8 20 654918
8 17 654920
8 15 654927
9 45 654934
9 46 654940
9 31 654943
9 13 654952
9 7 654955
9 51 654956
9 26 654962
9 41 654964
9 11 654969
9 21 654975
9 34 654978
9 39 654982
9 43 654982
9 12 654989
9 6 654994
9 10 654997
9 30 655002
9 12 655004
9 4 655010
9 47 655018
9 40 655018
9 15 655019
9 33 655025
9 44 655032
9 28 655032
9 37 655033
9 46 655041
9 7 655049
9 27 655058
9 13 655060
9 22 655066
9 36 655073
9 45 655080
9 51 655089
9 20 655097
10 1 655101
10 39 655107
10 21 655116
10 37 655125
10 26 655125
10 35 655130
10 40 655139
10 5 655144
10 16 655150
10 19 655154
10 7 655159
10 49 655167
10 38 655176
10 6 655183
10 31 655185
10 32 655193
10 44 655200
10 36 655209
10 18 655217
10 1 655222
10 26 655231
10 12 655234
10 32 655242
10 5 655249
10 40 655253
10 30 655255
10 44 655264
10 51 655270
10 9 655277
10 50 655286
10 3 655295
10 39 655304
10 45 655304
11 23 655309
11 45 655315
11 51 655319
11 14 655324
11 6 655333
11 36 655333
11 19 655333
11 17 655337
11 38 655344
11 49 655353
11 10 655360
11 5 655361
11 40 655369
11 7 655377
11 33 655377
11 2 655377
11 1 655381
11 2 655382
11 8 655383
11 41 655388
11 10 655393
11 42 655396
11 48 655400
11 36 655403
11 32 655408
11 17 655417
11 31 655426
11 14 655426
11 13 655428
11 15 655430
11 43 655438
12 13 655445
12 43 655445
12 51 655453
12 16 655455
12 28 655455
12 14 655455
13 47 655461
13 24 655467
13 38 655473
13 26 655477
13 50 655483
13 46 655487
13 12 655489
13 42 655497
13 4 655505
13 32 655509
13 23 655510
13 41 655519
13 25 655522
13 19 655527
13 34 655529
13 48 655530
13 11 655535
13 21 655540
13 4 655540
13 29 655546
13 40 655549
13 7 655553
13 8 655561
13 38 655563
13 3 655567
13 28 655574
13 17 655578
13 43 655581
13 47 655584
13 34 655590
14 4 655593
14 35 655601
14 47 655606
14 34 655607
14 6 655612
14 18 655614
14 22 655621
14 43 655625
14 49 655630
14 11 655634
14 12 655643
14 19 655645
14 38 655651
14 50 655653
14 30 655659
14 17 655668
14 25 655673
14 41 655679
14 23 655683
14 32 655690
14 2 655691
14 47 655697
14 24 655701
14 43 655702
14 31 655703
14 20 655708
14 21 655709
14 42 655716
14 0 655716
14 3 655722
14 5 655724
14 10 655726
14 9 655732
14 18 655741
14 38 655745
14 36 655750
14 46 655752
14 23 655759
14 45 655767
14 28 655776
15 9 655784
15 26 655787
15 40 655791
15 8 655798
15 30 655800
15 22 655804
15 36 655813
15 1 655813
15 47 655813
15 29 655815
15 0 655824
15 24 655828
15 43 655835
15 6 655839
15 28 655847
15 21 655847
15 23 655853
15 12 655858
15 2 655861
15 11 655870
15 46 655876
15 42 655884
15 16 655893
15 27 655896
15 3 655898
15 37 655904
15 45 655907
15 35 655915
15 33 655915
15 14 655915
15 17 655919
15 20 655927
15 22 655934
15 46 655937
15 18 655946
15 35 655949
15 11 655950
15 24 655952
15 36 655959
15 2 655967
15 13 655968
15 45 655973
15 14 655978
15 29 655980
15 4 655982
15 3 655986
15 43 655995
15 9 656002
15 28 656009
15 47 656013
15 30 656019
15 26 656027
15 7 656031
15 21 656040
15 12 656041
15 25 656041
15 39 656047
15 49 656053
15 1 656055
15 50 656055
15 31 656063
15 38 656069
15 5 656075
16 51 656078
16 29 656087
16 25 656092
16 18 656093
16 13 656095
16 10 656104
16 38 656104
16 19 656106
16 47 656114
16 21 656119
16 6 656125
16 49 656130
16 20 656131
16 31 656137
16 22 656145
16 41 656150
16 7 656158
16 11 656158
16 0 656167
16 36 656175
16 9 656179
16 40 656184
16 28 656187
16 2 656187
16 33 656190
16 4 656192
16 14 656200
16 3 656203
16 23 656204
16 34 656205
16 11 656213
16 40 656222
16 27 656231
16 22 656238
16 14 656239
16 0 656240
16 37 656247
16 7 656250
16 30 656250
16 48 656250
16 28 656258
16 31 656266
16 2 656267
16 41 656269
16 46 656276
16 23 656282
16 26 656290
16 17 656294
16 33 656303
16 38 656308
16 13 656310
16 18 656312
16 9 656315
16 21 656322
16 39 656326
16 25 656329
17 33 656335
17 35 656335
17 39 656337
17 21 656346
17 7 656348
17 6 656349
17 0 656353
17 27 656358
17 14 656365
17 30 656373
17 20 656378
17 37 656386
17 36 656388
17 49 656391
17 1 656399
17 47 656400
17 42 656401
17 15 656409
18 37 656411
18 48 656417
18 47 656422
18 16 656430
18 0 656436
18 46 656442
18 42 656443
18 7 656449
18 34 656452
18 49 656457
18 12 656460
18 47 656460
18 41 656466
18 30 656467
18 27 656474
18 43 656483
18 11 656492
18 0 656495
18 37 656504
18 33 656511
18 35 656520
18 49 656521
18 38 656524
18 15 656529
19 26 656537
19 28 656541
19 5 656543
19 20 656543
19 27 656552
19 49 656558
19 46 656561
19 9 656566
19 12 656571
19 24 656571
19 30 656574
19 1 656574
19 40 656578
19 29 656585
19 0 656592
19 4 656594
19 32 656598
19 21 656606
19 47 656614
19 11 656617
19 38 656619
19 51 656622
19 13 656628
19 33 656629
19 41 656631
19 36 656640
19 14 656649
19 42 656650
19 18 656658
19 34 656664
19 31 656670
19 23 656675
19 37 656675
19 10 656678
19 48 656682
19 18 656688
19 27 656697
19 37 656702
19 36 656709
19 31 656714
19 4 656721
19 35 656726
19 23 656726
19 46 656729
19 38 656735
19 28 656735
19 51 656741
19 0 656746
19 5 656752
19 8 656760
19 45 656765
19 6 656765
19 33 656773
19 1 656780
19 11 656788
19 29 656796
19 24 656799
19 25 656801
19 12 656802
19 20 656806
19 50 656815
19 40 656821
19 32 656823
20 1 656831
20 35 656837
20 50 656845
20 15 656847
20 19 656851
20 26 656860
20 45 656861
20 13 656866
20 6 656866
20 32 656873
20 47 656879
20 41 656888
20 27 656891
20 12 656896
20 18 656903
20 29 656907
20 43 656908
20 39 656915
20 48 656922
20 21 656926
20 24 656930
20 28 656938
20 25 656942
20 9 656948
20 48 656957
20 44 656960
20 33 656962
20 9 656968
20 3 656974
20 51 656978
20 18 656982
20 2 656983
20 23 656989
20 41 656990
20 24 656995
20 37 657000
20 1 657000
20 49 657009
20 47 657017
20 43 657022
20 36 657022
20 16 657027
20 21 657035
20 46 657038
20 25 657039
20 40 657046
20 29 657055
20 0 657061
20 22 657070
20 28 657077
21 51 657080
21 49 657087
21 23 657096
21 27 657096
21 11 657103
21 35 657109
21 41 657116
21 14 657119
21 28 657122
21 18 657131
21 12 657137
21 9 657145
21 25 657152
21 34 657158
21 4 657163
21 17 657165
21 48 657169
21 31 657169
21 45 657177
21 30 657177
21 13 657177
21 39 657186
21 26 657193
21 7 657200
21 2 657206
21 20 657210
21 47 657213
21 5 657214
21 22 657222
21 36 657226
21 10 657229
21 42 657234
21 27 657242
21 1 657249
21 18 657253
21 46 657260
21 24 657269
21 43 657278
21 29 657287
21 30 657288
21 17 657297
21 47 657306
21 6 657314
21 34 657316
21 51 657322
21 7 657324
21 49 657331
21 13 657331
21 23 657338
21 11 657342
21 50 657342
21 19 657350
21 12 657357
21 22 657359
21 36 657365
21 5 657372
21 41 657376
21 38 657383
21 4 657386
22 46 657386
22 2 657388
22 40 657388
22 44 657391
22 9 657392
22 47 657400
22 17 657409
22 6 657412
22 25 657420
22 20 657429
22 43 657434
22 26 657439
22 14 657442
22 10 657448
22 27 657449
22 31 657450
22 42 657450
22 35 657451
22 11 657453
22 5 657460
22 23 657464
22 16 657470
22 41 657479
22 50 657488
22 36 657491
22 33 657498
22 28 657499
22 2 657507
22 27 657508
22 7 657516
22 26 657516
22 40 657521
22 1 657527
22 37 657534
22 29 657537
22 12 657542
22 18 657549
22 41 657549
22 19 657552
22 21 657560
22 15 657569
22 17 657569
22 47 657572
22 31 657573
22 51 657576
22 25 657581
22 44 657587
22 5 657594
22 28 657595
22 46 657596
22 48 657603
22 16 657609
22 0 657609
22 42 657618
22 20 657627
22 8 657627
23 19 657635
23 13 657643
23 35 657647
23 48 657653
23 42 657653
23 43 657656
23 27 657656
23 31 657657
23 18 657666
23 8 657666
23 17 657673
23 3 657680
23 24 657680
23 12 657683
23 30 657687
23 50 657696
23 9 657696
23 11 657700
23 36 657707
23 16 657709
23 34 657715
23 49 657723
23 45 657727
23 22 657728
23 44 657731
23 4 657740
23 40 657746
23 2 657750
23 43 657758
23 32 657763
23 20 657765
23 44 657769
23 19 657778
23 15 657785
23 3 657787
23 30 657791
23 10 657797
23 46 657804
23 6 657811
23 17 657819
23 5 657819
23 37 657828
23 28 657828
23 7 657834
23 39 657837
23 24 657840
23 26 657846
23 8 657851
23 31 657855
23 33 657855
23 48 657859
23 51 657867
24 20 657875
24 6 657878
24 10 657882
24 47 657885
24 49 657894
24 4 657899
24 15 657907
24 2 657910
24 8 657916
24 51 657921
24 0 657921
24 19 657927
24 43 657931
24 26 657933
24 14 657937
24 16 657944
24 23 657949
24 7 657949
24 33 657955
24 31 657962
24 34 657962
24 42 657964
24 30 657970
24 44 657972
24 40 657972
24 22 657973
24 38 657981
24 39 657988
24 34 657995
24 49 658003
24 16 658006
24 48 658012
24 22 658020
24 11 658022
24 36 658030
24 0 658030
24 28 658032
24 20 658036
24 39 658038
24 13 658042
24 2 658048
24 6 658052
24 18 658057
24 7 658063
24 14 658068
24 4 658068
24 37 658068
24 17 658068
24 50 658069
24 26 658072
24 15 658076
24 42 658076
24 31 658080
24 9 658082
24 19 658082
24 29 658089
24 21 658092
24 1 658095
24 3 658097
24 35 658097
24 46 658102
25 33 658109
25 48 658118
25 24 658127
25 15 658133
25 34 658139
25 14 658141
25 31 658145
25 39 658148
25 44 658148
25 21 658149
25 23 658154
25 47 658163
25 43 658166
25 30 658174
25 27 658175
25 46 658179
25 41 658184
25 17 658185
25 13 658190
25 45 658194
25 16 658197
25 12 658201
25 36 658208
25 18 658215
25 29 658217
25 4 658221
25 19 658225
25 3 658233
25 23 658240
25 28 658247
25 20 658249
25 24 658253
25 40 658258
25 5 658261
25 38 658270
25 43 658271
25 21 658276
25 26 658278
25 6 658286
25 35 658294
25 37 658294
25 22 658301
25 9 658309
25 30 658312
25 14 658314
26 30 658323
26 42 658328
26 2 658334
26 38 658336
26 8 658345
26 0 658353
26 9 658358
26 10 658359
26 21 658360
26 36 658363
26 34 658365
26 39 658367
26 44 658372
26 16 658381
26 3 658385
26 27 658388
26 42 658388
26 1 658390
26 6 658393
26 34 658396
26 11 658401
26 25 658409
26 15 658412
26 48 658418
26 31 658426
26 12 658431
26 21 658431
26 13 658440
26 22 658447
26 16 658450
27 48 658452
27 32 658460
27 0 658462
27 13 658463
27 21 658469
27 17 658476
27 40 658476
27 19 658481
27 9 658487
27 1 658487
27 23 658492
27 12 658496
27 39 658504
27 42 658512
27 34 658517
27 14 658525
27 24 658529
27 34 658530
27 17 658535
27 3 658537
27 15 658538
27 4 658544
27 36 658549
27 44 658552
27 42 658553
27 47 658559
27 0 658562
27 19 658563
27 38 658572
27 5 658574
27 29 658577
27 8 658585
27 14 658590
27 9 658593
28 43 658598
28 38 658607
28 18 658607
28 8 658609
28 9 658615
28 16 658616
28 7 658621
28 42 658627
28 27 658632
28 15 658633
28 5 658642
28 3 658643
28 10 658645
28 1 658649
28 33 658649
28 24 658652
28 14 658658
28 42 658661
28 5 658668
28 0 658669
28 8 658675
28 9 658680
28 15 658684
28 30 658686
28 21 658686
28 38 658691
28 45 658698
28 22 658706
28 44 658714
28 40 658723
29 14 658728
29 3 658732
29 43 658732
29 50 658737
29 21 658740
29 34 658747
29 2 658747
29 37 658749
29 24 658750
29 31 658756
29 16 658764
29 0 658768
29 47 658776
29 1 658783
29 27 658784
29 41 658787
29 11 658791
29 4 658796
29 26 658805
29 13 658806
29 7 658811
29 49 658815
29 42 658817
29 14 658820
29 49 658829
29 16 658832
29 35 658841
29 18 658849
29 25 658855
29 24 658855
29 31 658864
29 32 658864
29 48 658869
29 15 658872
29 50 658880
29 21 658882
29 51 658891
29 28 658895
29 4 658896
29 45 658901
29 2 658905
29 22 658905
29 23 658913
29 10 658915
29 11 658922
29 30 658926
29 39 658933
30 9 658934
30 7 658938
30 44 658941
30 50 658942
30 41 658946
30 46 658947
30 48 658949
30 40 658950
30 28 658953
31 38 658959
31 33 658963
31 5 658965
31 48 658966
31 35 658966
31 39 658970
31 10 658971
31 45 658975
31 34 658976
31 27 658979
31 49 658984
31 36 658992
31 7 658999
31 26 659006
31 13 659009
31 29 659010
31 18 659018
31 17 659027
31 22 659027
31 8 659028
31 42 659028
31 50 659028
31 25 659031
31 16 659032
31 24 659032
31 19 659033
31 32 659037
31 40 659045
31 17 659046
31 29 659048
31 38 659057
31 25 659066
31 24 659071
31 15 659079
31 49 659087
31 21 659094
31 26 659101
31 41 659103
31 11 659109
31 36 659109
31 22 659111
31 18 659115
31 14 659119
31 32 659122
31 42 659126
31 45 659131
31 19 659138
31 43 659146
31 3 659146
31 5 659148
31 47 659155
31 16 659162
31 48 659167
31 37 659168
32 34 659171
32 42 659178
32 35 659182
32 37 659185
32 21 659194
32 40 659198
32 7 659207
32 19 659208
32 39 659208
32 2 659208
32 1 659216
32 6 659220
32 43 659228
32 18 659237
32 30 659243
32 14 659252
32 29 659258
32 50 659263
32 22 659267
32 0 659273
32 10 659278
32 23 659287
32 51 659294
32 4 659296
32 22 659303
32 20 659305
32 39 659309
32 25 659318
32 40 659326
32 28 659330
32 17 659334
32 37 659343
32 44 659344
32 33 659344
32 24 659349
32 49 659349
32 29 659351
32 11 659356
32 31 659363
32 43 659366
32 6 659374
32 46 659383
33 12 659387
33 23 659390
33 14 659397
33 9 659400
33 37 659408
33 15 659414
33 30 659416
33 7 659420
33 40 659421
33 21 659421
33 27 659422
33 16 659430
33 20 659434
33 36 659436
33 35 659436
33 25 659445
33 34 659453
33 24 659457
33 42 659465
33 3 659467
33 26 659474
33 51 659475
33 28 659478
33 41 659485
33 20 659488
33 38 659488
33 50 659495
33 32 659500
33 46 659502
33 18 659506
33 29 659512
33 10 659520
33 14 659522
33 42 659531
33 22 659540
33 24 659549
33 48 659557
33 44 659564
33 45 659567
33 2 659571
33 40 659579
33 0 659581
33 4 659590
33 26 659598
33 27 659605
33 17 659606
33 35 659613
33 51 659618
33 5 659627
33 43 659632
34 48 659641
34 17 659649
34 37 659653
34 49 659662
34 24 659669
34 30 659676
34 42 659676
34 46 659680
34 7 659685
34 50 659689
34 33 659694
34 29 659697
34 38 659705
34 13 659711
34 21 659719
34 10 659721
34 23 659727
34 8 659731
34 36 659740
34 22 659747
34 44 659749
34 12 659751
34 3 659756
34 30 659756
34 29 659763
34 36 659763
34 12 659763
34 26 659763
34 7 659771
34 44 659775
34 22 659779
34 43 659787
34 9 659795
34 13 659800
34 8 659807
34 35 659811
34 38 659812
34 21 659815
34 25 659819
34 27 659822
34 1 659828
34 18 659836
34 47 659836
34 6 659845
34 3 659851
34 24 659856
34 20 659858
34 33 659860
34 19 659863
34 14 659865
35 36 659870
35 41 659875
35 2 659882
35 31 659884
35 14 659892
35 18 659896
35 46 659903
35 13 659912
35 23 659916
35 39 659921
35 16 659925
35 21 659929
35 43 659935
35 11 659942
35 42 659947
35 27 659954
35 50 659957
35 0 659960
35 29 659963
35 19 659965
35 28 659972
35 13 659981
35 16 659984
35 15 659993
35 26 660002
35 27 660005
35 8 660006
35 36 660007
35 0 660007
35 17 660012
35 28 660015
35 6 660017
35 18 660017
35 1 660017
35 32 660020
35 34 660021
35 25 660021
35 39 660029
35 14 660030
35 37 660030
35 24 660038
35 23 660039
35 41 660046
35 22 660055
36 4 660062
36 16 660069
36 34 660069
36 0 660077
36 33 660083
36 18 660083
36 22 660085
36 21 660091
36 12 660091
36 15 660100
36 48 660100
36 26 660100
36 28 660109
36 50 660110
36 41 660115
36 45 660119
36 5 660121
36 44 660130
36 30 660135
36 38 660136
36 3 660142
36 37 660147
36 42 660155
36 2 660164
36 29 660172
36 20 660173
36 6 660177
36 23 660181
36 40 660182
36 10 660188
36 14 660189
36 35 660196
36 19 660196
36 39 660199
36 11 660201
36 7 660204
36 31 660210
36 2 660218
36 23 660219
36 51 660228
36 43 660228
36 21 660230
36 27 660230
36 41 660237
36 46 660241
36 0 660241
36 15 660244
36 49 660248
36 20 660249
36 19 660252
36 17 660258
36 47 660263
36 22 660265
36 4 660266
36 16 660267
36 42 660268
36 40 660270
36 11 660278
36 32 660280
36 35 660281
36 8 660285
36 28 660290
36 5 660291
37 39 660294
37 9 660297
37 28 660299
37 4 660307
37 36 660311
37 15 660313
37 33 660316
37 42 660320
37 30 660329
37 1 660334
38 29 660337
38 35 660338
38 10 660344
38 31 660344
38 25 660344
38 18 660344
38 36 660350
38 41 660356
38 3 660357
38 33 660360
38 9 660366
38 17 660371
38 30 660379
38 22 660384
38 33 660385
38 10 660390
38 28 660398
38 51 660398
38 21 660401
38 2 660404
38 44 660407
38 6 660412
38 15 660419
38 8 660424
38 12 660433
38 29 660438
38 16 660447
38 4 660455
38 5 660455
39 38 660455
39 0 660463
39 11 660468
39 51 660472
39 29 660472
39 31 660480
39 2 660488
39 42 660489
39 48 660496
39 18 660504
39 4 660508
39 8 660517
39 9 660525
39 44 660526
39 17 660532
39 27 660534
39 21 660536
39 25 660545
39 28 660550
39 46 660556
39 1 660557
39 22 660561
39 30 660562
39 22 660570
39 48 660572
39 4 660578
39 34 660581
39 14 660584
39 49 660593
39 40 660600
39 36 660605
39 51 660610
39 31 660619
39 21 660624
39 7 660631
39 47 660640
39 9 660647
39 16 660654
39 27 660662
39 42 660671
39 11 660672
39 37 660674
39 41 660679
39 25 660687
39 6 660688
39 35 660694
40 39 660695
40 13 660699
40 26 660706
40 32 660706
40 9 660706
40 29 660707
40 19 660715
40 20 660718
40 10 660726
40 43 660731
40 44 660736
40 25 660743
40 22 660750
40 27 660756
40 5 660758
40 17 660762
40 38 660770
40 23 660772
40 46 660772
40 14 660779
40 35 660785
40 7 660787
40 3 660788
40 33 660797
40 48 660800
40 37 660805
40 28 660812
40 18 660819
40 31 660822
40 22 660825
40 33 660825
40 14 660834
40 23 660843
40 44 660843
40 15 660851
40 7 660854
40 3 660863
40 49 660866
40 28 660871
40 25 660876
40 20 660885
40 46 660890
40 36 660899
40 2 660903
40 13 660910
40 5 660919
40 37 660920
40 19 660926
40 29 660933
40 50 660934
40 18 660941
40 10 660948
40 34 660949
40 16 660953
40 42 660956
40 24 660962
40 45 660966
40 38 660969
40 30 660970
40 51 660974
41 11 660981
41 0 660986
41 25 660992
41 47 661001
41 16 661006
41 37 661006
41 36 661012
41 46 661020
41 48 661024
41 17 661024
41 6 661026
41 18 661035
41 38 661036
41 27 661045
41 7 661050
41 3 661052
41 1 661059
41 33 661062
41 44 661069
41 29 661074
41 39 661079
41 34 661083
41 14 661091
41 19 661091
41 10 661098
41 5 661107
41 22 661111
41 13 661117
41 12 661125
41 35 661134
41 23 661140
41 44 661145
41 27 661146
41 51 661147
41 21 661149
41 28 661154
41 47 661158
41 31 661164
41 39 661170
41 8 661178
41 13 661186
41 15 661194
41 4 661195
41 20 661199
41 0 661202
41 17 661205
41 48 661213
41 2 661220
41 49 661222
41 7 661222
41 26 661227
41 25 661233
41 5 661238
41 43 661241
41 40 661245
41 33 661248
43 29 661252
43 32 661260
43 9 661264
43 20 661273
43 5 661280
43 51 661288
43 42 661296
43 25 661297
43 40 661306
43 44 661307
43 11 661310
43 23 661311
43 31 661320
43 8 661325
43 47 661332
43 10 661338
43 39 661347
43 35 661355
43 4 661362
43 12 661369
43 6 661376
43 24 661380
43 41 661387
43 0 661389
43 1 661398
43 38 661398
43 14 661400
43 17 661406
43 0 661408
43 4 661410
43 18 661417
43 1 661422
43 6 661426
43 41 661433
43 48 661438
43 5 661442
43 44 661446
43 20 661453
43 49 661456
43 33 661459
43 45 661461
43 11 661462
43 23 661468
43 29 661470
43 3 661477
43 46 661481
44 23 661488
44 9 661497
44 43 661506
44 11 661508
44 30 661516
44 39 661518
44 33 661522
44 47 661524
44 19 661527
44 32 661527
44 42 661530
44 40 661537
44 35 661542
44 36 661545
44 29 661553
44 28 661554
44 49 661556
44 3 661563
44 14 661563
44 27 661572
44 22 661574
44 46 661580
44 38 661588
44 6 661597
44 48 661604
44 10 661609
44 50 661611
44 17 661616
44 15 661623
44 45 661625
44 33 661628
44 3 661631
44 47 661634
44 18 661635
44 9 661639
44 51 661641
44 22 661642
44 32 661651
44 34 661655
44 24 661655
44 25 661658
44 40 661661
44 30 661665
44 10 661674
44 23 661675
44 6 661679
44 29 661683
44 17 661687
44 50 661688
44 21 661690
44 31 661691
44 39 661700
44 42 661709
44 12 661710
44 5 661717
44 0 661723
45 51 661724
45 49 661728
45 4 661730
45 23 661736
45 0 661737
45 1 661738
45 16 661738
45 41 661739
45 46 661740
45 11 661744
45 50 661753
45 36 661760
45 6 661765
45 18 661767
45 28 661772
45 47 661780
45 19 661783
45 27 661789
45 7 661798
45 2 661800
45 14 661802
45 37 661810
45 3 661812
45 43 661813
45 48 661822
45 40 661830
45 14 661831
45 21 661836
45 3 661844
45 35 661849
45 46 661854
45 11 661859
45 42 661860
45 41 661864
45 33 661865
45 6 661868
45 47 661876
45 34 661885
45 25 661885
45 16 661888
45 15 661893
45 31 661899
45 29 661904
45 51 661906
45 22 661912
45 23 661912
45 13 661917
45 17 661919
46 39 661926
46 36 661932
46 51 661932
47 21 661932
47 39 661938
47 27 661942
47 44 661945
47 4 661954
47 13 661957
47 11 661959
47 45 661962
47 25 661964
47 48 661970
47 50 661970
47 20 661973
47 29 661980
47 19 661984
47 10 661993
47 49 661996
47 14 662002
47 0 662002
47 3 662006
47 17 662014
47 38 662015
47 1 662022
47 51 662023
47 18 662025
47 5 662028
47 37 662030
47 2 662035
47 43 662044
47 15 662051
47 7 662051
47 35 662055
47 23 662055
47 42 662061
47 18 662062
47 3 662063
47 21 662068
47 48 662071
47 19 662080
47 46 662087
47 15 662095
47 13 662103
47 31 662104
47 22 662104
47 38 662112
47 8 662114
47 24 662120
47 11 662124
47 36 662128
47 9 662135
47 40 662135
47 29 662141
47 1 662144
47 41 662145
47 0 662147
47 34 662149
47 7 662149
47 14 662158
47 6 662162
47 16 662163
47 49 662172
47 51 662172
47 28 662172
48 43 662178
48 13 662185
48 9 662193
48 24 662196
48 41 662203
48 7 662211
48 3 662213
48 39 662213
48 44 662220
48 17 662228
48 38 662234
48 27 662236
48 11 662243
48 14 662243
48 19 662246
48 8 662253
48 16 662256
48 21 662257
48 1 662261
48 12 662261
48 42 662267
48 40 662272
48 2 662274
48 47 662274
48 22 662281
48 35 662290
48 31 662299
48 5 662303
48 0 662310
48 32 662313
48 2 662316
48 49 662320
48 5 662327
48 30 662332
48 32 662340
48 25 662340
48 3 662349
48 38 662358
48 0 662366
48 23 662371
48 42 662380
48 45 662384
48 34 662388
48 35 662393
48 39 662398
48 28 662400
48 33 662401
48 26 662406
48 18 662409
48 17 662415
48 44 662418
48 20 662421
48 40 662423
48 7 662428
48 14 662432
48 27 662437
48 41 662446
48 19 662451
49 12 662454
49 38 662461
49 21 662466
49 30 662473
49 33 662482
49 6 662483
49 29 662491
49 17 662493
49 4 662494
49 10 662498
49 26 662502
49 13 662508
49 51 662516
49 37 662517
49 20 662525
49 25 662532
49 14 662535
49 5 662536
49 24 662545
49 29 662554
49 22 662557
50 2 662563
50 11 662565
50 43 662570
50 27 662577
50 30 662580
50 38 662584
50 4 662589
50 6 662593
50 15 662596
50 40 662604
50 14 662609
50 3 662609
50 35 662611
50 7 662612
50 33 662612
50 29 662614
50 8 662622
50 10 662631
50 16 662633
50 45 662642
50 46 662647
50 20 662656
50 40 662658
50 31 662658
50 19 662660
50 32 662661
50 43 662663
50 36 662665
50 49 662669
50 0 662678
50 29 662686
50 3 662686
50 28 662690
50 47 662697
50 51 662702
50 44 662702
50 12 662703
50 21 662712
50 6 662716
50 15 662723
50 22 662724
50 4 662727
50 24 662730
51 1 662731
51 49 662739
51 17 662740
51 41 662749
51 16 662757
51 35 662765
51 10 662772
51 42 662776
51 20 662777
51 37 662781
51 12 662789
51 43 662789
51 34 662790
51 33 662791
51 4 662797
51 2 662798
51 46 662800
51 45 662804
51 28 662804
51 18 662806
51 21 662815
51 6 662824
51 39 662826
51 25 662835
51 14 662839
51 23 662843
51 0 662846
51 15 662850
51 46 662853
51 31 662854
51 7 662857
51 48 662860
51 11 662868
51 9 662872
51 0 662876
51 24 662885
51 47 662893
51 12 662899
51 42 662899
51 26 662904
51 23 662910
51 27 662914
51 2 662918
51 3 662920
51 20 662924
51 15 662924
51 35 662932
51 43 662936
51 18 662941
51 14 662950
51 32 662954
51 22 662954
51 38 662963
51 29 662968
51 36 662973
51 34 662974
