54
true
0 52 731146
0 19 731149
0 35 731151
0 12 731151
0 25 731152
0 9 731161
0 2 731169
0 28 731175
0 3 731183
0 49 731191
0 33 731195
0 36 731196
0 37 731202
0 16 731202
0 19 731205
0 45 731213
0 18 731218
0 8 731219
0 3 731226
0 32 731227
0 51 731230
0 23 731234
0 49 731240
0 22 731248
0 6 731255
0 44 731259
0 9 731266
0 42 731273
0 4 731282
1 5 731288
1 19 731288
1 25 731288
1 43 731296
1 10 731302
1 42 731307
1 6 731312
1 37 731318
1 44 731324
1 29 731332
1 0 731338
1 52 731339
1 18 731342
1 20 731350
1 17 731355
1 4 731357
1 23 731361
1 11 731361
1 48 731361
1 9 731361
1 15 731365
1 51 731367
1 14 731370
1 40 731372
1 28 731375
1 45 731383
1 3 731386
1 46 731395
1 19 731400
1 38 731400
1 26 731406
1 18 731409
1 35 731414
1 53 731423
1 33 731431
1 39 731440
1 7 731441
1 10 731450
1 0 731450
1 11 731456
1 42 731456
1 16 731460
1 14 731463
1 17 731471
1 25 731480
1 20 731483
1 51 731487
1 34 731487
1 5 731488
1 21 731491
2 32 731493
2 49 731493
2 30 731501
2 3 731503
2 14 731509
2 44 731515
2 0 731522
2 51 731529
3 7 731538
3 13 731541
3 9 731544
3 11 731546
3 14 731552
3 24 731557
3 4 731564
3 29 731568
3 16 731570
3 42 731571
3 44 731574
3 19 731574
3 45 731581
3 43 731587
3 34 731593
3 1 731602
3 33 731603
3 19 731609
3 9 731618
3 41 731619
3 47 731626
3 26 731628
3 49 731632
3 16 731637
3 51 731642
3 35 731644
3 32 731645
4 51 731651
4 21 731658
4 25 731665
4 3 731671
4 50 731673
4 11 731676
4 49 731676
4 0 731684
4 5 731690
4 43 731692
4 34 731699
4 7 731708
4 19 731708
4 47 731715
5 17 731718
5 50 731719
5 32 731722
5 16 731723
5 46 731726
5 45 731730
5 48 731736
5 42 731742
5 12 731750
5 29 731750
5 35 731759
5 13 731768
5 14 731770
5 38 731778
5 0 731779
5 1 731780
5 51 731784
5 41 731790
5 25 731792
5 11 731796
5 3 731798
5 24 731799
5 53 731799
5 15 731802
5 40 731810
5 18 731819
5 20 731828
5 32 731836
5 53 731845
5 9 731847
5 8 731852
5 48 731855
5 51 731863
5 19 731870
5 17 731879
5 18 731888
5 0 731888
5 23 731897
5 20 731899
5 1 731900
5 21 731900
5 15 731900
5 37 731906
5 11 731910
5 25 731913
5 42 731916
5 6 731922
5 16 731931
5 33 731936
5 50 731942
5 10 731942
5 47 731943
5 46 731947
6 3 731947
6 45 731954
6 30 731962
6 22 731967
7 28 731971
7 12 731971
7 19 731980
7 48 731983
7 50 731989
7 46 731994
7 43 731996
7 17 732001
7 35 732003
7 31 732010
7 8 732010
7 15 732017
7 27 732017
7 14 732022
7 44 732026
7 20 732032
7 23 732039
7 51 732044
7 29 732048
7 18 732048
7 49 732052
7 34 732061
7 11 732067
7 45 732072
7 5 732075
7 1 732084
7 13 732093
7 25 732098
7 41 732102
7 39 732103
7 33 732109
7 20 732109
7 14 732112
7 10 732112
7 0 732116
7 41 732125
7 48 732134
7 40 732137
7 49 732143
7 43 732147
7 22 732147
7 11 732148
7 31 732150
7 39 732150
7 8 732152
7 13 732158
7 19 732167
7 21 732170
7 26 732178
7 9 732187
7 23 732189
7 37 732197
7 4 732203
7 24 732207
7 51 732212
7 50 732218
7 32 732221
7 6 732222
7 27 732231
7 18 732239
7 15 732248
7 2 732251
7 17 732256
7 12 732265
7 34 732274
7 5 732276
8 52 732281
8 16 732281
8 48 732281
8 27 732290
8 46 732293
8 1 732293
8 47 732302
8 36 732310
8 4 732318
8 13 732323
8 51 732328
8 10 732328
8 21 732333
8 42 732333
8 6 732335
8 11 732337
8 7 732342
8 38 732348
8 43 732354
8 12 732360
8 11 732365
8 47 732370
8 17 732376
8 35 732383
8 49 732385
8 16 732386
8 2 732389
8 21 732395
8 22 732403
8 14 732406
8 50 732409
8 37 732417
8 34 732423
8 27 732425
9 38 732434
9 26 732435
9 46 732443
9 45 732444
9 40 732450
9 7 732451
9 22 732454
9 41 732460
9 35 732469
9 24 732476
9 36 732477
9 37 732479
9 29 732488
9 5 732493
9 42 732500
9 28 732506
9 53 732514
9 32 732514
9 6 732517
9 46 732525
9 47 732526
9 52 732532
9 3 732533
9 14 732537
9 27 732541
9 0 732550
9 12 732551
10 17 732556
10 33 732564
10 11 732572
10 16 732572
10 46 732580
10 43 732580
10 36 732581
10 2 732585
10 14 732589
10 50 732598
10 24 732602
10 3 732608
10 1 732616
10 4 732620
10 5 732620
10 44 732624
10 0 732632
10 39 732638
10 47 732642
10 29 732649
10 18 732650
10 22 732659
10 8 732665
10 9 732670
10 34 732678
10 6 732687
10 42 732688
10 23 732692
10 28 732701
10 40 732709
10 25 732715
10 1 732718
10 42 732724
10 47 732724
10 21 732725
10 44 732733
10 17 732741
10 39 732748
10 45 732751
10 27 732753
10 15 732757
10 31 732757
10 16 732759
10 30 732760
10 25 732769
10 53 732776
10 18 732778
10 0 732782
10 24 732790
10 3 732793
10 20 732794
10 43 732799
10 34 732807
10 35 732812
10 38 732820
10 12 732824
10 48 732825
11 52 732829
11 22 732838
11 27 732841
11 39 732847
11 53 732849
11 12 732858
11 25 732862
11 9 732866
11 2 732875
11 45 732876
11 3 732882
11 23 732883
11 24 732888
11 6 732897
11 20 732902
11 28 732905
11 34 732907
11 49 732908
11 18 732909
11 36 732918
11 17 732919
11 15 732920
11 16 732928
11 31 732937
11 50 732946
11 48 732955
11 8 732955
11 18 732957
11 14 732965
11 40 732972
11 5 732977
11 34 732986
11 47 732993
11 21 732993
11 53 733002
11 37 733008
11 15 733013
11 41 733016
11 2 733025
11 20 733029
11 28 733037
11 16 733041
11 50 733049
11 46 733050
11 19 733052
11 29 733057
11 13 733057
11 4 733064
11 35 733068
11 6 733072
11 1 733078
11 52 733084
12 40 733089
12 45 733095
12 7 733104
12 3 733106
12 51 733114
12 48 733116
12 32 733116
12 5 733123
12 50 733128
12 30 733135
12 49 733141
12 21 733147
12 1 733155
12 10 733162
12 13 733167
12 11 733167
12 24 733170
12 39 733173
12 25 733178
12 26 733182
12 47 733191
12 43 733196
12 4 733200
12 15 733202
12 27 733209
12 14 733215
12 53 733224
12 37 733226
12 52 733230
12 2 733233
12 23 733236
12 19 733243
12 44 733251
12 10 733253
12 24 733262
12 33 733263
12 0 733269
12 41 733271
12 26 733274
12 25 733276
12 11 733279
12 1 733286
12 14 733286
12 46 733291
12 15 733299
12 53 733303
12 51 733306
12 36 733315
12 49 733315
12 38 733319
12 39 733323
12 32 733329
12 7 733338
12 4 733341
12 29 733344
12 45 733346
12 6 733354
13 1 733360
13 46 733367
13 53 733368
13 3 733373
13 10 733381
13 43 733385
13 45 733387
13 26 733389
13 44 733394
13 11 733402
13 34 733407
13 23 733409
13 37 733415
13 6 733422
13 12 733430
13 38 733433
13 51 733435
13 16 733439
13 20 733448
13 24 733452
13 18 733455
13 7 733456
13 42 733463
13 0 733468
13 52 733472
13 18 733472
13 51 733481
13 16 733482
13 32 733483
13 40 733492
13 46 733492
13 43 733497
13 39 733498
13 4 733502
13 14 733505
13 50 733514
13 49 733520
13 48 733528
13 10 733531
13 20 733534
13 34 733539
13 47 733540
13 21 733545
13 22 733552
13 24 733555
13 6 733563
13 15 733566
13 12 733570
13 8 733570
14 1 733577
14 32 733586
14 15 733590
14 50 733593
14 25 733593
14 42 733596
14 27 733604
14 21 733604
14 38 733609
14 26 733618
14 22 733626
14 29 733626
14 41 733630
14 5 733633
14 16 733633
14 28 733637
14 31 733645
14 2 733646
14 36 733647
14 40 733647
14 13 733648
14 36 733654
14 31 733661
14 7 733667
14 28 733669
14 1 733677
14 21 733686
14 48 733686
14 39 733686
14 47 733693
14 53 733701
14 18 733708
14 4 733717
14 30 733725
14 33 733727
14 25 733731
14 11 733738
14 16 733738
14 42 733746
14 8 733755
14 45 733764
16 41 733768
16 34 733770
16 51 733778
17 15 733785
17 41 733787
17 3 733796
17 42 733800
17 24 733808
17 43 733815
17 4 733824
17 35 733832
17 12 733840
17 14 733849
17 51 733858
17 5 733863
17 7 733869
17 21 733870
17 46 733877
17 36 733880
17 44 733887
17 39 733892
17 49 733901
17 29 733902
17 22 733904
17 27 733904
17 1 733912
17 26 733920
17 53 733923
17 28 733926
17 34 733933
17 18 733938
17 20 733941
17 38 733948
17 32 733951
17 2 733953
17 34 733957
17 6 733961
17 14 733967
17 51 733970
17 4 733975
17 38 733979
17 49 733983
17 45 733986
17 24 733994
17 43 734000
17 23 734001
17 1 734008
17 50 734008
17 47 734010
17 42 734011
17 10 734016
17 22 734023
17 11 734024
17 41 734031
17 31 734035
17 19 734037
17 46 734045
17 25 734046
17 35 734054
17 5 734061
18 41 734066
18 21 734070
18 36 734075
18 37 734077
18 35 734081
18 28 734085
18 26 734085
18 32 734093
18 2 734096
18 31 734097
18 0 734103
18 11 734109
18 7 734114
18 4 734116
18 25 734116
18 5 734118
18 22 734124
18 40 734129
18 8 734134
18 15 734140
18 29 734143
18 20 734152
18 28 734159
18 12 734163
18 25 734163
18 16 734166
18 23 734169
18 8 734176
18 17 734183
18 19 734188
18 42 734191
18 27 734193
18 51 734200
18 40 734202
18 10 734209
18 41 734213
18 9 734215
18 22 734219
18 7 734223
18 39 734230
18 1 734233
18 29 734233
18 48 734238
19 14 734246
19 1 734246
19 30 734248
19 24 734254
19 38 734254
19 13 734262
19 23 734271
19 43 734271
19 39 734271
19 2 734271
19 51 734276
20 48 734282
20 27 734291
20 5 734295
20 44 734298
20 49 734301
20 3 734310
20 19 734316
20 51 734324
20 4 734326
20 30 734335
20 35 734336
20 9 734345
20 38 734346
20 45 734353
20 18 734361
20 1 734367
20 46 734371
20 36 734376
20 28 734376
20 14 734378
20 30 734382
20 40 734389
20 5 734389
20 1 734394
20 31 734394
20 26 734398
20 21 734404
20 52 734408
20 8 734416
20 23 734421
20 15 734423
20 34 734423
20 6 734425
21 26 734431
21 15 734439
21 19 734442
21 4 734451
21 29 734457
21 2 734464
21 12 734466
21 5 734475
21 41 734476
21 24 734480
21 40 734486
21 30 734494
21 34 734498
21 43 734499
21 53 734508
21 31 734517
21 6 734518
21 48 734520
21 8 734528
21 3 734529
21 7 734535
21 33 734535
21 35 734543
21 17 734549
21 22 734558
21 18 734558
21 49 734560
21 48 734562
21 19 734563
21 4 734567
21 24 734569
21 17 734569
21 14 734571
21 10 734571
21 38 734573
21 31 734574
21 30 734577
21 13 734581
21 12 734589
21 18 734593
21 43 734601
21 53 734603
21 11 734612
21 50 734621
21 47 734621
21 7 734622
21 26 734630
21 27 734632
21 5 734639
21 28 734645
21 41 734651
21 3 734654
21 46 734656
21 44 734659
21 8 734665
21 52 734673
21 32 734676
21 1 734683
22 47 734685
22 2 734685
22 40 734687
22 17 734688
22 15 734688
22 23 734690
22 29 734695
22 3 734696
22 48 734696
22 45 734700
22 18 734709
22 19 734714
22 16 734714
22 52 734722
22 51 734726
22 31 734727
22 38 734736
22 0 734740
23 43 734741
23 42 734741
23 6 734744
23 19 734753
23 2 734759
23 37 734759
23 3 734761
24 2 734770
24 19 734770
24 29 734777
24 18 734777
24 53 734784
24 37 734790
24 43 734796
24 7 734798
24 11 734801
24 32 734803
24 16 734811
24 12 734817
24 5 734821
24 27 734823
24 50 734831
24 47 734840
24 36 734847
24 26 734854
24 23 734858
24 34 734861
24 46 734862
24 30 734865
24 49 734866
24 51 734867
24 13 734874
24 11 734881
24 20 734886
24 3 734892
24 6 734895
24 10 734898
24 38 734907
24 52 734911
24 31 734915
24 33 734921
24 14 734924
24 23 734928
24 53 734936
24 9 734942
24 35 734944
24 26 734946
25 46 734955
25 37 734955
25 49 734959
25 33 734967
25 40 734971
25 9 734971
25 29 734980
25 17 734981
25 26 734985
25 53 734991
25 44 734999
25 16 735002
25 13 735010
25 45 735014
25 44 735019
25 40 735020
25 50 735025
25 11 735031
25 22 735039
25 8 735048
25 13 735053
25 43 735059
25 52 735059
25 12 735068
25 16 735072
25 24 735072
25 26 735074
25 48 735078
25 3 735084
25 5 735087
25 19 735092
26 30 735096
26 24 735096
26 20 735098
27 35 735103
27 24 735107
27 9 735107
28 42 735113
28 49 735117
28 52 735120
28 44 735124
28 11 735128
28 29 735133
28 0 735140
28 24 735145
28 21 735149
28 8 735156
28 7 735163
28 53 735164
28 43 735171
28 14 735172
28 40 735173
28 9 735173
28 32 735174
28 47 735174
28 10 735179
28 50 735182
28 5 735185
28 18 735194
28 46 735197
28 41 735202
28 2 735204
28 27 735209
28 4 735213
28 45 735214
28 23 735216
28 1 735225
28 20 735228
28 39 735235
28 36 735235
28 11 735242
28 37 735243
28 7 735249
28 32 735251
29 48 735252
29 18 735254
29 43 735257
29 8 735262
29 32 735270
29 7 735270
29 37 735277
29 24 735280
29 4 735288
29 35 735297
29 9 735303
29 17 735310
29 28 735318
29 31 735320
29 46 735324
29 44 735329
29 53 735333
29 52 735333
29 49 735333
29 27 735339
29 26 735344
29 2 735347
29 51 735352
29 38 735358
29 41 735364
29 21 735372
29 1 735380
29 33 735389
29 5 735397
29 0 735404
29 14 735410
29 23 735410
29 4 735417
29 2 735426
29 39 735426
29 36 735433
29 9 735438
29 50 735442
29 14 735451
29 41 735458
29 37 735458
29 6 735462
29 35 735463
29 47 735472
29 51 735472
29 26 735473
29 10 735473
29 16 735482
29 42 735484
29 53 735488
29 40 735493
29 48 735495
29 13 735498
29 44 735499
29 25 735502
29 22 735505
29 46 735513
29 20 735514
29 12 735518
29 45 735526
29 31 735534
29 24 735537
29 21 735542
29 11 735546
30 24 735549
30 41 735555
30 6 735562
30 9 735566
30 22 735571
30 2 735574
30 53 735583
30 38 735583
30 8 735588
30 32 735594
30 19 735596
30 11 735605
30 7 735609
30 45 735617
30 33 735619
30 12 735624
30 13 735631
30 10 735632
30 38 735637
30 20 735638
30 9 735641
30 15 735650
30 18 735659
30 40 735665
30 49 735672
30 11 735672
30 34 735681
30 6 735689
30 31 735698
30 24 735702
30 13 735710
30 29 735718
30 47 735725
30 46 735732
30 44 735737
30 43 735746
31 27 735752
31 29 735753
31 24 735760
31 40 735769
31 37 735778
31 8 735785
31 9 735792
31 7 735793
31 17 735801
31 21 735806
31 11 735806
31 3 735810
31 28 735818
31 14 735821
31 36 735828
31 10 735832
31 16 735841
31 42 735850
31 25 735859
31 34 735867
31 15 735870
31 13 735879
31 49 735881
31 50 735884
31 26 735890
31 24 735895
31 26 735901
31 17 735905
31 0 735914
31 32 735919
31 40 735926
31 50 735926
31 53 735930
31 42 735932
31 52 735936
31 19 735943
31 27 735945
31 39 735952
31 49 735954
31 29 735959
31 36 735959
31 45 735959
31 44 735968
31 9 735970
31 13 735973
31 41 735976
31 21 735976
31 14 735977
31 46 735985
31 11 735987
31 7 735990
31 4 735997
31 33 736000
31 51 736004
32 42 736008
32 53 736013
32 7 736018
32 8 736018
32 24 736026
32 39 736034
32 10 736041
32 18 736049
32 22 736055
32 45 736062
33 31 736062
33 39 736070
33 8 736072
33 37 736079
33 6 736087
33 25 736089
33 45 736098
33 11 736102
33 29 736104
33 41 736109
33 40 736112
33 42 736117
33 35 736123
33 13 736129
33 50 736135
33 26 736135
33 46 736136
33 52 736142
33 2 736145
33 19 736146
33 30 736154
33 14 736156
33 1 736165
33 17 736172
33 38 736172
33 51 736181
33 14 736190
33 19 736196
33 2 736201
33 50 736201
33 42 736201
33 39 736206
33 23 736214
33 53 736223
33 38 736232
33 1 736240
33 16 736241
33 45 736244
33 52 736244
33 12 736244
33 22 736252
33 4 736259
33 24 736260
33 21 736262
33 35 736267
33 41 736269
33 20 736276
33 44 736281
33 25 736281
33 51 736283
33 29 736286
33 8 736294
33 6 736294
33 9 736297
33 31 736298
35 4 736301
35 19 736303
35 18 736311
35 28 736319
35 32 736327
35 29 736335
35 34 736337
35 41 736339
35 15 736340
35 16 736344
35 7 736345
35 9 736349
35 14 736349
35 52 736356
35 40 736365
35 12 736371
35 53 736377
35 17 736386
35 52 736395
35 44 736395
35 40 736397
35 27 736399
35 28 736404
35 23 736413
35 41 736415
35 0 736421
35 50 736423
35 48 736425
35 51 736428
36 6 736433
36 2 736436
36 30 736440
36 11 736444
36 13 736446
36 3 736450
36 5 736458
36 50 736467
36 15 736475
36 41 736480
36 17 736484
36 16 736488
36 51 736491
36 53 736491
36 14 736496
36 34 736498
36 46 736504
36 12 736504
36 19 736511
36 48 736511
36 39 736516
36 26 736520
36 29 736522
36 52 736524
36 10 736526
36 7 736533
36 9 736542
36 40 736546
36 8 736550
36 43 736556
36 18 736562
36 16 736563
36 32 736563
36 51 736563
36 38 736570
36 20 736572
36 53 736580
36 44 736581
36 2 736587
36 34 736592
36 35 736595
36 15 736604
36 29 736605
36 17 736605
36 27 736611
36 7 736615
36 13 736619
36 39 736626
36 23 736630
36 10 736639
36 12 736646
36 3 736648
36 46 736653
36 50 736655
36 25 736661
36 43 736663
37 47 736671
37 15 736675
37 13 736675
38 13 736683
38 22 736692
38 49 736701
38 18 736708
38 41 736713
38 10 736715
38 12 736715
38 1 736715
38 34 736716
38 0 736722
38 52 736724
38 25 736732
38 26 736740
38 31 736748
38 51 736752
38 27 736754
38 44 736760
38 19 736766
38 6 736772
38 24 736774
38 46 736781
38 11 736789
38 36 736797
38 37 736806
38 7 736811
38 21 736820
38 28 736825
38 39 736825
38 53 736834
38 3 736834
38 2 736834
38 23 736839
38 35 736839
38 6 736847
38 33 736850
38 40 736850
38 12 736859
38 30 736860
38 4 736867
38 18 736871
38 19 736874
38 53 736879
38 3 736888
38 22 736897
38 41 736903
38 10 736911
38 42 736911
38 8 736911
38 25 736915
38 24 736921
38 11 736928
38 46 736932
38 48 736936
38 0 736941
38 21 736942
38 31 736951
38 49 736952
38 51 736959
38 47 736964
39 20 736967
39 35 736974
39 47 736981
39 48 736990
39 15 736992
39 51 736997
39 8 736998
39 32 737005
39 36 737010
39 38 737017
39 42 737017
39 33 737022
39 5 737027
39 40 737035
39 41 737038
39 0 737043
39 21 737048
39 43 737053
39 45 737053
39 16 737057
39 36 737058
39 41 737061
39 49 737067
39 42 737072
39 44 737072
39 27 737077
39 13 737083
39 24 737087
39 10 737089
39 11 737098
39 7 737098
39 52 737100
39 53 737105
39 4 737110
39 37 737118
39 19 737127
39 3 737134
39 47 737143
39 48 737144
39 21 737151
39 28 737154
39 9 737158
39 5 737161
39 50 737163
39 25 737167
39 31 737172
40 44 737180
40 39 737185
40 50 737193
40 15 737200
40 0 737206
40 32 737215
40 53 737223
40 28 737226
40 9 737231
40 52 737237
40 43 737245
40 18 737251
40 8 737254
40 38 737260
40 10 737265
40 27 737265
40 12 737267
40 11 737273
40 2 737279
40 5 737280
40 33 737288
40 34 737288
40 14 737296
40 49 737300
40 23 737304
40 29 737306
40 30 737306
40 20 737314
40 48 737314
40 42 737316
40 50 737322
40 12 737326
40 24 737327
40 26 737328
40 53 737334
40 42 737340
40 18 737349
40 9 737350
40 27 737353
40 0 737358
40 37 737364
40 33 737373
40 48 737382
40 11 737388
40 31 737397
40 14 737398
40 38 737405
40 39 737407
40 4 737411
40 8 737411
40 28 737415
40 1 737419
40 15 737423
40 29 737431
40 21 737440
40 32 737444
40 16 737445
40 17 737449
40 44 737456
40 46 737457
41 11 737459
41 21 737466
41 5 737469
41 49 737472
41 12 737474
41 34 737477
41 45 737478
41 44 737486
41 17 737490
41 8 737492
41 42 737497
41 32 737500
41 38 737500
41 9 737506
41 37 737512
41 20 737518
41 18 737525
41 51 737526
41 29 737531
41 48 737532
41 0 737539
41 31 737545
41 2 737552
41 17 737554
41 5 737556
41 53 737561
41 47 737565
41 43 737572
41 45 737573
41 6 737578
41 24 737580
41 40 737589
41 42 737596
41 27 737600
42 36 737604
42 39 737611
42 47 737617
42 3 737617
42 21 737624
42 44 737630
42 41 737639
42 7 737644
42 20 737649
42 10 737652
42 12 737657
42 24 737659
42 52 737666
42 25 737672
42 33 737675
42 48 737679
42 27 737679
42 9 737683
42 53 737685
42 50 737685
42 31 737692
42 14 737697
42 20 737701
42 22 737704
42 21 737704
42 23 737712
42 6 737712
42 1 737720
42 16 737724
42 9 737726
42 5 737732
42 40 737736
42 46 737737
42 29 737741
42 8 737746
42 37 737755
42 19 737761
42 39 737769
43 22 737777
43 24 737783
43 50 737787
43 53 737795
43 6 737802
43 49 737811
43 45 737814
43 41 737821
43 9 737823
43 15 737826
43 17 737833
43 16 737841
43 3 737845
43 2 737853
43 18 737856
43 27 737857
43 34 737866
43 44 737874
43 37 737883
43 20 737890
43 23 737894
43 52 737903
43 31 737911
43 7 737916
43 39 737920
43 28 737927
43 8 737930
43 40 737938
43 2 737940
43 22 737945
43 30 737953
43 9 737954
43 3 737958
43 11 737963
43 33 737970
43 32 737973
43 48 737982
43 10 737991
43 25 737993
43 37 738000
43 4 738006
43 29 738013
43 20 738016
43 38 738017
43 18 738024
43 5 738024
43 21 738032
43 35 738033
43 53 738041
43 17 738043
43 24 738052
43 50 738052
43 44 738055
43 27 738056
43 36 738065
43 14 738073
43 19 738077
43 13 738085
43 34 738093
43 45 738099
44 43 738102
44 28 738111
44 47 738113
44 52 738113
44 20 738122
44 53 738126
44 48 738133
44 2 738138
44 8 738145
44 1 738152
44 21 738155
44 51 738162
44 11 738165
44 38 738168
44 20 738169
44 46 738170
44 8 738172
44 29 738176
44 49 738181
44 48 738183
45 46 738191
45 37 738194
45 32 738200
45 47 738203
45 9 738205
45 18 738211
45 35 738214
45 2 738219
45 29 738222
45 36 738227
45 15 738228
45 5 738237
45 23 738246
45 33 738247
45 25 738248
45 28 738253
45 41 738259
45 26 738261
45 50 738263
45 27 738264
45 52 738264
45 20 738266
45 7 738271
45 43 738271
45 40 738280
45 19 738287
45 53 738287
45 24 738290
45 3 738290
45 12 738295
45 1 738302
45 30 738307
45 12 738316
45 53 738317
45 35 738322
45 33 738330
45 15 738334
45 52 738335
45 19 738337
45 43 738345
45 42 738352
45 40 738361
45 21 738369
45 44 738369
45 20 738375
45 50 738375
45 27 738380
45 3 738386
45 36 738392
45 13 738394
45 11 738397
45 4 738397
45 8 738404
45 41 738405
45 9 738405
45 16 738406
45 26 738412
45 51 738420
45 32 738429
45 10 738432
45 46 738433
45 39 738435
45 34 738443
45 49 738452
46 48 738453
46 20 738453
46 30 738453
46 50 738458
46 33 738458
46 26 738459
46 38 738460
46 43 738463
46 10 738470
46 6 738479
46 35 738488
46 16 738496
46 53 738504
46 25 738510
46 3 738518
46 5 738519
46 0 738522
46 29 738524
46 26 738530
46 6 738536
46 27 738536
46 9 738543
46 25 738547
46 32 738556
46 11 738564
46 47 738571
46 41 738574
46 2 738581
46 49 738583
46 31 738584
47 42 738587
47 5 738591
47 27 738593
47 21 738602
47 53 738610
47 8 738619
47 43 738620
47 41 738621
47 30 738629
47 9 738630
47 19 738637
47 45 738643
47 37 738652
47 31 738654
47 4 738656
47 34 738657
47 48 738666
47 15 738670
47 25 738679
47 0 738683
47 28 738690
47 18 738698
47 46 738705
47 10 738712
47 9 738718
47 19 738721
47 38 738721
47 32 738730
47 35 738736
47 12 738743
47 49 738743
47 21 738746
47 43 738748
47 45 738756
47 11 738758
47 53 738763
47 25 738766
47 1 738771
47 33 738771
47 23 738773
47 20 738778
47 36 738780
47 39 738782
47 6 738787
48 31 738793
48 8 738795
48 46 738800
48 10 738809
48 39 738814
48 33 738822
48 49 738830
48 29 738835
48 2 738836
48 0 738841
48 5 738845
48 4 738854
48 3 738858
48 7 738860
48 17 738863
48 41 738871
48 13 738876
48 36 738884
48 45 738884
48 40 738892
48 21 738892
48 14 738892
48 34 738894
48 52 738898
48 16 738902
48 23 738910
48 28 738913
48 7 738918
48 2 738923
48 52 738923
48 27 738930
48 46 738935
48 39 738935
48 20 738935
48 12 738942
48 31 738947
48 18 738947
48 9 738949
48 33 738956
48 38 738958
48 32 738959
48 51 738968
48 41 738971
48 35 738974
48 29 738974
48 16 738979
48 26 738987
48 8 738988
48 37 738991
48 47 738995
48 30 739002
48 0 739002
49 37 739010
49 7 739012
49 28 739015
49 14 739020
49 42 739028
49 4 739031
49 33 739032
49 3 739036
49 27 739042
49 38 739046
49 2 739053
49 35 739055
49 20 739062
49 24 739067
49 15 739067
49 10 739067
49 50 739070
49 23 739072
49 18 739073
49 11 739079
49 36 739086
49 32 739094
49 47 739102
49 53 739102
49 48 739102
49 17 739103
49 51 739112
49 0 739113
49 43 739119
49 36 739126
49 1 739133
49 24 739138
49 4 739145
49 7 739153
49 2 739158
49 19 739167
49 26 739172
49 11 739180
49 12 739180
49 47 739180
49 27 739189
49 32 739197
49 22 739206
49 30 739210
49 13 739215
49 9 739221
49 45 739229
49 46 739235
49 10 739240
49 37 739242
49 28 739246
49 14 739253
49 39 739258
49 31 739259
49 21 739259
49 51 739265
49 15 739265
49 50 739267
49 40 739276
49 23 739283
50 49 739287
50 33 739291
50 43 739297
50 40 739302
50 18 739311
50 44 739318
50 14 739321
50 38 739321
50 51 739328
50 1 739329
50 35 739337
50 20 739343
50 27 739352
50 7 739360
50 9 739367
50 29 739369
50 15 739375
50 8 739380
50 2 739381
50 17 739382
50 13 739382
50 19 739384
50 16 739393
50 4 739393
50 48 739393
50 32 739399
50 39 739400
50 4 739406
50 37 739411
50 26 739413
50 14 739420
50 35 739427
50 23 739427
50 52 739427
50 30 739435
50 10 739436
50 53 739436
50 17 739443
50 40 739452
50 20 739458
50 51 739461
50 5 739466
50 12 739469
50 9 739471
50 49 739476
50 45 739483
50 16 739486
50 27 739494
50 46 739497
50 33 739505
50 18 739510
51 36 739515
51 49 739517
51 46 739523
51 37 739523
51 23 739528
51 30 739532
51 4 739535
51 13 739538
51 10 739541
51 42 739548
51 14 739551
51 47 739555
51 8 739555
51 42 739564
51 20 739571
51 3 739575
51 47 739577
51 10 739583
51 11 739585
51 48 739586
51 18 739587
51 45 739590
51 43 739594
51 0 739601
51 30 739601
51 39 739601
51 12 739609
52 7 739609
52 1 739614
52 37 739619
52 17 739623
52 27 739623
52 35 739623
52 41 739625
52 48 739631
52 19 739632
52 26 739634
52 21 739637
52 15 739641
52 25 739650
52 38 739650
52 13 739656
52 23 739665
52 50 739669
52 45 739671
52 40 739673
52 34 739680
52 10 739689
52 20 739697
52 31 739703
52 46 739704
52 39 739706
52 32 739707
52 43 739709
52 8 739716
52 16 739719
52 0 739726
52 0 739730
52 12 739738
52 43 739741
52 53 739744
52 49 739753
52 30 739753
52 42 739758
52 36 739766
52 23 739774
52 37 739783
52 50 739784
52 38 739784
52 7 739790
52 48 739797
52 14 739805
52 3 739806
52 22 739808
52 9 739809
52 41 739818
52 31 739827
52 8 739828
52 26 739837
52 25 739846
52 39 739852
52 5 739855
52 21 739858
52 45 739861
52 1 739863
52 47 739869
52 18 739876
52 6 739885
53 47 739885
53 50 739887
53 48 739891
53 15 739896
53 12 739896
53 20 739901
53 30 739910
53 1 739911
53 44 739917
53 38 739921
53 27 739928
53 7 739937
53 45 739939
53 29 739947
53 39 739951
53 32 739955
53 46 739958
53 8 739963
53 49 739970
53 11 739970
53 37 739979
53 10 739984
53 16 739992
53 24 739995
53 13 740003
53 6 740003
53 51 740011
53 42 740013
53 33 740017
53 9 740020
53 4 740028
53 0 740036
53 52 740045
53 45 740045
53 43 740046
53 41 740048
53 13 740050
53 10 740053
53 20 740062
53 11 740069
53 47 740071
53 28 740074
53 32 740079
53 31 740084
53 23 740089
53 50 740092
53 16 740100
53 3 740105
53 48 740110
53 37 740113
53 34 740122
53 19 740124
53 52 740127
53 9 740132
53 30 740138
53 25 740147
53 8 740154
53 35 740160
53 39 740164
53 33 740171
53 4 740172
53 46 740178
53 27 740178
53 7 740184
