61
true
0 54 1047579
0 13 1047583
0 5 1047587
0 14 1047591
0 59 1047591
0 9 1047595
0 16 1047600
0 26 1047604
0 40 1047611
0 52 1047613
0 29 1047618
0 31 1047626
0 32 1047628
0 43 1047631
0 23 1047635
0 50 1047641
0 2 1047643
0 45 1047651
0 27 1047657
0 28 1047663
0 6 1047672
0 38 1047676
0 41 1047681
0 1 1047686
0 16 1047689
0 57 1047696
0 51 1047697
0 13 1047703
0 2 1047703
0 33 1047703
0 17 1047703
0 23 1047709
0 49 1047717
0 42 1047723
0 50 1047730
0 34 1047737
0 20 1047737
0 38 1047742
0 48 1047751
0 27 1047756
0 30 1047761
0 44 1047768
0 22 1047774
0 21 1047774
0 5 1047782
0 60 1047785
1 16 1047794
1 8 1047802
1 47 1047802
1 59 1047806
1 52 1047809
1 49 1047817
1 39 1047825
1 6 1047828
1 31 1047834
1 3 1047839
1 40 1047839
1 57 1047845
1 38 1047851
1 58 1047858
1 33 1047863
1 44 1047863
1 35 1047865
1 29 1047873
1 34 1047876
1 17 1047879
1 50 1047880
1 20 1047887
1 26 1047887
1 22 1047889
1 39 1047889
1 41 1047893
1 30 1047902
1 7 1047907
1 19 1047911
1 38 1047918
1 49 1047920
1 3 1047926
2 5 1047928
2 48 1047934
2 40 1047941
2 42 1047946
2 11 1047947
2 19 1047953
2 20 1047960
2 38 1047964
2 21 1047969
2 50 1047971
2 43 1047975
2 3 1047982
2 1 1047984
2 14 1047988
2 45 1047995
2 35 1048000
2 25 1048004
2 32 1048004
2 22 1048005
2 27 1048014
2 4 1048019
2 52 1048027
2 53 1048027
2 58 1048027
2 40 1048035
2 3 1048040
2 31 1048040
2 16 1048045
2 24 1048046
2 55 1048052
2 56 1048053
2 33 1048060
2 45 1048062
2 52 1048066
2 29 1048075
2 20 1048075
2 9 1048082
2 60 1048084
2 10 1048085
2 49 1048093
2 41 1048095
2 34 1048104
2 1 1048107
2 51 1048114
2 25 1048122
2 0 1048122
2 54 1048124
2 38 1048126
2 30 1048126
2 6 1048129
3 30 1048135
3 53 1048138
3 33 1048143
3 21 1048148
3 42 1048149
3 23 1048158
3 24 1048159
3 12 1048166
3 14 1048166
3 20 1048166
3 6 1048168
3 60 1048172
3 40 1048174
3 34 1048177
3 4 1048178
3 54 1048184
3 49 1048191
3 9 1048200
3 15 1048208
3 31 1048208
3 32 1048214
3 25 1048223
3 48 1048230
3 39 1048239
3 18 1048246
3 17 1048252
3 27 1048252
3 5 1048256
3 19 1048261
3 55 1048262
3 10 1048271
3 35 1048280
3 38 1048289
3 57 1048290
3 16 1048298
3 21 1048305
3 11 1048305
3 36 1048314
3 49 1048314
3 28 1048318
3 19 1048325
3 4 1048330
3 14 1048336
3 30 1048345
3 9 1048354
3 57 1048360
3 41 1048365
3 44 1048373
3 5 1048380
3 25 1048381
3 2 1048381
3 47 1048382
3 54 1048382
3 13 1048389
3 32 1048389
3 0 1048391
3 24 1048396
3 15 1048399
3 22 1048400
3 38 1048406
3 29 1048407
3 42 1048412
3 43 1048416
3 10 1048425
3 23 1048431
3 34 1048439
3 56 1048440
4 28 1048445
4 1 1048454
4 12 1048462
4 33 1048471
4 19 1048475
4 7 1048479
4 50 1048486
4 57 1048494
4 58 1048502
4 45 1048507
4 17 1048516
4 38 1048520
4 29 1048527
4 49 1048531
4 18 1048538
4 5 1048544
4 32 1048549
4 47 1048555
4 40 1048557
4 36 1048559
4 44 1048564
4 46 1048564
4 25 1048568
4 23 1048573
4 22 1048581
4 21 1048589
4 30 1048593
4 25 1048602
4 1 1048606
4 50 1048611
4 48 1048615
4 13 1048616
4 14 1048625
4 56 1048627
4 10 1048633
4 2 1048639
4 8 1048646
4 54 1048650
4 39 1048651
4 12 1048654
4 47 1048661
4 26 1048664
4 37 1048673
4 23 1048678
4 17 1048687
4 31 1048690
4 55 1048693
4 20 1048697
4 24 1048703
4 29 1048712
4 0 1048721
4 5 1048723
4 58 1048728
4 45 1048737
5 45 1048743
5 25 1048743
6 9 1048749
6 3 1048758
6 5 1048765
6 30 1048766
6 31 1048769
6 59 1048771
6 52 1048772
6 56 1048779
6 50 1048787
6 57 1048796
6 26 1048805
6 10 1048808
6 14 1048809
6 55 1048813
6 21 1048817
6 24 1048820
6 34 1048829
6 42 1048834
6 22 1048835
6 4 1048844
6 8 1048849
6 60 1048854
6 48 1048861
6 20 1048870
6 27 1048871
6 43 1048871
6 39 1048875
6 32 1048878
6 44 1048884
6 19 1048889
6 25 1048898
6 11 1048904
6 37 1048913
6 33 1048917
6 55 1048919
6 41 1048924
6 32 1048932
6 58 1048940
6 33 1048941
6 40 1048948
6 21 1048953
6 16 1048957
6 43 1048965
6 2 1048972
6 3 1048975
6 28 1048979
6 53 1048982
6 37 1048984
6 9 1048991
6 20 1048997
6 19 1049003
6 57 1049010
6 22 1049013
6 56 1049015
6 39 1049017
6 42 1049024
6 11 1049026
6 29 1049032
6 5 1049032
6 52 1049041
6 59 1049041
6 50 1049042
6 0 1049049
6 31 1049054
6 10 1049060
6 36 1049062
6 25 1049062
7 6 1049064
7 30 1049069
7 1 1049078
7 46 1049081
7 35 1049088
7 51 1049097
7 36 1049098
7 16 1049105
7 4 1049106
7 34 1049110
7 12 1049110
7 3 1049114
7 17 1049116
7 24 1049125
7 37 1049133
7 47 1049139
7 11 1049143
7 28 1049149
7 43 1049152
7 14 1049152
7 57 1049153
7 53 1049161
7 49 1049167
7 56 1049176
7 13 1049177
7 50 1049186
7 15 1049188
7 5 1049188
7 23 1049192
7 29 1049194
7 19 1049197
7 10 1049204
7 48 1049213
7 42 1049217
7 38 1049218
7 33 1049220
7 26 1049224
7 25 1049233
7 32 1049241
7 32 1049249
7 48 1049251
7 50 1049260
7 4 1049263
7 58 1049265
7 46 1049272
7 44 1049277
7 49 1049285
7 0 1049291
7 25 1049296
7 14 1049303
7 29 1049308
7 56 1049314
7 41 1049320
7 5 1049321
7 34 1049328
7 52 1049335
7 55 1049342
7 38 1049344
7 33 1049351
7 27 1049351
7 59 1049353
7 11 1049357
7 3 1049363
7 2 1049368
7 57 1049375
7 40 1049378
7 31 1049387
7 23 1049394
7 10 1049402
7 28 1049405
7 60 1049407
7 30 1049415
7 39 1049420
7 1 1049428
7 53 1049437
7 37 1049439
7 9 1049440
8 33 1049447
8 23 1049449
8 51 1049449
8 34 1049455
8 38 1049463
8 30 1049468
8 12 1049472
8 15 1049474
8 6 1049478
8 7 1049487
8 26 1049489
8 50 1049491
8 52 1049499
8 24 1049505
8 47 1049512
8 59 1049513
8 55 1049521
8 29 1049524
9 59 1049524
9 16 1049527
9 13 1049534
9 57 1049541
9 30 1049544
9 43 1049551
9 8 1049557
9 2 1049564
9 40 1049569
10 5 1049577
10 53 1049584
10 32 1049591
10 38 1049599
10 4 1049606
10 0 1049608
10 3 1049613
10 17 1049621
10 47 1049621
10 8 1049630
10 16 1049635
10 21 1049642
10 1 1049650
10 49 1049658
10 24 1049658
10 55 1049658
10 35 1049660
10 41 1049663
10 26 1049670
10 37 1049679
10 45 1049684
10 43 1049691
10 19 1049699
10 60 1049707
10 15 1049713
10 13 1049715
10 59 1049715
10 23 1049724
10 53 1049725
10 29 1049725
10 58 1049730
10 12 1049739
10 5 1049741
10 1 1049746
10 60 1049747
10 26 1049753
10 42 1049759
10 22 1049765
10 25 1049771
10 27 1049777
10 39 1049779
10 33 1049786
10 44 1049790
10 6 1049798
10 16 1049803
10 35 1049806
10 13 1049810
10 32 1049815
10 21 1049822
10 45 1049830
10 55 1049837
10 31 1049844
10 11 1049846
10 14 1049849
10 2 1049856
10 3 1049861
10 40 1049867
10 28 1049871
11 42 1049880
11 17 1049889
11 41 1049896
11 12 1049897
11 48 1049904
11 57 1049904
11 52 1049913
11 5 1049915
11 19 1049918
11 49 1049924
11 22 1049926
11 28 1049935
11 14 1049944
11 58 1049950
11 36 1049955
11 27 1049958
11 37 1049962
11 10 1049968
11 4 1049970
11 45 1049971
11 43 1049974
11 35 1049974
11 38 1049979
11 13 1049988
11 3 1049992
11 31 1049994
11 50 1050001
11 18 1050004
11 16 1050005
11 20 1050008
11 56 1050012
11 24 1050016
11 25 1050021
11 2 1050024
11 59 1050029
11 21 1050036
11 55 1050045
11 16 1050049
11 32 1050057
11 3 1050059
11 42 1050065
11 23 1050073
11 45 1050081
11 15 1050081
11 38 1050086
11 47 1050094
11 34 1050095
11 33 1050099
11 57 1050099
11 29 1050100
11 52 1050102
11 39 1050104
11 17 1050113
11 44 1050116
11 8 1050119
11 12 1050128
11 51 1050131
11 46 1050138
11 41 1050146
11 27 1050154
11 5 1050155
11 37 1050160
11 14 1050162
11 10 1050165
11 26 1050166
11 22 1050168
12 27 1050174
12 52 1050183
12 22 1050191
12 6 1050193
12 1 1050195
12 24 1050201
12 23 1050204
12 49 1050206
12 11 1050215
12 39 1050223
12 43 1050230
12 58 1050238
12 29 1050241
12 38 1050247
12 47 1050256
12 30 1050259
12 48 1050264
12 36 1050266
12 42 1050272
12 3 1050274
12 16 1050274
12 10 1050282
12 53 1050288
12 37 1050296
12 44 1050301
12 34 1050306
12 55 1050312
12 5 1050315
12 40 1050318
12 34 1050323
12 58 1050327
12 26 1050328
12 6 1050336
12 21 1050343
12 47 1050349
12 27 1050352
12 2 1050356
12 10 1050357
12 22 1050364
12 49 1050367
12 18 1050373
12 7 1050380
12 9 1050382
12 20 1050383
12 48 1050385
12 28 1050385
12 46 1050387
12 5 1050395
12 53 1050396
12 45 1050399
12 35 1050407
12 41 1050416
12 3 1050424
12 55 1050432
12 29 1050439
12 50 1050446
12 0 1050447
13 52 1050451
13 60 1050456
13 27 1050462
13 50 1050464
13 5 1050473
13 37 1050476
13 24 1050481
13 32 1050487
13 16 1050487
13 30 1050492
13 33 1050499
13 53 1050505
13 6 1050508
13 47 1050510
13 7 1050513
13 22 1050516
13 36 1050523
13 56 1050532
13 44 1050538
13 2 1050544
13 38 1050544
14 38 1050552
14 27 1050556
14 19 1050556
14 46 1050559
14 42 1050565
14 29 1050570
14 13 1050576
14 37 1050585
14 15 1050586
14 41 1050592
14 6 1050599
14 8 1050602
14 32 1050603
14 43 1050610
14 12 1050617
14 31 1050620
14 26 1050622
14 10 1050628
14 40 1050635
14 50 1050635
14 11 1050644
14 35 1050647
14 17 1050651
14 34 1050659
14 21 1050667
14 4 1050674
14 57 1050681
14 1 1050689
14 47 1050695
14 3 1050695
14 22 1050697
14 23 1050699
14 33 1050705
14 7 1050709
14 39 1050709
14 16 1050718
14 54 1050726
14 55 1050732
14 50 1050737
14 49 1050737
14 8 1050746
14 2 1050755
14 9 1050761
14 15 1050761
14 44 1050763
14 59 1050763
14 16 1050765
14 17 1050768
14 20 1050773
14 21 1050774
14 6 1050783
14 7 1050786
14 35 1050792
14 1 1050798
14 42 1050804
14 13 1050806
14 23 1050809
14 0 1050810
14 25 1050818
14 34 1050819
14 54 1050828
14 41 1050830
14 29 1050837
14 52 1050845
14 58 1050853
14 28 1050859
14 3 1050861
14 36 1050870
14 40 1050879
14 46 1050879
14 45 1050881
14 38 1050890
14 32 1050896
14 51 1050905
14 24 1050908
14 53 1050911
14 4 1050915
14 57 1050921
14 56 1050930
14 18 1050931
15 9 1050940
15 32 1050941
15 40 1050948
15 1 1050957
15 48 1050966
15 10 1050968
15 60 1050971
15 39 1050974
15 42 1050983
15 33 1050984
15 3 1050986
15 19 1050990
15 46 1050994
15 53 1051001
15 52 1051003
15 13 1051005
15 16 1051006
15 49 1051008
15 58 1051016
15 28 1051018
15 28 1051024
15 46 1051029
15 30 1051034
15 50 1051034
15 59 1051039
15 31 1051048
15 5 1051055
15 49 1051059
15 4 1051065
15 19 1051073
15 35 1051082
15 56 1051090
15 54 1051095
15 44 1051103
15 14 1051104
15 12 1051113
15 9 1051121
15 21 1051123
15 6 1051131
15 53 1051135
15 47 1051139
16 5 1051148
16 32 1051155
16 38 1051163
16 7 1051166
16 11 1051174
16 26 1051174
16 9 1051182
16 54 1051185
16 58 1051186
16 8 1051186
16 18 1051191
16 23 1051195
16 27 1051204
16 30 1051211
16 55 1051220
16 53 1051225
16 13 1051230
16 22 1051238
16 34 1051239
16 31 1051241
16 56 1051249
16 21 1051256
16 25 1051263
16 40 1051268
16 4 1051269
16 52 1051278
16 3 1051279
16 28 1051282
16 19 1051282
16 43 1051289
16 57 1051295
16 47 1051303
16 50 1051305
16 33 1051309
16 35 1051316
16 1 1051323
16 29 1051323
16 15 1051332
16 20 1051333
16 48 1051339
16 57 1051348
16 22 1051354
16 3 1051359
16 54 1051366
16 8 1051371
16 12 1051371
16 37 1051371
16 18 1051379
16 13 1051385
16 14 1051391
16 17 1051397
16 42 1051397
16 55 1051400
16 56 1051409
16 35 1051417
16 27 1051423
16 51 1051429
16 52 1051437
16 26 1051437
16 19 1051440
16 28 1051449
16 6 1051456
16 25 1051458
16 49 1051467
16 50 1051469
16 24 1051477
16 39 1051483
16 33 1051490
16 10 1051493
16 9 1051493
16 21 1051499
16 43 1051501
16 15 1051509
16 47 1051510
16 36 1051513
16 7 1051520
16 40 1051526
17 37 1051528
17 52 1051535
18 13 1051540
18 15 1051540
18 12 1051545
18 21 1051546
18 51 1051554
18 42 1051558
18 28 1051564
18 60 1051566
18 19 1051569
18 10 1051575
18 52 1051582
18 56 1051588
18 14 1051597
18 47 1051597
18 27 1051604
18 57 1051605
18 3 1051608
18 44 1051609
18 34 1051618
18 55 1051626
18 24 1051632
18 9 1051639
18 36 1051647
18 8 1051649
18 11 1051649
18 22 1051654
18 43 1051663
18 38 1051671
18 59 1051676
18 50 1051678
18 1 1051679
18 45 1051683
18 57 1051684
18 35 1051690
18 52 1051692
18 55 1051695
18 16 1051696
18 37 1051697
18 11 1051697
18 4 1051697
18 33 1051698
18 47 1051703
18 12 1051712
18 3 1051713
18 51 1051720
18 27 1051729
18 29 1051731
18 0 1051740
18 59 1051744
18 19 1051750
18 38 1051751
18 20 1051751
18 56 1051754
18 60 1051758
18 40 1051761
18 34 1051770
18 32 1051775
18 41 1051780
18 8 1051789
18 9 1051794
18 24 1051799
18 39 1051807
18 6 1051811
18 15 1051812
18 22 1051817
18 43 1051819
19 44 1051823
19 5 1051824
19 40 1051831
19 16 1051837
19 46 1051843
19 56 1051848
19 32 1051848
19 33 1051851
19 55 1051859
19 45 1051864
19 24 1051865
19 42 1051868
19 37 1051877
19 4 1051884
19 7 1051889
19 8 1051898
19 17 1051902
19 34 1051903
19 31 1051912
19 36 1051913
19 10 1051920
19 12 1051925
19 8 1051933
19 48 1051941
19 0 1051944
19 56 1051947
19 20 1051954
19 32 1051958
19 9 1051967
19 15 1051976
19 22 1051982
19 53 1051987
19 33 1051987
19 23 1051995
19 41 1052000
19 1 1052000
19 51 1052002
19 7 1052008
20 27 1052011
20 60 1052019
20 59 1052024
20 42 1052033
20 9 1052038
20 3 1052040
20 15 1052047
20 5 1052048
20 10 1052050
20 12 1052058
20 18 1052059
20 26 1052061
20 36 1052065
20 17 1052071
20 56 1052071
20 55 1052079
20 45 1052088
20 52 1052090
20 28 1052094
20 1 1052102
20 50 1052108
20 37 1052117
20 49 1052118
20 6 1052125
20 21 1052130
20 41 1052138
20 27 1052138
20 51 1052139
20 5 1052148
20 1 1052149
20 52 1052156
20 48 1052162
20 4 1052165
20 17 1052172
20 47 1052174
20 29 1052174
20 24 1052183
20 8 1052190
20 23 1052193
20 18 1052197
20 22 1052200
20 12 1052206
20 40 1052210
20 44 1052219
20 15 1052226
20 60 1052234
21 39 1052236
21 32 1052239
21 15 1052244
21 36 1052248
21 60 1052254
21 23 1052263
21 20 1052272
21 11 1052281
21 48 1052287
21 42 1052294
21 17 1052301
21 38 1052310
21 14 1052316
21 35 1052317
21 57 1052324
21 54 1052332
21 58 1052335
21 3 1052341
21 34 1052344
21 49 1052352
21 43 1052359
21 25 1052366
21 45 1052369
21 10 1052371
21 5 1052373
21 22 1052374
21 24 1052376
21 31 1052379
21 1 1052380
21 19 1052388
21 8 1052396
21 40 1052404
21 13 1052408
21 6 1052414
21 55 1052415
21 44 1052424
21 51 1052429
21 52 1052436
21 28 1052440
21 57 1052446
21 51 1052451
21 7 1052456
21 43 1052458
21 42 1052466
21 37 1052467
21 1 1052471
21 53 1052475
21 22 1052481
21 39 1052482
21 16 1052487
21 36 1052489
21 9 1052494
21 60 1052495
21 15 1052500
21 24 1052509
21 13 1052518
21 44 1052521
21 55 1052529
21 40 1052530
21 48 1052530
21 49 1052537
21 31 1052543
21 25 1052546
21 41 1052549
21 10 1052556
21 50 1052565
21 52 1052571
21 5 1052573
21 29 1052575
21 54 1052576
21 58 1052578
21 47 1052580
21 19 1052587
21 56 1052591
21 14 1052600
21 26 1052609
22 35 1052617
22 53 1052620
22 41 1052625
22 51 1052626
22 14 1052635
22 10 1052638
22 36 1052644
22 42 1052646
22 37 1052655
22 48 1052663
22 60 1052672
22 1 1052675
22 0 1052683
22 4 1052684
22 59 1052684
22 43 1052688
22 26 1052695
22 50 1052696
22 31 1052699
22 38 1052701
22 49 1052709
22 9 1052712
22 16 1052717
22 56 1052717
22 45 1052722
22 12 1052722
22 54 1052726
22 34 1052728
22 26 1052729
22 50 1052733
22 9 1052734
22 32 1052740
22 57 1052740
22 53 1052741
22 45 1052745
22 40 1052753
22 52 1052760
22 48 1052765
22 55 1052769
22 4 1052775
22 8 1052779
22 27 1052788
22 47 1052789
22 2 1052789
22 35 1052795
22 0 1052801
22 49 1052807
22 28 1052811
22 31 1052820
22 24 1052821
22 20 1052827
22 25 1052831
22 12 1052839
22 39 1052848
23 47 1052849
23 27 1052854
23 35 1052861
23 53 1052868
23 43 1052872
23 24 1052878
23 28 1052881
23 18 1052888
23 8 1052889
23 14 1052892
23 49 1052898
23 3 1052904
23 42 1052909
23 41 1052917
23 25 1052919
23 40 1052922
23 16 1052928
23 12 1052937
23 32 1052946
23 31 1052947
23 6 1052953
23 26 1052958
23 0 1052965
23 0 1052966
23 47 1052972
23 5 1052975
23 2 1052978
23 25 1052987
23 53 1052989
23 42 1052998
23 31 1053001
23 18 1053004
23 17 1053005
23 59 1053008
23 51 1053009
23 43 1053014
23 4 1053018
23 55 1053020
23 36 1053023
23 16 1053028
23 50 1053033
23 9 1053034
23 28 1053041
23 54 1053046
23 24 1053052
23 27 1053055
24 18 1053062
24 0 1053064
24 20 1053071
24 54 1053079
24 58 1053084
24 9 1053092
24 26 1053095
24 45 1053096
24 30 1053105
24 47 1053112
24 14 1053119
24 12 1053121
24 60 1053124
24 53 1053124
24 4 1053124
24 57 1053127
24 23 1053129
24 16 1053130
24 44 1053137
24 22 1053141
24 46 1053147
24 39 1053153
24 15 1053161
24 11 1053165
24 41 1053167
24 26 1053168
24 58 1053170
24 56 1053178
24 6 1053185
24 55 1053192
24 13 1053196
24 33 1053203
24 29 1053203
24 17 1053206
24 60 1053215
24 32 1053215
24 18 1053221
24 31 1053223
24 11 1053227
24 51 1053229
24 53 1053235
24 25 1053240
24 22 1053243
24 30 1053245
24 44 1053252
24 27 1053255
24 10 1053259
24 8 1053268
24 12 1053271
25 26 1053278
25 0 1053286
25 50 1053294
25 3 1053296
25 54 1053297
25 37 1053306
25 52 1053308
25 48 1053308
25 14 1053311
25 8 1053318
25 31 1053319
25 18 1053321
25 59 1053326
25 29 1053333
25 45 1053339
25 17 1053345
25 12 1053353
25 40 1053357
25 22 1053357
25 39 1053357
25 30 1053359
25 16 1053365
25 42 1053368
25 56 1053374
25 35 1053380
25 43 1053382
25 11 1053391
25 15 1053398
25 44 1053404
25 21 1053409
25 38 1053414
25 57 1053420
25 5 1053428
25 6 1053430
25 49 1053431
25 33 1053440
25 7 1053443
25 36 1053445
25 34 1053445
25 29 1053454
25 52 1053462
25 19 1053465
25 56 1053472
25 47 1053473
25 49 1053477
25 57 1053483
25 22 1053491
25 36 1053500
25 35 1053506
25 7 1053512
25 37 1053513
25 18 1053522
25 46 1053522
25 6 1053522
25 58 1053522
25 39 1053525
25 50 1053531
25 55 1053534
25 51 1053535
25 33 1053542
25 5 1053551
25 23 1053552
25 31 1053559
25 34 1053561
25 54 1053570
25 13 1053573
25 1 1053577
25 20 1053578
25 44 1053586
25 0 1053593
25 53 1053597
25 16 1053605
25 2 1053605
25 4 1053611
25 32 1053620
25 59 1053629
26 56 1053637
26 13 1053638
26 22 1053640
26 32 1053642
26 40 1053646
26 47 1053647
26 24 1053652
26 33 1053657
26 21 1053664
26 41 1053665
26 15 1053666
26 17 1053674
26 0 1053681
26 39 1053685
26 10 1053690
26 54 1053696
26 6 1053703
26 27 1053707
26 57 1053713
26 36 1053715
26 25 1053718
26 49 1053718
26 16 1053721
26 42 1053730
26 38 1053731
26 55 1053738
26 34 1053739
26 44 1053742
26 31 1053751
26 58 1053751
26 7 1053760
26 18 1053764
26 60 1053765
26 48 1053770
26 59 1053773
26 46 1053779
26 27 1053786
26 3 1053786
26 10 1053795
26 45 1053802
26 16 1053806
26 32 1053812
26 42 1053819
26 56 1053828
26 46 1053832
26 52 1053834
26 17 1053837
26 15 1053845
26 57 1053854
26 41 1053858
26 29 1053864
26 37 1053873
26 1 1053875
26 19 1053880
26 28 1053883
26 54 1053892
26 31 1053894
26 58 1053894
26 51 1053895
26 35 1053895
26 53 1053904
26 25 1053911
26 6 1053914
26 47 1053918
26 11 1053920
26 4 1053923
26 24 1053930
26 43 1053934
26 20 1053941
26 12 1053950
26 48 1053950
27 18 1053954
27 30 1053959
27 57 1053959
27 24 1053966
27 2 1053974
27 59 1053978
27 39 1053984
27 58 1053985
27 51 1053993
27 9 1053995
27 21 1053997
27 49 1053999
27 43 1054008
27 7 1054016
27 25 1054019
27 4 1054019
27 17 1054021
27 32 1054021
27 48 1054028
27 15 1054031
27 5 1054033
27 34 1054034
27 33 1054039
27 40 1054043
27 16 1054048
27 54 1054050
27 33 1054052
27 51 1054059
27 15 1054065
27 41 1054072
27 49 1054073
27 24 1054080
27 31 1054089
27 34 1054093
27 5 1054096
27 25 1054101
27 55 1054106
27 40 1054107
27 48 1054115
27 50 1054116
27 56 1054117
27 10 1054123
27 57 1054127
27 2 1054130
27 11 1054138
27 30 1054138
27 35 1054146
27 23 1054153
28 37 1054158
28 12 1054161
28 8 1054162
28 49 1054167
28 59 1054167
28 7 1054171
28 33 1054177
28 19 1054179
28 60 1054188
28 27 1054195
28 54 1054200
28 9 1054206
28 58 1054215
28 20 1054221
28 40 1054227
28 52 1054228
28 31 1054234
28 18 1054241
28 47 1054248
28 38 1054249
28 45 1054254
28 44 1054259
28 48 1054268
28 36 1054276
28 51 1054280
28 23 1054282
28 53 1054286
28 57 1054290
28 15 1054292
28 11 1054292
28 6 1054297
28 13 1054297
28 46 1054302
28 44 1054307
28 22 1054311
28 30 1054311
28 16 1054319
28 17 1054320
28 35 1054324
28 36 1054331
28 26 1054336
28 9 1054344
28 32 1054344
28 23 1054351
28 49 1054352
28 47 1054354
28 24 1054360
28 2 1054366
28 19 1054374
28 0 1054374
28 27 1054379
28 13 1054385
28 50 1054387
28 38 1054396
28 42 1054401
28 51 1054405
28 55 1054407
28 7 1054411
28 4 1054411
28 14 1054411
28 37 1054413
28 59 1054417
28 3 1054420
28 33 1054428
28 5 1054437
28 56 1054446
29 22 1054451
29 55 1054452
29 11 1054457
29 3 1054464
29 40 1054469
29 51 1054477
29 44 1054486
29 30 1054492
29 4 1054496
29 33 1054497
29 28 1054504
29 18 1054512
29 24 1054517
29 32 1054517
29 50 1054518
29 1 1054518
29 35 1054519
29 17 1054522
29 25 1054529
29 57 1054535
29 0 1054535
29 53 1054541
29 59 1054545
29 13 1054548
29 26 1054549
29 7 1054553
29 9 1054558
29 10 1054566
29 43 1054568
29 20 1054572
29 21 1054572
29 36 1054581
29 31 1054581
29 0 1054582
29 56 1054589
29 57 1054594
29 58 1054599
29 52 1054600
29 32 1054605
29 40 1054608
29 16 1054612
29 38 1054620
29 59 1054628
29 19 1054634
29 4 1054640
29 7 1054641
29 45 1054645
29 3 1054647
29 48 1054647
29 6 1054650
29 30 1054653
29 37 1054654
29 25 1054655
29 26 1054657
29 41 1054658
30 14 1054660
30 49 1054665
30 25 1054666
30 16 1054674
30 31 1054675
30 60 1054683
30 39 1054683
30 38 1054690
30 52 1054690
30 10 1054699
30 51 1054699
30 24 1054703
30 34 1054707
30 28 1054716
30 47 1054725
30 13 1054725
30 41 1054729
30 55 1054738
30 29 1054744
30 8 1054748
30 43 1054757
30 45 1054765
30 3 1054771
30 36 1054771
30 22 1054780
30 12 1054783
30 2 1054783
30 49 1054784
30 15 1054786
30 46 1054788
30 27 1054793
30 8 1054794
30 5 1054795
30 47 1054803
30 54 1054811
30 23 1054811
30 13 1054819
30 58 1054823
30 25 1054824
30 26 1054830
30 60 1054834
30 48 1054843
30 7 1054847
30 56 1054853
30 20 1054853
30 36 1054860
30 24 1054867
30 19 1054872
30 44 1054877
30 28 1054880
30 4 1054888
30 10 1054888
30 33 1054893
30 40 1054902
31 1 1054911
31 11 1054920
31 37 1054928
31 56 1054931
31 46 1054940
31 5 1054943
31 24 1054943
31 58 1054952
31 27 1054961
31 8 1054961
31 40 1054970
31 29 1054973
31 39 1054978
31 6 1054983
31 41 1054983
31 16 1054992
31 50 1054994
31 14 1054997
31 34 1055001
31 59 1055006
31 9 1055015
31 51 1055023
31 57 1055026
31 19 1055028
31 17 1055029
31 4 1055030
31 26 1055039
31 15 1055039
31 13 1055040
31 56 1055041
31 34 1055047
31 46 1055052
31 18 1055054
31 25 1055060
31 59 1055069
31 57 1055071
31 12 1055077
31 52 1055077
31 10 1055080
31 38 1055084
31 44 1055086
31 23 1055087
31 3 1055089
31 30 1055092
31 0 1055095
31 22 1055100
31 50 1055102
31 2 1055106
31 9 1055113
31 47 1055115
31 11 1055116
31 39 1055121
31 16 1055130
32 45 1055136
32 9 1055141
32 56 1055144
32 48 1055148
33 37 1055156
33 36 1055160
33 20 1055165
33 35 1055166
33 56 1055171
33 9 1055178
33 6 1055181
33 39 1055183
33 57 1055186
33 55 1055195
33 7 1055195
33 24 1055197
33 8 1055202
33 41 1055203
33 50 1055208
33 34 1055214
33 26 1055218
33 15 1055220
33 2 1055220
33 58 1055220
33 12 1055225
33 54 1055231
33 51 1055237
33 21 1055243
33 53 1055252
33 3 1055252
33 47 1055257
33 28 1055263
33 48 1055269
33 52 1055275
33 8 1055279
33 19 1055279
33 18 1055279
33 23 1055286
33 16 1055289
33 56 1055289
33 14 1055290
33 54 1055298
33 15 1055305
33 11 1055307
33 36 1055309
33 13 1055316
33 4 1055321
33 55 1055330
33 32 1055332
33 27 1055334
33 31 1055338
33 58 1055343
33 2 1055352
33 21 1055354
33 30 1055359
33 47 1055366
33 29 1055373
33 51 1055380
33 39 1055386
33 59 1055390
33 53 1055397
33 49 1055402
34 28 1055402
34 25 1055410
34 29 1055413
34 58 1055422
34 51 1055423
34 54 1055424
34 3 1055429
34 45 1055432
34 12 1055433
34 38 1055433
34 48 1055440
34 47 1055442
34 33 1055451
34 4 1055456
34 53 1055459
34 24 1055467
34 19 1055470
34 49 1055470
34 37 1055470
34 11 1055475
34 59 1055484
34 44 1055486
34 43 1055486
34 22 1055493
34 10 1055494
34 14 1055502
34 52 1055508
34 1 1055510
34 26 1055515
34 41 1055523
34 23 1055527
34 8 1055534
34 39 1055537
34 36 1055538
34 26 1055541
34 46 1055549
34 21 1055552
34 17 1055552
34 11 1055554
34 15 1055558
34 27 1055567
34 49 1055572
34 1 1055573
34 35 1055581
34 60 1055584
34 31 1055593
34 19 1055601
34 57 1055604
34 55 1055609
34 25 1055612
34 41 1055617
34 47 1055621
34 56 1055624
34 32 1055630
34 5 1055639
34 45 1055639
34 54 1055639
34 58 1055646
34 33 1055653
34 16 1055657
34 51 1055663
34 2 1055670
34 44 1055677
34 4 1055685
34 12 1055687
34 7 1055687
34 9 1055695
34 6 1055698
34 22 1055698
34 18 1055706
34 36 1055708
34 52 1055711
35 21 1055712
35 58 1055720
35 3 1055720
35 47 1055726
35 56 1055726
35 33 1055728
35 24 1055736
35 4 1055739
35 38 1055739
35 41 1055739
35 18 1055747
35 10 1055748
35 5 1055754
35 2 1055755
35 16 1055760
35 14 1055769
35 53 1055778
35 17 1055780
35 22 1055783
35 59 1055791
35 51 1055798
35 40 1055803
35 28 1055812
35 15 1055820
35 39 1055826
35 8 1055831
35 7 1055831
35 26 1055839
35 37 1055841
35 43 1055841
35 55 1055841
35 9 1055846
35 36 1055847
35 31 1055849
35 54 1055852
35 30 1055856
35 15 1055865
35 52 1055865
35 7 1055870
35 48 1055872
35 1 1055876
35 19 1055882
35 13 1055891
35 44 1055900
35 42 1055902
35 26 1055904
35 59 1055904
35 38 1055913
35 58 1055920
35 43 1055926
35 31 1055928
35 22 1055935
35 2 1055937
35 46 1055938
35 11 1055945
35 27 1055953
35 51 1055956
35 41 1055961
35 23 1055963
35 21 1055971
35 30 1055977
35 28 1055979
35 60 1055981
35 56 1055986
35 54 1055992
35 20 1055996
35 24 1056005
35 5 1056011
35 6 1056017
35 9 1056023
35 37 1056023
35 4 1056032
36 33 1056034
36 60 1056043
36 7 1056044
36 29 1056048
36 8 1056057
36 32 1056059
36 4 1056059
36 51 1056062
36 42 1056069
36 40 1056077
36 20 1056077
36 19 1056083
36 47 1056091
36 14 1056096
36 16 1056102
36 24 1056109
36 49 1056113
36 54 1056122
36 30 1056129
36 3 1056130
36 45 1056139
36 9 1056145
36 57 1056148
36 46 1056150
36 5 1056154
36 26 1056157
36 10 1056163
36 17 1056171
36 22 1056171
36 41 1056178
36 6 1056187
36 52 1056194
36 12 1056198
36 58 1056199
36 21 1056205
36 34 1056212
36 21 1056221
36 39 1056230
36 0 1056230
36 59 1056239
36 18 1056246
36 33 1056254
36 58 1056261
36 15 1056266
36 45 1056273
36 46 1056273
36 6 1056275
36 42 1056276
36 17 1056277
36 53 1056281
36 30 1056286
36 26 1056293
36 56 1056298
36 9 1056306
36 55 1056314
36 27 1056322
36 24 1056323
36 14 1056326
36 60 1056333
36 1 1056339
36 43 1056348
36 2 1056350
36 7 1056351
36 35 1056351
36 19 1056357
36 20 1056366
36 5 1056375
36 31 1056377
36 57 1056383
36 10 1056392
36 51 1056392
36 44 1056398
36 37 1056404
36 25 1056407
36 16 1056416
37 23 1056424
37 36 1056429
37 60 1056432
37 8 1056436
37 32 1056440
37 3 1056444
37 48 1056449
37 17 1056457
37 28 1056460
37 52 1056460
37 35 1056460
37 54 1056468
37 34 1056473
37 0 1056474
37 26 1056483
37 5 1056486
37 46 1056495
37 31 1056501
37 15 1056502
37 1 1056502
37 45 1056509
37 6 1056512
37 18 1056513
37 33 1056521
37 9 1056529
37 53 1056535
37 19 1056541
37 39 1056547
37 50 1056551
37 14 1056557
37 47 1056561
37 41 1056567
37 25 1056570
37 12 1056578
37 42 1056581
37 22 1056589
37 43 1056595
37 10 1056603
37 35 1056605
37 15 1056614
37 26 1056619
37 40 1056627
37 43 1056628
37 46 1056637
37 58 1056637
37 19 1056638
37 50 1056647
37 12 1056647
37 38 1056649
37 29 1056657
37 34 1056657
37 41 1056660
37 60 1056665
37 49 1056668
37 53 1056674
37 16 1056677
37 4 1056680
37 1 1056684
37 27 1056691
37 39 1056698
37 52 1056703
37 55 1056707
37 25 1056715
37 7 1056718
37 14 1056725
37 8 1056732
37 5 1056733
37 32 1056736
37 18 1056740
37 22 1056746
37 23 1056749
38 12 1056755
38 37 1056761
38 58 1056764
39 13 1056767
39 25 1056773
39 29 1056782
39 9 1056791
39 42 1056796
39 49 1056797
39 47 1056801
39 6 1056801
39 44 1056805
39 43 1056812
39 24 1056815
39 57 1056822
39 15 1056825
39 52 1056830
39 50 1056839
39 26 1056839
39 32 1056842
39 45 1056849
39 5 1056849
39 23 1056857
39 14 1056862
39 22 1056866
39 12 1056867
39 0 1056869
39 53 1056878
39 7 1056878
39 26 1056884
39 47 1056893
39 13 1056901
39 49 1056902
39 60 1056910
39 24 1056911
39 31 1056912
39 33 1056916
39 19 1056923
39 38 1056928
39 3 1056929
39 58 1056935
39 25 1056938
39 37 1056940
39 57 1056947
39 48 1056951
39 2 1056953
39 8 1056960
39 29 1056964
39 22 1056969
39 11 1056973
39 51 1056979
39 9 1056988
39 16 1056994
39 32 1056999
40 57 1057003
40 36 1057009
40 22 1057013
40 1 1057014
40 48 1057021
40 7 1057028
40 43 1057032
40 12 1057037
40 16 1057039
40 28 1057043
40 35 1057051
40 6 1057054
40 44 1057062
40 10 1057070
40 38 1057072
40 39 1057074
40 30 1057081
40 53 1057090
40 8 1057095
40 45 1057101
40 55 1057104
40 25 1057105
40 13 1057109
40 56 1057113
40 31 1057116
40 21 1057118
40 32 1057119
40 2 1057120
40 41 1057128
40 59 1057130
40 60 1057138
40 49 1057143
40 3 1057145
40 51 1057149
40 11 1057158
40 18 1057160
40 15 1057165
40 29 1057168
40 23 1057176
40 31 1057176
40 3 1057179
40 47 1057182
40 35 1057186
40 2 1057193
40 57 1057201
40 60 1057205
40 56 1057211
40 46 1057214
40 33 1057220
40 48 1057222
40 38 1057224
40 22 1057226
40 50 1057232
40 36 1057234
40 37 1057238
40 21 1057241
40 19 1057241
40 10 1057244
40 8 1057248
40 20 1057248
40 43 1057250
40 26 1057256
40 52 1057258
40 41 1057262
40 28 1057263
40 58 1057263
40 4 1057265
41 23 1057271
41 59 1057279
41 52 1057281
41 45 1057281
41 13 1057281
41 14 1057289
41 26 1057292
41 47 1057294
41 43 1057298
41 11 1057303
41 15 1057311
41 58 1057315
41 21 1057324
41 7 1057326
41 24 1057333
41 8 1057337
41 39 1057339
41 29 1057342
41 9 1057350
41 36 1057353
41 38 1057357
41 22 1057357
41 0 1057365
41 40 1057374
41 37 1057379
41 1 1057380
41 10 1057388
41 5 1057392
41 20 1057395
41 44 1057395
41 28 1057403
41 53 1057405
41 60 1057414
41 56 1057418
41 27 1057425
41 50 1057426
41 46 1057431
41 10 1057435
41 33 1057440
41 1 1057444
41 58 1057451
41 5 1057459
41 48 1057464
41 23 1057471
41 0 1057478
41 3 1057480
41 17 1057480
41 14 1057481
41 44 1057488
41 54 1057491
41 43 1057495
41 15 1057504
41 31 1057509
41 13 1057516
41 35 1057517
41 34 1057521
41 4 1057526
41 49 1057530
41 27 1057532
41 32 1057535
41 6 1057544
41 20 1057547
41 56 1057548
41 11 1057548
41 28 1057551
41 29 1057558
41 57 1057560
41 9 1057564
41 8 1057570
41 42 1057570
42 4 1057577
42 2 1057577
42 52 1057577
42 40 1057580
42 49 1057589
42 25 1057590
42 55 1057594
42 20 1057603
42 6 1057611
42 41 1057613
42 3 1057613
42 31 1057615
42 16 1057624
42 36 1057627
42 29 1057633
42 30 1057634
42 24 1057634
42 32 1057643
42 33 1057648
42 21 1057652
42 47 1057659
42 18 1057659
42 50 1057666
42 59 1057672
42 1 1057680
42 19 1057688
42 11 1057692
42 13 1057694
42 15 1057700
42 8 1057701
42 28 1057709
42 52 1057709
42 12 1057710
42 34 1057718
42 53 1057726
42 35 1057728
42 6 1057729
42 38 1057736
42 56 1057737
42 11 1057739
42 21 1057739
42 37 1057748
42 20 1057751
42 13 1057754
42 5 1057761
42 22 1057766
42 25 1057768
42 19 1057770
42 10 1057773
42 54 1057780
42 51 1057788
42 36 1057794
42 27 1057795
42 47 1057799
42 17 1057799
42 44 1057804
42 1 1057809
43 17 1057816
43 47 1057822
43 24 1057827
43 3 1057833
43 33 1057837
43 48 1057842
43 57 1057851
43 8 1057857
43 2 1057860
43 22 1057865
43 7 1057871
43 25 1057875
43 44 1057881
43 0 1057886
43 41 1057886
43 51 1057892
43 16 1057893
43 50 1057899
43 59 1057908
43 5 1057908
43 15 1057914
43 52 1057914
43 14 1057923
43 58 1057928
43 30 1057931
43 16 1057933
43 31 1057938
43 52 1057940
43 28 1057946
43 39 1057949
43 29 1057949
43 27 1057953
43 0 1057956
43 25 1057961
43 1 1057963
43 44 1057966
43 49 1057972
43 21 1057980
43 15 1057982
43 3 1057982
43 50 1057985
43 12 1057991
43 35 1057999
43 8 1058007
43 57 1058016
43 23 1058021
43 26 1058022
43 42 1058031
43 6 1058032
43 2 1058041
43 59 1058042
44 35 1058051
44 38 1058057
44 60 1058061
44 30 1058069
44 4 1058078
44 54 1058078
44 2 1058079
44 3 1058082
44 52 1058087
44 53 1058095
44 12 1058097
44 14 1058100
44 56 1058107
44 9 1058116
44 25 1058117
44 40 1058126
44 51 1058126
44 55 1058128
44 21 1058133
44 24 1058134
44 45 1058134
44 16 1058137
44 48 1058140
44 47 1058143
44 13 1058147
44 60 1058148
44 30 1058149
44 25 1058158
44 6 1058163
44 58 1058169
44 32 1058174
44 56 1058174
44 22 1058178
44 47 1058183
44 18 1058192
44 36 1058196
44 19 1058199
44 1 1058206
44 51 1058209
44 11 1058213
44 41 1058218
44 2 1058225
44 20 1058234
44 38 1058242
44 45 1058245
44 16 1058252
44 0 1058254
44 24 1058263
44 28 1058267
44 21 1058276
44 42 1058280
44 14 1058289
44 4 1058293
44 40 1058297
45 17 1058306
45 44 1058310
45 38 1058318
45 31 1058324
45 24 1058326
45 56 1058330
45 57 1058336
45 53 1058340
45 47 1058346
45 18 1058350
45 26 1058352
45 52 1058355
45 10 1058360
45 59 1058360
45 23 1058361
45 34 1058369
45 49 1058372
45 54 1058381
45 36 1058383
45 28 1058392
45 50 1058401
45 18 1058403
45 58 1058410
45 33 1058410
45 9 1058416
45 59 1058425
45 38 1058425
45 22 1058434
45 54 1058435
45 5 1058444
45 21 1058452
45 24 1058456
45 43 1058456
45 52 1058461
45 46 1058466
45 4 1058471
45 57 1058473
45 2 1058479
45 17 1058485
45 23 1058491
45 26 1058499
45 35 1058506
45 48 1058506
45 19 1058507
45 10 1058507
45 30 1058512
45 56 1058521
45 6 1058527
45 50 1058528
45 39 1058536
46 42 1058543
46 14 1058543
46 32 1058551
46 30 1058552
46 2 1058554
46 19 1058555
46 4 1058557
46 36 1058557
46 50 1058563
46 52 1058571
46 20 1058574
46 21 1058574
46 9 1058574
46 49 1058580
46 35 1058581
46 8 1058581
46 33 1058584
46 48 1058587
46 55 1058594
46 27 1058602
46 53 1058611
46 13 1058614
46 39 1058618
46 59 1058621
46 44 1058622
46 37 1058628
46 48 1058637
46 5 1058639
46 32 1058642
46 30 1058650
46 15 1058655
46 55 1058657
46 56 1058665
46 60 1058665
46 19 1058670
46 3 1058674
46 0 1058682
46 11 1058690
46 21 1058693
46 29 1058699
46 8 1058702
46 2 1058709
46 27 1058709
46 42 1058717
46 35 1058718
46 50 1058718
46 24 1058718
46 31 1058720
46 9 1058727
46 12 1058727
46 28 1058736
46 38 1058739
47 60 1058746
47 24 1058747
47 36 1058755
47 11 1058756
47 56 1058765
47 19 1058774
47 58 1058783
47 52 1058790
47 22 1058792
47 28 1058800
47 16 1058801
47 14 1058810
47 20 1058811
47 51 1058820
47 43 1058829
47 31 1058829
47 42 1058838
47 37 1058839
47 45 1058842
47 5 1058842
47 38 1058846
47 48 1058849
47 1 1058853
47 43 1058861
47 60 1058869
47 13 1058875
47 2 1058882
47 54 1058889
47 11 1058895
47 20 1058904
47 8 1058913
47 51 1058914
47 25 1058919
47 26 1058921
47 37 1058923
47 24 1058930
47 41 1058934
47 40 1058942
47 29 1058946
47 4 1058946
47 59 1058955
47 36 1058957
48 57 1058962
48 26 1058969
48 31 1058978
48 17 1058982
48 18 1058989
48 11 1058992
48 27 1058995
48 47 1059002
48 49 1059002
48 52 1059003
48 21 1059005
48 45 1059010
48 23 1059014
48 10 1059022
48 9 1059026
48 39 1059035
48 58 1059037
48 16 1059044
48 19 1059053
48 24 1059062
48 15 1059068
48 34 1059075
48 55 1059076
48 41 1059083
48 3 1059086
48 28 1059094
48 44 1059097
48 22 1059100
48 54 1059109
48 52 1059118
48 34 1059118
48 5 1059124
48 2 1059133
48 58 1059137
48 47 1059143
48 46 1059152
48 9 1059161
48 22 1059168
48 28 1059168
48 42 1059168
48 27 1059172
48 43 1059174
48 13 1059183
48 45 1059183
48 54 1059190
48 31 1059197
48 24 1059202
48 23 1059202
48 37 1059202
48 35 1059210
48 38 1059217
48 14 1059217
48 59 1059221
48 50 1059224
48 15 1059224
48 6 1059232
48 3 1059233
48 40 1059240
49 38 1059245
49 4 1059248
49 24 1059249
49 8 1059257
49 17 1059264
49 50 1059272
49 5 1059273
49 55 1059278
49 23 1059287
49 42 1059289
49 36 1059293
49 12 1059301
49 29 1059306
49 26 1059307
49 34 1059310
49 14 1059311
49 22 1059312
49 16 1059315
49 6 1059324
49 32 1059330
49 39 1059335
49 17 1059342
49 41 1059342
49 35 1059350
49 33 1059354
49 32 1059355
49 15 1059363
49 50 1059368
49 22 1059375
49 20 1059384
49 37 1059391
49 44 1059395
49 25 1059397
49 60 1059400
49 3 1059408
49 40 1059416
49 0 1059422
49 55 1059422
49 10 1059429
49 8 1059430
49 57 1059436
49 16 1059438
49 6 1059446
49 24 1059451
49 9 1059460
50 35 1059461
50 53 1059468
50 33 1059477
50 12 1059479
50 38 1059484
50 41 1059492
50 14 1059492
50 22 1059493
50 8 1059497
50 30 1059500
50 5 1059509
50 0 1059515
50 60 1059519
50 21 1059528
50 13 1059533
50 7 1059535
50 32 1059543
50 18 1059550
50 3 1059557
50 51 1059562
50 24 1059562
50 58 1059564
50 4 1059568
50 29 1059569
50 16 1059575
50 40 1059582
50 25 1059588
50 46 1059595
50 20 1059597
50 52 1059601
50 37 1059609
50 43 1059611
50 56 1059614
50 44 1059622
50 49 1059626
50 55 1059631
50 54 1059631
50 9 1059639
50 0 1059646
50 49 1059653
50 48 1059657
50 27 1059665
50 53 1059671
50 59 1059674
50 16 1059678
50 6 1059682
50 22 1059691
50 8 1059698
50 43 1059703
50 20 1059710
50 17 1059718
50 52 1059722
50 51 1059729
50 44 1059733
50 45 1059734
50 41 1059742
50 32 1059745
50 28 1059750
50 33 1059756
50 30 1059762
50 21 1059762
50 4 1059763
50 58 1059763
50 29 1059764
50 31 1059766
50 26 1059768
50 38 1059769
50 14 1059771
50 47 1059774
50 36 1059783
50 2 1059792
50 34 1059800
51 25 1059801
51 52 1059806
51 53 1059812
51 29 1059817
51 5 1059820
51 54 1059824
51 50 1059828
51 16 1059834
51 21 1059842
51 22 1059845
51 10 1059854
51 39 1059863
51 57 1059871
51 33 1059877
51 59 1059878
51 3 1059887
51 58 1059888
51 60 1059889
51 8 1059895
51 23 1059898
51 56 1059907
51 32 1059908
51 26 1059908
51 14 1059913
51 26 1059914
51 55 1059921
51 3 1059926
51 41 1059931
51 23 1059935
51 39 1059940
51 27 1059946
51 35 1059948
51 13 1059955
51 6 1059959
51 10 1059959
51 45 1059963
51 5 1059969
51 17 1059969
51 7 1059971
51 57 1059973
51 38 1059979
51 28 1059982
51 44 1059982
51 25 1059989
51 43 1059997
51 42 1060001
51 33 1060006
51 0 1060007
51 49 1060015
52 7 1060015
52 34 1060015
52 31 1060020
52 20 1060025
52 50 1060031
52 36 1060034
52 45 1060034
52 15 1060038
52 59 1060046
52 44 1060050
52 17 1060051
52 10 1060051
52 3 1060056
52 5 1060056
52 8 1060063
52 1 1060068
52 29 1060070
52 6 1060079
52 28 1060081
52 46 1060083
52 49 1060087
52 11 1060095
52 10 1060100
52 3 1060102
52 49 1060110
52 58 1060115
52 0 1060119
52 26 1060119
52 34 1060123
52 6 1060125
52 53 1060126
52 25 1060133
52 59 1060139
52 47 1060140
52 39 1060142
52 23 1060147
52 35 1060147
52 40 1060150
52 7 1060154
52 57 1060157
52 51 1060164
52 29 1060169
52 56 1060171
52 43 1060179
52 37 1060188
53 5 1060192
53 32 1060198
53 11 1060204
53 55 1060210
53 24 1060210
53 10 1060214
53 9 1060216
53 60 1060221
53 58 1060228
53 8 1060231
53 47 1060237
53 31 1060241
53 42 1060245
53 29 1060247
53 15 1060249
53 51 1060249
53 3 1060255
53 37 1060255
53 22 1060261
53 34 1060269
53 49 1060274
53 48 1060276
53 7 1060283
53 14 1060287
53 43 1060292
53 9 1060297
53 43 1060301
53 38 1060310
53 2 1060313
53 24 1060314
53 12 1060322
53 26 1060325
53 59 1060333
53 10 1060334
53 19 1060334
53 37 1060337
53 51 1060342
53 57 1060343
53 13 1060345
53 15 1060346
53 60 1060351
53 17 1060358
53 46 1060362
53 41 1060362
53 7 1060369
53 39 1060377
53 49 1060386
53 35 1060386
53 55 1060386
53 40 1060391
53 31 1060394
54 8 1060401
54 27 1060405
54 16 1060407
54 13 1060412
54 35 1060413
54 0 1060417
54 4 1060419
54 51 1060423
54 45 1060426
54 36 1060430
54 1 1060435
54 32 1060436
54 38 1060445
54 30 1060448
54 40 1060452
54 18 1060461
54 56 1060465
54 24 1060466
54 22 1060468
54 9 1060470
54 34 1060475
54 27 1060478
54 37 1060481
54 5 1060488
54 26 1060489
54 21 1060491
54 52 1060496
54 36 1060505
54 7 1060506
54 19 1060510
54 4 1060514
54 38 1060518
54 8 1060520
54 46 1060525
54 6 1060528
54 50 1060530
54 53 1060533
54 41 1060539
54 28 1060544
54 24 1060549
54 33 1060552
54 51 1060556
54 44 1060557
54 12 1060560
55 30 1060564
55 5 1060568
55 24 1060574
55 36 1060575
55 9 1060578
55 41 1060587
55 22 1060590
55 39 1060592
55 29 1060592
55 44 1060596
55 25 1060601
55 49 1060610
55 3 1060613
55 15 1060621
55 19 1060627
55 56 1060633
55 17 1060636
55 21 1060637
55 0 1060642
55 47 1060651
55 53 1060660
55 1 1060665
55 35 1060665
55 26 1060671
55 57 1060673
55 34 1060682
55 31 1060687
55 10 1060691
56 26 1060693
56 51 1060700
56 31 1060705
56 55 1060711
56 10 1060716
56 22 1060721
56 35 1060728
56 20 1060729
56 15 1060730
56 50 1060730
56 6 1060735
56 23 1060742
56 54 1060746
56 7 1060754
56 42 1060762
56 36 1060766
56 12 1060770
56 8 1060772
56 57 1060778
56 4 1060779
56 14 1060780
56 29 1060785
56 60 1060786
56 27 1060787
56 34 1060791
56 47 1060800
56 21 1060805
56 32 1060808
56 27 1060817
56 39 1060818
56 15 1060825
56 50 1060834
56 38 1060836
56 14 1060842
56 35 1060848
56 1 1060848
56 18 1060853
56 60 1060856
56 49 1060862
56 4 1060866
56 33 1060871
56 31 1060878
56 26 1060884
56 13 1060890
56 28 1060895
56 29 1060899
56 45 1060907
56 3 1060910
56 37 1060919
56 9 1060926
56 58 1060930
56 40 1060933
57 35 1060939
57 48 1060941
57 39 1060941
57 55 1060944
57 26 1060950
57 51 1060958
57 12 1060964
57 15 1060964
57 33 1060966
57 6 1060970
57 59 1060977
57 13 1060985
57 2 1060989
57 37 1060994
57 47 1061003
57 5 1061009
57 52 1061017
57 22 1061021
57 28 1061030
57 14 1061034
57 43 1061038
57 60 1061046
57 4 1061046
57 51 1061046
57 42 1061052
57 17 1061055
57 9 1061064
57 41 1061068
57 6 1061069
57 31 1061070
58 55 1061078
58 2 1061080
58 1 1061081
58 27 1061088
58 22 1061097
58 11 1061106
58 25 1061106
58 26 1061113
58 56 1061116
58 37 1061120
58 47 1061127
58 5 1061128
58 17 1061128
58 29 1061136
58 12 1061137
58 54 1061138
58 57 1061142
58 44 1061150
58 33 1061156
58 40 1061156
58 4 1061157
58 60 1061163
58 34 1061163
58 42 1061170
58 24 1061171
58 6 1061180
58 0 1061185
58 32 1061188
58 8 1061195
58 34 1061198
58 60 1061200
58 9 1061201
58 31 1061210
58 59 1061210
58 10 1061213
58 25 1061216
58 21 1061222
58 50 1061228
58 15 1061236
58 5 1061236
58 35 1061241
58 54 1061250
58 39 1061253
58 40 1061261
58 7 1061267
58 43 1061268
58 14 1061270
58 38 1061273
58 1 1061273
58 36 1061279
58 30 1061287
58 33 1061292
58 42 1061300
58 22 1061307
58 46 1061312
59 49 1061313
59 8 1061322
59 32 1061331
59 4 1061332
59 55 1061335
59 11 1061343
59 53 1061349
59 6 1061356
59 34 1061356
59 14 1061360
59 58 1061365
59 30 1061369
59 47 1061372
59 38 1061376
59 42 1061385
59 9 1061391
59 40 1061396
59 31 1061403
59 28 1061407
59 56 1061416
59 30 1061417
59 53 1061417
59 32 1061423
59 51 1061423
59 50 1061431
59 48 1061433
59 9 1061434
59 28 1061442
59 33 1061449
59 23 1061453
59 46 1061456
59 41 1061461
59 47 1061466
59 25 1061475
59 17 1061483
59 27 1061485
59 15 1061492
59 34 1061495
59 24 1061500
59 14 1061505
60 26 1061509
60 48 1061510
60 40 1061518
60 28 1061518
60 22 1061521
