63
true
0 37 1150529
0 33 1150533
0 61 1150537
0 53 1150541
0 30 1150541
0 59 1150545
0 43 1150550
0 36 1150554
0 39 1150561
0 19 1150563
0 40 1150568
0 18 1150576
0 26 1150578
0 21 1150581
0 27 1150587
0 14 1150587
0 15 1150591
0 41 1150591
0 38 1150591
0 10 1150597
0 51 1150598
0 52 1150600
0 3 1150600
0 60 1150604
0 16 1150605
0 23 1150614
0 37 1150623
0 13 1150629
0 38 1150632
0 26 1150635
0 9 1150635
0 56 1150639
0 6 1150639
0 10 1150643
0 43 1150652
0 29 1150656
0 30 1150663
0 40 1150670
0 32 1150670
0 59 1150673
0 53 1150682
0 35 1150687
1 32 1150694
1 40 1150703
1 58 1150708
1 45 1150712
1 12 1150719
1 56 1150728
1 23 1150731
1 7 1150733
1 10 1150736
1 62 1150743
1 54 1150748
1 51 1150750
1 57 1150753
1 60 1150759
1 38 1150764
1 59 1150764
1 30 1150770
1 22 1150771
1 48 1150777
1 27 1150784
1 49 1150789
1 61 1150789
1 14 1150791
1 13 1150799
1 28 1150802
1 3 1150804
1 33 1150808
1 24 1150808
1 18 1150808
1 11 1150816
1 39 1150821
1 16 1150823
1 5 1150828
1 36 1150830
1 21 1150836
1 4 1150841
1 15 1150842
1 52 1150848
1 31 1150857
1 22 1150862
1 50 1150864
1 51 1150868
1 40 1150875
1 13 1150881
1 60 1150885
1 61 1150892
1 59 1150900
1 53 1150905
1 30 1150906
1 5 1150910
1 21 1150910
1 20 1150911
1 46 1150911
1 11 1150919
1 26 1150919
1 18 1150919
1 15 1150919
1 10 1150924
1 43 1150924
1 16 1150929
1 17 1150931
1 38 1150932
1 36 1150937
1 54 1150941
1 49 1150950
1 33 1150950
1 39 1150957
1 57 1150959
1 7 1150961
1 44 1150963
1 58 1150968
1 19 1150977
1 12 1150980
1 2 1150987
1 23 1150987
2 8 1150996
2 22 1151001
2 32 1151003
2 9 1151007
2 0 1151007
2 36 1151015
2 18 1151016
2 39 1151020
2 42 1151024
2 43 1151030
2 33 1151030
2 51 1151030
2 46 1151032
2 11 1151037
2 47 1151045
2 16 1151051
2 52 1151052
2 7 1151058
2 48 1151065
2 1 1151065
2 53 1151069
2 0 1151073
2 59 1151080
2 5 1151088
2 26 1151095
2 28 1151104
2 19 1151111
2 47 1151117
2 6 1151117
2 16 1151126
2 23 1151130
2 43 1151135
2 48 1151141
2 12 1151142
2 35 1151151
2 3 1151153
2 1 1151153
2 46 1151160
2 30 1151161
2 49 1151167
2 55 1151173
3 23 1151173
3 40 1151173
3 12 1151176
3 36 1151183
3 30 1151184
3 14 1151190
3 39 1151199
3 33 1151205
3 43 1151212
3 8 1151220
3 27 1151225
3 55 1151233
3 50 1151240
3 2 1151241
3 41 1151241
3 34 1151248
3 9 1151248
3 22 1151251
3 59 1151255
3 20 1151263
3 52 1151268
3 38 1151272
3 19 1151273
3 26 1151274
3 61 1151280
3 18 1151281
3 49 1151281
3 48 1151282
3 58 1151287
3 5 1151291
3 27 1151300
3 51 1151303
3 37 1151309
3 38 1151317
3 32 1151318
3 46 1151326
3 31 1151331
3 14 1151340
3 13 1151348
3 11 1151357
3 0 1151361
3 28 1151365
3 21 1151374
3 8 1151381
3 29 1151389
3 44 1151395
3 19 1151399
3 42 1151406
3 2 1151413
3 40 1151420
3 24 1151424
3 55 1151426
3 6 1151434
3 39 1151437
3 36 1151443
3 53 1151445
3 16 1151453
3 4 1151456
4 17 1151456
4 18 1151462
4 42 1151465
4 5 1151469
4 23 1151475
4 40 1151483
4 58 1151487
4 54 1151496
4 33 1151500
5 4 1151507
5 15 1151515
5 54 1151523
6 54 1151525
6 12 1151531
6 1 1151537
6 36 1151544
6 32 1151548
6 15 1151550
6 14 1151552
6 52 1151554
6 62 1151554
7 27 1151556
7 10 1151561
7 51 1151563
7 44 1151572
7 15 1151581
7 54 1151587
7 5 1151595
7 42 1151601
7 28 1151603
7 24 1151611
7 37 1151613
7 38 1151614
7 34 1151619
7 47 1151620
7 13 1151628
7 26 1151628
7 22 1151636
7 46 1151642
7 59 1151642
7 16 1151651
7 20 1151660
7 12 1151661
7 50 1151664
7 33 1151665
7 34 1151672
7 19 1151673
7 35 1151676
7 30 1151685
7 22 1151694
7 51 1151697
7 53 1151700
7 4 1151704
7 38 1151713
7 61 1151715
7 49 1151723
7 16 1151727
7 13 1151734
7 57 1151740
7 28 1151745
7 45 1151750
7 46 1151757
7 5 1151763
7 40 1151763
7 6 1151767
7 24 1151770
7 39 1151776
8 58 1151781
8 22 1151789
8 4 1151798
8 46 1151806
8 16 1151815
8 25 1151819
8 60 1151821
8 41 1151822
8 61 1151827
8 15 1151828
8 47 1151835
8 29 1151840
8 12 1151844
8 59 1151849
8 15 1151854
8 23 1151859
8 31 1151862
8 5 1151867
8 10 1151869
8 53 1151876
8 12 1151880
8 24 1151888
8 22 1151893
8 25 1151896
8 58 1151902
8 38 1151910
8 50 1151912
8 44 1151919
9 8 1151922
9 50 1151926
9 29 1151931
9 3 1151931
9 56 1151940
9 21 1151945
9 6 1151946
9 61 1151948
9 45 1151957
9 15 1151961
9 53 1151963
9 19 1151963
9 30 1151965
9 55 1151967
9 52 1151974
9 2 1151981
9 35 1151986
9 42 1151992
9 34 1151998
9 40 1152005
9 4 1152009
9 0 1152015
9 27 1152015
9 8 1152017
9 47 1152021
9 38 1152022
9 2 1152027
9 6 1152027
9 46 1152031
9 31 1152032
9 19 1152035
9 50 1152039
9 30 1152048
9 57 1152049
9 60 1152058
9 53 1152060
9 14 1152065
9 25 1152074
9 16 1152082
9 11 1152087
9 22 1152089
9 54 1152089
9 7 1152093
9 23 1152095
10 19 1152098
10 58 1152105
10 18 1152114
10 9 1152118
10 52 1152123
10 60 1152127
10 15 1152128
10 51 1152131
10 40 1152135
10 31 1152141
10 12 1152148
10 26 1152150
10 56 1152158
10 50 1152159
10 8 1152164
10 34 1152170
10 17 1152178
10 7 1152185
10 41 1152190
10 48 1152198
10 3 1152204
10 43 1152211
10 46 1152211
10 23 1152220
10 54 1152227
10 24 1152234
10 4 1152238
10 14 1152245
10 38 1152254
10 26 1152256
10 22 1152263
10 11 1152263
10 3 1152267
10 60 1152270
10 47 1152276
10 30 1152281
10 4 1152285
10 31 1152287
10 16 1152295
10 17 1152298
10 1 1152304
10 57 1152307
10 23 1152311
10 49 1152317
10 33 1152324
10 28 1152332
10 7 1152332
10 29 1152340
10 55 1152341
10 21 1152342
10 37 1152342
10 62 1152350
10 15 1152359
10 58 1152361
10 9 1152361
10 0 1152363
11 31 1152372
11 36 1152375
11 39 1152378
11 4 1152381
11 32 1152382
11 37 1152391
11 2 1152393
11 30 1152397
11 9 1152406
11 51 1152410
11 19 1152414
11 14 1152422
11 42 1152428
11 49 1152435
11 29 1152436
11 10 1152444
11 5 1152452
11 7 1152453
11 61 1152456
11 59 1152459
11 40 1152466
11 41 1152472
11 28 1152479
11 57 1152488
11 28 1152495
11 5 1152502
11 43 1152509
11 31 1152511
11 51 1152511
11 53 1152519
11 56 1152525
11 50 1152532
11 58 1152532
11 36 1152541
11 34 1152546
11 12 1152553
11 32 1152561
11 41 1152569
11 19 1152569
11 37 1152574
11 23 1152579
11 33 1152588
11 48 1152592
11 52 1152595
11 54 1152603
11 61 1152608
11 15 1152610
11 22 1152611
11 25 1152615
11 39 1152623
11 21 1152631
11 46 1152638
11 6 1152643
13 55 1152643
13 58 1152648
13 23 1152650
13 38 1152656
13 25 1152656
13 2 1152661
13 39 1152670
13 29 1152675
13 17 1152680
13 7 1152686
13 26 1152692
13 12 1152699
13 43 1152701
13 11 1152707
13 57 1152712
13 3 1152717
13 24 1152722
13 32 1152727
13 37 1152731
13 41 1152739
13 53 1152744
13 1 1152753
13 16 1152753
13 34 1152761
13 10 1152764
13 48 1152769
13 61 1152777
13 28 1152784
13 54 1152785
13 0 1152790
13 5 1152792
13 19 1152793
13 56 1152802
13 20 1152811
13 28 1152813
13 41 1152819
13 7 1152826
13 35 1152833
13 25 1152842
13 12 1152845
13 62 1152850
13 21 1152852
13 33 1152861
13 32 1152867
13 0 1152872
13 24 1152875
13 48 1152879
13 49 1152885
13 18 1152892
13 26 1152901
13 59 1152909
13 45 1152911
13 31 1152916
13 30 1152924
13 39 1152933
13 38 1152941
13 61 1152946
13 47 1152950
13 57 1152959
14 41 1152959
14 21 1152962
14 6 1152963
14 44 1152970
14 42 1152975
14 38 1152978
14 54 1152983
14 49 1152990
14 5 1152995
14 35 1152995
14 39 1153003
14 1 1153010
14 13 1153011
14 53 1153019
14 31 1153027
14 60 1153027
14 56 1153032
14 8 1153033
14 34 1153034
14 3 1153038
14 52 1153038
14 22 1153039
14 61 1153041
14 15 1153043
14 24 1153044
14 37 1153047
14 51 1153047
14 48 1153056
14 36 1153059
14 19 1153066
14 27 1153066
14 32 1153074
14 29 1153075
14 0 1153083
14 26 1153092
14 54 1153097
14 62 1153100
14 19 1153100
14 45 1153104
14 16 1153112
14 33 1153114
14 52 1153116
14 39 1153122
14 7 1153125
14 4 1153127
14 57 1153136
14 18 1153144
14 1 1153151
14 5 1153159
14 49 1153162
14 31 1153168
14 30 1153177
14 34 1153180
14 9 1153185
14 2 1153187
14 10 1153193
14 61 1153201
14 42 1153209
14 35 1153213
14 20 1153215
14 36 1153221
14 38 1153229
14 25 1153231
14 11 1153236
14 3 1153241
14 29 1153247
14 28 1153256
14 60 1153261
14 41 1153262
14 22 1153270
14 53 1153274
14 43 1153281
14 32 1153287
15 13 1153291
15 32 1153297
15 9 1153304
15 60 1153312
15 55 1153312
15 10 1153321
15 48 1153328
15 14 1153330
15 5 1153331
15 44 1153333
15 3 1153333
15 41 1153335
15 58 1153343
15 52 1153344
15 38 1153352
15 45 1153361
15 11 1153364
15 56 1153364
15 31 1153372
15 29 1153379
15 1 1153386
15 46 1153387
15 4 1153395
15 58 1153398
15 34 1153403
15 42 1153409
15 33 1153411
15 44 1153418
15 48 1153423
15 37 1153428
15 3 1153434
15 32 1153438
15 39 1153438
15 38 1153445
15 28 1153451
15 41 1153454
15 24 1153456
15 5 1153459
16 47 1153466
16 17 1153475
16 41 1153484
16 28 1153489
16 22 1153493
16 20 1153499
16 30 1153506
16 55 1153512
16 38 1153520
16 57 1153520
16 26 1153523
16 52 1153529
16 35 1153534
16 36 1153540
16 19 1153543
16 1 1153544
16 37 1153550
16 9 1153557
16 33 1153560
16 51 1153561
16 46 1153568
16 59 1153571
16 10 1153571
16 24 1153573
16 61 1153581
16 34 1153590
16 4 1153599
16 45 1153607
16 62 1153615
16 13 1153623
16 60 1153630
16 58 1153637
16 43 1153645
16 42 1153651
16 14 1153651
16 42 1153654
16 30 1153660
16 34 1153662
16 8 1153667
16 21 1153671
16 31 1153672
16 20 1153681
16 43 1153690
16 46 1153697
16 28 1153697
16 53 1153704
16 29 1153708
16 23 1153714
16 39 1153719
16 36 1153728
16 40 1153734
16 44 1153743
16 41 1153744
16 7 1153747
16 4 1153748
16 62 1153751
16 49 1153760
16 58 1153763
16 33 1153769
16 48 1153775
16 57 1153777
16 52 1153777
16 9 1153785
16 5 1153786
17 32 1153793
17 42 1153793
17 40 1153800
17 12 1153809
17 4 1153812
17 21 1153814
17 23 1153821
17 0 1153830
17 48 1153830
17 45 1153833
17 15 1153833
17 3 1153842
17 52 1153844
17 20 1153853
17 36 1153859
17 60 1153868
17 33 1153871
17 29 1153874
17 49 1153883
17 59 1153891
17 14 1153895
17 7 1153901
17 39 1153910
17 55 1153916
17 61 1153918
17 62 1153919
17 6 1153922
17 8 1153925
17 41 1153929
17 38 1153932
17 24 1153934
17 56 1153943
17 19 1153950
17 31 1153950
17 54 1153954
17 46 1153961
17 23 1153963
17 48 1153970
17 25 1153973
17 34 1153974
17 29 1153976
17 5 1153984
17 59 1153985
17 2 1153985
17 52 1153986
17 33 1153991
17 32 1153991
17 9 1153996
17 14 1154005
17 53 1154012
17 8 1154016
17 54 1154022
17 24 1154024
17 10 1154025
17 12 1154034
17 40 1154042
17 57 1154047
17 55 1154052
17 44 1154061
17 42 1154069
17 18 1154071
17 35 1154079
17 41 1154083
17 1 1154090
17 61 1154094
17 6 1154097
17 19 1154105
17 38 1154114
17 31 1154117
18 37 1154118
18 36 1154123
18 27 1154128
18 10 1154131
18 1 1154140
18 13 1154147
18 61 1154156
18 51 1154161
18 49 1154166
18 21 1154168
18 11 1154168
19 35 1154170
19 54 1154178
19 22 1154181
19 7 1154184
19 16 1154184
19 5 1154189
19 32 1154189
19 15 1154189
19 10 1154189
19 50 1154197
19 29 1154206
20 31 1154209
20 41 1154209
20 16 1154216
20 4 1154217
20 23 1154223
20 13 1154226
20 17 1154231
20 12 1154232
20 7 1154236
20 53 1154237
20 47 1154244
20 27 1154244
20 8 1154248
20 22 1154249
20 51 1154255
20 52 1154264
20 2 1154270
20 44 1154275
20 61 1154282
20 40 1154290
20 56 1154294
20 15 1154303
20 36 1154307
20 29 1154309
20 26 1154315
20 32 1154321
20 5 1154321
20 62 1154324
20 54 1154330
20 10 1154330
20 58 1154339
20 43 1154346
20 21 1154355
20 3 1154363
20 28 1154369
20 9 1154375
20 39 1154378
20 59 1154378
20 34 1154384
20 29 1154391
20 13 1154399
20 45 1154404
20 39 1154410
20 41 1154417
20 30 1154422
20 5 1154429
20 19 1154432
20 3 1154433
20 21 1154434
20 47 1154440
20 56 1154443
20 18 1154452
20 49 1154456
20 26 1154461
20 48 1154461
20 43 1154463
20 54 1154470
20 11 1154475
20 2 1154481
20 22 1154487
20 1 1154490
20 28 1154491
20 31 1154491
20 44 1154496
20 58 1154496
20 52 1154497
20 25 1154500
20 9 1154501
20 23 1154504
20 24 1154505
20 0 1154508
20 36 1154510
20 37 1154517
20 15 1154517
20 38 1154526
20 16 1154530
21 37 1154539
21 11 1154547
21 38 1154552
21 27 1154561
21 10 1154565
21 13 1154572
21 36 1154573
21 12 1154577
21 2 1154583
21 3 1154590
21 20 1154591
21 19 1154592
21 52 1154600
21 7 1154601
21 22 1154606
21 58 1154606
21 47 1154609
21 54 1154614
21 45 1154622
21 6 1154623
21 46 1154627
21 49 1154627
21 57 1154634
21 1 1154634
21 59 1154639
21 42 1154645
21 61 1154652
21 16 1154655
21 23 1154658
21 56 1154662
21 0 1154669
21 11 1154677
21 54 1154686
21 51 1154692
21 13 1154696
21 25 1154699
21 1 1154707
21 50 1154708
21 37 1154713
21 0 1154720
21 2 1154722
21 38 1154728
21 10 1154734
21 53 1154735
21 49 1154742
21 28 1154748
21 36 1154754
21 6 1154759
21 19 1154759
21 26 1154762
21 47 1154768
21 5 1154770
21 34 1154771
21 52 1154774
21 16 1154782
21 30 1154789
21 43 1154794
21 41 1154800
21 4 1154803
21 22 1154812
21 7 1154813
21 46 1154822
21 62 1154826
21 44 1154833
21 48 1154836
21 59 1154843
22 30 1154847
22 0 1154848
22 61 1154848
22 16 1154848
22 27 1154853
22 50 1154853
22 26 1154861
22 31 1154866
22 19 1154866
22 28 1154874
22 42 1154883
22 15 1154885
22 48 1154891
22 21 1154892
22 37 1154898
22 3 1154898
22 46 1154907
22 18 1154912
22 14 1154913
22 13 1154915
22 49 1154922
22 20 1154923
22 5 1154925
22 20 1154933
22 44 1154934
22 8 1154936
22 12 1154940
22 56 1154946
22 55 1154946
22 36 1154953
22 32 1154955
22 28 1154958
22 6 1154962
22 7 1154971
22 34 1154978
22 14 1154986
22 60 1154995
22 57 1154996
22 59 1155003
22 0 1155008
22 5 1155008
22 27 1155011
23 59 1155018
23 50 1155024
23 41 1155027
23 1 1155034
23 10 1155036
23 38 1155036
23 24 1155039
23 61 1155048
23 55 1155051
23 48 1155055
23 62 1155058
23 56 1155059
23 26 1155061
23 34 1155070
23 2 1155073
23 42 1155075
23 12 1155076
23 20 1155079
23 33 1155086
23 29 1155092
23 19 1155096
23 18 1155105
23 43 1155111
23 59 1155118
23 39 1155125
23 18 1155134
23 32 1155140
23 36 1155141
23 50 1155148
23 35 1155156
23 25 1155159
23 47 1155165
23 8 1155168
23 44 1155176
23 6 1155184
23 0 1155190
23 3 1155192
23 22 1155194
23 1 1155194
23 27 1155198
23 54 1155198
23 40 1155199
23 45 1155207
23 12 1155215
23 20 1155219
23 41 1155225
23 37 1155231
23 46 1155234
24 52 1155235
24 40 1155238
24 39 1155247
24 8 1155252
24 56 1155260
24 61 1155266
24 26 1155273
24 3 1155273
24 4 1155278
24 50 1155284
24 0 1155289
24 18 1155291
24 60 1155299
24 21 1155300
24 27 1155304
24 30 1155308
24 17 1155314
24 41 1155315
24 45 1155322
24 47 1155324
24 30 1155332
24 41 1155335
24 12 1155337
24 56 1155337
24 2 1155343
24 14 1155349
24 52 1155350
24 32 1155350
24 42 1155359
24 49 1155366
24 61 1155375
24 50 1155381
24 58 1155388
24 19 1155388
24 60 1155395
24 27 1155404
24 37 1155407
24 51 1155409
25 1 1155410
25 56 1155412
25 60 1155417
25 61 1155424
25 18 1155425
25 46 1155428
25 49 1155437
25 55 1155443
25 11 1155451
25 6 1155456
25 43 1155464
25 24 1155471
25 30 1155472
25 6 1155480
25 26 1155489
25 16 1155489
25 58 1155492
25 41 1155500
25 47 1155505
25 37 1155513
25 10 1155515
25 57 1155524
25 0 1155533
25 9 1155539
25 11 1155541
25 53 1155544
25 8 1155544
26 20 1155549
26 44 1155556
26 18 1155561
26 1 1155563
26 5 1155566
26 3 1155569
26 34 1155571
26 60 1155574
26 59 1155577
26 53 1155580
26 13 1155585
26 61 1155589
26 9 1155595
26 25 1155597
26 0 1155601
26 36 1155601
26 47 1155602
26 49 1155608
26 21 1155616
26 2 1155624
26 20 1155628
26 45 1155629
26 16 1155629
26 29 1155632
26 37 1155636
26 31 1155643
26 30 1155645
26 52 1155651
26 61 1155660
26 34 1155661
26 7 1155661
26 38 1155667
26 24 1155673
26 25 1155678
26 15 1155681
26 36 1155685
26 58 1155694
26 22 1155696
26 1 1155702
27 13 1155707
27 20 1155709
27 19 1155718
27 1 1155724
27 46 1155725
27 3 1155730
27 0 1155737
27 43 1155744
27 29 1155748
27 8 1155754
27 24 1155757
27 25 1155764
27 26 1155765
27 53 1155768
27 21 1155774
27 41 1155780
27 23 1155789
27 22 1155797
27 28 1155806
27 49 1155808
27 51 1155812
27 42 1155814
27 32 1155819
27 6 1155825
27 5 1155834
27 58 1155835
27 30 1155841
27 2 1155844
27 36 1155847
27 54 1155856
27 43 1155862
27 24 1155864
27 5 1155870
27 14 1155873
27 62 1155874
27 53 1155877
27 3 1155878
27 32 1155882
27 1 1155890
27 57 1155892
27 8 1155897
27 44 1155905
27 60 1155910
27 34 1155911
27 19 1155916
27 12 1155922
27 15 1155925
27 49 1155928
28 11 1155936
28 56 1155941
28 38 1155949
28 40 1155957
28 46 1155960
28 25 1155964
28 44 1155972
28 9 1155974
28 58 1155981
28 15 1155983
28 2 1155988
28 55 1155993
28 42 1156002
28 39 1156007
28 62 1156008
28 43 1156015
28 20 1156021
28 60 1156021
28 40 1156028
28 58 1156032
28 19 1156038
28 14 1156043
28 8 1156044
28 56 1156044
28 31 1156049
28 13 1156051
28 27 1156052
28 57 1156054
28 33 1156062
28 35 1156069
28 42 1156076
28 16 1156083
28 24 1156090
28 32 1156096
28 59 1156105
29 9 1156109
29 20 1156109
29 62 1156111
29 48 1156119
29 4 1156121
29 44 1156123
29 2 1156129
29 49 1156134
29 23 1156142
29 26 1156150
29 43 1156152
29 17 1156156
29 51 1156159
29 8 1156167
29 61 1156167
29 18 1156167
29 5 1156174
29 46 1156182
29 54 1156186
29 25 1156186
29 45 1156187
29 53 1156187
29 16 1156192
29 1 1156199
29 21 1156200
29 41 1156202
29 33 1156202
29 6 1156208
29 12 1156216
29 36 1156220
29 57 1156227
29 39 1156235
29 27 1156243
29 8 1156252
29 37 1156252
29 28 1156261
29 11 1156265
29 7 1156274
29 3 1156281
29 47 1156287
29 39 1156292
29 51 1156297
29 20 1156303
29 30 1156310
29 31 1156319
29 0 1156327
29 1 1156331
29 35 1156338
29 16 1156340
29 13 1156344
29 43 1156346
29 58 1156346
29 34 1156354
29 55 1156361
29 50 1156364
29 24 1156371
29 5 1156379
29 48 1156384
29 22 1156391
29 36 1156396
29 61 1156405
29 27 1156406
29 23 1156407
29 57 1156407
29 17 1156414
29 45 1156417
29 41 1156423
30 12 1156432
30 9 1156441
30 21 1156449
30 31 1156458
30 55 1156459
30 45 1156468
30 48 1156476
30 8 1156485
30 6 1156491
30 28 1156498
30 46 1156502
30 52 1156509
30 57 1156516
30 5 1156521
30 26 1156523
30 51 1156523
30 7 1156530
30 38 1156530
30 50 1156531
30 4 1156536
30 54 1156544
30 20 1156550
30 1 1156559
30 60 1156565
30 53 1156574
30 23 1156583
30 34 1156585
30 59 1156589
30 16 1156590
30 3 1156594
30 19 1156597
30 24 1156598
30 27 1156599
30 43 1156608
30 14 1156613
30 8 1156618
30 32 1156625
30 20 1156632
30 51 1156636
30 15 1156642
30 57 1156644
30 58 1156647
30 23 1156647
30 5 1156653
30 36 1156662
30 17 1156668
30 22 1156675
30 33 1156676
30 43 1156677
30 13 1156681
30 29 1156687
30 25 1156688
30 21 1156688
30 26 1156692
30 55 1156693
30 50 1156697
30 40 1156698
30 34 1156699
30 45 1156704
30 11 1156707
30 0 1156713
30 1 1156719
30 61 1156726
30 4 1156734
30 18 1156741
30 14 1156741
30 35 1156750
30 59 1156754
30 44 1156756
30 6 1156759
30 53 1156762
31 35 1156766
31 11 1156772
31 56 1156775
31 19 1156780
31 24 1156782
31 59 1156783
31 44 1156783
31 14 1156784
31 17 1156784
31 29 1156785
31 3 1156794
31 16 1156799
31 43 1156804
31 6 1156806
31 18 1156810
32 7 1156819
32 16 1156827
32 62 1156835
32 44 1156838
33 40 1156842
33 48 1156849
33 42 1156854
33 22 1156862
33 51 1156869
33 37 1156871
33 59 1156880
34 16 1156888
34 50 1156892
34 54 1156900
34 48 1156900
34 22 1156904
34 59 1156905
34 35 1156906
34 38 1156913
34 6 1156914
34 49 1156916
34 19 1156918
34 23 1156920
34 13 1156929
34 21 1156937
34 33 1156940
34 15 1156940
34 61 1156940
34 6 1156947
34 36 1156950
34 33 1156952
34 62 1156954
34 28 1156959
34 38 1156968
34 51 1156973
34 57 1156977
34 60 1156982
34 3 1156984
34 39 1156986
34 11 1156993
34 50 1156999
34 41 1157006
34 47 1157012
34 5 1157019
34 15 1157028
34 7 1157032
34 43 1157036
35 26 1157045
35 21 1157052
35 0 1157056
35 38 1157060
35 20 1157067
35 15 1157071
35 14 1157074
35 52 1157081
35 17 1157083
35 46 1157083
35 13 1157087
35 54 1157090
35 44 1157098
35 7 1157100
35 34 1157102
35 8 1157111
35 25 1157116
35 29 1157119
35 36 1157120
35 58 1157125
35 40 1157125
35 1 1157126
35 19 1157131
35 3 1157140
35 37 1157147
35 16 1157152
35 60 1157159
35 43 1157165
35 51 1157173
35 50 1157174
35 22 1157175
35 45 1157180
35 32 1157187
35 5 1157193
35 18 1157202
35 48 1157208
35 41 1157213
35 61 1157217
35 12 1157218
35 33 1157227
35 62 1157235
35 59 1157239
35 55 1157243
35 24 1157243
35 5 1157247
35 7 1157256
35 4 1157261
35 55 1157261
35 15 1157266
35 13 1157271
35 60 1157275
35 50 1157275
35 40 1157283
35 48 1157284
35 25 1157288
35 20 1157295
35 49 1157300
35 54 1157304
35 62 1157305
35 31 1157307
35 36 1157308
35 45 1157310
35 34 1157314
35 14 1157322
35 52 1157322
35 61 1157327
35 44 1157333
35 38 1157341
35 26 1157345
35 16 1157353
35 28 1157353
35 41 1157355
35 11 1157361
35 18 1157363
35 21 1157368
35 27 1157372
35 33 1157374
35 8 1157379
35 17 1157385
35 58 1157394
35 9 1157394
35 51 1157401
36 6 1157403
36 54 1157403
36 21 1157404
36 45 1157405
36 23 1157414
36 31 1157421
36 1 1157429
36 16 1157438
36 34 1157443
36 0 1157444
36 58 1157444
36 12 1157452
36 20 1157461
36 26 1157464
36 43 1157471
36 53 1157477
36 44 1157477
36 14 1157483
36 49 1157487
36 9 1157490
36 25 1157492
36 10 1157497
36 56 1157501
36 3 1157503
36 39 1157505
36 30 1157509
36 37 1157509
36 21 1157518
36 0 1157518
36 60 1157524
36 38 1157527
36 57 1157532
36 1 1157533
36 48 1157538
36 54 1157541
36 18 1157545
36 52 1157553
36 6 1157561
36 14 1157564
36 13 1157570
36 49 1157579
36 58 1157584
36 62 1157588
36 47 1157593
36 20 1157593
36 41 1157596
37 1 1157602
37 57 1157605
37 61 1157606
37 20 1157611
37 3 1157616
37 4 1157618
37 42 1157619
37 5 1157625
37 19 1157627
38 13 1157634
38 19 1157643
38 26 1157651
38 1 1157656
38 22 1157664
38 23 1157670
38 41 1157677
38 25 1157678
38 27 1157685
38 30 1157689
38 32 1157693
38 9 1157702
38 31 1157711
38 51 1157715
38 4 1157719
38 59 1157728
38 58 1157734
38 40 1157738
38 33 1157747
38 15 1157755
38 31 1157760
38 26 1157764
38 59 1157770
38 41 1157771
38 9 1157778
38 25 1157778
38 0 1157787
38 5 1157790
38 7 1157797
38 35 1157798
38 20 1157800
38 50 1157802
38 56 1157806
39 22 1157807
39 40 1157815
39 58 1157823
39 2 1157832
39 42 1157836
39 50 1157836
39 52 1157837
39 56 1157844
39 34 1157850
39 61 1157855
39 47 1157864
39 35 1157868
39 17 1157871
39 59 1157875
39 12 1157877
40 33 1157881
40 22 1157884
40 58 1157889
40 56 1157894
40 28 1157896
40 0 1157904
40 52 1157908
40 24 1157916
40 20 1157924
40 41 1157929
40 31 1157930
40 16 1157933
40 27 1157942
40 30 1157943
40 47 1157947
40 39 1157951
40 59 1157951
40 25 1157954
40 2 1157963
40 8 1157966
40 36 1157966
40 55 1157975
40 60 1157984
40 44 1157985
40 10 1157988
40 42 1157988
40 53 1157997
40 6 1158006
40 15 1158011
40 3 1158017
40 18 1158025
40 9 1158034
40 37 1158042
40 37 1158042
40 56 1158046
40 25 1158053
40 28 1158057
40 3 1158062
40 12 1158070
40 26 1158070
40 30 1158071
40 17 1158077
40 16 1158082
40 59 1158084
40 15 1158090
40 55 1158099
40 23 1158101
40 24 1158101
40 4 1158106
40 44 1158106
40 60 1158108
40 0 1158116
40 54 1158123
40 53 1158125
40 47 1158129
40 43 1158133
40 35 1158135
40 61 1158143
40 41 1158151
40 42 1158155
40 29 1158164
40 52 1158171
40 39 1158177
41 38 1158180
41 60 1158184
41 11 1158191
41 17 1158199
41 25 1158204
41 55 1158205
41 32 1158212
41 29 1158219
42 7 1158224
42 46 1158231
42 14 1158234
42 40 1158243
42 43 1158243
43 57 1158245
43 1 1158250
43 50 1158251
43 27 1158256
43 7 1158262
43 16 1158266
43 13 1158268
43 35 1158268
43 33 1158268
43 56 1158273
43 8 1158279
43 18 1158281
43 55 1158283
43 44 1158292
43 17 1158299
43 58 1158299
43 11 1158306
43 39 1158311
43 9 1158312
43 61 1158314
43 12 1158314
43 46 1158320
43 45 1158327
43 53 1158332
43 4 1158338
43 47 1158339
43 29 1158345
43 38 1158345
43 35 1158352
43 23 1158359
43 56 1158359
43 11 1158363
43 0 1158371
43 13 1158372
43 20 1158375
43 53 1158380
43 14 1158383
43 27 1158385
43 10 1158387
43 30 1158392
43 8 1158399
43 28 1158406
43 2 1158412
43 31 1158419
44 42 1158419
44 39 1158419
44 15 1158427
44 59 1158430
44 41 1158439
44 16 1158440
44 18 1158441
44 4 1158446
44 55 1158449
44 5 1158450
44 11 1158458
44 36 1158462
44 37 1158468
44 50 1158477
44 6 1158482
44 13 1158485
44 28 1158486
44 30 1158489
44 46 1158491
44 31 1158492
44 51 1158493
44 42 1158493
44 27 1158494
44 39 1158494
44 15 1158500
44 61 1158508
44 48 1158509
44 40 1158517
44 8 1158523
44 30 1158525
44 17 1158530
44 10 1158530
44 19 1158538
44 1 1158547
44 57 1158556
44 13 1158557
45 22 1158562
45 26 1158565
45 44 1158573
46 29 1158574
46 50 1158581
46 54 1158586
46 58 1158592
46 35 1158595
46 56 1158600
46 40 1158601
46 27 1158609
46 9 1158610
46 34 1158612
46 6 1158618
46 47 1158626
46 33 1158629
46 32 1158632
46 2 1158641
46 31 1158644
46 25 1158649
46 18 1158650
46 36 1158658
46 14 1158658
46 61 1158658
46 13 1158665
46 22 1158672
46 60 1158676
46 39 1158682
46 3 1158689
46 8 1158691
46 20 1158694
46 28 1158695
46 11 1158695
46 56 1158700
46 25 1158703
46 21 1158703
46 50 1158711
46 11 1158713
46 54 1158717
46 4 1158720
46 22 1158724
46 40 1158730
46 37 1158739
46 58 1158745
46 3 1158745
46 31 1158747
46 61 1158755
46 60 1158758
46 35 1158758
46 20 1158758
46 19 1158762
46 38 1158764
46 7 1158771
46 30 1158776
46 9 1158777
46 47 1158786
46 42 1158790
46 12 1158792
46 45 1158801
46 24 1158804
46 43 1158812
46 36 1158817
47 29 1158822
47 54 1158826
47 41 1158835
47 30 1158843
47 5 1158849
47 58 1158854
47 24 1158854
47 53 1158862
47 9 1158864
47 19 1158864
47 45 1158864
47 23 1158873
47 59 1158877
47 13 1158877
47 52 1158881
47 1 1158884
47 42 1158890
47 40 1158894
47 49 1158903
47 6 1158904
47 7 1158908
47 25 1158914
47 16 1158918
47 44 1158918
47 35 1158923
47 33 1158927
47 32 1158936
47 8 1158943
47 15 1158949
47 23 1158956
47 36 1158965
47 5 1158965
47 54 1158973
47 12 1158980
47 1 1158981
47 56 1158984
47 42 1158984
47 16 1158989
47 22 1158989
47 51 1158997
47 39 1159003
47 27 1159005
47 60 1159007
47 45 1159007
47 57 1159012
47 0 1159021
47 48 1159025
47 55 1159031
47 10 1159035
47 50 1159041
47 25 1159047
47 6 1159047
47 11 1159056
47 13 1159065
47 58 1159066
47 52 1159070
47 18 1159079
48 24 1159079
48 1 1159082
48 60 1159089
48 19 1159097
48 17 1159102
48 47 1159108
48 44 1159114
48 2 1159114
48 42 1159119
49 53 1159125
49 27 1159133
49 3 1159141
49 37 1159146
49 48 1159154
49 29 1159159
49 58 1159159
49 44 1159167
49 0 1159173
49 7 1159177
49 23 1159178
49 39 1159180
49 46 1159182
49 59 1159186
49 26 1159190
49 52 1159193
49 61 1159196
49 4 1159204
49 12 1159204
49 41 1159211
49 36 1159220
49 28 1159228
49 1 1159231
49 55 1159232
49 50 1159238
49 31 1159246
49 21 1159255
49 10 1159259
49 3 1159264
49 33 1159273
49 53 1159281
49 34 1159290
49 24 1159298
49 38 1159306
49 42 1159314
49 13 1159321
49 12 1159323
49 60 1159328
49 16 1159334
49 6 1159342
49 1 1159347
49 35 1159354
49 5 1159359
49 27 1159362
49 26 1159370
49 2 1159378
49 43 1159379
49 23 1159380
49 37 1159387
50 26 1159396
50 52 1159405
50 4 1159410
50 25 1159412
50 54 1159413
50 34 1159417
50 16 1159425
50 29 1159434
50 1 1159438
50 32 1159443
51 36 1159446
51 57 1159453
51 39 1159454
51 6 1159463
51 11 1159463
51 62 1159472
51 3 1159478
51 20 1159486
51 10 1159486
51 37 1159487
51 0 1159495
51 5 1159499
51 42 1159502
51 58 1159510
51 8 1159515
51 15 1159518
51 21 1159522
51 45 1159526
51 35 1159534
51 43 1159537
51 55 1159545
51 1 1159554
51 34 1159555
51 31 1159564
51 40 1159569
51 19 1159572
51 52 1159581
51 54 1159587
51 60 1159589
51 38 1159596
51 56 1159599
51 27 1159600
51 4 1159608
51 47 1159611
51 31 1159616
51 13 1159625
51 54 1159631
51 58 1159634
51 12 1159638
51 19 1159646
51 18 1159647
51 57 1159651
51 38 1159659
51 46 1159663
51 29 1159666
51 39 1159668
51 34 1159670
51 3 1159676
51 35 1159680
51 33 1159680
51 22 1159684
51 21 1159693
51 26 1159698
51 2 1159702
51 14 1159706
51 42 1159712
51 9 1159721
51 16 1159723
51 5 1159731
51 36 1159739
51 15 1159742
52 24 1159745
52 18 1159754
52 31 1159763
52 45 1159763
52 14 1159767
52 23 1159769
52 58 1159772
52 11 1159777
52 46 1159784
52 42 1159789
52 21 1159789
52 5 1159791
52 6 1159796
52 49 1159803
52 35 1159807
52 4 1159814
52 20 1159815
52 59 1159818
52 32 1159820
52 2 1159824
52 29 1159830
52 25 1159830
52 13 1159833
52 30 1159838
52 10 1159846
52 38 1159853
52 17 1159862
52 8 1159865
52 55 1159871
52 12 1159880
52 33 1159888
52 7 1159892
52 56 1159894
52 22 1159901
52 44 1159902
52 36 1159909
52 15 1159912
52 9 1159917
52 16 1159918
52 38 1159925
52 3 1159925
52 17 1159928
52 31 1159932
52 12 1159932
52 13 1159936
52 37 1159945
52 59 1159953
52 61 1159954
52 15 1159956
52 8 1159964
52 29 1159973
52 2 1159975
52 46 1159983
52 6 1159984
52 43 1159992
52 50 1159993
52 22 1159994
52 42 1160002
52 41 1160010
52 11 1160015
52 35 1160018
52 19 1160022
52 36 1160023
52 39 1160028
52 7 1160033
52 55 1160034
52 4 1160042
52 47 1160049
52 26 1160056
52 27 1160059
52 0 1160063
52 23 1160067
52 51 1160072
52 34 1160081
52 10 1160087
52 32 1160089
53 26 1160090
53 24 1160092
53 5 1160098
53 57 1160102
53 34 1160105
53 61 1160105
53 60 1160109
53 20 1160117
53 0 1160124
53 30 1160125
53 42 1160131
53 13 1160131
53 22 1160137
53 62 1160144
53 45 1160153
53 60 1160158
53 57 1160164
53 5 1160167
53 38 1160174
53 4 1160175
53 1 1160182
53 10 1160184
53 16 1160191
53 31 1160194
53 0 1160195
53 42 1160198
53 61 1160200
54 59 1160209
54 10 1160210
54 33 1160218
54 43 1160224
54 24 1160229
54 11 1160229
54 53 1160238
54 4 1160240
54 34 1160246
54 31 1160255
54 7 1160257
54 5 1160262
54 51 1160270
54 44 1160278
54 26 1160281
54 50 1160289
54 28 1160293
54 14 1160295
54 49 1160299
54 16 1160301
54 55 1160304
54 2 1160307
54 32 1160314
54 41 1160316
54 23 1160320
54 9 1160322
54 18 1160325
54 28 1160325
54 43 1160329
54 37 1160331
54 5 1160331
54 55 1160338
54 6 1160346
54 1 1160348
54 50 1160356
54 59 1160363
54 2 1160372
54 17 1160373
54 10 1160377
54 29 1160378
54 47 1160382
54 33 1160385
54 48 1160390
54 62 1160394
54 25 1160400
54 53 1160406
54 57 1160408
55 51 1160409
55 40 1160410
55 43 1160411
55 14 1160419
55 35 1160421
55 6 1160425
55 26 1160430
55 9 1160437
55 60 1160438
55 49 1160442
55 16 1160451
55 27 1160453
55 42 1160460
55 31 1160466
55 36 1160468
55 10 1160471
55 44 1160479
55 39 1160485
55 28 1160489
55 32 1160489
55 54 1160498
55 45 1160498
55 61 1160499
55 33 1160507
55 8 1160507
55 57 1160515
55 15 1160523
55 22 1160526
55 40 1160535
55 11 1160539
55 14 1160539
55 12 1160540
55 27 1160545
55 33 1160548
55 60 1160551
55 18 1160555
55 0 1160557
55 46 1160566
55 2 1160571
55 39 1160578
55 31 1160580
55 53 1160588
55 26 1160595
55 19 1160598
55 28 1160600
55 20 1160608
55 24 1160617
55 21 1160622
55 7 1160629
55 30 1160630
55 23 1160634
55 52 1160640
56 51 1160643
56 1 1160646
56 48 1160655
56 54 1160660
56 60 1160668
56 36 1160673
56 3 1160676
56 15 1160678
56 16 1160682
56 6 1160685
56 24 1160692
56 45 1160699
56 25 1160703
56 32 1160703
56 9 1160709
56 11 1160709
56 46 1160718
56 47 1160719
56 22 1160723
56 29 1160732
56 5 1160740
56 23 1160742
56 59 1160742
56 2 1160743
56 58 1160749
56 28 1160750
56 41 1160753
56 34 1160757
56 59 1160764
56 49 1160764
56 24 1160766
56 54 1160772
56 16 1160773
56 43 1160782
56 4 1160790
56 18 1160794
56 9 1160801
56 15 1160806
56 39 1160815
56 33 1160817
56 60 1160818
56 30 1160825
56 10 1160830
56 21 1160831
56 52 1160833
56 50 1160840
56 41 1160842
56 28 1160849
56 46 1160850
56 13 1160852
56 38 1160856
56 23 1160865
56 47 1160868
56 61 1160869
56 53 1160873
56 11 1160878
56 0 1160880
58 29 1160883
58 0 1160892
58 12 1160899
58 22 1160899
58 11 1160903
58 62 1160912
58 7 1160921
58 46 1160926
58 27 1160930
58 31 1160939
58 50 1160939
58 32 1160944
58 30 1160945
58 61 1160949
58 25 1160953
58 43 1160960
58 45 1160966
58 9 1160971
58 51 1160977
58 49 1160981
58 47 1160986
58 6 1160995
58 5 1161001
58 52 1161004
58 15 1161013
58 3 1161016
58 53 1161024
58 18 1161025
58 21 1161030
58 34 1161036
58 39 1161036
58 24 1161037
58 10 1161037
58 48 1161043
58 1 1161043
58 13 1161047
58 16 1161054
58 33 1161054
58 19 1161056
58 57 1161061
58 2 1161063
58 39 1161067
58 43 1161068
58 11 1161072
58 25 1161075
58 31 1161078
58 23 1161083
58 54 1161085
58 44 1161092
58 12 1161097
58 56 1161105
58 5 1161106
58 61 1161106
58 10 1161106
58 35 1161112
58 29 1161116
58 38 1161124
58 4 1161131
58 3 1161135
58 60 1161138
58 37 1161138
58 62 1161147
58 28 1161156
58 33 1161158
58 30 1161166
58 55 1161175
58 21 1161180
58 51 1161187
58 49 1161196
58 6 1161200
58 13 1161202
58 57 1161206
58 36 1161214
58 32 1161214
58 52 1161215
58 47 1161224
59 39 1161226
59 14 1161228
59 8 1161233
59 5 1161234
59 54 1161234
59 12 1161239
59 16 1161246
59 43 1161254
59 47 1161255
59 18 1161256
59 38 1161257
59 7 1161266
59 3 1161271
59 62 1161277
59 28 1161282
59 31 1161291
59 55 1161297
59 0 1161304
59 45 1161311
59 50 1161315
59 40 1161318
59 15 1161321
59 56 1161325
59 2 1161330
59 34 1161330
59 57 1161338
59 17 1161345
59 19 1161351
59 52 1161353
59 54 1161356
59 11 1161365
59 6 1161372
59 26 1161372
59 39 1161376
59 62 1161385
59 41 1161389
59 42 1161393
59 49 1161393
59 2 1161401
59 47 1161409
59 14 1161412
59 4 1161418
59 60 1161419
59 30 1161420
59 33 1161427
59 10 1161432
59 43 1161439
59 8 1161445
59 7 1161450
59 25 1161450
59 55 1161454
59 32 1161460
59 16 1161464
59 18 1161470
60 47 1161479
60 53 1161480
60 35 1161482
60 37 1161491
60 3 1161497
60 58 1161501
60 52 1161503
60 1 1161512
60 9 1161519
60 62 1161528
60 8 1161534
60 40 1161536
60 41 1161538
60 20 1161539
60 45 1161541
60 33 1161549
60 55 1161553
60 27 1161556
60 4 1161565
60 43 1161574
60 18 1161580
60 17 1161586
60 10 1161589
60 24 1161596
60 0 1161596
60 19 1161597
60 22 1161597
60 36 1161602
60 51 1161605
60 58 1161611
60 52 1161614
60 56 1161621
60 25 1161623
60 29 1161630
60 30 1161630
60 59 1161638
60 0 1161639
60 42 1161641
60 7 1161642
60 6 1161644
60 2 1161644
60 1 1161650
60 32 1161658
60 12 1161661
60 49 1161667
60 31 1161673
60 18 1161682
60 40 1161690
60 39 1161690
60 61 1161693
60 45 1161696
60 50 1161703
60 44 1161711
60 11 1161720
60 41 1161723
61 60 1161730
61 18 1161733
61 27 1161734
61 5 1161740
61 15 1161749
61 51 1161751
61 52 1161754
61 46 1161762
61 0 1161767
61 43 1161769
61 47 1161777
61 31 1161777
61 2 1161785
62 4 1161793
62 51 1161797
62 17 1161805
62 33 1161813
62 57 1161816
62 25 1161822
