66
true
0 1 1315899
0 6 1315903
0 28 1315907
0 65 1315911
0 3 1315911
0 29 1315915
0 49 1315920
0 42 1315924
0 9 1315931
0 22 1315933
0 13 1315938
0 56 1315941
0 50 1315943
0 60 1315946
0 48 1315952
0 32 1315952
0 18 1315956
0 2 1315956
0 54 1315964
0 22 1315970
0 18 1315979
0 21 1315981
0 30 1315990
0 44 1315994
0 52 1315999
0 13 1316004
0 9 1316007
0 7 1316014
0 26 1316015
0 56 1316018
0 40 1316018
0 62 1316022
0 34 1316026
0 46 1316035
1 2 1316038
1 9 1316042
1 27 1316046
1 53 1316046
1 35 1316046
1 31 1316046
1 59 1316049
1 25 1316054
1 45 1316061
1 18 1316068
1 29 1316074
1 33 1316074
1 17 1316082
1 38 1316085
1 11 1316094
1 3 1316102
1 43 1316102
1 14 1316106
1 65 1316109
1 21 1316117
1 19 1316125
1 20 1316134
1 63 1316140
1 50 1316145
1 47 1316145
1 54 1316151
1 4 1316152
1 12 1316156
1 64 1316158
1 51 1316163
1 36 1316168
1 16 1316172
1 28 1316178
1 57 1316181
1 30 1316182
1 60 1316189
1 8 1316189
1 28 1316191
1 3 1316191
1 16 1316193
1 11 1316201
1 18 1316206
1 26 1316210
1 2 1316217
1 6 1316219
1 55 1316225
1 34 1316230
1 20 1316232
1 36 1316238
1 15 1316238
1 24 1316239
1 19 1316245
1 54 1316252
1 50 1316256
1 33 1316261
1 31 1316269
1 52 1316273
1 17 1316281
1 42 1316283
1 14 1316287
1 21 1316294
1 41 1316301
1 62 1316306
2 13 1316307
2 3 1316316
2 25 1316321
2 36 1316325
2 38 1316333
2 20 1316333
2 6 1316333
2 45 1316333
2 64 1316334
2 7 1316334
2 46 1316339
2 28 1316340
2 4 1316348
2 1 1316349
2 15 1316354
2 26 1316362
2 64 1316371
2 55 1316372
2 4 1316379
2 35 1316381
2 14 1316381
2 7 1316383
2 56 1316385
2 23 1316390
2 58 1316395
2 61 1316404
2 48 1316407
3 57 1316408
3 22 1316416
3 14 1316421
3 38 1316422
3 58 1316423
3 20 1316426
3 5 1316435
3 40 1316440
3 41 1316442
3 42 1316446
3 21 1316446
3 9 1316454
3 11 1316455
3 10 1316456
3 48 1316463
3 15 1316469
3 30 1316470
3 1 1316472
3 8 1316477
3 32 1316485
3 7 1316491
3 13 1316492
3 58 1316498
3 12 1316505
3 46 1316514
3 10 1316522
3 2 1316526
3 64 1316534
3 6 1316543
3 41 1316549
3 20 1316556
3 19 1316565
3 16 1316572
3 11 1316578
3 18 1316580
3 17 1316581
3 44 1316586
3 9 1316590
3 27 1316596
4 17 1316597
4 56 1316605
4 37 1316608
4 20 1316617
4 14 1316625
4 1 1316632
4 57 1316633
4 5 1316641
4 2 1316648
4 52 1316654
4 38 1316657
4 50 1316664
4 58 1316668
4 63 1316675
4 27 1316680
4 35 1316685
4 8 1316691
4 59 1316696
4 26 1316704
4 29 1316713
4 41 1316714
4 53 1316714
4 64 1316721
4 21 1316721
4 19 1316728
4 11 1316731
4 54 1316734
4 45 1316735
4 55 1316741
4 43 1316742
4 18 1316744
4 61 1316749
4 20 1316753
4 46 1316760
4 5 1316767
4 53 1316776
4 23 1316784
4 29 1316785
4 56 1316791
4 11 1316799
4 16 1316801
4 6 1316805
4 40 1316812
4 63 1316821
4 17 1316825
4 36 1316831
4 65 1316837
4 59 1316842
4 15 1316847
4 33 1316847
4 31 1316854
4 52 1316858
4 60 1316864
4 64 1316869
4 32 1316875
4 49 1316877
4 44 1316879
4 61 1316887
4 30 1316892
4 7 1316892
4 0 1316896
4 8 1316901
4 14 1316902
4 55 1316906
4 42 1316915
4 19 1316922
5 64 1316923
5 54 1316932
5 33 1316934
5 57 1316940
5 31 1316946
5 39 1316953
5 56 1316957
5 62 1316958
5 38 1316958
5 52 1316965
5 22 1316974
5 27 1316976
5 37 1316981
5 9 1316983
5 11 1316992
5 63 1317001
5 42 1317004
5 15 1317010
5 34 1317012
5 24 1317020
5 6 1317029
5 16 1317038
5 4 1317043
5 43 1317048
5 40 1317056
5 17 1317056
5 19 1317064
5 58 1317070
5 32 1317070
5 25 1317079
5 44 1317080
5 59 1317087
5 45 1317088
5 35 1317091
5 49 1317098
5 28 1317099
5 55 1317106
5 65 1317110
5 41 1317114
5 47 1317117
5 36 1317125
5 20 1317125
5 8 1317130
5 16 1317131
5 33 1317140
5 22 1317141
5 39 1317150
5 15 1317155
5 7 1317162
5 30 1317171
5 49 1317175
5 56 1317179
5 26 1317183
5 53 1317190
5 2 1317198
5 43 1317203
5 24 1317212
5 29 1317218
5 40 1317225
5 47 1317230
5 20 1317238
5 10 1317240
5 55 1317248
5 17 1317256
5 63 1317257
5 23 1317258
5 27 1317260
5 64 1317268
5 25 1317275
5 11 1317278
5 13 1317280
5 34 1317280
5 38 1317286
5 9 1317293
5 32 1317301
5 41 1317303
5 8 1317310
5 12 1317317
5 61 1317326
6 30 1317335
6 27 1317336
6 55 1317336
6 33 1317337
6 36 1317344
6 9 1317349
6 64 1317355
6 11 1317357
6 1 1317357
6 39 1317359
6 40 1317364
6 18 1317373
6 57 1317379
6 13 1317382
6 5 1317389
6 15 1317395
7 10 1317396
7 13 1317403
7 27 1317404
7 64 1317408
7 28 1317408
7 62 1317412
7 58 1317414
7 2 1317423
7 35 1317431
7 39 1317437
7 56 1317441
7 41 1317450
7 31 1317450
7 8 1317459
7 57 1317459
7 43 1317460
7 59 1317468
7 52 1317474
7 38 1317475
7 50 1317480
7 49 1317489
7 29 1317490
7 40 1317498
7 23 1317503
7 16 1317505
7 24 1317513
7 12 1317514
7 6 1317520
7 25 1317523
7 4 1317530
7 54 1317539
7 33 1317543
7 55 1317548
7 60 1317549
7 48 1317552
7 34 1317556
7 19 1317562
7 14 1317563
7 44 1317568
7 46 1317570
7 37 1317579
7 23 1317581
7 62 1317583
7 0 1317587
7 46 1317594
7 42 1317599
7 26 1317607
7 32 1317616
7 45 1317620
7 51 1317625
7 10 1317629
7 41 1317636
7 20 1317645
7 5 1317647
7 52 1317654
7 50 1317654
7 53 1317656
7 34 1317660
7 29 1317663
7 30 1317668
7 64 1317672
7 55 1317674
7 31 1317682
7 35 1317685
7 19 1317691
7 25 1317700
7 57 1317707
7 4 1317713
7 63 1317720
7 24 1317723
7 16 1317728
7 11 1317736
7 49 1317737
7 40 1317737
7 38 1317737
7 6 1317746
7 43 1317748
8 46 1317757
8 42 1317760
8 48 1317763
8 31 1317766
8 17 1317767
8 34 1317776
8 62 1317778
8 9 1317782
8 35 1317784
8 44 1317786
8 60 1317788
8 11 1317796
8 6 1317802
8 25 1317809
8 41 1317816
8 40 1317825
8 59 1317833
8 62 1317833
8 11 1317836
8 35 1317843
8 28 1317850
8 50 1317853
8 61 1317860
8 5 1317866
8 37 1317873
8 26 1317878
8 6 1317887
8 34 1317894
8 41 1317901
8 31 1317908
8 22 1317910
8 33 1317910
9 44 1317915
9 14 1317923
9 57 1317928
9 4 1317930
9 39 1317939
9 31 1317944
9 30 1317951
9 29 1317959
9 5 1317967
9 34 1317967
9 11 1317969
9 27 1317972
9 16 1317979
9 51 1317988
9 7 1317993
9 3 1317995
9 61 1317996
9 19 1318000
9 24 1318007
9 36 1318015
9 49 1318022
9 17 1318022
9 28 1318022
9 26 1318031
9 53 1318033
9 48 1318038
9 46 1318042
9 1 1318049
9 32 1318054
9 20 1318060
9 54 1318064
9 63 1318070
9 16 1318072
9 40 1318078
9 59 1318084
9 13 1318086
9 53 1318093
9 15 1318097
9 4 1318103
9 5 1318108
9 65 1318111
9 34 1318116
9 64 1318123
9 1 1318131
9 41 1318138
9 8 1318139
9 20 1318146
9 51 1318155
9 27 1318156
9 57 1318163
9 17 1318168
9 49 1318174
9 28 1318178
9 25 1318180
9 31 1318189
9 46 1318191
9 22 1318192
9 19 1318201
9 42 1318204
10 26 1318206
10 64 1318209
10 43 1318218
10 61 1318219
11 18 1318224
11 9 1318227
11 6 1318231
11 58 1318237
11 47 1318239
11 63 1318240
11 37 1318241
11 65 1318249
11 48 1318251
11 13 1318256
11 33 1318264
11 21 1318273
11 62 1318281
11 56 1318286
11 8 1318294
11 7 1318301
11 17 1318305
11 24 1318312
11 19 1318314
11 34 1318316
11 49 1318319
11 25 1318323
11 61 1318327
11 27 1318332
11 50 1318335
11 54 1318340
11 43 1318347
11 31 1318356
11 62 1318360
11 46 1318368
11 53 1318370
11 23 1318376
11 59 1318384
11 13 1318392
11 0 1318392
11 26 1318393
11 52 1318401
11 33 1318405
11 37 1318405
12 37 1318407
12 15 1318409
12 57 1318410
12 61 1318413
12 53 1318421
12 16 1318424
12 63 1318433
12 42 1318436
12 22 1318443
12 18 1318451
12 58 1318458
12 32 1318466
12 65 1318471
12 24 1318473
12 41 1318482
12 3 1318486
12 49 1318488
12 43 1318495
12 3 1318498
12 32 1318504
12 26 1318513
12 40 1318521
12 15 1318523
12 62 1318525
12 50 1318525
12 37 1318527
12 24 1318536
12 30 1318544
12 34 1318551
12 17 1318559
12 55 1318562
12 27 1318571
12 61 1318574
13 21 1318576
13 14 1318579
13 64 1318583
13 16 1318591
13 57 1318599
13 20 1318603
13 35 1318605
13 54 1318611
13 10 1318613
13 62 1318619
13 5 1318624
13 32 1318630
13 43 1318636
13 49 1318642
13 25 1318646
13 59 1318647
13 50 1318648
13 36 1318656
13 8 1318663
13 2 1318669
13 28 1318672
13 44 1318674
13 52 1318675
13 39 1318683
13 4 1318692
13 42 1318699
13 0 1318702
13 23 1318710
13 65 1318712
13 51 1318712
13 2 1318714
13 16 1318722
13 25 1318723
13 64 1318726
13 44 1318734
13 45 1318743
13 8 1318746
13 34 1318754
13 10 1318761
13 61 1318767
13 41 1318776
13 49 1318784
13 46 1318786
13 59 1318790
13 58 1318795
13 9 1318801
13 18 1318803
13 22 1318812
13 5 1318815
13 63 1318823
13 54 1318829
13 11 1318829
13 21 1318829
13 53 1318836
13 43 1318842
13 50 1318845
13 15 1318847
13 7 1318848
13 35 1318852
13 57 1318859
13 14 1318868
14 52 1318870
14 25 1318878
14 36 1318882
14 16 1318882
14 30 1318890
14 61 1318896
14 44 1318901
14 24 1318907
14 19 1318910
14 55 1318917
14 45 1318925
14 6 1318928
14 43 1318930
14 0 1318933
14 64 1318933
14 25 1318933
14 37 1318933
14 17 1318936
14 44 1318945
14 43 1318953
14 28 1318953
14 30 1318955
14 53 1318962
14 24 1318962
14 40 1318971
14 36 1318974
14 49 1318978
14 8 1318985
15 6 1318987
15 25 1318995
15 24 1319003
15 53 1319011
15 21 1319012
15 30 1319018
15 42 1319025
15 14 1319031
15 41 1319033
15 4 1319035
15 40 1319041
15 3 1319042
15 44 1319042
15 34 1319043
15 29 1319052
15 46 1319061
15 58 1319068
15 52 1319068
15 11 1319075
15 2 1319079
15 38 1319085
15 18 1319090
15 32 1319093
15 17 1319097
15 35 1319100
15 22 1319108
15 5 1319110
15 65 1319110
15 39 1319112
15 31 1319115
15 59 1319120
15 23 1319121
15 37 1319129
15 65 1319138
15 2 1319143
15 64 1319144
15 48 1319146
15 58 1319146
15 61 1319154
15 51 1319155
15 12 1319163
15 56 1319164
15 28 1319173
15 35 1319175
15 47 1319182
15 4 1319189
15 36 1319198
15 22 1319201
15 3 1319203
15 0 1319212
15 27 1319212
15 57 1319215
16 40 1319219
16 35 1319228
16 48 1319228
16 59 1319230
16 12 1319233
16 57 1319236
16 1 1319245
16 41 1319247
16 27 1319250
16 8 1319255
16 60 1319258
16 31 1319263
16 17 1319264
16 56 1319272
16 42 1319281
16 32 1319282
16 15 1319285
16 51 1319286
16 65 1319289
16 14 1319293
16 38 1319296
16 24 1319298
16 3 1319304
16 23 1319313
16 61 1319320
16 52 1319320
16 60 1319327
16 44 1319330
16 41 1319336
16 12 1319340
16 31 1319342
16 19 1319344
16 55 1319348
16 26 1319356
16 50 1319358
16 62 1319358
16 25 1319359
16 51 1319364
16 56 1319364
16 42 1319369
16 5 1319378
16 49 1319380
16 18 1319383
17 24 1319385
17 34 1319386
17 48 1319395
17 19 1319403
17 9 1319410
17 44 1319416
17 41 1319417
17 29 1319426
17 10 1319427
17 26 1319430
17 2 1319437
17 22 1319440
17 12 1319448
17 65 1319457
17 4 1319464
17 43 1319466
17 64 1319474
17 59 1319479
17 20 1319488
17 28 1319491
17 55 1319495
17 63 1319495
17 37 1319500
17 51 1319504
17 7 1319513
17 61 1319520
17 16 1319529
17 51 1319534
17 52 1319539
17 33 1319541
17 14 1319541
17 31 1319549
17 8 1319557
17 34 1319560
17 25 1319563
17 13 1319563
17 23 1319568
17 41 1319568
17 21 1319568
17 40 1319568
17 58 1319576
17 29 1319577
17 62 1319577
17 22 1319584
17 65 1319590
18 37 1319594
18 48 1319601
18 9 1319610
18 65 1319612
18 11 1319616
18 2 1319625
18 58 1319626
18 43 1319635
18 40 1319644
18 7 1319648
18 46 1319649
18 47 1319652
18 27 1319659
18 41 1319663
18 12 1319672
18 36 1319676
18 16 1319683
18 8 1319691
18 10 1319692
18 62 1319698
18 3 1319701
18 53 1319704
18 63 1319712
18 24 1319718
18 5 1319724
18 39 1319732
18 31 1319732
18 31 1319735
18 40 1319744
18 16 1319751
18 34 1319753
18 55 1319757
18 15 1319764
18 44 1319772
18 8 1319774
18 10 1319781
18 21 1319790
18 58 1319793
18 51 1319795
18 48 1319796
18 22 1319797
18 52 1319805
18 24 1319810
18 33 1319816
18 38 1319823
18 54 1319828
18 47 1319835
18 25 1319840
18 63 1319841
18 41 1319847
18 14 1319851
18 49 1319853
19 41 1319858
19 3 1319858
19 38 1319863
19 18 1319864
19 27 1319872
19 33 1319876
19 44 1319876
19 8 1319881
19 14 1319882
19 5 1319887
19 64 1319887
19 17 1319892
19 4 1319892
19 45 1319899
19 13 1319900
19 37 1319903
19 42 1319904
19 11 1319912
19 21 1319915
19 36 1319917
19 16 1319924
19 57 1319924
19 2 1319930
19 15 1319932
19 28 1319934
19 63 1319943
19 65 1319946
19 31 1319948
19 20 1319948
19 53 1319956
19 27 1319965
19 18 1319967
19 3 1319971
19 29 1319971
19 44 1319976
19 2 1319980
19 61 1319986
19 55 1319987
19 58 1319988
19 13 1319996
19 37 1319997
19 1 1320002
19 8 1320005
19 40 1320013
19 35 1320014
19 7 1320019
19 30 1320028
19 24 1320029
19 56 1320036
19 22 1320036
19 50 1320045
19 12 1320054
19 33 1320058
19 57 1320064
19 43 1320071
19 49 1320074
19 62 1320077
19 42 1320080
20 1 1320081
20 9 1320088
20 53 1320093
20 21 1320099
20 17 1320107
20 51 1320116
20 48 1320122
20 22 1320126
20 61 1320129
20 43 1320137
20 26 1320138
20 19 1320143
20 60 1320150
20 11 1320152
20 31 1320156
20 2 1320165
20 10 1320171
20 35 1320180
20 55 1320186
20 38 1320192
20 42 1320192
20 8 1320192
20 27 1320193
20 52 1320198
20 41 1320199
20 44 1320208
20 57 1320215
20 39 1320224
20 16 1320227
20 49 1320230
20 45 1320230
20 29 1320237
20 32 1320245
20 52 1320254
20 9 1320257
20 23 1320260
20 31 1320267
20 18 1320271
20 2 1320280
20 7 1320289
20 62 1320295
20 0 1320302
20 57 1320311
20 14 1320319
20 24 1320323
20 53 1320324
20 22 1320324
20 54 1320333
20 51 1320340
20 6 1320344
20 27 1320345
20 19 1320351
20 25 1320360
20 45 1320365
20 65 1320366
20 4 1320368
20 17 1320368
20 41 1320369
20 50 1320371
20 64 1320374
20 59 1320376
20 38 1320382
20 26 1320384
20 5 1320392
20 32 1320397
20 1 1320400
20 48 1320404
20 3 1320410
20 33 1320416
21 36 1320421
21 20 1320429
21 65 1320429
21 59 1320431
21 45 1320434
21 47 1320441
21 35 1320449
21 24 1320449
21 55 1320451
21 29 1320453
21 6 1320457
21 40 1320457
21 11 1320466
21 17 1320473
21 25 1320479
21 18 1320483
21 38 1320486
21 13 1320487
21 8 1320488
21 12 1320492
21 43 1320499
21 30 1320500
21 53 1320502
21 41 1320505
21 42 1320510
21 31 1320513
21 44 1320517
21 6 1320519
21 37 1320523
21 15 1320526
21 39 1320532
21 0 1320537
21 17 1320545
21 59 1320546
21 27 1320553
21 26 1320559
21 63 1320563
21 11 1320563
21 56 1320563
21 3 1320563
21 14 1320565
21 13 1320567
21 9 1320575
21 24 1320578
21 12 1320580
21 58 1320582
21 1 1320582
22 50 1320584
22 24 1320587
22 30 1320588
22 63 1320596
22 5 1320604
22 26 1320609
22 20 1320615
22 41 1320619
22 29 1320625
22 49 1320631
22 40 1320634
22 60 1320635
22 33 1320641
22 23 1320644
22 45 1320650
22 13 1320653
22 38 1320658
22 2 1320665
22 36 1320669
22 62 1320675
22 1 1320680
22 39 1320685
22 6 1320687
22 54 1320687
22 9 1320691
22 42 1320693
22 53 1320695
22 15 1320702
22 14 1320704
22 51 1320712
22 19 1320717
22 58 1320726
22 16 1320729
22 18 1320737
22 28 1320738
22 8 1320738
22 17 1320745
22 60 1320748
22 59 1320751
22 34 1320760
22 57 1320767
22 21 1320776
22 37 1320782
22 1 1320784
22 0 1320786
22 26 1320790
22 47 1320792
22 42 1320797
22 52 1320804
22 3 1320805
22 61 1320806
22 55 1320812
22 58 1320814
22 63 1320823
22 43 1320823
22 16 1320831
22 27 1320834
22 23 1320839
22 56 1320840
22 49 1320840
22 14 1320848
22 50 1320853
22 10 1320855
22 33 1320864
22 6 1320873
22 32 1320881
22 8 1320882
22 20 1320882
22 41 1320887
22 62 1320894
22 9 1320899
22 65 1320902
22 12 1320905
23 18 1320913
23 60 1320916
23 17 1320921
23 7 1320921
23 29 1320924
23 49 1320931
23 38 1320933
23 54 1320939
23 31 1320941
23 39 1320945
23 15 1320945
23 36 1320948
23 13 1320957
23 10 1320964
23 42 1320972
23 11 1320980
23 50 1320984
23 12 1320985
23 1 1320985
23 25 1320990
23 46 1320997
23 37 1321003
23 8 1321007
23 0 1321011
23 53 1321013
23 65 1321019
23 28 1321024
23 6 1321030
23 24 1321033
23 9 1321037
23 58 1321046
23 34 1321050
23 48 1321051
23 16 1321056
23 14 1321065
23 22 1321066
23 63 1321071
23 9 1321078
23 37 1321085
23 62 1321089
23 5 1321095
23 30 1321098
23 1 1321105
23 65 1321106
23 2 1321109
23 18 1321115
23 59 1321115
23 8 1321124
23 19 1321133
23 50 1321138
23 28 1321147
23 7 1321149
23 12 1321153
23 6 1321162
23 3 1321163
23 21 1321169
23 20 1321174
23 53 1321183
23 49 1321184
23 42 1321185
23 48 1321188
23 24 1321197
23 64 1321199
23 52 1321208
23 54 1321208
23 47 1321213
23 14 1321216
23 33 1321217
23 16 1321222
23 32 1321226
23 34 1321227
24 43 1321232
24 29 1321240
24 39 1321245
24 7 1321246
24 33 1321253
24 40 1321258
24 54 1321264
24 18 1321267
24 28 1321270
24 3 1321276
24 50 1321277
24 35 1321286
24 46 1321292
24 65 1321295
24 36 1321301
24 32 1321304
24 25 1321305
24 14 1321314
24 10 1321321
24 34 1321328
24 11 1321333
24 64 1321340
24 15 1321340
24 57 1321340
24 53 1321343
24 13 1321345
24 12 1321346
24 17 1321355
24 51 1321362
24 6 1321362
24 30 1321368
24 41 1321369
24 38 1321373
24 63 1321375
24 27 1321376
24 18 1321384
24 50 1321391
24 45 1321398
24 28 1321405
24 51 1321412
24 54 1321418
24 35 1321424
24 56 1321433
24 34 1321433
24 38 1321439
24 8 1321441
24 21 1321449
24 64 1321451
24 12 1321458
24 40 1321463
24 59 1321471
24 46 1321473
24 5 1321477
24 3 1321480
24 14 1321488
24 11 1321488
24 58 1321493
24 48 1321500
24 55 1321508
24 1 1321516
24 42 1321520
24 60 1321529
24 37 1321531
24 65 1321531
24 53 1321534
24 19 1321541
24 57 1321542
25 0 1321544
25 9 1321544
25 1 1321548
25 56 1321554
25 18 1321562
25 12 1321566
25 34 1321566
25 23 1321566
25 15 1321574
25 2 1321576
25 50 1321582
25 63 1321585
25 65 1321591
25 55 1321591
25 40 1321600
25 48 1321609
25 51 1321617
25 5 1321622
25 6 1321627
25 31 1321630
25 45 1321635
25 35 1321641
25 27 1321648
25 60 1321648
25 61 1321654
25 57 1321656
25 4 1321663
25 39 1321664
25 13 1321666
25 9 1321669
25 52 1321671
26 55 1321671
26 2 1321680
26 63 1321683
26 56 1321684
26 57 1321692
26 38 1321695
26 48 1321702
26 53 1321710
26 42 1321715
26 10 1321722
26 35 1321730
26 28 1321739
26 22 1321745
26 16 1321745
26 1 1321751
26 13 1321760
26 36 1321769
26 60 1321770
26 58 1321770
26 61 1321772
26 0 1321776
26 49 1321776
26 39 1321777
26 21 1321785
26 47 1321792
26 37 1321799
26 5 1321800
26 6 1321803
26 59 1321810
26 40 1321814
26 12 1321821
26 17 1321826
26 11 1321828
26 64 1321829
26 7 1321838
26 54 1321842
26 46 1321847
26 30 1321855
26 14 1321861
26 43 1321870
26 50 1321875
26 45 1321880
26 18 1321888
26 56 1321891
26 27 1321894
26 64 1321897
26 32 1321899
26 22 1321900
26 7 1321904
26 45 1321908
26 55 1321911
26 15 1321914
26 35 1321917
26 5 1321919
26 44 1321928
26 19 1321937
26 62 1321942
26 48 1321948
26 3 1321951
26 50 1321958
26 14 1321967
26 4 1321972
26 13 1321975
26 17 1321975
26 11 1321981
26 31 1321988
26 49 1321995
26 47 1321996
26 38 1321999
26 52 1322008
26 23 1322011
26 2 1322017
26 34 1322018
26 36 1322022
26 43 1322023
26 9 1322028
26 65 1322031
26 0 1322038
26 58 1322038
26 25 1322047
26 54 1322051
27 47 1322059
27 49 1322068
27 34 1322075
27 14 1322082
27 15 1322083
27 54 1322092
27 59 1322095
27 22 1322099
27 1 1322105
27 12 1322114
27 36 1322116
27 0 1322121
27 43 1322126
27 39 1322128
27 3 1322128
27 64 1322129
27 65 1322133
27 2 1322138
27 35 1322142
27 41 1322150
27 25 1322159
27 4 1322166
27 7 1322175
27 6 1322177
27 42 1322180
27 15 1322182
27 7 1322186
27 60 1322193
27 3 1322198
27 34 1322206
27 1 1322210
27 2 1322219
27 63 1322219
27 49 1322227
27 62 1322231
27 33 1322239
27 6 1322239
27 61 1322243
27 44 1322244
27 37 1322250
27 39 1322259
27 46 1322267
27 25 1322269
27 10 1322271
27 14 1322273
27 28 1322282
27 20 1322288
27 19 1322290
27 24 1322290
27 22 1322292
29 9 1322294
29 38 1322296
29 13 1322301
29 14 1322310
29 45 1322315
29 4 1322319
29 63 1322323
29 18 1322328
29 51 1322330
29 65 1322337
29 26 1322343
29 17 1322350
29 6 1322351
29 20 1322358
29 23 1322359
29 41 1322368
29 8 1322370
29 34 1322370
29 11 1322375
29 43 1322380
29 54 1322381
29 16 1322382
29 60 1322386
29 47 1322389
29 49 1322396
29 64 1322402
29 46 1322406
29 10 1322413
29 55 1322419
29 24 1322421
29 25 1322428
29 37 1322432
29 61 1322441
29 40 1322449
29 22 1322450
29 19 1322452
29 42 1322461
29 19 1322466
29 24 1322473
29 55 1322479
29 61 1322485
29 62 1322491
29 23 1322491
29 54 1322496
29 5 1322503
29 47 1322509
29 39 1322509
29 35 1322514
29 11 1322519
29 43 1322523
29 49 1322525
29 17 1322533
29 57 1322535
29 44 1322543
29 41 1322547
29 34 1322549
29 64 1322551
29 60 1322552
29 28 1322558
29 52 1322563
29 1 1322565
29 10 1322565
29 45 1322570
29 16 1322575
29 63 1322579
29 65 1322579
29 58 1322587
29 12 1322588
29 7 1322592
29 14 1322599
29 13 1322608
29 38 1322616
29 59 1322616
29 36 1322623
29 3 1322624
30 32 1322624
30 50 1322624
30 55 1322633
30 14 1322641
30 28 1322643
30 26 1322652
30 58 1322657
30 43 1322665
30 34 1322665
30 62 1322667
30 35 1322668
30 48 1322668
30 12 1322668
30 42 1322670
30 25 1322674
30 1 1322675
30 10 1322677
30 23 1322677
30 56 1322682
30 2 1322691
30 64 1322700
30 57 1322700
30 11 1322701
30 18 1322706
30 49 1322707
30 7 1322712
30 4 1322720
30 40 1322729
30 37 1322735
30 5 1322736
30 41 1322745
30 13 1322754
30 45 1322755
30 0 1322759
30 36 1322761
30 27 1322762
30 59 1322765
30 4 1322772
30 62 1322778
30 13 1322781
30 44 1322788
30 42 1322790
30 58 1322796
30 25 1322800
30 7 1322802
30 50 1322811
30 37 1322819
30 32 1322827
30 3 1322829
30 28 1322832
30 21 1322841
30 9 1322841
30 65 1322842
30 0 1322849
30 27 1322854
30 61 1322855
30 18 1322860
30 11 1322860
30 46 1322868
30 36 1322876
30 38 1322879
30 40 1322885
30 64 1322891
30 5 1322892
30 57 1322896
30 56 1322901
30 2 1322908
30 24 1322915
30 17 1322923
30 22 1322931
30 19 1322932
30 47 1322937
30 53 1322938
30 41 1322944
30 12 1322945
30 14 1322951
30 55 1322953
31 11 1322961
31 28 1322962
31 19 1322970
31 30 1322970
31 4 1322978
31 43 1322982
31 3 1322982
31 1 1322990
31 44 1322994
31 32 1322996
31 54 1323003
31 33 1323006
31 18 1323010
31 48 1323013
31 63 1323015
31 40 1323021
31 61 1323025
31 65 1323027
31 8 1323032
31 55 1323040
31 56 1323046
31 6 1323055
31 17 1323055
31 16 1323055
31 39 1323056
31 35 1323061
31 64 1323068
31 16 1323073
31 25 1323079
31 8 1323083
31 58 1323086
31 17 1323090
31 47 1323092
31 33 1323101
31 38 1323109
31 54 1323112
31 53 1323112
31 2 1323112
31 4 1323113
31 59 1323120
31 52 1323126
31 46 1323131
31 62 1323140
31 26 1323144
31 45 1323150
31 20 1323150
31 22 1323157
31 56 1323164
31 10 1323169
31 61 1323174
32 16 1323182
32 9 1323190
32 2 1323198
32 38 1323203
32 52 1323204
32 28 1323207
32 57 1323216
32 15 1323217
32 65 1323221
32 44 1323221
32 20 1323221
32 34 1323224
32 14 1323233
32 21 1323237
32 31 1323246
32 36 1323255
32 41 1323255
32 61 1323264
32 10 1323267
32 3 1323270
32 62 1323274
32 59 1323275
32 5 1323284
32 48 1323293
32 42 1323298
32 53 1323300
32 0 1323305
32 6 1323311
32 39 1323320
32 64 1323328
32 19 1323328
32 56 1323332
32 8 1323332
32 54 1323333
32 30 1323339
32 29 1323340
32 27 1323346
32 55 1323351
32 60 1323358
32 50 1323361
32 37 1323366
32 46 1323368
32 5 1323369
32 30 1323371
32 12 1323374
32 64 1323377
32 13 1323382
32 60 1323384
32 44 1323388
32 1 1323392
32 27 1323398
32 2 1323400
32 40 1323408
32 37 1323409
32 45 1323413
32 23 1323422
32 57 1323423
32 19 1323428
32 56 1323433
32 59 1323438
32 4 1323438
32 9 1323446
32 16 1323451
32 43 1323452
32 3 1323457
32 8 1323464
32 55 1323469
32 7 1323469
32 61 1323473
32 51 1323477
32 50 1323477
32 39 1323479
32 33 1323486
32 65 1323493
32 63 1323502
32 22 1323505
32 54 1323513
32 52 1323521
32 47 1323526
32 53 1323532
32 58 1323538
32 34 1323544
32 17 1323552
33 53 1323558
33 62 1323562
33 52 1323568
33 48 1323570
33 65 1323577
33 35 1323580
33 44 1323580
33 11 1323586
33 32 1323586
33 8 1323593
33 26 1323600
33 29 1323605
33 14 1323614
33 22 1323615
33 50 1323618
33 2 1323623
33 5 1323627
33 18 1323628
33 49 1323630
33 13 1323634
33 47 1323636
33 23 1323643
33 10 1323651
33 25 1323658
33 24 1323663
33 40 1323669
33 6 1323675
33 55 1323682
33 1 1323689
33 21 1323689
33 15 1323695
33 39 1323698
33 53 1323699
33 59 1323707
33 36 1323711
33 46 1323713
33 65 1323722
33 19 1323727
33 49 1323731
33 25 1323736
33 16 1323737
33 3 1323737
33 40 1323737
33 7 1323746
33 60 1323751
33 6 1323752
33 44 1323752
33 54 1323752
33 2 1323759
33 56 1323760
33 41 1323768
33 64 1323776
33 18 1323778
33 5 1323783
33 58 1323783
33 32 1323784
33 51 1323788
33 63 1323795
33 23 1323796
34 11 1323799
34 2 1323807
34 50 1323810
34 25 1323810
34 43 1323812
34 19 1323816
34 36 1323825
34 37 1323828
34 27 1323833
34 33 1323837
34 42 1323838
34 49 1323840
34 21 1323846
34 35 1323854
34 53 1323857
34 13 1323865
34 61 1323872
34 59 1323877
34 6 1323878
34 47 1323882
34 60 1323890
34 3 1323892
34 30 1323897
34 14 1323900
34 39 1323905
34 48 1323909
34 18 1323916
34 56 1323919
34 16 1323920
34 8 1323928
34 57 1323931
34 41 1323940
34 26 1323942
34 62 1323944
34 10 1323951
34 4 1323955
34 52 1323963
34 29 1323963
34 51 1323963
34 40 1323965
34 24 1323970
34 20 1323970
34 32 1323971
34 12 1323977
34 47 1323986
34 33 1323988
34 25 1323997
34 41 1324006
34 4 1324015
34 52 1324023
34 36 1324032
34 39 1324035
34 49 1324043
34 1 1324043
34 2 1324050
34 65 1324055
34 27 1324059
34 29 1324068
34 60 1324076
34 26 1324082
34 7 1324087
34 18 1324087
34 59 1324095
34 24 1324097
34 63 1324102
34 13 1324103
34 14 1324104
34 62 1324106
34 10 1324113
34 37 1324121
34 42 1324124
34 16 1324131
34 55 1324132
34 30 1324137
34 9 1324138
34 6 1324141
34 0 1324150
34 20 1324150
34 31 1324150
34 5 1324159
34 45 1324161
35 42 1324165
35 9 1324169
35 47 1324177
35 6 1324180
35 20 1324185
35 46 1324185
35 27 1324193
35 30 1324199
35 26 1324204
35 54 1324206
35 12 1324212
35 45 1324217
35 57 1324223
35 28 1324228
35 38 1324229
35 4 1324233
35 59 1324242
35 64 1324246
35 8 1324247
35 34 1324248
35 58 1324255
35 29 1324264
35 10 1324265
35 62 1324270
35 55 1324272
35 18 1324278
35 60 1324281
35 49 1324288
35 40 1324296
35 33 1324296
35 14 1324302
35 29 1324302
35 9 1324307
35 23 1324316
35 48 1324324
35 16 1324331
35 40 1324335
35 41 1324344
35 32 1324351
35 21 1324352
35 2 1324360
35 15 1324364
35 58 1324368
35 55 1324371
35 50 1324378
35 56 1324382
35 62 1324391
35 17 1324395
35 57 1324399
35 43 1324400
35 26 1324408
35 11 1324417
35 37 1324425
35 54 1324431
35 51 1324432
35 61 1324438
35 44 1324441
35 25 1324449
35 39 1324458
35 33 1324465
35 10 1324474
35 27 1324474
36 35 1324482
36 1 1324490
36 24 1324497
36 29 1324501
36 63 1324503
36 27 1324509
36 48 1324512
36 7 1324513
36 26 1324514
36 62 1324518
36 46 1324523
36 17 1324530
36 50 1324535
36 58 1324537
36 8 1324543
36 31 1324550
36 25 1324558
36 45 1324558
36 56 1324567
36 34 1324576
36 59 1324578
36 54 1324587
36 21 1324587
36 10 1324595
36 65 1324604
36 60 1324613
36 51 1324622
36 18 1324625
36 53 1324631
36 33 1324640
36 47 1324649
36 39 1324655
36 55 1324655
36 52 1324656
36 30 1324664
36 41 1324666
36 54 1324675
36 65 1324676
36 22 1324679
36 37 1324680
36 3 1324683
36 18 1324685
36 0 1324689
36 28 1324690
36 57 1324695
36 19 1324703
36 58 1324712
36 38 1324716
36 1 1324724
36 7 1324729
36 21 1324737
36 53 1324743
36 61 1324747
36 27 1324749
36 5 1324756
36 52 1324759
36 62 1324759
36 17 1324766
36 39 1324773
36 55 1324775
36 2 1324776
36 29 1324784
36 15 1324790
36 20 1324792
36 26 1324797
36 56 1324806
36 44 1324812
36 11 1324819
36 8 1324823
36 4 1324827
36 35 1324830
36 6 1324832
36 25 1324834
36 47 1324838
37 54 1324838
37 4 1324842
37 33 1324843
37 30 1324844
37 12 1324852
37 43 1324855
37 3 1324858
37 8 1324862
37 53 1324866
37 55 1324872
37 26 1324872
37 47 1324873
37 56 1324882
37 14 1324890
37 6 1324894
37 20 1324898
37 32 1324898
37 9 1324901
37 29 1324906
37 7 1324915
37 5 1324921
37 51 1324924
37 44 1324927
37 0 1324931
37 1 1324934
37 65 1324939
37 13 1324944
37 41 1324945
37 42 1324945
37 15 1324953
37 22 1324956
37 62 1324960
37 10 1324967
37 35 1324974
37 28 1324975
37 40 1324983
37 64 1324984
37 39 1324987
37 55 1324995
37 44 1325002
37 45 1325005
37 21 1325013
37 65 1325019
37 58 1325019
37 25 1325028
37 24 1325035
37 3 1325036
37 52 1325040
37 48 1325040
37 30 1325044
37 19 1325051
37 53 1325052
37 57 1325059
37 33 1325059
37 51 1325067
37 9 1325071
37 61 1325072
37 11 1325075
37 46 1325079
37 6 1325079
37 13 1325083
37 16 1325092
37 14 1325100
37 31 1325105
37 22 1325107
37 36 1325116
37 41 1325118
37 18 1325119
37 42 1325122
37 17 1325127
37 63 1325128
37 56 1325129
38 7 1325131
38 39 1325131
38 21 1325132
38 64 1325138
38 53 1325141
38 29 1325143
38 41 1325150
38 11 1325154
38 16 1325156
38 59 1325161
38 4 1325165
38 65 1325171
38 19 1325180
38 62 1325187
38 42 1325191
38 14 1325197
38 9 1325202
38 43 1325211
38 20 1325215
38 12 1325216
38 44 1325220
38 58 1325226
38 54 1325230
38 45 1325232
38 23 1325238
38 63 1325242
38 15 1325247
38 10 1325251
38 0 1325255
38 56 1325256
38 5 1325259
38 22 1325267
38 24 1325273
38 2 1325275
38 3 1325284
38 35 1325292
38 32 1325295
38 26 1325302
38 34 1325303
38 52 1325305
38 55 1325312
38 47 1325321
38 17 1325322
38 8 1325322
38 20 1325331
38 31 1325332
38 27 1325340
38 22 1325346
38 30 1325351
38 10 1325356
38 33 1325358
38 32 1325367
38 50 1325371
38 55 1325380
38 52 1325382
38 14 1325387
38 57 1325390
38 64 1325398
38 59 1325398
38 58 1325404
38 2 1325412
38 18 1325419
38 28 1325423
38 4 1325425
38 29 1325429
38 47 1325436
38 62 1325439
38 44 1325439
38 36 1325442
38 54 1325448
38 34 1325450
38 16 1325453
38 35 1325453
38 37 1325455
38 53 1325461
38 65 1325463
38 46 1325467
38 39 1325473
38 56 1325477
38 9 1325480
38 0 1325485
39 64 1325487
39 8 1325491
39 29 1325496
39 54 1325501
39 12 1325509
39 44 1325517
39 60 1325518
39 46 1325519
39 45 1325522
39 42 1325528
39 15 1325532
39 32 1325537
39 33 1325544
39 6 1325545
39 19 1325549
39 37 1325558
39 64 1325562
39 3 1325570
39 10 1325576
39 12 1325578
39 52 1325581
40 32 1325584
40 6 1325587
40 64 1325591
40 31 1325594
40 52 1325594
40 15 1325602
40 5 1325611
40 3 1325611
40 21 1325617
40 47 1325623
40 38 1325630
40 53 1325630
40 18 1325635
40 16 1325641
40 60 1325649
40 63 1325657
40 34 1325660
40 28 1325669
40 14 1325670
40 30 1325671
40 39 1325676
40 5 1325681
40 29 1325685
40 46 1325692
40 48 1325700
40 33 1325705
40 1 1325712
40 39 1325719
40 28 1325721
40 61 1325721
40 21 1325730
40 31 1325738
40 51 1325745
40 64 1325749
40 20 1325749
40 3 1325753
40 4 1325760
40 9 1325761
40 44 1325765
40 19 1325770
40 55 1325774
40 57 1325776
40 14 1325779
40 62 1325788
40 13 1325792
41 53 1325793
41 55 1325793
41 59 1325796
41 56 1325803
42 55 1325804
42 64 1325808
42 21 1325814
43 30 1325821
43 0 1325828
43 1 1325832
43 38 1325832
43 21 1325839
43 18 1325839
43 56 1325839
43 45 1325842
43 40 1325851
43 17 1325852
43 58 1325856
43 32 1325865
43 35 1325873
43 44 1325875
43 27 1325875
43 6 1325884
43 9 1325887
43 55 1325893
43 31 1325893
43 57 1325902
43 24 1325907
43 65 1325911
43 14 1325918
43 64 1325918
43 39 1325924
43 22 1325925
43 25 1325933
43 13 1325940
43 54 1325941
43 62 1325945
43 63 1325950
43 15 1325956
43 50 1325957
43 11 1325962
43 36 1325969
43 61 1325974
43 12 1325975
43 56 1325983
43 53 1325991
43 8 1325993
43 64 1325994
43 22 1326001
43 7 1326004
43 51 1326007
43 42 1326007
43 32 1326011
43 62 1326020
43 33 1326022
43 37 1326023
43 1 1326023
43 31 1326023
43 34 1326029
43 39 1326031
43 47 1326039
43 27 1326044
43 29 1326052
43 44 1326060
43 16 1326062
43 61 1326068
43 25 1326069
43 15 1326073
43 4 1326082
43 26 1326082
43 17 1326087
43 12 1326088
43 13 1326092
43 49 1326096
43 57 1326103
43 18 1326108
43 24 1326114
43 38 1326116
43 45 1326125
43 20 1326131
43 41 1326135
44 1 1326141
44 7 1326145
44 10 1326151
44 37 1326153
44 21 1326153
44 28 1326159
44 3 1326159
44 27 1326165
44 33 1326166
44 25 1326175
44 4 1326175
44 45 1326181
44 58 1326181
44 48 1326182
44 55 1326187
44 43 1326193
44 64 1326193
44 35 1326198
44 40 1326200
44 6 1326204
44 8 1326208
44 5 1326213
44 38 1326215
44 53 1326222
44 34 1326227
44 36 1326232
44 50 1326240
44 62 1326241
44 46 1326245
44 56 1326251
44 32 1326260
44 42 1326264
44 31 1326271
44 39 1326275
44 15 1326278
44 49 1326278
44 21 1326284
44 39 1326293
44 6 1326295
44 40 1326303
44 4 1326307
44 58 1326316
44 54 1326321
44 27 1326324
44 65 1326329
44 41 1326337
44 13 1326339
44 60 1326343
44 9 1326351
44 26 1326351
44 63 1326353
44 37 1326362
44 7 1326365
44 53 1326366
44 46 1326366
44 32 1326371
44 14 1326376
44 11 1326376
44 62 1326379
44 31 1326387
44 8 1326388
44 3 1326396
44 64 1326405
44 48 1326410
44 56 1326415
44 43 1326423
44 10 1326432
44 16 1326438
44 35 1326447
44 61 1326456
44 34 1326459
44 15 1326462
44 5 1326469
44 55 1326474
45 1 1326474
45 33 1326482
45 26 1326489
45 43 1326495
45 61 1326497
46 17 1326506
46 65 1326510
46 49 1326519
46 50 1326520
46 64 1326521
46 13 1326528
46 62 1326536
46 28 1326536
46 24 1326545
46 0 1326549
46 16 1326557
46 59 1326563
46 42 1326564
46 12 1326565
46 43 1326569
46 29 1326575
46 32 1326579
46 3 1326581
46 26 1326584
46 1 1326589
46 10 1326589
46 55 1326593
46 6 1326600
46 54 1326608
46 37 1326612
46 19 1326618
46 5 1326624
46 51 1326626
46 50 1326634
46 23 1326634
46 2 1326643
46 22 1326649
46 4 1326651
46 3 1326658
46 19 1326658
46 63 1326660
46 38 1326660
46 54 1326669
46 49 1326670
46 60 1326679
46 18 1326687
46 56 1326690
46 30 1326693
46 61 1326702
46 1 1326711
46 35 1326718
46 64 1326724
46 6 1326725
46 39 1326732
47 28 1326738
47 61 1326739
47 38 1326740
47 59 1326741
47 17 1326750
47 22 1326756
47 63 1326757
47 9 1326765
47 32 1326767
47 1 1326771
47 12 1326776
47 44 1326783
49 13 1326784
49 33 1326786
49 65 1326786
49 19 1326792
49 50 1326800
49 21 1326804
49 15 1326813
49 28 1326819
49 60 1326826
49 8 1326829
49 9 1326838
49 25 1326846
49 20 1326848
49 31 1326852
49 35 1326859
49 14 1326866
49 2 1326874
49 11 1326883
49 43 1326885
49 30 1326892
49 7 1326901
49 22 1326910
49 27 1326919
49 48 1326927
49 57 1326930
49 48 1326935
49 17 1326936
49 56 1326936
49 16 1326936
49 42 1326937
49 30 1326942
49 58 1326950
49 62 1326952
49 54 1326952
49 8 1326959
49 10 1326965
49 23 1326968
49 25 1326975
49 51 1326975
49 64 1326984
49 24 1326991
49 47 1326991
49 61 1326991
49 38 1326993
49 46 1327000
49 2 1327000
49 65 1327005
49 39 1327006
49 11 1327012
49 33 1327013
50 2 1327021
50 21 1327022
50 45 1327031
50 19 1327040
50 31 1327046
50 17 1327055
50 59 1327056
50 65 1327058
50 13 1327066
50 4 1327067
50 5 1327076
50 46 1327079
50 16 1327080
50 54 1327089
50 36 1327098
50 28 1327098
50 49 1327100
52 41 1327109
52 32 1327112
53 59 1327114
53 51 1327114
53 34 1327118
53 8 1327121
53 24 1327126
53 38 1327130
53 56 1327135
53 6 1327141
53 64 1327147
53 35 1327153
53 13 1327160
53 10 1327161
53 55 1327168
53 57 1327177
53 47 1327178
53 32 1327183
53 20 1327185
53 55 1327187
53 15 1327194
53 41 1327195
53 16 1327203
53 40 1327205
53 8 1327209
53 62 1327213
53 65 1327222
53 31 1327231
53 20 1327239
53 48 1327244
53 57 1327251
53 19 1327260
53 37 1327264
53 3 1327270
54 42 1327277
54 25 1327277
54 47 1327284
54 26 1327287
54 55 1327292
54 18 1327296
54 21 1327304
54 44 1327306
54 48 1327309
54 29 1327312
54 64 1327319
54 29 1327322
54 6 1327328
54 41 1327335
54 9 1327344
54 40 1327345
54 43 1327354
54 26 1327355
54 61 1327356
54 25 1327356
54 31 1327359
55 2 1327367
55 59 1327369
55 65 1327372
55 47 1327376
55 21 1327382
55 15 1327387
55 58 1327395
55 6 1327403
55 53 1327410
55 48 1327410
55 34 1327414
55 27 1327422
55 61 1327422
55 33 1327422
55 46 1327422
55 10 1327426
55 54 1327428
55 41 1327437
55 62 1327437
55 11 1327444
55 13 1327451
55 32 1327456
55 42 1327459
55 4 1327468
55 28 1327475
55 40 1327480
55 30 1327480
55 56 1327488
55 8 1327488
55 18 1327491
55 5 1327491
55 44 1327499
55 23 1327500
55 57 1327505
55 9 1327513
55 1 1327521
55 26 1327528
55 25 1327535
55 35 1327536
55 64 1327543
55 7 1327547
55 49 1327549
55 21 1327553
55 0 1327561
55 16 1327567
55 19 1327572
55 53 1327572
55 54 1327575
55 8 1327576
55 47 1327579
55 6 1327582
55 44 1327591
55 15 1327597
55 42 1327600
55 65 1327609
55 13 1327616
55 30 1327618
55 18 1327625
55 38 1327633
55 29 1327633
55 3 1327641
55 22 1327648
55 58 1327657
55 50 1327664
55 34 1327668
55 52 1327670
55 9 1327673
55 24 1327681
55 31 1327687
55 60 1327687
55 37 1327694
55 36 1327701
55 4 1327702
55 14 1327706
55 63 1327709
55 51 1327713
55 59 1327720
55 43 1327726
55 11 1327733
55 5 1327737
56 28 1327744
56 43 1327749
56 33 1327758
56 52 1327763
56 36 1327770
56 25 1327773
56 32 1327778
56 53 1327785
56 64 1327786
56 19 1327793
56 50 1327795
56 3 1327802
56 14 1327807
56 20 1327812
56 48 1327814
56 26 1327817
56 10 1327822
56 5 1327823
56 60 1327829
56 62 1327836
56 1 1327842
56 42 1327842
56 41 1327851
56 58 1327859
56 7 1327863
56 47 1327863
56 34 1327863
56 12 1327866
56 39 1327866
56 65 1327870
56 22 1327875
56 4 1327883
56 46 1327890
56 3 1327894
56 63 1327899
56 36 1327907
56 12 1327915
56 14 1327916
56 49 1327920
56 10 1327923
56 50 1327929
56 65 1327936
56 13 1327943
56 20 1327948
56 61 1327955
56 38 1327963
56 55 1327967
56 2 1327974
56 4 1327978
56 57 1327987
56 64 1327996
56 24 1328004
56 19 1328005
56 34 1328012
56 21 1328020
56 40 1328025
56 45 1328031
56 33 1328031
56 23 1328036
56 41 1328036
56 26 1328037
56 16 1328046
56 43 1328048
56 37 1328049
56 42 1328052
57 61 1328055
57 3 1328058
57 37 1328064
57 58 1328072
57 18 1328078
57 9 1328083
57 16 1328089
57 44 1328094
57 0 1328097
57 21 1328101
57 59 1328105
57 30 1328110
57 8 1328114
57 45 1328117
57 41 1328123
57 39 1328127
57 22 1328132
57 45 1328138
57 54 1328139
57 43 1328142
57 12 1328146
57 37 1328154
57 63 1328159
57 13 1328159
57 51 1328166
57 50 1328174
57 33 1328177
57 31 1328178
57 20 1328184
57 24 1328193
57 58 1328193
57 29 1328198
57 28 1328199
57 3 1328203
58 63 1328208
58 46 1328212
58 16 1328219
58 11 1328221
58 62 1328224
58 44 1328227
58 47 1328228
58 10 1328232
58 0 1328235
58 14 1328241
58 20 1328243
58 49 1328243
58 26 1328245
58 19 1328247
58 6 1328253
58 25 1328256
58 54 1328256
58 2 1328258
58 27 1328258
58 42 1328258
58 4 1328267
58 7 1328273
58 43 1328278
58 28 1328284
58 45 1328284
58 53 1328284
58 17 1328289
58 41 1328295
58 57 1328297
58 60 1328297
58 34 1328297
58 36 1328305
58 18 1328306
58 22 1328310
58 48 1328310
58 21 1328317
58 61 1328319
58 59 1328328
58 5 1328330
58 20 1328333
58 54 1328337
58 27 1328344
58 2 1328345
58 15 1328346
58 34 1328351
58 10 1328358
58 19 1328366
58 50 1328369
58 1 1328373
58 8 1328380
58 32 1328387
58 16 1328394
58 38 1328402
58 45 1328410
58 60 1328418
58 23 1328420
58 65 1328420
58 44 1328423
58 9 1328427
58 63 1328430
58 47 1328436
58 55 1328445
58 12 1328454
58 42 1328462
58 43 1328470
58 36 1328478
58 28 1328484
58 62 1328484
58 64 1328486
58 40 1328488
58 57 1328493
58 5 1328498
58 18 1328503
58 53 1328507
58 14 1328513
58 56 1328515
58 13 1328515
58 52 1328524
59 65 1328524
59 30 1328530
59 3 1328533
59 18 1328540
59 11 1328546
59 42 1328548
59 45 1328555
59 6 1328564
59 60 1328569
59 5 1328569
59 37 1328570
59 51 1328570
59 64 1328579
59 19 1328579
59 47 1328585
59 11 1328593
59 40 1328601
59 39 1328604
59 53 1328612
59 63 1328613
59 65 1328617
59 58 1328618
59 35 1328622
60 27 1328629
60 32 1328632
60 61 1328641
60 47 1328646
60 51 1328653
60 13 1328654
60 42 1328654
60 53 1328661
60 41 1328669
60 62 1328675
60 1 1328684
60 12 1328693
60 38 1328698
60 5 1328701
60 55 1328708
60 17 1328712
60 4 1328720
60 36 1328725
60 11 1328732
60 24 1328734
60 10 1328738
60 22 1328741
60 0 1328747
60 2 1328748
60 52 1328757
60 54 1328760
60 48 1328769
60 34 1328770
60 39 1328774
60 6 1328775
60 57 1328782
60 15 1328784
60 18 1328789
60 45 1328792
60 14 1328795
60 25 1328802
60 9 1328809
60 29 1328814
60 63 1328820
60 44 1328824
60 33 1328828
60 53 1328832
60 63 1328834
60 37 1328839
60 52 1328842
60 12 1328844
60 49 1328847
60 36 1328850
60 35 1328856
60 45 1328859
60 5 1328863
60 30 1328871
60 3 1328878
60 31 1328887
60 64 1328890
60 20 1328899
60 10 1328905
60 18 1328906
60 61 1328912
60 59 1328916
60 27 1328923
60 13 1328928
60 38 1328929
60 54 1328930
60 57 1328935
60 23 1328938
60 1 1328938
60 58 1328939
60 22 1328945
60 55 1328948
60 7 1328954
60 19 1328954
60 14 1328954
60 26 1328960
60 8 1328962
60 56 1328967
60 50 1328971
60 62 1328980
60 17 1328983
60 41 1328985
60 11 1328989
61 27 1328996
61 43 1328997
61 24 1328998
61 39 1328998
61 56 1329003
61 42 1329010
61 7 1329012
61 4 1329019
61 34 1329021
61 31 1329025
61 57 1329029
61 30 1329030
61 38 1329036
61 52 1329037
61 29 1329039
61 51 1329044
61 17 1329045
61 9 1329046
61 0 1329055
61 55 1329063
61 19 1329067
61 5 1329068
61 33 1329073
61 47 1329073
61 36 1329079
61 16 1329082
61 58 1329084
61 13 1329084
61 2 1329084
61 59 1329089
61 1 1329098
61 22 1329106
61 0 1329115
61 57 1329120
61 58 1329124
61 5 1329132
61 53 1329135
61 25 1329144
61 34 1329151
61 59 1329159
61 54 1329164
61 52 1329167
61 45 1329167
61 2 1329170
61 12 1329172
61 38 1329179
61 11 1329182
61 37 1329190
61 40 1329198
61 24 1329198
61 19 1329200
61 48 1329204
61 17 1329211
61 18 1329211
61 64 1329216
61 20 1329225
61 33 1329231
61 9 1329239
61 41 1329248
61 10 1329255
61 49 1329263
61 63 1329266
61 43 1329266
62 14 1329272
62 55 1329275
62 20 1329284
62 40 1329284
62 51 1329286
62 31 1329287
62 4 1329295
62 60 1329297
62 65 1329298
62 1 1329305
62 54 1329314
62 61 1329323
62 49 1329323
62 24 1329330
62 9 1329334
62 50 1329334
62 35 1329341
62 26 1329342
62 57 1329343
62 56 1329343
62 28 1329351
62 2 1329352
62 8 1329353
62 44 1329362
62 38 1329370
62 19 1329379
62 18 1329385
62 39 1329385
62 45 1329390
62 29 1329398
62 5 1329406
62 13 1329411
62 39 1329417
62 55 1329418
62 63 1329424
62 23 1329426
62 21 1329427
62 57 1329436
62 30 1329436
62 3 1329439
62 59 1329442
62 60 1329448
62 50 1329454
62 12 1329455
62 16 1329459
62 52 1329467
62 25 1329474
62 7 1329475
62 33 1329478
62 18 1329479
62 31 1329480
62 20 1329483
62 14 1329483
62 36 1329483
62 40 1329489
62 54 1329497
62 38 1329505
62 17 1329511
62 2 1329518
63 47 1329526
63 53 1329534
63 5 1329540
63 41 1329547
63 65 1329549
63 59 1329551
63 25 1329555
63 64 1329560
63 58 1329567
63 52 1329567
63 50 1329573
63 17 1329577
63 40 1329584
63 27 1329586
63 24 1329587
63 21 1329590
63 2 1329590
63 56 1329596
63 9 1329600
63 14 1329605
63 34 1329612
63 33 1329620
63 29 1329629
63 20 1329631
63 38 1329633
63 0 1329637
63 18 1329638
63 42 1329646
63 23 1329647
63 12 1329654
63 49 1329658
63 11 1329661
63 45 1329661
63 10 1329666
63 31 1329675
63 35 1329683
63 8 1329686
63 13 1329691
63 6 1329696
63 1 1329702
63 36 1329709
63 45 1329717
63 48 1329724
63 62 1329724
63 35 1329729
63 57 1329729
63 26 1329730
63 28 1329737
63 5 1329744
63 53 1329752
63 0 1329760
63 30 1329763
63 3 1329770
63 34 1329772
63 18 1329778
63 25 1329787
63 47 1329794
63 23 1329798
63 51 1329805
63 39 1329810
63 52 1329819
63 13 1329828
63 46 1329833
63 12 1329839
63 2 1329845
63 22 1329845
63 14 1329846
63 7 1329849
63 38 1329854
63 61 1329855
63 54 1329856
63 4 1329862
63 50 1329868
63 9 1329876
63 21 1329882
63 31 1329885
63 41 1329886
63 10 1329887
63 16 1329894
64 5 1329901
64 45 1329903
64 61 1329908
64 27 1329912
64 3 1329912
64 1 1329921
64 32 1329929
64 16 1329929
64 30 1329935
64 44 1329944
64 12 1329946
64 2 1329955
64 9 1329955
64 41 1329958
64 13 1329959
64 28 1329967
64 4 1329975
64 56 1329980
64 50 1329982
64 39 1329986
64 47 1329994
64 40 1329997
64 20 1330004
64 59 1330013
64 10 1330017
64 11 1330020
64 23 1330029
64 7 1330037
64 8 1330043
64 37 1330045
64 6 1330051
64 24 1330053
64 14 1330057
64 18 1330063
64 36 1330066
64 19 1330068
64 54 1330071
64 18 1330078
64 60 1330087
64 33 1330094
64 44 1330100
64 37 1330102
64 58 1330109
64 1 1330116
64 19 1330119
64 43 1330128
64 21 1330129
64 42 1330132
64 56 1330135
64 36 1330143
64 9 1330146
64 20 1330150
64 38 1330153
64 15 1330155
64 4 1330156
64 46 1330164
64 45 1330168
64 30 1330170
64 48 1330173
64 34 1330176
64 7 1330180
64 28 1330182
64 23 1330183
64 14 1330189
64 12 1330193
64 16 1330195
64 17 1330203
64 62 1330206
64 25 1330212
64 49 1330214
64 57 1330219
64 53 1330228
64 59 1330236
65 4 1330239
65 46 1330247
65 8 1330251
65 62 1330257
65 50 1330266
65 38 1330269
65 11 1330273
65 61 1330277
65 42 1330282
65 13 1330286
65 56 1330294
65 17 1330295
65 23 1330298
65 64 1330307
65 26 1330313
