70
true
0 48 1555798
0 21 1555801
0 23 1555801
0 27 1555802
0 66 1555806
0 4 1555812
0 5 1555819
0 61 1555819
0 31 1555822
0 18 1555827
0 43 1555834
0 39 1555834
0 64 1555837
0 28 1555839
0 10 1555842
0 22 1555842
0 54 1555849
0 56 1555855
0 6 1555858
0 11 1555858
0 51 1555866
0 49 1555868
0 46 1555873
0 1 1555878
0 65 1555880
0 25 1555881
0 15 1555886
0 33 1555893
0 67 1555900
0 14 1555902
0 8 1555908
0 24 1555908
0 69 1555910
0 9 1555912
0 19 1555914
0 55 1555917
0 34 1555925
0 50 1555928
0 13 1555932
0 37 1555939
0 53 1555943
0 35 1555946
0 27 1555955
0 14 1555956
0 9 1555958
0 6 1555962
0 25 1555967
0 17 1555969
0 1 1555976
0 23 1555980
0 13 1555986
0 49 1555995
0 16 1556002
0 26 1556003
0 30 1556003
0 44 1556011
0 53 1556014
0 7 1556023
0 64 1556032
0 31 1556034
0 56 1556043
0 41 1556043
0 19 1556045
0 68 1556045
0 24 1556049
0 50 1556054
0 10 1556054
0 2 1556054
0 45 1556061
0 66 1556065
0 8 1556072
0 46 1556078
0 67 1556086
0 22 1556087
0 37 1556096
0 12 1556100
0 62 1556104
0 47 1556108
0 34 1556110
0 58 1556114
0 42 1556118
1 22 1556119
1 61 1556125
1 14 1556133
1 27 1556141
1 65 1556149
1 11 1556152
1 66 1556156
1 21 1556161
1 50 1556168
1 19 1556172
1 54 1556172
1 60 1556172
1 51 1556179
1 24 1556184
1 49 1556193
1 52 1556198
1 33 1556198
1 15 1556200
1 18 1556203
1 29 1556210
1 10 1556217
1 53 1556220
1 42 1556228
1 34 1556232
1 17 1556237
1 30 1556242
1 5 1556248
1 57 1556255
1 56 1556255
1 44 1556262
1 49 1556268
1 65 1556272
1 39 1556279
1 20 1556288
1 40 1556294
1 36 1556296
1 25 1556297
1 22 1556297
1 62 1556302
1 5 1556306
1 0 1556311
1 52 1556319
1 34 1556328
1 24 1556334
1 56 1556336
1 48 1556338
1 47 1556340
1 6 1556344
1 53 1556352
1 61 1556358
1 17 1556366
1 37 1556367
1 42 1556373
1 66 1556381
1 43 1556381
1 7 1556383
1 41 1556386
1 68 1556391
1 26 1556394
1 60 1556394
1 63 1556399
1 13 1556408
2 42 1556414
2 25 1556417
2 0 1556420
2 29 1556429
2 63 1556431
2 19 1556431
2 21 1556432
2 64 1556436
2 41 1556437
2 68 1556441
2 66 1556445
2 60 1556454
2 12 1556456
2 9 1556464
2 11 1556469
2 22 1556478
2 32 1556483
2 40 1556490
2 26 1556491
2 61 1556497
2 57 1556502
2 47 1556511
2 15 1556514
2 37 1556523
2 6 1556527
2 38 1556527
2 35 1556535
2 3 1556536
2 54 1556539
2 36 1556540
2 45 1556540
2 5 1556546
2 54 1556551
2 46 1556560
2 19 1556563
2 57 1556564
2 45 1556571
2 11 1556571
2 56 1556577
2 53 1556583
2 10 1556590
2 64 1556597
2 30 1556606
2 26 1556610
2 38 1556611
2 23 1556617
2 6 1556626
2 52 1556630
2 13 1556637
2 50 1556637
2 37 1556644
2 61 1556653
2 29 1556656
2 62 1556656
2 32 1556662
2 55 1556669
2 42 1556675
2 59 1556681
2 22 1556689
2 27 1556695
2 41 1556695
2 5 1556704
2 65 1556708
3 50 1556714
3 5 1556716
3 22 1556722
3 4 1556722
3 44 1556724
3 10 1556725
3 12 1556729
3 1 1556729
3 61 1556733
3 28 1556733
3 26 1556740
3 16 1556744
3 13 1556744
3 21 1556751
3 46 1556754
3 36 1556755
3 25 1556763
3 41 1556763
3 2 1556766
3 37 1556770
3 27 1556779
3 68 1556787
3 31 1556788
3 32 1556788
3 34 1556796
3 69 1556804
3 17 1556809
3 51 1556818
3 59 1556818
3 15 1556820
3 16 1556827
3 28 1556834
3 25 1556843
3 49 1556852
3 45 1556858
3 63 1556860
3 8 1556863
3 42 1556872
3 5 1556879
3 41 1556880
3 40 1556889
3 66 1556891
3 4 1556896
4 19 1556903
4 21 1556909
4 27 1556917
4 53 1556924
4 29 1556926
4 2 1556934
4 16 1556940
4 43 1556948
4 47 1556948
4 17 1556957
4 41 1556962
4 59 1556962
4 69 1556969
4 15 1556973
4 6 1556978
4 52 1556985
4 63 1556986
4 7 1556995
4 48 1557004
4 23 1557006
4 37 1557007
4 20 1557012
4 36 1557013
4 22 1557019
4 38 1557022
4 67 1557025
4 1 1557025
4 65 1557026
4 62 1557032
4 60 1557033
4 45 1557036
4 12 1557042
4 66 1557049
4 42 1557056
4 10 1557063
4 5 1557072
4 18 1557080
4 58 1557080
4 39 1557086
4 3 1557094
4 24 1557101
4 24 1557102
4 32 1557106
4 3 1557107
4 58 1557113
4 0 1557116
4 45 1557119
4 66 1557123
4 41 1557132
4 25 1557132
4 1 1557138
4 26 1557142
4 46 1557145
4 11 1557148
4 22 1557148
4 34 1557154
4 61 1557159
4 27 1557160
4 15 1557169
4 21 1557173
4 5 1557180
4 30 1557186
4 68 1557192
4 18 1557201
4 44 1557206
4 51 1557215
4 64 1557216
4 16 1557225
4 8 1557229
4 10 1557234
4 54 1557242
4 38 1557249
4 65 1557258
4 49 1557264
4 33 1557268
4 31 1557270
4 42 1557277
4 59 1557284
4 62 1557288
4 23 1557292
4 39 1557295
4 20 1557300
4 13 1557300
4 9 1557300
4 14 1557307
4 52 1557313
5 65 1557314
5 29 1557316
5 11 1557324
5 22 1557328
5 66 1557334
5 18 1557335
5 49 1557338
5 32 1557342
5 55 1557351
5 38 1557356
5 59 1557363
5 46 1557371
5 68 1557372
5 48 1557379
5 9 1557388
5 61 1557397
5 31 1557402
5 58 1557411
5 44 1557412
5 67 1557415
5 2 1557419
5 34 1557421
5 41 1557430
5 10 1557436
5 3 1557442
5 13 1557443
5 1 1557446
5 62 1557448
5 54 1557453
5 42 1557457
5 8 1557460
5 17 1557468
5 57 1557469
5 12 1557478
5 21 1557481
5 7 1557484
5 15 1557492
5 19 1557500
5 20 1557503
5 24 1557506
5 30 1557506
5 50 1557511
5 62 1557516
5 15 1557523
5 17 1557528
5 16 1557536
5 56 1557539
5 51 1557548
5 47 1557548
5 54 1557548
5 32 1557557
5 55 1557561
5 31 1557570
5 61 1557573
5 67 1557581
5 14 1557586
5 1 1557595
5 43 1557603
5 69 1557606
5 13 1557612
5 25 1557614
5 21 1557616
5 24 1557619
5 63 1557619
5 60 1557626
5 29 1557629
5 65 1557631
5 26 1557635
5 58 1557640
5 2 1557646
5 35 1557648
5 45 1557648
5 48 1557648
5 46 1557653
5 3 1557658
5 36 1557665
5 10 1557666
5 20 1557669
5 40 1557670
5 66 1557677
5 23 1557682
5 52 1557688
6 63 1557690
6 29 1557698
6 4 1557705
6 20 1557709
6 17 1557718
6 9 1557720
6 64 1557725
6 30 1557731
6 19 1557734
6 48 1557736
6 15 1557737
6 61 1557739
6 26 1557743
6 13 1557750
6 27 1557757
6 21 1557766
6 16 1557771
6 24 1557771
6 33 1557773
6 47 1557782
6 7 1557791
6 56 1557799
6 52 1557805
6 28 1557807
6 14 1557812
6 50 1557820
6 0 1557827
6 67 1557827
6 36 1557831
6 55 1557832
6 68 1557837
6 31 1557844
6 0 1557851
6 45 1557859
6 15 1557859
6 57 1557867
6 49 1557872
6 2 1557875
6 52 1557879
6 21 1557881
6 42 1557881
6 48 1557889
6 69 1557895
6 53 1557903
6 22 1557907
6 12 1557908
6 61 1557910
6 39 1557911
6 9 1557918
6 23 1557924
6 32 1557932
6 38 1557936
6 34 1557939
6 16 1557947
6 65 1557948
6 58 1557953
6 29 1557961
6 66 1557969
6 44 1557976
6 5 1557976
6 10 1557979
7 1 1557986
7 0 1557992
7 41 1557997
7 32 1558006
7 2 1558009
7 40 1558016
7 5 1558016
7 54 1558019
7 23 1558019
7 12 1558019
7 31 1558023
7 69 1558028
7 20 1558037
7 50 1558042
7 61 1558051
7 47 1558053
7 48 1558061
7 8 1558070
7 43 1558073
7 58 1558081
8 45 1558086
8 35 1558087
8 48 1558095
8 12 1558098
8 28 1558103
8 49 1558103
8 10 1558112
8 61 1558112
8 14 1558114
8 19 1558118
8 9 1558120
8 65 1558121
8 37 1558121
8 54 1558126
8 13 1558132
8 2 1558136
8 55 1558138
8 66 1558138
8 30 1558139
8 0 1558142
8 62 1558146
8 4 1558150
8 25 1558158
8 31 1558163
8 27 1558169
8 52 1558176
8 60 1558185
8 39 1558187
8 53 1558194
8 22 1558195
8 32 1558203
8 6 1558209
8 46 1558209
8 43 1558217
8 7 1558218
8 36 1558221
8 50 1558228
8 44 1558232
8 24 1558239
8 41 1558247
8 9 1558247
8 63 1558247
8 43 1558250
8 4 1558254
8 65 1558257
8 31 1558261
8 7 1558265
8 14 1558273
8 13 1558280
8 28 1558281
8 10 1558281
8 18 1558285
8 45 1558289
8 23 1558297
8 2 1558306
8 49 1558310
8 52 1558319
8 57 1558325
8 51 1558326
8 69 1558331
8 37 1558333
8 32 1558334
8 42 1558340
8 25 1558341
8 48 1558346
8 33 1558354
8 20 1558357
8 54 1558358
8 40 1558360
8 53 1558368
8 3 1558375
8 39 1558380
8 64 1558388
9 41 1558389
9 3 1558391
9 54 1558397
9 56 1558402
9 27 1558407
9 20 1558416
9 47 1558422
9 67 1558422
9 23 1558428
9 7 1558430
9 39 1558438
9 44 1558442
9 55 1558450
9 35 1558459
9 37 1558464
9 49 1558469
9 60 1558474
9 18 1558481
9 59 1558490
9 45 1558499
9 52 1558503
9 11 1558506
9 13 1558506
9 19 1558508
9 15 1558516
9 40 1558521
9 63 1558529
9 34 1558535
9 36 1558537
9 58 1558545
9 61 1558547
9 51 1558551
9 16 1558559
9 22 1558564
9 25 1558571
9 55 1558575
9 12 1558580
9 21 1558589
9 48 1558591
9 63 1558597
9 29 1558601
9 40 1558602
9 43 1558608
9 31 1558614
9 6 1558623
9 26 1558625
9 37 1558625
9 7 1558628
9 4 1558637
9 30 1558645
9 34 1558647
9 57 1558652
9 50 1558655
9 19 1558656
9 47 1558665
9 2 1558665
9 28 1558667
9 52 1558671
9 44 1558671
9 14 1558673
9 41 1558681
9 11 1558686
9 24 1558691
9 45 1558694
10 18 1558699
10 0 1558702
10 49 1558709
10 67 1558718
10 51 1558727
10 13 1558733
10 11 1558737
10 55 1558741
10 41 1558746
10 15 1558752
10 33 1558752
10 3 1558758
10 64 1558758
10 24 1558760
10 29 1558769
10 22 1558771
10 59 1558772
10 61 1558774
10 4 1558775
10 23 1558783
10 36 1558792
10 54 1558799
10 34 1558808
10 39 1558817
10 26 1558821
10 5 1558825
10 27 1558828
10 62 1558835
10 28 1558838
10 58 1558847
10 39 1558850
10 24 1558857
10 4 1558863
10 40 1558872
10 35 1558878
10 30 1558883
10 66 1558889
10 13 1558890
10 43 1558897
10 69 1558902
10 26 1558909
10 41 1558914
10 46 1558915
10 15 1558917
10 22 1558918
10 37 1558927
10 55 1558932
10 21 1558938
10 29 1558945
10 33 1558950
10 19 1558950
10 52 1558955
10 51 1558957
10 65 1558957
10 23 1558959
10 9 1558965
10 50 1558966
10 28 1558969
10 0 1558976
10 57 1558984
10 68 1558990
10 25 1558991
11 34 1558993
11 57 1558997
11 25 1558999
11 18 1559003
11 32 1559012
11 10 1559019
11 48 1559025
11 47 1559026
11 45 1559028
11 12 1559032
11 2 1559041
11 15 1559042
11 9 1559045
11 39 1559052
11 44 1559059
11 17 1559063
11 67 1559067
11 56 1559069
11 30 1559075
11 41 1559077
11 63 1559086
11 69 1559088
11 31 1559094
11 14 1559099
11 52 1559106
11 66 1559113
11 0 1559119
11 10 1559121
11 53 1559128
11 59 1559132
11 26 1559135
11 3 1559135
11 51 1559140
11 12 1559143
11 21 1559149
11 6 1559156
11 27 1559163
11 9 1559163
11 36 1559170
11 55 1559175
11 64 1559178
11 65 1559180
11 5 1559187
11 7 1559191
11 48 1559194
11 40 1559197
11 16 1559199
11 24 1559200
12 48 1559204
12 13 1559210
12 43 1559212
12 53 1559215
12 16 1559216
12 62 1559219
12 26 1559225
12 8 1559226
12 10 1559232
12 11 1559239
12 40 1559240
12 30 1559241
12 45 1559247
12 3 1559248
12 29 1559248
12 59 1559252
12 67 1559261
12 40 1559261
12 2 1559266
12 38 1559269
12 27 1559271
12 1 1559277
12 23 1559283
12 28 1559289
12 54 1559298
12 47 1559302
12 22 1559304
12 3 1559311
12 34 1559313
12 0 1559318
12 8 1559325
12 45 1559333
13 42 1559335
13 36 1559341
13 20 1559341
13 19 1559347
13 32 1559349
13 24 1559352
13 30 1559360
13 2 1559368
13 35 1559374
13 38 1559377
13 18 1559377
13 15 1559383
13 9 1559386
13 41 1559395
13 21 1559400
13 16 1559409
13 55 1559415
13 59 1559418
13 43 1559425
13 4 1559433
13 12 1559436
13 66 1559439
13 45 1559444
13 11 1559450
13 50 1559454
13 22 1559456
13 67 1559463
13 49 1559469
13 54 1559476
13 25 1559485
13 0 1559494
13 27 1559496
13 8 1559501
13 40 1559501
13 5 1559504
13 63 1559513
13 3 1559513
13 1 1559521
13 37 1559524
13 31 1559526
13 62 1559531
13 50 1559539
13 2 1559539
13 20 1559543
13 37 1559547
13 23 1559551
13 33 1559551
13 66 1559556
13 15 1559564
13 55 1559572
13 39 1559577
13 3 1559579
13 19 1559586
13 10 1559587
13 45 1559591
13 47 1559598
13 16 1559598
13 54 1559602
13 27 1559602
13 67 1559609
13 38 1559614
13 53 1559619
13 0 1559623
13 46 1559628
13 29 1559636
13 69 1559643
13 48 1559651
13 7 1559652
13 57 1559655
13 30 1559659
13 34 1559659
13 32 1559661
13 51 1559662
13 40 1559662
13 49 1559662
13 41 1559670
13 31 1559678
13 24 1559683
13 17 1559691
13 22 1559697
13 60 1559699
14 57 1559706
14 49 1559713
14 58 1559717
14 69 1559725
14 60 1559726
14 27 1559730
14 12 1559730
14 5 1559730
14 56 1559730
14 47 1559737
14 39 1559746
14 46 1559749
14 35 1559756
14 25 1559756
14 24 1559760
14 21 1559763
14 43 1559768
14 13 1559771
14 53 1559777
14 22 1559777
14 0 1559780
14 42 1559789
14 67 1559790
14 28 1559794
14 8 1559794
14 3 1559799
14 41 1559804
14 33 1559809
14 37 1559816
14 10 1559820
14 66 1559821
14 1 1559829
14 62 1559830
14 29 1559833
14 38 1559839
14 34 1559845
14 6 1559847
14 18 1559853
14 3 1559857
14 49 1559857
14 13 1559863
14 51 1559872
14 68 1559881
14 23 1559885
14 31 1559889
14 32 1559894
14 26 1559899
14 6 1559900
14 29 1559904
14 28 1559906
14 8 1559912
14 63 1559916
14 30 1559920
14 33 1559928
14 22 1559934
14 9 1559936
14 57 1559939
14 41 1559941
14 50 1559943
14 12 1559946
14 43 1559952
14 18 1559954
14 2 1559959
14 5 1559967
14 39 1559971
14 37 1559974
14 53 1559982
14 52 1559983
14 54 1559987
14 58 1559989
14 56 1559991
14 60 1559999
14 24 1560002
14 42 1560007
14 17 1560013
15 35 1560016
15 68 1560016
15 2 1560018
15 1 1560020
15 7 1560026
15 40 1560028
15 48 1560032
15 16 1560037
15 54 1560045
16 29 1560051
16 31 1560058
16 10 1560065
16 64 1560069
16 60 1560069
16 44 1560074
16 56 1560076
16 8 1560084
16 34 1560093
16 52 1560096
16 17 1560099
16 15 1560104
16 19 1560107
16 50 1560110
16 3 1560114
16 32 1560123
16 7 1560132
16 69 1560136
16 12 1560141
16 39 1560144
16 25 1560144
16 2 1560152
16 48 1560154
16 55 1560154
16 20 1560159
16 24 1560168
16 41 1560174
16 42 1560178
16 46 1560186
16 45 1560190
16 11 1560193
16 65 1560199
16 9 1560200
16 66 1560203
16 31 1560210
16 25 1560215
16 68 1560217
16 45 1560222
16 42 1560225
16 51 1560226
16 14 1560233
16 66 1560233
16 60 1560236
16 46 1560236
16 11 1560240
16 4 1560244
16 27 1560246
16 48 1560251
16 69 1560252
16 6 1560258
16 38 1560261
16 54 1560262
16 33 1560266
16 62 1560273
16 10 1560275
16 53 1560275
16 8 1560284
16 64 1560285
16 22 1560291
16 50 1560298
16 55 1560299
16 15 1560302
16 19 1560311
16 3 1560319
16 34 1560325
17 56 1560325
17 50 1560331
17 14 1560331
17 65 1560339
17 31 1560339
17 18 1560346
17 42 1560349
17 22 1560351
17 11 1560356
17 8 1560363
17 35 1560370
17 69 1560379
17 27 1560381
17 67 1560384
17 10 1560388
17 59 1560388
17 44 1560395
17 34 1560399
17 5 1560403
17 45 1560408
17 68 1560409
17 52 1560411
17 25 1560419
17 32 1560424
17 38 1560429
17 54 1560430
17 48 1560432
17 6 1560437
17 53 1560438
17 57 1560447
17 39 1560451
17 64 1560456
17 4 1560460
17 28 1560467
17 7 1560470
17 55 1560477
17 15 1560477
17 29 1560485
17 16 1560492
17 0 1560493
17 20 1560494
17 26 1560501
17 33 1560510
17 16 1560513
17 29 1560514
17 19 1560520
17 65 1560524
17 14 1560526
17 43 1560534
17 49 1560536
17 25 1560537
17 31 1560541
17 38 1560542
17 60 1560542
17 22 1560542
17 53 1560549
17 21 1560556
17 24 1560557
17 33 1560566
17 40 1560570
17 10 1560578
17 20 1560584
17 52 1560588
17 50 1560592
17 18 1560597
17 32 1560602
17 36 1560604
17 58 1560604
17 44 1560605
17 34 1560608
17 5 1560608
17 61 1560616
17 2 1560622
17 48 1560630
17 51 1560638
17 11 1560643
17 3 1560652
17 6 1560657
17 64 1560663
17 57 1560672
17 23 1560672
17 15 1560676
18 9 1560679
18 49 1560685
18 54 1560694
18 27 1560698
18 20 1560703
18 38 1560704
18 30 1560711
18 64 1560711
18 25 1560712
18 63 1560716
18 57 1560716
18 42 1560722
18 16 1560724
19 20 1560727
19 26 1560736
20 17 1560743
20 35 1560749
20 44 1560758
20 59 1560759
20 67 1560761
20 31 1560765
20 57 1560769
20 42 1560769
20 7 1560775
20 15 1560779
20 66 1560786
20 62 1560788
20 41 1560793
20 16 1560794
20 60 1560796
20 32 1560804
20 19 1560805
20 0 1560807
20 52 1560814
20 21 1560820
20 51 1560825
20 5 1560833
20 9 1560836
20 13 1560844
20 48 1560852
20 12 1560859
20 61 1560859
20 4 1560860
20 2 1560867
20 40 1560876
20 54 1560879
20 61 1560885
20 0 1560887
20 44 1560896
20 5 1560905
20 6 1560909
20 10 1560918
20 21 1560921
20 69 1560923
20 41 1560927
20 19 1560931
20 64 1560934
20 25 1560940
20 2 1560946
20 30 1560951
20 15 1560957
20 38 1560965
20 4 1560973
20 42 1560981
20 39 1560989
20 37 1560996
20 59 1561002
20 12 1561010
20 49 1561015
20 36 1561021
20 48 1561023
20 16 1561028
20 13 1561036
20 46 1561039
20 1 1561045
20 32 1561046
20 3 1561055
21 62 1561063
21 32 1561069
21 56 1561073
21 11 1561073
21 34 1561073
21 6 1561073
21 1 1561082
21 9 1561088
21 61 1561089
21 2 1561098
21 40 1561103
21 28 1561106
21 22 1561115
21 30 1561121
21 39 1561124
21 43 1561131
21 29 1561137
21 7 1561140
21 59 1561145
21 16 1561150
21 18 1561159
21 26 1561166
21 5 1561173
21 20 1561180
21 49 1561182
21 3 1561183
21 47 1561186
21 44 1561193
21 69 1561199
21 0 1561203
21 63 1561212
21 51 1561215
21 35 1561215
21 38 1561216
21 27 1561224
21 66 1561229
21 25 1561237
21 4 1561237
21 54 1561240
21 12 1561246
21 50 1561251
21 8 1561252
21 58 1561256
21 65 1561263
21 46 1561264
21 24 1561270
21 24 1561275
21 45 1561280
21 67 1561285
21 38 1561291
21 20 1561294
21 19 1561298
21 31 1561307
21 11 1561308
21 4 1561316
21 51 1561318
21 12 1561324
21 17 1561325
21 64 1561325
21 36 1561327
21 61 1561329
21 27 1561335
21 29 1561341
21 68 1561343
21 13 1561346
21 42 1561353
21 63 1561362
21 14 1561365
21 0 1561374
21 18 1561382
21 57 1561385
21 41 1561390
21 35 1561392
21 49 1561397
21 10 1561406
21 7 1561410
21 16 1561412
21 48 1561417
21 58 1561420
21 5 1561420
21 32 1561423
21 46 1561424
21 69 1561433
21 2 1561439
21 34 1561445
21 56 1561450
21 43 1561457
21 54 1561466
21 39 1561467
21 22 1561472
22 15 1561481
22 69 1561489
22 40 1561494
22 0 1561495
22 25 1561497
22 28 1561499
22 49 1561505
22 24 1561510
22 43 1561519
22 27 1561520
22 30 1561527
22 52 1561528
22 53 1561533
22 29 1561539
22 31 1561541
22 1 1561544
22 20 1561547
22 68 1561547
22 46 1561550
22 35 1561554
22 57 1561560
22 12 1561561
22 3 1561566
22 33 1561574
22 24 1561578
22 1 1561579
22 16 1561583
22 35 1561584
22 65 1561593
22 43 1561601
22 34 1561606
22 38 1561615
22 68 1561618
22 66 1561624
22 41 1561632
22 9 1561636
22 64 1561638
22 15 1561646
22 18 1561654
22 60 1561661
22 26 1561661
24 17 1561662
24 2 1561669
24 6 1561669
24 40 1561678
24 58 1561678
24 37 1561681
24 16 1561686
24 44 1561692
24 45 1561692
24 30 1561699
24 61 1561705
24 3 1561708
24 13 1561716
24 19 1561721
24 50 1561730
24 53 1561731
24 63 1561733
24 27 1561736
24 66 1561739
24 35 1561745
24 51 1561746
24 29 1561752
24 33 1561752
24 20 1561753
24 64 1561757
24 56 1561764
24 4 1561769
24 54 1561773
24 66 1561782
24 5 1561782
24 12 1561785
24 15 1561790
24 41 1561791
24 50 1561800
24 69 1561803
24 2 1561805
24 39 1561812
24 67 1561819
24 61 1561822
24 53 1561830
24 49 1561839
24 65 1561842
24 44 1561843
24 57 1561849
24 26 1561854
24 13 1561861
24 27 1561866
24 60 1561866
25 61 1561874
25 9 1561883
25 68 1561892
25 62 1561895
25 2 1561898
25 23 1561901
26 68 1561902
26 42 1561903
26 0 1561904
26 17 1561911
26 54 1561918
26 13 1561918
26 66 1561919
26 50 1561925
26 22 1561930
26 9 1561933
26 7 1561933
26 21 1561939
26 3 1561945
26 40 1561953
26 29 1561957
26 16 1561957
26 57 1561965
26 31 1561972
26 49 1561977
26 6 1561977
26 14 1561980
26 8 1561980
26 41 1561989
26 25 1561993
26 2 1561994
26 27 1561994
26 43 1561994
26 64 1561997
26 63 1561999
26 15 1562003
26 48 1562004
26 20 1562006
26 38 1562012
26 35 1562016
26 65 1562018
26 47 1562024
26 61 1562029
26 12 1562035
26 5 1562040
26 58 1562043
26 4 1562052
26 38 1562058
26 53 1562065
26 62 1562074
26 50 1562083
26 54 1562088
26 31 1562088
26 60 1562096
26 9 1562105
26 40 1562106
26 2 1562112
26 37 1562116
26 24 1562124
26 17 1562124
26 14 1562130
26 55 1562130
26 7 1562133
26 66 1562134
26 42 1562134
26 23 1562143
26 36 1562143
26 12 1562150
26 0 1562150
26 11 1562150
26 69 1562153
26 8 1562161
26 39 1562164
26 63 1562165
26 13 1562174
26 27 1562180
26 68 1562181
26 46 1562184
26 44 1562188
26 43 1562193
26 21 1562193
26 30 1562201
26 49 1562206
26 51 1562212
26 25 1562216
26 33 1562224
26 35 1562224
26 57 1562232
26 47 1562233
26 32 1562235
26 6 1562241
26 64 1562241
27 21 1562242
27 9 1562248
27 24 1562256
27 11 1562256
27 51 1562256
27 17 1562259
27 16 1562264
27 66 1562270
27 33 1562273
27 59 1562280
27 37 1562286
27 13 1562289
27 32 1562289
27 4 1562289
27 47 1562297
27 39 1562306
27 57 1562313
27 31 1562321
27 50 1562322
27 45 1562326
27 39 1562327
27 30 1562334
27 46 1562339
27 56 1562343
27 52 1562347
27 9 1562353
27 37 1562362
27 62 1562369
27 41 1562370
27 67 1562374
27 2 1562380
27 35 1562380
27 36 1562386
27 16 1562395
28 62 1562404
28 18 1562408
28 56 1562413
28 49 1562418
28 44 1562427
30 26 1562427
30 24 1562432
30 13 1562437
30 2 1562446
30 20 1562447
30 64 1562449
30 17 1562450
30 52 1562455
30 22 1562462
30 38 1562463
30 18 1562465
30 10 1562468
30 65 1562472
30 66 1562478
30 0 1562481
30 58 1562487
30 28 1562488
30 53 1562491
30 3 1562495
30 37 1562500
30 40 1562509
30 62 1562518
30 8 1562524
30 11 1562530
30 33 1562538
30 55 1562547
30 24 1562554
30 64 1562557
30 33 1562562
30 14 1562568
30 8 1562575
30 20 1562579
30 57 1562586
30 6 1562595
30 68 1562603
30 5 1562610
30 52 1562617
30 34 1562622
30 31 1562629
30 41 1562637
30 63 1562641
30 61 1562649
30 69 1562658
30 36 1562666
30 51 1562666
30 49 1562666
30 0 1562671
30 38 1562679
30 65 1562682
31 52 1562686
31 63 1562695
31 7 1562697
31 40 1562702
31 55 1562707
31 38 1562713
31 36 1562720
31 4 1562726
31 51 1562733
31 10 1562735
31 6 1562737
31 32 1562740
31 42 1562740
31 24 1562747
31 15 1562754
31 0 1562754
31 48 1562761
31 30 1562765
31 9 1562770
31 34 1562777
31 33 1562781
31 47 1562788
31 35 1562797
31 11 1562805
31 45 1562811
31 14 1562811
31 22 1562814
31 46 1562817
31 68 1562818
31 41 1562827
31 58 1562833
31 60 1562842
31 45 1562850
31 55 1562854
31 29 1562859
31 5 1562867
31 50 1562870
31 32 1562873
31 8 1562882
31 41 1562887
31 64 1562893
31 7 1562895
31 49 1562899
31 16 1562904
31 19 1562908
31 53 1562917
31 35 1562925
31 39 1562927
31 24 1562927
31 37 1562928
31 30 1562932
31 3 1562937
31 2 1562939
31 42 1562944
31 36 1562946
31 47 1562946
31 23 1562947
31 20 1562956
31 59 1562965
31 33 1562968
31 40 1562975
31 21 1562976
31 17 1562981
31 15 1562985
31 18 1562992
31 26 1562997
32 45 1563000
32 39 1563005
32 64 1563013
32 46 1563013
32 13 1563020
32 25 1563026
32 9 1563028
32 5 1563037
32 19 1563043
32 61 1563051
32 42 1563059
32 2 1563064
32 1 1563073
32 26 1563079
32 62 1563080
32 44 1563087
32 35 1563095
32 27 1563097
32 55 1563100
32 11 1563108
32 3 1563115
32 6 1563123
32 24 1563123
32 18 1563130
32 4 1563132
32 61 1563140
32 66 1563140
32 16 1563141
32 15 1563148
32 38 1563148
32 34 1563151
32 50 1563156
32 68 1563156
32 62 1563160
32 58 1563166
32 40 1563166
32 41 1563168
32 52 1563176
32 54 1563180
32 23 1563184
32 49 1563188
32 60 1563196
32 14 1563198
32 0 1563206
32 51 1563209
32 18 1563209
32 11 1563215
32 1 1563216
32 29 1563219
32 65 1563227
32 25 1563234
33 4 1563240
33 18 1563240
33 28 1563246
33 65 1563246
33 56 1563249
33 17 1563258
33 69 1563259
33 2 1563268
33 25 1563273
33 5 1563282
33 34 1563290
33 32 1563295
33 27 1563301
33 54 1563304
33 53 1563307
33 58 1563307
33 36 1563312
33 50 1563316
33 32 1563324
33 9 1563331
33 57 1563336
33 17 1563337
33 30 1563339
33 67 1563346
33 20 1563350
33 41 1563355
33 19 1563360
33 31 1563364
33 55 1563365
33 21 1563368
33 5 1563369
33 42 1563374
33 12 1563382
33 7 1563382
33 44 1563389
33 65 1563390
33 25 1563395
33 47 1563397
33 58 1563400
33 23 1563404
33 62 1563408
34 59 1563416
34 3 1563418
34 15 1563427
34 4 1563427
34 54 1563435
34 58 1563439
34 68 1563447
34 17 1563452
34 52 1563461
34 30 1563468
34 69 1563472
34 65 1563474
34 61 1563475
34 39 1563479
34 33 1563482
34 38 1563483
34 64 1563485
34 60 1563485
34 0 1563486
34 55 1563493
34 6 1563500
34 48 1563506
34 44 1563510
34 62 1563517
34 25 1563518
34 43 1563526
34 28 1563534
34 7 1563543
34 10 1563547
34 62 1563550
34 31 1563554
34 15 1563562
34 22 1563565
34 65 1563568
34 12 1563571
34 41 1563579
34 57 1563582
34 58 1563586
34 37 1563588
34 7 1563590
34 11 1563595
34 50 1563595
34 54 1563599
34 33 1563605
34 25 1563614
34 23 1563616
34 46 1563617
34 64 1563617
34 67 1563621
34 52 1563621
34 32 1563622
34 20 1563628
34 4 1563633
34 13 1563639
34 16 1563639
34 18 1563647
34 56 1563649
34 21 1563651
34 59 1563654
34 48 1563655
34 30 1563662
35 12 1563670
35 30 1563674
35 63 1563677
35 10 1563685
35 37 1563691
35 26 1563698
35 55 1563704
35 13 1563713
35 59 1563720
35 66 1563720
35 52 1563725
35 33 1563729
35 17 1563731
35 28 1563740
35 58 1563746
35 2 1563754
35 69 1563762
35 44 1563766
35 32 1563770
35 40 1563776
35 8 1563785
35 67 1563793
35 0 1563793
35 54 1563796
35 45 1563799
35 46 1563802
35 3 1563808
35 42 1563815
35 27 1563816
35 25 1563817
35 68 1563824
35 41 1563828
35 47 1563837
35 5 1563845
35 53 1563845
35 34 1563845
35 43 1563847
35 38 1563853
35 39 1563858
35 16 1563861
35 7 1563861
35 7 1563864
35 19 1563872
35 9 1563881
35 42 1563890
35 6 1563895
35 23 1563901
35 63 1563910
35 66 1563912
35 1 1563916
35 48 1563919
35 12 1563924
35 24 1563931
35 30 1563932
35 0 1563932
35 20 1563936
35 28 1563941
35 34 1563943
35 54 1563944
35 18 1563944
35 46 1563947
35 5 1563949
35 8 1563953
35 31 1563957
35 38 1563964
35 58 1563973
35 50 1563974
35 64 1563974
35 25 1563980
35 40 1563980
35 52 1563986
35 2 1563993
35 43 1563995
35 36 1563999
35 47 1564005
35 11 1564010
35 56 1564016
35 62 1564024
35 61 1564027
35 32 1564035
35 44 1564041
35 29 1564043
36 33 1564048
36 55 1564050
36 3 1564058
37 9 1564059
37 35 1564066
37 26 1564075
37 5 1564080
37 10 1564085
37 49 1564088
37 17 1564095
37 11 1564098
37 15 1564098
37 60 1564106
37 8 1564115
37 42 1564115
37 65 1564122
37 7 1564129
37 27 1564136
37 32 1564137
37 44 1564137
37 57 1564139
37 36 1564142
37 51 1564143
37 2 1564143
37 64 1564151
37 18 1564157
37 66 1564161
37 39 1564169
37 67 1564173
37 58 1564179
37 69 1564185
37 3 1564188
37 59 1564191
37 14 1564196
37 1 1564204
37 63 1564210
37 22 1564214
37 0 1564218
37 29 1564226
37 38 1564234
37 52 1564242
37 54 1564249
37 60 1564255
37 63 1564258
37 61 1564258
37 65 1564263
37 64 1564263
37 18 1564268
37 4 1564274
37 57 1564274
37 28 1564275
37 21 1564282
37 66 1564291
37 27 1564295
37 11 1564300
37 53 1564302
37 20 1564302
37 9 1564302
37 8 1564305
37 16 1564305
37 17 1564305
37 33 1564312
37 25 1564321
37 5 1564325
37 30 1564328
37 35 1564329
37 22 1564330
37 10 1564330
37 15 1564333
37 47 1564337
37 45 1564337
37 14 1564345
37 26 1564346
37 39 1564349
37 2 1564351
37 58 1564355
37 24 1564359
37 1 1564361
37 40 1564366
37 3 1564369
38 39 1564369
38 63 1564373
38 20 1564382
38 62 1564390
38 46 1564395
38 17 1564404
38 69 1564406
38 64 1564415
38 31 1564419
38 44 1564425
38 21 1564425
38 1 1564426
38 25 1564433
38 7 1564441
38 66 1564447
38 60 1564448
38 42 1564454
38 29 1564455
38 28 1564463
38 33 1564465
38 13 1564470
38 40 1564470
38 50 1564473
38 30 1564482
38 59 1564491
38 27 1564493
38 2 1564494
38 24 1564502
38 51 1564508
38 61 1564513
38 68 1564520
38 32 1564520
38 56 1564529
38 35 1564534
38 4 1564537
38 18 1564540
38 45 1564544
38 57 1564547
38 36 1564555
38 65 1564556
38 12 1564556
38 49 1564565
38 54 1564566
38 39 1564574
38 25 1564576
38 14 1564583
38 31 1564589
38 13 1564593
38 4 1564602
38 7 1564607
38 56 1564608
38 43 1564612
38 58 1564618
38 21 1564626
38 2 1564628
38 65 1564631
38 42 1564631
38 46 1564634
38 48 1564635
38 67 1564637
38 27 1564643
38 63 1564646
38 20 1564646
38 18 1564647
38 47 1564652
38 17 1564660
38 69 1564665
38 37 1564666
38 50 1564668
38 15 1564668
38 8 1564677
38 35 1564679
38 53 1564686
38 60 1564691
38 16 1564698
38 64 1564704
38 1 1564704
38 51 1564708
38 29 1564711
38 12 1564720
38 19 1564729
38 55 1564733
38 11 1564734
39 69 1564739
39 14 1564747
39 18 1564754
39 41 1564754
39 23 1564759
39 34 1564763
39 58 1564769
39 3 1564773
39 31 1564774
39 51 1564774
39 36 1564778
39 37 1564779
39 68 1564780
39 54 1564789
39 48 1564792
39 60 1564798
39 27 1564798
40 36 1564801
40 37 1564802
40 48 1564803
40 65 1564812
40 60 1564812
40 23 1564813
40 11 1564817
40 14 1564819
40 1 1564828
40 31 1564832
40 39 1564834
40 28 1564834
40 33 1564835
40 32 1564844
40 4 1564849
40 47 1564856
40 61 1564864
40 46 1564870
40 57 1564876
40 67 1564878
40 69 1564886
40 68 1564890
40 2 1564891
40 55 1564895
40 18 1564900
40 8 1564901
40 9 1564901
40 62 1564901
40 44 1564909
40 3 1564911
40 0 1564912
40 10 1564918
40 66 1564920
40 16 1564923
40 24 1564932
40 54 1564941
40 25 1564948
40 19 1564954
40 35 1564955
40 21 1564956
40 58 1564960
40 56 1564960
40 48 1564964
40 69 1564972
40 63 1564977
40 33 1564978
40 24 1564984
40 15 1564989
40 60 1564995
40 50 1564997
40 23 1565004
40 62 1565004
40 36 1565012
40 7 1565020
40 57 1565028
40 1 1565035
40 64 1565042
40 42 1565044
40 31 1565051
40 6 1565051
40 18 1565053
40 5 1565056
40 14 1565059
40 65 1565068
40 13 1565069
40 49 1565070
40 55 1565079
40 68 1565082
40 41 1565089
40 19 1565097
40 22 1565101
40 35 1565102
40 53 1565103
40 9 1565110
40 28 1565114
40 21 1565115
40 20 1565117
40 29 1565122
40 47 1565126
40 59 1565131
41 64 1565137
41 18 1565144
41 14 1565145
41 39 1565150
41 8 1565159
41 60 1565160
41 21 1565162
41 16 1565164
41 67 1565165
41 12 1565170
41 28 1565178
41 63 1565184
41 58 1565188
41 1 1565195
41 36 1565198
41 20 1565200
41 19 1565200
41 69 1565205
41 50 1565208
41 13 1565208
41 66 1565211
41 35 1565213
41 15 1565217
41 6 1565226
41 31 1565230
41 68 1565235
41 62 1565243
41 59 1565244
41 65 1565246
41 7 1565247
41 43 1565250
41 44 1565250
41 2 1565254
41 34 1565257
41 37 1565257
41 4 1565260
41 61 1565266
41 38 1565271
41 47 1565278
41 16 1565284
41 8 1565287
41 30 1565296
41 37 1565297
41 26 1565300
41 46 1565303
41 49 1565305
41 69 1565310
41 20 1565319
41 38 1565323
41 12 1565323
41 2 1565324
41 10 1565332
41 58 1565337
41 24 1565340
41 67 1565344
41 65 1565348
41 55 1565350
41 29 1565355
41 68 1565359
41 36 1565360
41 63 1565361
41 1 1565364
41 50 1565371
41 27 1565373
41 40 1565373
41 32 1565381
41 35 1565390
41 57 1565390
41 21 1565394
41 54 1565400
41 52 1565408
41 66 1565411
41 60 1565416
41 43 1565421
41 19 1565421
41 23 1565424
42 14 1565431
42 64 1565434
42 47 1565441
42 67 1565443
42 56 1565450
42 36 1565451
42 53 1565456
42 38 1565462
42 45 1565462
42 63 1565470
42 2 1565479
42 19 1565480
42 21 1565484
42 15 1565488
42 40 1565489
42 31 1565495
42 54 1565504
42 4 1565507
42 60 1565509
42 9 1565515
42 62 1565517
42 50 1565526
42 24 1565532
42 48 1565533
42 58 1565542
42 30 1565544
42 52 1565551
42 49 1565559
42 20 1565559
42 43 1565565
42 59 1565566
42 16 1565567
42 25 1565567
42 69 1565576
42 7 1565579
42 66 1565583
42 3 1565583
42 27 1565592
42 41 1565601
42 24 1565610
42 60 1565616
42 20 1565624
42 17 1565629
42 43 1565636
42 15 1565640
42 61 1565648
42 47 1565656
42 10 1565656
42 39 1565661
42 63 1565670
42 64 1565675
42 21 1565681
42 41 1565681
42 67 1565681
42 12 1565687
42 38 1565694
42 4 1565697
42 7 1565700
42 48 1565704
42 23 1565705
42 14 1565708
42 19 1565712
42 6 1565719
42 35 1565728
42 13 1565736
42 30 1565742
42 29 1565748
42 51 1565756
42 57 1565762
42 11 1565767
42 8 1565768
42 40 1565771
42 59 1565780
42 1 1565789
42 28 1565790
42 58 1565791
42 31 1565799
43 67 1565802
43 44 1565809
43 63 1565815
43 56 1565816
43 20 1565824
43 27 1565824
43 69 1565833
43 26 1565837
43 68 1565842
43 14 1565843
43 21 1565843
43 4 1565843
43 3 1565849
43 7 1565849
43 9 1565853
43 15 1565853
43 32 1565859
43 25 1565864
43 34 1565865
43 54 1565869
43 66 1565877
43 55 1565880
43 31 1565885
43 36 1565893
43 65 1565895
43 61 1565896
43 12 1565900
43 53 1565906
43 18 1565907
43 50 1565914
43 22 1565919
43 17 1565927
43 1 1565930
43 45 1565931
43 28 1565939
43 44 1565942
43 1 1565947
43 64 1565952
43 39 1565959
43 31 1565964
43 57 1565973
43 56 1565977
43 42 1565983
43 18 1565990
43 13 1565996
43 16 1566000
43 3 1566005
43 10 1566013
43 68 1566022
43 2 1566023
43 33 1566032
43 38 1566040
43 15 1566042
43 23 1566046
43 69 1566051
43 22 1566060
43 45 1566067
43 61 1566076
43 6 1566085
43 37 1566094
43 47 1566095
43 21 1566101
43 59 1566107
43 8 1566112
43 32 1566112
43 14 1566114
43 17 1566117
44 23 1566121
44 21 1566123
44 36 1566127
44 50 1566136
44 49 1566139
44 25 1566144
44 2 1566147
44 18 1566149
44 62 1566155
44 28 1566159
44 35 1566162
44 37 1566169
44 9 1566169
44 27 1566174
44 47 1566174
44 24 1566183
44 4 1566188
44 52 1566189
44 0 1566195
44 54 1566198
44 42 1566207
44 26 1566209
44 65 1566213
44 43 1566219
44 64 1566219
44 5 1566226
44 46 1566235
44 40 1566236
44 20 1566242
44 58 1566243
44 12 1566245
44 56 1566254
44 3 1566262
44 29 1566265
44 8 1566268
44 22 1566269
44 17 1566273
44 16 1566276
44 39 1566278
44 22 1566279
44 1 1566279
44 24 1566282
44 52 1566282
44 65 1566289
44 51 1566296
44 27 1566300
44 15 1566302
44 68 1566311
44 13 1566312
44 43 1566318
44 2 1566325
44 31 1566331
44 21 1566335
44 5 1566337
44 14 1566338
44 47 1566347
44 54 1566353
44 32 1566355
44 45 1566363
44 19 1566371
44 7 1566379
44 34 1566383
44 41 1566390
44 20 1566390
44 69 1566397
44 11 1566404
44 62 1566409
44 66 1566411
44 23 1566414
44 10 1566418
44 64 1566420
44 39 1566426
44 38 1566426
44 18 1566434
44 9 1566440
44 4 1566445
44 12 1566450
44 60 1566457
44 58 1566462
44 33 1566462
44 40 1566469
44 17 1566470
45 67 1566473
45 66 1566480
45 32 1566482
45 41 1566490
45 2 1566492
45 35 1566494
45 54 1566494
45 34 1566500
45 69 1566503
45 57 1566510
45 20 1566517
45 63 1566521
45 11 1566523
45 3 1566528
45 12 1566536
45 16 1566537
45 31 1566538
45 61 1566541
45 26 1566547
45 19 1566549
45 30 1566556
45 68 1566563
45 23 1566571
45 7 1566576
45 51 1566584
45 5 1566592
45 8 1566596
45 56 1566605
45 47 1566612
45 43 1566612
45 61 1566613
45 18 1566622
45 13 1566629
45 23 1566633
45 10 1566635
45 22 1566642
45 15 1566644
45 16 1566646
45 5 1566655
45 41 1566658
45 46 1566661
45 25 1566663
45 39 1566667
45 51 1566676
45 9 1566677
45 42 1566677
45 50 1566678
45 24 1566687
45 26 1566687
45 49 1566690
45 7 1566695
45 27 1566700
45 48 1566702
46 13 1566707
46 24 1566712
46 37 1566716
46 40 1566716
46 66 1566722
46 61 1566730
46 14 1566738
46 27 1566738
46 47 1566742
46 58 1566744
46 51 1566753
46 64 1566757
46 39 1566761
46 28 1566767
46 8 1566771
46 3 1566773
46 29 1566774
46 9 1566782
46 11 1566791
46 16 1566791
46 12 1566795
46 40 1566796
46 36 1566796
46 56 1566800
46 32 1566807
46 63 1566816
46 53 1566818
47 42 1566824
47 68 1566830
47 20 1566830
47 67 1566833
47 51 1566838
47 26 1566839
47 22 1566845
47 15 1566853
47 23 1566861
47 62 1566862
47 28 1566862
47 38 1566864
47 39 1566867
47 41 1566870
47 45 1566872
47 12 1566880
47 10 1566886
47 52 1566889
47 54 1566894
47 34 1566903
47 24 1566908
47 23 1566908
47 53 1566910
47 35 1566911
47 56 1566920
47 9 1566926
47 17 1566927
47 15 1566927
47 65 1566927
47 48 1566936
47 63 1566944
47 19 1566947
47 64 1566951
47 11 1566952
47 50 1566957
47 58 1566960
48 13 1566964
48 53 1566966
48 55 1566967
48 21 1566976
48 57 1566978
48 16 1566985
48 60 1566990
48 42 1566998
48 46 1567004
48 62 1567004
48 44 1567007
48 2 1567014
48 33 1567021
48 8 1567029
48 15 1567030
48 58 1567031
48 38 1567034
48 45 1567037
48 25 1567044
48 24 1567045
48 3 1567046
48 5 1567052
48 52 1567056
48 54 1567064
48 56 1567072
48 36 1567078
48 32 1567081
48 39 1567083
48 34 1567090
48 22 1567093
48 40 1567102
48 17 1567106
48 10 1567109
48 26 1567118
48 20 1567119
48 4 1567119
48 68 1567126
48 41 1567130
48 35 1567139
48 30 1567139
48 59 1567140
48 66 1567143
48 6 1567149
48 56 1567150
48 6 1567150
48 63 1567157
48 67 1567161
48 39 1567169
48 21 1567171
48 38 1567178
48 3 1567179
48 7 1567182
48 2 1567189
48 1 1567195
48 57 1567204
48 24 1567207
48 35 1567214
48 58 1567215
48 15 1567216
48 66 1567220
48 40 1567220
48 5 1567220
48 51 1567228
48 50 1567229
48 62 1567229
48 69 1567238
48 52 1567245
48 30 1567252
48 0 1567257
48 36 1567257
48 8 1567260
48 61 1567266
48 20 1567275
48 44 1567277
48 33 1567285
48 45 1567292
48 10 1567296
48 43 1567302
48 16 1567307
48 9 1567310
48 23 1567319
48 32 1567327
48 12 1567327
48 11 1567331
48 27 1567339
48 37 1567343
49 45 1567351
49 14 1567354
49 55 1567356
49 1 1567360
49 65 1567366
49 15 1567375
49 39 1567376
49 43 1567378
49 26 1567378
49 56 1567385
49 47 1567391
49 4 1567399
49 19 1567400
49 32 1567401
49 35 1567410
49 33 1567416
49 46 1567418
49 29 1567420
49 37 1567420
49 7 1567426
49 52 1567429
49 69 1567429
49 25 1567436
49 67 1567439
49 65 1567442
49 13 1567448
49 66 1567456
49 59 1567464
49 44 1567472
49 35 1567475
49 6 1567484
49 41 1567492
49 40 1567496
49 8 1567498
49 3 1567504
49 37 1567510
49 34 1567514
49 15 1567523
49 62 1567531
49 69 1567538
49 19 1567544
49 46 1567547
49 14 1567552
49 55 1567559
50 63 1567559
50 56 1567568
50 6 1567572
50 57 1567575
50 28 1567578
50 40 1567587
50 5 1567588
50 24 1567593
50 60 1567602
50 14 1567611
50 48 1567614
50 17 1567618
50 32 1567620
50 35 1567627
50 39 1567632
50 10 1567641
50 61 1567642
50 8 1567650
50 33 1567658
50 62 1567661
50 58 1567670
50 26 1567674
50 16 1567677
50 25 1567678
50 43 1567685
50 4 1567692
50 29 1567701
50 46 1567702
50 68 1567704
50 20 1567704
50 53 1567712
50 2 1567719
50 38 1567720
50 13 1567722
50 47 1567724
50 7 1567733
50 9 1567741
50 64 1567745
50 18 1567753
50 11 1567762
50 49 1567771
50 0 1567779
50 67 1567782
50 37 1567785
50 29 1567793
50 61 1567801
50 69 1567805
50 41 1567808
50 25 1567809
50 30 1567814
50 24 1567823
50 35 1567826
50 19 1567832
50 52 1567833
50 4 1567833
50 56 1567837
50 32 1567843
50 6 1567846
50 2 1567855
50 26 1567863
50 20 1567871
51 32 1567875
51 34 1567878
51 69 1567885
51 38 1567887
51 8 1567889
51 4 1567893
51 39 1567898
51 26 1567903
51 63 1567910
51 22 1567912
51 48 1567912
51 37 1567913
51 50 1567916
51 9 1567918
51 3 1567922
51 56 1567929
51 60 1567931
51 49 1567931
51 36 1567938
51 44 1567939
51 40 1567942
51 7 1567950
51 16 1567957
51 30 1567962
51 65 1567966
51 29 1567973
51 17 1567978
51 6 1567982
51 46 1567990
51 45 1567996
51 62 1567996
51 43 1568000
51 18 1568004
51 41 1568007
51 10 1568016
51 64 1568022
51 23 1568023
51 66 1568032
51 57 1568035
51 27 1568041
51 45 1568041
51 52 1568049
51 55 1568057
51 39 1568065
51 69 1568065
51 46 1568068
51 2 1568072
51 4 1568080
51 65 1568081
51 56 1568082
51 35 1568088
51 23 1568097
51 62 1568104
51 38 1568111
51 33 1568119
51 54 1568122
51 60 1568124
51 25 1568124
51 0 1568129
51 15 1568134
51 67 1568134
51 61 1568142
51 31 1568151
51 36 1568157
51 10 1568160
51 58 1568167
51 16 1568175
51 66 1568184
51 47 1568185
51 5 1568194
51 43 1568194
51 24 1568194
51 6 1568203
51 42 1568211
51 44 1568212
51 29 1568219
51 50 1568226
51 13 1568227
51 30 1568228
51 40 1568233
51 48 1568238
51 8 1568239
51 27 1568240
51 57 1568248
51 18 1568254
52 25 1568255
52 3 1568263
52 0 1568263
52 68 1568270
52 33 1568271
52 49 1568277
52 60 1568285
52 28 1568292
52 19 1568301
52 35 1568305
52 7 1568313
52 32 1568314
52 56 1568316
52 24 1568325
52 51 1568326
52 46 1568328
52 44 1568332
53 64 1568335
53 41 1568344
53 6 1568344
53 28 1568350
53 1 1568356
53 65 1568356
53 56 1568358
53 24 1568363
53 36 1568370
53 18 1568375
53 51 1568375
53 8 1568378
53 16 1568378
53 9 1568379
53 52 1568385
53 35 1568392
53 22 1568398
53 25 1568399
53 57 1568401
53 26 1568410
53 68 1568419
53 43 1568422
53 52 1568424
53 9 1568424
53 67 1568426
53 30 1568432
53 37 1568439
53 48 1568446
53 0 1568449
53 63 1568455
53 8 1568455
53 38 1568461
53 16 1568470
53 5 1568470
53 24 1568478
53 31 1568478
53 35 1568478
53 42 1568483
54 15 1568486
54 10 1568490
54 53 1568499
54 4 1568505
54 20 1568510
54 6 1568510
54 41 1568514
54 0 1568523
54 38 1568526
54 17 1568529
54 48 1568532
54 30 1568540
54 2 1568544
54 63 1568551
54 24 1568558
54 61 1568563
54 13 1568570
54 39 1568573
54 64 1568579
54 45 1568587
54 37 1568592
54 25 1568592
54 11 1568596
54 44 1568605
54 7 1568609
54 69 1568610
54 31 1568612
54 29 1568617
54 1 1568619
54 33 1568623
54 49 1568625
54 59 1568631
54 60 1568636
54 34 1568637
54 22 1568638
54 28 1568638
54 63 1568647
54 44 1568656
54 31 1568665
54 50 1568670
54 30 1568671
54 66 1568676
54 42 1568680
54 36 1568684
54 27 1568687
54 41 1568691
54 52 1568693
54 45 1568699
54 29 1568702
54 34 1568706
54 56 1568713
54 13 1568720
54 7 1568729
54 59 1568730
54 57 1568734
54 5 1568737
54 61 1568739
54 32 1568745
54 4 1568745
54 24 1568753
54 23 1568753
54 38 1568759
54 69 1568761
54 55 1568763
54 2 1568772
55 62 1568774
55 32 1568782
55 50 1568788
55 19 1568790
55 0 1568797
55 44 1568803
55 30 1568811
55 64 1568815
55 29 1568821
55 15 1568828
55 42 1568832
55 12 1568832
55 24 1568838
55 14 1568843
55 6 1568843
55 4 1568848
55 60 1568848
55 66 1568852
55 36 1568860
55 47 1568866
55 46 1568869
55 38 1568872
55 8 1568875
55 22 1568877
55 67 1568881
55 16 1568888
55 20 1568891
55 56 1568895
55 30 1568903
55 58 1568910
55 68 1568918
55 16 1568922
55 61 1568924
55 62 1568924
55 60 1568924
55 33 1568928
55 18 1568936
55 34 1568939
55 11 1568945
55 10 1568952
55 54 1568952
55 40 1568959
55 44 1568965
55 52 1568969
55 46 1568969
55 24 1568975
55 1 1568975
55 0 1568979
55 4 1568985
55 36 1568991
55 41 1568991
55 26 1568991
55 39 1568994
55 64 1568995
55 48 1568996
55 67 1569004
56 22 1569012
56 42 1569015
57 54 1569024
57 58 1569029
57 32 1569033
57 7 1569037
57 10 1569046
57 50 1569047
57 44 1569050
57 34 1569052
57 6 1569059
57 4 1569066
57 18 1569070
57 3 1569076
57 38 1569084
57 43 1569084
57 2 1569085
57 55 1569091
57 28 1569095
57 0 1569095
57 53 1569097
57 42 1569104
57 36 1569111
57 62 1569111
57 43 1569112
57 23 1569121
57 3 1569128
57 44 1569136
57 5 1569139
57 6 1569146
57 37 1569155
57 4 1569160
57 7 1569169
57 25 1569177
57 29 1569179
58 7 1569188
58 36 1569196
58 64 1569203
58 31 1569207
58 5 1569213
58 3 1569213
58 65 1569222
58 25 1569226
58 44 1569227
58 13 1569231
58 22 1569238
58 49 1569238
58 38 1569245
58 30 1569248
58 14 1569255
58 66 1569258
58 53 1569264
58 17 1569264
58 59 1569265
58 47 1569270
58 39 1569272
58 26 1569276
58 12 1569283
58 48 1569283
58 9 1569283
58 32 1569290
58 69 1569294
58 57 1569302
58 61 1569307
58 53 1569311
58 11 1569311
58 16 1569311
58 14 1569315
58 48 1569316
58 45 1569316
58 69 1569316
58 23 1569325
58 21 1569334
58 54 1569339
58 59 1569344
58 52 1569353
58 25 1569361
58 12 1569370
58 1 1569375
58 28 1569377
58 39 1569379
58 50 1569381
58 9 1569383
58 46 1569384
58 2 1569384
58 44 1569385
58 56 1569385
58 60 1569386
59 24 1569392
59 69 1569401
59 36 1569404
59 60 1569411
59 48 1569419
59 51 1569426
59 52 1569429
59 41 1569431
59 56 1569433
59 53 1569440
59 6 1569441
59 31 1569442
59 13 1569450
59 21 1569455
59 11 1569455
59 39 1569462
59 1 1569462
59 23 1569467
59 61 1569472
59 42 1569475
59 22 1569481
59 4 1569485
59 14 1569494
59 9 1569497
59 16 1569502
59 67 1569510
59 43 1569518
59 5 1569523
59 20 1569528
59 54 1569532
59 8 1569541
59 26 1569542
59 65 1569551
59 42 1569554
59 66 1569560
59 37 1569567
59 7 1569570
59 23 1569578
59 14 1569578
59 28 1569578
59 50 1569581
59 67 1569582
59 20 1569583
59 35 1569589
59 1 1569595
59 64 1569597
59 52 1569601
59 44 1569607
59 55 1569609
59 54 1569614
59 62 1569622
59 48 1569627
59 6 1569631
59 46 1569635
59 40 1569644
59 53 1569644
59 30 1569652
59 21 1569653
59 19 1569654
59 47 1569659
59 38 1569668
59 60 1569671
59 18 1569673
60 8 1569682
60 59 1569684
60 69 1569689
60 17 1569689
60 57 1569689
60 23 1569696
60 25 1569700
60 15 1569702
60 62 1569711
60 55 1569716
60 38 1569724
60 42 1569730
60 6 1569731
60 46 1569731
60 19 1569731
60 63 1569740
60 49 1569743
60 52 1569744
60 30 1569745
60 43 1569752
60 53 1569760
60 34 1569769
60 4 1569770
60 67 1569773
60 40 1569777
60 61 1569785
60 47 1569792
60 14 1569800
60 35 1569806
60 10 1569811
60 13 1569814
60 58 1569819
60 66 1569822
60 3 1569822
60 51 1569829
60 1 1569835
60 41 1569841
60 64 1569847
60 69 1569852
60 34 1569858
60 45 1569858
60 37 1569860
60 27 1569867
60 28 1569874
60 38 1569881
60 12 1569883
60 67 1569883
60 10 1569885
60 0 1569886
60 50 1569887
60 47 1569888
60 57 1569890
60 13 1569892
60 24 1569901
60 30 1569910
60 7 1569916
60 4 1569922
60 25 1569923
60 49 1569923
60 39 1569932
60 52 1569934
60 33 1569938
60 23 1569945
60 61 1569953
60 40 1569955
60 20 1569956
61 39 1569964
61 38 1569971
61 55 1569972
61 29 1569978
61 41 1569986
61 45 1569989
61 62 1569998
61 46 1570004
61 25 1570005
61 50 1570014
61 19 1570014
61 10 1570014
61 0 1570018
61 20 1570020
61 6 1570026
61 13 1570032
61 12 1570033
61 67 1570034
61 52 1570038
61 63 1570042
61 54 1570051
61 23 1570052
61 1 1570054
61 40 1570057
61 34 1570059
61 56 1570060
61 30 1570067
61 44 1570072
61 18 1570080
61 26 1570085
61 52 1570090
61 7 1570094
61 19 1570094
61 20 1570099
61 51 1570104
61 36 1570108
61 6 1570117
61 68 1570125
61 35 1570128
61 60 1570129
61 54 1570133
61 23 1570139
61 37 1570147
61 14 1570155
61 66 1570156
61 30 1570157
61 48 1570163
61 50 1570171
61 41 1570175
61 16 1570175
61 1 1570184
61 22 1570187
61 15 1570195
62 65 1570201
62 66 1570204
62 32 1570213
62 15 1570216
62 27 1570217
62 56 1570224
62 59 1570228
62 58 1570231
62 50 1570235
62 55 1570241
62 31 1570244
62 17 1570244
62 35 1570245
62 6 1570246
62 9 1570250
62 3 1570254
62 51 1570255
62 25 1570255
62 4 1570256
62 29 1570263
62 26 1570264
62 47 1570264
62 61 1570267
62 20 1570271
62 41 1570280
62 57 1570286
62 63 1570286
62 52 1570293
62 43 1570301
62 0 1570308
62 69 1570314
62 16 1570323
62 8 1570332
62 60 1570334
62 28 1570336
62 36 1570337
62 42 1570340
62 67 1570346
62 55 1570353
62 48 1570355
62 6 1570359
62 63 1570368
62 3 1570372
62 19 1570376
62 11 1570384
62 0 1570388
62 43 1570390
62 54 1570395
62 61 1570400
62 14 1570404
62 34 1570407
62 36 1570410
62 21 1570411
62 50 1570420
62 15 1570426
62 16 1570434
62 7 1570443
62 10 1570444
62 49 1570448
62 51 1570449
62 60 1570453
62 4 1570457
62 2 1570462
62 39 1570463
62 5 1570471
62 41 1570472
62 27 1570474
62 22 1570483
62 20 1570488
62 28 1570496
62 13 1570496
62 9 1570498
62 26 1570499
62 53 1570505
62 69 1570505
62 29 1570509
62 47 1570510
62 30 1570512
63 23 1570518
63 55 1570520
63 29 1570522
63 0 1570531
63 68 1570536
64 20 1570543
64 18 1570546
64 13 1570550
64 50 1570552
64 37 1570554
64 7 1570554
64 15 1570559
64 9 1570567
64 11 1570567
64 62 1570572
64 5 1570573
64 12 1570580
64 30 1570584
64 60 1570593
64 63 1570598
64 25 1570603
64 38 1570611
64 58 1570616
64 40 1570616
64 19 1570620
64 66 1570624
64 49 1570632
64 42 1570637
64 43 1570645
64 3 1570647
64 44 1570654
64 6 1570656
64 45 1570658
64 2 1570661
64 10 1570668
64 21 1570674
64 36 1570675
64 52 1570675
64 63 1570682
64 52 1570690
64 51 1570694
64 29 1570696
64 1 1570699
64 7 1570707
64 36 1570709
64 60 1570718
64 18 1570724
64 43 1570730
64 35 1570736
64 55 1570740
64 48 1570747
64 34 1570754
64 31 1570754
64 25 1570762
64 45 1570771
64 16 1570775
64 56 1570775
64 26 1570783
64 46 1570790
64 44 1570793
64 37 1570798
64 67 1570803
64 41 1570807
64 11 1570807
64 61 1570809
64 12 1570816
64 4 1570824
64 22 1570827
64 32 1570827
64 69 1570835
64 3 1570840
65 8 1570840
65 35 1570845
65 40 1570851
65 14 1570857
65 68 1570862
65 9 1570864
65 3 1570865
65 11 1570872
65 12 1570880
65 34 1570881
65 46 1570887
65 32 1570895
65 56 1570900
65 15 1570907
65 23 1570914
65 67 1570922
65 49 1570928
65 22 1570933
65 37 1570939
65 58 1570939
65 59 1570941
65 19 1570944
65 28 1570946
65 62 1570952
65 54 1570952
65 31 1570959
65 6 1570959
65 10 1570965
65 7 1570974
65 47 1570983
65 36 1570986
65 52 1570987
65 44 1570994
65 24 1570995
65 43 1570997
65 15 1570999
65 10 1571004
65 30 1571009
65 25 1571009
65 68 1571009
65 7 1571016
65 26 1571022
65 48 1571025
65 45 1571028
65 23 1571035
65 14 1571039
65 13 1571042
65 12 1571051
65 56 1571052
65 22 1571052
65 66 1571059
65 18 1571063
65 55 1571067
65 29 1571074
65 34 1571074
65 5 1571075
65 46 1571078
65 21 1571079
65 0 1571083
65 39 1571083
65 11 1571085
65 31 1571086
65 36 1571089
65 51 1571093
65 20 1571098
65 62 1571102
65 60 1571108
65 58 1571110
65 16 1571115
65 4 1571115
65 42 1571116
65 54 1571120
65 53 1571129
65 9 1571135
65 19 1571137
66 24 1571146
66 31 1571148
66 5 1571157
66 45 1571158
66 36 1571158
66 37 1571165
66 67 1571169
66 40 1571170
66 7 1571172
66 52 1571179
66 15 1571180
66 4 1571188
66 49 1571192
66 11 1571200
66 68 1571200
66 34 1571207
66 2 1571214
66 12 1571217
66 62 1571222
66 21 1571223
66 61 1571226
66 6 1571229
66 29 1571229
66 33 1571233
66 3 1571240
66 44 1571242
66 63 1571248
66 61 1571256
66 27 1571257
66 40 1571261
66 23 1571267
66 48 1571268
66 51 1571271
66 62 1571275
66 64 1571280
66 49 1571286
66 12 1571289
66 55 1571298
66 57 1571306
66 54 1571309
66 31 1571315
66 0 1571322
66 22 1571324
66 35 1571327
66 16 1571336
66 53 1571337
67 59 1571343
67 15 1571352
67 45 1571359
67 51 1571367
67 52 1571370
67 20 1571377
67 19 1571380
67 43 1571384
67 2 1571391
67 63 1571398
67 60 1571406
67 12 1571410
67 11 1571410
67 66 1571416
67 49 1571420
67 1 1571428
67 68 1571430
67 47 1571433
67 35 1571438
67 24 1571444
67 40 1571453
67 25 1571457
67 18 1571465
67 33 1571465
67 46 1571471
67 69 1571476
67 41 1571482
67 54 1571488
67 69 1571493
67 57 1571493
67 39 1571500
67 3 1571506
67 12 1571514
67 2 1571522
67 59 1571526
67 14 1571527
67 7 1571531
67 28 1571534
67 43 1571540
67 60 1571548
67 58 1571554
67 36 1571563
67 13 1571568
67 9 1571570
67 30 1571576
67 53 1571581
67 56 1571583
67 45 1571592
67 22 1571595
67 55 1571604
67 11 1571612
67 51 1571618
67 15 1571623
68 65 1571626
68 42 1571629
68 56 1571637
68 4 1571637
68 33 1571646
68 11 1571655
68 12 1571663
68 66 1571672
68 43 1571677
68 62 1571683
68 63 1571686
68 49 1571687
68 46 1571692
68 38 1571694
68 37 1571700
68 18 1571702
68 14 1571709
68 64 1571711
68 17 1571712
68 20 1571717
68 69 1571725
68 55 1571728
68 36 1571737
68 29 1571741
68 61 1571741
68 30 1571749
68 9 1571751
68 22 1571755
68 40 1571755
68 3 1571757
68 51 1571765
68 59 1571773
68 57 1571774
68 50 1571774
68 54 1571780
68 19 1571787
68 45 1571790
68 10 1571797
68 48 1571805
68 23 1571808
68 15 1571816
68 9 1571818
68 26 1571827
68 18 1571835
68 27 1571842
68 49 1571843
68 28 1571844
68 33 1571846
68 69 1571851
68 20 1571855
68 30 1571859
68 56 1571860
68 62 1571865
68 66 1571870
68 7 1571871
68 15 1571873
68 47 1571874
68 42 1571881
68 25 1571881
68 2 1571884
68 24 1571890
68 8 1571893
68 43 1571901
68 10 1571904
68 0 1571908
68 40 1571912
68 16 1571919
68 54 1571923
68 64 1571924
68 59 1571932
68 19 1571932
68 1 1571936
68 29 1571941
68 37 1571950
68 45 1571955
68 63 1571956
68 34 1571963
69 50 1571970
69 65 1571978
69 48 1571983
69 34 1571983
69 29 1571986
69 5 1571988
69 30 1571994
69 19 1572001
69 67 1572009
69 56 1572011
69 47 1572011
69 6 1572016
69 26 1572019
69 46 1572023
69 35 1572023
69 57 1572030
69 43 1572032
69 61 1572037
69 66 1572040
69 8 1572048
69 49 1572055
69 18 1572058
69 53 1572065
69 1 1572074
69 59 1572079
69 37 1572085
69 68 1572091
69 31 1572096
69 33 1572103
69 60 1572109
69 52 1572113
69 32 1572120
69 44 1572120
69 27 1572123
69 17 1572129
69 20 1572136
69 16 1572141
69 40 1572146
69 41 1572149
69 7 1572150
69 39 1572158
69 66 1572166
69 28 1572170
69 50 1572172
69 18 1572172
69 38 1572180
69 67 1572182
69 47 1572187
69 13 1572187
69 64 1572189
69 26 1572198
69 34 1572201
69 29 1572206
69 36 1572213
69 25 1572222
69 20 1572228
69 58 1572237
69 4 1572243
69 3 1572249
69 11 1572253
69 61 1572257
69 45 1572260
69 42 1572260
69 52 1572265
69 63 1572265
69 46 1572273
69 62 1572278
69 0 1572281
69 37 1572287
69 23 1572295
69 22 1572295
69 24 1572304
69 54 1572306
69 43 1572306
69 55 1572315
69 32 1572315
69 51 1572317
69 6 1572326
69 48 1572326
69 60 1572329
69 53 1572338
69 31 1572347
