73
true
0 34 1754170
0 57 1754173
0 7 1754173
0 28 1754174
0 54 1754178
0 17 1754184
0 13 1754191
0 37 1754192
0 36 1754200
0 6 1754203
0 45 1754212
0 32 1754216
0 12 1754224
0 47 1754224
0 65 1754224
0 41 1754231
0 8 1754237
0 26 1754243
0 3 1754244
0 70 1754245
0 72 1754254
0 21 1754262
0 42 1754268
0 53 1754273
0 39 1754278
0 19 1754281
0 51 1754289
0 62 1754296
0 29 1754300
0 44 1754301
0 30 1754309
0 16 1754309
0 15 1754318
0 64 1754320
0 50 1754325
0 61 1754328
0 64 1754332
0 4 1754332
0 61 1754338
0 51 1754338
0 20 1754342
0 68 1754349
0 52 1754353
0 19 1754356
0 8 1754359
0 67 1754362
0 37 1754371
0 28 1754372
0 21 1754374
0 9 1754379
0 58 1754386
0 55 1754389
0 56 1754394
0 12 1754400
0 34 1754400
0 49 1754407
0 62 1754408
0 66 1754408
0 41 1754416
0 27 1754425
0 10 1754427
0 57 1754433
0 32 1754437
0 69 1754437
0 17 1754441
0 42 1754443
0 60 1754447
0 18 1754456
0 70 1754456
0 46 1754458
0 39 1754465
0 50 1754471
1 71 1754477
1 62 1754483
1 45 1754490
1 42 1754492
1 31 1754497
1 38 1754499
1 7 1754501
1 10 1754504
1 30 1754508
1 6 1754512
1 17 1754516
1 58 1754520
1 35 1754521
1 18 1754527
1 66 1754531
1 55 1754533
1 43 1754534
1 23 1754539
1 46 1754540
1 9 1754546
1 59 1754551
1 44 1754560
1 53 1754564
1 5 1754564
1 51 1754565
1 56 1754569
1 61 1754578
1 40 1754583
1 69 1754591
1 48 1754600
1 57 1754607
1 47 1754610
1 2 1754613
1 14 1754617
1 58 1754617
1 24 1754622
1 36 1754625
1 7 1754626
1 29 1754626
1 43 1754626
1 26 1754632
1 48 1754639
1 3 1754639
1 54 1754646
1 51 1754652
1 4 1754656
1 49 1754663
1 27 1754672
1 59 1754672
1 20 1754678
1 5 1754683
1 13 1754685
1 53 1754687
1 45 1754692
1 15 1754697
1 12 1754705
1 34 1754709
1 22 1754715
1 47 1754723
1 67 1754725
1 41 1754729
1 30 1754737
1 57 1754744
1 46 1754751
1 62 1754760
1 2 1754766
1 60 1754774
1 72 1754781
1 18 1754782
1 69 1754790
1 33 1754796
1 38 1754796
1 56 1754805
2 30 1754811
2 5 1754814
2 67 1754817
2 46 1754826
2 40 1754828
2 54 1754828
2 6 1754829
2 71 1754833
2 1 1754834
2 41 1754838
2 72 1754842
2 33 1754851
2 39 1754853
2 35 1754861
2 52 1754866
2 37 1754875
3 5 1754875
3 31 1754881
3 72 1754881
3 43 1754884
3 0 1754890
3 71 1754895
3 28 1754904
3 27 1754907
3 64 1754916
3 56 1754922
3 68 1754930
3 30 1754935
3 45 1754938
3 50 1754938
3 21 1754941
3 44 1754942
3 33 1754949
3 32 1754954
3 20 1754959
3 11 1754965
3 15 1754969
3 59 1754975
3 25 1754984
3 71 1754993
3 65 1754994
3 33 1755001
3 17 1755001
3 60 1755007
3 8 1755013
3 15 1755020
3 68 1755027
3 27 1755036
3 20 1755040
3 24 1755048
3 59 1755051
3 55 1755057
3 1 1755059
3 51 1755066
3 43 1755074
3 9 1755081
3 40 1755084
3 29 1755087
3 25 1755087
4 16 1755089
4 32 1755096
4 40 1755098
4 45 1755107
4 60 1755109
4 69 1755116
4 53 1755118
4 72 1755127
4 52 1755135
4 58 1755135
4 57 1755144
4 49 1755149
4 71 1755152
4 23 1755157
4 28 1755159
4 34 1755163
4 55 1755165
4 11 1755165
4 59 1755167
4 38 1755168
4 28 1755169
4 11 1755169
4 64 1755176
4 20 1755182
4 63 1755182
4 37 1755189
4 43 1755192
4 69 1755193
4 34 1755201
4 39 1755202
4 10 1755204
4 19 1755211
4 32 1755218
4 61 1755226
4 29 1755227
4 0 1755229
4 12 1755233
4 48 1755242
5 37 1755247
5 45 1755256
5 17 1755256
5 44 1755258
5 13 1755265
5 58 1755272
5 15 1755281
5 31 1755290
5 32 1755296
5 52 1755298
5 10 1755301
5 35 1755310
5 34 1755317
5 6 1755318
5 36 1755318
5 0 1755324
5 64 1755328
5 2 1755330
5 46 1755337
5 22 1755344
5 43 1755347
5 23 1755356
5 41 1755358
5 7 1755365
5 61 1755371
5 11 1755371
5 18 1755372
5 48 1755381
5 55 1755390
5 49 1755392
5 38 1755397
5 14 1755398
5 71 1755407
5 62 1755416
5 28 1755423
5 50 1755423
5 56 1755424
5 60 1755430
5 19 1755433
5 67 1755436
5 9 1755441
5 30 1755442
5 66 1755451
5 69 1755452
5 49 1755453
5 4 1755459
5 15 1755460
5 72 1755463
5 6 1755465
5 21 1755471
5 23 1755473
5 68 1755473
5 18 1755478
5 38 1755479
5 47 1755487
5 29 1755495
5 62 1755504
5 66 1755507
5 67 1755514
5 25 1755521
5 9 1755523
5 0 1755527
5 53 1755529
5 64 1755532
5 63 1755540
5 65 1755543
5 50 1755547
5 13 1755556
5 26 1755557
5 24 1755563
5 30 1755569
5 7 1755570
5 12 1755572
5 41 1755578
5 61 1755583
5 55 1755590
5 45 1755595
5 27 1755596
5 22 1755602
5 44 1755606
6 58 1755607
6 60 1755613
6 52 1755614
6 37 1755623
6 7 1755627
6 61 1755632
6 10 1755640
6 59 1755647
6 15 1755656
6 4 1755662
6 43 1755668
6 28 1755672
6 39 1755673
6 5 1755676
6 8 1755683
6 70 1755690
6 42 1755696
6 62 1755700
6 13 1755703
6 71 1755712
6 34 1755712
6 36 1755715
6 54 1755718
6 64 1755725
6 16 1755727
6 29 1755733
6 30 1755742
6 31 1755743
6 25 1755747
6 44 1755750
6 55 1755754
6 2 1755762
6 3 1755769
6 69 1755777
6 45 1755784
6 17 1755792
6 33 1755801
6 56 1755802
6 23 1755810
6 12 1755811
6 72 1755814
6 38 1755818
6 1 1755825
6 19 1755834
6 67 1755837
6 60 1755840
6 4 1755843
6 20 1755850
6 45 1755855
6 42 1755857
6 27 1755865
6 24 1755867
6 37 1755875
6 21 1755876
6 23 1755885
6 61 1755886
6 41 1755890
6 1 1755893
6 52 1755901
6 33 1755909
6 7 1755909
6 38 1755913
6 58 1755913
6 40 1755913
6 43 1755915
6 8 1755922
6 22 1755927
6 62 1755933
6 16 1755933
6 65 1755936
6 47 1755945
6 18 1755945
6 68 1755945
6 11 1755947
6 14 1755948
6 57 1755955
6 53 1755959
6 36 1755968
6 64 1755977
6 46 1755983
6 0 1755985
6 2 1755986
6 39 1755990
6 9 1755993
6 31 1756000
6 48 1756005
6 32 1756009
6 69 1756017
6 66 1756023
6 35 1756025
6 19 1756025
7 72 1756030
7 25 1756035
7 44 1756042
7 56 1756043
7 22 1756046
7 11 1756047
7 27 1756054
7 0 1756059
7 29 1756065
7 24 1756065
7 18 1756068
7 67 1756077
7 35 1756084
7 21 1756088
7 17 1756097
7 19 1756099
7 63 1756104
7 2 1756110
7 12 1756113
7 36 1756115
7 4 1756116
7 3 1756118
7 57 1756124
7 30 1756127
7 71 1756134
7 10 1756140
7 41 1756140
7 46 1756142
7 28 1756151
7 51 1756160
7 47 1756162
7 39 1756171
7 42 1756175
7 55 1756175
7 58 1756175
7 38 1756181
7 46 1756186
7 18 1756194
7 36 1756200
7 60 1756207
7 33 1756207
7 47 1756215
7 34 1756215
7 25 1756223
7 66 1756228
7 10 1756231
7 62 1756233
7 2 1756235
7 29 1756237
7 19 1756237
7 24 1756245
7 14 1756254
7 63 1756257
7 59 1756261
7 26 1756262
7 52 1756271
7 20 1756280
7 71 1756286
7 28 1756294
7 0 1756298
7 31 1756301
7 45 1756306
7 35 1756314
7 11 1756322
7 61 1756330
7 57 1756334
7 43 1756334
7 30 1756343
7 65 1756347
7 12 1756350
7 67 1756350
7 40 1756350
8 15 1756352
8 43 1756354
8 22 1756354
8 61 1756359
8 57 1756363
8 4 1756366
8 69 1756368
8 68 1756369
8 39 1756378
8 72 1756378
8 71 1756378
8 31 1756379
8 63 1756386
8 14 1756394
8 37 1756403
8 67 1756406
8 40 1756414
8 2 1756419
8 17 1756424
8 27 1756432
8 11 1756434
8 6 1756439
8 44 1756439
8 70 1756440
8 25 1756444
8 54 1756449
8 13 1756451
8 1 1756452
8 34 1756457
8 10 1756464
8 21 1756469
8 45 1756469
8 7 1756470
8 51 1756473
8 65 1756475
8 49 1756480
8 58 1756481
8 56 1756483
8 66 1756485
8 9 1756485
8 3 1756494
8 32 1756499
8 29 1756508
8 48 1756509
8 38 1756515
8 29 1756521
8 44 1756524
8 10 1756531
8 46 1756531
8 52 1756534
8 7 1756541
8 15 1756545
8 39 1756552
8 70 1756560
8 1 1756569
8 45 1756572
8 40 1756575
8 6 1756579
8 48 1756584
8 2 1756585
8 34 1756586
8 5 1756590
8 11 1756598
8 41 1756606
8 25 1756606
8 51 1756610
8 56 1756614
8 3 1756622
8 61 1756631
8 12 1756633
8 13 1756640
8 9 1756644
8 72 1756649
8 30 1756651
8 35 1756659
8 67 1756664
8 54 1756672
8 59 1756675
8 4 1756678
8 26 1756685
8 23 1756692
8 49 1756695
8 66 1756704
8 18 1756708
8 63 1756716
8 36 1756720
8 43 1756721
8 38 1756724
8 55 1756728
8 68 1756733
8 53 1756740
8 24 1756749
8 33 1756755
8 27 1756755
8 71 1756761
9 5 1756768
9 60 1756777
9 4 1756784
9 70 1756788
9 24 1756796
9 35 1756805
9 20 1756812
9 58 1756821
9 69 1756821
9 33 1756828
9 3 1756837
9 19 1756846
9 63 1756852
9 15 1756852
9 12 1756853
9 14 1756857
9 67 1756860
9 7 1756867
9 66 1756876
9 72 1756879
9 47 1756888
9 30 1756893
9 11 1756898
9 51 1756906
9 55 1756912
9 13 1756915
9 59 1756921
9 32 1756928
9 65 1756930
9 45 1756934
9 31 1756942
9 62 1756947
9 2 1756952
9 16 1756954
9 39 1756955
9 18 1756963
9 56 1756966
9 40 1756967
9 41 1756968
9 54 1756974
9 36 1756980
9 61 1756986
9 57 1756988
9 27 1756988
9 22 1756988
9 6 1756995
9 48 1756997
9 33 1756999
9 43 1757003
9 14 1757007
9 50 1757009
9 30 1757011
9 8 1757019
9 23 1757026
9 68 1757027
9 7 1757031
9 26 1757033
9 53 1757035
9 29 1757038
9 13 1757042
9 20 1757050
9 45 1757050
9 72 1757057
9 35 1757066
9 12 1757069
9 19 1757073
9 55 1757077
9 34 1757082
9 58 1757085
9 60 1757088
9 56 1757092
9 28 1757092
9 51 1757094
9 69 1757103
9 22 1757103
9 5 1757104
9 3 1757106
9 32 1757107
9 66 1757108
9 1 1757115
9 36 1757124
9 10 1757133
9 61 1757137
9 16 1757141
9 65 1757144
9 37 1757152
9 42 1757156
9 15 1757159
9 2 1757165
9 4 1757170
10 65 1757175
10 51 1757181
10 55 1757186
10 54 1757189
10 7 1757192
10 49 1757201
10 36 1757207
10 21 1757208
10 3 1757214
10 37 1757219
10 64 1757221
10 18 1757230
10 57 1757235
10 62 1757241
10 19 1757250
10 69 1757253
10 2 1757259
10 9 1757268
10 0 1757273
10 29 1757274
10 26 1757274
10 34 1757276
10 35 1757282
10 43 1757283
10 28 1757290
10 50 1757297
10 2 1757306
10 66 1757312
10 29 1757317
10 3 1757322
10 25 1757324
10 56 1757328
10 70 1757330
10 34 1757338
10 72 1757340
10 9 1757340
10 42 1757348
10 0 1757355
10 54 1757360
10 5 1757362
10 16 1757364
10 57 1757369
10 62 1757378
10 18 1757385
10 12 1757392
10 33 1757399
10 1 1757406
10 63 1757412
10 55 1757412
10 27 1757413
10 69 1757422
10 65 1757423
11 70 1757428
11 60 1757435
11 52 1757442
11 26 1757448
11 72 1757450
11 22 1757457
11 47 1757461
11 62 1757464
11 4 1757464
11 14 1757469
11 34 1757472
11 30 1757478
11 36 1757485
11 29 1757492
11 3 1757492
11 64 1757498
11 25 1757503
11 5 1757506
11 48 1757508
11 9 1757512
11 35 1757515
11 67 1757518
11 8 1757519
11 49 1757527
11 69 1757530
11 12 1757533
11 37 1757535
11 38 1757541
11 44 1757549
11 31 1757555
11 23 1757562
11 6 1757563
11 15 1757564
11 33 1757564
11 17 1757568
11 50 1757575
11 21 1757577
11 7 1757583
11 42 1757589
11 23 1757595
11 30 1757602
11 57 1757604
11 55 1757607
11 12 1757609
11 22 1757614
11 10 1757621
11 7 1757629
11 17 1757636
11 0 1757638
11 21 1757644
11 52 1757653
11 50 1757655
11 71 1757659
11 9 1757659
11 4 1757661
11 46 1757667
11 16 1757675
11 68 1757683
11 5 1757688
11 58 1757689
11 2 1757697
11 34 1757706
11 59 1757712
11 20 1757713
11 8 1757717
11 44 1757725
11 69 1757731
11 48 1757736
11 72 1757741
11 19 1757745
11 15 1757747
11 39 1757754
11 1 1757760
11 27 1757767
11 65 1757776
11 54 1757785
11 62 1757790
12 0 1757795
12 53 1757795
12 64 1757797
12 10 1757800
12 36 1757807
12 67 1757811
12 18 1757813
12 60 1757814
12 65 1757817
12 1 1757824
12 46 1757825
12 68 1757827
12 29 1757830
12 70 1757832
12 37 1757837
12 34 1757845
12 61 1757845
12 5 1757849
12 63 1757852
12 41 1757852
12 4 1757857
12 17 1757862
12 62 1757867
12 19 1757870
12 31 1757873
12 44 1757874
12 40 1757881
12 56 1757887
12 30 1757889
12 7 1757893
12 52 1757893
12 2 1757901
12 32 1757904
12 44 1757909
12 54 1757913
12 53 1757918
12 11 1757927
12 72 1757935
12 15 1757936
12 55 1757939
12 28 1757946
12 67 1757950
12 37 1757954
12 38 1757957
12 39 1757959
12 13 1757960
12 68 1757967
12 23 1757970
12 57 1757979
12 27 1757982
12 66 1757982
12 65 1757983
12 22 1757984
12 1 1757991
12 41 1757996
12 2 1757998
12 32 1758000
12 14 1758007
12 7 1758016
12 40 1758024
12 62 1758033
12 49 1758042
12 43 1758043
13 42 1758045
13 35 1758050
13 26 1758056
13 70 1758063
13 27 1758070
13 46 1758079
13 57 1758082
13 19 1758089
13 17 1758089
13 0 1758093
13 11 1758096
13 31 1758101
13 14 1758104
13 41 1758107
13 32 1758109
13 61 1758109
13 48 1758114
13 55 1758123
13 38 1758124
13 60 1758128
13 72 1758136
13 44 1758141
13 59 1758142
13 43 1758147
13 39 1758154
13 69 1758158
13 9 1758164
13 64 1758165
13 52 1758166
13 34 1758175
13 18 1758177
13 28 1758178
13 45 1758184
13 56 1758192
13 8 1758195
13 66 1758204
13 67 1758207
13 23 1758215
13 20 1758218
13 11 1758222
13 72 1758227
13 17 1758233
13 68 1758237
13 42 1758239
13 31 1758245
13 6 1758249
13 29 1758249
13 49 1758257
13 39 1758263
13 22 1758271
13 3 1758273
13 36 1758281
13 12 1758284
13 18 1758286
13 32 1758292
13 55 1758294
13 43 1758297
13 28 1758305
13 5 1758311
13 62 1758313
13 53 1758315
13 63 1758320
13 45 1758328
13 15 1758337
13 52 1758345
13 7 1758348
13 67 1758356
13 50 1758364
13 56 1758370
13 10 1758370
13 8 1758374
13 1 1758378
13 46 1758383
13 35 1758389
14 38 1758391
14 66 1758393
14 61 1758399
14 57 1758401
14 34 1758405
14 41 1758410
14 64 1758418
14 12 1758427
14 18 1758428
14 52 1758428
14 67 1758429
14 32 1758433
14 69 1758433
14 25 1758439
14 11 1758447
14 39 1758451
14 47 1758453
14 5 1758460
14 36 1758469
14 58 1758472
14 29 1758474
14 17 1758481
14 8 1758490
14 15 1758492
14 35 1758501
14 9 1758506
14 48 1758508
14 2 1758516
14 33 1758520
14 60 1758525
14 62 1758525
14 10 1758534
14 24 1758540
14 23 1758540
14 4 1758546
14 44 1758550
14 64 1758553
14 25 1758559
14 0 1758560
14 62 1758563
14 2 1758570
14 27 1758575
14 47 1758577
14 30 1758582
14 61 1758585
14 31 1758586
14 57 1758592
14 21 1758592
14 46 1758592
14 68 1758596
14 15 1758600
14 66 1758602
14 50 1758607
14 34 1758615
14 32 1758619
14 8 1758628
14 29 1758631
14 37 1758633
14 72 1758633
14 17 1758633
14 53 1758641
14 49 1758642
14 16 1758642
14 71 1758642
14 55 1758642
14 13 1758643
14 36 1758646
14 69 1758655
14 24 1758657
15 37 1758665
15 7 1758671
15 41 1758677
15 38 1758677
15 9 1758681
15 1 1758686
15 51 1758687
15 23 1758695
15 26 1758697
15 11 1758701
15 59 1758703
15 6 1758708
15 57 1758715
15 54 1758722
15 30 1758731
15 67 1758738
15 14 1758738
15 20 1758747
15 62 1758754
15 43 1758758
15 5 1758766
15 64 1758771
15 29 1758779
15 27 1758780
15 31 1758785
15 36 1758785
15 35 1758790
15 52 1758791
15 0 1758797
15 24 1758803
15 42 1758806
15 48 1758813
15 32 1758822
15 58 1758826
15 8 1758830
15 59 1758838
15 29 1758845
15 27 1758850
15 33 1758855
15 66 1758864
15 38 1758870
15 56 1758874
15 11 1758875
15 23 1758880
15 55 1758886
15 18 1758889
15 12 1758892
15 35 1758893
15 1 1758899
15 48 1758903
15 41 1758905
15 63 1758913
15 53 1758915
15 42 1758916
15 4 1758920
15 45 1758920
15 30 1758922
15 57 1758925
15 62 1758925
15 65 1758929
15 64 1758933
15 44 1758941
15 51 1758947
15 43 1758951
15 6 1758951
15 20 1758953
15 50 1758958
15 69 1758964
15 2 1758972
16 43 1758973
16 34 1758977
16 21 1758982
16 10 1758988
16 30 1758989
16 9 1758994
16 25 1759000
16 68 1759008
16 54 1759009
16 48 1759010
16 38 1759012
16 71 1759015
16 32 1759018
16 53 1759024
16 58 1759024
16 51 1759025
16 8 1759031
16 62 1759040
16 6 1759040
16 47 1759044
16 37 1759047
16 67 1759053
16 15 1759062
16 35 1759066
16 4 1759067
16 42 1759074
16 2 1759074
16 27 1759075
16 55 1759079
16 40 1759086
16 59 1759088
16 3 1759094
16 14 1759095
16 17 1759104
16 24 1759110
16 72 1759119
16 49 1759120
16 2 1759122
16 10 1759126
16 55 1759130
16 50 1759130
16 72 1759136
16 51 1759140
16 26 1759147
16 3 1759148
16 58 1759154
16 27 1759159
16 6 1759161
16 1 1759169
16 66 1759169
16 30 1759171
16 8 1759172
16 22 1759181
16 5 1759186
16 41 1759195
16 35 1759202
16 23 1759210
16 37 1759212
16 65 1759213
16 71 1759217
16 54 1759219
16 44 1759228
16 45 1759231
16 56 1759240
16 61 1759246
17 39 1759255
17 67 1759258
17 41 1759260
17 30 1759264
17 10 1759268
17 32 1759271
17 43 1759277
17 7 1759283
17 50 1759288
17 1 1759294
17 16 1759302
17 40 1759310
17 23 1759319
17 11 1759326
17 61 1759335
17 12 1759342
17 27 1759350
17 57 1759355
17 72 1759355
17 31 1759361
17 0 1759365
17 22 1759367
17 48 1759372
17 68 1759374
17 59 1759380
17 46 1759381
17 28 1759383
17 64 1759386
17 19 1759391
17 18 1759397
17 54 1759401
17 52 1759401
17 38 1759401
17 68 1759401
17 66 1759403
17 60 1759412
17 42 1759418
17 55 1759419
17 41 1759419
17 11 1759421
17 57 1759429
17 53 1759431
17 56 1759431
17 65 1759440
17 35 1759443
17 21 1759452
17 40 1759459
17 44 1759468
17 37 1759474
17 27 1759482
17 14 1759489
17 69 1759489
17 30 1759498
17 20 1759501
17 5 1759504
17 49 1759507
17 46 1759514
17 62 1759520
17 50 1759523
18 5 1759528
18 52 1759536
18 71 1759543
18 57 1759545
18 62 1759550
18 27 1759555
18 49 1759562
18 64 1759562
18 68 1759570
18 58 1759577
18 36 1759581
18 15 1759583
18 29 1759592
18 40 1759592
18 8 1759600
18 46 1759605
18 7 1759609
18 19 1759616
18 63 1759617
18 33 1759623
18 34 1759627
18 28 1759632
18 23 1759637
18 32 1759643
18 17 1759646
18 37 1759647
18 13 1759655
18 27 1759659
18 68 1759661
18 58 1759667
18 17 1759668
18 71 1759668
18 57 1759669
18 45 1759676
18 38 1759685
18 19 1759686
18 52 1759688
18 20 1759691
18 49 1759695
18 40 1759704
18 24 1759711
18 51 1759714
18 47 1759723
18 0 1759731
18 35 1759738
18 54 1759739
18 14 1759744
18 43 1759749
18 6 1759758
18 25 1759765
18 66 1759771
18 4 1759779
18 62 1759787
19 0 1759792
19 54 1759795
19 30 1759796
19 72 1759800
19 34 1759809
19 50 1759811
19 16 1759818
19 47 1759824
19 35 1759830
19 62 1759834
19 66 1759839
19 64 1759848
19 65 1759854
19 11 1759855
19 51 1759860
19 49 1759869
19 40 1759869
19 4 1759869
19 51 1759874
19 65 1759882
19 55 1759891
19 39 1759895
19 61 1759898
19 17 1759903
19 3 1759904
19 37 1759911
19 25 1759912
19 36 1759917
19 23 1759918
19 30 1759921
19 32 1759924
20 34 1759930
20 54 1759935
20 19 1759937
20 37 1759940
20 43 1759943
20 26 1759947
20 48 1759948
20 59 1759952
20 44 1759955
20 70 1759956
20 57 1759959
20 36 1759964
20 31 1759967
20 22 1759976
20 1 1759979
20 61 1759985
20 27 1759989
20 9 1759994
20 32 1760002
20 41 1760009
20 58 1760015
20 60 1760015
20 14 1760016
20 35 1760023
20 45 1760023
20 13 1760032
20 62 1760038
20 15 1760042
20 0 1760047
20 2 1760054
20 23 1760057
20 21 1760065
20 40 1760070
20 65 1760079
20 7 1760080
20 46 1760087
20 53 1760090
20 47 1760096
20 12 1760105
20 49 1760105
20 28 1760105
20 33 1760111
20 56 1760115
20 50 1760121
20 50 1760121
20 70 1760124
20 32 1760129
20 60 1760130
20 25 1760139
20 18 1760142
20 8 1760144
20 45 1760153
20 64 1760157
20 52 1760164
20 58 1760165
20 42 1760168
20 11 1760177
20 14 1760180
20 37 1760181
20 1 1760187
20 30 1760192
20 2 1760199
20 49 1760204
20 36 1760209
20 28 1760218
20 57 1760227
20 67 1760236
20 44 1760239
20 26 1760247
20 40 1760249
20 9 1760256
20 27 1760260
20 43 1760263
20 23 1760269
20 55 1760269
20 48 1760274
20 54 1760277
20 53 1760280
20 15 1760280
20 24 1760289
20 61 1760297
20 47 1760304
20 16 1760309
20 59 1760309
20 68 1760313
20 51 1760319
20 22 1760323
20 10 1760331
21 29 1760338
21 11 1760338
21 19 1760341
21 23 1760343
21 69 1760347
21 58 1760348
21 66 1760357
21 36 1760363
21 8 1760370
21 61 1760371
21 5 1760373
21 60 1760379
21 44 1760384
21 42 1760389
21 31 1760393
21 70 1760400
21 47 1760409
21 55 1760410
21 57 1760416
21 3 1760422
21 72 1760425
21 45 1760430
21 65 1760433
21 14 1760442
21 17 1760449
21 63 1760458
21 59 1760467
21 32 1760472
21 2 1760472
21 7 1760480
21 46 1760489
21 0 1760490
21 26 1760496
21 33 1760500
21 67 1760508
21 29 1760508
21 42 1760514
21 49 1760514
21 43 1760515
21 36 1760515
21 40 1760518
21 61 1760524
21 32 1760526
21 71 1760526
21 2 1760534
21 31 1760534
21 56 1760537
21 44 1760545
21 70 1760548
21 17 1760557
21 6 1760558
21 39 1760561
21 50 1760564
21 53 1760571
21 24 1760572
21 20 1760575
21 16 1760578
21 14 1760582
21 30 1760587
22 13 1760588
22 33 1760589
22 11 1760589
22 31 1760598
22 46 1760599
22 39 1760604
22 1 1760612
22 48 1760612
22 7 1760618
22 50 1760625
22 55 1760632
22 0 1760639
22 57 1760645
22 40 1760649
22 28 1760654
22 62 1760655
22 29 1760656
22 56 1760662
22 42 1760670
22 14 1760670
22 8 1760670
22 69 1760673
22 21 1760678
22 44 1760681
22 38 1760690
22 30 1760697
22 52 1760700
22 53 1760702
22 9 1760702
22 35 1760710
22 4 1760719
22 66 1760720
22 68 1760720
22 64 1760724
22 67 1760725
22 49 1760730
22 63 1760734
22 2 1760738
22 5 1760744
22 72 1760745
22 61 1760750
22 39 1760756
22 9 1760762
22 31 1760767
22 72 1760776
22 58 1760780
22 48 1760785
22 67 1760790
22 42 1760794
22 49 1760794
22 21 1760800
22 65 1760804
22 62 1760807
22 64 1760816
22 37 1760820
22 63 1760827
22 57 1760829
22 11 1760831
22 25 1760839
22 4 1760843
22 8 1760847
22 41 1760853
22 6 1760856
22 60 1760864
22 32 1760867
22 13 1760867
22 12 1760871
22 3 1760876
22 44 1760885
22 43 1760894
22 53 1760901
22 69 1760907
22 30 1760915
22 71 1760919
22 7 1760922
22 52 1760926
22 55 1760934
22 68 1760938
22 47 1760945
22 2 1760954
22 38 1760962
22 66 1760966
23 3 1760970
23 4 1760975
23 72 1760982
23 58 1760990
23 1 1760994
23 50 1761002
23 32 1761011
23 45 1761019
23 68 1761019
23 18 1761020
23 20 1761020
23 11 1761028
23 51 1761029
23 2 1761032
23 49 1761034
23 54 1761043
23 6 1761045
23 27 1761050
23 26 1761055
23 71 1761061
23 36 1761068
23 7 1761069
23 25 1761071
23 48 1761073
23 13 1761076
23 5 1761076
23 47 1761083
23 30 1761087
23 57 1761094
23 31 1761094
23 37 1761098
23 56 1761102
23 39 1761104
23 10 1761109
23 19 1761116
23 15 1761121
23 1 1761122
23 38 1761131
23 17 1761136
23 6 1761140
23 29 1761145
23 57 1761147
23 14 1761151
23 66 1761154
23 48 1761162
23 18 1761169
23 67 1761175
23 39 1761184
23 0 1761190
23 71 1761199
23 44 1761207
23 52 1761211
23 21 1761219
23 46 1761222
23 27 1761225
23 69 1761230
23 59 1761234
23 35 1761243
23 13 1761249
23 45 1761253
23 40 1761262
23 11 1761271
23 22 1761275
23 25 1761282
23 54 1761286
23 56 1761288
23 31 1761293
23 4 1761299
23 30 1761306
23 50 1761309
23 41 1761309
24 10 1761318
24 14 1761320
24 63 1761323
24 46 1761323
24 64 1761330
24 57 1761337
24 43 1761338
24 53 1761343
24 34 1761347
24 68 1761353
24 48 1761362
24 36 1761371
24 7 1761376
24 54 1761385
24 4 1761389
24 42 1761395
24 27 1761398
24 15 1761403
24 50 1761412
24 60 1761417
24 59 1761423
24 11 1761431
24 44 1761439
24 12 1761441
24 17 1761450
24 65 1761456
24 72 1761457
24 41 1761461
24 71 1761467
24 58 1761472
24 21 1761477
24 23 1761478
24 32 1761479
24 52 1761486
24 47 1761494
24 3 1761494
24 49 1761495
24 55 1761500
24 35 1761504
24 60 1761505
24 59 1761511
24 68 1761517
24 46 1761522
24 72 1761530
24 7 1761532
24 27 1761535
24 2 1761540
24 6 1761540
24 8 1761544
24 31 1761550
24 40 1761550
24 69 1761552
24 36 1761560
24 55 1761564
24 15 1761568
24 61 1761568
24 38 1761572
24 18 1761577
24 11 1761580
24 17 1761583
24 20 1761583
24 22 1761584
24 4 1761587
24 32 1761592
24 14 1761594
24 52 1761595
24 67 1761601
24 39 1761609
24 41 1761615
24 49 1761622
25 65 1761626
25 42 1761631
25 40 1761640
25 20 1761648
25 69 1761650
25 66 1761653
25 41 1761659
25 45 1761663
25 24 1761668
25 47 1761671
25 71 1761679
25 5 1761684
25 14 1761688
25 27 1761696
25 53 1761700
25 7 1761709
25 64 1761716
25 39 1761723
25 3 1761725
25 44 1761725
25 32 1761730
25 62 1761735
25 21 1761739
25 45 1761740
25 51 1761743
25 65 1761748
25 69 1761750
25 10 1761752
25 22 1761759
25 57 1761768
25 29 1761773
25 41 1761773
25 11 1761778
25 1 1761780
25 50 1761785
25 30 1761789
25 62 1761792
25 44 1761797
25 34 1761801
25 58 1761805
25 2 1761813
25 63 1761821
25 49 1761829
25 72 1761834
26 37 1761834
26 2 1761843
26 18 1761848
26 0 1761849
26 1 1761858
26 29 1761863
26 59 1761867
26 41 1761870
26 58 1761871
26 65 1761871
26 28 1761872
26 36 1761872
26 16 1761877
26 70 1761883
26 4 1761892
26 20 1761898
26 42 1761902
26 34 1761904
26 6 1761909
26 19 1761911
26 5 1761919
26 24 1761927
26 35 1761936
26 64 1761937
26 23 1761941
26 63 1761942
26 56 1761947
26 54 1761950
26 9 1761953
26 69 1761956
26 17 1761959
26 66 1761963
26 71 1761965
26 60 1761966
26 59 1761966
26 8 1761970
26 40 1761973
26 24 1761973
26 38 1761982
26 30 1761984
26 5 1761985
26 60 1761985
26 28 1761992
26 34 1761994
26 54 1761996
26 13 1762001
26 29 1762007
26 72 1762012
26 12 1762018
26 15 1762018
26 19 1762026
26 56 1762028
26 44 1762030
26 32 1762039
26 62 1762040
26 68 1762040
26 49 1762040
26 67 1762042
26 37 1762042
26 63 1762045
26 70 1762052
26 69 1762059
26 58 1762068
26 66 1762070
27 50 1762074
27 29 1762076
27 66 1762085
27 4 1762091
27 25 1762100
27 1 1762104
27 30 1762106
27 37 1762106
27 31 1762113
27 51 1762122
27 7 1762129
27 49 1762136
27 44 1762136
27 21 1762141
27 38 1762147
27 41 1762150
27 15 1762152
27 25 1762153
27 28 1762154
27 45 1762163
27 56 1762171
27 9 1762172
27 8 1762179
27 66 1762187
27 57 1762192
27 30 1762195
27 40 1762199
27 5 1762201
27 72 1762209
27 62 1762217
27 32 1762224
27 11 1762226
28 40 1762227
28 59 1762232
28 42 1762237
28 70 1762240
28 55 1762247
28 32 1762254
28 26 1762263
28 23 1762272
28 2 1762281
28 60 1762287
28 22 1762290
28 38 1762293
28 25 1762299
28 29 1762300
28 67 1762308
28 62 1762310
28 3 1762314
28 18 1762317
28 50 1762318
28 63 1762318
28 16 1762318
28 46 1762320
28 39 1762324
28 49 1762328
28 72 1762336
28 64 1762342
28 0 1762344
28 60 1762353
28 63 1762361
28 27 1762362
28 44 1762370
28 46 1762377
28 19 1762386
28 3 1762387
28 30 1762387
28 69 1762393
28 17 1762393
28 15 1762395
28 24 1762398
28 2 1762404
28 33 1762406
28 47 1762409
28 54 1762415
28 21 1762417
28 31 1762423
28 9 1762428
28 62 1762429
28 18 1762435
28 35 1762437
28 36 1762438
28 13 1762446
29 15 1762452
29 23 1762456
29 16 1762462
29 4 1762464
29 26 1762467
29 3 1762472
29 38 1762475
29 59 1762484
29 25 1762485
29 44 1762492
29 2 1762501
29 20 1762506
29 7 1762511
29 36 1762514
29 53 1762521
29 52 1762526
29 12 1762534
29 8 1762543
29 10 1762543
29 24 1762550
29 11 1762557
29 50 1762564
29 21 1762568
29 61 1762575
29 65 1762577
29 33 1762578
29 49 1762580
29 9 1762584
29 34 1762592
29 45 1762600
29 51 1762604
29 46 1762612
29 72 1762616
29 67 1762620
29 6 1762627
29 60 1762635
29 22 1762641
29 16 1762645
29 58 1762649
29 34 1762657
29 31 1762662
29 49 1762670
29 44 1762678
29 71 1762687
29 4 1762694
29 21 1762694
29 54 1762697
29 67 1762697
29 60 1762702
29 39 1762702
29 33 1762707
29 25 1762713
29 68 1762713
29 63 1762714
29 10 1762720
29 43 1762724
29 66 1762727
29 14 1762727
29 52 1762736
29 30 1762744
29 17 1762750
29 35 1762753
29 5 1762760
29 3 1762763
29 55 1762772
29 8 1762775
29 38 1762776
29 72 1762779
29 51 1762782
29 47 1762787
29 48 1762791
30 66 1762800
30 25 1762803
30 46 1762805
30 35 1762809
30 64 1762813
30 39 1762814
30 3 1762821
30 10 1762826
30 17 1762831
30 44 1762834
30 31 1762843
30 72 1762843
30 70 1762847
30 52 1762849
30 16 1762855
30 60 1762862
30 22 1762871
31 41 1762880
31 44 1762881
31 10 1762885
31 50 1762885
31 16 1762886
31 34 1762893
31 65 1762899
31 15 1762900
31 49 1762900
31 7 1762900
31 5 1762902
31 25 1762911
31 63 1762919
31 33 1762922
31 0 1762930
31 47 1762935
31 46 1762942
31 45 1762942
31 19 1762942
31 17 1762944
31 29 1762944
31 13 1762952
31 28 1762961
31 23 1762963
31 30 1762964
31 46 1762972
31 21 1762978
31 71 1762979
31 40 1762981
31 43 1762986
31 72 1762993
31 56 1762993
31 17 1762994
31 23 1762997
31 57 1763006
31 65 1763011
31 42 1763015
31 10 1763023
31 51 1763023
31 55 1763028
31 28 1763034
31 49 1763040
31 16 1763045
31 70 1763047
31 32 1763056
31 44 1763060
31 8 1763069
31 59 1763074
31 67 1763081
31 24 1763087
31 2 1763091
32 38 1763098
32 19 1763104
32 25 1763107
32 62 1763115
32 8 1763116
32 3 1763119
32 17 1763121
32 70 1763123
32 33 1763131
32 4 1763138
32 54 1763145
32 50 1763148
32 53 1763148
32 41 1763149
32 44 1763156
32 28 1763156
32 22 1763164
32 26 1763170
32 43 1763171
32 72 1763173
32 21 1763173
32 13 1763181
32 35 1763190
32 63 1763192
32 24 1763199
32 61 1763206
32 0 1763213
32 23 1763219
32 44 1763227
32 27 1763234
32 55 1763237
32 70 1763237
32 64 1763238
32 33 1763247
32 4 1763249
32 50 1763252
32 47 1763258
32 46 1763267
32 37 1763271
32 45 1763272
32 68 1763273
32 34 1763280
32 0 1763285
32 19 1763293
32 49 1763294
32 54 1763297
32 43 1763301
32 20 1763309
32 60 1763312
32 18 1763313
32 5 1763314
32 53 1763320
32 9 1763327
32 13 1763331
32 11 1763339
32 24 1763339
32 22 1763346
33 3 1763349
33 11 1763357
33 47 1763362
33 35 1763362
33 12 1763365
33 37 1763366
33 6 1763370
33 71 1763371
33 23 1763372
33 31 1763381
33 69 1763389
33 57 1763392
33 15 1763394
33 50 1763395
33 7 1763400
33 46 1763407
33 61 1763408
33 28 1763414
33 0 1763421
33 39 1763428
33 64 1763437
33 30 1763445
33 1 1763447
33 8 1763451
33 62 1763457
33 49 1763462
33 22 1763463
33 58 1763465
33 65 1763473
33 16 1763475
33 44 1763483
33 18 1763489
33 4 1763491
33 54 1763497
33 48 1763501
33 17 1763506
33 19 1763507
33 45 1763508
33 10 1763512
33 40 1763516
33 53 1763521
33 52 1763522
33 27 1763527
33 13 1763527
33 24 1763529
33 43 1763536
33 15 1763536
33 12 1763544
33 64 1763552
33 42 1763560
33 44 1763567
33 54 1763574
33 36 1763576
33 31 1763583
33 7 1763590
33 13 1763598
33 70 1763603
33 18 1763607
33 28 1763612
33 55 1763615
33 27 1763623
33 34 1763632
33 49 1763635
33 58 1763642
33 29 1763647
33 45 1763652
33 23 1763660
33 25 1763661
33 6 1763669
33 20 1763670
33 71 1763672
33 61 1763677
33 63 1763684
33 68 1763693
33 46 1763698
33 21 1763707
33 10 1763714
33 35 1763723
33 59 1763731
33 3 1763731
33 65 1763733
33 19 1763740
33 0 1763742
33 48 1763750
33 32 1763753
33 66 1763754
33 16 1763760
34 22 1763769
34 30 1763772
34 28 1763775
34 66 1763775
34 32 1763781
34 8 1763786
34 68 1763791
34 53 1763800
34 62 1763804
34 61 1763809
34 40 1763810
34 56 1763817
34 69 1763824
34 3 1763833
34 1 1763834
34 24 1763836
34 25 1763843
34 33 1763846
34 41 1763850
34 70 1763858
34 53 1763862
34 65 1763869
34 0 1763872
35 31 1763873
35 14 1763881
35 44 1763886
35 65 1763893
35 26 1763899
35 24 1763907
35 66 1763907
35 0 1763908
35 69 1763909
35 43 1763912
35 59 1763918
36 39 1763920
36 12 1763925
36 52 1763934
36 53 1763938
36 43 1763938
36 60 1763939
36 13 1763947
36 15 1763955
36 57 1763959
36 51 1763961
36 23 1763965
36 19 1763970
36 24 1763979
36 40 1763987
36 63 1763988
36 48 1763989
36 22 1763992
36 68 1763999
36 29 1763999
36 38 1764001
36 9 1764001
36 6 1764006
36 7 1764007
36 2 1764011
36 69 1764011
36 23 1764019
36 15 1764026
36 51 1764029
36 39 1764029
36 60 1764032
36 72 1764039
36 40 1764041
36 53 1764044
36 16 1764049
36 20 1764056
36 55 1764059
36 52 1764066
36 58 1764068
36 63 1764072
36 62 1764075
36 41 1764081
36 43 1764089
37 58 1764098
37 49 1764099
37 22 1764103
37 59 1764107
37 31 1764108
37 68 1764114
37 46 1764123
37 53 1764126
37 54 1764126
37 62 1764135
37 56 1764139
37 29 1764141
37 4 1764141
37 6 1764145
37 40 1764153
37 18 1764161
37 67 1764163
37 65 1764172
37 66 1764179
37 15 1764179
37 20 1764185
37 21 1764194
37 44 1764200
37 57 1764203
37 69 1764203
37 9 1764207
37 0 1764216
37 35 1764225
37 45 1764228
37 71 1764232
37 24 1764232
37 1 1764241
37 61 1764250
37 17 1764250
37 38 1764257
37 5 1764260
37 2 1764264
37 47 1764272
37 43 1764275
37 67 1764275
37 3 1764280
37 49 1764289
37 40 1764294
37 13 1764295
37 9 1764296
37 16 1764297
37 18 1764300
37 59 1764300
37 34 1764306
37 69 1764313
37 55 1764316
37 7 1764323
37 57 1764331
37 11 1764332
37 24 1764335
37 58 1764342
37 71 1764351
37 56 1764351
37 1 1764360
37 6 1764363
37 65 1764371
37 61 1764378
37 63 1764382
37 60 1764390
37 68 1764393
37 48 1764402
37 31 1764410
37 25 1764418
37 35 1764419
37 15 1764420
37 0 1764421
37 52 1764424
37 50 1764431
37 23 1764437
37 42 1764437
37 30 1764437
38 9 1764443
38 51 1764451
38 44 1764455
38 14 1764459
39 2 1764463
39 58 1764469
39 18 1764472
39 19 1764472
39 29 1764476
39 54 1764481
39 4 1764487
39 51 1764489
40 65 1764494
40 1 1764498
40 57 1764502
40 32 1764508
40 7 1764513
40 0 1764514
40 12 1764521
40 15 1764529
40 60 1764531
40 70 1764532
40 37 1764536
40 59 1764542
40 30 1764550
40 6 1764551
41 0 1764553
41 31 1764560
41 8 1764566
41 23 1764569
41 28 1764570
41 14 1764578
41 10 1764584
41 30 1764593
41 66 1764596
41 58 1764601
41 47 1764606
41 39 1764613
41 24 1764618
41 12 1764627
41 40 1764631
41 2 1764637
41 50 1764644
41 11 1764650
41 33 1764654
41 45 1764659
41 9 1764660
41 42 1764668
41 67 1764670
41 16 1764673
41 60 1764681
41 43 1764682
41 52 1764688
41 5 1764691
41 48 1764696
41 25 1764705
41 13 1764712
41 51 1764715
41 54 1764724
41 71 1764731
41 56 1764732
41 35 1764737
41 1 1764743
41 59 1764752
41 62 1764757
41 46 1764759
41 4 1764768
41 7 1764772
41 37 1764774
41 24 1764778
41 67 1764787
41 22 1764790
41 26 1764795
41 28 1764798
41 47 1764806
41 10 1764814
41 27 1764820
41 51 1764824
41 12 1764827
41 45 1764834
41 50 1764834
41 63 1764839
41 49 1764839
41 35 1764844
41 34 1764853
41 40 1764855
41 32 1764861
41 57 1764864
41 58 1764872
41 11 1764881
41 46 1764886
41 9 1764893
41 59 1764899
41 15 1764899
41 31 1764906
41 68 1764906
41 25 1764911
41 17 1764916
41 53 1764922
41 0 1764923
41 71 1764925
41 3 1764934
41 20 1764942
41 52 1764951
41 65 1764954
41 21 1764955
41 38 1764961
41 30 1764970
41 70 1764973
41 6 1764973
41 44 1764975
41 4 1764976
41 42 1764980
42 30 1764981
42 24 1764988
42 48 1764993
42 15 1765001
42 52 1765005
42 1 1765008
42 60 1765011
42 55 1765013
42 11 1765014
42 4 1765016
42 16 1765017
42 59 1765022
42 54 1765026
42 62 1765033
42 39 1765034
42 69 1765036
42 43 1765044
42 9 1765052
42 65 1765056
42 36 1765056
42 26 1765065
42 18 1765072
42 38 1765077
42 49 1765083
42 6 1765085
42 37 1765088
42 0 1765092
42 40 1765101
42 12 1765109
42 13 1765113
42 66 1765118
42 28 1765118
42 53 1765125
42 61 1765126
42 72 1765126
42 33 1765129
42 22 1765136
42 32 1765139
42 70 1765141
42 2 1765142
42 32 1765144
42 20 1765149
42 69 1765153
42 25 1765157
42 34 1765166
42 56 1765173
42 35 1765177
42 18 1765184
42 37 1765187
42 59 1765189
42 46 1765194
42 40 1765196
42 33 1765202
42 43 1765203
42 16 1765205
42 39 1765208
42 1 1765214
42 72 1765216
42 8 1765225
42 48 1765233
42 67 1765236
42 23 1765241
42 68 1765242
42 60 1765249
42 5 1765254
42 50 1765262
42 24 1765268
42 31 1765275
42 54 1765276
42 3 1765284
42 65 1765287
42 0 1765290
42 44 1765290
42 11 1765295
42 71 1765301
42 66 1765310
42 57 1765313
42 55 1765319
42 27 1765323
42 70 1765332
42 51 1765334
42 17 1765343
42 45 1765352
43 63 1765355
43 48 1765360
43 52 1765365
43 59 1765374
43 13 1765376
43 51 1765381
43 18 1765387
43 40 1765390
43 67 1765397
43 42 1765404
43 61 1765404
43 21 1765410
43 16 1765418
43 19 1765426
43 9 1765430
43 22 1765432
43 25 1765441
43 32 1765445
43 4 1765454
43 39 1765462
43 28 1765471
43 15 1765480
43 44 1765481
43 49 1765481
43 23 1765481
43 69 1765487
43 31 1765489
43 47 1765492
43 46 1765492
43 30 1765494
43 64 1765502
43 1 1765502
43 70 1765507
43 64 1765508
43 22 1765514
43 32 1765522
43 35 1765530
43 6 1765531
43 15 1765531
43 44 1765533
43 12 1765534
43 53 1765539
43 31 1765541
43 38 1765541
43 23 1765543
43 13 1765547
43 72 1765551
43 48 1765556
43 3 1765556
43 50 1765558
43 5 1765559
43 49 1765568
43 11 1765574
43 62 1765575
43 1 1765580
43 68 1765588
43 46 1765591
43 66 1765600
43 60 1765604
43 0 1765612
43 63 1765620
43 26 1765628
43 69 1765631
43 58 1765634
43 57 1765639
43 17 1765640
43 21 1765647
43 67 1765649
43 30 1765655
44 62 1765659
44 38 1765661
44 58 1765664
44 68 1765672
44 71 1765677
44 60 1765685
44 53 1765693
44 8 1765698
44 10 1765703
44 52 1765707
44 59 1765708
44 21 1765711
45 33 1765712
45 46 1765716
45 47 1765720
45 13 1765728
45 24 1765736
45 57 1765742
45 54 1765744
45 17 1765753
45 19 1765757
45 55 1765762
45 3 1765765
45 53 1765774
45 50 1765778
45 72 1765778
45 32 1765783
46 67 1765792
46 21 1765793
46 48 1765793
46 38 1765795
46 1 1765802
46 60 1765808
46 62 1765814
46 65 1765822
46 31 1765831
46 0 1765832
46 43 1765838
46 26 1765844
46 8 1765848
46 15 1765853
46 49 1765859
46 69 1765865
46 63 1765868
46 53 1765875
46 24 1765878
46 13 1765879
46 35 1765887
46 27 1765890
46 30 1765897
46 40 1765899
46 56 1765908
46 29 1765909
46 9 1765916
46 11 1765922
46 72 1765926
46 3 1765931
46 66 1765932
46 54 1765933
46 20 1765935
46 44 1765941
46 19 1765946
46 42 1765946
46 47 1765947
46 70 1765949
46 33 1765951
46 36 1765953
46 55 1765955
46 5 1765963
46 45 1765967
46 14 1765967
46 37 1765973
46 43 1765979
46 68 1765988
46 71 1765991
46 5 1765993
46 52 1765995
46 62 1766003
46 27 1766007
46 39 1766010
46 26 1766017
46 34 1766024
46 3 1766027
46 24 1766031
46 4 1766039
46 42 1766044
46 13 1766048
46 56 1766050
46 29 1766055
46 9 1766060
46 32 1766061
46 10 1766063
46 33 1766069
46 35 1766075
46 70 1766083
46 17 1766084
46 15 1766086
46 2 1766091
46 7 1766100
46 55 1766103
46 20 1766105
46 25 1766107
46 61 1766114
46 45 1766116
46 16 1766116
46 30 1766123
46 66 1766128
46 72 1766134
46 57 1766142
46 60 1766146
46 41 1766155
46 21 1766156
46 18 1766164
46 64 1766168
46 48 1766172
46 51 1766172
47 69 1766175
47 25 1766182
47 63 1766191
47 26 1766197
47 35 1766201
47 67 1766205
47 1 1766212
48 11 1766218
48 27 1766224
48 47 1766231
48 5 1766239
48 43 1766239
48 31 1766244
48 49 1766248
48 13 1766248
48 38 1766257
48 37 1766260
48 63 1766264
48 34 1766266
48 62 1766271
48 44 1766280
48 67 1766280
48 8 1766281
48 18 1766289
48 56 1766297
48 66 1766305
48 30 1766313
48 14 1766319
48 45 1766323
48 19 1766326
48 72 1766327
48 50 1766331
48 17 1766340
48 52 1766346
48 21 1766352
48 36 1766354
48 39 1766363
48 6 1766371
48 10 1766379
48 11 1766386
48 0 1766387
48 31 1766389
48 36 1766391
48 69 1766400
48 44 1766404
48 66 1766412
48 9 1766421
48 17 1766430
48 37 1766438
48 1 1766441
48 55 1766448
48 68 1766448
48 59 1766457
48 56 1766458
48 15 1766467
48 63 1766468
48 70 1766469
48 65 1766470
48 22 1766475
48 61 1766479
48 3 1766488
48 32 1766491
48 71 1766497
48 35 1766498
48 54 1766502
48 4 1766504
48 19 1766512
48 24 1766519
48 28 1766528
48 18 1766530
49 28 1766538
49 71 1766546
49 0 1766548
49 11 1766552
49 25 1766561
49 57 1766565
49 61 1766567
49 53 1766571
49 65 1766580
49 13 1766586
49 31 1766589
49 50 1766591
49 15 1766599
49 30 1766606
49 70 1766606
49 45 1766615
49 38 1766618
49 43 1766624
49 1 1766624
49 19 1766633
49 56 1766639
49 17 1766641
49 37 1766642
49 69 1766643
49 66 1766646
50 9 1766652
50 2 1766654
50 68 1766659
50 42 1766668
50 56 1766673
50 25 1766682
50 47 1766689
50 53 1766695
50 16 1766701
50 60 1766706
50 51 1766712
50 46 1766712
50 19 1766716
50 18 1766720
50 5 1766721
50 57 1766727
50 7 1766727
50 10 1766728
50 36 1766728
50 29 1766737
50 3 1766740
50 28 1766749
50 15 1766753
50 70 1766760
50 72 1766766
50 21 1766771
50 49 1766773
50 17 1766781
50 61 1766790
50 34 1766793
50 44 1766797
50 35 1766799
50 56 1766800
50 11 1766801
50 27 1766807
50 28 1766816
50 4 1766818
50 24 1766819
50 29 1766826
50 21 1766834
50 1 1766837
50 45 1766839
50 2 1766839
50 23 1766839
50 6 1766844
50 41 1766851
50 67 1766856
50 15 1766864
50 66 1766873
50 37 1766879
50 34 1766882
50 16 1766889
50 19 1766897
50 42 1766906
50 71 1766907
50 39 1766916
50 33 1766916
50 61 1766920
50 20 1766928
50 14 1766932
50 40 1766939
51 1 1766940
51 13 1766941
51 48 1766948
51 47 1766953
51 57 1766962
51 46 1766967
51 56 1766968
51 32 1766969
51 31 1766977
51 23 1766983
51 8 1766983
51 42 1766988
51 41 1766991
51 70 1766991
51 25 1766998
51 72 1767007
51 43 1767007
51 10 1767015
51 50 1767024
51 14 1767029
51 59 1767036
51 19 1767037
51 45 1767039
51 33 1767043
51 37 1767044
51 52 1767050
51 28 1767054
51 29 1767056
51 65 1767059
51 16 1767068
51 38 1767068
51 4 1767074
51 62 1767076
51 68 1767082
51 53 1767089
51 17 1767094
51 39 1767102
51 30 1767108
51 12 1767117
51 15 1767123
51 58 1767128
51 27 1767137
51 71 1767140
51 38 1767142
51 35 1767151
51 61 1767158
51 39 1767158
51 33 1767165
51 26 1767173
51 19 1767173
51 62 1767176
51 32 1767184
51 64 1767190
51 42 1767199
51 52 1767199
51 10 1767203
51 18 1767210
51 7 1767213
51 34 1767213
51 23 1767218
51 11 1767218
51 45 1767221
51 46 1767225
51 13 1767229
51 17 1767230
51 21 1767234
51 49 1767237
51 29 1767240
51 47 1767243
51 63 1767243
51 6 1767245
51 27 1767248
51 36 1767252
51 1 1767261
51 50 1767269
51 24 1767274
51 68 1767279
51 55 1767280
51 3 1767281
51 20 1767290
51 44 1767294
51 48 1767295
52 33 1767300
52 13 1767302
52 22 1767306
52 6 1767308
52 53 1767314
52 69 1767319
52 32 1767320
52 31 1767321
52 0 1767321
52 24 1767330
52 54 1767339
52 5 1767348
52 60 1767348
52 29 1767354
52 30 1767356
52 68 1767362
52 51 1767369
52 48 1767375
52 41 1767379
52 69 1767381
52 27 1767389
52 43 1767395
52 70 1767398
52 35 1767402
52 0 1767408
52 40 1767411
52 55 1767418
52 47 1767427
52 14 1767434
52 25 1767439
52 10 1767440
53 11 1767446
53 33 1767450
53 40 1767454
53 2 1767458
53 25 1767461
53 22 1767464
53 72 1767470
53 68 1767472
54 69 1767474
54 44 1767476
54 2 1767479
54 47 1767481
54 17 1767489
54 29 1767495
54 52 1767497
54 23 1767504
54 53 1767510
54 16 1767518
54 62 1767522
54 18 1767531
54 1 1767536
54 58 1767540
54 26 1767540
54 35 1767545
54 56 1767551
54 25 1767555
54 66 1767555
54 13 1767561
54 36 1767567
54 24 1767573
54 70 1767575
54 49 1767578
54 57 1767580
54 43 1767587
54 60 1767587
54 11 1767595
54 65 1767603
54 7 1767607
54 21 1767609
54 31 1767609
54 38 1767617
54 59 1767620
54 66 1767620
54 43 1767627
54 45 1767633
54 31 1767637
54 40 1767637
54 39 1767643
54 3 1767643
54 8 1767647
54 21 1767653
54 44 1767659
54 58 1767665
54 9 1767668
54 27 1767669
54 37 1767677
54 24 1767677
54 49 1767684
54 36 1767684
54 42 1767690
54 65 1767692
54 69 1767692
54 53 1767701
54 64 1767709
54 18 1767713
54 41 1767717
54 10 1767717
54 38 1767719
54 14 1767722
54 34 1767728
54 67 1767732
54 56 1767732
54 52 1767738
54 32 1767746
54 12 1767746
54 29 1767747
54 4 1767747
54 48 1767749
54 62 1767756
54 28 1767756
55 62 1767764
55 44 1767771
55 59 1767779
55 45 1767782
55 40 1767785
55 30 1767792
55 23 1767801
55 43 1767806
55 41 1767815
55 42 1767823
55 1 1767825
55 27 1767832
55 39 1767840
55 37 1767847
55 69 1767850
55 32 1767855
55 13 1767860
55 28 1767864
55 64 1767867
55 15 1767869
55 53 1767869
55 21 1767876
55 65 1767884
55 3 1767890
55 6 1767897
55 56 1767906
55 35 1767913
55 60 1767922
55 0 1767926
55 63 1767926
55 19 1767930
55 36 1767937
55 48 1767938
55 11 1767944
55 72 1767948
55 11 1767949
55 57 1767949
55 2 1767949
55 54 1767952
55 68 1767960
55 25 1767961
55 31 1767965
55 32 1767974
55 56 1767983
55 39 1767985
55 47 1767993
55 60 1768002
55 14 1768004
55 66 1768006
55 69 1768008
55 18 1768009
55 52 1768010
55 50 1768010
55 13 1768011
55 41 1768011
55 24 1768020
55 35 1768026
55 9 1768032
55 27 1768032
55 72 1768040
55 15 1768041
55 19 1768043
55 51 1768050
55 6 1768056
55 37 1768057
55 46 1768065
55 45 1768070
55 43 1768079
55 63 1768080
55 7 1768085
55 29 1768086
55 44 1768088
55 61 1768092
55 23 1768096
55 58 1768099
56 44 1768104
56 35 1768111
56 62 1768114
56 15 1768119
56 59 1768119
56 18 1768123
56 37 1768128
56 41 1768137
56 43 1768138
56 34 1768146
56 61 1768155
56 55 1768158
56 68 1768164
56 24 1768171
56 47 1768174
56 39 1768177
56 3 1768181
56 49 1768181
56 60 1768184
56 11 1768185
56 65 1768186
56 67 1768192
56 69 1768198
56 28 1768200
56 17 1768200
56 58 1768206
56 18 1768208
56 61 1768213
56 51 1768215
56 14 1768223
56 54 1768229
56 59 1768237
56 50 1768241
56 71 1768250
56 38 1768253
56 33 1768258
56 63 1768266
56 43 1768268
56 3 1768269
56 60 1768270
56 68 1768275
56 6 1768284
56 48 1768287
56 10 1768289
56 47 1768297
56 49 1768306
56 70 1768315
56 25 1768322
57 47 1768325
57 10 1768330
57 62 1768335
57 32 1768337
57 3 1768342
57 26 1768350
57 7 1768352
57 34 1768358
57 53 1768364
57 63 1768364
57 5 1768373
57 54 1768375
57 25 1768375
57 65 1768378
57 40 1768381
57 50 1768385
57 23 1768386
57 8 1768393
57 56 1768393
57 46 1768401
57 72 1768408
57 31 1768416
57 0 1768422
57 27 1768427
57 68 1768436
57 42 1768439
57 52 1768447
57 28 1768450
57 64 1768450
57 41 1768451
57 21 1768457
57 14 1768461
57 48 1768466
57 49 1768472
57 11 1768474
57 38 1768482
57 9 1768484
57 35 1768491
57 26 1768491
57 7 1768491
57 31 1768491
57 33 1768498
57 70 1768505
57 3 1768512
57 11 1768514
57 19 1768523
57 10 1768532
57 36 1768539
57 72 1768546
57 43 1768550
57 50 1768555
57 71 1768555
57 17 1768564
57 29 1768564
57 67 1768566
57 40 1768570
57 30 1768577
57 1 1768584
57 66 1768592
57 53 1768600
57 41 1768602
57 58 1768602
57 69 1768606
57 5 1768614
57 39 1768619
57 16 1768620
57 52 1768625
57 6 1768627
57 48 1768633
57 12 1768634
57 49 1768634
57 42 1768634
57 24 1768636
57 65 1768639
57 54 1768645
58 27 1768646
58 26 1768646
58 7 1768650
58 14 1768654
58 31 1768663
58 6 1768664
58 32 1768664
58 40 1768666
58 9 1768669
58 68 1768670
58 40 1768670
58 54 1768670
58 45 1768675
58 63 1768683
58 29 1768688
58 34 1768693
58 9 1768697
58 21 1768697
58 62 1768702
58 67 1768707
59 26 1768713
59 14 1768721
59 12 1768726
59 54 1768726
59 27 1768730
59 11 1768731
59 43 1768737
59 0 1768745
59 17 1768753
59 2 1768754
59 25 1768755
59 50 1768755
59 39 1768761
59 28 1768765
59 55 1768765
59 72 1768769
59 34 1768770
59 67 1768770
59 58 1768773
59 13 1768781
59 71 1768787
59 62 1768789
59 30 1768794
59 57 1768795
59 32 1768802
59 42 1768810
59 1 1768810
59 7 1768816
59 41 1768823
59 36 1768828
59 20 1768829
59 23 1768833
59 9 1768837
59 21 1768846
59 63 1768846
59 65 1768847
59 19 1768854
59 22 1768855
59 68 1768855
59 60 1768858
59 31 1768858
59 49 1768859
59 37 1768866
59 70 1768873
59 36 1768880
59 53 1768886
59 31 1768889
59 60 1768890
59 56 1768898
59 54 1768904
59 10 1768906
59 26 1768908
59 19 1768909
59 16 1768918
59 34 1768926
59 30 1768933
59 8 1768938
59 17 1768946
59 1 1768952
59 55 1768955
59 42 1768958
59 51 1768961
59 62 1768965
59 43 1768965
59 3 1768968
59 13 1768973
59 7 1768982
59 21 1768988
59 22 1768989
59 39 1768998
59 61 1769004
59 4 1769011
59 68 1769012
59 2 1769016
59 35 1769017
59 48 1769021
59 40 1769027
59 33 1769028
59 29 1769037
59 24 1769037
59 9 1769045
59 27 1769048
59 18 1769057
60 63 1769058
60 54 1769064
60 21 1769064
60 56 1769068
60 5 1769071
60 6 1769078
60 41 1769078
60 45 1769082
60 22 1769088
60 59 1769090
60 19 1769092
60 43 1769101
60 7 1769110
60 10 1769117
60 35 1769120
60 28 1769124
60 30 1769126
60 11 1769128
60 0 1769133
60 47 1769142
60 72 1769142
60 17 1769143
60 2 1769152
60 29 1769157
60 12 1769162
60 32 1769162
60 27 1769164
60 9 1769170
60 53 1769179
60 64 1769181
60 65 1769184
60 71 1769192
60 37 1769194
60 25 1769198
60 33 1769206
60 58 1769208
60 2 1769213
60 39 1769216
60 49 1769219
60 41 1769225
60 48 1769230
60 30 1769237
60 24 1769243
60 32 1769244
60 42 1769244
60 6 1769247
60 61 1769249
60 65 1769253
60 33 1769262
60 29 1769263
60 66 1769270
60 36 1769276
60 69 1769276
60 13 1769284
60 15 1769290
60 19 1769296
60 27 1769301
60 47 1769309
60 28 1769309
60 57 1769314
60 59 1769319
60 23 1769324
60 37 1769330
60 53 1769333
60 43 1769339
60 17 1769345
60 10 1769351
60 54 1769354
60 58 1769356
60 12 1769363
60 71 1769369
60 18 1769369
60 62 1769375
60 3 1769382
60 0 1769386
61 5 1769395
61 46 1769403
61 63 1769408
61 13 1769413
61 26 1769413
61 19 1769418
61 12 1769418
61 16 1769422
61 30 1769430
61 34 1769439
61 8 1769442
61 58 1769449
61 22 1769457
61 44 1769461
61 69 1769467
61 72 1769469
61 38 1769475
61 52 1769480
61 40 1769482
61 4 1769489
61 55 1769497
61 1 1769499
61 43 1769505
61 37 1769513
61 35 1769513
61 70 1769522
61 57 1769531
61 10 1769539
61 2 1769545
61 44 1769552
61 12 1769558
61 6 1769566
61 47 1769566
61 34 1769571
61 49 1769579
61 72 1769584
61 59 1769593
61 9 1769600
61 7 1769606
61 40 1769614
61 55 1769615
61 50 1769619
61 52 1769624
61 24 1769625
61 14 1769628
61 36 1769633
61 0 1769635
61 37 1769640
61 26 1769645
61 11 1769653
61 21 1769660
61 46 1769666
61 2 1769674
61 38 1769679
61 53 1769682
61 29 1769686
61 70 1769689
61 5 1769695
61 13 1769697
61 62 1769703
61 15 1769705
62 8 1769709
62 14 1769716
62 43 1769716
62 1 1769717
62 67 1769720
62 29 1769721
62 18 1769725
62 68 1769734
62 64 1769735
62 28 1769740
62 33 1769741
62 5 1769744
62 40 1769748
62 63 1769753
62 48 1769757
62 25 1769763
62 52 1769769
62 66 1769769
62 61 1769769
62 49 1769773
62 58 1769782
62 12 1769782
62 51 1769782
62 60 1769791
62 35 1769800
62 19 1769809
62 22 1769811
62 55 1769816
62 57 1769816
62 44 1769823
62 69 1769827
62 39 1769828
62 9 1769830
62 31 1769832
62 41 1769837
62 37 1769841
62 0 1769845
62 24 1769853
62 56 1769860
62 26 1769865
62 13 1769867
62 10 1769868
62 48 1769874
62 50 1769883
62 68 1769886
62 22 1769889
62 57 1769893
62 16 1769896
62 60 1769897
62 12 1769904
62 44 1769904
62 67 1769907
62 2 1769915
62 14 1769915
62 18 1769918
62 72 1769920
62 71 1769924
62 59 1769924
62 5 1769930
62 13 1769932
62 56 1769937
62 65 1769944
62 30 1769948
62 21 1769949
62 58 1769951
62 29 1769955
62 24 1769957
62 33 1769960
62 49 1769966
62 26 1769969
62 47 1769972
62 3 1769978
62 9 1769983
62 23 1769984
62 36 1769987
62 66 1769994
62 25 1769997
62 43 1770001
62 51 1770008
62 70 1770009
62 52 1770013
62 69 1770021
62 55 1770029
62 63 1770036
62 40 1770043
62 20 1770048
63 41 1770052
63 39 1770060
63 50 1770060
63 44 1770066
63 23 1770069
63 6 1770074
63 53 1770080
63 51 1770086
63 30 1770091
63 8 1770091
63 71 1770098
63 1 1770104
63 45 1770112
63 14 1770116
63 57 1770120
63 65 1770124
63 21 1770126
63 46 1770128
63 36 1770136
63 68 1770142
63 9 1770145
63 43 1770147
63 70 1770149
63 27 1770155
63 47 1770160
63 11 1770162
63 28 1770164
63 19 1770169
63 54 1770170
63 25 1770171
63 13 1770176
63 67 1770182
63 10 1770185
63 56 1770191
63 26 1770191
63 55 1770192
63 29 1770200
63 3 1770203
63 33 1770209
63 18 1770212
63 42 1770215
63 15 1770221
63 72 1770227
63 6 1770228
63 20 1770233
63 49 1770241
63 47 1770244
63 19 1770253
63 16 1770262
63 46 1770263
63 7 1770263
63 8 1770272
63 62 1770274
63 54 1770274
63 3 1770278
63 12 1770286
63 30 1770295
63 53 1770302
63 23 1770311
63 13 1770311
63 69 1770317
63 45 1770324
63 18 1770324
63 60 1770330
63 5 1770338
63 39 1770341
63 1 1770346
63 41 1770348
63 14 1770356
63 67 1770363
63 66 1770366
63 9 1770371
63 42 1770375
63 31 1770375
63 50 1770381
63 55 1770386
63 36 1770387
63 25 1770387
63 24 1770388
63 17 1770395
63 0 1770404
63 65 1770404
63 70 1770412
63 40 1770415
63 48 1770419
63 10 1770419
64 72 1770425
64 71 1770433
64 22 1770441
64 67 1770441
64 63 1770442
64 15 1770451
64 62 1770453
64 14 1770462
64 54 1770471
64 0 1770478
64 51 1770487
64 4 1770488
64 58 1770492
64 40 1770492
64 49 1770501
64 69 1770508
64 61 1770516
64 2 1770521
64 42 1770521
64 21 1770524
64 23 1770526
64 37 1770535
64 8 1770543
64 46 1770545
64 11 1770550
64 41 1770554
64 55 1770554
64 29 1770559
64 66 1770561
64 50 1770566
64 6 1770572
64 19 1770580
64 56 1770587
64 39 1770594
64 50 1770597
64 51 1770602
64 47 1770609
64 27 1770618
64 25 1770627
64 23 1770634
64 18 1770642
64 72 1770643
64 24 1770646
64 60 1770646
64 41 1770648
64 15 1770650
64 1 1770654
64 62 1770661
64 12 1770667
64 8 1770674
64 59 1770680
64 43 1770680
64 22 1770688
64 33 1770691
64 21 1770698
64 20 1770707
64 68 1770713
64 32 1770721
64 52 1770721
64 19 1770729
64 16 1770737
64 2 1770744
64 13 1770750
64 42 1770754
64 5 1770759
64 4 1770766
64 63 1770775
64 35 1770783
64 67 1770789
65 8 1770790
65 46 1770796
65 42 1770801
65 48 1770803
65 28 1770812
65 52 1770817
65 0 1770817
65 54 1770825
65 35 1770833
65 6 1770835
65 71 1770835
65 72 1770842
65 31 1770845
65 9 1770845
65 22 1770854
65 39 1770862
65 26 1770866
65 37 1770869
65 45 1770873
65 51 1770875
65 27 1770881
65 70 1770889
65 68 1770889
65 25 1770892
65 30 1770901
65 40 1770907
65 41 1770911
65 59 1770917
65 15 1770917
65 62 1770917
65 63 1770920
65 35 1770926
65 64 1770932
65 50 1770934
65 58 1770942
65 3 1770943
65 67 1770950
65 45 1770950
65 49 1770956
65 47 1770963
65 10 1770971
65 19 1770971
65 34 1770978
65 55 1770985
65 40 1770988
65 60 1770992
65 54 1770992
65 31 1770999
65 20 1771004
65 14 1771009
65 27 1771013
65 69 1771014
65 23 1771018
65 48 1771026
65 71 1771030
65 53 1771032
66 44 1771038
66 64 1771046
67 15 1771048
67 32 1771052
67 43 1771059
67 49 1771061
67 25 1771065
67 34 1771068
67 68 1771077
67 59 1771080
67 17 1771084
67 8 1771088
67 47 1771095
67 4 1771096
67 13 1771102
67 56 1771102
67 37 1771110
68 1 1771117
68 72 1771125
68 9 1771126
68 14 1771132
68 31 1771132
68 19 1771136
68 26 1771145
68 58 1771148
68 54 1771150
68 29 1771150
68 18 1771154
68 25 1771160
68 24 1771163
68 44 1771165
68 57 1771174
68 59 1771174
68 6 1771177
68 62 1771183
68 8 1771189
68 27 1771189
68 15 1771191
68 33 1771191
68 11 1771192
68 7 1771193
68 16 1771202
68 3 1771203
68 5 1771206
68 63 1771210
68 46 1771215
68 60 1771216
68 17 1771222
68 2 1771229
68 64 1771234
68 52 1771238
68 47 1771242
68 66 1771250
68 43 1771257
68 63 1771265
68 51 1771274
68 10 1771282
68 66 1771291
68 33 1771291
68 36 1771298
68 27 1771306
68 64 1771315
68 48 1771319
68 45 1771327
68 31 1771336
68 13 1771337
68 65 1771342
68 20 1771345
68 8 1771353
68 42 1771361
68 62 1771366
68 43 1771372
68 70 1771374
68 34 1771377
68 11 1771380
68 59 1771383
68 12 1771386
68 18 1771388
68 5 1771389
68 26 1771395
68 32 1771398
68 16 1771405
68 35 1771405
68 4 1771410
68 22 1771411
68 57 1771417
68 67 1771418
68 28 1771418
68 61 1771418
69 4 1771421
69 32 1771424
69 26 1771428
69 0 1771430
69 29 1771436
69 35 1771436
69 42 1771437
69 16 1771446
69 57 1771452
69 47 1771458
69 34 1771466
69 6 1771473
69 64 1771478
69 41 1771478
70 40 1771486
70 54 1771490
70 15 1771492
70 66 1771501
71 22 1771506
71 58 1771510
71 1 1771510
71 2 1771511
71 26 1771514
71 7 1771515
71 64 1771520
71 57 1771521
71 29 1771524
71 50 1771531
71 15 1771532
71 42 1771540
71 25 1771544
71 35 1771548
71 13 1771551
71 69 1771556
71 56 1771562
71 72 1771563
71 45 1771572
71 67 1771572
71 14 1771576
71 24 1771578
71 32 1771578
71 66 1771582
71 17 1771582
71 8 1771582
71 51 1771586
71 43 1771595
71 40 1771597
71 62 1771601
71 10 1771609
71 48 1771616
71 1 1771618
71 37 1771623
71 57 1771629
71 34 1771630
71 9 1771636
71 51 1771641
71 46 1771647
71 64 1771651
71 58 1771660
71 17 1771660
71 39 1771666
71 36 1771669
71 56 1771673
71 61 1771680
71 65 1771687
71 26 1771694
71 5 1771695
71 23 1771702
71 16 1771707
71 50 1771709
71 43 1771710
71 38 1771718
71 7 1771727
71 19 1771727
71 55 1771732
71 68 1771739
71 40 1771746
71 31 1771755
71 18 1771763
72 16 1771769
72 50 1771778
72 55 1771784
72 20 1771788
72 67 1771790
72 32 1771797
72 10 1771806
72 4 1771812
72 8 1771819
72 13 1771821
72 60 1771829
72 62 1771838
72 45 1771847
72 38 1771855
72 66 1771856
72 42 1771864
72 15 1771873
72 0 1771879
72 14 1771884
72 30 1771888
72 52 1771897
72 56 1771900
72 26 1771906
72 21 1771909
72 36 1771912
72 53 1771915
72 5 1771920
72 47 1771923
72 63 1771926
72 69 1771926
72 12 1771927
72 2 1771931
72 34 1771936
72 1 1771945
72 37 1771946
72 57 1771946
72 24 1771947
72 18 1771951
72 71 1771957
72 55 1771966
72 62 1771967
72 47 1771976
72 49 1771979
72 17 1771985
72 3 1771987
72 45 1771991
72 42 1771998
72 29 1772000
72 69 1772006
72 0 1772007
72 33 1772014
72 6 1772015
72 35 1772015
72 5 1772022
72 46 1772022
72 53 1772024
72 38 1772028
72 40 1772036
72 66 1772042
72 30 1772046
72 51 1772051
72 64 1772051
72 44 1772059
72 50 1772060
72 2 1772063
72 7 1772064
72 43 1772064
72 8 1772070
72 32 1772074
72 59 1772081
72 28 1772082
72 21 1772086
72 68 1772088
72 31 1772093
