74
true
0 66 1828312
0 56 1828320
0 11 1828322
0 17 1828327
0 45 1828329
0 49 1828337
0 26 1828337
0 51 1828346
0 29 1828349
0 9 1828350
0 53 1828358
0 27 1828358
0 67 1828361
0 7 1828363
0 28 1828370
0 62 1828376
0 37 1828377
0 13 1828381
0 39 1828384
0 68 1828385
0 46 1828389
0 36 1828396
0 65 1828402
0 72 1828411
0 8 1828414
0 2 1828421
0 48 1828422
0 66 1828425
0 46 1828427
0 25 1828431
0 33 1828433
0 55 1828438
0 70 1828446
0 43 1828455
0 5 1828456
0 58 1828456
0 57 1828462
0 7 1828468
0 62 1828473
0 42 1828475
0 36 1828475
0 29 1828477
0 2 1828482
0 28 1828489
0 47 1828496
0 6 1828500
0 37 1828505
0 65 1828511
0 44 1828515
0 38 1828517
0 21 1828517
0 50 1828524
0 51 1828528
0 27 1828535
0 8 1828538
1 14 1828545
1 42 1828549
1 60 1828552
1 7 1828553
1 65 1828560
1 52 1828561
1 46 1828569
1 53 1828575
1 50 1828575
1 73 1828577
1 4 1828578
1 41 1828580
1 21 1828584
1 29 1828584
1 35 1828589
1 19 1828589
1 15 1828590
1 9 1828590
1 68 1828597
1 13 1828601
1 22 1828607
1 66 1828613
1 40 1828621
1 18 1828621
1 38 1828623
1 12 1828623
1 58 1828626
1 2 1828635
1 62 1828644
1 31 1828651
1 34 1828657
1 3 1828664
1 64 1828668
1 57 1828673
1 17 1828680
1 59 1828680
1 30 1828689
1 11 1828698
1 26 1828700
1 37 1828701
1 33 1828710
1 49 1828719
1 2 1828721
1 41 1828726
1 39 1828727
1 36 1828732
1 54 1828735
1 53 1828743
1 70 1828743
1 23 1828748
1 69 1828749
1 51 1828749
1 49 1828756
1 46 1828759
1 26 1828766
1 62 1828767
1 61 1828769
1 19 1828772
1 25 1828776
1 15 1828782
1 72 1828791
1 21 1828791
1 35 1828799
1 27 1828803
1 29 1828812
1 4 1828821
1 33 1828822
1 59 1828827
1 44 1828832
1 50 1828836
1 68 1828841
1 42 1828849
1 73 1828858
1 40 1828862
1 65 1828871
1 20 1828880
1 57 1828889
1 67 1828890
1 30 1828896
1 3 1828899
1 31 1828907
1 5 1828908
2 47 1828917
2 63 1828919
2 24 1828922
2 69 1828922
2 53 1828925
2 66 1828933
2 56 1828940
2 43 1828943
2 7 1828945
2 44 1828949
2 15 1828955
2 48 1828957
2 60 1828962
2 11 1828969
2 38 1828971
2 17 1828977
2 68 1828978
2 70 1828985
2 64 1828987
2 55 1828996
2 37 1828999
2 54 1829007
2 61 1829007
2 14 1829012
2 33 1829016
2 16 1829025
2 52 1829031
2 57 1829040
2 23 1829041
2 40 1829050
2 62 1829055
2 26 1829059
2 15 1829062
2 30 1829071
2 69 1829079
2 23 1829080
2 33 1829086
2 24 1829094
2 8 1829100
2 0 1829100
2 50 1829103
2 6 1829103
2 56 1829109
2 18 1829115
2 62 1829115
2 39 1829116
2 58 1829119
2 4 1829128
2 60 1829131
2 5 1829139
2 17 1829141
2 19 1829142
2 16 1829143
2 43 1829147
2 22 1829156
2 66 1829156
2 27 1829165
2 54 1829166
2 65 1829172
2 48 1829180
2 51 1829185
3 35 1829188
3 59 1829195
3 25 1829201
3 16 1829206
3 20 1829207
3 50 1829208
3 55 1829213
3 5 1829213
3 30 1829217
3 70 1829222
3 68 1829229
3 64 1829235
3 66 1829242
3 46 1829249
3 44 1829255
3 4 1829264
3 73 1829266
3 2 1829275
3 9 1829281
3 10 1829283
3 15 1829288
3 41 1829292
3 7 1829294
3 67 1829298
3 52 1829298
3 21 1829304
3 71 1829312
3 40 1829316
3 23 1829319
3 57 1829320
3 63 1829321
3 48 1829328
3 12 1829334
3 43 1829334
3 34 1829334
3 60 1829337
3 32 1829338
3 58 1829345
3 42 1829348
3 1 1829351
3 51 1829357
3 36 1829357
3 49 1829357
3 6 1829361
3 72 1829361
3 68 1829366
3 21 1829372
3 18 1829376
3 35 1829383
3 59 1829387
3 67 1829392
3 55 1829396
3 28 1829399
3 10 1829405
3 48 1829412
3 72 1829421
3 11 1829430
3 41 1829437
3 73 1829438
3 49 1829439
3 29 1829447
3 1 1829448
3 54 1829457
3 30 1829465
3 2 1829472
3 56 1829478
3 61 1829481
3 58 1829488
3 6 1829489
3 34 1829498
3 43 1829504
3 32 1829508
3 69 1829517
3 63 1829522
3 22 1829531
3 5 1829538
3 42 1829545
3 57 1829546
3 17 1829554
3 46 1829556
3 0 1829561
3 31 1829563
3 52 1829571
3 25 1829580
3 20 1829581
3 19 1829582
3 27 1829582
3 4 1829590
3 38 1829590
3 13 1829590
4 52 1829595
4 13 1829600
4 65 1829602
4 21 1829603
4 15 1829607
4 70 1829611
4 5 1829613
4 16 1829619
4 23 1829622
4 59 1829626
4 50 1829630
4 36 1829632
4 6 1829635
4 12 1829642
4 2 1829646
4 67 1829647
4 47 1829649
4 69 1829654
4 8 1829663
4 27 1829663
4 18 1829667
4 55 1829676
4 1 1829685
4 7 1829691
4 64 1829692
4 44 1829700
4 38 1829709
4 26 1829715
4 54 1829718
4 41 1829722
4 46 1829728
4 45 1829733
4 3 1829742
4 53 1829746
4 72 1829746
4 60 1829750
4 34 1829750
4 31 1829751
4 40 1829757
4 68 1829758
4 25 1829760
4 31 1829761
4 43 1829761
4 18 1829765
4 35 1829767
4 60 1829767
4 54 1829769
4 12 1829773
4 50 1829776
4 9 1829785
4 40 1829785
4 33 1829789
4 49 1829796
4 59 1829797
4 58 1829803
4 5 1829808
4 67 1829814
4 17 1829820
4 62 1829822
4 65 1829826
4 39 1829829
4 57 1829832
4 14 1829840
4 20 1829847
4 0 1829854
4 10 1829861
4 28 1829864
4 48 1829871
4 53 1829875
4 51 1829876
4 2 1829883
4 7 1829889
4 30 1829893
4 22 1829895
4 61 1829903
4 13 1829909
4 46 1829910
4 45 1829916
4 15 1829918
4 3 1829927
4 32 1829927
4 64 1829936
4 16 1829943
5 7 1829943
5 42 1829946
5 55 1829954
5 68 1829959
5 43 1829960
5 24 1829969
5 48 1829978
5 13 1829984
5 61 1829987
5 67 1829988
5 27 1829997
5 30 1829998
6 63 1830007
6 29 1830010
6 53 1830010
6 65 1830019
6 47 1830021
6 41 1830023
6 18 1830028
6 4 1830037
6 30 1830045
6 60 1830051
6 33 1830052
6 43 1830056
6 9 1830059
6 26 1830067
6 58 1830069
6 33 1830069
6 41 1830070
6 10 1830070
6 54 1830075
6 32 1830075
6 7 1830077
6 13 1830081
6 17 1830083
6 30 1830084
7 41 1830087
7 42 1830088
7 24 1830095
7 64 1830095
7 71 1830099
7 27 1830108
7 25 1830116
7 70 1830117
7 61 1830117
7 4 1830118
7 18 1830124
7 40 1830133
7 35 1830134
7 48 1830135
7 15 1830139
7 30 1830145
7 37 1830147
7 50 1830149
7 55 1830151
7 52 1830157
7 73 1830164
7 3 1830172
7 0 1830179
7 19 1830186
7 58 1830190
7 6 1830198
7 62 1830207
7 29 1830207
7 11 1830212
7 54 1830215
7 43 1830217
7 66 1830222
7 65 1830226
7 46 1830228
7 21 1830230
7 8 1830231
7 12 1830234
7 68 1830235
7 13 1830243
7 28 1830251
7 33 1830259
7 57 1830265
7 2 1830273
7 32 1830273
7 39 1830277
7 2 1830282
7 14 1830283
7 17 1830290
7 50 1830299
7 3 1830304
7 65 1830306
7 21 1830313
7 24 1830322
7 6 1830324
7 29 1830326
7 30 1830329
7 8 1830335
7 5 1830343
7 0 1830343
7 72 1830349
7 45 1830357
7 40 1830362
7 68 1830362
7 22 1830367
7 11 1830369
7 38 1830376
7 55 1830384
7 46 1830389
7 36 1830389
7 41 1830397
7 63 1830397
7 49 1830400
7 70 1830409
7 53 1830414
7 73 1830417
7 12 1830426
7 48 1830434
7 16 1830437
7 62 1830445
7 58 1830447
7 52 1830454
7 10 1830459
7 37 1830468
7 26 1830470
7 42 1830473
7 56 1830482
8 36 1830485
8 32 1830491
8 26 1830492
8 6 1830499
8 20 1830503
8 42 1830507
8 69 1830515
8 33 1830519
8 21 1830527
8 12 1830536
8 44 1830545
8 51 1830547
8 71 1830554
8 30 1830558
8 13 1830562
8 15 1830567
8 73 1830575
8 58 1830584
8 37 1830593
8 4 1830602
8 11 1830610
8 17 1830611
8 46 1830616
8 16 1830620
8 31 1830621
8 18 1830630
8 64 1830636
8 0 1830645
8 41 1830645
8 63 1830650
8 29 1830657
8 22 1830662
8 40 1830665
8 49 1830668
8 43 1830669
8 38 1830678
8 52 1830684
8 62 1830691
8 27 1830691
8 21 1830695
8 13 1830701
8 47 1830702
8 61 1830703
8 66 1830703
8 44 1830711
8 43 1830715
8 25 1830721
8 52 1830721
8 1 1830727
8 59 1830734
8 16 1830737
8 6 1830737
8 27 1830738
8 32 1830739
8 49 1830739
8 30 1830739
8 34 1830740
8 4 1830743
8 46 1830751
8 54 1830755
8 19 1830764
8 62 1830772
8 42 1830772
8 72 1830774
8 37 1830781
8 26 1830782
8 33 1830787
8 2 1830790
8 38 1830793
8 67 1830802
8 0 1830804
8 3 1830806
8 71 1830810
8 35 1830813
8 39 1830817
8 53 1830821
8 65 1830826
8 56 1830834
8 23 1830841
8 20 1830850
8 22 1830854
8 5 1830859
8 24 1830863
9 69 1830864
9 72 1830867
9 42 1830870
9 68 1830870
9 29 1830873
9 41 1830880
9 5 1830888
9 53 1830895
9 14 1830897
9 8 1830903
9 71 1830911
9 35 1830913
9 59 1830919
9 28 1830928
9 54 1830931
9 73 1830937
9 4 1830940
9 40 1830942
9 39 1830951
9 23 1830958
9 50 1830964
9 13 1830968
9 71 1830970
9 35 1830974
9 38 1830979
9 26 1830985
9 34 1830989
9 11 1830989
9 5 1830996
9 2 1830998
9 37 1831004
9 67 1831012
9 73 1831013
9 61 1831017
9 29 1831017
9 8 1831026
9 7 1831028
9 72 1831032
10 2 1831035
10 62 1831042
10 35 1831051
10 56 1831060
10 49 1831060
10 21 1831061
10 54 1831070
10 53 1831070
10 71 1831072
10 30 1831079
10 65 1831079
10 59 1831084
10 19 1831088
10 9 1831091
10 45 1831096
10 44 1831101
10 57 1831105
10 67 1831106
10 31 1831107
10 42 1831107
10 70 1831116
10 16 1831116
10 41 1831125
10 25 1831130
10 14 1831134
10 24 1831135
10 20 1831137
10 12 1831144
10 23 1831146
10 39 1831153
10 73 1831155
10 37 1831159
10 55 1831167
10 43 1831168
10 6 1831168
10 58 1831177
10 51 1831181
10 18 1831181
10 38 1831185
10 22 1831186
10 61 1831191
10 12 1831191
10 58 1831192
10 37 1831201
10 52 1831201
10 21 1831210
10 35 1831219
10 62 1831224
10 14 1831231
10 48 1831233
10 73 1831239
10 66 1831242
10 6 1831246
10 71 1831252
10 1 1831252
10 59 1831255
10 22 1831258
10 27 1831258
10 26 1831261
10 17 1831263
10 8 1831272
10 47 1831273
10 63 1831277
10 72 1831281
10 44 1831284
10 0 1831286
10 28 1831291
10 64 1831300
10 40 1831304
10 69 1831307
10 61 1831311
10 16 1831312
10 51 1831312
10 39 1831314
10 30 1831322
10 11 1831330
10 46 1831338
11 37 1831341
11 41 1831347
11 53 1831352
11 1 1831361
11 68 1831365
11 3 1831373
11 32 1831377
11 19 1831378
11 33 1831379
11 46 1831386
11 20 1831392
11 69 1831399
11 30 1831404
11 9 1831406
11 47 1831413
11 49 1831422
11 45 1831428
11 32 1831428
11 52 1831428
11 13 1831435
11 8 1831444
12 57 1831451
12 19 1831455
12 0 1831462
12 63 1831470
12 59 1831476
12 49 1831480
12 39 1831486
12 13 1831492
13 40 1831499
13 42 1831506
13 31 1831512
13 3 1831516
13 65 1831520
13 68 1831522
13 30 1831530
13 48 1831538
13 19 1831542
13 47 1831543
13 21 1831546
13 66 1831547
13 20 1831547
13 16 1831552
13 57 1831554
13 60 1831562
13 63 1831564
13 12 1831572
13 9 1831576
13 35 1831578
13 61 1831578
13 34 1831581
13 15 1831588
13 36 1831588
13 58 1831593
13 50 1831598
13 22 1831601
13 33 1831610
13 46 1831619
13 64 1831627
13 18 1831628
13 27 1831636
13 23 1831645
13 73 1831654
13 54 1831655
13 44 1831656
13 28 1831662
13 62 1831663
13 10 1831669
13 69 1831673
13 2 1831678
13 25 1831686
13 37 1831693
13 59 1831693
13 17 1831693
13 49 1831695
13 43 1831696
13 16 1831702
13 41 1831704
13 60 1831713
13 45 1831715
13 73 1831719
13 70 1831727
13 67 1831730
13 8 1831735
13 36 1831743
13 72 1831743
13 57 1831744
13 1 1831751
13 14 1831760
13 48 1831761
13 5 1831761
13 51 1831763
13 38 1831770
13 21 1831772
13 59 1831781
13 46 1831786
13 37 1831794
13 32 1831802
13 25 1831802
13 4 1831811
13 44 1831816
13 58 1831819
13 63 1831827
13 30 1831834
13 33 1831843
13 56 1831846
13 10 1831855
13 22 1831862
13 19 1831866
13 50 1831871
13 40 1831876
13 23 1831879
13 28 1831883
13 31 1831889
13 62 1831894
13 17 1831900
13 35 1831907
14 71 1831907
14 53 1831911
14 67 1831914
15 68 1831920
15 25 1831921
15 23 1831930
15 53 1831939
15 28 1831946
15 67 1831952
15 5 1831954
15 36 1831957
15 73 1831962
15 70 1831962
15 42 1831965
15 45 1831967
15 2 1831973
15 38 1831980
15 7 1831984
15 69 1831984
15 11 1831992
15 64 1831992
15 51 1831993
15 33 1831993
15 61 1831994
15 58 1832002
15 39 1832004
15 7 1832011
15 66 1832019
15 9 1832024
15 32 1832031
15 53 1832040
15 48 1832049
15 5 1832054
15 1 1832061
15 30 1832070
15 60 1832071
15 58 1832074
15 45 1832080
15 67 1832087
15 10 1832089
15 18 1832096
15 17 1832097
15 39 1832103
15 6 1832105
15 47 1832113
15 55 1832116
15 73 1832120
15 16 1832124
15 37 1832128
15 12 1832128
16 32 1832132
16 68 1832137
16 47 1832138
16 35 1832143
16 44 1832147
16 73 1832147
16 4 1832149
16 70 1832158
16 22 1832158
16 57 1832159
16 37 1832165
16 21 1832168
16 34 1832174
16 20 1832176
16 11 1832181
16 29 1832182
16 2 1832186
16 56 1832194
16 43 1832199
16 1 1832204
16 69 1832213
16 19 1832221
16 39 1832224
16 53 1832228
16 13 1832236
16 46 1832240
16 12 1832247
16 49 1832248
16 7 1832256
16 58 1832265
16 41 1832273
16 38 1832273
16 9 1832282
16 28 1832288
16 59 1832294
16 62 1832303
16 39 1832304
16 41 1832308
16 33 1832308
16 46 1832317
16 65 1832318
16 40 1832325
16 24 1832330
16 32 1832338
16 67 1832338
16 58 1832339
16 6 1832345
16 53 1832349
16 9 1832357
16 10 1832364
16 30 1832371
16 73 1832380
16 3 1832381
16 47 1832383
16 64 1832383
16 21 1832387
16 52 1832388
16 31 1832389
16 25 1832395
16 49 1832403
16 36 1832409
16 55 1832415
16 54 1832422
16 72 1832425
16 57 1832428
16 60 1832436
17 7 1832440
17 48 1832441
17 56 1832444
17 23 1832449
17 27 1832458
17 28 1832461
17 51 1832467
17 47 1832476
17 12 1832482
17 11 1832488
17 41 1832493
17 68 1832497
17 19 1832501
17 15 1832510
17 9 1832510
17 16 1832516
17 4 1832522
17 25 1832530
17 35 1832538
17 21 1832545
17 50 1832550
17 72 1832553
17 30 1832555
17 63 1832562
17 54 1832569
17 26 1832570
17 36 1832572
17 66 1832575
17 29 1832580
17 69 1832581
17 45 1832583
17 6 1832584
17 33 1832589
17 10 1832590
17 18 1832593
17 38 1832597
17 13 1832602
17 24 1832611
17 64 1832619
17 58 1832619
17 69 1832628
17 21 1832630
17 38 1832636
17 35 1832640
17 19 1832645
17 71 1832650
17 42 1832655
17 68 1832658
17 3 1832660
17 39 1832663
17 72 1832667
17 64 1832667
17 54 1832676
17 59 1832681
17 11 1832690
17 44 1832692
17 4 1832697
17 40 1832701
17 48 1832710
17 46 1832716
17 43 1832725
17 6 1832732
17 22 1832734
17 25 1832743
17 7 1832750
17 50 1832750
17 49 1832755
17 24 1832756
17 60 1832761
17 8 1832763
17 34 1832766
17 45 1832774
17 66 1832783
17 73 1832790
17 61 1832798
17 47 1832802
17 26 1832802
18 26 1832811
18 42 1832812
18 63 1832815
18 36 1832822
18 23 1832822
18 29 1832822
18 52 1832830
18 45 1832839
18 53 1832845
18 40 1832850
18 13 1832851
18 57 1832855
18 4 1832860
18 0 1832866
18 30 1832870
18 49 1832873
18 36 1832880
18 50 1832883
18 10 1832885
18 73 1832888
18 72 1832896
18 7 1832898
18 14 1832907
18 5 1832907
18 60 1832913
18 45 1832913
18 27 1832919
18 3 1832924
18 2 1832928
18 26 1832929
18 31 1832929
18 40 1832929
19 50 1832933
19 3 1832937
19 6 1832938
19 22 1832940
20 36 1832943
20 12 1832943
20 30 1832947
20 40 1832947
20 24 1832950
20 44 1832958
20 51 1832966
20 55 1832967
20 71 1832968
20 41 1832973
20 2 1832975
20 27 1832978
20 34 1832984
20 58 1832986
20 65 1832995
20 69 1833004
20 67 1833009
20 11 1833016
20 32 1833025
20 23 1833027
20 47 1833033
20 15 1833039
20 14 1833039
20 59 1833047
20 64 1833054
20 0 1833054
20 47 1833056
20 40 1833063
20 28 1833072
20 46 1833077
20 11 1833077
20 39 1833083
20 51 1833089
20 5 1833094
20 36 1833097
20 48 1833106
20 32 1833115
20 43 1833123
20 69 1833131
20 41 1833134
20 19 1833137
20 66 1833142
20 7 1833151
20 9 1833156
20 38 1833165
20 14 1833167
20 58 1833174
20 12 1833182
20 44 1833183
20 71 1833183
20 18 1833187
20 59 1833195
21 65 1833202
21 30 1833209
21 6 1833210
21 25 1833218
21 56 1833219
21 49 1833228
21 11 1833228
21 43 1833233
21 61 1833233
21 46 1833238
21 48 1833245
21 26 1833250
21 66 1833258
21 51 1833266
21 5 1833272
21 13 1833275
21 37 1833284
21 8 1833292
21 70 1833295
21 62 1833301
21 15 1833309
21 69 1833309
21 59 1833309
21 27 1833314
21 1 1833314
21 39 1833316
21 53 1833317
21 40 1833326
21 28 1833330
21 57 1833334
21 32 1833336
21 42 1833336
21 64 1833336
21 52 1833344
21 36 1833347
21 9 1833350
21 60 1833350
21 22 1833350
21 73 1833358
21 34 1833363
21 35 1833367
21 44 1833369
21 3 1833373
21 2 1833373
21 45 1833378
21 24 1833386
21 67 1833393
21 71 1833396
21 49 1833400
21 45 1833408
21 59 1833415
21 31 1833422
21 72 1833426
21 73 1833428
21 17 1833437
21 48 1833437
21 60 1833437
21 46 1833446
21 62 1833454
21 36 1833461
21 35 1833469
21 0 1833475
21 18 1833484
21 67 1833488
21 9 1833495
21 50 1833503
21 5 1833505
21 10 1833513
21 13 1833520
21 4 1833523
21 3 1833527
21 16 1833529
21 55 1833535
21 38 1833538
21 19 1833545
21 58 1833552
21 65 1833555
21 70 1833559
21 57 1833568
21 29 1833574
21 25 1833582
21 1 1833585
21 68 1833593
21 34 1833595
21 56 1833601
21 64 1833609
21 40 1833610
21 24 1833616
21 63 1833623
21 8 1833629
21 33 1833638
21 11 1833640
21 52 1833648
21 15 1833650
21 51 1833652
22 13 1833660
22 14 1833663
22 21 1833672
22 67 1833673
22 7 1833680
23 67 1833683
23 26 1833692
23 59 1833692
23 16 1833697
23 36 1833700
23 27 1833702
23 19 1833710
23 25 1833715
23 70 1833716
23 38 1833719
23 4 1833727
23 56 1833734
23 50 1833734
23 32 1833735
23 63 1833735
23 42 1833743
23 72 1833749
23 1 1833755
23 7 1833764
23 55 1833769
23 48 1833775
23 21 1833775
23 30 1833780
23 54 1833786
23 65 1833795
23 11 1833804
23 9 1833805
23 8 1833808
23 47 1833816
23 14 1833821
23 45 1833822
23 0 1833825
23 20 1833829
23 43 1833832
23 35 1833838
23 53 1833840
23 69 1833842
23 38 1833845
23 61 1833847
23 12 1833850
23 1 1833852
23 62 1833853
23 37 1833860
23 48 1833865
23 28 1833866
23 10 1833875
23 71 1833883
23 39 1833886
23 8 1833889
23 15 1833897
23 5 1833899
23 26 1833900
23 54 1833902
23 11 1833911
23 33 1833913
24 59 1833913
24 40 1833915
24 13 1833919
24 20 1833924
24 38 1833924
24 21 1833926
24 0 1833931
24 51 1833937
24 68 1833940
24 64 1833946
24 56 1833953
24 50 1833955
24 15 1833964
24 3 1833973
24 10 1833981
24 33 1833985
24 22 1833993
24 42 1834001
24 57 1834009
24 72 1834018
24 52 1834026
24 49 1834035
24 11 1834036
24 35 1834041
24 31 1834046
24 60 1834055
24 14 1834059
24 45 1834065
24 53 1834073
24 54 1834078
24 42 1834087
24 28 1834096
24 43 1834100
24 0 1834101
24 61 1834106
24 40 1834108
24 2 1834117
24 11 1834121
24 60 1834122
24 65 1834130
24 57 1834132
24 34 1834141
24 16 1834147
24 18 1834152
24 9 1834157
24 5 1834157
24 52 1834162
24 10 1834168
24 51 1834172
24 41 1834177
24 62 1834182
24 15 1834189
24 13 1834189
24 26 1834195
24 38 1834198
24 12 1834202
25 8 1834204
25 54 1834213
25 35 1834218
25 47 1834219
25 43 1834224
25 32 1834229
25 22 1834237
25 72 1834246
25 38 1834250
25 56 1834255
25 2 1834262
25 11 1834268
25 28 1834277
25 12 1834283
25 23 1834285
25 6 1834294
25 15 1834294
25 40 1834298
25 61 1834298
25 34 1834307
25 66 1834315
25 27 1834321
25 29 1834324
25 9 1834327
25 71 1834335
25 39 1834336
25 62 1834339
25 0 1834344
25 33 1834351
25 10 1834360
25 68 1834368
25 73 1834375
25 3 1834379
25 1 1834386
25 58 1834392
25 7 1834401
25 17 1834403
25 16 1834411
25 60 1834418
25 53 1834423
25 14 1834431
25 5 1834438
25 40 1834439
25 63 1834444
25 33 1834450
25 47 1834454
25 17 1834460
25 69 1834463
25 11 1834464
25 55 1834472
25 34 1834477
25 56 1834483
25 9 1834487
25 44 1834490
25 60 1834496
25 28 1834499
25 72 1834501
25 41 1834508
25 65 1834514
25 13 1834518
25 70 1834521
25 59 1834524
25 48 1834526
25 54 1834533
25 36 1834535
25 4 1834535
25 7 1834540
25 45 1834541
25 10 1834550
25 46 1834559
25 35 1834568
25 1 1834568
25 66 1834573
25 31 1834578
25 64 1834578
25 49 1834578
25 50 1834582
25 23 1834583
25 42 1834587
25 21 1834594
25 22 1834599
25 68 1834606
25 51 1834607
25 32 1834607
25 37 1834614
25 5 1834621
25 27 1834625
25 12 1834629
25 67 1834632
25 58 1834639
25 6 1834645
25 39 1834654
25 71 1834657
25 3 1834661
26 35 1834665
26 69 1834665
26 21 1834672
26 55 1834672
26 40 1834672
26 23 1834675
26 20 1834684
26 54 1834693
26 18 1834695
26 4 1834696
26 0 1834701
26 16 1834701
26 11 1834705
26 10 1834707
26 44 1834713
26 5 1834715
26 31 1834718
26 50 1834720
26 64 1834722
26 65 1834730
26 70 1834738
26 13 1834746
26 36 1834747
26 49 1834756
26 34 1834759
26 9 1834760
26 37 1834763
26 73 1834771
26 48 1834775
26 59 1834781
26 42 1834788
26 24 1834795
26 19 1834801
26 69 1834805
26 59 1834805
26 7 1834806
26 70 1834808
26 62 1834814
26 22 1834819
26 46 1834820
26 8 1834822
26 47 1834822
26 48 1834831
26 68 1834839
26 72 1834843
26 3 1834852
26 35 1834854
26 27 1834856
26 45 1834860
26 52 1834869
26 40 1834876
26 73 1834879
26 44 1834879
26 10 1834887
26 32 1834891
26 65 1834900
26 43 1834906
26 14 1834907
26 9 1834915
26 54 1834919
26 30 1834922
26 67 1834926
26 28 1834932
26 50 1834938
26 18 1834939
27 18 1834947
27 15 1834953
27 43 1834957
27 63 1834958
27 55 1834961
27 40 1834963
27 60 1834967
27 16 1834967
27 30 1834973
27 46 1834975
27 20 1834982
27 36 1834990
27 25 1834990
27 35 1834992
27 48 1834992
27 59 1834996
27 49 1835001
27 53 1835001
27 73 1835004
27 59 1835005
27 41 1835005
27 67 1835014
27 62 1835018
27 35 1835026
27 60 1835030
27 46 1835038
27 17 1835047
27 72 1835056
27 19 1835058
27 42 1835067
27 32 1835070
27 50 1835074
27 8 1835079
27 26 1835080
28 38 1835085
28 64 1835086
28 9 1835086
29 55 1835087
29 26 1835091
29 64 1835092
29 34 1835098
29 35 1835100
29 69 1835105
29 12 1835105
29 49 1835108
29 71 1835113
29 16 1835121
29 13 1835123
29 61 1835130
29 21 1835137
29 54 1835145
29 43 1835154
29 3 1835160
29 7 1835167
29 38 1835176
29 36 1835183
29 56 1835184
29 33 1835189
29 42 1835190
29 47 1835195
29 18 1835203
29 72 1835211
29 31 1835218
29 46 1835222
29 62 1835223
29 41 1835224
29 65 1835232
29 57 1835237
29 68 1835245
29 40 1835253
29 60 1835254
29 1 1835255
29 30 1835256
29 2 1835265
29 48 1835268
29 73 1835275
29 5 1835277
29 4 1835281
29 39 1835281
29 50 1835284
29 68 1835288
29 11 1835293
29 12 1835301
29 24 1835304
29 66 1835310
29 37 1835310
29 63 1835315
29 2 1835316
29 22 1835325
29 0 1835332
29 46 1835335
29 31 1835340
29 65 1835341
29 47 1835344
29 32 1835349
29 43 1835351
29 70 1835358
29 7 1835362
29 73 1835364
29 9 1835367
29 51 1835368
29 49 1835375
29 71 1835384
29 67 1835391
29 56 1835393
29 52 1835402
29 15 1835402
29 13 1835402
29 21 1835408
29 44 1835410
29 17 1835416
29 10 1835420
29 39 1835425
29 19 1835434
29 18 1835440
29 25 1835440
29 38 1835440
29 60 1835448
29 36 1835450
29 53 1835450
30 57 1835454
30 68 1835455
30 2 1835464
30 64 1835468
30 9 1835476
30 0 1835484
30 8 1835490
30 69 1835496
30 42 1835505
30 50 1835511
30 63 1835515
30 56 1835520
30 59 1835526
30 35 1835532
30 17 1835535
30 52 1835535
30 40 1835536
30 47 1835544
30 41 1835544
30 27 1835550
30 67 1835551
30 5 1835556
30 22 1835562
30 35 1835571
30 48 1835578
30 66 1835579
30 47 1835579
30 32 1835581
30 10 1835587
30 26 1835587
30 73 1835595
30 40 1835598
30 42 1835603
30 68 1835611
30 19 1835613
30 67 1835615
30 25 1835619
30 36 1835622
30 57 1835625
30 34 1835625
30 44 1835633
30 2 1835642
30 18 1835648
30 6 1835648
30 51 1835656
30 38 1835656
30 37 1835665
30 69 1835666
30 8 1835672
30 4 1835677
31 49 1835677
31 67 1835680
31 44 1835684
31 5 1835687
31 23 1835696
31 4 1835701
31 13 1835710
31 38 1835717
31 11 1835718
31 48 1835720
31 43 1835727
31 39 1835735
31 19 1835742
31 50 1835749
31 33 1835757
31 25 1835764
31 30 1835767
31 54 1835768
31 41 1835775
31 55 1835777
31 46 1835784
31 2 1835791
31 12 1835791
31 52 1835791
31 27 1835791
31 1 1835797
31 66 1835797
31 17 1835806
31 10 1835812
31 64 1835821
31 71 1835830
31 26 1835832
31 55 1835835
31 18 1835839
31 13 1835845
31 36 1835850
31 11 1835852
31 45 1835856
31 42 1835863
31 10 1835866
31 54 1835869
31 72 1835874
31 2 1835883
31 62 1835890
31 3 1835893
31 52 1835902
31 30 1835909
31 15 1835914
31 61 1835917
31 70 1835925
31 41 1835927
31 51 1835927
31 16 1835934
31 38 1835939
31 71 1835940
31 24 1835941
31 1 1835942
31 39 1835942
31 20 1835943
32 51 1835944
32 19 1835946
32 33 1835947
32 15 1835955
32 21 1835963
32 73 1835967
32 52 1835974
32 9 1835977
32 59 1835985
32 72 1835994
32 31 1835999
32 45 1836004
32 13 1836013
32 65 1836021
32 12 1836025
32 30 1836032
32 3 1836033
32 11 1836034
32 6 1836037
32 71 1836045
32 4 1836051
32 63 1836060
32 26 1836064
32 56 1836069
32 60 1836074
32 44 1836081
32 53 1836085
32 43 1836085
32 66 1836094
32 39 1836102
32 23 1836103
32 37 1836104
32 7 1836106
32 34 1836112
32 68 1836114
32 54 1836114
32 29 1836117
32 67 1836119
32 25 1836127
32 70 1836133
32 61 1836133
32 24 1836139
32 36 1836139
32 5 1836148
32 28 1836157
32 22 1836160
32 10 1836160
32 8 1836166
32 29 1836169
32 69 1836174
32 33 1836181
32 62 1836186
32 61 1836191
32 4 1836192
32 45 1836192
32 57 1836197
32 63 1836198
32 35 1836207
32 64 1836211
32 0 1836215
32 11 1836219
32 14 1836224
32 20 1836232
32 22 1836235
32 47 1836236
32 17 1836241
32 48 1836241
32 21 1836247
32 9 1836252
32 38 1836256
32 6 1836262
32 37 1836263
32 41 1836268
32 19 1836277
32 8 1836279
32 23 1836282
32 53 1836287
32 27 1836287
32 44 1836292
32 70 1836299
32 36 1836302
32 7 1836303
32 13 1836312
32 25 1836313
32 16 1836313
32 2 1836315
32 66 1836321
32 68 1836322
32 42 1836323
32 58 1836323
32 3 1836330
32 46 1836331
32 73 1836339
32 49 1836342
32 65 1836347
32 71 1836349
32 56 1836349
33 9 1836357
33 30 1836361
33 56 1836363
33 5 1836370
33 38 1836373
33 45 1836375
33 23 1836380
33 22 1836388
33 72 1836395
33 70 1836400
33 36 1836408
33 69 1836408
33 31 1836413
33 12 1836422
33 15 1836424
33 53 1836432
33 54 1836438
33 2 1836438
33 18 1836444
33 52 1836446
33 1 1836451
33 34 1836455
33 61 1836457
33 64 1836458
33 37 1836460
33 60 1836468
33 48 1836469
33 3 1836469
33 58 1836472
33 73 1836474
33 55 1836474
33 59 1836478
33 25 1836486
33 47 1836489
33 19 1836495
33 8 1836500
33 46 1836504
33 29 1836511
33 35 1836512
33 24 1836513
33 13 1836516
33 0 1836520
33 53 1836523
33 40 1836525
33 68 1836526
33 60 1836530
33 31 1836536
33 24 1836536
33 61 1836536
33 12 1836543
33 41 1836551
33 36 1836554
33 45 1836557
33 10 1836561
33 19 1836561
33 5 1836561
33 26 1836568
33 51 1836577
33 70 1836585
33 11 1836591
33 29 1836599
33 69 1836601
33 2 1836606
33 25 1836606
33 34 1836615
33 47 1836619
33 22 1836626
33 64 1836635
33 1 1836636
33 67 1836636
33 20 1836641
33 44 1836649
33 66 1836657
33 52 1836659
33 32 1836666
33 72 1836673
34 51 1836675
34 17 1836684
34 33 1836689
34 39 1836689
34 9 1836696
34 62 1836699
34 1 1836705
34 66 1836708
34 32 1836716
34 6 1836716
34 49 1836718
34 25 1836727
34 55 1836734
34 42 1836742
34 11 1836750
34 43 1836756
34 73 1836758
34 53 1836765
34 19 1836771
34 61 1836776
34 64 1836782
34 0 1836783
34 27 1836790
34 46 1836790
34 28 1836799
34 41 1836806
34 67 1836810
34 15 1836810
34 4 1836819
34 22 1836820
34 10 1836820
34 44 1836823
34 68 1836826
34 54 1836834
34 59 1836842
34 38 1836844
34 29 1836850
34 72 1836854
34 26 1836863
34 69 1836866
34 70 1836875
34 5 1836884
34 31 1836886
34 29 1836888
34 28 1836888
34 56 1836897
34 50 1836897
34 62 1836898
34 59 1836903
34 65 1836903
34 63 1836908
34 39 1836908
34 68 1836914
34 19 1836915
34 64 1836920
34 58 1836920
34 12 1836921
34 67 1836930
34 69 1836937
34 23 1836944
34 13 1836951
34 70 1836956
34 24 1836962
34 20 1836963
34 17 1836965
34 14 1836971
34 11 1836978
34 4 1836987
34 16 1836989
34 52 1836996
34 44 1837001
34 46 1837006
34 51 1837011
34 47 1837011
34 2 1837012
34 0 1837014
34 40 1837014
34 30 1837020
34 54 1837021
34 1 1837028
34 60 1837034
34 35 1837040
34 57 1837044
34 45 1837045
35 27 1837049
35 48 1837054
35 72 1837062
35 41 1837063
35 30 1837064
35 17 1837073
35 16 1837078
35 10 1837079
35 57 1837083
35 34 1837085
35 14 1837094
35 2 1837094
35 8 1837099
35 15 1837102
35 21 1837109
35 18 1837116
35 33 1837119
35 70 1837123
35 63 1837126
35 38 1837128
35 5 1837135
35 67 1837143
35 11 1837150
35 7 1837150
35 3 1837159
35 0 1837164
35 24 1837169
35 45 1837173
35 56 1837180
35 64 1837187
35 39 1837191
35 44 1837191
35 9 1837195
35 20 1837201
35 65 1837201
35 55 1837210
35 59 1837210
35 27 1837211
35 3 1837216
35 0 1837219
35 34 1837221
35 51 1837228
35 72 1837228
35 55 1837236
35 37 1837239
35 24 1837240
35 45 1837243
35 53 1837248
35 31 1837251
35 13 1837259
35 4 1837267
35 65 1837272
35 49 1837272
35 50 1837272
35 29 1837276
35 12 1837283
35 44 1837284
35 58 1837290
35 70 1837293
35 26 1837294
35 38 1837294
35 20 1837300
35 25 1837302
35 73 1837307
35 48 1837314
35 63 1837319
35 10 1837324
36 4 1837328
36 50 1837332
36 55 1837335
36 41 1837342
36 71 1837348
36 57 1837348
36 62 1837348
36 32 1837356
36 33 1837361
36 42 1837362
36 22 1837370
36 34 1837379
36 27 1837381
36 53 1837385
36 46 1837385
36 64 1837391
36 7 1837394
36 37 1837396
36 43 1837400
36 66 1837408
36 13 1837408
36 61 1837415
36 25 1837421
36 67 1837429
36 18 1837437
36 14 1837437
36 44 1837446
36 12 1837453
36 51 1837460
36 59 1837468
36 48 1837477
36 0 1837479
36 45 1837481
36 31 1837486
36 21 1837486
36 28 1837486
36 73 1837486
36 26 1837486
36 6 1837488
36 40 1837493
36 2 1837502
36 46 1837507
36 72 1837512
36 21 1837512
36 18 1837517
36 70 1837518
36 47 1837521
36 29 1837529
36 56 1837536
36 28 1837536
36 35 1837536
36 52 1837541
36 32 1837544
36 30 1837547
36 10 1837549
36 60 1837550
36 58 1837557
36 63 1837559
36 16 1837567
36 61 1837569
36 19 1837572
36 43 1837580
36 23 1837580
36 71 1837583
36 15 1837588
36 69 1837591
36 64 1837592
36 54 1837592
36 62 1837594
36 24 1837596
36 0 1837599
36 73 1837603
36 65 1837607
36 34 1837611
36 66 1837611
36 41 1837615
37 69 1837622
37 62 1837631
37 42 1837640
37 58 1837644
37 55 1837650
37 70 1837659
37 71 1837665
37 18 1837671
37 73 1837674
37 23 1837680
37 51 1837681
37 35 1837684
37 55 1837690
37 67 1837693
37 72 1837701
37 13 1837709
37 3 1837714
37 61 1837717
37 43 1837726
37 26 1837726
38 1 1837732
38 72 1837741
38 29 1837746
39 52 1837748
39 21 1837755
39 1 1837759
39 71 1837762
39 58 1837762
39 53 1837766
39 50 1837770
39 25 1837774
39 19 1837776
39 7 1837779
39 12 1837782
39 24 1837783
39 8 1837790
39 57 1837793
39 43 1837802
39 42 1837804
39 64 1837813
39 28 1837819
39 23 1837820
39 9 1837821
39 51 1837829
39 31 1837835
39 68 1837841
39 48 1837849
39 73 1837852
39 63 1837859
39 22 1837864
39 0 1837868
39 33 1837869
39 55 1837871
39 41 1837877
39 59 1837884
39 65 1837888
39 67 1837896
39 5 1837905
39 69 1837912
39 49 1837920
39 72 1837927
39 45 1837927
39 66 1837932
39 44 1837940
39 60 1837943
39 10 1837948
39 40 1837956
39 27 1837959
39 20 1837962
39 47 1837967
39 32 1837967
39 38 1837970
39 61 1837978
39 32 1837978
39 53 1837984
39 21 1837991
39 4 1837999
39 43 1837999
39 24 1838005
39 15 1838013
39 36 1838013
39 61 1838013
39 40 1838020
39 29 1838025
39 16 1838026
39 33 1838032
39 30 1838041
39 19 1838047
39 64 1838049
39 44 1838057
39 8 1838064
39 68 1838066
39 48 1838070
39 25 1838074
39 3 1838083
39 23 1838086
39 41 1838086
39 6 1838088
39 18 1838088
39 38 1838089
39 50 1838098
39 2 1838104
39 70 1838106
39 63 1838109
39 31 1838115
39 9 1838117
39 7 1838120
39 55 1838123
39 22 1838131
39 42 1838133
39 58 1838136
39 26 1838139
39 27 1838142
39 47 1838151
39 62 1838153
39 49 1838156
39 37 1838158
39 28 1838159
39 66 1838168
40 32 1838172
40 66 1838178
40 67 1838183
40 0 1838187
40 38 1838190
41 60 1838193
41 16 1838193
41 5 1838198
41 55 1838203
41 50 1838209
41 23 1838216
41 30 1838225
41 58 1838232
41 25 1838234
41 51 1838242
41 9 1838245
41 0 1838248
41 38 1838251
41 3 1838257
41 36 1838258
41 67 1838266
41 10 1838273
41 26 1838274
41 52 1838279
41 66 1838285
41 53 1838294
41 39 1838295
41 21 1838299
41 14 1838305
41 72 1838308
41 73 1838314
41 37 1838320
41 8 1838329
41 32 1838336
41 66 1838338
41 47 1838339
41 36 1838345
41 9 1838354
41 11 1838358
41 52 1838359
41 70 1838367
41 69 1838369
41 3 1838370
41 56 1838372
41 62 1838372
41 59 1838378
41 68 1838384
41 31 1838392
41 57 1838400
41 29 1838400
41 1 1838408
41 63 1838412
41 32 1838416
41 6 1838424
41 17 1838429
41 7 1838433
41 12 1838437
41 34 1838439
41 18 1838440
42 13 1838449
42 46 1838457
42 9 1838464
42 27 1838472
42 6 1838480
42 17 1838482
42 65 1838487
42 43 1838490
42 38 1838490
42 72 1838491
42 20 1838493
42 52 1838493
42 4 1838501
42 19 1838504
42 39 1838506
42 62 1838507
42 35 1838510
42 25 1838514
42 73 1838523
42 57 1838528
42 26 1838530
42 16 1838537
42 59 1838537
42 45 1838544
42 3 1838547
42 23 1838548
42 48 1838554
42 61 1838561
42 67 1838562
42 29 1838562
42 68 1838566
42 30 1838572
42 58 1838574
42 0 1838580
42 14 1838585
42 18 1838594
42 7 1838603
42 40 1838610
42 54 1838617
42 33 1838618
42 12 1838618
42 37 1838626
42 31 1838630
42 51 1838632
42 53 1838638
42 11 1838646
42 41 1838652
42 56 1838657
42 71 1838662
42 59 1838662
42 53 1838669
42 21 1838676
42 25 1838677
42 27 1838685
42 68 1838687
42 20 1838687
42 73 1838691
42 26 1838699
42 12 1838705
42 55 1838709
42 6 1838710
42 45 1838710
42 51 1838715
42 18 1838717
42 69 1838724
42 58 1838726
42 24 1838733
42 48 1838737
42 49 1838743
42 9 1838744
42 17 1838753
42 23 1838754
42 7 1838759
42 52 1838763
42 32 1838769
42 54 1838778
42 43 1838787
42 4 1838788
42 67 1838791
42 10 1838793
42 72 1838798
42 62 1838799
42 46 1838805
42 33 1838807
42 57 1838814
42 13 1838815
42 16 1838817
42 56 1838817
42 60 1838826
42 70 1838829
42 47 1838829
42 19 1838837
43 35 1838845
43 25 1838847
43 37 1838852
43 40 1838855
43 50 1838860
43 68 1838862
43 23 1838866
43 15 1838871
43 7 1838872
43 6 1838879
43 39 1838881
43 51 1838883
43 58 1838890
43 9 1838892
43 4 1838897
43 71 1838905
43 53 1838912
43 60 1838915
43 18 1838915
43 20 1838921
43 2 1838926
43 22 1838933
43 26 1838934
43 11 1838943
43 1 1838947
43 41 1838954
43 73 1838957
43 48 1838958
43 42 1838961
43 19 1838962
43 36 1838968
43 28 1838975
43 31 1838979
43 63 1838981
43 65 1838989
43 62 1838995
43 59 1838996
43 45 1839003
43 49 1839006
43 69 1839014
43 3 1839018
43 24 1839019
43 39 1839024
43 6 1839027
43 44 1839034
43 45 1839040
43 31 1839048
43 1 1839048
43 17 1839052
43 73 1839056
43 23 1839060
43 15 1839063
43 32 1839068
43 40 1839069
43 58 1839073
43 49 1839079
43 27 1839081
43 0 1839085
43 59 1839092
43 20 1839101
43 54 1839102
43 12 1839104
43 24 1839106
43 34 1839110
43 63 1839114
43 10 1839114
43 16 1839123
43 18 1839129
43 50 1839135
43 69 1839137
43 41 1839144
43 61 1839151
43 60 1839159
43 52 1839165
43 42 1839173
43 9 1839173
43 22 1839174
43 35 1839179
43 25 1839186
43 57 1839187
43 11 1839192
43 68 1839194
43 71 1839196
44 63 1839199
44 54 1839199
44 15 1839205
44 5 1839207
44 24 1839210
44 61 1839213
44 22 1839220
44 62 1839223
44 52 1839227
44 27 1839228
44 19 1839230
44 47 1839239
44 58 1839245
44 60 1839251
44 36 1839256
44 10 1839258
44 68 1839261
44 7 1839261
44 9 1839263
44 72 1839272
44 21 1839278
44 14 1839287
44 41 1839289
44 56 1839294
44 13 1839300
44 39 1839308
44 53 1839311
44 70 1839320
44 35 1839324
44 59 1839333
44 30 1839337
44 49 1839340
44 33 1839345
44 3 1839348
44 12 1839352
44 70 1839356
44 42 1839361
44 11 1839365
44 5 1839367
44 33 1839368
44 14 1839376
44 38 1839383
44 32 1839388
44 54 1839388
44 66 1839397
44 56 1839397
44 30 1839405
44 58 1839406
44 47 1839406
44 67 1839410
44 63 1839410
44 51 1839413
44 40 1839419
44 73 1839419
44 46 1839423
44 52 1839424
44 69 1839431
44 39 1839439
44 43 1839443
44 6 1839449
44 36 1839449
44 9 1839457
44 28 1839461
44 10 1839463
44 61 1839471
44 8 1839474
44 27 1839481
45 40 1839481
45 14 1839483
45 37 1839483
45 16 1839492
45 72 1839498
45 62 1839498
45 25 1839507
45 31 1839514
45 73 1839517
45 41 1839525
45 6 1839533
45 44 1839536
45 24 1839542
45 52 1839548
45 39 1839553
45 10 1839556
45 50 1839564
45 5 1839566
45 34 1839569
45 22 1839577
45 67 1839581
45 13 1839587
45 51 1839593
45 54 1839602
45 2 1839605
45 55 1839607
45 35 1839614
45 57 1839616
45 49 1839625
45 3 1839634
45 7 1839639
45 18 1839647
45 28 1839652
45 63 1839657
45 21 1839662
45 46 1839662
45 66 1839670
45 53 1839678
45 26 1839679
45 69 1839679
45 61 1839683
45 68 1839686
45 71 1839693
45 38 1839699
45 30 1839706
45 48 1839708
45 50 1839711
45 58 1839712
45 5 1839717
45 25 1839723
45 29 1839732
45 60 1839737
45 24 1839739
45 20 1839741
45 16 1839744
45 44 1839750
45 4 1839758
45 8 1839766
45 13 1839767
45 40 1839772
45 14 1839780
45 46 1839788
45 52 1839795
45 49 1839798
45 36 1839806
45 63 1839811
45 18 1839813
45 68 1839818
45 42 1839826
45 57 1839829
45 43 1839830
45 27 1839833
45 21 1839841
45 61 1839845
45 55 1839849
45 34 1839850
45 62 1839857
45 56 1839860
45 17 1839866
45 23 1839874
45 22 1839877
45 69 1839880
45 72 1839884
45 19 1839887
45 71 1839895
45 59 1839898
45 47 1839900
45 67 1839903
45 10 1839909
46 37 1839916
46 58 1839918
46 47 1839924
46 11 1839928
46 13 1839932
46 49 1839939
46 36 1839946
46 0 1839955
46 26 1839960
46 14 1839968
46 19 1839968
46 21 1839973
46 57 1839980
46 62 1839989
46 18 1839989
46 7 1839996
46 65 1839997
46 30 1840006
46 59 1840011
46 55 1840019
46 69 1840024
46 60 1840024
46 52 1840032
46 45 1840041
46 27 1840047
46 10 1840051
46 48 1840056
46 16 1840064
46 50 1840069
46 31 1840070
46 28 1840077
46 8 1840078
46 61 1840083
46 73 1840090
46 3 1840090
46 23 1840099
46 1 1840108
46 66 1840117
46 64 1840125
46 20 1840128
46 34 1840130
46 35 1840134
46 23 1840138
46 34 1840142
46 48 1840143
46 3 1840147
46 72 1840151
46 6 1840156
46 53 1840165
46 28 1840174
46 44 1840178
46 14 1840186
46 12 1840191
46 55 1840198
46 65 1840205
46 51 1840209
46 19 1840213
46 32 1840213
46 52 1840215
46 29 1840219
46 27 1840227
46 4 1840235
46 25 1840237
46 68 1840238
46 42 1840245
46 18 1840250
46 7 1840251
46 41 1840251
46 0 1840251
46 58 1840254
46 57 1840260
46 20 1840263
46 43 1840272
46 17 1840278
46 47 1840279
46 38 1840279
46 60 1840283
46 13 1840291
46 33 1840292
47 2 1840296
47 14 1840298
47 21 1840300
47 69 1840308
47 41 1840309
47 7 1840318
47 25 1840324
47 1 1840333
47 39 1840334
47 9 1840342
47 19 1840342
47 60 1840347
47 8 1840356
47 10 1840359
47 53 1840364
47 18 1840368
47 54 1840374
47 61 1840377
47 12 1840379
47 5 1840381
47 72 1840387
47 6 1840396
47 27 1840399
47 41 1840405
47 68 1840412
47 25 1840419
47 15 1840425
47 26 1840427
47 30 1840436
47 39 1840437
47 59 1840440
47 23 1840443
47 4 1840444
47 43 1840449
47 21 1840457
47 57 1840459
47 58 1840459
48 52 1840459
48 24 1840466
48 23 1840467
48 31 1840470
48 39 1840472
48 32 1840473
48 34 1840478
48 18 1840479
48 61 1840479
48 6 1840488
48 38 1840496
48 70 1840502
48 9 1840507
48 12 1840514
48 44 1840522
48 71 1840522
48 54 1840528
48 69 1840535
48 26 1840539
48 45 1840548
48 60 1840554
48 13 1840563
48 59 1840565
48 8 1840570
48 34 1840573
48 33 1840573
48 32 1840582
48 47 1840587
48 0 1840596
48 3 1840596
48 49 1840604
48 55 1840611
48 41 1840617
48 69 1840619
48 28 1840626
48 18 1840633
48 54 1840638
48 63 1840638
49 24 1840643
49 68 1840651
49 71 1840657
49 15 1840664
49 5 1840672
49 17 1840675
49 70 1840675
49 47 1840680
49 22 1840689
49 57 1840698
49 53 1840706
49 3 1840713
49 66 1840715
49 33 1840719
49 46 1840722
49 7 1840722
49 36 1840728
49 67 1840733
49 62 1840734
49 21 1840740
49 35 1840744
49 0 1840744
49 63 1840747
49 23 1840748
49 55 1840752
49 66 1840754
49 12 1840758
49 27 1840758
49 61 1840764
49 6 1840764
49 21 1840770
49 37 1840778
49 4 1840787
49 20 1840787
49 17 1840795
49 18 1840798
49 39 1840805
49 62 1840806
49 8 1840809
49 72 1840817
49 14 1840824
49 67 1840828
49 68 1840833
49 22 1840841
49 26 1840841
49 44 1840844
50 63 1840852
50 47 1840852
50 31 1840853
50 45 1840854
50 22 1840859
50 61 1840867
50 5 1840870
50 68 1840879
51 39 1840882
51 6 1840890
51 55 1840892
51 7 1840894
51 15 1840902
51 67 1840903
51 19 1840907
51 48 1840916
51 71 1840921
51 17 1840928
51 31 1840928
51 64 1840932
51 69 1840941
51 27 1840949
51 29 1840951
51 26 1840954
51 4 1840963
51 56 1840964
51 66 1840969
51 23 1840974
51 72 1840982
51 3 1840984
51 13 1840989
51 33 1840991
51 43 1840993
51 68 1840994
51 42 1840994
51 24 1840996
51 53 1840996
51 38 1841000
51 73 1841008
51 23 1841011
51 39 1841020
51 8 1841028
51 31 1841036
51 12 1841038
51 21 1841041
51 63 1841043
51 17 1841051
51 68 1841053
51 61 1841057
51 32 1841066
51 44 1841068
51 41 1841077
51 34 1841077
51 33 1841085
51 72 1841094
51 59 1841102
51 38 1841105
51 46 1841110
51 45 1841110
51 40 1841117
51 48 1841119
51 16 1841127
51 50 1841131
51 18 1841134
51 69 1841135
52 28 1841136
52 4 1841144
52 44 1841147
52 42 1841156
52 10 1841162
52 38 1841165
52 6 1841169
52 39 1841173
52 57 1841176
52 50 1841185
52 31 1841193
52 27 1841193
52 1 1841197
52 53 1841199
52 3 1841208
52 70 1841217
52 7 1841225
52 5 1841226
52 43 1841233
52 65 1841237
52 26 1841246
52 25 1841251
52 9 1841258
52 72 1841259
52 69 1841267
52 63 1841273
52 62 1841280
52 34 1841289
52 2 1841298
52 60 1841299
52 13 1841307
52 56 1841314
52 21 1841319
52 40 1841327
52 32 1841330
52 63 1841334
52 34 1841343
52 4 1841345
52 65 1841354
52 67 1841355
52 1 1841360
52 53 1841368
52 7 1841377
52 61 1841384
52 44 1841390
52 8 1841392
52 68 1841401
52 17 1841404
52 70 1841407
52 11 1841414
52 14 1841415
52 47 1841418
52 35 1841426
52 20 1841428
52 5 1841437
52 33 1841444
52 38 1841446
52 72 1841453
52 42 1841461
52 55 1841461
52 29 1841468
52 48 1841468
52 49 1841474
52 41 1841474
52 18 1841482
52 69 1841490
52 50 1841495
52 19 1841502
52 16 1841507
52 66 1841511
52 31 1841518
53 25 1841522
53 23 1841523
53 39 1841530
53 3 1841531
53 72 1841539
53 45 1841544
53 19 1841549
53 27 1841556
53 11 1841559
53 40 1841563
53 46 1841570
53 24 1841577
53 21 1841579
53 67 1841585
53 2 1841588
53 66 1841592
53 17 1841601
53 56 1841607
53 71 1841611
53 35 1841615
53 15 1841623
53 34 1841631
53 65 1841634
53 49 1841640
53 10 1841645
53 12 1841646
53 5 1841651
53 6 1841657
53 15 1841661
53 57 1841665
53 73 1841665
53 33 1841667
53 28 1841669
53 13 1841675
53 17 1841681
53 23 1841687
53 43 1841689
53 9 1841698
53 19 1841703
53 35 1841706
53 32 1841714
53 1 1841723
53 71 1841732
53 7 1841739
53 48 1841741
53 3 1841748
53 60 1841750
53 31 1841751
53 36 1841758
53 70 1841766
53 68 1841766
53 61 1841773
53 38 1841778
53 27 1841785
53 12 1841793
53 10 1841795
53 62 1841795
53 56 1841798
53 46 1841803
53 30 1841812
54 61 1841814
54 8 1841816
54 31 1841822
54 58 1841825
54 47 1841833
54 43 1841835
54 70 1841836
54 27 1841845
54 3 1841854
54 49 1841863
54 33 1841863
54 5 1841870
54 62 1841870
54 65 1841879
54 71 1841882
54 36 1841887
54 17 1841896
54 0 1841903
54 11 1841907
54 29 1841914
54 2 1841923
54 57 1841929
54 30 1841931
54 23 1841938
54 60 1841943
54 26 1841950
54 64 1841956
54 73 1841957
54 12 1841962
54 20 1841963
54 59 1841968
54 15 1841971
54 21 1841977
54 22 1841981
54 28 1841988
54 25 1841994
54 44 1841995
54 10 1841999
54 39 1842005
54 37 1842013
54 52 1842019
54 67 1842021
54 32 1842029
54 15 1842033
54 50 1842041
54 73 1842049
54 69 1842050
54 31 1842059
54 37 1842062
54 39 1842066
54 10 1842074
54 55 1842076
54 8 1842084
54 67 1842092
54 30 1842097
54 32 1842105
54 3 1842107
54 1 1842108
54 17 1842113
54 62 1842113
54 35 1842117
54 70 1842117
54 65 1842124
54 66 1842124
54 28 1842125
54 44 1842125
54 52 1842131
54 60 1842133
54 41 1842138
54 26 1842143
54 40 1842143
54 0 1842147
54 64 1842147
54 14 1842151
54 24 1842155
54 63 1842157
54 34 1842163
54 9 1842168
54 48 1842175
54 53 1842176
54 36 1842180
54 58 1842185
54 59 1842188
54 4 1842191
54 19 1842197
54 61 1842203
54 23 1842210
54 21 1842210
55 27 1842215
55 4 1842220
55 62 1842223
55 7 1842232
55 3 1842238
55 34 1842241
55 8 1842246
55 45 1842251
55 36 1842251
55 19 1842252
56 22 1842252
56 31 1842261
56 30 1842262
56 48 1842271
56 57 1842275
56 14 1842277
56 54 1842284
56 43 1842291
56 40 1842298
56 18 1842303
56 23 1842312
56 63 1842317
56 50 1842325
56 36 1842327
56 60 1842328
56 15 1842337
56 73 1842341
56 62 1842347
56 45 1842350
56 11 1842354
56 69 1842362
56 25 1842369
56 71 1842377
56 64 1842377
56 31 1842378
56 6 1842383
56 70 1842389
56 65 1842391
56 63 1842391
56 73 1842399
56 11 1842403
56 29 1842403
56 15 1842412
56 67 1842414
56 18 1842423
56 8 1842428
56 60 1842431
56 28 1842434
56 40 1842437
56 17 1842444
56 55 1842445
56 69 1842453
56 27 1842460
56 12 1842460
56 30 1842462
56 57 1842462
56 3 1842470
56 45 1842478
56 61 1842486
56 16 1842491
57 2 1842494
57 62 1842499
57 49 1842506
57 51 1842506
57 16 1842511
57 68 1842514
57 50 1842520
57 58 1842529
57 0 1842535
57 60 1842541
57 14 1842547
57 40 1842553
57 25 1842555
57 46 1842559
57 23 1842567
57 7 1842572
57 38 1842578
57 67 1842585
57 56 1842593
57 19 1842601
57 24 1842604
57 50 1842604
57 7 1842605
57 18 1842606
57 21 1842608
57 10 1842617
57 30 1842623
57 64 1842627
57 32 1842632
57 4 1842639
57 55 1842641
57 62 1842645
57 63 1842651
57 23 1842659
57 58 1842662
57 67 1842671
57 5 1842679
57 20 1842682
57 11 1842691
57 14 1842693
57 44 1842701
58 9 1842707
58 11 1842707
58 14 1842711
58 59 1842718
58 72 1842725
58 20 1842728
58 34 1842737
58 5 1842745
58 52 1842745
58 65 1842746
58 38 1842753
58 35 1842758
58 39 1842767
58 17 1842770
58 26 1842770
58 27 1842774
58 56 1842780
58 15 1842781
58 12 1842790
58 61 1842791
58 41 1842800
58 37 1842804
58 36 1842810
58 24 1842817
58 55 1842817
58 28 1842825
58 48 1842831
58 2 1842837
58 62 1842840
58 18 1842849
58 50 1842849
58 30 1842857
58 46 1842864
58 13 1842866
58 66 1842875
58 8 1842881
58 40 1842881
58 57 1842889
58 69 1842892
58 17 1842894
58 51 1842899
58 13 1842906
58 9 1842909
58 57 1842912
58 30 1842919
58 64 1842922
58 72 1842922
58 6 1842925
58 32 1842925
58 15 1842934
58 60 1842942
58 25 1842949
58 24 1842951
58 62 1842957
58 29 1842962
58 43 1842964
58 54 1842964
58 38 1842971
58 40 1842972
58 39 1842972
58 44 1842973
58 18 1842980
58 8 1842980
58 56 1842987
58 10 1842994
58 70 1842994
58 36 1843002
58 11 1843011
58 22 1843012
58 33 1843017
58 0 1843024
58 61 1843025
58 27 1843029
58 52 1843030
58 41 1843030
59 53 1843039
59 7 1843039
59 44 1843044
59 11 1843050
59 3 1843059
59 33 1843064
59 0 1843068
59 23 1843068
59 25 1843068
59 71 1843073
59 65 1843082
59 52 1843090
59 47 1843096
59 21 1843103
59 66 1843112
59 9 1843117
59 29 1843126
59 40 1843133
59 69 1843141
59 37 1843142
59 16 1843142
59 4 1843148
59 61 1843154
59 34 1843157
59 6 1843163
59 26 1843164
59 17 1843173
59 20 1843174
59 42 1843183
59 15 1843190
59 1 1843193
59 3 1843197
59 33 1843204
59 34 1843204
59 70 1843209
59 32 1843212
59 66 1843217
59 43 1843219
59 41 1843224
59 42 1843229
59 28 1843229
59 12 1843238
59 27 1843246
59 21 1843250
59 36 1843257
59 17 1843264
59 5 1843264
59 30 1843273
59 0 1843274
59 14 1843282
59 65 1843289
59 73 1843292
59 8 1843301
59 48 1843301
59 7 1843307
59 67 1843312
59 6 1843320
59 57 1843326
59 71 1843333
59 40 1843341
59 58 1843341
59 13 1843345
60 69 1843345
60 47 1843354
60 40 1843362
60 7 1843363
60 67 1843369
60 26 1843378
60 34 1843385
61 70 1843390
61 8 1843396
61 37 1843402
61 72 1843408
61 35 1843409
61 13 1843415
61 27 1843423
61 48 1843432
62 73 1843432
62 25 1843435
62 8 1843439
62 0 1843445
62 32 1843445
62 12 1843453
63 45 1843457
63 1 1843462
63 20 1843463
63 59 1843467
63 34 1843471
63 54 1843472
63 0 1843476
63 58 1843483
63 57 1843492
63 65 1843496
63 62 1843497
63 12 1843499
63 55 1843505
63 38 1843509
63 48 1843517
63 21 1843520
63 40 1843524
63 50 1843533
63 11 1843533
63 67 1843542
63 37 1843547
63 29 1843550
63 33 1843551
63 2 1843556
63 23 1843563
63 4 1843567
63 64 1843571
63 60 1843575
63 73 1843584
63 22 1843587
63 24 1843588
63 9 1843593
63 69 1843593
63 36 1843600
63 31 1843607
63 14 1843608
63 39 1843617
63 8 1843622
63 61 1843626
63 43 1843627
63 4 1843631
63 36 1843631
63 2 1843639
63 7 1843644
63 72 1843653
63 66 1843661
63 69 1843667
63 60 1843671
63 39 1843677
63 40 1843681
63 17 1843688
63 30 1843694
63 43 1843698
63 11 1843700
63 23 1843703
63 42 1843707
63 51 1843709
63 58 1843716
63 38 1843721
63 48 1843726
63 13 1843728
63 3 1843737
63 55 1843741
63 45 1843746
63 65 1843748
63 12 1843754
63 28 1843756
63 21 1843756
63 50 1843758
63 64 1843761
63 26 1843767
63 0 1843768
63 32 1843776
63 34 1843776
63 22 1843776
63 53 1843778
63 14 1843783
63 27 1843788
63 41 1843797
64 25 1843806
64 8 1843809
64 55 1843813
64 29 1843813
64 58 1843817
64 12 1843824
64 62 1843830
64 28 1843838
64 0 1843843
64 9 1843849
64 7 1843854
64 48 1843857
64 2 1843864
64 63 1843866
64 22 1843866
64 14 1843869
64 36 1843871
64 18 1843879
64 3 1843887
64 23 1843893
64 4 1843895
64 61 1843899
64 69 1843900
64 68 1843903
64 29 1843908
64 22 1843911
64 5 1843915
64 3 1843923
64 37 1843930
64 53 1843937
64 61 1843942
64 58 1843951
64 32 1843951
64 0 1843957
64 41 1843965
64 36 1843973
64 48 1843981
64 1 1843986
64 11 1843989
64 40 1843989
64 70 1843994
64 17 1844003
64 52 1844009
64 42 1844010
64 14 1844010
64 56 1844010
64 15 1844011
64 71 1844011
64 60 1844016
65 69 1844018
65 0 1844026
65 1 1844033
65 25 1844041
65 58 1844046
65 53 1844050
65 12 1844054
65 62 1844056
65 48 1844057
65 54 1844063
65 38 1844068
65 11 1844073
65 23 1844082
65 24 1844090
65 10 1844093
65 4 1844093
65 56 1844102
65 7 1844109
65 27 1844111
65 6 1844119
65 26 1844121
65 15 1844125
65 55 1844132
65 36 1844132
65 67 1844134
65 22 1844141
65 14 1844145
65 14 1844147
65 20 1844153
65 31 1844160
65 55 1844161
65 16 1844170
65 72 1844170
65 21 1844170
65 19 1844172
65 17 1844173
65 5 1844174
65 0 1844174
65 13 1844181
65 12 1844181
65 53 1844185
65 23 1844186
65 44 1844188
65 42 1844196
65 50 1844201
65 68 1844210
65 25 1844215
65 73 1844217
65 11 1844225
65 66 1844225
65 2 1844230
65 67 1844231
65 52 1844233
66 68 1844240
66 6 1844245
66 33 1844250
66 53 1844257
66 19 1844265
66 64 1844274
66 46 1844276
66 12 1844276
66 36 1844277
66 13 1844285
66 27 1844290
66 20 1844296
66 21 1844304
66 29 1844307
66 0 1844310
66 7 1844313
66 44 1844313
66 34 1844314
66 5 1844323
66 22 1844326
66 43 1844328
66 38 1844333
66 11 1844334
66 62 1844334
66 72 1844343
66 10 1844344
66 45 1844351
66 65 1844356
66 22 1844356
66 44 1844360
66 72 1844362
66 56 1844365
66 24 1844368
66 32 1844376
66 53 1844378
66 20 1844378
66 71 1844382
66 55 1844389
66 26 1844391
66 25 1844400
66 65 1844403
66 57 1844411
66 52 1844413
66 34 1844415
66 41 1844419
66 63 1844426
66 48 1844431
66 15 1844440
66 14 1844448
66 7 1844451
66 51 1844456
66 62 1844461
66 61 1844461
66 70 1844465
66 73 1844470
66 68 1844472
66 69 1844474
66 46 1844483
66 9 1844490
66 16 1844496
67 42 1844497
67 6 1844504
67 20 1844512
67 59 1844519
67 15 1844523
67 60 1844523
67 53 1844524
67 70 1844532
67 0 1844536
67 48 1844545
67 45 1844551
67 44 1844552
67 41 1844552
67 57 1844558
67 16 1844566
67 39 1844570
67 21 1844572
67 69 1844575
67 56 1844578
67 68 1844581
67 54 1844581
67 55 1844587
67 24 1844587
67 58 1844592
67 8 1844598
67 47 1844598
67 25 1844601
67 65 1844604
67 63 1844604
67 35 1844612
67 30 1844620
67 7 1844623
67 71 1844631
67 32 1844639
67 2 1844639
67 73 1844642
67 12 1844646
67 11 1844654
67 26 1844655
67 34 1844661
67 30 1844661
67 14 1844666
67 68 1844675
67 71 1844675
67 61 1844678
67 52 1844679
67 47 1844685
67 45 1844687
67 44 1844694
67 10 1844701
67 40 1844705
67 49 1844712
67 7 1844721
67 60 1844721
67 31 1844723
67 62 1844723
67 41 1844726
67 8 1844734
67 65 1844736
67 35 1844744
67 37 1844746
67 9 1844751
67 25 1844758
67 17 1844763
67 24 1844770
67 0 1844776
67 29 1844777
67 28 1844786
67 50 1844788
67 53 1844788
67 6 1844791
67 23 1844794
67 5 1844796
67 66 1844796
67 3 1844802
67 51 1844810
67 48 1844818
67 70 1844824
67 54 1844830
67 73 1844834
67 42 1844835
67 12 1844841
68 24 1844844
68 14 1844848
68 17 1844848
68 34 1844849
68 6 1844853
68 60 1844856
68 73 1844865
68 65 1844869
68 46 1844873
68 2 1844877
68 52 1844884
69 4 1844887
69 30 1844892
69 21 1844897
69 18 1844906
70 32 1844909
70 65 1844909
70 59 1844914
70 4 1844923
70 43 1844924
70 28 1844930
70 5 1844935
70 63 1844940
70 15 1844940
70 25 1844949
70 56 1844953
70 14 1844956
70 67 1844960
70 26 1844961
70 52 1844968
70 37 1844970
70 68 1844975
70 7 1844980
70 53 1844980
70 62 1844984
70 27 1844990
70 20 1844996
70 17 1844998
70 49 1845002
70 30 1845007
70 3 1845010
70 12 1845016
70 21 1845018
70 8 1845019
70 45 1845019
70 2 1845022
70 61 1845023
70 18 1845030
70 39 1845035
70 56 1845042
70 54 1845050
70 23 1845050
70 8 1845050
70 11 1845055
70 35 1845058
70 64 1845061
70 57 1845063
70 34 1845065
70 9 1845065
70 27 1845067
70 59 1845072
70 45 1845078
70 62 1845084
70 3 1845085
70 68 1845093
70 69 1845098
70 24 1845105
70 7 1845114
70 66 1845119
70 19 1845121
70 58 1845126
70 61 1845130
70 17 1845138
70 55 1845140
70 44 1845140
70 67 1845143
70 16 1845147
70 15 1845147
70 5 1845152
70 52 1845155
70 10 1845163
70 14 1845171
70 33 1845176
70 30 1845176
71 0 1845178
71 60 1845181
71 5 1845187
71 9 1845196
71 3 1845196
71 37 1845196
71 53 1845201
71 68 1845207
71 50 1845208
71 6 1845212
71 58 1845218
71 21 1845220
71 14 1845228
71 45 1845228
71 72 1845235
71 64 1845236
71 17 1845239
71 57 1845247
71 50 1845248
71 0 1845249
71 21 1845253
71 43 1845254
71 2 1845258
71 37 1845262
71 58 1845265
71 27 1845265
71 31 1845274
71 54 1845280
72 30 1845286
72 7 1845287
72 73 1845294
72 51 1845303
72 9 1845305
72 3 1845310
72 37 1845315
72 0 1845323
72 15 1845323
72 29 1845326
72 67 1845329
72 62 1845331
72 69 1845335
72 27 1845335
72 20 1845339
72 34 1845347
72 11 1845354
72 6 1845360
72 70 1845368
72 45 1845373
72 58 1845376
72 18 1845377
72 14 1845386
72 55 1845388
72 16 1845392
72 46 1845401
72 54 1845408
72 33 1845417
72 16 1845420
72 46 1845426
72 59 1845428
72 54 1845436
72 5 1845443
72 49 1845450
72 56 1845453
72 19 1845460
72 10 1845465
72 52 1845472
72 31 1845474
72 3 1845477
72 29 1845479
72 30 1845485
72 28 1845489
72 48 1845494
72 27 1845501
72 1 1845508
72 6 1845512
72 55 1845514
72 45 1845520
72 20 1845521
72 38 1845525
72 47 1845533
72 65 1845533
72 17 1845537
72 14 1845541
72 69 1845548
72 70 1845548
72 39 1845555
72 37 1845561
72 33 1845562
73 7 1845570
73 30 1845578
73 68 1845579
73 22 1845580
73 41 1845587
73 70 1845596
73 6 1845605
73 20 1845608
73 36 1845613
73 51 1845621
73 23 1845621
73 37 1845623
73 38 1845632
73 64 1845640
73 56 1845646
73 28 1845649
73 63 1845650
73 59 1845659
73 16 1845668
73 24 1845674
73 53 1845681
73 52 1845685
73 67 1845689
73 15 1845692
73 44 1845694
73 60 1845703
73 62 1845703
73 0 1845708
73 46 1845716
73 4 1845723
73 5 1845728
73 47 1845731
73 49 1845732
73 25 1845735
73 40 1845736
73 10 1845741
73 31 1845746
73 39 1845751
73 22 1845753
73 34 1845754
73 41 1845754
73 8 1845761
73 26 1845767
73 64 1845773
73 37 1845779
73 25 1845786
73 0 1845792
73 62 1845796
73 2 1845800
73 61 1845803
73 47 1845806
73 28 1845814
73 57 1845817
73 55 1845821
73 9 1845830
73 56 1845830
73 10 1845830
73 18 1845834
73 33 1845840
73 43 1845848
73 40 1845853
73 16 1845858
73 14 1845861
73 50 1845864
73 51 1845872
73 11 1845878
73 24 1845886
73 65 1845886
73 63 1845888
73 54 1845891
73 13 1845895
73 31 1845895
73 39 1845897
73 19 1845903
73 59 1845912
