78
true
0 32 2120278
0 14 2120286
0 1 2120288
0 31 2120293
0 17 2120295
0 53 2120303
0 20 2120303
0 51 2120312
0 71 2120315
0 23 2120316
0 75 2120324
0 7 2120329
0 15 2120329
0 39 2120330
0 60 2120330
0 35 2120334
0 68 2120340
0 43 2120341
0 52 2120341
0 55 2120344
0 25 2120350
0 26 2120350
0 29 2120357
0 48 2120366
0 76 2120369
0 38 2120376
0 42 2120377
0 34 2120385
0 57 2120391
0 16 2120392
0 70 2120393
0 56 2120402
0 61 2120406
0 28 2120407
0 35 2120416
0 75 2120417
0 3 2120423
0 36 2120432
0 24 2120441
0 4 2120442
0 76 2120447
0 10 2120449
0 26 2120453
0 42 2120454
0 64 2120458
0 56 2120465
0 9 2120472
0 7 2120477
0 27 2120483
0 14 2120487
0 68 2120493
0 19 2120493
0 6 2120500
0 21 2120504
0 31 2120512
0 23 2120514
0 57 2120518
0 50 2120520
0 69 2120521
0 48 2120526
1 10 2120534
1 55 2120540
1 30 2120540
1 45 2120542
1 51 2120544
1 61 2120548
1 13 2120553
1 22 2120556
1 75 2120563
1 24 2120572
1 11 2120577
1 64 2120581
1 13 2120586
1 42 2120595
1 22 2120601
1 36 2120607
1 51 2120607
1 74 2120615
1 66 2120615
1 47 2120619
1 58 2120619
1 2 2120622
1 10 2120631
1 39 2120632
2 0 2120638
2 71 2120645
2 72 2120649
2 73 2120654
2 25 2120661
2 77 2120662
2 76 2120670
2 21 2120670
2 32 2120679
2 41 2120687
2 39 2120687
2 34 2120688
2 15 2120690
2 67 2120693
2 51 2120698
2 11 2120698
2 20 2120703
2 47 2120708
2 75 2120708
2 69 2120716
2 17 2120724
2 18 2120724
2 23 2120729
2 53 2120738
2 45 2120741
2 62 2120742
2 59 2120746
2 7 2120746
2 1 2120754
2 55 2120756
2 50 2120763
2 33 2120772
2 58 2120773
2 38 2120782
2 6 2120783
2 74 2120788
2 28 2120797
2 4 2120797
2 63 2120801
2 44 2120806
2 24 2120814
2 13 2120823
2 58 2120831
2 30 2120833
2 20 2120834
2 63 2120838
2 24 2120847
2 6 2120848
2 29 2120849
2 56 2120858
2 75 2120867
2 77 2120868
2 44 2120874
2 25 2120877
2 5 2120880
2 26 2120881
2 61 2120890
2 15 2120899
2 36 2120902
2 39 2120902
2 59 2120905
2 46 2120913
2 0 2120920
2 69 2120923
2 53 2120925
2 60 2120929
2 41 2120935
2 68 2120937
2 55 2120943
2 35 2120944
2 18 2120946
2 43 2120952
2 28 2120953
2 8 2120955
2 72 2120964
2 57 2120967
2 76 2120975
2 31 2120975
2 33 2120982
2 54 2120990
2 65 2120998
2 23 2121007
2 67 2121008
3 0 2121009
3 5 2121014
3 70 2121023
3 35 2121031
3 59 2121032
3 77 2121038
3 22 2121046
3 64 2121052
3 74 2121056
3 9 2121058
3 16 2121062
3 26 2121066
3 38 2121073
3 41 2121077
3 21 2121079
3 19 2121087
3 47 2121095
3 36 2121096
3 53 2121098
3 2 2121099
3 13 2121105
3 50 2121106
3 72 2121110
3 51 2121114
3 17 2121123
3 62 2121124
3 6 2121126
3 27 2121132
3 28 2121133
3 14 2121138
3 39 2121143
3 69 2121149
3 46 2121154
3 73 2121158
3 49 2121163
3 66 2121167
3 58 2121172
3 57 2121174
3 42 2121180
3 34 2121182
3 67 2121183
3 43 2121185
3 15 2121191
3 56 2121193
3 65 2121200
3 20 2121205
3 11 2121211
3 51 2121219
3 12 2121219
3 42 2121227
3 71 2121230
3 47 2121237
3 13 2121238
3 54 2121245
3 17 2121245
3 10 2121250
3 4 2121252
3 66 2121256
3 75 2121262
3 59 2121262
3 53 2121265
3 1 2121268
3 14 2121274
3 60 2121275
3 58 2121283
3 27 2121283
3 21 2121287
3 52 2121291
3 50 2121291
3 70 2121299
3 30 2121304
3 72 2121306
3 26 2121307
3 33 2121316
3 19 2121317
3 35 2121321
3 18 2121329
3 22 2121338
3 23 2121347
3 57 2121350
3 15 2121353
3 68 2121356
3 31 2121358
3 39 2121362
3 34 2121370
3 64 2121371
3 0 2121380
3 37 2121384
3 8 2121387
3 2 2121388
3 56 2121397
3 36 2121399
3 28 2121400
3 63 2121409
4 19 2121417
4 23 2121420
4 69 2121420
4 70 2121422
4 60 2121424
4 0 2121424
4 71 2121426
4 30 2121434
4 73 2121436
4 15 2121445
4 62 2121449
4 39 2121450
4 17 2121450
4 5 2121458
4 48 2121466
4 68 2121466
4 43 2121466
4 74 2121473
4 38 2121478
4 45 2121483
4 66 2121490
4 21 2121491
4 72 2121497
4 2 2121502
4 50 2121502
4 28 2121505
4 14 2121509
4 76 2121511
4 11 2121518
4 35 2121522
4 52 2121531
4 65 2121540
4 64 2121543
4 1 2121547
4 3 2121556
4 26 2121559
4 61 2121567
4 42 2121571
4 53 2121580
4 29 2121585
4 41 2121588
4 34 2121594
4 20 2121596
4 16 2121596
4 24 2121605
4 59 2121606
4 12 2121608
4 31 2121613
4 57 2121622
4 75 2121626
4 54 2121628
4 28 2121637
4 53 2121639
4 63 2121648
4 32 2121648
4 37 2121649
4 36 2121655
4 49 2121655
4 30 2121663
4 13 2121666
4 70 2121671
4 3 2121680
4 14 2121688
4 71 2121690
4 74 2121690
4 16 2121692
4 34 2121692
4 66 2121695
4 39 2121704
4 76 2121704
4 67 2121708
4 25 2121715
4 47 2121716
4 1 2121722
4 51 2121728
4 73 2121728
4 20 2121735
4 72 2121742
4 56 2121749
4 26 2121757
4 18 2121759
4 6 2121766
4 38 2121769
4 15 2121770
4 43 2121774
4 77 2121783
4 5 2121786
4 2 2121786
4 59 2121794
5 2 2121795
5 45 2121801
5 1 2121803
5 7 2121812
5 40 2121820
5 20 2121820
5 35 2121826
6 10 2121830
6 63 2121832
6 45 2121832
6 34 2121835
6 5 2121843
6 59 2121851
6 55 2121852
6 2 2121861
6 50 2121870
6 13 2121876
6 35 2121879
6 25 2121880
6 9 2121889
6 42 2121890
6 15 2121893
6 49 2121894
6 51 2121903
6 53 2121905
6 61 2121907
6 76 2121912
6 67 2121916
6 75 2121924
6 56 2121930
6 46 2121931
6 71 2121935
6 69 2121938
6 30 2121946
6 32 2121948
6 37 2121949
6 38 2121949
6 64 2121954
6 14 2121954
6 21 2121957
6 66 2121958
6 63 2121960
6 58 2121961
6 50 2121966
6 5 2121968
6 9 2121968
6 61 2121968
6 38 2121975
6 56 2121982
6 53 2121991
6 62 2121993
6 3 2121994
6 0 2122002
6 7 2122002
6 48 2122006
6 14 2122015
6 30 2122024
6 39 2122028
6 51 2122030
6 59 2122034
6 34 2122036
6 17 2122038
6 68 2122040
6 36 2122045
6 1 2122051
6 33 2122058
6 32 2122066
6 57 2122070
6 41 2122077
6 12 2122081
6 4 2122089
6 72 2122098
6 47 2122098
6 77 2122105
6 73 2122111
6 67 2122119
6 44 2122128
6 42 2122128
6 19 2122128
7 72 2122136
7 10 2122138
8 68 2122144
8 31 2122153
8 48 2122161
8 65 2122161
8 63 2122167
8 29 2122174
8 38 2122178
8 60 2122182
8 64 2122190
8 40 2122193
8 37 2122201
8 27 2122207
8 74 2122215
8 0 2122221
8 66 2122223
8 28 2122225
8 62 2122233
8 39 2122237
8 4 2122242
8 30 2122243
8 59 2122243
8 75 2122244
8 11 2122249
8 24 2122254
8 21 2122261
8 3 2122263
8 77 2122265
8 26 2122271
8 16 2122278
8 70 2122286
8 50 2122288
8 14 2122293
8 26 2122293
8 50 2122298
8 21 2122300
8 76 2122307
8 29 2122315
8 74 2122318
8 0 2122324
8 49 2122326
8 11 2122326
8 12 2122327
8 9 2122335
8 25 2122342
8 56 2122349
8 60 2122358
8 51 2122363
8 57 2122366
8 45 2122372
8 35 2122380
8 42 2122388
8 66 2122394
8 20 2122398
8 32 2122403
8 64 2122410
8 55 2122412
8 46 2122414
8 52 2122419
8 65 2122428
8 6 2122437
9 62 2122437
9 44 2122440
9 46 2122449
9 5 2122451
9 59 2122455
9 76 2122463
9 37 2122471
9 54 2122475
9 28 2122479
9 61 2122487
9 25 2122491
9 45 2122499
9 68 2122508
9 30 2122517
9 23 2122519
9 41 2122524
9 65 2122524
9 38 2122525
9 4 2122532
9 35 2122533
9 16 2122541
9 53 2122550
9 70 2122559
9 20 2122568
9 3 2122572
9 11 2122572
9 42 2122575
9 29 2122579
9 40 2122579
9 32 2122585
9 52 2122591
9 58 2122600
9 74 2122600
9 27 2122600
9 43 2122605
9 12 2122614
9 57 2122623
9 55 2122631
9 31 2122634
9 11 2122637
9 43 2122645
9 66 2122648
9 33 2122651
9 63 2122656
9 34 2122657
9 1 2122657
9 59 2122660
9 28 2122666
9 22 2122673
9 24 2122680
9 54 2122686
9 4 2122695
9 64 2122702
9 29 2122708
9 15 2122709
9 65 2122710
9 20 2122710
9 52 2122718
9 8 2122719
9 6 2122723
9 58 2122732
9 48 2122741
9 7 2122745
9 17 2122749
9 50 2122750
9 49 2122755
9 35 2122757
9 14 2122757
9 32 2122758
9 51 2122758
10 26 2122766
10 68 2122770
10 27 2122777
10 55 2122781
10 25 2122784
10 18 2122785
10 74 2122785
10 72 2122787
10 3 2122794
10 38 2122795
10 53 2122799
10 30 2122808
10 9 2122815
10 65 2122816
10 7 2122818
10 41 2122820
10 43 2122820
10 75 2122829
10 49 2122829
10 58 2122836
10 72 2122839
10 21 2122843
10 53 2122844
10 17 2122851
11 73 2122855
11 24 2122856
11 1 2122862
11 6 2122869
11 57 2122877
11 5 2122877
11 34 2122881
11 9 2122886
11 28 2122890
11 31 2122898
11 25 2122907
11 41 2122907
11 40 2122910
11 58 2122913
11 35 2122918
11 29 2122919
11 56 2122924
11 15 2122930
11 48 2122936
11 54 2122939
11 43 2122947
11 2 2122950
11 10 2122951
11 66 2122960
11 59 2122966
11 20 2122969
11 74 2122971
11 44 2122976
11 3 2122981
11 4 2122987
11 71 2122991
11 22 2122991
11 7 2122997
11 64 2123001
11 47 2123008
11 60 2123010
11 26 2123010
11 61 2123013
11 48 2123013
11 59 2123016
11 13 2123016
11 6 2123025
11 17 2123027
11 20 2123031
11 2 2123031
11 39 2123035
11 5 2123040
11 61 2123046
11 51 2123047
11 68 2123054
11 49 2123054
11 44 2123055
11 50 2123057
11 67 2123062
11 0 2123069
11 18 2123078
11 31 2123087
11 69 2123092
11 60 2123097
11 12 2123098
11 38 2123107
11 53 2123114
11 19 2123122
11 76 2123123
11 1 2123131
11 34 2123133
11 36 2123136
11 75 2123143
11 24 2123149
11 42 2123151
11 4 2123158
11 9 2123160
11 47 2123161
11 52 2123168
11 23 2123175
11 33 2123176
11 74 2123176
11 30 2123185
12 57 2123189
12 36 2123189
12 25 2123193
12 62 2123201
12 49 2123205
12 39 2123208
12 59 2123209
12 24 2123217
12 34 2123218
12 7 2123227
12 64 2123227
12 19 2123230
12 63 2123232
12 23 2123240
12 27 2123244
12 6 2123253
12 26 2123259
12 10 2123263
12 20 2123270
12 46 2123272
12 66 2123281
12 50 2123282
12 1 2123282
12 35 2123289
12 40 2123291
12 5 2123292
12 28 2123301
12 48 2123306
12 76 2123306
12 11 2123312
12 68 2123316
12 15 2123320
12 0 2123329
12 55 2123335
12 56 2123341
12 2 2123348
12 3 2123355
12 13 2123359
12 70 2123360
12 41 2123360
12 27 2123362
12 56 2123362
12 44 2123370
12 38 2123377
12 28 2123377
12 51 2123385
12 48 2123393
12 69 2123400
12 37 2123409
12 4 2123412
12 59 2123421
12 66 2123425
12 49 2123433
12 0 2123437
12 67 2123438
12 45 2123439
12 33 2123441
12 55 2123445
12 62 2123452
12 17 2123458
12 7 2123463
12 18 2123463
12 57 2123470
12 23 2123479
12 50 2123483
12 30 2123491
12 42 2123496
12 19 2123504
12 8 2123505
12 3 2123509
12 40 2123516
12 13 2123524
12 77 2123533
12 74 2123534
12 76 2123537
12 9 2123541
12 29 2123547
12 72 2123548
12 10 2123552
13 34 2123554
13 50 2123556
13 52 2123561
13 6 2123568
13 37 2123573
13 55 2123577
13 74 2123577
13 16 2123582
13 76 2123591
13 32 2123593
13 0 2123601
13 41 2123603
13 2 2123611
13 5 2123615
13 54 2123616
13 20 2123617
13 47 2123617
13 3 2123623
13 73 2123625
13 33 2123632
13 30 2123632
13 14 2123637
13 4 2123642
13 35 2123642
13 11 2123647
13 71 2123655
13 72 2123663
13 77 2123666
13 56 2123670
13 23 2123679
13 59 2123685
13 70 2123687
13 25 2123689
13 64 2123690
13 60 2123696
13 8 2123698
13 48 2123704
13 69 2123708
13 52 2123713
13 64 2123716
13 75 2123717
13 60 2123722
13 7 2123729
13 57 2123737
13 43 2123738
13 68 2123741
13 2 2123745
13 23 2123747
13 77 2123748
13 16 2123754
13 47 2123757
13 30 2123765
13 27 2123772
13 10 2123775
13 22 2123777
13 8 2123786
13 37 2123794
13 72 2123802
13 70 2123809
13 15 2123810
13 14 2123815
13 55 2123815
13 61 2123819
13 71 2123828
13 12 2123837
13 54 2123841
13 9 2123844
13 42 2123845
13 21 2123852
13 34 2123852
13 38 2123857
13 40 2123866
13 35 2123868
13 5 2123875
13 48 2123877
13 65 2123884
14 27 2123884
14 63 2123888
14 37 2123895
14 12 2123895
14 0 2123901
14 55 2123906
14 60 2123913
14 57 2123914
14 65 2123915
14 4 2123924
14 35 2123929
14 33 2123936
14 19 2123940
14 40 2123944
14 73 2123950
14 28 2123959
14 38 2123964
14 54 2123972
14 49 2123978
14 26 2123982
14 23 2123985
14 11 2123992
14 9 2123992
14 72 2123997
14 6 2124000
14 13 2124009
14 74 2124016
14 50 2124023
14 77 2124032
14 36 2124032
14 8 2124035
14 43 2124040
14 29 2124044
14 30 2124051
14 21 2124055
14 41 2124055
14 70 2124055
14 71 2124060
14 23 2124060
14 53 2124061
14 72 2124069
14 55 2124071
14 25 2124072
14 49 2124074
14 50 2124075
14 19 2124077
14 71 2124082
14 77 2124086
14 61 2124093
14 41 2124100
14 54 2124109
14 63 2124115
14 10 2124118
14 1 2124125
14 56 2124127
14 47 2124132
14 37 2124136
14 6 2124142
14 22 2124143
14 62 2124150
14 17 2124157
14 70 2124165
14 48 2124173
14 69 2124177
14 24 2124177
14 76 2124181
14 8 2124186
14 39 2124187
14 5 2124192
14 0 2124196
14 66 2124196
14 51 2124200
14 28 2124209
14 31 2124212
14 64 2124218
14 44 2124224
14 13 2124229
14 9 2124230
14 60 2124238
14 68 2124241
15 11 2124246
15 37 2124255
15 71 2124263
15 77 2124266
15 23 2124273
15 16 2124278
15 32 2124287
15 26 2124289
15 64 2124295
15 75 2124304
15 67 2124305
15 36 2124310
15 9 2124310
15 1 2124313
15 24 2124317
15 4 2124322
15 42 2124328
15 33 2124334
15 46 2124340
15 54 2124349
15 49 2124350
16 40 2124351
16 54 2124359
16 65 2124368
16 33 2124370
16 39 2124378
16 13 2124378
16 4 2124379
16 76 2124383
16 1 2124391
17 43 2124395
17 39 2124403
17 48 2124410
17 50 2124417
17 42 2124424
17 63 2124433
17 35 2124438
18 1 2124444
18 41 2124446
18 44 2124446
18 65 2124450
18 54 2124451
18 55 2124452
18 63 2124458
18 37 2124461
18 50 2124466
18 58 2124472
19 2 2124474
19 13 2124480
19 11 2124486
19 27 2124488
19 51 2124497
19 47 2124506
19 28 2124514
19 58 2124514
19 66 2124517
19 38 2124518
19 77 2124523
19 43 2124532
19 42 2124535
19 45 2124541
19 53 2124550
19 44 2124556
19 70 2124561
19 49 2124561
19 12 2124570
19 7 2124574
19 1 2124583
19 20 2124588
19 34 2124594
19 74 2124600
19 59 2124608
19 75 2124616
19 23 2124623
19 54 2124628
19 57 2124632
19 64 2124641
19 63 2124649
19 3 2124652
19 50 2124653
19 4 2124655
19 6 2124658
19 45 2124663
19 53 2124672
19 39 2124673
19 73 2124678
19 70 2124683
19 8 2124684
19 71 2124689
19 21 2124697
19 0 2124701
19 31 2124701
19 38 2124708
19 43 2124712
19 24 2124721
19 68 2124729
19 52 2124729
19 35 2124738
19 63 2124740
19 7 2124744
19 56 2124751
19 25 2124756
19 69 2124758
19 11 2124764
19 33 2124766
19 40 2124774
19 66 2124778
20 2 2124780
20 56 2124785
20 76 2124789
20 34 2124798
20 42 2124800
20 32 2124803
20 47 2124804
20 33 2124808
20 64 2124809
20 35 2124814
20 57 2124817
20 40 2124817
20 11 2124822
20 3 2124826
20 55 2124834
20 59 2124839
20 8 2124841
20 66 2124845
20 49 2124846
20 48 2124855
20 50 2124864
20 60 2124871
20 1 2124877
20 39 2124885
20 77 2124889
20 10 2124889
20 6 2124897
20 36 2124897
20 37 2124903
20 5 2124912
20 23 2124920
20 63 2124923
20 12 2124932
20 52 2124935
20 22 2124940
20 68 2124945
20 19 2124949
20 21 2124950
20 13 2124955
20 15 2124961
20 31 2124964
20 69 2124972
20 43 2124975
20 4 2124979
20 45 2124988
20 28 2124994
20 74 2124997
20 54 2125006
20 53 2125008
20 40 2125009
20 59 2125009
20 34 2125009
20 69 2125017
20 52 2125024
20 24 2125032
20 51 2125034
20 16 2125039
20 11 2125045
20 30 2125045
20 6 2125049
20 60 2125057
20 1 2125063
20 55 2125071
20 58 2125072
20 43 2125075
20 45 2125076
20 64 2125078
20 21 2125084
20 22 2125090
20 8 2125092
20 57 2125101
20 77 2125110
20 41 2125115
20 46 2125120
20 63 2125124
20 49 2125126
20 18 2125131
20 12 2125133
20 2 2125140
20 44 2125142
20 47 2125146
20 50 2125151
20 66 2125151
20 19 2125155
20 7 2125156
20 3 2125162
20 73 2125168
20 13 2125173
20 4 2125176
20 54 2125185
20 67 2125193
20 70 2125200
20 9 2125205
20 37 2125206
20 48 2125212
21 44 2125213
21 15 2125218
21 30 2125218
21 28 2125219
21 62 2125222
21 39 2125229
21 18 2125236
21 16 2125237
21 59 2125245
21 47 2125254
21 53 2125261
21 42 2125266
21 45 2125271
21 72 2125273
21 49 2125273
21 52 2125278
21 10 2125286
21 31 2125294
21 51 2125300
21 25 2125303
21 43 2125305
21 70 2125307
21 36 2125311
21 75 2125319
21 11 2125319
21 13 2125319
21 69 2125324
21 1 2125324
21 63 2125326
21 7 2125332
21 47 2125340
21 66 2125343
21 32 2125350
21 12 2125352
21 6 2125352
21 0 2125352
21 27 2125358
21 76 2125361
21 52 2125366
21 75 2125370
21 44 2125370
21 23 2125371
21 57 2125378
21 22 2125378
21 35 2125381
21 60 2125388
21 18 2125393
21 64 2125399
21 1 2125403
21 74 2125405
21 11 2125409
21 10 2125409
21 72 2125416
21 13 2125422
21 8 2125431
21 65 2125434
21 67 2125441
23 70 2125442
23 55 2125447
23 65 2125451
23 64 2125452
23 42 2125455
23 31 2125461
23 26 2125465
23 72 2125474
23 34 2125482
23 56 2125489
23 27 2125497
23 6 2125503
23 49 2125503
23 53 2125507
23 21 2125510
23 51 2125516
23 58 2125521
23 74 2125528
23 59 2125536
23 3 2125545
23 18 2125551
23 19 2125557
23 25 2125562
23 5 2125566
23 30 2125569
23 52 2125573
23 77 2125582
23 67 2125588
23 55 2125596
23 11 2125599
23 42 2125607
23 22 2125609
23 60 2125615
23 1 2125617
23 27 2125617
23 62 2125621
23 7 2125630
23 46 2125631
23 72 2125633
23 40 2125642
23 14 2125648
23 25 2125653
23 39 2125662
23 31 2125664
23 18 2125667
23 68 2125674
23 53 2125679
23 6 2125680
23 48 2125684
23 49 2125692
23 45 2125701
23 61 2125702
23 19 2125709
23 21 2125712
23 9 2125712
24 9 2125716
24 61 2125725
24 48 2125726
24 54 2125733
24 23 2125735
24 67 2125735
24 13 2125735
24 2 2125743
24 33 2125752
24 14 2125752
24 0 2125753
24 75 2125762
24 36 2125767
24 20 2125773
24 32 2125773
24 69 2125779
24 64 2125786
24 39 2125787
24 30 2125793
24 60 2125798
24 62 2125801
24 19 2125806
24 25 2125815
24 43 2125817
24 21 2125820
24 8 2125820
24 51 2125821
24 53 2125827
24 26 2125830
24 65 2125836
24 46 2125841
24 4 2125843
24 51 2125850
24 52 2125850
24 47 2125853
24 29 2125855
24 16 2125856
24 73 2125863
24 28 2125868
24 32 2125869
24 59 2125878
24 58 2125885
24 66 2125888
24 17 2125897
24 40 2125903
24 49 2125910
24 36 2125917
24 22 2125918
24 18 2125921
24 38 2125923
24 13 2125932
24 71 2125934
24 70 2125935
24 44 2125940
24 64 2125944
24 11 2125944
24 50 2125944
24 55 2125946
24 10 2125951
24 74 2125955
24 25 2125959
24 72 2125966
25 42 2125971
25 53 2125978
25 37 2125986
25 34 2125987
25 48 2125989
25 22 2125991
25 74 2126000
25 49 2126002
25 36 2126007
25 57 2126016
25 55 2126019
25 5 2126027
25 59 2126032
25 11 2126034
25 69 2126036
25 61 2126042
25 0 2126043
25 38 2126048
25 56 2126048
25 77 2126048
25 19 2126048
25 3 2126057
25 20 2126065
25 45 2126068
25 52 2126070
25 24 2126079
25 12 2126086
25 40 2126090
25 41 2126095
25 64 2126100
25 63 2126102
25 32 2126111
25 10 2126111
25 67 2126116
25 51 2126116
25 28 2126121
25 2 2126130
25 75 2126134
25 15 2126139
25 38 2126144
25 61 2126151
25 65 2126151
25 54 2126157
25 34 2126160
25 24 2126164
25 47 2126172
25 18 2126180
25 33 2126185
25 43 2126186
25 45 2126191
25 6 2126196
25 8 2126202
25 28 2126211
25 66 2126215
25 56 2126220
25 71 2126227
25 22 2126231
25 32 2126240
25 46 2126246
25 57 2126248
25 76 2126257
25 51 2126257
25 16 2126261
25 11 2126261
25 12 2126269
25 40 2126276
25 9 2126279
25 73 2126286
25 17 2126292
25 39 2126300
25 7 2126305
25 36 2126308
25 77 2126313
25 42 2126322
26 30 2126331
26 4 2126339
26 25 2126342
26 33 2126348
26 35 2126348
26 37 2126352
26 54 2126352
26 34 2126353
26 61 2126360
26 50 2126366
26 77 2126375
26 19 2126377
26 73 2126378
26 38 2126386
26 48 2126393
26 18 2126402
26 31 2126403
26 32 2126403
26 44 2126407
26 69 2126407
26 43 2126415
26 8 2126416
26 3 2126421
26 41 2126427
26 71 2126431
26 51 2126437
26 75 2126446
26 11 2126447
26 57 2126455
26 36 2126460
26 42 2126466
26 14 2126469
26 48 2126475
26 35 2126481
26 38 2126486
26 39 2126495
26 54 2126500
26 0 2126502
26 45 2126505
26 42 2126507
26 56 2126514
26 30 2126516
26 58 2126516
26 63 2126521
26 7 2126526
26 59 2126527
26 52 2126536
26 8 2126545
26 55 2126554
26 22 2126559
26 76 2126561
26 71 2126566
26 18 2126566
26 47 2126566
26 74 2126570
26 5 2126575
26 25 2126583
26 72 2126587
26 65 2126594
26 20 2126599
26 28 2126606
26 40 2126607
26 49 2126608
27 7 2126615
27 1 2126624
27 29 2126625
27 71 2126629
27 73 2126635
27 64 2126639
27 39 2126641
27 53 2126643
27 38 2126644
27 61 2126649
27 51 2126655
27 77 2126659
27 21 2126668
27 58 2126675
27 49 2126682
27 28 2126682
27 32 2126687
27 69 2126693
27 20 2126702
27 54 2126710
27 3 2126716
27 9 2126718
27 60 2126718
27 70 2126720
27 76 2126728
27 18 2126731
27 63 2126734
27 31 2126736
27 2 2126742
27 48 2126745
27 52 2126753
27 35 2126761
27 72 2126762
27 5 2126771
27 42 2126774
27 25 2126774
27 23 2126779
27 26 2126780
27 34 2126786
27 68 2126795
27 50 2126799
27 13 2126804
27 62 2126811
27 37 2126813
27 8 2126820
27 41 2126826
27 59 2126827
27 0 2126829
27 45 2126838
27 52 2126840
27 73 2126840
27 44 2126849
27 37 2126849
27 10 2126853
27 36 2126861
27 35 2126870
27 9 2126879
27 6 2126886
27 4 2126891
27 61 2126898
27 25 2126907
27 49 2126913
27 30 2126915
27 50 2126923
27 26 2126930
27 63 2126930
27 23 2126937
27 60 2126944
27 74 2126947
27 53 2126954
27 16 2126958
27 38 2126962
27 68 2126965
27 62 2126967
27 76 2126973
27 8 2126975
27 28 2126975
27 69 2126981
27 67 2126987
27 12 2126990
27 19 2126991
27 29 2126997
27 32 2127001
27 70 2127001
27 15 2127005
27 41 2127005
27 48 2127005
27 34 2127010
27 71 2127010
27 24 2127015
27 3 2127020
27 77 2127029
27 1 2127037
28 58 2127046
28 5 2127055
28 26 2127064
28 57 2127066
28 34 2127075
29 76 2127078
29 68 2127082
29 48 2127087
29 26 2127088
29 25 2127090
29 1 2127092
29 32 2127097
29 58 2127098
29 28 2127105
29 37 2127113
29 62 2127113
29 39 2127117
29 54 2127122
29 34 2127129
29 53 2127137
29 2 2127146
29 5 2127146
29 13 2127151
29 38 2127158
29 31 2127160
29 25 2127160
29 19 2127167
29 41 2127174
29 14 2127178
29 27 2127187
30 33 2127196
30 55 2127203
30 2 2127212
30 0 2127219
30 52 2127220
30 5 2127225
30 64 2127226
30 3 2127231
30 16 2127239
30 4 2127247
30 61 2127254
30 51 2127256
30 34 2127256
30 15 2127263
30 27 2127267
30 10 2127270
31 27 2127271
31 13 2127276
31 16 2127284
31 32 2127292
32 7 2127293
32 53 2127293
32 27 2127295
32 34 2127301
32 77 2127305
32 68 2127308
32 30 2127309
32 44 2127318
32 57 2127325
32 17 2127327
32 26 2127331
32 22 2127336
32 72 2127340
32 5 2127348
32 10 2127357
32 51 2127365
32 50 2127373
32 20 2127376
32 62 2127382
32 37 2127382
32 12 2127391
32 45 2127391
32 11 2127391
32 18 2127398
32 9 2127403
32 1 2127404
32 33 2127407
32 0 2127412
32 38 2127418
32 19 2127419
32 66 2127419
32 70 2127420
32 25 2127424
32 47 2127433
32 47 2127439
32 58 2127445
32 67 2127454
32 66 2127459
32 29 2127459
32 69 2127460
32 62 2127460
32 0 2127463
32 60 2127469
32 40 2127470
32 3 2127475
32 56 2127478
32 23 2127483
32 42 2127489
32 1 2127492
32 46 2127500
32 10 2127503
32 76 2127511
32 30 2127511
32 48 2127519
32 8 2127521
32 54 2127528
32 74 2127531
32 12 2127535
32 7 2127543
32 57 2127545
32 16 2127548
32 22 2127550
32 34 2127556
32 50 2127558
32 25 2127564
32 70 2127573
32 9 2127582
32 36 2127586
32 51 2127592
33 10 2127592
33 54 2127593
33 23 2127601
33 28 2127604
33 42 2127611
33 29 2127617
33 69 2127618
33 7 2127619
33 15 2127625
33 26 2127626
33 67 2127628
33 59 2127634
33 17 2127639
33 0 2127642
33 56 2127644
33 4 2127650
33 8 2127650
33 62 2127653
33 20 2127658
33 2 2127667
33 44 2127672
33 16 2127681
33 76 2127681
33 9 2127684
33 77 2127684
33 14 2127688
33 64 2127690
33 63 2127692
33 68 2127692
33 52 2127701
33 49 2127706
33 53 2127712
33 75 2127712
33 41 2127712
33 73 2127721
33 51 2127721
33 3 2127730
33 43 2127738
33 46 2127741
33 45 2127750
33 38 2127759
33 73 2127766
33 10 2127773
33 56 2127776
33 71 2127779
33 2 2127782
33 28 2127783
33 55 2127790
33 9 2127792
33 51 2127794
33 69 2127802
33 52 2127803
33 61 2127812
33 32 2127812
33 53 2127818
33 25 2127818
33 64 2127818
33 62 2127823
33 3 2127832
33 26 2127838
33 60 2127838
33 7 2127845
33 41 2127849
33 17 2127853
33 70 2127854
33 58 2127859
33 39 2127861
33 14 2127869
33 34 2127872
33 57 2127878
33 29 2127878
33 18 2127883
33 54 2127892
33 44 2127899
33 65 2127900
33 13 2127903
33 50 2127911
33 63 2127916
33 16 2127922
33 1 2127931
33 15 2127936
33 68 2127943
33 45 2127950
33 11 2127957
33 23 2127957
33 27 2127958
34 48 2127964
34 50 2127965
34 13 2127968
34 75 2127975
34 59 2127982
34 60 2127989
34 25 2127990
34 10 2127991
34 26 2127994
34 62 2128000
34 57 2128009
34 23 2128018
34 74 2128027
34 17 2128028
34 3 2128030
34 47 2128039
34 77 2128046
34 4 2128046
34 64 2128053
34 63 2128054
34 55 2128055
34 19 2128062
34 76 2128068
34 7 2128077
34 31 2128077
34 27 2128081
34 45 2128090
34 31 2128090
34 47 2128094
34 42 2128097
34 55 2128097
34 11 2128097
34 15 2128104
34 0 2128104
34 33 2128105
34 63 2128114
34 17 2128119
34 24 2128122
34 30 2128128
34 16 2128130
34 6 2128130
34 67 2128135
34 53 2128136
34 52 2128144
34 44 2128147
34 40 2128147
34 60 2128152
34 12 2128157
34 13 2128159
34 2 2128165
34 20 2128172
34 77 2128179
34 72 2128183
34 50 2128183
34 56 2128185
34 26 2128191
34 14 2128197
35 59 2128206
35 5 2128213
35 20 2128218
35 1 2128223
35 52 2128224
35 15 2128224
35 51 2128229
35 25 2128230
35 27 2128239
35 45 2128241
35 14 2128245
35 28 2128254
35 64 2128256
35 69 2128264
35 54 2128270
35 9 2128277
35 21 2128286
35 29 2128290
35 60 2128290
35 62 2128293
35 34 2128297
35 57 2128298
35 19 2128303
35 67 2128306
35 77 2128314
35 70 2128319
35 50 2128328
35 13 2128329
35 75 2128338
35 47 2128346
35 3 2128349
35 76 2128356
35 61 2128359
35 17 2128366
35 39 2128375
35 37 2128376
35 74 2128376
35 68 2128378
35 39 2128384
35 50 2128390
35 9 2128396
35 15 2128396
35 66 2128396
35 6 2128396
35 42 2128401
35 3 2128408
35 60 2128410
35 48 2128411
35 31 2128419
35 5 2128424
35 55 2128426
35 63 2128432
35 33 2128434
35 18 2128434
35 76 2128439
35 56 2128440
35 54 2128442
35 37 2128449
35 62 2128452
35 21 2128454
35 10 2128462
35 12 2128469
35 74 2128474
35 30 2128482
35 45 2128486
35 73 2128491
35 51 2128499
35 68 2128501
35 52 2128509
35 8 2128517
36 55 2128526
36 15 2128532
36 34 2128541
36 8 2128545
36 57 2128547
36 14 2128548
36 53 2128551
36 6 2128551
36 68 2128559
36 52 2128564
36 46 2128565
36 39 2128565
36 43 2128573
36 19 2128573
36 1 2128575
36 23 2128575
36 67 2128579
36 17 2128588
36 50 2128589
36 22 2128592
36 27 2128593
36 64 2128593
36 66 2128600
36 60 2128602
36 41 2128609
36 7 2128610
36 18 2128611
36 47 2128614
36 74 2128618
36 29 2128621
36 62 2128623
36 56 2128624
36 28 2128630
36 37 2128636
36 26 2128636
36 25 2128636
36 0 2128643
36 2 2128647
36 21 2128648
36 49 2128654
36 65 2128662
36 12 2128668
36 59 2128676
36 31 2128683
36 71 2128683
36 75 2128683
36 50 2128688
36 21 2128691
36 46 2128695
36 43 2128702
36 6 2128704
36 27 2128704
36 23 2128709
36 25 2128714
36 17 2128714
36 5 2128722
36 67 2128730
36 48 2128738
36 8 2128746
36 54 2128748
36 70 2128750
36 3 2128756
36 0 2128756
36 40 2128763
36 76 2128771
36 69 2128777
36 12 2128784
36 73 2128789
36 63 2128789
36 37 2128796
36 14 2128799
36 51 2128805
36 24 2128813
36 33 2128815
36 61 2128819
36 65 2128826
36 68 2128829
36 16 2128837
36 28 2128842
36 10 2128849
36 1 2128858
36 38 2128859
37 67 2128867
37 29 2128873
37 40 2128874
37 2 2128883
37 39 2128890
37 3 2128899
37 28 2128904
37 38 2128908
37 62 2128909
37 77 2128917
37 54 2128923
37 10 2128929
37 57 2128937
37 5 2128937
37 63 2128945
37 34 2128947
37 24 2128947
37 20 2128954
37 60 2128963
37 49 2128966
37 16 2128975
37 72 2128982
37 71 2128991
37 67 2128993
37 6 2128997
37 74 2128999
37 41 2129001
37 58 2129001
37 3 2129002
37 11 2129005
37 28 2129006
37 75 2129013
37 22 2129015
37 0 2129022
37 29 2129024
37 43 2129026
37 34 2129030
37 5 2129039
37 53 2129042
37 51 2129043
37 17 2129050
37 77 2129057
37 40 2129062
37 35 2129065
37 46 2129071
37 36 2129072
37 59 2129074
37 24 2129074
37 42 2129078
37 31 2129085
37 64 2129089
38 21 2129097
38 54 2129104
38 48 2129109
38 16 2129114
38 25 2129119
39 65 2129119
39 60 2129127
39 47 2129127
39 44 2129129
39 66 2129129
39 18 2129131
39 70 2129137
39 23 2129142
39 7 2129149
39 46 2129155
39 29 2129164
39 32 2129168
39 5 2129172
39 2 2129174
39 35 2129175
39 45 2129181
39 55 2129185
39 42 2129190
39 74 2129198
39 49 2129199
39 4 2129200
39 25 2129202
39 59 2129208
39 11 2129211
39 10 2129219
39 62 2129219
39 76 2129228
39 2 2129228
39 38 2129233
39 23 2129236
39 37 2129243
39 67 2129246
39 21 2129246
39 20 2129247
39 52 2129249
39 34 2129254
39 27 2129263
39 59 2129271
39 69 2129278
39 33 2129278
39 51 2129284
39 56 2129289
39 1 2129297
40 20 2129301
40 29 2129301
40 25 2129308
40 24 2129308
40 32 2129308
40 31 2129312
40 26 2129314
40 10 2129315
40 46 2129316
40 77 2129325
40 42 2129326
41 25 2129331
41 54 2129334
41 60 2129336
41 39 2129343
41 2 2129343
41 35 2129351
41 61 2129354
41 24 2129355
41 7 2129358
41 59 2129363
41 13 2129366
41 69 2129374
41 0 2129382
41 43 2129383
41 8 2129383
41 13 2129387
41 24 2129394
41 71 2129403
41 14 2129404
41 12 2129410
41 72 2129413
41 44 2129414
41 56 2129414
41 46 2129420
41 66 2129425
41 51 2129433
41 27 2129438
41 9 2129444
42 18 2129450
42 61 2129455
42 7 2129457
42 35 2129461
42 6 2129463
42 24 2129469
42 68 2129476
42 21 2129481
42 23 2129484
42 13 2129484
42 40 2129484
42 64 2129492
42 16 2129493
42 34 2129501
42 53 2129506
42 30 2129512
42 57 2129516
42 72 2129516
42 62 2129522
42 40 2129527
42 13 2129536
42 58 2129539
42 32 2129547
42 0 2129554
42 73 2129561
42 1 2129567
42 4 2129574
42 74 2129579
42 60 2129587
42 66 2129587
42 10 2129596
42 28 2129603
42 9 2129610
43 0 2129612
44 24 2129614
44 72 2129619
44 58 2129622
44 51 2129625
44 20 2129631
44 48 2129635
44 19 2129635
44 70 2129635
44 76 2129637
44 14 2129642
44 32 2129651
45 69 2129657
45 43 2129662
45 28 2129668
45 31 2129674
45 66 2129675
45 59 2129678
45 14 2129687
45 34 2129694
45 26 2129694
45 5 2129694
45 6 2129699
45 20 2129702
45 62 2129705
45 44 2129707
45 35 2129707
45 49 2129714
45 18 2129718
45 36 2129726
45 24 2129733
45 30 2129742
45 25 2129743
45 0 2129744
45 54 2129745
45 73 2129750
45 7 2129753
45 56 2129753
45 42 2129761
45 61 2129764
45 64 2129766
45 43 2129770
45 47 2129778
45 64 2129786
45 32 2129790
45 51 2129794
45 63 2129801
45 21 2129802
45 59 2129802
45 7 2129802
45 25 2129804
45 34 2129813
45 44 2129819
45 71 2129820
45 50 2129824
45 22 2129825
45 55 2129828
45 23 2129834
45 9 2129839
45 77 2129845
45 39 2129850
45 57 2129858
45 42 2129863
45 19 2129870
45 3 2129879
45 14 2129882
45 46 2129891
45 60 2129895
45 76 2129904
45 33 2129911
45 56 2129916
45 11 2129922
45 18 2129931
46 8 2129936
46 9 2129937
46 4 2129940
46 58 2129943
46 15 2129945
46 11 2129953
46 65 2129953
46 33 2129961
46 31 2129964
46 63 2129973
46 74 2129975
47 2 2129984
47 20 2129990
47 19 2129991
47 55 2129992
47 75 2130000
47 67 2130006
47 66 2130012
47 60 2130020
47 61 2130023
48 49 2130029
48 33 2130035
48 58 2130038
48 25 2130039
48 16 2130046
48 40 2130047
48 51 2130052
48 23 2130056
48 11 2130060
48 27 2130068
48 37 2130077
48 7 2130084
48 77 2130091
48 21 2130094
48 64 2130098
48 39 2130105
48 74 2130109
48 45 2130116
48 9 2130122
48 76 2130124
48 41 2130130
48 57 2130131
48 2 2130138
48 19 2130142
48 14 2130145
49 25 2130150
49 40 2130150
50 61 2130154
50 35 2130162
50 27 2130162
50 62 2130169
50 66 2130176
50 37 2130180
50 16 2130189
50 0 2130193
50 20 2130196
50 30 2130197
50 14 2130205
50 69 2130212
50 47 2130214
50 5 2130219
50 6 2130225
50 9 2130234
50 4 2130236
50 12 2130243
50 64 2130251
50 56 2130258
50 36 2130260
50 64 2130264
50 27 2130268
50 1 2130277
50 6 2130286
50 71 2130288
50 3 2130288
50 13 2130292
50 20 2130296
50 22 2130296
50 62 2130297
50 18 2130306
50 46 2130308
50 32 2130310
50 12 2130315
50 16 2130322
50 69 2130325
50 25 2130327
51 59 2130329
51 16 2130334
51 45 2130334
51 42 2130334
51 48 2130336
51 68 2130339
51 22 2130342
51 71 2130345
51 17 2130354
51 73 2130361
51 31 2130367
51 54 2130376
51 0 2130377
51 33 2130385
51 29 2130394
51 23 2130402
51 70 2130411
51 38 2130415
51 60 2130421
51 25 2130426
51 0 2130430
51 72 2130433
51 69 2130435
51 17 2130441
51 54 2130446
51 47 2130451
51 76 2130457
51 15 2130464
51 8 2130473
51 6 2130480
51 3 2130482
51 33 2130490
51 37 2130493
51 36 2130496
51 58 2130499
51 64 2130500
51 50 2130507
51 71 2130511
52 38 2130517
52 7 2130521
52 71 2130530
52 77 2130531
52 75 2130535
52 76 2130541
52 56 2130544
52 13 2130545
52 50 2130548
52 6 2130554
52 19 2130556
52 49 2130558
52 74 2130561
52 3 2130565
52 70 2130572
52 59 2130577
52 30 2130579
52 35 2130588
52 32 2130596
52 51 2130599
52 64 2130606
52 65 2130611
52 12 2130613
52 8 2130613
52 42 2130619
52 18 2130620
52 27 2130628
52 9 2130636
52 14 2130643
52 73 2130647
52 4 2130651
52 44 2130654
52 57 2130657
52 33 2130661
52 26 2130667
52 66 2130669
52 37 2130670
52 5 2130672
52 21 2130681
52 63 2130689
52 46 2130698
52 67 2130701
52 15 2130705
52 36 2130713
52 69 2130717
52 26 2130725
52 60 2130725
52 2 2130733
52 29 2130736
52 49 2130738
52 8 2130739
52 41 2130742
52 65 2130746
52 75 2130755
52 35 2130760
52 34 2130762
52 18 2130769
52 21 2130769
52 37 2130772
52 13 2130773
52 51 2130774
52 72 2130778
52 63 2130778
52 71 2130779
52 11 2130779
52 64 2130783
52 10 2130792
52 74 2130798
52 44 2130806
52 30 2130814
52 57 2130819
52 53 2130828
52 67 2130836
52 33 2130844
52 43 2130845
52 58 2130852
52 4 2130861
52 59 2130865
52 54 2130868
52 62 2130870
52 61 2130877
53 22 2130882
53 12 2130887
53 70 2130892
53 6 2130894
53 71 2130897
53 75 2130902
53 54 2130907
53 9 2130910
53 1 2130917
53 49 2130922
53 58 2130928
53 62 2130934
53 34 2130941
53 47 2130945
53 16 2130949
53 26 2130952
53 0 2130956
53 7 2130965
53 8 2130968
53 57 2130973
53 40 2130975
53 33 2130982
53 31 2130983
53 76 2130991
53 32 2130993
53 29 2131001
53 41 2131002
53 38 2131007
53 13 2131011
53 67 2131020
53 69 2131021
53 17 2131026
53 42 2131030
53 5 2131037
53 68 2131043
53 51 2131044
53 77 2131045
53 11 2131051
53 45 2131060
53 19 2131062
53 64 2131062
53 36 2131067
53 44 2131073
53 63 2131073
53 50 2131073
53 61 2131082
53 60 2131082
53 21 2131090
53 39 2131098
53 65 2131106
53 11 2131106
53 57 2131109
53 54 2131110
53 41 2131117
53 46 2131122
53 24 2131123
53 25 2131127
53 13 2131135
53 52 2131137
53 7 2131141
53 9 2131146
53 35 2131147
53 67 2131152
53 68 2131157
53 30 2131159
53 44 2131167
53 27 2131176
53 40 2131176
53 75 2131185
53 22 2131188
53 76 2131188
53 38 2131194
53 45 2131194
53 3 2131194
53 31 2131202
53 43 2131211
53 29 2131212
53 0 2131219
53 23 2131222
53 73 2131229
53 49 2131233
53 71 2131234
53 10 2131240
53 37 2131246
53 33 2131250
53 64 2131257
53 36 2131261
53 1 2131262
53 47 2131269
53 60 2131278
53 62 2131286
53 51 2131293
54 34 2131294
54 31 2131298
54 26 2131307
54 45 2131315
54 53 2131317
54 29 2131320
54 64 2131325
54 68 2131334
54 56 2131339
54 4 2131344
54 62 2131347
54 40 2131354
54 13 2131362
54 25 2131362
54 58 2131366
54 59 2131372
54 3 2131374
54 52 2131378
54 23 2131379
54 12 2131388
54 42 2131389
54 20 2131397
54 38 2131397
54 44 2131402
54 60 2131402
54 0 2131411
54 16 2131417
54 35 2131419
54 17 2131426
54 66 2131433
54 47 2131436
54 2 2131444
54 5 2131444
54 65 2131447
54 32 2131447
54 26 2131453
54 69 2131454
54 49 2131457
54 3 2131458
54 76 2131460
54 7 2131461
54 4 2131465
54 59 2131474
54 21 2131483
54 51 2131484
54 11 2131485
54 6 2131487
54 32 2131488
54 47 2131490
54 25 2131497
54 9 2131500
54 66 2131500
54 67 2131506
54 17 2131508
54 33 2131514
54 37 2131516
54 60 2131519
54 22 2131523
54 15 2131524
54 5 2131526
54 1 2131535
54 14 2131539
54 48 2131540
54 46 2131540
54 62 2131542
54 65 2131551
54 20 2131558
54 2 2131560
54 35 2131569
54 68 2131573
54 75 2131573
54 13 2131575
54 74 2131580
55 43 2131588
55 7 2131591
55 36 2131600
55 51 2131604
55 11 2131609
55 33 2131615
55 30 2131616
55 19 2131619
55 45 2131624
55 8 2131626
56 45 2131632
56 48 2131639
56 20 2131643
56 36 2131648
56 5 2131652
56 29 2131654
56 15 2131655
56 32 2131663
56 64 2131670
56 16 2131675
56 42 2131675
56 62 2131684
56 30 2131690
56 6 2131694
56 61 2131701
56 74 2131708
56 40 2131715
56 33 2131715
56 76 2131716
56 39 2131724
56 24 2131732
56 43 2131732
56 60 2131738
56 55 2131738
56 73 2131745
56 22 2131754
56 8 2131758
56 65 2131762
56 27 2131770
56 58 2131772
56 21 2131780
56 51 2131789
56 77 2131791
56 4 2131800
56 24 2131802
56 21 2131810
56 46 2131813
56 18 2131813
56 57 2131822
56 1 2131831
56 30 2131831
56 64 2131833
56 2 2131833
56 67 2131833
56 6 2131833
56 44 2131838
56 13 2131839
56 61 2131842
56 35 2131850
56 42 2131858
56 76 2131861
56 50 2131869
56 60 2131875
56 3 2131880
56 52 2131883
56 45 2131889
56 48 2131896
56 70 2131896
56 47 2131898
56 31 2131902
56 41 2131908
57 26 2131914
57 13 2131918
57 77 2131920
57 73 2131921
57 38 2131928
57 21 2131931
57 64 2131940
57 45 2131949
57 52 2131950
57 29 2131955
57 67 2131955
57 12 2131962
57 70 2131962
57 54 2131967
57 9 2131972
57 36 2131972
57 74 2131973
57 34 2131981
57 26 2131981
57 3 2131988
57 31 2131997
57 68 2132000
57 48 2132006
57 60 2132011
57 52 2132017
57 35 2132024
57 59 2132024
57 44 2132026
57 30 2132029
57 11 2132036
57 1 2132045
57 46 2132048
57 75 2132057
58 4 2132059
58 68 2132061
58 46 2132064
58 62 2132070
58 0 2132078
58 60 2132086
58 21 2132087
58 72 2132095
58 11 2132101
58 42 2132109
58 8 2132116
58 9 2132119
58 64 2132126
58 27 2132126
58 38 2132130
58 23 2132130
58 34 2132135
58 49 2132140
58 25 2132145
58 5 2132150
58 55 2132158
58 56 2132167
58 20 2132176
58 28 2132180
58 75 2132182
58 16 2132189
58 10 2132197
58 40 2132200
58 65 2132206
58 19 2132214
58 54 2132217
58 73 2132224
58 26 2132232
58 15 2132234
58 1 2132242
58 29 2132245
58 41 2132250
58 50 2132253
58 39 2132259
58 37 2132263
58 18 2132269
58 44 2132274
58 77 2132278
58 34 2132279
58 10 2132282
58 54 2132291
58 16 2132294
58 69 2132298
58 63 2132300
58 23 2132302
58 21 2132304
58 24 2132313
58 36 2132320
58 37 2132325
58 67 2132325
58 45 2132331
58 46 2132338
58 27 2132345
58 41 2132346
58 6 2132355
58 1 2132360
58 17 2132368
58 26 2132373
58 38 2132377
58 0 2132386
58 5 2132393
58 32 2132397
58 60 2132402
58 50 2132410
58 68 2132410
58 73 2132415
58 39 2132421
58 11 2132427
58 57 2132428
58 43 2132428
58 4 2132435
58 13 2132435
58 75 2132444
58 35 2132448
58 52 2132457
58 62 2132460
58 2 2132463
58 42 2132463
58 33 2132464
59 12 2132468
59 6 2132469
59 65 2132473
59 76 2132477
59 2 2132482
59 69 2132491
59 26 2132500
59 30 2132504
59 46 2132512
59 72 2132517
59 61 2132524
59 52 2132525
59 37 2132531
59 41 2132535
59 77 2132539
59 22 2132539
59 56 2132540
59 28 2132546
59 57 2132554
59 18 2132562
59 48 2132563
59 64 2132570
59 9 2132570
59 11 2132572
59 3 2132580
59 60 2132588
59 73 2132589
59 5 2132590
59 17 2132590
59 66 2132598
59 75 2132600
59 23 2132606
59 14 2132609
59 35 2132613
59 25 2132622
59 54 2132631
59 2 2132638
59 31 2132638
59 72 2132647
59 28 2132651
59 77 2132659
59 5 2132668
59 58 2132668
59 7 2132668
59 30 2132672
59 66 2132677
59 26 2132682
59 6 2132691
59 15 2132698
59 75 2132699
59 70 2132706
59 24 2132713
59 27 2132722
59 20 2132729
59 36 2132737
59 63 2132740
59 1 2132743
59 42 2132752
59 67 2132754
59 61 2132759
59 16 2132763
59 64 2132769
59 21 2132772
59 4 2132774
59 74 2132780
59 76 2132789
59 35 2132798
59 62 2132802
59 57 2132803
60 40 2132804
60 46 2132806
60 50 2132815
60 41 2132816
60 63 2132823
60 47 2132828
60 51 2132836
60 67 2132841
60 75 2132847
60 65 2132850
61 3 2132852
61 26 2132852
61 17 2132860
61 74 2132862
61 33 2132869
61 5 2132878
61 51 2132883
61 20 2132883
61 44 2132884
61 56 2132889
61 18 2132890
61 67 2132890
61 48 2132899
61 50 2132907
61 66 2132913
61 21 2132913
61 55 2132919
61 8 2132928
61 30 2132934
61 6 2132937
61 53 2132946
61 36 2132949
61 25 2132953
61 10 2132962
61 43 2132967
61 60 2132972
61 47 2132975
61 72 2132983
61 77 2132992
61 35 2132992
61 24 2133000
61 16 2133005
61 19 2133011
61 65 2133012
61 10 2133020
61 7 2133028
61 71 2133036
61 77 2133037
61 36 2133041
61 58 2133046
61 62 2133054
61 23 2133060
61 29 2133067
61 13 2133075
61 63 2133078
61 30 2133078
61 1 2133083
61 67 2133083
61 55 2133084
61 12 2133085
61 50 2133092
61 47 2133092
61 24 2133099
61 44 2133101
61 56 2133102
61 2 2133110
61 6 2133117
61 15 2133122
61 54 2133123
61 21 2133129
61 3 2133133
61 70 2133137
61 11 2133140
61 17 2133141
61 68 2133141
61 72 2133145
62 66 2133152
62 48 2133154
62 50 2133157
62 54 2133162
62 41 2133166
62 59 2133170
62 2 2133173
62 36 2133176
62 51 2133183
62 53 2133183
62 21 2133187
62 58 2133190
62 28 2133190
62 74 2133199
62 18 2133206
62 68 2133213
62 65 2133217
62 60 2133222
62 32 2133230
62 61 2133234
62 73 2133240
62 67 2133246
62 22 2133247
62 64 2133254
62 49 2133255
62 39 2133263
62 43 2133272
62 37 2133275
62 6 2133284
62 42 2133285
62 45 2133287
62 40 2133292
62 46 2133301
62 27 2133303
62 19 2133311
62 11 2133312
62 75 2133316
62 7 2133319
62 12 2133327
62 76 2133332
62 25 2133341
62 35 2133349
62 70 2133350
62 8 2133351
62 24 2133360
62 17 2133369
62 38 2133373
62 75 2133375
62 4 2133376
62 1 2133380
62 0 2133388
62 60 2133389
62 42 2133397
62 68 2133398
62 34 2133407
62 31 2133416
62 19 2133416
62 48 2133421
62 58 2133429
62 56 2133431
62 25 2133434
62 13 2133436
62 11 2133444
62 64 2133446
62 61 2133450
62 24 2133459
62 52 2133459
62 45 2133468
62 76 2133468
62 27 2133476
62 37 2133484
62 29 2133492
62 46 2133495
62 69 2133500
62 32 2133507
62 10 2133514
62 72 2133516
62 28 2133524
62 74 2133527
62 55 2133528
62 63 2133528
62 50 2133536
62 26 2133539
62 2 2133548
62 66 2133554
62 7 2133556
62 18 2133560
62 43 2133564
62 65 2133567
62 3 2133567
62 73 2133571
62 39 2133573
62 23 2133582
62 5 2133590
62 53 2133595
62 51 2133596
62 21 2133603
63 68 2133604
63 26 2133610
63 58 2133619
63 29 2133624
63 11 2133629
63 27 2133636
63 34 2133637
63 60 2133638
63 28 2133639
63 12 2133645
63 67 2133646
63 2 2133652
63 4 2133661
63 25 2133667
63 40 2133668
63 19 2133676
63 77 2133676
63 69 2133677
63 30 2133685
63 65 2133694
63 22 2133698
63 5 2133704
63 7 2133713
63 37 2133720
63 59 2133727
63 39 2133736
63 29 2133736
63 4 2133742
63 22 2133744
63 54 2133753
63 5 2133756
63 72 2133759
63 7 2133766
63 32 2133767
63 3 2133770
63 65 2133777
63 44 2133777
63 6 2133786
63 59 2133793
63 45 2133801
63 12 2133808
63 34 2133816
63 30 2133817
63 71 2133825
63 8 2133829
63 51 2133835
63 11 2133838
63 37 2133846
63 50 2133849
63 36 2133857
64 51 2133864
64 69 2133866
64 55 2133868
64 12 2133873
64 65 2133877
64 72 2133884
64 76 2133893
64 35 2133898
64 61 2133899
64 57 2133900
64 52 2133908
64 37 2133913
64 19 2133918
64 53 2133921
64 32 2133925
64 10 2133932
64 77 2133934
64 15 2133940
64 9 2133943
64 62 2133947
64 59 2133956
64 24 2133964
64 68 2133969
64 50 2133974
64 6 2133983
64 4 2133984
64 73 2133989
64 26 2133997
64 71 2134000
64 23 2134006
64 63 2134006
64 8 2134011
64 13 2134018
64 40 2134027
64 60 2134032
64 74 2134033
64 16 2134034
64 36 2134034
64 54 2134041
64 31 2134047
64 34 2134056
64 47 2134065
64 75 2134074
64 28 2134075
64 2 2134076
64 43 2134083
64 33 2134084
64 38 2134091
64 22 2134097
64 60 2134106
64 49 2134106
64 75 2134110
64 35 2134117
64 52 2134125
64 4 2134127
64 66 2134132
64 53 2134138
64 30 2134138
64 63 2134142
64 55 2134148
64 67 2134152
64 47 2134154
64 0 2134156
64 27 2134162
64 68 2134165
64 69 2134173
64 17 2134175
64 70 2134176
64 41 2134185
64 45 2134186
64 48 2134193
64 77 2134195
64 18 2134196
64 33 2134199
64 39 2134203
64 10 2134210
64 76 2134215
64 7 2134216
64 28 2134220
64 23 2134226
64 34 2134228
64 1 2134235
64 2 2134241
64 3 2134247
64 50 2134250
64 72 2134255
64 6 2134256
64 9 2134261
64 13 2134264
64 21 2134270
64 37 2134276
64 44 2134278
64 40 2134280
64 42 2134288
64 8 2134289
64 14 2134293
64 59 2134299
64 19 2134302
65 31 2134311
65 30 2134317
65 70 2134320
65 46 2134328
65 38 2134328
65 62 2134329
65 72 2134337
65 50 2134342
65 14 2134347
65 5 2134352
65 69 2134361
65 49 2134366
65 2 2134374
65 61 2134376
65 74 2134384
65 39 2134392
65 8 2134397
65 28 2134405
65 77 2134407
65 9 2134408
65 43 2134413
65 44 2134413
65 19 2134414
65 52 2134418
65 12 2134421
65 57 2134427
65 42 2134428
65 10 2134429
65 64 2134429
65 51 2134432
65 60 2134432
65 66 2134438
65 61 2134443
65 23 2134449
65 76 2134452
65 77 2134458
65 18 2134458
65 75 2134461
65 4 2134465
65 44 2134469
65 72 2134469
65 31 2134471
65 32 2134478
65 37 2134482
65 3 2134489
65 29 2134491
65 58 2134491
65 8 2134496
65 57 2134503
66 3 2134509
66 41 2134517
66 15 2134523
66 69 2134524
66 12 2134533
66 55 2134540
66 38 2134542
66 43 2134542
66 23 2134547
66 44 2134552
66 40 2134555
66 57 2134564
66 67 2134570
66 50 2134573
66 64 2134578
66 1 2134583
66 32 2134583
66 27 2134583
66 18 2134592
66 35 2134598
66 28 2134607
66 10 2134610
66 72 2134612
66 62 2134619
66 51 2134626
66 37 2134630
66 9 2134639
66 31 2134645
66 29 2134650
66 2 2134658
66 16 2134659
66 11 2134663
66 30 2134669
66 21 2134672
66 45 2134673
66 20 2134680
66 52 2134685
66 7 2134688
66 74 2134692
66 63 2134693
66 17 2134695
66 58 2134704
66 60 2134711
66 5 2134719
66 65 2134723
66 33 2134723
66 71 2134723
66 59 2134725
66 68 2134728
66 63 2134735
66 73 2134736
66 13 2134744
66 45 2134751
66 64 2134751
66 76 2134758
66 44 2134767
66 58 2134772
66 50 2134775
66 42 2134783
66 49 2134792
66 52 2134795
66 18 2134800
66 57 2134807
66 47 2134807
66 33 2134813
66 65 2134815
66 38 2134819
66 1 2134821
66 60 2134825
66 0 2134829
66 62 2134834
66 6 2134836
66 77 2134838
66 54 2134842
66 17 2134850
66 35 2134855
66 36 2134861
66 3 2134865
66 34 2134868
66 48 2134868
66 27 2134869
66 29 2134871
66 40 2134877
66 32 2134879
66 37 2134880
66 20 2134881
66 9 2134889
66 43 2134890
66 11 2134895
66 70 2134898
66 72 2134900
66 68 2134900
66 69 2134905
66 30 2134908
66 4 2134915
67 14 2134924
67 47 2134932
67 24 2134932
67 37 2134933
67 0 2134940
67 18 2134943
67 15 2134949
67 33 2134958
67 59 2134961
67 50 2134961
67 11 2134965
67 20 2134971
67 55 2134972
67 74 2134978
67 42 2134987
67 75 2134988
67 51 2134997
67 9 2135001
67 70 2135007
67 41 2135016
67 56 2135023
67 71 2135023
67 60 2135031
67 32 2135039
67 36 2135041
67 28 2135050
67 66 2135050
67 40 2135058
67 65 2135067
67 57 2135075
67 53 2135077
67 68 2135086
67 26 2135092
67 34 2135092
67 38 2135100
67 7 2135108
67 46 2135109
67 19 2135112
67 76 2135113
67 31 2135120
67 61 2135125
67 3 2135132
67 1 2135136
67 13 2135138
67 77 2135138
67 64 2135146
67 4 2135146
67 63 2135146
67 10 2135149
67 25 2135151
67 19 2135158
67 64 2135160
67 72 2135166
67 21 2135171
67 55 2135173
67 8 2135175
67 15 2135179
67 31 2135188
67 20 2135190
67 45 2135190
67 11 2135196
67 26 2135196
67 36 2135201
67 24 2135208
67 33 2135214
67 76 2135214
67 62 2135219
67 46 2135222
67 73 2135228
67 48 2135229
67 40 2135232
67 57 2135232
67 25 2135233
67 30 2135236
67 9 2135240
67 61 2135240
67 0 2135241
67 37 2135241
67 56 2135242
67 77 2135242
67 32 2135243
67 3 2135252
67 53 2135252
67 12 2135253
67 4 2135254
67 38 2135262
67 49 2135268
67 29 2135275
67 7 2135278
68 1 2135287
68 30 2135293
68 51 2135296
68 66 2135305
68 11 2135313
68 59 2135317
68 14 2135324
68 2 2135330
69 63 2135337
69 12 2135346
69 32 2135349
69 41 2135357
69 26 2135363
69 20 2135364
69 61 2135373
69 3 2135376
69 47 2135376
69 42 2135385
69 51 2135392
69 45 2135397
69 75 2135398
69 52 2135407
69 67 2135415
69 50 2135420
69 33 2135420
69 5 2135421
69 44 2135424
69 15 2135430
69 73 2135436
69 68 2135442
69 55 2135445
69 30 2135452
69 43 2135452
69 17 2135452
69 10 2135453
69 0 2135461
69 7 2135468
69 23 2135468
69 58 2135469
69 29 2135475
69 24 2135480
69 67 2135486
69 2 2135492
69 74 2135500
69 40 2135503
69 60 2135508
69 41 2135513
69 0 2135519
69 28 2135528
69 24 2135535
69 5 2135535
69 14 2135542
69 71 2135548
69 50 2135557
69 12 2135564
69 76 2135572
69 59 2135576
69 61 2135582
69 42 2135588
69 66 2135589
69 17 2135590
69 36 2135597
69 44 2135601
69 37 2135609
69 65 2135609
69 23 2135612
69 54 2135618
69 16 2135622
69 22 2135622
69 49 2135626
69 11 2135631
69 53 2135632
69 62 2135634
69 70 2135634
69 19 2135640
69 6 2135646
69 77 2135655
69 68 2135657
70 20 2135659
70 32 2135665
70 64 2135666
70 3 2135668
70 46 2135674
70 23 2135683
70 68 2135690
70 39 2135693
71 40 2135701
71 55 2135704
72 5 2135710
72 8 2135715
72 12 2135724
72 25 2135726
72 34 2135730
72 68 2135734
72 66 2135738
72 59 2135743
72 15 2135745
72 7 2135753
72 53 2135758
72 14 2135758
72 54 2135764
72 6 2135767
72 60 2135768
72 64 2135774
72 35 2135775
72 45 2135783
72 63 2135792
72 47 2135797
72 40 2135802
72 19 2135806
72 38 2135809
72 23 2135818
72 76 2135822
72 32 2135830
72 73 2135835
72 58 2135844
72 16 2135852
72 9 2135858
72 17 2135864
72 11 2135872
72 75 2135879
72 70 2135880
72 42 2135883
72 0 2135888
72 41 2135894
72 31 2135896
72 4 2135900
72 69 2135904
72 36 2135909
72 39 2135918
72 52 2135918
72 71 2135922
72 74 2135924
72 37 2135924
72 18 2135926
72 56 2135929
72 68 2135935
72 26 2135943
72 75 2135946
72 64 2135954
72 35 2135962
72 42 2135962
72 30 2135962
72 16 2135971
72 39 2135977
72 22 2135978
72 18 2135983
72 9 2135988
72 59 2135991
72 24 2135991
72 19 2135993
72 57 2136002
72 55 2136007
72 38 2136010
72 48 2136012
72 6 2136014
72 52 2136020
72 0 2136025
72 29 2136031
72 43 2136033
72 45 2136035
72 13 2136044
72 32 2136046
72 66 2136052
72 61 2136060
72 46 2136062
72 28 2136070
72 69 2136078
72 21 2136084
72 36 2136091
72 74 2136093
72 17 2136097
72 34 2136106
72 51 2136108
72 25 2136109
72 58 2136112
72 20 2136115
72 3 2136120
72 65 2136128
72 60 2136132
72 67 2136137
73 59 2136141
73 12 2136148
73 16 2136153
73 27 2136162
73 42 2136168
73 30 2136169
73 50 2136169
73 70 2136169
73 21 2136176
73 17 2136181
73 71 2136181
73 76 2136186
73 20 2136186
73 53 2136188
73 29 2136195
73 49 2136203
73 40 2136208
73 13 2136217
73 55 2136223
73 64 2136225
73 6 2136226
73 58 2136232
73 32 2136237
73 1 2136242
73 35 2136251
73 34 2136259
73 8 2136262
73 44 2136262
73 23 2136271
73 65 2136278
73 36 2136281
73 56 2136285
73 28 2136292
73 63 2136292
73 59 2136299
73 60 2136303
73 70 2136310
73 20 2136317
73 76 2136321
73 28 2136323
73 0 2136326
73 1 2136331
73 31 2136335
73 35 2136341
73 44 2136348
73 66 2136353
73 9 2136354
73 5 2136355
73 16 2136355
73 19 2136362
73 54 2136371
73 36 2136378
73 69 2136386
73 24 2136391
73 42 2136399
73 71 2136403
73 7 2136412
73 67 2136414
73 23 2136422
73 65 2136429
73 15 2136429
73 48 2136438
73 72 2136440
73 40 2136446
73 77 2136447
73 47 2136451
73 61 2136457
74 26 2136462
74 11 2136467
74 67 2136474
74 55 2136482
74 64 2136491
74 21 2136493
74 72 2136495
74 8 2136495
74 34 2136496
74 33 2136504
74 23 2136509
74 32 2136515
74 2 2136522
74 73 2136529
74 45 2136529
74 77 2136532
74 5 2136534
74 20 2136536
74 60 2136537
74 25 2136538
74 49 2136546
74 39 2136555
74 46 2136559
74 22 2136559
74 16 2136568
74 50 2136569
74 31 2136576
74 66 2136581
74 37 2136588
74 2 2136588
74 70 2136590
74 14 2136592
74 27 2136600
74 5 2136604
74 44 2136609
74 76 2136609
74 68 2136614
74 0 2136617
74 65 2136625
74 37 2136634
74 51 2136637
74 25 2136645
74 16 2136647
74 46 2136650
74 8 2136656
74 11 2136665
74 73 2136665
74 49 2136670
74 40 2136678
74 55 2136681
74 47 2136686
74 22 2136691
74 71 2136691
74 30 2136692
74 1 2136692
74 64 2136697
74 13 2136704
75 59 2136709
75 50 2136715
75 0 2136723
75 53 2136731
75 27 2136733
75 22 2136742
75 25 2136747
75 60 2136750
75 4 2136750
75 39 2136751
75 34 2136759
75 28 2136763
76 74 2136772
76 71 2136777
76 48 2136779
76 19 2136780
76 32 2136787
76 4 2136795
76 27 2136799
76 26 2136804
76 52 2136811
76 18 2136820
76 41 2136827
76 45 2136829
76 53 2136829
76 58 2136830
76 42 2136833
76 55 2136838
76 70 2136841
76 12 2136841
76 62 2136846
76 34 2136849
76 49 2136849
76 51 2136856
76 73 2136861
76 3 2136861
76 14 2136861
76 28 2136866
76 72 2136867
76 24 2136875
76 60 2136875
76 50 2136882
76 9 2136886
76 2 2136889
76 13 2136894
76 10 2136898
76 5 2136905
76 54 2136913
76 22 2136917
76 1 2136921
76 25 2136924
76 61 2136924
76 37 2136927
76 35 2136935
76 21 2136937
76 68 2136942
76 23 2136947
76 62 2136956
76 4 2136964
76 8 2136973
76 41 2136979
76 12 2136987
76 19 2136989
76 23 2136997
76 35 2136999
76 69 2137004
76 57 2137011
76 71 2137016
76 10 2137022
76 13 2137024
76 46 2137030
76 49 2137031
76 43 2137040
76 68 2137049
76 74 2137051
76 34 2137052
76 75 2137054
76 31 2137057
76 25 2137060
76 2 2137068
76 14 2137071
76 28 2137080
76 52 2137084
76 50 2137092
76 16 2137092
76 30 2137097
76 51 2137098
76 20 2137103
76 44 2137103
76 55 2137109
76 58 2137111
76 56 2137117
76 22 2137120
76 54 2137129
76 0 2137131
76 45 2137131
76 26 2137132
76 60 2137136
76 73 2137145
76 17 2137149
76 32 2137153
76 3 2137157
76 37 2137162
77 57 2137167
77 62 2137176
77 23 2137177
77 74 2137183
77 27 2137188
77 13 2137193
77 43 2137196
77 5 2137196
77 31 2137205
77 37 2137211
77 58 2137211
77 45 2137215
77 28 2137216
77 29 2137224
77 39 2137226
77 16 2137231
77 55 2137240
77 52 2137242
77 50 2137249
77 42 2137258
77 76 2137259
77 1 2137261
77 67 2137265
77 54 2137269
77 24 2137277
77 3 2137280
77 0 2137286
77 35 2137288
77 26 2137294
77 22 2137297
77 17 2137298
77 70 2137305
77 44 2137312
77 7 2137315
77 68 2137322
77 36 2137330
77 75 2137330
77 6 2137330
77 9 2137335
77 63 2137343
77 35 2137346
77 61 2137348
77 28 2137350
77 50 2137355
77 52 2137358
77 59 2137359
77 40 2137363
77 68 2137364
77 17 2137368
77 74 2137377
77 22 2137384
77 31 2137393
77 60 2137398
77 45 2137401
77 70 2137401
77 1 2137408
77 66 2137415
77 44 2137420
77 46 2137420
77 37 2137423
77 24 2137427
77 19 2137427
77 53 2137432
77 58 2137438
77 41 2137444
77 72 2137444
77 20 2137452
77 55 2137458
77 75 2137466
77 48 2137466
77 9 2137474
77 65 2137474
77 56 2137474
77 3 2137480
77 76 2137487
77 62 2137490
77 6 2137496
77 38 2137497
