82
true
0 22 2461122
0 71 2461129
0 21 2461137
0 35 2461139
0 59 2461145
0 75 2461148
0 10 2461156
0 79 2461159
0 16 2461164
0 74 2461168
0 67 2461172
0 58 2461181
0 6 2461188
0 65 2461188
0 31 2461195
0 15 2461198
0 28 2461201
0 77 2461205
0 11 2461206
0 36 2461210
0 47 2461214
0 57 2461216
0 49 2461218
0 37 2461218
0 12 2461224
0 45 2461227
0 23 2461228
0 4 2461235
0 70 2461242
0 72 2461247
0 1 2461249
0 44 2461252
0 78 2461254
0 2 2461257
0 8 2461263
0 9 2461266
0 1 2461270
0 70 2461277
0 46 2461286
0 68 2461286
0 40 2461290
0 43 2461299
0 11 2461308
0 48 2461314
0 20 2461319
0 60 2461326
0 6 2461332
0 5 2461333
0 3 2461338
0 77 2461338
0 30 2461340
0 51 2461346
0 14 2461346
0 49 2461348
0 8 2461356
0 39 2461358
0 75 2461359
0 15 2461367
0 26 2461373
0 64 2461381
0 47 2461385
0 35 2461387
0 44 2461391
0 12 2461399
0 4 2461399
0 37 2461403
0 63 2461412
1 72 2461421
1 54 2461429
1 3 2461432
1 32 2461441
1 63 2461443
1 11 2461451
1 45 2461454
1 58 2461460
1 43 2461464
1 16 2461471
1 34 2461474
1 19 2461482
1 31 2461485
1 77 2461487
1 76 2461489
1 53 2461498
1 66 2461506
1 62 2461509
1 47 2461518
1 37 2461518
1 6 2461522
1 24 2461527
1 28 2461536
1 57 2461536
1 68 2461542
1 18 2461544
1 70 2461553
1 48 2461560
1 38 2461561
1 71 2461569
1 8 2461577
1 80 2461578
1 70 2461581
1 69 2461585
1 53 2461585
1 46 2461594
1 23 2461603
1 39 2461606
1 68 2461615
1 65 2461619
1 73 2461621
1 42 2461622
1 57 2461628
1 14 2461630
1 13 2461639
1 55 2461644
1 51 2461652
1 77 2461656
1 20 2461658
1 62 2461660
1 40 2461663
1 5 2461664
1 41 2461672
1 6 2461675
1 24 2461679
1 15 2461685
1 49 2461685
1 19 2461689
1 72 2461692
1 63 2461699
1 22 2461704
1 4 2461711
1 66 2461713
2 27 2461713
2 13 2461715
2 40 2461724
2 65 2461731
2 49 2461737
2 31 2461743
2 0 2461748
2 54 2461751
3 14 2461753
3 80 2461758
3 44 2461761
3 22 2461769
3 27 2461778
3 50 2461783
3 37 2461784
3 40 2461788
3 72 2461794
3 81 2461796
3 47 2461802
3 23 2461806
3 36 2461813
3 10 2461815
3 33 2461815
3 78 2461815
3 55 2461815
3 68 2461823
3 46 2461823
3 15 2461823
3 59 2461832
3 73 2461836
3 5 2461844
3 26 2461851
3 9 2461854
3 60 2461863
3 12 2461864
3 41 2461865
3 64 2461868
3 19 2461872
3 65 2461879
3 31 2461885
3 8 2461886
3 1 2461891
3 11 2461898
3 20 2461898
3 77 2461905
3 18 2461909
3 79 2461918
3 7 2461925
3 48 2461933
3 75 2461942
3 34 2461946
3 45 2461947
3 50 2461947
3 41 2461954
3 64 2461961
3 48 2461966
3 68 2461971
3 79 2461973
3 32 2461978
3 1 2461983
3 58 2461992
3 57 2462001
3 44 2462007
3 24 2462012
3 2 2462014
3 66 2462020
3 49 2462025
3 16 2462027
3 46 2462036
3 28 2462042
3 15 2462050
3 76 2462059
3 13 2462066
3 22 2462068
3 31 2462074
3 42 2462083
3 33 2462083
3 73 2462091
3 81 2462096
3 62 2462103
3 65 2462108
3 7 2462108
3 35 2462114
3 14 2462123
3 27 2462131
3 5 2462136
3 11 2462136
3 0 2462141
3 34 2462147
3 6 2462147
3 51 2462150
3 45 2462153
3 53 2462156
3 23 2462158
3 37 2462161
4 21 2462165
4 74 2462173
4 3 2462175
4 57 2462175
4 15 2462184
4 28 2462185
4 33 2462186
4 8 2462195
4 24 2462203
4 16 2462208
4 53 2462209
4 17 2462213
4 43 2462218
4 64 2462222
4 20 2462231
4 70 2462235
4 62 2462238
4 14 2462241
4 52 2462244
4 50 2462248
4 54 2462253
4 78 2462253
4 38 2462254
4 9 2462256
4 30 2462256
4 12 2462265
4 44 2462267
4 45 2462274
4 27 2462276
4 35 2462278
4 76 2462287
4 66 2462293
4 36 2462302
4 23 2462310
4 79 2462317
4 48 2462317
4 19 2462317
4 81 2462322
4 46 2462324
4 2 2462326
4 29 2462335
4 61 2462341
4 39 2462349
4 63 2462353
4 63 2462357
4 15 2462364
4 53 2462364
4 20 2462368
4 71 2462376
4 19 2462383
4 45 2462385
4 9 2462386
4 51 2462391
4 10 2462391
4 65 2462392
4 64 2462400
4 37 2462400
4 17 2462405
4 34 2462407
4 48 2462416
4 11 2462425
4 25 2462427
4 47 2462433
4 18 2462434
4 24 2462439
4 81 2462442
4 8 2462447
4 55 2462455
4 21 2462458
4 40 2462466
4 77 2462469
4 54 2462476
4 58 2462483
4 28 2462492
4 0 2462500
4 29 2462503
4 69 2462507
4 14 2462515
4 3 2462522
4 74 2462526
4 67 2462534
4 62 2462537
4 57 2462537
5 63 2462545
5 21 2462547
5 33 2462555
5 69 2462560
5 0 2462564
5 56 2462567
5 39 2462568
5 3 2462573
5 66 2462577
5 1 2462581
5 7 2462581
5 73 2462586
5 47 2462590
5 61 2462592
5 64 2462594
5 78 2462603
5 11 2462610
5 72 2462610
5 2 2462616
5 12 2462621
5 4 2462626
5 58 2462631
5 1 2462639
5 63 2462645
5 71 2462653
5 3 2462657
5 53 2462666
5 27 2462669
5 55 2462669
5 75 2462675
5 79 2462682
5 72 2462684
5 65 2462692
5 62 2462696
6 63 2462698
6 62 2462705
6 38 2462706
6 17 2462714
6 67 2462715
6 15 2462723
6 64 2462723
6 75 2462724
6 32 2462733
6 37 2462736
6 12 2462744
6 27 2462753
6 13 2462759
6 46 2462761
6 18 2462761
6 0 2462766
6 57 2462774
6 68 2462775
6 35 2462784
6 59 2462793
6 16 2462793
6 21 2462801
6 40 2462810
6 72 2462810
6 20 2462818
6 47 2462825
6 34 2462828
6 25 2462836
6 54 2462838
6 24 2462839
6 23 2462845
6 44 2462849
6 1 2462849
6 49 2462853
6 65 2462856
6 43 2462864
6 69 2462870
6 60 2462877
6 36 2462885
6 39 2462885
6 42 2462894
6 81 2462899
6 28 2462901
6 19 2462910
6 71 2462918
6 55 2462921
6 53 2462921
6 7 2462923
6 78 2462927
6 9 2462934
6 79 2462943
6 71 2462945
6 58 2462947
6 5 2462949
6 81 2462957
6 64 2462963
6 30 2462970
6 47 2462971
6 53 2462977
6 15 2462982
6 73 2462991
6 42 2462995
6 69 2462999
6 67 2463004
6 3 2463008
6 78 2463017
6 2 2463017
6 41 2463019
6 61 2463021
6 60 2463024
6 50 2463026
6 16 2463031
6 32 2463037
6 18 2463038
6 75 2463039
6 1 2463042
6 72 2463050
6 68 2463051
6 45 2463058
6 28 2463067
6 56 2463067
6 65 2463074
6 66 2463075
6 43 2463083
6 14 2463088
6 25 2463092
6 0 2463101
6 36 2463104
6 29 2463110
6 80 2463119
6 70 2463126
6 76 2463134
6 17 2463143
6 23 2463145
6 51 2463154
6 8 2463155
6 79 2463162
6 49 2463168
6 21 2463169
6 57 2463175
6 7 2463178
6 34 2463183
6 63 2463183
6 19 2463186
6 77 2463189
6 33 2463193
6 52 2463196
6 20 2463198
7 79 2463207
7 22 2463207
7 0 2463216
7 47 2463219
7 25 2463221
7 51 2463228
7 29 2463235
7 57 2463235
7 63 2463235
7 76 2463236
7 19 2463240
7 16 2463245
7 60 2463251
7 61 2463256
7 35 2463262
7 59 2463264
7 46 2463272
7 44 2463273
7 66 2463279
7 37 2463284
7 75 2463290
7 42 2463298
7 24 2463299
7 18 2463304
7 30 2463304
7 53 2463306
7 56 2463309
7 45 2463317
7 54 2463321
7 69 2463325
7 55 2463325
7 10 2463332
7 21 2463333
7 4 2463338
7 6 2463342
7 72 2463346
7 49 2463354
7 14 2463360
7 78 2463369
7 36 2463371
7 26 2463373
7 24 2463378
7 63 2463383
7 11 2463385
7 72 2463393
7 30 2463395
7 46 2463403
7 40 2463407
7 70 2463416
7 42 2463425
7 9 2463425
7 78 2463434
7 3 2463442
7 41 2463446
7 49 2463453
7 44 2463454
7 53 2463454
7 34 2463462
7 10 2463463
7 68 2463464
7 14 2463470
7 73 2463475
7 2 2463479
7 47 2463482
7 81 2463483
7 58 2463492
7 19 2463497
7 59 2463500
7 18 2463503
7 66 2463509
7 12 2463510
7 52 2463519
7 0 2463524
7 15 2463526
7 16 2463530
7 62 2463535
7 35 2463537
7 38 2463539
7 27 2463547
7 13 2463553
7 28 2463561
8 80 2463568
8 26 2463569
8 51 2463570
8 18 2463577
8 60 2463581
8 81 2463589
8 70 2463596
8 66 2463598
8 0 2463599
8 32 2463607
8 71 2463614
8 67 2463617
8 41 2463622
8 62 2463630
8 77 2463633
8 72 2463634
8 25 2463643
9 73 2463644
9 21 2463653
9 19 2463659
9 29 2463661
9 3 2463670
9 62 2463671
9 16 2463678
9 55 2463680
9 64 2463682
9 40 2463690
9 42 2463699
9 36 2463707
9 35 2463713
9 23 2463717
9 18 2463720
9 53 2463729
9 4 2463731
9 51 2463736
9 56 2463737
9 30 2463740
9 45 2463740
9 5 2463749
9 20 2463758
9 72 2463763
9 33 2463771
9 17 2463771
9 50 2463776
9 49 2463780
9 24 2463788
9 31 2463791
9 69 2463795
9 52 2463799
9 14 2463804
9 62 2463812
9 54 2463816
9 0 2463824
9 42 2463830
9 75 2463838
9 3 2463847
9 60 2463847
9 13 2463851
9 67 2463859
9 17 2463867
9 5 2463874
9 43 2463876
9 24 2463877
9 79 2463877
9 27 2463886
9 11 2463888
9 31 2463888
9 22 2463895
9 66 2463900
9 55 2463902
9 58 2463910
9 80 2463919
9 16 2463927
9 68 2463935
9 45 2463939
9 41 2463948
9 26 2463952
9 56 2463954
9 8 2463962
9 34 2463966
9 19 2463966
9 53 2463966
9 28 2463968
9 59 2463976
10 62 2463978
10 6 2463986
10 74 2463992
10 80 2463994
10 75 2463998
10 40 2464004
11 69 2464005
11 40 2464014
11 27 2464018
11 47 2464025
11 67 2464032
11 18 2464033
11 37 2464036
11 51 2464039
11 52 2464040
11 49 2464046
11 31 2464053
11 54 2464062
11 81 2464069
11 42 2464073
11 21 2464080
11 63 2464088
11 48 2464089
11 8 2464096
11 58 2464103
11 22 2464108
11 59 2464116
11 36 2464122
11 16 2464129
11 29 2464129
11 72 2464133
11 7 2464139
11 28 2464144
11 41 2464147
11 25 2464154
11 20 2464155
11 78 2464156
11 46 2464161
11 14 2464168
11 39 2464176
11 5 2464185
11 34 2464194
11 13 2464194
11 65 2464200
11 12 2464204
11 45 2464212
11 4 2464221
11 35 2464223
11 31 2464223
11 21 2464227
11 78 2464232
11 49 2464234
11 80 2464243
11 47 2464248
11 19 2464255
11 17 2464256
11 36 2464261
11 42 2464263
11 24 2464263
11 22 2464266
11 26 2464270
11 41 2464277
11 69 2464278
11 39 2464279
11 29 2464280
11 27 2464282
11 81 2464285
11 35 2464294
11 18 2464296
11 30 2464302
11 57 2464307
11 61 2464316
11 5 2464319
11 59 2464321
11 65 2464324
11 3 2464333
11 13 2464341
11 56 2464345
11 58 2464346
11 48 2464351
11 6 2464353
11 25 2464354
11 38 2464358
11 45 2464365
11 33 2464366
11 44 2464369
11 50 2464372
11 68 2464381
11 54 2464385
11 74 2464392
11 63 2464394
11 12 2464401
11 73 2464402
12 77 2464405
12 53 2464414
12 2 2464420
12 70 2464426
12 71 2464428
12 8 2464437
13 81 2464438
13 3 2464438
13 57 2464445
13 40 2464451
13 77 2464460
13 62 2464464
13 51 2464472
13 35 2464475
13 33 2464476
13 42 2464480
13 14 2464483
13 6 2464487
13 73 2464491
13 64 2464498
13 65 2464507
13 63 2464514
13 74 2464520
13 31 2464529
13 75 2464532
13 56 2464534
13 52 2464543
13 11 2464546
13 54 2464554
13 66 2464561
13 18 2464568
13 45 2464570
13 59 2464578
13 26 2464585
13 49 2464592
13 76 2464598
13 68 2464607
13 78 2464610
13 30 2464618
13 60 2464627
13 58 2464636
13 15 2464638
13 19 2464641
13 0 2464649
13 1 2464652
13 12 2464657
13 8 2464661
13 22 2464668
13 55 2464677
13 48 2464685
13 73 2464692
13 24 2464695
13 79 2464697
13 17 2464701
13 1 2464702
13 54 2464702
13 12 2464710
13 40 2464717
13 18 2464720
13 78 2464726
13 22 2464733
13 65 2464736
13 56 2464741
13 6 2464745
13 0 2464750
13 75 2464756
13 20 2464757
13 61 2464760
13 62 2464767
13 27 2464768
13 81 2464769
13 16 2464772
13 72 2464773
13 45 2464777
13 37 2464786
13 2 2464792
13 31 2464800
13 39 2464803
13 46 2464811
13 3 2464818
13 57 2464821
13 14 2464827
13 64 2464833
13 21 2464837
13 49 2464842
13 9 2464842
13 8 2464851
13 29 2464858
13 42 2464861
13 30 2464862
14 7 2464869
14 39 2464875
14 81 2464880
14 63 2464883
14 35 2464891
14 60 2464897
14 24 2464897
14 64 2464897
14 77 2464899
14 8 2464904
14 42 2464906
14 5 2464915
14 3 2464915
14 71 2464920
14 15 2464926
14 43 2464934
14 53 2464937
14 50 2464937
14 69 2464942
14 75 2464949
14 51 2464955
14 6 2464964
14 20 2464969
14 48 2464971
14 70 2464975
14 4 2464977
14 3 2464985
14 46 2464985
14 45 2464990
14 8 2464996
14 60 2464999
14 2 2465003
14 52 2465010
14 79 2465013
14 67 2465019
14 51 2465028
14 1 2465037
14 19 2465044
14 61 2465046
14 65 2465049
14 36 2465054
15 81 2465057
15 64 2465061
15 43 2465069
15 73 2465070
15 50 2465074
15 2 2465078
15 33 2465080
15 9 2465084
15 12 2465087
15 78 2465089
15 66 2465098
15 41 2465105
15 28 2465106
15 4 2465112
15 10 2465114
15 6 2465123
15 32 2465125
15 20 2465129
15 44 2465137
15 21 2465138
15 58 2465141
15 16 2465147
15 26 2465147
15 25 2465149
15 75 2465154
15 54 2465158
15 62 2465164
15 31 2465173
15 27 2465180
15 34 2465188
15 30 2465188
15 35 2465196
15 7 2465204
15 3 2465205
15 19 2465214
15 47 2465215
15 60 2465221
15 69 2465221
15 52 2465229
15 23 2465236
15 70 2465239
15 56 2465248
15 21 2465255
15 81 2465259
15 50 2465263
15 45 2465272
15 35 2465276
15 14 2465278
15 65 2465281
15 24 2465283
15 53 2465286
15 5 2465286
15 78 2465288
15 61 2465295
15 19 2465296
15 8 2465299
15 76 2465302
15 77 2465311
15 26 2465318
15 18 2465320
15 37 2465323
15 9 2465326
15 23 2465332
15 54 2465334
15 34 2465340
15 27 2465342
15 33 2465351
15 63 2465359
15 62 2465359
15 0 2465365
15 20 2465373
15 72 2465374
15 73 2465374
15 28 2465379
15 48 2465385
15 38 2465386
15 67 2465389
15 16 2465394
15 57 2465402
15 59 2465408
16 51 2465415
16 70 2465424
16 81 2465425
16 71 2465429
16 5 2465438
16 39 2465441
16 45 2465448
16 56 2465457
16 65 2465466
16 80 2465473
16 0 2465481
16 34 2465482
16 78 2465483
16 68 2465489
16 54 2465491
16 59 2465496
16 61 2465505
16 22 2465513
16 42 2465522
16 41 2465529
16 60 2465529
16 50 2465530
16 63 2465532
16 66 2465537
16 20 2465544
16 69 2465553
16 31 2465561
16 30 2465562
16 10 2465569
16 27 2465573
16 21 2465573
16 28 2465582
16 6 2465582
16 79 2465588
16 13 2465592
16 32 2465601
16 52 2465607
16 18 2465615
16 64 2465623
16 75 2465629
16 26 2465636
16 17 2465643
16 46 2465643
16 36 2465647
16 57 2465649
16 7 2465652
16 1 2465660
16 27 2465666
16 53 2465673
16 50 2465682
16 68 2465684
16 74 2465687
16 11 2465691
16 61 2465693
16 3 2465702
16 49 2465703
16 63 2465712
16 48 2465715
16 0 2465717
16 66 2465721
16 79 2465727
16 15 2465731
16 26 2465736
16 73 2465737
16 39 2465742
16 33 2465751
16 59 2465759
16 71 2465763
16 40 2465769
16 34 2465772
16 24 2465775
16 67 2465779
16 45 2465783
16 31 2465784
16 14 2465786
16 37 2465789
16 54 2465795
16 4 2465800
16 30 2465807
16 52 2465808
16 1 2465811
16 57 2465816
16 17 2465825
16 38 2465831
16 2 2465833
16 35 2465836
16 18 2465841
16 62 2465846
16 36 2465848
16 58 2465857
16 60 2465860
16 20 2465861
17 56 2465866
17 20 2465870
17 71 2465878
17 19 2465881
17 76 2465887
17 8 2465895
17 50 2465897
17 2 2465898
17 64 2465902
17 77 2465908
17 57 2465914
17 36 2465916
17 48 2465916
17 3 2465922
17 22 2465923
17 47 2465932
17 7 2465934
17 1 2465940
17 9 2465943
17 21 2465948
17 43 2465955
17 54 2465963
17 4 2465965
17 23 2465965
17 51 2465966
17 74 2465974
17 53 2465975
17 46 2465975
17 66 2465982
17 29 2465986
17 61 2465988
17 80 2465997
17 28 2466004
17 8 2466005
17 6 2466011
17 73 2466013
17 0 2466014
17 55 2466023
17 33 2466023
17 81 2466031
17 24 2466036
17 72 2466043
17 14 2466048
17 43 2466049
17 62 2466050
17 4 2466053
18 23 2466059
18 69 2466067
18 36 2466069
18 10 2466069
18 59 2466076
18 12 2466078
18 40 2466078
18 3 2466081
18 24 2466082
18 17 2466090
18 29 2466092
18 1 2466094
18 80 2466095
18 52 2466095
18 64 2466103
18 14 2466107
18 65 2466107
18 24 2466109
18 12 2466114
18 55 2466114
18 64 2466121
18 22 2466124
18 57 2466131
18 74 2466136
18 13 2466142
18 7 2466142
18 10 2466150
18 8 2466156
18 16 2466164
18 14 2466170
18 2 2466173
18 33 2466177
18 46 2466180
18 30 2466187
19 12 2466191
19 11 2466194
19 7 2466196
19 65 2466199
19 68 2466206
19 13 2466213
19 47 2466219
19 81 2466224
19 4 2466231
19 52 2466240
19 35 2466246
19 21 2466253
19 50 2466256
19 60 2466262
19 22 2466269
19 56 2466272
19 66 2466279
19 80 2466280
19 31 2466289
19 1 2466297
19 46 2466306
19 27 2466310
19 43 2466312
19 76 2466317
19 70 2466319
19 42 2466321
19 20 2466327
19 71 2466334
19 69 2466342
19 67 2466345
19 26 2466350
19 44 2466352
19 55 2466360
19 17 2466365
19 15 2466371
19 40 2466372
19 16 2466374
19 64 2466374
19 2 2466378
19 45 2466379
19 74 2466385
19 6 2466389
19 54 2466392
19 73 2466392
19 9 2466398
19 8 2466398
19 1 2466405
19 44 2466410
19 79 2466411
19 50 2466414
19 80 2466414
19 61 2466417
19 51 2466422
19 69 2466431
19 33 2466438
19 67 2466446
19 4 2466454
19 81 2466456
19 10 2466457
19 76 2466463
19 57 2466469
19 78 2466475
19 39 2466478
19 52 2466482
19 54 2466485
19 24 2466487
19 38 2466493
19 73 2466496
19 66 2466504
19 20 2466508
19 32 2466514
19 22 2466518
19 25 2466522
19 46 2466527
19 41 2466528
19 16 2466537
19 55 2466541
19 14 2466544
19 31 2466553
19 18 2466555
19 63 2466556
19 3 2466563
19 65 2466572
19 29 2466575
19 45 2466579
19 27 2466581
19 36 2466583
19 62 2466590
19 2 2466595
19 15 2466596
19 35 2466597
19 34 2466603
19 53 2466604
21 22 2466605
21 4 2466613
21 38 2466621
21 10 2466625
21 80 2466626
21 24 2466633
21 48 2466641
21 11 2466641
21 49 2466642
21 79 2466648
21 50 2466651
21 72 2466652
21 64 2466657
21 25 2466664
21 45 2466668
21 36 2466669
21 70 2466672
21 3 2466678
21 69 2466678
21 28 2466686
21 7 2466695
21 60 2466696
21 71 2466701
21 31 2466705
21 20 2466708
21 41 2466713
21 66 2466715
21 30 2466717
21 59 2466717
21 65 2466724
21 33 2466725
21 81 2466728
21 57 2466731
21 6 2466732
21 0 2466733
21 14 2466737
21 9 2466741
21 61 2466749
21 47 2466752
21 52 2466755
21 13 2466758
21 34 2466764
21 2 2466765
21 37 2466767
21 75 2466776
21 15 2466777
21 26 2466782
21 68 2466782
21 74 2466791
21 32 2466800
21 56 2466806
21 64 2466809
21 80 2466817
21 73 2466824
21 47 2466826
21 67 2466827
21 61 2466827
21 4 2466834
21 28 2466839
21 75 2466844
21 70 2466847
21 63 2466849
21 81 2466857
21 57 2466859
21 60 2466860
21 33 2466861
21 15 2466867
21 54 2466876
21 8 2466883
21 71 2466890
21 2 2466898
21 45 2466907
21 48 2466907
21 0 2466912
21 44 2466915
21 43 2466918
21 38 2466919
21 77 2466923
21 13 2466928
21 5 2466937
21 66 2466937
21 41 2466938
21 68 2466938
21 22 2466939
21 39 2466945
21 50 2466947
21 10 2466953
21 76 2466953
21 46 2466954
21 29 2466962
21 1 2466964
21 42 2466964
21 30 2466971
21 58 2466978
21 25 2466986
21 27 2466986
21 56 2466990
21 40 2466997
21 51 2467002
21 3 2467009
21 34 2467015
21 62 2467017
22 0 2467026
22 59 2467035
22 5 2467041
22 23 2467048
22 27 2467048
22 57 2467049
22 73 2467053
22 38 2467057
22 60 2467060
22 37 2467063
22 79 2467072
22 35 2467075
22 1 2467078
22 56 2467086
22 72 2467094
22 7 2467102
22 55 2467105
22 63 2467114
22 46 2467114
22 52 2467120
22 9 2467123
22 28 2467125
22 13 2467125
22 43 2467130
22 15 2467135
22 50 2467143
22 67 2467149
22 10 2467154
22 25 2467163
22 51 2467167
22 6 2467171
22 29 2467171
22 81 2467180
22 41 2467186
22 2 2467191
22 78 2467200
22 48 2467200
22 33 2467206
22 10 2467209
22 57 2467214
22 36 2467221
22 55 2467224
22 11 2467227
22 33 2467235
22 46 2467237
22 61 2467242
22 14 2467243
22 16 2467244
22 6 2467244
22 64 2467251
22 62 2467251
22 3 2467258
22 42 2467267
22 68 2467276
22 4 2467276
22 1 2467283
22 76 2467290
22 28 2467295
22 2 2467301
22 8 2467303
22 29 2467311
22 37 2467314
22 40 2467320
22 19 2467321
22 79 2467325
22 60 2467327
22 81 2467333
22 0 2467336
22 52 2467344
22 41 2467353
22 45 2467353
22 24 2467360
22 32 2467369
22 53 2467373
22 25 2467381
22 18 2467382
22 23 2467390
22 77 2467399
23 57 2467400
23 26 2467409
23 7 2467415
23 6 2467423
23 45 2467423
23 29 2467431
23 50 2467439
23 77 2467445
23 44 2467449
23 65 2467450
23 61 2467455
23 34 2467461
23 48 2467467
23 39 2467470
23 73 2467471
23 56 2467476
23 58 2467477
23 8 2467486
23 75 2467486
23 3 2467491
23 77 2467491
23 53 2467495
23 49 2467499
23 29 2467499
23 42 2467501
23 32 2467509
23 80 2467516
23 11 2467517
23 60 2467524
23 8 2467525
23 52 2467527
23 22 2467535
23 66 2467544
23 3 2467544
23 57 2467551
23 40 2467559
23 72 2467565
23 56 2467571
23 54 2467571
23 6 2467579
24 17 2467579
24 66 2467583
24 10 2467590
24 58 2467590
25 74 2467595
25 18 2467604
25 56 2467612
25 65 2467618
25 53 2467621
25 15 2467630
25 9 2467633
25 57 2467636
25 61 2467639
25 3 2467648
25 76 2467654
25 4 2467658
25 10 2467662
25 68 2467669
25 60 2467672
25 48 2467674
25 22 2467675
25 52 2467677
25 50 2467680
25 13 2467684
25 78 2467688
25 27 2467693
25 81 2467694
25 44 2467702
25 7 2467705
25 2 2467708
25 62 2467711
25 41 2467717
25 58 2467718
25 40 2467720
25 36 2467720
25 79 2467725
25 12 2467734
25 77 2467737
25 34 2467744
25 0 2467745
25 30 2467746
25 17 2467747
25 18 2467751
25 55 2467759
25 11 2467766
25 41 2467769
25 44 2467770
25 39 2467776
25 43 2467776
25 35 2467778
25 21 2467785
25 28 2467794
25 47 2467799
25 70 2467807
25 78 2467808
25 8 2467809
25 61 2467815
25 76 2467822
25 26 2467824
25 51 2467832
25 67 2467835
25 32 2467840
25 20 2467845
25 33 2467848
25 63 2467856
25 53 2467865
25 14 2467866
25 2 2467867
25 27 2467868
25 57 2467872
25 7 2467880
25 45 2467888
26 75 2467893
26 43 2467897
26 31 2467900
26 34 2467902
26 20 2467905
26 65 2467912
26 71 2467914
26 38 2467917
26 51 2467918
26 81 2467920
26 54 2467928
26 66 2467933
27 0 2467933
27 2 2467942
27 73 2467951
27 62 2467952
27 59 2467956
27 34 2467956
27 54 2467963
27 18 2467963
27 10 2467972
27 58 2467978
27 66 2467985
27 9 2467986
27 25 2467991
27 41 2467992
27 46 2468001
27 11 2468003
27 19 2468011
27 64 2468020
27 63 2468027
27 12 2468032
27 21 2468032
27 60 2468032
27 30 2468034
27 40 2468037
27 22 2468042
27 17 2468047
27 1 2468055
27 44 2468056
27 48 2468062
27 39 2468067
27 23 2468071
27 4 2468075
27 7 2468082
27 67 2468082
27 37 2468084
27 47 2468090
27 56 2468096
27 38 2468105
27 77 2468110
27 43 2468111
27 69 2468115
27 35 2468117
27 14 2468122
27 34 2468131
27 71 2468135
27 11 2468140
27 19 2468142
27 29 2468151
27 39 2468151
27 43 2468158
27 57 2468160
27 58 2468160
27 33 2468163
27 60 2468164
27 67 2468167
27 81 2468171
27 9 2468180
27 66 2468185
27 17 2468186
27 56 2468188
27 44 2468193
27 80 2468197
27 62 2468202
27 10 2468204
27 6 2468211
27 18 2468213
27 3 2468218
27 25 2468221
27 78 2468229
27 15 2468238
27 45 2468244
27 49 2468248
27 38 2468250
27 1 2468258
27 36 2468258
27 76 2468265
27 54 2468265
27 13 2468270
27 41 2468278
27 46 2468287
27 42 2468296
27 79 2468302
28 53 2468307
28 27 2468311
28 67 2468320
28 56 2468321
28 33 2468325
28 81 2468332
28 75 2468339
28 25 2468346
28 8 2468354
28 37 2468361
28 1 2468364
28 70 2468373
28 72 2468378
28 10 2468380
28 68 2468384
28 41 2468393
28 64 2468396
28 49 2468400
28 0 2468400
28 71 2468400
28 66 2468407
28 74 2468414
28 78 2468414
28 59 2468419
28 26 2468426
28 36 2468427
28 69 2468427
28 30 2468429
28 18 2468432
28 39 2468439
28 57 2468446
28 54 2468446
28 60 2468453
28 4 2468462
28 6 2468463
28 52 2468469
28 19 2468472
28 29 2468472
28 63 2468476
28 14 2468478
28 15 2468485
28 17 2468490
28 40 2468497
28 38 2468500
28 13 2468502
28 9 2468511
28 12 2468517
28 68 2468526
28 74 2468530
28 60 2468532
28 5 2468538
28 64 2468547
28 23 2468554
28 2 2468562
28 26 2468562
28 49 2468566
28 65 2468567
28 57 2468567
28 17 2468567
28 71 2468575
28 0 2468576
28 58 2468578
28 21 2468587
28 46 2468588
28 73 2468594
28 78 2468597
28 48 2468598
28 75 2468602
28 22 2468608
28 18 2468616
28 15 2468625
28 66 2468632
28 42 2468640
28 4 2468642
28 52 2468651
28 67 2468659
28 62 2468664
28 20 2468669
28 59 2468676
28 51 2468682
28 53 2468690
28 77 2468697
28 44 2468700
28 56 2468706
28 79 2468713
28 7 2468722
28 38 2468726
28 10 2468731
28 30 2468739
28 11 2468748
29 70 2468755
29 32 2468758
29 54 2468764
29 66 2468771
29 56 2468777
29 31 2468779
29 72 2468782
29 64 2468782
29 60 2468786
29 12 2468787
29 24 2468794
29 68 2468799
29 34 2468808
29 80 2468810
29 58 2468811
29 25 2468819
29 38 2468821
29 4 2468825
29 23 2468827
29 20 2468833
29 48 2468839
29 30 2468847
29 2 2468847
29 47 2468855
29 71 2468863
29 35 2468863
29 8 2468869
29 9 2468870
29 13 2468870
29 57 2468870
29 38 2468876
29 39 2468880
29 18 2468880
29 67 2468886
29 70 2468891
29 73 2468895
29 64 2468900
29 46 2468904
29 63 2468907
29 72 2468909
29 55 2468912
29 11 2468912
29 43 2468914
29 25 2468922
29 2 2468927
29 30 2468930
29 47 2468935
29 19 2468937
29 36 2468939
29 78 2468948
29 3 2468949
29 12 2468958
29 14 2468960
29 42 2468962
29 68 2468968
29 6 2468971
29 76 2468979
29 54 2468980
29 24 2468980
29 5 2468983
29 17 2468983
29 26 2468992
30 64 2468995
30 59 2469000
30 52 2469002
30 75 2469010
30 13 2469015
30 60 2469022
30 42 2469022
30 32 2469030
30 33 2469037
30 44 2469041
30 73 2469043
30 10 2469046
30 67 2469047
30 45 2469054
30 24 2469062
30 77 2469067
30 3 2469068
30 43 2469069
30 26 2469076
30 72 2469080
30 6 2469083
30 80 2469083
30 81 2469087
30 17 2469091
30 0 2469093
30 58 2469094
30 70 2469103
30 39 2469112
30 69 2469117
30 34 2469120
30 47 2469126
30 50 2469129
30 18 2469131
30 4 2469137
30 29 2469145
30 68 2469148
30 25 2469157
30 27 2469166
30 5 2469173
30 19 2469179
30 38 2469188
30 23 2469192
30 11 2469192
30 46 2469194
30 15 2469201
30 57 2469206
30 21 2469213
30 22 2469216
30 59 2469218
30 67 2469218
30 8 2469220
30 38 2469221
30 73 2469230
30 0 2469235
30 45 2469237
30 26 2469238
30 65 2469246
30 37 2469247
30 54 2469255
30 20 2469257
30 15 2469261
30 27 2469270
30 48 2469274
30 68 2469274
30 10 2469279
30 33 2469279
30 70 2469286
30 72 2469291
30 17 2469299
30 40 2469308
30 29 2469309
30 66 2469315
30 62 2469319
30 52 2469327
30 24 2469329
30 9 2469332
30 11 2469338
30 23 2469339
30 75 2469340
30 43 2469341
30 12 2469350
30 56 2469355
30 7 2469359
30 14 2469364
30 63 2469371
30 25 2469378
30 57 2469385
30 61 2469385
30 49 2469389
30 44 2469396
30 28 2469403
31 2 2469406
31 15 2469409
31 6 2469410
31 11 2469413
31 60 2469413
31 8 2469421
31 24 2469428
31 49 2469431
31 1 2469433
31 38 2469438
31 51 2469441
31 36 2469442
31 80 2469450
31 45 2469458
31 77 2469460
31 30 2469460
31 57 2469467
31 5 2469471
31 39 2469473
31 32 2469476
31 63 2469476
31 7 2469476
31 76 2469481
31 47 2469489
31 42 2469489
31 33 2469497
31 27 2469504
31 52 2469505
31 12 2469511
31 44 2469520
31 55 2469526
31 26 2469527
31 25 2469534
31 13 2469541
31 23 2469541
31 40 2469550
31 79 2469551
31 50 2469557
31 71 2469566
31 14 2469567
31 64 2469567
31 78 2469574
31 10 2469579
31 68 2469579
31 61 2469588
31 35 2469588
31 19 2469595
31 53 2469604
31 75 2469611
31 66 2469618
31 74 2469627
31 13 2469630
31 39 2469638
31 2 2469647
31 60 2469654
31 69 2469656
31 28 2469657
31 41 2469659
31 62 2469668
31 52 2469677
31 59 2469682
31 6 2469682
31 40 2469688
31 19 2469688
31 80 2469694
31 49 2469694
31 8 2469700
31 5 2469706
31 18 2469708
31 68 2469712
31 79 2469718
31 21 2469718
31 47 2469727
31 45 2469732
31 17 2469734
31 64 2469741
31 44 2469741
31 50 2469748
31 57 2469757
31 38 2469763
31 46 2469766
31 24 2469768
31 32 2469768
31 65 2469776
31 23 2469785
31 53 2469788
31 48 2469790
31 9 2469798
31 54 2469799
31 77 2469805
31 14 2469805
31 16 2469811
31 75 2469816
31 35 2469819
31 71 2469823
31 42 2469830
31 25 2469830
31 55 2469832
31 34 2469839
32 50 2469842
32 7 2469847
32 0 2469847
32 2 2469847
32 63 2469848
32 11 2469853
32 71 2469854
32 54 2469863
32 5 2469871
32 58 2469871
32 27 2469876
32 75 2469878
32 47 2469882
32 22 2469884
32 73 2469893
32 52 2469900
32 36 2469907
32 3 2469910
32 20 2469919
32 64 2469920
32 33 2469921
32 61 2469927
32 16 2469932
32 69 2469932
32 18 2469940
32 8 2469949
32 31 2469950
32 34 2469952
32 80 2469954
32 37 2469963
32 38 2469964
32 56 2469970
32 13 2469979
32 24 2469985
32 76 2469994
32 81 2469999
32 30 2470003
32 31 2470011
32 28 2470019
32 44 2470028
32 70 2470030
32 6 2470032
32 2 2470037
32 27 2470042
32 64 2470051
32 69 2470058
32 3 2470060
32 52 2470064
32 38 2470068
32 37 2470074
32 60 2470074
32 8 2470083
32 43 2470087
32 77 2470092
32 78 2470097
32 45 2470100
32 13 2470107
32 12 2470111
32 53 2470113
32 54 2470120
32 34 2470124
32 19 2470125
32 59 2470134
32 68 2470138
32 11 2470140
32 46 2470145
32 65 2470152
32 9 2470156
33 5 2470156
33 16 2470157
33 61 2470162
33 49 2470163
33 69 2470165
33 41 2470166
33 14 2470173
33 64 2470180
33 74 2470185
33 40 2470193
33 8 2470194
33 38 2470200
33 70 2470206
33 65 2470214
33 0 2470214
33 48 2470221
33 42 2470222
33 62 2470223
33 7 2470229
33 31 2470229
33 9 2470235
33 2 2470244
33 47 2470248
33 27 2470254
33 20 2470263
33 6 2470264
33 10 2470272
33 60 2470277
33 68 2470277
33 15 2470285
33 22 2470286
33 18 2470294
33 24 2470297
33 71 2470297
33 67 2470303
33 54 2470304
33 4 2470305
33 11 2470314
33 23 2470321
33 44 2470323
33 9 2470332
33 10 2470339
33 13 2470348
33 35 2470355
33 28 2470359
33 56 2470361
33 29 2470366
33 50 2470370
33 77 2470375
33 39 2470379
33 42 2470382
33 31 2470385
33 58 2470391
33 6 2470399
33 2 2470399
33 75 2470399
33 17 2470402
33 41 2470406
33 46 2470409
33 59 2470413
33 22 2470421
33 76 2470425
33 26 2470434
33 65 2470437
33 73 2470439
33 74 2470439
33 7 2470445
33 32 2470450
33 27 2470452
33 34 2470458
33 0 2470459
33 1 2470464
33 81 2470471
33 19 2470474
33 54 2470478
33 70 2470487
33 47 2470494
34 81 2470503
34 9 2470509
34 30 2470510
34 60 2470514
34 2 2470520
34 75 2470529
34 1 2470534
34 13 2470534
34 68 2470535
34 33 2470542
34 66 2470551
34 29 2470559
34 53 2470568
34 15 2470572
34 67 2470575
34 77 2470575
34 4 2470576
34 10 2470576
34 70 2470580
34 50 2470582
34 76 2470584
34 45 2470589
34 31 2470595
34 27 2470603
34 40 2470605
34 73 2470606
34 8 2470607
34 12 2470609
34 78 2470613
34 24 2470613
34 22 2470618
34 61 2470627
34 64 2470632
34 32 2470641
34 48 2470648
34 0 2470653
34 28 2470661
34 25 2470668
34 36 2470676
34 47 2470677
34 19 2470682
34 23 2470688
34 14 2470693
34 39 2470696
34 26 2470700
34 62 2470709
34 47 2470711
34 20 2470720
34 24 2470723
34 60 2470725
34 70 2470726
34 29 2470731
34 73 2470733
34 80 2470741
34 21 2470748
34 33 2470752
34 52 2470755
34 51 2470755
34 71 2470764
34 75 2470769
34 57 2470776
34 22 2470777
34 72 2470786
34 66 2470793
34 78 2470799
34 25 2470808
34 40 2470816
34 50 2470817
34 10 2470817
34 28 2470821
34 16 2470828
34 37 2470831
34 81 2470833
34 43 2470836
34 76 2470840
34 19 2470843
34 61 2470844
34 58 2470845
34 15 2470847
34 14 2470854
34 1 2470856
34 69 2470865
34 9 2470868
34 41 2470875
34 8 2470881
35 3 2470883
35 47 2470892
35 7 2470900
35 31 2470902
35 34 2470908
36 73 2470915
36 53 2470924
36 50 2470929
36 47 2470930
36 46 2470934
36 30 2470941
36 27 2470949
36 16 2470956
36 81 2470963
36 42 2470971
36 23 2470972
36 35 2470978
36 14 2470984
36 20 2470988
36 69 2470989
36 41 2470991
36 57 2470995
36 60 2470997
36 59 2471003
36 17 2471011
36 38 2471011
36 51 2471016
36 13 2471018
36 37 2471023
36 52 2471024
36 63 2471026
36 79 2471029
36 25 2471034
36 70 2471036
36 28 2471039
36 7 2471039
36 67 2471041
36 31 2471045
36 34 2471049
36 32 2471054
36 77 2471060
36 12 2471069
36 64 2471071
36 17 2471079
36 44 2471087
36 46 2471088
36 78 2471095
36 76 2471100
36 25 2471106
36 70 2471107
36 77 2471111
36 60 2471117
36 9 2471124
36 52 2471126
36 51 2471131
36 18 2471136
36 0 2471145
36 12 2471152
36 43 2471158
36 69 2471166
36 16 2471175
36 53 2471183
36 58 2471187
36 54 2471190
36 45 2471193
36 34 2471202
36 47 2471205
36 15 2471207
36 75 2471207
36 7 2471214
36 48 2471219
36 4 2471222
36 62 2471230
36 21 2471239
36 35 2471247
37 2 2471253
37 45 2471258
37 72 2471267
37 68 2471269
37 15 2471278
37 64 2471279
37 12 2471282
37 29 2471289
37 61 2471292
37 40 2471295
37 31 2471301
37 1 2471307
37 78 2471309
37 36 2471318
37 19 2471325
37 49 2471333
37 38 2471338
37 44 2471343
37 5 2471345
37 34 2471351
37 16 2471351
37 59 2471353
37 8 2471360
37 48 2471360
37 65 2471368
37 57 2471370
37 54 2471376
37 28 2471377
37 30 2471378
37 70 2471384
37 60 2471389
37 48 2471394
37 14 2471402
37 34 2471403
37 15 2471407
37 40 2471408
37 79 2471414
37 12 2471415
37 16 2471415
37 6 2471418
37 53 2471422
37 13 2471431
37 27 2471439
37 23 2471442
37 28 2471448
37 67 2471452
37 47 2471452
37 64 2471452
37 3 2471454
37 70 2471456
37 38 2471458
37 54 2471462
37 24 2471471
37 62 2471478
37 44 2471483
37 81 2471485
37 8 2471488
37 43 2471492
37 58 2471495
37 5 2471504
37 50 2471511
38 17 2471511
38 39 2471512
38 76 2471519
38 66 2471527
38 27 2471529
38 8 2471532
38 30 2471538
38 53 2471544
38 24 2471551
38 75 2471551
38 40 2471555
38 51 2471562
38 65 2471571
38 80 2471576
38 58 2471579
38 47 2471580
38 60 2471589
38 5 2471595
38 32 2471603
38 1 2471605
38 34 2471614
38 45 2471615
38 3 2471616
38 26 2471616
38 43 2471622
38 52 2471630
38 31 2471631
38 10 2471639
38 29 2471643
38 2 2471643
38 70 2471646
38 69 2471655
38 80 2471658
38 27 2471666
38 40 2471670
38 39 2471671
38 32 2471678
38 41 2471687
38 52 2471687
38 8 2471690
38 47 2471690
38 35 2471690
38 54 2471695
38 5 2471704
38 28 2471706
38 16 2471711
38 29 2471712
38 6 2471718
38 78 2471724
38 15 2471725
38 25 2471734
38 20 2471734
38 45 2471740
38 55 2471742
38 48 2471745
38 33 2471751
38 71 2471757
38 17 2471761
38 64 2471768
38 34 2471777
38 37 2471784
38 12 2471785
38 7 2471794
39 71 2471797
39 78 2471805
39 38 2471813
39 1 2471820
39 11 2471823
39 58 2471832
39 49 2471837
39 44 2471844
39 66 2471850
39 81 2471855
39 65 2471855
39 15 2471859
39 80 2471865
39 6 2471873
39 67 2471877
39 41 2471878
39 14 2471887
39 2 2471890
39 5 2471899
39 19 2471908
39 26 2471914
39 57 2471922
39 50 2471929
39 72 2471938
39 22 2471945
39 77 2471949
39 43 2471956
39 9 2471963
39 16 2471972
39 45 2471979
39 60 2471985
39 62 2471994
39 63 2471997
39 47 2472000
39 24 2472001
39 55 2472002
39 4 2472004
39 8 2472009
39 19 2472009
39 23 2472009
39 5 2472010
39 10 2472014
39 3 2472021
39 16 2472023
39 69 2472029
39 40 2472037
39 75 2472045
39 49 2472051
39 71 2472058
39 17 2472067
39 6 2472075
39 80 2472081
39 14 2472087
39 72 2472094
39 58 2472097
39 38 2472102
39 2 2472110
39 36 2472111
39 59 2472111
39 67 2472119
39 52 2472124
39 18 2472129
39 51 2472131
39 57 2472139
39 61 2472147
39 66 2472149
39 0 2472157
39 70 2472157
39 43 2472164
39 76 2472168
39 7 2472168
39 64 2472172
39 21 2472178
39 81 2472185
40 26 2472191
40 54 2472199
40 76 2472204
40 38 2472205
40 24 2472205
40 42 2472211
40 70 2472215
41 54 2472223
41 49 2472224
41 37 2472227
41 44 2472227
41 5 2472231
41 58 2472231
41 63 2472238
41 15 2472245
41 6 2472250
41 45 2472254
41 77 2472256
42 19 2472260
42 35 2472261
42 46 2472262
42 21 2472264
42 9 2472268
42 65 2472274
42 0 2472276
42 59 2472283
42 6 2472286
42 10 2472294
42 1 2472296
42 47 2472302
42 60 2472302
42 38 2472308
42 63 2472313
42 7 2472313
42 3 2472316
42 4 2472323
42 66 2472332
42 14 2472339
42 43 2472347
42 16 2472355
42 53 2472359
42 39 2472366
42 2 2472375
42 51 2472382
42 69 2472387
42 40 2472391
42 8 2472395
42 52 2472404
42 72 2472413
42 50 2472422
42 18 2472429
42 79 2472437
42 25 2472438
42 37 2472439
42 70 2472447
42 74 2472454
42 24 2472461
42 56 2472464
42 58 2472466
42 54 2472470
42 62 2472470
42 75 2472474
42 29 2472475
42 64 2472484
42 27 2472487
42 81 2472495
42 41 2472502
42 33 2472509
42 78 2472512
42 26 2472516
42 72 2472524
42 10 2472524
42 56 2472531
42 65 2472537
42 24 2472537
42 21 2472540
42 81 2472548
42 58 2472550
42 20 2472559
42 74 2472559
42 50 2472568
42 45 2472572
42 14 2472579
42 18 2472583
42 12 2472587
42 5 2472592
42 2 2472593
42 29 2472597
42 70 2472601
42 47 2472602
42 55 2472609
42 54 2472609
42 63 2472610
42 6 2472610
42 40 2472613
42 9 2472613
42 79 2472613
42 25 2472616
42 64 2472623
42 69 2472625
42 60 2472627
42 36 2472627
42 67 2472630
42 68 2472635
42 17 2472643
42 7 2472645
42 49 2472650
42 35 2472654
42 4 2472662
42 15 2472663
42 31 2472669
42 30 2472676
42 61 2472681
42 38 2472686
42 44 2472689
42 53 2472696
42 37 2472702
42 75 2472704
43 13 2472710
43 36 2472714
43 21 2472717
43 10 2472724
43 81 2472729
43 24 2472733
43 76 2472733
43 7 2472740
43 49 2472742
43 46 2472748
43 25 2472757
43 20 2472761
43 60 2472763
43 37 2472770
43 56 2472778
43 23 2472780
43 8 2472780
43 79 2472785
43 19 2472787
43 58 2472796
43 61 2472800
43 25 2472806
43 73 2472814
43 40 2472821
43 41 2472823
43 34 2472824
43 39 2472824
43 22 2472828
43 30 2472832
43 80 2472841
43 8 2472850
43 26 2472859
44 4 2472859
44 69 2472863
44 30 2472871
44 51 2472875
44 16 2472881
44 65 2472881
44 48 2472884
45 31 2472884
45 32 2472893
45 19 2472898
45 52 2472907
45 38 2472913
45 26 2472919
45 72 2472925
45 79 2472929
45 23 2472937
45 36 2472940
45 44 2472949
45 80 2472954
45 13 2472957
45 67 2472966
45 30 2472970
45 12 2472979
45 58 2472987
45 41 2472993
45 77 2472999
45 20 2473005
45 62 2473014
45 76 2473017
45 10 2473026
45 24 2473032
45 9 2473040
45 43 2473049
45 78 2473049
45 61 2473054
45 35 2473058
45 51 2473064
45 29 2473071
45 57 2473074
45 48 2473083
45 4 2473086
45 40 2473090
45 20 2473097
45 14 2473100
45 65 2473107
45 46 2473112
45 81 2473113
45 42 2473118
45 7 2473118
45 33 2473127
45 60 2473127
45 54 2473129
45 16 2473136
45 9 2473141
45 49 2473150
45 15 2473152
45 34 2473154
45 66 2473163
45 25 2473169
45 38 2473178
45 27 2473183
45 70 2473190
45 19 2473196
45 58 2473196
45 62 2473198
45 79 2473203
46 7 2473208
46 77 2473215
46 79 2473218
46 57 2473224
46 11 2473229
46 53 2473230
46 16 2473233
46 75 2473233
46 63 2473240
46 1 2473243
46 52 2473251
46 68 2473258
46 50 2473267
46 47 2473270
46 59 2473270
46 58 2473277
46 35 2473281
46 9 2473290
46 73 2473296
46 69 2473301
46 43 2473302
46 21 2473309
46 56 2473309
46 42 2473314
46 30 2473316
46 80 2473317
46 48 2473323
46 44 2473326
46 26 2473334
46 72 2473335
46 60 2473344
46 34 2473349
46 51 2473351
46 15 2473356
46 81 2473358
46 60 2473365
46 4 2473368
46 71 2473377
46 69 2473383
46 35 2473391
46 78 2473394
46 2 2473402
46 79 2473408
46 6 2473412
46 51 2473420
46 73 2473428
46 39 2473429
46 28 2473437
46 58 2473444
46 17 2473444
46 11 2473447
46 24 2473447
46 32 2473450
46 9 2473458
46 37 2473461
46 18 2473461
46 64 2473470
46 72 2473475
46 40 2473477
46 19 2473483
46 16 2473487
46 76 2473491
46 42 2473491
46 53 2473493
46 41 2473499
46 47 2473501
46 5 2473504
46 29 2473504
47 41 2473512
47 28 2473512
47 76 2473512
47 73 2473517
47 79 2473524
47 71 2473533
47 34 2473542
47 23 2473542
47 78 2473547
47 11 2473550
47 5 2473556
47 77 2473557
47 63 2473557
47 30 2473563
47 18 2473568
47 67 2473574
47 49 2473574
47 27 2473575
47 24 2473583
47 62 2473584
47 4 2473593
47 68 2473593
47 35 2473601
47 15 2473604
47 17 2473609
47 44 2473615
47 56 2473616
47 48 2473622
47 61 2473625
47 70 2473632
47 39 2473638
47 21 2473640
47 19 2473645
47 75 2473653
47 1 2473656
47 64 2473663
47 2 2473669
47 14 2473672
47 57 2473673
47 38 2473679
47 58 2473680
47 31 2473686
47 66 2473690
47 3 2473697
47 29 2473701
47 55 2473710
47 51 2473717
47 32 2473717
47 20 2473724
47 59 2473733
47 7 2473738
47 15 2473747
47 60 2473754
47 51 2473763
47 69 2473765
47 44 2473769
47 39 2473774
47 41 2473777
47 80 2473777
47 36 2473782
47 66 2473783
47 1 2473786
47 7 2473794
47 73 2473797
47 63 2473799
47 81 2473799
47 22 2473806
47 3 2473807
47 24 2473809
47 50 2473814
47 6 2473817
47 28 2473820
47 64 2473827
47 77 2473833
47 4 2473840
47 76 2473842
47 34 2473849
47 12 2473853
47 32 2473854
47 46 2473861
47 11 2473861
47 78 2473870
47 54 2473875
47 75 2473879
47 56 2473887
47 62 2473892
47 18 2473899
47 68 2473905
47 14 2473913
47 2 2473920
47 37 2473927
47 61 2473935
47 53 2473940
47 55 2473949
47 27 2473954
47 58 2473963
47 49 2473966
47 31 2473966
47 13 2473974
47 20 2473978
47 5 2473978
47 25 2473986
48 47 2473992
48 77 2473994
48 51 2473994
48 7 2474001
48 3 2474008
48 24 2474016
48 34 2474019
48 27 2474020
48 73 2474025
48 2 2474034
48 19 2474041
48 65 2474042
48 38 2474050
48 31 2474055
48 58 2474064
48 26 2474072
48 56 2474073
48 50 2474080
48 32 2474084
48 46 2474084
48 80 2474087
48 62 2474093
48 74 2474100
48 68 2474107
48 18 2474116
48 55 2474117
48 41 2474122
48 12 2474122
48 24 2474126
48 31 2474134
48 54 2474139
48 26 2474146
48 6 2474150
48 40 2474158
48 56 2474158
48 14 2474163
48 16 2474167
48 10 2474170
48 29 2474172
48 11 2474174
48 72 2474182
48 20 2474191
48 44 2474196
48 52 2474198
49 5 2474207
49 60 2474214
49 18 2474221
49 23 2474230
49 8 2474230
49 53 2474236
49 41 2474245
49 0 2474249
49 63 2474254
49 36 2474254
49 17 2474257
49 11 2474264
49 21 2474268
49 7 2474268
49 13 2474277
49 43 2474285
49 46 2474287
49 20 2474294
49 30 2474302
49 72 2474306
49 31 2474307
49 22 2474312
49 50 2474319
49 73 2474323
49 64 2474327
49 67 2474330
49 77 2474331
49 26 2474333
49 42 2474336
49 70 2474343
49 3 2474349
49 58 2474351
49 38 2474357
49 12 2474358
49 80 2474364
49 29 2474370
49 81 2474375
49 16 2474384
49 69 2474388
49 59 2474389
49 61 2474397
49 41 2474397
49 15 2474399
49 60 2474400
49 67 2474405
49 40 2474406
49 12 2474414
49 65 2474421
49 62 2474421
49 45 2474422
49 27 2474426
49 16 2474430
49 61 2474430
49 73 2474432
49 24 2474434
49 36 2474435
49 26 2474438
49 57 2474445
49 28 2474454
49 78 2474460
49 69 2474468
49 11 2474472
49 22 2474481
49 81 2474488
49 79 2474492
49 56 2474493
49 30 2474501
49 55 2474508
49 2 2474512
49 13 2474519
49 51 2474528
49 80 2474530
49 0 2474537
49 38 2474538
49 63 2474544
49 54 2474548
49 46 2474554
49 76 2474558
49 53 2474561
50 23 2474567
50 55 2474570
50 15 2474574
50 80 2474579
50 56 2474581
50 13 2474583
50 24 2474589
50 8 2474592
51 81 2474592
51 64 2474599
51 34 2474599
51 3 2474608
51 24 2474617
51 4 2474621
51 17 2474621
51 22 2474623
51 67 2474627
51 49 2474632
51 1 2474635
51 52 2474635
51 36 2474637
51 47 2474638
51 46 2474639
51 35 2474639
51 25 2474647
51 8 2474652
51 41 2474660
51 54 2474669
51 9 2474674
51 56 2474679
51 16 2474681
51 52 2474690
51 12 2474698
51 80 2474702
51 34 2474706
51 15 2474711
51 73 2474717
51 78 2474718
51 0 2474723
51 11 2474724
51 38 2474727
51 62 2474728
51 8 2474731
51 70 2474736
51 2 2474744
51 68 2474748
51 6 2474748
51 61 2474750
51 69 2474757
51 23 2474761
51 53 2474764
52 51 2474768
52 64 2474773
52 35 2474781
52 9 2474788
52 72 2474790
52 65 2474791
52 78 2474799
52 33 2474801
52 53 2474804
52 28 2474813
52 69 2474816
52 12 2474822
52 41 2474824
52 59 2474826
52 36 2474830
52 38 2474837
52 49 2474839
52 55 2474839
52 60 2474844
52 11 2474844
52 26 2474847
52 56 2474849
52 54 2474849
52 32 2474858
52 37 2474865
52 6 2474870
52 61 2474877
52 15 2474880
52 75 2474889
52 40 2474895
52 66 2474897
52 10 2474905
52 67 2474911
52 1 2474919
52 44 2474921
52 62 2474926
52 47 2474931
52 4 2474933
52 80 2474938
52 45 2474943
52 13 2474951
52 70 2474951
52 63 2474956
52 50 2474959
52 16 2474965
52 40 2474966
52 37 2474969
52 34 2474973
52 75 2474973
52 36 2474980
52 17 2474987
52 41 2474987
52 61 2474991
52 49 2474995
52 4 2475001
52 67 2475004
52 25 2475005
52 12 2475014
52 7 2475016
52 10 2475020
52 15 2475027
52 53 2475030
52 19 2475031
52 11 2475032
52 38 2475034
52 56 2475037
52 59 2475046
52 5 2475050
52 14 2475056
52 23 2475059
52 32 2475065
52 24 2475071
52 55 2475075
52 22 2475083
52 45 2475092
52 44 2475096
52 39 2475097
52 0 2475104
52 54 2475108
52 81 2475117
52 20 2475118
52 2 2475121
52 28 2475127
52 72 2475134
52 66 2475134
52 60 2475138
52 78 2475140
52 26 2475145
52 21 2475145
52 27 2475153
53 6 2475161
53 33 2475166
53 81 2475167
53 27 2475167
53 68 2475173
53 16 2475175
53 2 2475180
53 14 2475180
53 61 2475186
53 5 2475191
53 50 2475191
53 35 2475191
53 50 2475195
53 51 2475199
53 62 2475205
53 54 2475206
53 71 2475211
53 76 2475215
53 36 2475215
53 5 2475219
53 68 2475220
53 67 2475226
53 22 2475233
53 55 2475241
54 60 2475246
54 64 2475252
54 47 2475260
54 59 2475269
54 78 2475273
54 34 2475274
54 29 2475275
54 8 2475278
54 43 2475284
54 46 2475288
54 17 2475292
54 4 2475294
54 9 2475296
54 30 2475305
54 20 2475313
54 78 2475316
54 23 2475325
54 2 2475332
54 34 2475334
54 41 2475336
54 12 2475336
54 76 2475338
55 37 2475338
55 10 2475347
55 46 2475351
55 4 2475353
55 80 2475361
55 12 2475362
55 1 2475365
55 69 2475368
55 16 2475376
55 54 2475378
55 13 2475381
55 21 2475381
55 75 2475384
55 44 2475385
55 0 2475392
55 53 2475398
55 17 2475398
55 22 2475407
55 6 2475407
55 31 2475416
55 19 2475423
55 9 2475423
55 64 2475432
55 7 2475437
55 14 2475439
55 11 2475446
55 61 2475446
55 34 2475454
55 30 2475457
55 72 2475461
55 26 2475465
55 70 2475474
55 2 2475482
55 79 2475486
55 52 2475492
55 68 2475495
55 66 2475496
55 73 2475502
55 39 2475509
55 4 2475516
55 17 2475523
55 29 2475529
55 7 2475533
55 24 2475534
55 14 2475538
55 77 2475546
55 15 2475547
55 36 2475553
55 21 2475553
55 46 2475561
55 71 2475564
55 63 2475570
55 41 2475577
55 32 2475584
55 51 2475588
55 33 2475589
55 45 2475593
55 59 2475595
55 13 2475604
56 24 2475607
56 69 2475610
56 70 2475612
56 7 2475619
56 11 2475620
56 49 2475628
56 47 2475628
56 4 2475631
56 9 2475632
56 41 2475632
56 40 2475637
56 23 2475646
56 39 2475654
56 58 2475663
56 15 2475668
56 55 2475675
56 42 2475676
56 77 2475679
56 62 2475685
56 61 2475690
56 71 2475693
56 5 2475701
56 10 2475702
56 33 2475708
56 17 2475712
56 3 2475719
56 76 2475722
56 73 2475724
56 46 2475726
56 60 2475734
56 13 2475737
56 50 2475742
56 51 2475742
56 59 2475742
56 53 2475746
56 12 2475752
56 72 2475754
56 43 2475763
56 81 2475767
56 57 2475774
56 8 2475781
56 49 2475784
56 75 2475785
56 79 2475788
56 80 2475791
56 10 2475797
56 77 2475805
56 5 2475812
56 2 2475816
56 15 2475824
56 67 2475832
56 28 2475833
56 62 2475841
56 25 2475850
56 38 2475853
56 31 2475859
56 45 2475866
56 27 2475868
56 64 2475877
56 74 2475884
56 59 2475892
56 66 2475900
56 41 2475906
56 1 2475911
56 52 2475918
56 35 2475923
56 16 2475924
56 14 2475932
56 48 2475938
56 50 2475947
56 13 2475948
56 54 2475957
56 51 2475958
56 19 2475958
56 53 2475962
56 60 2475968
56 58 2475969
56 47 2475969
56 42 2475976
56 12 2475976
56 6 2475985
56 30 2475993
56 9 2475993
56 71 2475995
57 1 2476004
57 54 2476004
57 67 2476007
57 34 2476016
57 73 2476021
57 8 2476025
57 9 2476034
57 64 2476039
57 70 2476045
57 38 2476051
57 74 2476058
57 31 2476065
57 18 2476069
57 77 2476070
58 11 2476076
58 67 2476081
58 66 2476082
58 0 2476084
58 14 2476086
59 23 2476092
59 78 2476098
59 26 2476105
59 7 2476107
59 22 2476109
59 12 2476109
59 47 2476110
59 52 2476119
59 5 2476126
59 79 2476131
59 61 2476140
59 48 2476148
59 51 2476153
59 16 2476161
59 43 2476161
59 9 2476166
59 4 2476167
59 35 2476167
59 53 2476173
59 1 2476178
59 50 2476186
59 76 2476195
59 37 2476201
59 34 2476201
59 27 2476205
59 44 2476208
59 42 2476208
59 58 2476216
59 66 2476221
59 14 2476230
59 38 2476239
59 57 2476244
59 65 2476248
59 80 2476254
59 32 2476262
59 72 2476262
59 21 2476265
59 17 2476266
59 36 2476275
59 74 2476281
59 28 2476286
59 60 2476286
59 18 2476292
59 55 2476293
59 15 2476293
59 62 2476294
59 8 2476301
59 44 2476310
59 28 2476319
59 29 2476327
59 64 2476336
59 58 2476344
59 75 2476352
59 67 2476353
59 23 2476353
59 71 2476357
59 66 2476358
59 80 2476367
59 40 2476368
59 74 2476368
59 37 2476368
59 50 2476374
59 51 2476381
59 52 2476388
59 48 2476392
59 73 2476397
59 45 2476397
59 1 2476400
59 69 2476404
59 49 2476404
59 54 2476408
59 43 2476414
59 22 2476415
59 41 2476420
59 16 2476424
59 15 2476424
59 20 2476432
59 31 2476432
59 25 2476437
59 61 2476441
59 12 2476442
59 0 2476451
59 81 2476459
59 78 2476465
59 46 2476470
59 4 2476471
59 3 2476475
59 21 2476480
59 68 2476487
59 72 2476489
59 38 2476492
59 57 2476494
59 18 2476498
60 48 2476506
60 7 2476512
60 12 2476514
60 1 2476517
60 74 2476526
60 13 2476528
60 26 2476530
60 28 2476537
60 45 2476545
60 47 2476551
60 29 2476560
60 36 2476564
60 79 2476567
60 27 2476575
60 59 2476576
60 50 2476585
60 31 2476589
60 37 2476597
60 39 2476604
60 71 2476613
60 67 2476620
60 75 2476624
60 25 2476624
60 9 2476629
60 72 2476631
60 64 2476632
60 70 2476633
60 32 2476637
60 52 2476642
60 80 2476647
60 0 2476650
60 33 2476652
60 20 2476660
60 56 2476663
60 19 2476672
60 54 2476677
60 21 2476680
60 58 2476685
60 29 2476694
60 73 2476698
60 37 2476703
60 66 2476712
60 39 2476717
60 7 2476717
60 69 2476720
60 56 2476727
60 61 2476729
60 41 2476735
60 26 2476740
60 51 2476743
60 30 2476745
60 25 2476750
60 59 2476758
60 31 2476759
60 16 2476760
60 57 2476768
60 2 2476768
60 9 2476768
60 62 2476775
60 42 2476775
60 11 2476782
60 18 2476783
60 6 2476786
60 17 2476787
60 4 2476787
60 35 2476790
60 54 2476799
60 10 2476800
61 75 2476801
61 37 2476808
61 50 2476814
61 42 2476819
61 62 2476827
61 44 2476834
61 78 2476838
61 1 2476845
61 8 2476849
61 55 2476852
61 67 2476860
61 11 2476860
61 64 2476863
61 33 2476864
61 70 2476868
61 58 2476877
61 31 2476883
61 45 2476892
61 27 2476899
61 24 2476903
61 47 2476903
61 12 2476904
61 34 2476906
61 76 2476907
61 35 2476913
61 48 2476921
61 30 2476923
61 57 2476926
61 60 2476927
61 21 2476934
61 53 2476940
61 29 2476942
61 80 2476945
61 81 2476952
61 7 2476958
61 45 2476964
61 12 2476969
61 32 2476969
61 41 2476977
61 13 2476979
61 2 2476980
61 25 2476986
61 52 2476991
61 63 2476995
61 78 2477003
61 74 2477005
61 80 2477006
61 38 2477006
61 71 2477014
61 70 2477015
61 81 2477016
61 9 2477019
61 42 2477025
61 51 2477027
61 73 2477027
61 40 2477036
61 29 2477044
61 11 2477045
61 3 2477050
61 23 2477051
61 46 2477059
61 26 2477068
61 36 2477073
61 37 2477078
61 47 2477086
61 30 2477090
62 29 2477097
62 14 2477105
63 18 2477110
63 64 2477115
63 29 2477120
63 45 2477128
63 47 2477136
63 14 2477144
63 61 2477153
63 1 2477159
63 46 2477159
63 32 2477163
63 4 2477163
63 67 2477165
63 5 2477165
63 20 2477165
63 37 2477165
63 22 2477172
63 81 2477175
63 10 2477179
63 33 2477182
63 13 2477189
63 76 2477195
63 23 2477203
63 57 2477206
63 36 2477207
63 0 2477209
63 68 2477217
63 54 2477219
63 9 2477223
63 77 2477232
63 51 2477232
63 2 2477237
63 41 2477246
63 38 2477248
63 19 2477252
63 59 2477259
63 73 2477262
63 35 2477264
63 72 2477269
63 56 2477269
63 26 2477277
63 40 2477283
63 79 2477286
63 73 2477286
63 32 2477290
63 35 2477298
63 47 2477302
63 10 2477303
63 19 2477312
63 9 2477316
63 49 2477325
63 29 2477330
63 7 2477331
63 15 2477338
63 66 2477338
63 53 2477344
63 6 2477344
63 64 2477351
63 21 2477359
63 77 2477360
63 5 2477369
63 43 2477369
63 75 2477372
63 71 2477376
63 80 2477384
63 38 2477392
63 59 2477395
63 67 2477402
63 14 2477404
63 62 2477407
63 31 2477411
63 13 2477413
63 34 2477417
63 8 2477424
63 27 2477424
63 78 2477426
63 56 2477433
63 41 2477439
63 11 2477448
63 76 2477453
64 81 2477459
64 54 2477467
64 60 2477471
64 10 2477471
64 58 2477480
64 23 2477488
64 56 2477491
64 17 2477495
64 21 2477500
64 12 2477506
64 35 2477509
64 39 2477510
64 13 2477517
64 1 2477526
64 42 2477530
64 37 2477536
64 16 2477545
64 74 2477545
64 66 2477550
64 3 2477550
64 47 2477558
64 20 2477560
64 71 2477568
64 48 2477576
64 75 2477581
64 31 2477584
64 57 2477591
64 28 2477600
64 11 2477605
64 27 2477609
64 79 2477612
64 8 2477619
64 6 2477620
64 62 2477624
64 7 2477632
64 9 2477641
64 25 2477647
64 5 2477651
64 73 2477659
64 61 2477659
64 53 2477663
64 59 2477670
64 70 2477674
64 15 2477674
64 14 2477681
64 32 2477688
64 45 2477696
64 72 2477697
64 32 2477701
64 10 2477703
64 43 2477707
64 27 2477713
64 63 2477722
64 45 2477728
64 41 2477732
64 52 2477740
64 51 2477742
64 73 2477750
64 24 2477758
64 53 2477766
64 38 2477772
64 19 2477776
64 15 2477783
64 21 2477788
64 62 2477791
64 16 2477798
64 11 2477804
64 29 2477813
64 8 2477821
64 60 2477827
64 54 2477834
64 78 2477840
64 46 2477847
64 77 2477847
64 0 2477849
64 48 2477856
64 61 2477858
64 79 2477859
64 67 2477866
64 72 2477872
64 49 2477876
64 55 2477877
64 26 2477886
64 1 2477888
64 28 2477897
64 75 2477905
64 76 2477911
64 17 2477914
64 71 2477915
64 22 2477921
64 7 2477926
64 14 2477933
65 46 2477937
65 12 2477940
65 18 2477949
65 60 2477957
65 77 2477960
65 8 2477969
65 48 2477976
65 63 2477979
65 16 2477983
65 39 2477983
65 66 2477992
65 69 2477996
65 1 2477998
65 47 2477998
65 29 2478002
65 25 2478003
65 56 2478006
65 49 2478010
65 70 2478012
65 33 2478016
65 34 2478017
65 7 2478018
65 55 2478022
65 50 2478023
65 42 2478023
65 67 2478030
65 32 2478037
65 81 2478040
65 38 2478046
65 24 2478048
65 10 2478055
65 37 2478060
65 79 2478065
65 26 2478065
65 2 2478065
65 23 2478067
65 13 2478075
65 35 2478083
65 3 2478090
65 6 2478095
65 30 2478102
65 45 2478105
65 0 2478113
65 39 2478115
65 62 2478124
65 25 2478129
65 45 2478134
65 73 2478136
65 20 2478143
65 59 2478147
65 74 2478152
65 55 2478156
65 70 2478158
65 49 2478164
65 21 2478170
65 24 2478175
65 47 2478182
65 63 2478184
65 43 2478185
65 16 2478188
65 13 2478196
65 36 2478199
65 66 2478200
65 67 2478208
65 40 2478208
65 7 2478214
65 9 2478214
65 56 2478214
65 77 2478219
65 23 2478225
65 33 2478225
65 22 2478233
65 32 2478240
65 52 2478249
65 3 2478256
65 71 2478256
65 50 2478263
65 31 2478267
65 54 2478267
65 28 2478274
65 29 2478282
65 6 2478282
65 46 2478285
65 68 2478286
65 78 2478293
65 2 2478299
65 48 2478305
65 4 2478307
66 15 2478309
66 42 2478316
66 58 2478323
66 64 2478323
66 51 2478325
66 38 2478328
66 20 2478335
66 39 2478341
66 71 2478341
66 35 2478345
66 28 2478345
66 5 2478354
66 45 2478359
66 67 2478368
66 62 2478377
66 65 2478380
66 75 2478386
66 79 2478388
66 13 2478394
66 2 2478395
66 8 2478396
66 44 2478404
66 81 2478404
66 34 2478411
66 7 2478411
66 30 2478413
66 76 2478414
66 37 2478423
66 63 2478431
66 19 2478439
66 43 2478439
66 6 2478441
66 40 2478444
66 24 2478448
66 52 2478454
66 53 2478461
66 46 2478466
66 78 2478473
66 74 2478480
66 57 2478485
66 18 2478486
66 1 2478495
66 9 2478498
66 33 2478506
66 69 2478512
66 3 2478520
66 23 2478526
66 32 2478535
66 31 2478543
66 10 2478544
66 39 2478553
66 0 2478556
66 28 2478563
66 1 2478564
66 9 2478566
66 44 2478575
66 47 2478579
66 16 2478583
66 54 2478587
66 51 2478596
66 48 2478602
66 67 2478609
66 35 2478611
66 32 2478615
66 53 2478622
66 57 2478622
66 8 2478624
66 11 2478627
66 63 2478636
66 23 2478642
66 52 2478645
66 24 2478652
66 21 2478657
66 72 2478659
66 70 2478662
66 25 2478670
66 27 2478673
66 2 2478678
66 64 2478679
66 73 2478679
66 13 2478687
66 4 2478694
66 31 2478703
66 20 2478704
66 14 2478704
66 22 2478707
66 40 2478714
66 30 2478717
66 55 2478718
66 49 2478725
66 36 2478728
66 29 2478733
66 77 2478736
66 45 2478739
66 61 2478739
66 81 2478742
66 15 2478747
66 12 2478756
66 3 2478757
67 76 2478757
67 68 2478761
67 66 2478766
67 0 2478769
67 47 2478771
67 11 2478779
67 13 2478783
67 57 2478792
67 43 2478800
67 77 2478801
67 22 2478808
67 34 2478817
67 50 2478817
67 65 2478823
67 61 2478823
67 58 2478823
67 32 2478827
67 10 2478830
67 26 2478839
68 77 2478839
68 15 2478843
68 80 2478843
68 16 2478847
68 51 2478856
68 21 2478861
68 22 2478870
68 72 2478879
68 5 2478883
68 73 2478890
68 59 2478891
68 25 2478896
68 75 2478901
68 67 2478908
68 65 2478917
68 18 2478924
68 29 2478930
68 15 2478933
68 64 2478941
68 60 2478950
68 63 2478950
68 3 2478958
68 71 2478967
68 8 2478969
68 12 2478970
68 31 2478976
68 1 2478978
68 77 2478978
68 50 2478986
68 73 2478992
68 2 2479000
68 17 2479004
69 42 2479009
69 0 2479017
69 75 2479020
69 36 2479024
69 16 2479024
69 47 2479025
69 34 2479029
69 71 2479032
69 23 2479032
69 49 2479036
69 61 2479045
69 32 2479050
69 77 2479059
69 63 2479062
69 4 2479068
69 18 2479076
69 68 2479079
69 12 2479082
69 77 2479088
69 71 2479096
69 61 2479103
69 39 2479107
69 62 2479109
69 5 2479112
69 6 2479114
69 38 2479123
69 56 2479132
69 54 2479138
69 19 2479147
69 46 2479152
69 79 2479153
69 31 2479155
69 67 2479159
69 15 2479167
69 48 2479168
69 73 2479173
70 54 2479180
70 6 2479185
70 48 2479187
70 3 2479191
70 71 2479195
70 44 2479202
70 24 2479207
70 26 2479212
70 43 2479215
70 33 2479219
70 32 2479220
70 46 2479228
70 7 2479237
70 14 2479243
70 45 2479248
70 19 2479249
70 53 2479252
70 28 2479255
70 23 2479259
70 21 2479265
70 34 2479269
70 13 2479272
70 30 2479280
70 72 2479287
70 38 2479296
70 67 2479304
70 40 2479308
70 27 2479308
70 42 2479309
70 63 2479310
70 16 2479314
70 59 2479323
70 11 2479328
70 39 2479336
70 78 2479339
70 76 2479345
70 31 2479353
70 61 2479354
70 17 2479355
70 23 2479359
70 18 2479364
70 26 2479366
70 20 2479369
70 65 2479369
70 52 2479371
70 2 2479378
70 60 2479378
70 48 2479386
70 47 2479386
70 30 2479389
70 80 2479390
70 46 2479398
70 32 2479399
70 7 2479402
70 16 2479403
70 57 2479411
70 59 2479414
70 37 2479422
70 55 2479425
70 58 2479428
70 45 2479428
70 13 2479433
70 66 2479437
70 14 2479446
70 67 2479455
70 6 2479461
70 11 2479467
70 35 2479469
70 72 2479469
70 0 2479470
70 73 2479472
71 53 2479472
71 52 2479477
71 61 2479478
71 54 2479486
71 74 2479489
71 4 2479496
71 81 2479502
71 35 2479506
71 58 2479512
71 0 2479518
71 36 2479521
71 63 2479521
71 18 2479527
71 5 2479527
71 34 2479535
71 48 2479535
71 45 2479544
71 19 2479553
71 26 2479555
71 73 2479556
71 15 2479565
71 23 2479569
71 25 2479569
71 78 2479572
71 37 2479581
71 57 2479586
71 62 2479593
71 40 2479600
71 32 2479601
71 10 2479605
71 13 2479609
71 30 2479609
71 51 2479609
71 33 2479613
71 38 2479622
71 20 2479625
71 80 2479626
71 27 2479626
71 28 2479632
71 56 2479636
71 6 2479643
71 72 2479652
71 7 2479659
71 47 2479667
71 12 2479675
71 44 2479679
71 2 2479682
71 22 2479688
71 9 2479695
71 17 2479696
71 70 2479699
71 49 2479705
71 41 2479712
71 9 2479719
71 62 2479722
71 15 2479724
71 53 2479727
71 10 2479734
71 80 2479743
71 79 2479748
71 78 2479748
71 76 2479752
71 31 2479756
71 1 2479762
71 56 2479763
71 21 2479769
71 77 2479774
71 67 2479780
71 42 2479786
71 22 2479795
71 4 2479799
71 58 2479807
71 32 2479816
71 68 2479825
71 51 2479830
71 30 2479830
71 59 2479835
71 34 2479844
71 0 2479847
71 29 2479853
71 43 2479862
71 17 2479862
71 11 2479866
71 38 2479871
71 81 2479873
71 65 2479881
71 60 2479888
71 54 2479897
71 69 2479901
71 72 2479904
71 33 2479911
71 6 2479917
71 70 2479923
71 7 2479926
71 41 2479928
71 25 2479932
71 44 2479936
71 5 2479937
71 27 2479944
71 45 2479949
71 40 2479951
71 14 2479955
71 73 2479964
71 61 2479970
71 28 2479971
72 52 2479972
72 29 2479973
72 78 2479973
72 40 2479974
72 23 2479977
72 69 2479986
72 74 2479992
72 80 2479994
72 32 2479999
72 13 2480000
72 0 2480005
72 56 2480009
72 31 2480014
72 33 2480019
72 28 2480027
72 46 2480028
72 20 2480035
72 1 2480040
72 48 2480044
72 16 2480053
72 30 2480060
72 21 2480069
72 11 2480075
72 49 2480081
72 6 2480090
72 63 2480091
72 55 2480100
72 3 2480107
72 19 2480115
72 62 2480117
72 47 2480126
72 73 2480130
72 43 2480138
72 75 2480145
72 5 2480153
72 4 2480157
72 25 2480159
72 44 2480167
72 2 2480170
72 59 2480170
72 42 2480174
72 9 2480179
72 17 2480186
72 12 2480190
72 53 2480192
72 25 2480194
72 40 2480194
72 76 2480194
72 69 2480197
72 8 2480201
72 20 2480204
72 61 2480212
72 66 2480219
72 44 2480226
72 33 2480227
72 1 2480233
72 47 2480242
72 32 2480251
72 81 2480253
72 49 2480261
72 34 2480268
72 75 2480276
72 13 2480278
72 30 2480286
72 46 2480286
72 9 2480289
72 52 2480294
72 53 2480298
72 4 2480303
72 23 2480303
72 67 2480312
72 5 2480320
72 77 2480326
72 58 2480335
72 10 2480341
72 41 2480346
72 15 2480351
72 63 2480356
72 79 2480359
72 74 2480365
72 31 2480372
72 68 2480378
72 38 2480380
72 2 2480389
72 51 2480396
72 26 2480399
72 56 2480401
72 29 2480408
72 59 2480408
72 11 2480415
72 65 2480423
72 80 2480425
72 17 2480425
72 50 2480434
73 3 2480441
73 59 2480447
73 20 2480450
73 36 2480458
73 21 2480462
73 74 2480464
73 33 2480464
73 44 2480471
73 57 2480475
73 67 2480480
73 8 2480488
73 43 2480489
73 52 2480490
73 32 2480492
73 10 2480492
73 80 2480501
73 64 2480505
73 70 2480513
73 40 2480514
73 76 2480516
73 9 2480521
73 48 2480525
73 66 2480526
73 17 2480528
73 22 2480528
73 71 2480530
73 77 2480536
73 29 2480541
73 39 2480548
73 6 2480549
73 26 2480555
73 47 2480561
73 41 2480563
73 79 2480568
73 65 2480577
73 46 2480586
73 28 2480590
73 55 2480596
73 50 2480596
73 37 2480598
73 49 2480602
73 45 2480608
73 35 2480613
73 1 2480618
73 69 2480618
73 7 2480620
73 51 2480628
73 8 2480636
73 30 2480643
73 28 2480648
73 43 2480654
73 49 2480659
73 77 2480666
73 5 2480675
73 58 2480682
73 10 2480682
73 61 2480687
73 23 2480691
73 22 2480696
73 24 2480698
73 81 2480702
73 66 2480711
73 4 2480711
73 3 2480711
73 16 2480717
73 71 2480723
73 0 2480726
73 52 2480728
73 29 2480734
73 9 2480737
73 33 2480744
73 48 2480750
73 2 2480758
73 14 2480758
73 21 2480760
73 56 2480760
73 12 2480764
73 31 2480773
73 50 2480781
73 59 2480787
73 45 2480791
73 11 2480792
73 25 2480795
73 18 2480796
73 36 2480797
73 27 2480799
74 77 2480808
74 49 2480810
74 55 2480817
74 33 2480818
74 11 2480821
74 2 2480825
74 38 2480827
74 12 2480835
74 23 2480840
74 36 2480849
74 26 2480853
74 14 2480860
74 41 2480864
74 44 2480872
74 59 2480879
74 9 2480880
74 37 2480880
74 70 2480883
74 35 2480890
74 65 2480899
74 45 2480905
74 4 2480906
74 13 2480911
74 29 2480918
74 73 2480922
74 50 2480923
74 51 2480923
74 39 2480926
74 79 2480930
74 68 2480930
74 80 2480931
74 48 2480932
74 61 2480933
74 62 2480941
74 25 2480943
74 1 2480948
74 52 2480951
74 18 2480952
74 69 2480953
74 22 2480957
74 31 2480957
74 67 2480961
74 65 2480968
74 52 2480971
74 58 2480979
74 75 2480988
74 81 2480990
74 9 2480993
74 44 2480994
74 17 2480995
74 26 2480997
74 28 2481004
74 25 2481011
74 63 2481013
74 42 2481016
74 41 2481016
74 32 2481018
74 59 2481018
74 19 2481020
74 72 2481024
74 48 2481027
74 10 2481031
74 21 2481032
74 64 2481034
74 38 2481036
74 80 2481045
74 47 2481048
74 54 2481056
74 0 2481063
74 1 2481070
74 79 2481072
74 13 2481077
74 8 2481086
74 78 2481094
74 24 2481095
74 46 2481104
74 12 2481109
74 35 2481116
74 30 2481122
75 56 2481124
75 57 2481133
75 8 2481133
75 81 2481142
75 18 2481149
75 13 2481153
75 47 2481162
75 5 2481162
75 10 2481163
75 58 2481172
75 65 2481179
75 29 2481186
75 64 2481188
75 39 2481191
75 73 2481193
75 52 2481200
75 80 2481204
75 38 2481210
75 54 2481210
75 11 2481215
75 50 2481221
75 62 2481224
75 70 2481233
75 27 2481233
75 22 2481237
75 33 2481240
75 30 2481246
75 23 2481254
75 51 2481257
75 53 2481262
75 31 2481265
75 53 2481274
75 33 2481275
75 0 2481284
75 12 2481286
75 81 2481295
75 46 2481301
75 16 2481304
75 17 2481307
75 69 2481311
75 78 2481318
75 57 2481325
75 42 2481326
75 48 2481333
75 50 2481342
75 62 2481351
75 58 2481358
75 65 2481366
75 34 2481375
75 38 2481381
75 68 2481383
75 28 2481392
75 47 2481394
75 30 2481398
75 18 2481406
75 55 2481413
75 23 2481421
75 73 2481426
75 25 2481433
75 40 2481436
75 63 2481442
75 21 2481442
75 76 2481443
76 32 2481450
76 31 2481451
76 40 2481451
76 54 2481456
76 74 2481456
76 42 2481465
76 15 2481473
76 55 2481476
76 47 2481477
76 57 2481483
76 64 2481488
76 3 2481493
76 60 2481494
76 4 2481503
76 72 2481511
76 50 2481515
76 24 2481517
76 69 2481520
76 0 2481522
76 63 2481523
76 6 2481524
76 53 2481524
76 14 2481531
76 79 2481535
76 11 2481540
76 66 2481548
76 5 2481548
76 8 2481553
76 9 2481559
76 81 2481566
76 73 2481566
76 51 2481575
76 12 2481581
76 41 2481583
76 57 2481586
76 55 2481593
76 49 2481593
76 79 2481599
76 45 2481601
76 43 2481604
76 59 2481612
76 25 2481616
76 31 2481625
76 34 2481627
76 23 2481631
76 51 2481639
76 80 2481642
76 18 2481649
76 1 2481655
76 26 2481659
76 75 2481663
76 15 2481667
76 63 2481673
76 28 2481674
76 77 2481678
76 22 2481686
76 54 2481688
76 47 2481691
76 61 2481691
76 7 2481693
76 32 2481699
76 48 2481708
76 81 2481711
76 73 2481715
76 71 2481715
76 19 2481722
77 15 2481723
77 73 2481732
77 66 2481734
77 58 2481736
77 33 2481745
77 36 2481747
77 72 2481749
77 42 2481757
77 10 2481764
77 50 2481772
77 49 2481776
77 79 2481776
77 31 2481785
77 2 2481789
77 32 2481798
77 23 2481799
77 18 2481806
77 7 2481814
77 30 2481814
77 63 2481815
77 59 2481816
77 35 2481818
77 55 2481818
77 67 2481827
77 24 2481834
77 22 2481840
77 60 2481848
77 8 2481852
77 61 2481853
77 68 2481862
77 62 2481869
77 76 2481870
77 21 2481876
77 47 2481878
77 75 2481879
77 74 2481881
77 46 2481881
77 69 2481881
77 13 2481889
77 5 2481891
77 71 2481894
77 6 2481898
77 12 2481906
77 54 2481907
77 19 2481911
77 65 2481913
77 45 2481917
77 11 2481919
77 41 2481924
77 56 2481930
77 53 2481932
77 37 2481935
77 48 2481937
77 60 2481939
77 10 2481939
77 76 2481939
77 54 2481941
77 69 2481945
77 74 2481953
77 21 2481954
77 6 2481960
77 41 2481963
77 57 2481964
77 24 2481965
77 2 2481969
77 13 2481976
77 28 2481982
77 68 2481984
77 71 2481986
77 42 2481987
77 81 2481989
77 4 2481998
77 34 2481999
77 29 2481999
77 36 2482001
77 78 2482007
77 27 2482015
77 79 2482016
77 20 2482018
77 40 2482021
77 1 2482022
77 0 2482025
77 3 2482032
77 46 2482039
77 26 2482048
77 59 2482057
77 5 2482066
77 11 2482066
77 17 2482075
77 33 2482082
77 38 2482084
77 23 2482085
77 51 2482089
77 16 2482098
77 22 2482107
77 7 2482110
77 47 2482115
77 39 2482117
77 25 2482120
78 63 2482127
78 23 2482130
78 3 2482136
78 38 2482143
78 1 2482144
78 49 2482148
78 73 2482151
78 24 2482155
78 51 2482160
78 71 2482168
78 31 2482168
78 74 2482168
78 50 2482171
78 35 2482176
78 2 2482178
78 25 2482183
78 10 2482190
78 11 2482190
78 76 2482193
78 29 2482198
78 17 2482204
78 62 2482208
78 54 2482211
78 64 2482214
78 15 2482220
78 67 2482229
78 66 2482238
78 0 2482240
78 30 2482247
78 23 2482249
78 46 2482257
78 8 2482260
78 7 2482260
78 60 2482267
78 2 2482274
78 51 2482276
78 48 2482279
78 59 2482284
78 12 2482284
78 9 2482287
78 39 2482296
78 29 2482296
78 43 2482297
78 26 2482297
78 80 2482299
78 76 2482308
78 73 2482316
78 50 2482322
78 55 2482322
78 34 2482329
78 47 2482337
78 17 2482340
78 18 2482341
78 36 2482341
78 64 2482344
78 54 2482348
78 11 2482354
79 20 2482355
79 2 2482356
79 43 2482364
79 74 2482365
79 42 2482369
79 60 2482375
79 73 2482382
79 70 2482385
79 51 2482392
80 31 2482401
80 55 2482401
80 53 2482404
80 15 2482411
80 41 2482420
80 66 2482422
80 74 2482424
80 1 2482425
80 34 2482432
80 16 2482435
80 21 2482437
80 49 2482440
80 29 2482445
80 54 2482454
80 56 2482455
80 32 2482458
80 20 2482467
80 23 2482467
80 81 2482468
80 65 2482471
80 9 2482478
80 46 2482487
80 64 2482489
80 60 2482493
80 70 2482499
80 13 2482503
80 11 2482507
80 45 2482514
80 38 2482518
80 48 2482526
80 18 2482527
80 39 2482536
80 36 2482538
80 6 2482542
80 37 2482546
80 26 2482554
80 47 2482554
80 57 2482556
80 42 2482558
80 52 2482563
80 2 2482563
80 40 2482563
80 30 2482565
80 14 2482574
80 22 2482583
80 51 2482585
80 67 2482588
80 75 2482591
80 7 2482599
80 21 2482608
80 20 2482614
80 41 2482615
80 28 2482623
80 18 2482625
80 73 2482631
80 10 2482637
80 44 2482644
80 8 2482646
80 13 2482652
80 63 2482652
80 2 2482654
80 69 2482655
80 43 2482663
80 66 2482669
80 27 2482672
80 34 2482677
80 54 2482686
80 62 2482688
80 14 2482697
80 60 2482703
80 74 2482707
80 45 2482707
80 47 2482711
80 61 2482717
80 70 2482726
80 9 2482734
80 76 2482740
80 39 2482741
80 78 2482742
80 58 2482747
80 11 2482753
80 23 2482757
80 53 2482764
80 1 2482765
80 55 2482773
80 49 2482776
80 30 2482776
80 17 2482785
80 72 2482794
80 29 2482796
80 65 2482803
80 6 2482810
80 5 2482811
80 67 2482813
80 42 2482815
80 38 2482816
80 57 2482820
80 4 2482820
80 75 2482824
80 52 2482827
81 45 2482827
81 50 2482830
81 75 2482837
81 66 2482837
81 13 2482842
81 8 2482846
81 68 2482850
81 33 2482852
81 48 2482854
81 39 2482858
81 0 2482860
81 27 2482865
81 51 2482873
81 22 2482876
81 21 2482877
81 70 2482877
81 77 2482877
81 37 2482878
81 16 2482879
81 29 2482888
81 61 2482892
81 7 2482899
81 70 2482900
81 16 2482902
81 17 2482902
81 37 2482904
81 38 2482912
81 69 2482915
81 27 2482919
81 76 2482922
81 44 2482926
81 50 2482935
81 52 2482944
81 6 2482946
81 36 2482954
81 54 2482957
81 10 2482964
81 49 2482972
81 80 2482979
81 64 2482987
81 56 2482996
