86
true
0 36 2827094
0 5 2827097
0 40 2827097
0 81 2827099
0 28 2827108
0 30 2827114
0 39 2827116
0 18 2827121
0 72 2827127
0 70 2827131
0 55 2827137
0 22 2827143
0 56 2827152
0 6 2827154
0 58 2827155
0 63 2827161
0 79 2827165
0 34 2827168
0 64 2827172
0 35 2827174
0 8 2827180
0 29 2827182
0 15 2827182
0 2 2827183
0 7 2827191
0 4 2827199
0 49 2827204
0 24 2827209
0 27 2827211
0 11 2827220
0 61 2827228
0 18 2827233
0 14 2827239
0 85 2827245
0 64 2827250
0 78 2827252
0 51 2827260
0 68 2827266
0 30 2827269
0 36 2827277
0 57 2827286
0 69 2827294
0 40 2827301
0 15 2827309
0 80 2827313
0 17 2827317
0 47 2827321
0 39 2827328
0 48 2827333
0 13 2827333
0 3 2827334
0 84 2827342
0 27 2827350
0 82 2827357
0 32 2827364
0 23 2827367
0 55 2827367
0 12 2827373
0 7 2827374
0 53 2827374
1 45 2827378
1 59 2827382
1 50 2827384
1 47 2827384
1 22 2827392
1 28 2827401
1 38 2827403
2 35 2827404
2 59 2827412
2 64 2827414
2 42 2827418
2 40 2827427
2 41 2827433
2 30 2827440
2 62 2827444
2 8 2827447
2 80 2827453
2 56 2827462
2 20 2827470
2 22 2827476
2 81 2827484
2 72 2827487
2 1 2827490
2 82 2827496
2 57 2827496
2 44 2827496
2 49 2827501
2 39 2827506
2 51 2827513
2 79 2827516
2 55 2827517
2 75 2827524
2 27 2827525
2 17 2827528
2 63 2827534
2 38 2827541
2 34 2827544
2 39 2827548
2 17 2827553
2 13 2827562
2 76 2827570
2 82 2827571
2 23 2827571
2 63 2827573
2 11 2827574
2 28 2827576
2 44 2827583
2 4 2827587
2 62 2827594
2 50 2827602
2 38 2827603
2 40 2827604
2 70 2827613
2 29 2827616
2 10 2827618
2 12 2827619
2 48 2827620
2 56 2827622
2 74 2827627
2 7 2827632
2 54 2827637
2 5 2827640
2 51 2827645
2 47 2827650
2 58 2827654
2 3 2827657
2 9 2827665
2 36 2827669
3 48 2827676
3 55 2827676
3 15 2827681
3 2 2827688
3 40 2827691
3 26 2827699
4 15 2827705
4 11 2827706
4 43 2827706
4 23 2827713
4 48 2827720
4 39 2827723
4 37 2827726
4 14 2827729
4 70 2827737
4 0 2827744
4 28 2827753
4 22 2827756
4 10 2827757
4 51 2827761
4 19 2827762
4 35 2827770
4 12 2827774
4 40 2827777
4 20 2827785
4 55 2827792
4 58 2827792
4 36 2827796
4 69 2827800
4 50 2827808
4 63 2827811
4 13 2827818
4 24 2827819
4 46 2827824
4 78 2827825
4 59 2827828
4 45 2827832
4 53 2827841
4 79 2827850
4 71 2827852
4 7 2827852
4 62 2827859
4 25 2827859
4 1 2827865
4 77 2827869
4 7 2827875
4 14 2827881
4 39 2827882
4 65 2827883
4 82 2827889
4 35 2827892
4 20 2827894
4 16 2827900
4 19 2827903
4 13 2827911
4 75 2827911
4 79 2827920
4 60 2827927
4 21 2827935
4 57 2827938
4 48 2827947
4 80 2827947
4 70 2827952
4 38 2827958
4 25 2827965
4 31 2827970
4 6 2827977
4 17 2827979
4 9 2827981
4 71 2827986
4 5 2827986
4 27 2827994
4 34 2828000
4 50 2828005
4 53 2828011
4 54 2828016
4 84 2828019
4 51 2828019
4 52 2828019
4 76 2828028
4 22 2828035
4 28 2828035
4 62 2828040
4 44 2828040
4 72 2828043
5 24 2828049
5 55 2828055
5 81 2828062
5 26 2828062
5 53 2828070
5 49 2828071
5 83 2828080
5 34 2828089
5 47 2828097
5 39 2828106
5 80 2828112
5 35 2828115
5 27 2828121
5 15 2828125
5 21 2828131
5 64 2828134
5 82 2828135
5 77 2828143
5 20 2828151
5 69 2828155
5 71 2828155
5 2 2828159
5 36 2828162
5 63 2828170
5 45 2828177
5 49 2828178
5 4 2828182
5 18 2828187
5 25 2828187
5 22 2828193
5 29 2828199
5 40 2828205
5 84 2828208
5 0 2828209
5 53 2828212
5 15 2828220
5 9 2828223
6 15 2828223
6 68 2828225
6 79 2828232
6 51 2828238
6 33 2828246
6 85 2828246
6 26 2828251
6 16 2828256
6 25 2828262
6 23 2828270
6 80 2828275
6 27 2828282
6 76 2828290
6 70 2828295
7 31 2828296
7 51 2828297
7 49 2828304
7 72 2828306
7 39 2828315
7 36 2828315
7 69 2828318
7 0 2828326
7 77 2828334
7 48 2828335
7 42 2828342
7 34 2828350
7 54 2828350
7 58 2828355
7 18 2828362
7 80 2828369
7 35 2828373
7 13 2828374
7 53 2828380
7 40 2828381
7 82 2828383
7 16 2828386
7 56 2828389
7 46 2828394
7 22 2828396
7 1 2828396
7 59 2828402
7 65 2828402
7 68 2828404
7 25 2828404
7 70 2828412
7 73 2828420
7 38 2828423
7 10 2828432
7 66 2828440
7 64 2828442
7 71 2828446
7 4 2828446
7 61 2828454
7 37 2828457
7 29 2828462
7 39 2828470
7 16 2828477
7 1 2828485
7 3 2828492
7 22 2828499
7 42 2828504
7 72 2828504
7 5 2828506
7 43 2828513
7 34 2828520
7 62 2828520
7 81 2828525
7 0 2828529
7 26 2828532
7 78 2828532
7 84 2828540
7 57 2828547
7 32 2828548
7 33 2828553
7 67 2828554
7 44 2828556
7 76 2828561
7 12 2828568
7 55 2828577
7 24 2828582
8 77 2828586
8 72 2828593
8 2 2828593
8 60 2828598
8 23 2828603
8 83 2828604
8 4 2828610
8 66 2828617
8 42 2828625
9 22 2828632
9 40 2828641
9 18 2828648
9 25 2828650
9 63 2828659
9 75 2828663
9 58 2828670
9 42 2828676
9 73 2828676
9 74 2828682
9 6 2828691
9 27 2828692
9 49 2828695
9 67 2828704
9 36 2828705
9 48 2828713
9 4 2828718
9 30 2828723
9 39 2828724
9 3 2828726
9 55 2828729
9 13 2828734
9 0 2828740
9 64 2828748
9 78 2828753
9 57 2828762
9 65 2828770
9 52 2828772
9 55 2828781
9 8 2828790
9 6 2828791
9 47 2828794
9 13 2828801
9 18 2828803
9 64 2828809
9 31 2828816
9 43 2828821
9 69 2828828
9 41 2828828
9 36 2828832
9 32 2828838
9 27 2828839
9 40 2828839
9 46 2828842
9 84 2828851
9 16 2828854
9 20 2828861
10 64 2828865
10 14 2828865
10 73 2828874
10 75 2828874
10 36 2828877
10 47 2828879
10 53 2828883
10 42 2828885
10 81 2828887
10 32 2828895
10 22 2828904
10 5 2828905
10 62 2828912
10 25 2828920
10 6 2828925
10 80 2828931
10 11 2828933
10 38 2828933
10 3 2828941
10 12 2828947
10 28 2828951
10 13 2828959
10 26 2828966
10 34 2828969
10 59 2828976
10 4 2828976
10 37 2828977
10 78 2828983
10 9 2828988
10 7 2828989
10 63 2828998
10 35 2829007
10 69 2829014
10 55 2829015
10 27 2829024
10 67 2829028
10 85 2829032
10 50 2829037
10 23 2829041
10 33 2829050
10 56 2829058
10 43 2829067
10 6 2829067
10 67 2829074
10 43 2829078
10 40 2829082
10 42 2829087
10 23 2829090
10 12 2829095
10 1 2829099
10 56 2829104
10 20 2829108
10 75 2829117
10 55 2829125
10 68 2829125
10 35 2829132
10 59 2829134
10 28 2829135
10 9 2829135
10 24 2829141
10 47 2829143
10 37 2829151
10 41 2829154
10 7 2829160
10 79 2829162
10 39 2829168
10 3 2829171
10 82 2829175
10 26 2829176
10 54 2829181
10 64 2829188
10 13 2829195
10 50 2829200
10 5 2829202
10 16 2829208
10 38 2829208
10 49 2829208
10 19 2829210
10 58 2829219
10 25 2829221
10 22 2829221
10 29 2829229
11 25 2829237
11 71 2829237
11 49 2829240
11 73 2829248
11 53 2829252
11 24 2829259
11 7 2829267
11 52 2829268
11 27 2829268
11 56 2829269
11 50 2829272
11 19 2829277
11 48 2829282
11 26 2829290
11 16 2829294
11 1 2829294
11 45 2829296
11 64 2829305
11 5 2829309
11 55 2829315
11 29 2829322
11 82 2829329
11 70 2829338
11 69 2829342
11 84 2829347
11 44 2829353
11 23 2829354
11 10 2829356
11 9 2829358
11 20 2829363
11 43 2829367
11 77 2829373
11 13 2829377
11 8 2829386
11 79 2829395
11 18 2829402
11 58 2829402
11 68 2829410
11 12 2829414
11 40 2829414
11 41 2829422
11 67 2829425
11 5 2829425
11 52 2829425
11 26 2829429
11 2 2829431
11 38 2829434
11 48 2829441
11 15 2829449
11 53 2829457
11 68 2829463
11 37 2829469
11 66 2829476
11 30 2829480
11 14 2829485
11 82 2829485
11 71 2829490
11 65 2829491
11 41 2829495
11 49 2829496
11 18 2829496
11 7 2829502
11 43 2829504
11 50 2829505
11 19 2829507
11 45 2829512
11 22 2829517
11 62 2829523
11 81 2829525
11 67 2829528
11 8 2829534
11 10 2829534
11 74 2829542
11 55 2829546
11 31 2829549
11 1 2829555
11 51 2829562
11 6 2829567
11 16 2829572
11 61 2829575
11 73 2829575
11 58 2829584
12 68 2829585
12 75 2829587
12 57 2829588
12 36 2829590
12 64 2829590
12 15 2829590
12 8 2829593
12 23 2829599
12 50 2829604
12 65 2829604
12 4 2829604
12 73 2829605
12 11 2829605
12 37 2829610
12 40 2829616
12 66 2829622
12 63 2829631
12 7 2829631
12 74 2829633
12 51 2829635
12 84 2829636
12 59 2829638
12 77 2829643
12 33 2829643
12 18 2829647
12 49 2829656
12 78 2829664
12 58 2829669
12 43 2829671
12 0 2829674
12 2 2829678
12 21 2829681
12 14 2829683
12 52 2829691
12 82 2829693
12 45 2829695
12 13 2829701
12 57 2829706
12 61 2829706
12 59 2829715
12 25 2829721
12 22 2829727
12 72 2829730
12 48 2829736
12 49 2829739
12 60 2829743
12 17 2829751
12 34 2829754
12 28 2829762
12 7 2829762
12 51 2829765
12 75 2829771
12 19 2829775
12 47 2829782
12 4 2829785
12 20 2829785
12 5 2829787
12 33 2829788
12 31 2829797
12 50 2829804
12 76 2829804
12 85 2829812
12 41 2829812
13 57 2829820
13 85 2829822
13 25 2829823
13 63 2829828
13 22 2829834
14 58 2829840
14 2 2829846
14 77 2829846
14 69 2829848
14 76 2829857
14 23 2829857
14 12 2829866
14 56 2829869
14 19 2829870
14 60 2829872
14 36 2829875
14 57 2829876
14 35 2829885
14 21 2829885
14 17 2829888
14 8 2829889
14 15 2829890
14 61 2829898
14 59 2829904
14 60 2829912
14 72 2829918
14 52 2829926
14 81 2829929
14 54 2829931
14 9 2829933
14 35 2829942
14 19 2829942
14 50 2829949
14 11 2829956
14 37 2829958
14 79 2829966
14 67 2829972
14 13 2829980
14 27 2829989
14 16 2829992
15 80 2829995
15 44 2830004
15 16 2830012
15 65 2830014
15 60 2830014
15 41 2830014
15 5 2830015
15 53 2830017
15 8 2830025
15 68 2830028
16 42 2830037
16 10 2830039
16 34 2830041
16 14 2830048
16 44 2830052
16 23 2830052
17 39 2830061
17 38 2830064
17 67 2830065
17 12 2830068
17 34 2830076
17 20 2830082
17 18 2830082
17 79 2830085
17 15 2830088
17 2 2830092
17 33 2830100
17 52 2830103
17 78 2830111
17 47 2830112
17 82 2830118
17 46 2830125
17 50 2830131
17 63 2830138
17 30 2830142
17 27 2830144
17 51 2830144
17 59 2830151
17 19 2830160
17 21 2830163
17 57 2830171
17 73 2830175
17 41 2830183
17 1 2830190
17 80 2830199
17 42 2830205
17 85 2830208
17 45 2830215
17 5 2830221
17 3 2830229
17 70 2830231
17 8 2830235
17 16 2830236
17 60 2830239
17 75 2830244
17 11 2830244
17 53 2830250
17 72 2830256
17 66 2830259
17 48 2830263
17 80 2830269
17 8 2830277
17 28 2830277
17 31 2830284
17 9 2830293
17 59 2830293
17 56 2830296
17 38 2830305
17 35 2830305
17 30 2830305
17 32 2830310
17 60 2830314
17 70 2830317
17 83 2830319
17 85 2830320
17 0 2830328
17 37 2830330
17 14 2830331
17 16 2830331
17 1 2830337
17 42 2830339
17 5 2830348
17 62 2830355
17 24 2830357
17 49 2830358
17 54 2830367
17 69 2830370
17 46 2830379
17 43 2830385
17 45 2830388
17 77 2830392
17 61 2830394
17 47 2830403
17 72 2830412
17 57 2830420
17 18 2830423
17 19 2830432
17 50 2830441
17 41 2830441
17 10 2830450
17 40 2830450
17 63 2830456
17 6 2830460
17 53 2830464
17 64 2830471
17 79 2830473
17 4 2830477
18 50 2830483
18 30 2830483
18 58 2830492
18 24 2830497
18 60 2830501
18 61 2830504
18 29 2830510
18 20 2830511
18 52 2830515
18 39 2830518
18 44 2830522
18 46 2830531
18 9 2830533
18 75 2830533
18 32 2830540
18 54 2830549
18 74 2830552
18 65 2830558
18 33 2830559
18 1 2830562
18 38 2830570
18 59 2830571
18 41 2830579
18 16 2830584
18 23 2830588
18 28 2830592
18 36 2830598
18 51 2830599
18 21 2830602
18 27 2830609
18 2 2830612
18 48 2830613
18 79 2830617
18 83 2830625
18 13 2830629
18 84 2830636
18 19 2830644
18 5 2830651
18 14 2830658
18 85 2830662
18 45 2830670
18 77 2830671
18 72 2830675
18 10 2830680
18 81 2830689
18 7 2830697
18 37 2830701
18 0 2830708
18 66 2830714
18 34 2830717
18 39 2830724
18 79 2830727
18 16 2830730
18 19 2830731
18 44 2830731
18 47 2830731
18 25 2830736
18 75 2830740
18 27 2830749
18 48 2830753
18 35 2830756
18 46 2830761
18 36 2830767
18 17 2830771
18 24 2830775
18 55 2830781
18 59 2830786
18 41 2830795
18 80 2830795
18 77 2830796
18 31 2830797
18 30 2830799
18 78 2830803
18 83 2830809
18 69 2830815
18 62 2830817
18 29 2830826
18 56 2830833
18 10 2830835
18 6 2830837
18 72 2830837
18 53 2830840
18 37 2830844
18 68 2830850
18 14 2830857
18 40 2830864
18 33 2830872
18 5 2830875
18 23 2830883
18 52 2830889
18 12 2830895
18 58 2830904
18 9 2830908
18 67 2830912
18 81 2830913
18 57 2830916
18 64 2830922
18 54 2830929
18 2 2830930
18 50 2830934
19 71 2830942
19 5 2830948
19 33 2830948
19 60 2830956
19 84 2830960
19 1 2830967
19 7 2830972
19 41 2830981
19 0 2830984
19 14 2830992
19 69 2831001
19 4 2831007
19 25 2831013
19 2 2831017
19 3 2831018
19 56 2831027
19 6 2831033
19 73 2831035
19 17 2831042
19 11 2831047
19 81 2831055
19 24 2831061
19 16 2831062
19 18 2831066
19 72 2831067
19 61 2831070
19 49 2831074
19 50 2831080
19 38 2831084
19 51 2831089
19 10 2831089
19 83 2831089
19 40 2831096
19 32 2831097
19 29 2831106
19 35 2831114
19 47 2831121
19 48 2831124
19 14 2831125
19 66 2831130
19 41 2831139
19 53 2831144
19 71 2831150
19 2 2831154
19 62 2831159
19 80 2831166
19 16 2831168
19 37 2831173
19 83 2831182
19 12 2831182
19 30 2831190
19 45 2831191
19 78 2831199
19 43 2831200
19 49 2831204
19 0 2831212
19 23 2831215
19 28 2831219
19 79 2831225
19 6 2831232
19 22 2831238
19 68 2831240
19 17 2831245
19 27 2831248
19 58 2831252
20 75 2831257
20 13 2831263
20 0 2831271
20 45 2831276
20 28 2831276
20 40 2831285
20 80 2831294
20 53 2831300
20 24 2831304
20 23 2831310
21 67 2831319
21 20 2831323
21 28 2831323
21 58 2831331
21 74 2831338
21 84 2831347
21 72 2831351
21 52 2831354
21 59 2831359
21 61 2831368
21 77 2831370
21 27 2831374
21 78 2831376
21 32 2831382
21 43 2831384
21 16 2831385
21 42 2831385
21 50 2831391
21 75 2831397
21 48 2831399
21 68 2831406
21 71 2831408
21 60 2831414
21 35 2831420
21 54 2831428
21 3 2831436
21 44 2831443
21 79 2831447
21 7 2831447
21 29 2831453
21 5 2831460
21 14 2831468
21 31 2831468
21 6 2831469
21 53 2831476
21 39 2831485
21 19 2831489
21 63 2831490
21 62 2831493
21 22 2831494
21 15 2831501
21 73 2831504
21 17 2831505
21 36 2831510
21 50 2831511
21 10 2831519
21 56 2831528
21 55 2831532
21 38 2831538
21 37 2831545
21 49 2831548
21 19 2831548
21 61 2831552
21 27 2831553
21 11 2831557
21 5 2831563
21 20 2831567
21 66 2831571
21 81 2831576
21 69 2831579
21 51 2831582
21 30 2831584
21 0 2831588
21 35 2831591
21 77 2831593
21 42 2831597
21 7 2831602
21 12 2831610
21 25 2831618
21 84 2831620
21 31 2831625
21 39 2831627
21 72 2831629
21 85 2831633
21 34 2831641
21 6 2831646
21 43 2831649
22 42 2831649
22 10 2831657
22 47 2831659
22 54 2831660
22 34 2831660
22 12 2831667
22 63 2831673
23 39 2831676
23 24 2831676
23 15 2831682
23 22 2831690
23 75 2831694
23 31 2831702
23 56 2831704
23 61 2831706
23 73 2831706
23 60 2831713
23 6 2831713
23 8 2831719
23 52 2831721
23 1 2831726
23 27 2831727
23 42 2831734
23 69 2831737
23 16 2831740
23 55 2831749
23 17 2831755
23 84 2831758
23 59 2831763
23 33 2831766
23 12 2831772
23 58 2831776
23 68 2831784
23 43 2831785
23 78 2831793
23 48 2831793
23 63 2831802
23 21 2831804
23 41 2831805
23 3 2831807
23 26 2831814
23 81 2831816
23 0 2831816
23 76 2831816
23 33 2831825
23 38 2831826
23 79 2831830
23 56 2831837
23 5 2831840
23 43 2831848
23 53 2831849
23 11 2831852
23 64 2831852
23 67 2831853
23 69 2831858
23 22 2831862
23 84 2831869
23 63 2831877
23 24 2831881
23 29 2831881
23 14 2831888
23 54 2831893
23 6 2831898
23 40 2831906
23 52 2831907
24 53 2831916
24 60 2831922
24 19 2831924
24 28 2831928
24 80 2831928
24 5 2831929
24 43 2831937
24 32 2831938
24 14 2831945
24 12 2831953
24 10 2831960
24 25 2831969
24 51 2831970
24 17 2831977
24 21 2831984
24 8 2831990
24 62 2831998
24 18 2832004
24 36 2832010
24 16 2832012
24 64 2832016
24 33 2832023
24 30 2832027
24 9 2832029
24 11 2832030
24 13 2832038
24 35 2832042
24 68 2832046
24 47 2832047
24 34 2832050
24 71 2832057
24 3 2832060
24 1 2832069
24 7 2832075
24 20 2832084
24 49 2832089
24 59 2832096
24 26 2832101
24 40 2832106
24 46 2832106
24 38 2832111
24 22 2832117
24 48 2832126
24 73 2832133
24 42 2832137
24 50 2832139
24 63 2832140
24 2 2832147
24 61 2832149
24 31 2832151
24 72 2832157
24 41 2832161
24 6 2832169
24 27 2832173
24 77 2832180
24 65 2832188
24 84 2832191
24 57 2832198
24 82 2832199
24 43 2832200
24 64 2832203
24 17 2832207
24 22 2832210
24 74 2832219
24 56 2832228
24 41 2832235
24 32 2832243
24 82 2832250
24 66 2832251
24 36 2832252
24 21 2832253
24 42 2832259
24 59 2832260
24 58 2832269
24 30 2832277
24 76 2832277
24 15 2832285
24 31 2832285
24 51 2832285
24 38 2832293
24 77 2832300
24 34 2832305
24 2 2832309
24 3 2832315
24 16 2832321
24 73 2832322
24 45 2832323
24 44 2832324
24 69 2832328
24 71 2832332
24 53 2832337
24 54 2832342
24 67 2832343
24 62 2832344
24 65 2832353
24 13 2832358
24 81 2832367
24 60 2832370
24 52 2832374
24 10 2832381
24 20 2832389
24 8 2832396
24 25 2832404
24 57 2832411
24 6 2832414
24 1 2832414
24 70 2832417
24 23 2832422
24 28 2832425
24 61 2832425
24 78 2832434
24 12 2832443
24 29 2832452
24 4 2832460
24 75 2832468
24 39 2832474
25 9 2832481
25 15 2832486
25 36 2832489
25 8 2832496
25 75 2832505
25 78 2832510
25 84 2832517
25 72 2832526
25 35 2832527
25 85 2832528
25 51 2832530
25 16 2832539
25 31 2832545
25 20 2832547
25 23 2832554
25 37 2832563
25 14 2832564
25 57 2832567
25 4 2832575
25 13 2832576
25 19 2832579
25 39 2832585
25 50 2832586
25 7 2832587
25 49 2832593
25 11 2832599
25 21 2832605
25 83 2832605
25 12 2832609
25 69 2832609
25 1 2832612
25 22 2832615
25 10 2832615
25 23 2832620
25 49 2832622
25 67 2832626
25 7 2832627
25 6 2832627
25 58 2832634
25 14 2832641
25 50 2832645
25 24 2832647
25 73 2832647
25 40 2832648
25 18 2832657
25 11 2832661
25 28 2832666
25 43 2832668
25 74 2832670
25 72 2832679
25 77 2832687
25 70 2832694
25 31 2832694
25 44 2832697
25 60 2832704
25 45 2832709
25 9 2832718
25 71 2832721
25 55 2832726
26 72 2832729
26 27 2832731
26 53 2832740
26 46 2832746
26 28 2832750
26 40 2832755
26 30 2832757
26 2 2832763
26 1 2832765
26 35 2832768
26 61 2832771
26 6 2832777
26 73 2832786
26 85 2832794
26 39 2832798
26 75 2832807
26 7 2832809
26 51 2832809
26 54 2832810
26 29 2832812
26 57 2832821
26 36 2832823
26 83 2832824
26 77 2832824
26 80 2832831
26 56 2832833
26 84 2832833
26 74 2832835
26 63 2832835
26 69 2832839
26 45 2832845
26 14 2832854
26 3 2832854
26 41 2832863
26 18 2832866
26 4 2832874
26 9 2832874
26 23 2832881
26 13 2832888
26 52 2832895
26 65 2832898
26 42 2832905
26 68 2832910
26 44 2832910
26 71 2832913
26 49 2832919
26 76 2832925
26 11 2832930
26 15 2832936
26 67 2832940
26 19 2832946
26 43 2832949
26 75 2832956
26 66 2832956
26 81 2832964
26 46 2832972
26 4 2832977
26 62 2832980
26 19 2832982
26 28 2832987
26 16 2832989
26 55 2832995
26 29 2833003
26 71 2833009
26 48 2833009
26 74 2833009
26 82 2833012
26 67 2833019
26 33 2833026
26 15 2833032
26 61 2833033
26 38 2833040
26 27 2833042
26 50 2833048
26 78 2833051
26 10 2833058
26 57 2833061
26 42 2833062
26 24 2833064
26 47 2833068
26 49 2833069
26 58 2833069
26 63 2833071
26 60 2833075
26 45 2833083
26 85 2833092
26 69 2833095
26 80 2833097
26 52 2833106
26 23 2833106
26 6 2833113
26 2 2833116
26 32 2833117
27 60 2833120
27 61 2833120
27 5 2833121
27 44 2833127
27 13 2833131
27 18 2833140
27 58 2833144
27 62 2833147
27 14 2833149
27 16 2833151
27 45 2833153
27 55 2833160
27 19 2833167
27 52 2833169
27 69 2833169
27 80 2833169
27 28 2833174
27 3 2833179
27 44 2833188
27 17 2833196
27 60 2833204
27 82 2833212
27 22 2833217
27 14 2833219
27 58 2833227
27 84 2833229
27 81 2833230
27 74 2833232
27 76 2833237
27 57 2833241
28 63 2833244
28 2 2833246
28 23 2833252
28 75 2833257
28 10 2833266
28 44 2833266
28 50 2833271
28 24 2833273
29 50 2833279
29 36 2833284
29 22 2833292
29 17 2833294
29 24 2833301
29 67 2833305
29 85 2833305
29 35 2833305
29 60 2833311
29 80 2833315
29 83 2833320
29 20 2833329
29 77 2833337
29 75 2833340
29 54 2833341
29 32 2833345
29 62 2833351
29 55 2833359
29 8 2833362
29 0 2833368
29 76 2833377
29 5 2833382
29 39 2833386
29 45 2833395
29 16 2833397
29 73 2833401
29 47 2833401
29 28 2833406
29 11 2833410
29 46 2833419
29 63 2833428
29 79 2833430
29 51 2833437
29 15 2833444
29 42 2833447
29 61 2833448
29 8 2833450
29 42 2833459
29 56 2833463
29 17 2833469
29 33 2833477
29 23 2833484
29 25 2833484
29 74 2833492
29 80 2833495
29 1 2833501
29 84 2833507
29 41 2833514
29 55 2833515
29 31 2833520
29 28 2833527
29 27 2833529
29 2 2833537
29 10 2833539
29 76 2833545
29 81 2833549
29 63 2833555
29 65 2833558
29 46 2833560
29 82 2833563
29 66 2833571
29 21 2833573
29 75 2833575
29 34 2833576
29 13 2833576
29 64 2833585
29 62 2833589
29 50 2833594
29 24 2833598
29 4 2833601
30 4 2833604
30 29 2833608
30 34 2833617
30 31 2833619
30 52 2833628
30 58 2833635
30 79 2833644
30 49 2833645
30 18 2833650
30 51 2833655
30 82 2833656
30 0 2833663
30 19 2833666
30 83 2833673
30 38 2833676
30 57 2833678
30 2 2833680
30 46 2833689
30 49 2833694
30 28 2833701
30 56 2833704
30 84 2833711
30 81 2833719
30 73 2833727
30 68 2833729
30 62 2833730
30 43 2833734
30 61 2833741
31 13 2833741
31 60 2833748
31 54 2833757
31 38 2833764
32 1 2833766
32 35 2833768
32 39 2833773
32 38 2833779
32 51 2833782
32 70 2833789
32 0 2833798
33 68 2833806
33 76 2833814
33 29 2833821
34 81 2833827
34 49 2833833
34 15 2833842
34 31 2833844
34 80 2833852
34 50 2833859
34 37 2833868
34 58 2833875
34 39 2833876
34 7 2833877
34 41 2833878
34 54 2833887
34 67 2833888
34 25 2833894
34 19 2833901
34 60 2833910
34 38 2833912
34 72 2833913
34 1 2833918
34 45 2833921
34 48 2833927
34 0 2833927
34 64 2833934
34 36 2833943
34 77 2833943
34 26 2833946
34 69 2833946
34 10 2833953
34 18 2833957
34 33 2833957
34 66 2833966
34 76 2833966
34 11 2833971
34 23 2833980
34 52 2833989
34 79 2833993
34 73 2833998
34 83 2834001
34 85 2834007
34 11 2834007
34 50 2834011
34 5 2834014
34 14 2834018
34 33 2834020
34 43 2834027
34 19 2834035
34 62 2834036
34 23 2834039
34 48 2834043
34 77 2834045
34 56 2834054
34 3 2834062
34 4 2834070
34 46 2834073
34 35 2834075
34 49 2834079
34 53 2834088
34 1 2834091
34 80 2834097
34 2 2834100
34 15 2834108
34 26 2834110
34 20 2834118
34 47 2834118
34 18 2834118
34 85 2834122
34 79 2834122
34 10 2834129
34 52 2834136
34 75 2834144
34 30 2834148
34 64 2834154
34 6 2834162
34 54 2834171
34 63 2834174
34 61 2834181
34 25 2834182
34 58 2834187
34 60 2834190
34 81 2834198
34 72 2834205
34 41 2834213
34 22 2834222
34 31 2834225
35 66 2834231
35 63 2834231
35 34 2834237
35 83 2834239
35 47 2834241
35 9 2834249
35 33 2834258
35 14 2834258
35 40 2834258
35 30 2834264
35 7 2834273
35 41 2834279
35 0 2834287
35 6 2834290
35 55 2834294
35 73 2834294
35 5 2834295
35 22 2834295
35 15 2834300
35 54 2834302
35 79 2834305
35 32 2834311
35 50 2834319
35 52 2834319
35 59 2834320
35 74 2834326
35 23 2834326
35 60 2834331
35 26 2834338
35 21 2834339
35 36 2834342
35 67 2834345
35 71 2834353
35 17 2834355
35 25 2834360
35 46 2834361
35 81 2834366
35 49 2834366
35 77 2834375
35 82 2834378
35 18 2834378
35 65 2834387
35 29 2834392
35 42 2834399
35 85 2834399
35 38 2834401
35 24 2834403
35 80 2834407
35 39 2834413
35 16 2834414
35 84 2834414
35 56 2834421
35 12 2834422
35 57 2834429
35 13 2834432
35 70 2834436
35 76 2834443
35 72 2834450
35 58 2834454
35 82 2834459
35 56 2834459
35 26 2834464
35 44 2834464
35 32 2834471
35 34 2834472
35 13 2834476
35 33 2834485
35 25 2834490
35 75 2834498
35 2 2834502
35 74 2834507
35 11 2834513
35 84 2834516
35 65 2834519
35 7 2834526
35 31 2834530
35 37 2834536
35 52 2834542
35 12 2834550
35 49 2834551
35 58 2834553
35 68 2834555
35 76 2834556
35 46 2834562
35 29 2834566
35 54 2834572
35 50 2834572
35 83 2834581
35 40 2834585
35 5 2834587
35 9 2834595
35 6 2834598
35 16 2834604
35 63 2834613
35 43 2834614
35 18 2834615
35 81 2834621
35 28 2834629
35 57 2834633
35 24 2834641
35 79 2834643
35 48 2834649
35 4 2834655
35 69 2834662
35 19 2834667
35 47 2834668
35 17 2834673
35 1 2834681
35 78 2834681
35 8 2834685
35 77 2834690
36 51 2834694
36 29 2834702
36 20 2834708
36 27 2834709
36 37 2834709
36 65 2834713
36 64 2834717
36 34 2834726
36 76 2834731
36 85 2834733
36 77 2834734
36 70 2834734
36 3 2834741
36 50 2834747
36 48 2834752
36 68 2834761
36 83 2834766
36 17 2834769
36 5 2834770
36 2 2834776
36 52 2834782
36 74 2834787
36 7 2834792
36 41 2834799
36 78 2834800
36 35 2834807
36 74 2834814
36 29 2834819
36 17 2834821
36 18 2834825
36 4 2834833
36 79 2834841
36 11 2834842
36 76 2834843
36 27 2834845
36 26 2834847
36 57 2834848
36 23 2834852
36 24 2834858
36 64 2834866
36 49 2834868
36 22 2834873
36 9 2834876
36 62 2834883
36 70 2834891
36 47 2834891
36 6 2834894
36 68 2834903
36 20 2834909
36 69 2834917
36 56 2834917
37 71 2834923
37 16 2834929
37 29 2834931
37 41 2834936
37 73 2834944
37 82 2834948
37 50 2834949
37 14 2834950
37 63 2834955
37 35 2834955
37 45 2834961
37 36 2834967
37 62 2834971
37 24 2834975
37 13 2834981
37 21 2834985
37 84 2834989
37 79 2834994
37 75 2834995
37 74 2835002
37 10 2835005
37 68 2835006
37 78 2835012
37 6 2835012
37 69 2835017
37 7 2835018
37 9 2835022
37 3 2835030
37 49 2835039
37 55 2835042
37 66 2835044
37 48 2835047
37 32 2835048
37 70 2835052
37 56 2835052
37 51 2835052
37 18 2835057
37 12 2835058
37 53 2835060
37 28 2835060
37 8 2835062
37 72 2835071
37 54 2835079
37 46 2835081
37 26 2835083
37 65 2835086
37 23 2835091
37 43 2835092
37 30 2835098
37 53 2835106
37 82 2835108
37 38 2835108
37 58 2835110
37 70 2835113
37 64 2835122
37 3 2835126
37 50 2835134
37 36 2835143
37 75 2835149
37 14 2835156
37 46 2835163
37 28 2835166
37 51 2835167
37 31 2835168
37 35 2835169
37 59 2835170
37 48 2835178
37 57 2835180
37 67 2835189
37 17 2835195
37 29 2835202
37 26 2835208
37 79 2835216
37 39 2835221
37 34 2835224
37 68 2835225
37 8 2835234
37 74 2835236
37 55 2835242
37 84 2835250
37 7 2835256
37 73 2835264
37 41 2835269
37 11 2835277
37 76 2835278
37 22 2835286
37 56 2835287
37 10 2835288
37 27 2835290
37 71 2835292
37 45 2835299
37 52 2835308
37 21 2835314
37 24 2835318
37 5 2835321
37 18 2835323
38 28 2835328
38 63 2835335
38 81 2835338
38 47 2835340
38 13 2835342
38 16 2835349
38 40 2835355
38 4 2835358
38 3 2835366
38 27 2835371
38 54 2835373
38 14 2835381
38 9 2835385
38 35 2835392
38 55 2835400
38 66 2835406
38 10 2835411
38 74 2835418
38 33 2835422
38 65 2835422
38 19 2835428
38 45 2835432
38 51 2835435
38 32 2835444
38 8 2835453
38 23 2835460
38 11 2835465
38 44 2835469
38 17 2835470
38 80 2835477
38 85 2835479
38 40 2835481
38 47 2835483
38 19 2835490
38 29 2835497
38 46 2835504
38 33 2835512
38 58 2835516
38 32 2835517
38 55 2835525
38 30 2835531
38 11 2835532
38 63 2835535
38 10 2835537
38 54 2835544
38 25 2835552
38 5 2835554
38 18 2835556
38 74 2835562
38 6 2835568
38 73 2835575
38 45 2835578
38 2 2835578
38 52 2835579
38 83 2835584
38 66 2835592
38 70 2835597
38 78 2835597
38 8 2835597
38 71 2835601
39 12 2835604
39 6 2835604
39 27 2835610
39 35 2835615
39 52 2835621
39 74 2835627
39 43 2835630
39 15 2835636
39 48 2835645
39 22 2835653
39 62 2835659
39 63 2835666
39 29 2835675
39 21 2835684
39 7 2835684
39 25 2835692
39 19 2835694
39 26 2835699
39 10 2835703
39 40 2835710
39 75 2835712
39 30 2835713
39 80 2835714
39 51 2835716
39 57 2835716
39 49 2835718
39 5 2835722
39 46 2835722
39 59 2835726
39 33 2835735
39 50 2835742
39 70 2835750
39 81 2835752
39 72 2835758
39 18 2835766
39 61 2835772
39 28 2835780
39 14 2835780
39 68 2835785
39 65 2835786
39 60 2835787
39 4 2835795
39 54 2835803
39 36 2835806
39 17 2835812
39 44 2835817
39 84 2835826
39 71 2835829
39 9 2835832
39 69 2835837
39 58 2835844
39 38 2835845
39 82 2835846
39 42 2835851
39 64 2835851
39 45 2835851
39 34 2835852
39 85 2835861
39 79 2835868
39 81 2835874
39 14 2835878
39 19 2835880
39 12 2835883
39 27 2835885
39 56 2835885
39 80 2835887
39 76 2835890
39 21 2835894
39 55 2835899
39 2 2835900
39 8 2835908
39 35 2835909
39 74 2835914
39 32 2835916
39 1 2835924
39 51 2835925
39 36 2835932
39 5 2835935
39 15 2835942
39 84 2835945
39 57 2835947
39 18 2835954
39 78 2835962
39 54 2835971
39 13 2835977
39 61 2835986
39 70 2835990
39 43 2835991
39 82 2835993
39 3 2835993
39 37 2835993
39 50 2836001
39 68 2836003
39 52 2836005
39 58 2836008
39 71 2836009
39 23 2836011
39 73 2836016
39 22 2836025
39 59 2836027
39 69 2836035
39 63 2836044
39 9 2836051
40 67 2836054
40 57 2836062
40 68 2836062
40 59 2836070
40 64 2836070
40 58 2836073
41 33 2836075
41 83 2836075
41 76 2836083
41 53 2836086
41 79 2836086
41 69 2836089
41 71 2836089
41 80 2836089
41 82 2836092
41 11 2836095
41 4 2836104
41 44 2836113
41 70 2836113
41 28 2836121
41 57 2836123
41 68 2836128
41 58 2836132
41 51 2836135
41 7 2836142
41 78 2836149
41 13 2836153
41 55 2836160
41 64 2836161
41 24 2836168
41 61 2836168
41 74 2836173
41 8 2836179
41 45 2836183
41 54 2836184
41 67 2836184
41 9 2836185
41 36 2836187
41 62 2836196
41 85 2836198
41 16 2836202
41 72 2836205
41 1 2836212
41 31 2836216
41 18 2836217
41 0 2836217
41 34 2836223
41 5 2836227
41 19 2836232
41 12 2836236
41 48 2836243
41 66 2836243
41 28 2836245
41 82 2836247
41 62 2836249
41 7 2836258
41 61 2836264
41 6 2836271
41 60 2836274
41 74 2836274
41 83 2836280
41 11 2836282
41 42 2836286
41 59 2836295
41 35 2836302
41 9 2836310
41 43 2836319
41 77 2836327
41 30 2836331
41 46 2836338
41 21 2836342
41 79 2836348
41 1 2836353
41 15 2836358
41 76 2836358
41 64 2836362
41 85 2836363
41 81 2836366
41 24 2836372
41 2 2836377
41 26 2836386
41 25 2836386
41 29 2836391
41 54 2836400
41 57 2836401
41 71 2836407
41 14 2836414
41 44 2836416
41 34 2836420
41 17 2836424
41 51 2836430
41 8 2836437
41 68 2836445
42 71 2836445
42 48 2836453
42 2 2836459
42 28 2836467
42 57 2836468
42 79 2836475
42 62 2836480
42 78 2836485
42 20 2836491
42 6 2836495
42 59 2836495
42 27 2836498
42 41 2836501
42 19 2836506
42 67 2836510
42 0 2836513
42 34 2836520
42 5 2836520
42 54 2836523
42 70 2836526
42 21 2836529
42 50 2836532
42 80 2836540
42 66 2836548
42 26 2836555
42 76 2836555
42 4 2836556
42 77 2836560
42 30 2836566
42 16 2836570
42 69 2836572
42 25 2836581
42 22 2836588
42 9 2836597
42 11 2836599
42 14 2836604
42 65 2836609
42 55 2836613
42 43 2836615
42 24 2836621
42 49 2836630
42 60 2836630
42 74 2836639
42 33 2836642
42 61 2836650
42 75 2836652
42 17 2836657
42 27 2836663
42 62 2836671
42 45 2836680
42 5 2836681
42 38 2836690
42 65 2836695
42 72 2836700
42 11 2836700
42 0 2836708
42 36 2836711
42 18 2836719
42 30 2836726
42 22 2836735
42 21 2836737
42 64 2836740
42 25 2836746
42 17 2836752
42 35 2836760
42 66 2836760
42 69 2836762
42 80 2836764
42 6 2836772
42 24 2836778
42 84 2836779
42 52 2836786
42 46 2836795
42 71 2836802
42 82 2836803
42 61 2836812
42 41 2836821
42 50 2836826
42 53 2836830
42 1 2836833
42 83 2836838
42 51 2836847
42 49 2836849
42 54 2836857
42 55 2836860
42 81 2836861
43 84 2836867
43 34 2836876
43 47 2836879
43 28 2836887
43 40 2836889
43 8 2836896
43 21 2836902
43 31 2836904
43 83 2836913
43 71 2836918
43 61 2836921
43 48 2836925
43 52 2836931
43 63 2836938
43 80 2836938
43 57 2836940
43 5 2836943
43 68 2836949
43 75 2836951
43 81 2836960
43 55 2836965
43 51 2836969
43 50 2836971
43 85 2836973
43 62 2836975
43 69 2836975
43 41 2836979
43 10 2836980
43 7 2836988
43 18 2836989
43 25 2836997
43 54 2837000
43 34 2837003
43 44 2837010
43 83 2837013
43 41 2837016
43 32 2837021
43 17 2837023
43 51 2837023
43 31 2837032
43 47 2837041
43 48 2837047
43 62 2837052
43 37 2837061
43 81 2837066
43 2 2837075
43 26 2837079
43 64 2837079
43 3 2837080
43 63 2837086
43 6 2837087
43 68 2837091
43 28 2837092
43 39 2837092
43 4 2837098
43 23 2837104
43 72 2837111
43 14 2837116
43 13 2837123
43 8 2837126
43 49 2837129
43 19 2837133
43 52 2837139
43 27 2837146
43 70 2837146
44 58 2837147
44 11 2837150
44 41 2837153
44 59 2837154
44 14 2837156
44 85 2837165
44 47 2837171
44 0 2837172
44 53 2837174
44 10 2837177
44 69 2837186
44 83 2837194
44 16 2837199
44 70 2837208
44 42 2837210
44 61 2837218
44 63 2837224
44 81 2837224
44 1 2837229
44 24 2837235
44 64 2837243
44 74 2837246
44 65 2837246
44 66 2837251
44 82 2837253
44 71 2837254
44 54 2837256
44 21 2837256
44 29 2837259
44 30 2837260
44 38 2837264
44 13 2837265
44 33 2837266
44 15 2837272
44 40 2837277
44 78 2837281
44 80 2837283
44 5 2837291
44 72 2837291
44 4 2837295
44 26 2837300
44 52 2837305
44 31 2837306
44 20 2837314
44 9 2837322
44 68 2837327
44 6 2837328
44 63 2837335
44 33 2837339
44 15 2837344
44 76 2837352
44 61 2837358
44 34 2837359
44 13 2837368
44 62 2837374
44 55 2837378
44 78 2837382
44 23 2837386
44 84 2837386
44 18 2837391
44 69 2837398
44 2 2837404
44 58 2837409
44 14 2837415
44 45 2837423
44 82 2837429
44 51 2837433
44 64 2837436
44 36 2837438
44 29 2837447
44 46 2837452
44 21 2837457
44 80 2837466
44 4 2837473
44 85 2837478
44 57 2837478
44 37 2837486
44 65 2837486
44 59 2837495
44 53 2837499
44 77 2837508
44 0 2837513
44 66 2837515
44 16 2837524
44 79 2837528
44 8 2837537
44 39 2837545
44 50 2837552
44 35 2837556
44 73 2837556
44 75 2837561
44 31 2837566
45 26 2837567
45 78 2837572
45 33 2837578
45 76 2837583
45 75 2837591
45 56 2837599
45 55 2837605
45 61 2837610
45 25 2837611
45 12 2837619
45 34 2837627
45 9 2837632
45 7 2837634
45 51 2837638
45 36 2837646
45 8 2837650
45 67 2837656
45 20 2837657
45 5 2837664
45 82 2837669
45 47 2837675
45 22 2837680
45 81 2837681
45 1 2837681
45 60 2837689
45 80 2837693
45 38 2837694
45 54 2837696
45 37 2837700
45 59 2837709
45 16 2837709
45 68 2837715
45 10 2837724
45 57 2837732
45 49 2837733
45 6 2837733
45 42 2837734
45 11 2837734
45 72 2837742
45 4 2837744
45 66 2837748
45 64 2837753
45 73 2837759
45 52 2837760
45 62 2837761
45 46 2837762
45 35 2837767
45 41 2837769
45 53 2837772
45 29 2837779
45 58 2837782
45 38 2837789
45 8 2837794
45 53 2837794
45 26 2837797
45 12 2837803
45 16 2837803
45 71 2837811
45 67 2837818
45 25 2837826
45 58 2837832
45 22 2837833
45 20 2837838
45 50 2837839
45 15 2837846
45 47 2837853
45 43 2837859
45 54 2837861
45 13 2837863
45 31 2837871
45 18 2837874
45 84 2837876
45 24 2837880
45 11 2837887
45 70 2837892
45 52 2837895
45 1 2837900
45 42 2837901
45 82 2837908
45 14 2837914
45 60 2837914
45 9 2837917
45 40 2837921
45 51 2837923
45 39 2837924
45 66 2837930
45 36 2837939
45 19 2837946
45 62 2837946
45 23 2837947
45 49 2837956
45 33 2837959
45 77 2837960
45 75 2837960
45 5 2837967
45 64 2837970
45 83 2837972
45 78 2837981
46 50 2837990
46 70 2837993
46 82 2837995
46 72 2838004
46 57 2838005
46 8 2838005
46 58 2838010
46 66 2838010
46 45 2838018
46 74 2838019
46 39 2838025
46 40 2838025
46 34 2838034
46 77 2838036
46 71 2838037
46 83 2838042
46 68 2838043
46 59 2838046
46 22 2838046
46 62 2838047
46 11 2838051
46 29 2838060
46 79 2838061
46 48 2838069
46 13 2838076
46 10 2838083
46 7 2838091
46 85 2838093
46 32 2838098
46 9 2838099
46 61 2838105
46 42 2838111
46 52 2838116
46 35 2838120
46 16 2838129
46 80 2838131
46 73 2838137
46 69 2838145
46 56 2838149
46 66 2838152
46 5 2838153
46 53 2838160
46 9 2838164
46 10 2838165
46 29 2838171
46 0 2838180
46 21 2838182
46 79 2838188
46 60 2838193
46 25 2838196
46 65 2838205
46 64 2838206
46 44 2838212
46 76 2838214
46 73 2838219
46 81 2838227
46 48 2838230
46 17 2838235
46 77 2838243
46 74 2838244
46 7 2838252
46 67 2838256
46 26 2838256
46 13 2838260
46 69 2838267
46 11 2838269
46 55 2838278
46 62 2838282
46 19 2838291
46 39 2838300
46 57 2838304
46 58 2838311
47 68 2838316
47 13 2838324
47 61 2838331
47 22 2838331
47 38 2838332
47 85 2838333
47 49 2838335
47 35 2838338
47 1 2838345
47 21 2838350
47 59 2838350
47 12 2838351
47 32 2838353
47 16 2838362
47 56 2838364
47 73 2838371
47 7 2838380
47 26 2838386
47 30 2838392
47 77 2838397
47 15 2838397
47 24 2838399
47 51 2838408
47 46 2838410
47 9 2838415
47 2 2838419
47 84 2838425
47 42 2838433
47 8 2838439
47 55 2838441
47 58 2838441
47 28 2838446
47 18 2838453
47 50 2838455
47 83 2838455
47 43 2838459
47 81 2838466
47 74 2838474
47 11 2838477
47 65 2838477
47 64 2838484
47 31 2838492
47 19 2838501
47 72 2838502
47 48 2838505
47 5 2838511
47 0 2838516
47 70 2838516
47 71 2838522
47 37 2838522
47 77 2838527
47 10 2838533
47 34 2838540
47 64 2838547
47 7 2838550
47 3 2838558
47 32 2838565
47 41 2838568
47 53 2838573
47 16 2838575
47 75 2838576
47 66 2838578
47 6 2838583
47 67 2838589
47 36 2838595
47 43 2838604
47 55 2838609
47 22 2838610
47 76 2838614
47 58 2838621
47 27 2838630
47 28 2838630
47 29 2838633
47 82 2838633
47 54 2838634
47 26 2838639
47 25 2838648
47 0 2838651
47 45 2838658
47 59 2838660
47 80 2838663
47 63 2838670
47 60 2838676
47 23 2838682
47 49 2838682
47 48 2838691
47 83 2838693
47 85 2838698
47 15 2838704
47 52 2838710
47 11 2838714
47 18 2838722
47 20 2838729
47 72 2838735
47 81 2838743
47 84 2838744
47 5 2838751
47 4 2838754
48 30 2838756
48 79 2838757
48 76 2838759
48 25 2838761
48 14 2838766
48 42 2838766
48 13 2838768
48 83 2838777
48 19 2838778
48 71 2838783
48 10 2838786
48 65 2838793
48 24 2838796
48 18 2838801
48 64 2838809
48 51 2838809
48 37 2838809
48 20 2838817
48 47 2838817
48 40 2838822
48 35 2838825
48 32 2838834
48 72 2838835
48 59 2838836
48 4 2838836
48 56 2838838
48 5 2838842
48 3 2838843
48 7 2838846
48 68 2838855
48 11 2838862
48 73 2838863
48 45 2838872
48 24 2838872
48 54 2838879
48 59 2838885
48 14 2838890
48 29 2838897
48 34 2838898
48 13 2838900
48 72 2838907
48 58 2838909
48 69 2838911
48 17 2838914
48 39 2838916
48 62 2838920
48 22 2838923
48 75 2838925
48 40 2838932
48 55 2838934
48 42 2838938
48 68 2838942
48 63 2838942
48 36 2838944
48 67 2838951
48 85 2838955
48 83 2838955
49 57 2838955
49 76 2838955
49 12 2838960
49 79 2838961
49 17 2838963
49 7 2838972
49 82 2838977
49 33 2838980
49 27 2838989
49 83 2838992
49 21 2838998
49 84 2839001
49 65 2839004
49 63 2839005
49 59 2839008
49 22 2839012
49 60 2839019
49 15 2839020
49 16 2839024
49 23 2839028
49 4 2839030
49 43 2839033
49 40 2839040
49 31 2839047
49 53 2839047
49 16 2839049
49 2 2839054
49 53 2839058
49 3 2839058
49 28 2839064
49 13 2839073
49 15 2839082
49 60 2839087
49 44 2839087
49 19 2839096
49 57 2839102
49 26 2839104
49 1 2839106
49 39 2839106
49 70 2839112
49 59 2839120
49 40 2839124
49 36 2839130
49 80 2839136
49 38 2839139
49 21 2839148
49 81 2839150
49 18 2839159
49 55 2839166
49 9 2839175
49 77 2839176
49 32 2839179
49 52 2839188
50 28 2839193
50 0 2839193
50 63 2839200
50 70 2839201
50 77 2839204
50 31 2839209
50 55 2839210
50 2 2839212
50 48 2839217
50 38 2839217
50 71 2839222
50 24 2839223
50 36 2839225
50 40 2839229
50 17 2839238
50 22 2839247
50 68 2839254
50 14 2839261
50 33 2839261
50 6 2839269
50 75 2839270
50 3 2839270
50 83 2839274
50 54 2839277
50 29 2839279
50 76 2839288
50 9 2839294
50 85 2839303
50 5 2839309
50 30 2839318
50 53 2839318
50 27 2839322
50 26 2839329
50 7 2839329
50 54 2839337
50 2 2839345
50 31 2839351
50 46 2839357
50 51 2839363
50 80 2839371
50 79 2839375
50 1 2839375
50 9 2839375
50 65 2839384
50 55 2839389
50 11 2839394
50 3 2839395
50 28 2839401
50 33 2839401
50 35 2839401
50 34 2839402
50 52 2839406
50 15 2839407
50 32 2839416
50 38 2839420
50 73 2839424
50 21 2839424
50 67 2839426
50 78 2839426
50 22 2839430
51 66 2839432
51 76 2839434
51 39 2839437
51 16 2839442
51 74 2839450
51 17 2839455
51 19 2839464
51 13 2839468
51 78 2839468
51 37 2839468
51 81 2839471
51 14 2839476
51 31 2839477
51 77 2839486
51 80 2839489
51 49 2839489
51 43 2839498
51 79 2839507
51 60 2839516
51 34 2839522
51 63 2839531
51 33 2839535
51 9 2839538
51 38 2839543
51 25 2839543
51 62 2839545
51 8 2839548
51 29 2839549
51 71 2839553
51 28 2839558
51 32 2839562
51 20 2839570
51 65 2839575
51 58 2839584
51 75 2839584
51 19 2839590
51 29 2839599
51 1 2839603
51 77 2839608
51 6 2839614
51 60 2839623
51 37 2839624
51 73 2839628
51 74 2839629
51 22 2839637
51 69 2839640
51 2 2839643
51 10 2839650
51 56 2839652
51 40 2839653
51 47 2839655
51 68 2839656
51 66 2839660
51 28 2839668
51 62 2839676
51 83 2839683
51 71 2839686
51 9 2839692
51 5 2839698
51 4 2839704
51 38 2839711
51 13 2839715
51 12 2839719
51 0 2839721
51 65 2839730
51 15 2839735
51 79 2839742
51 3 2839749
51 43 2839753
52 71 2839755
52 36 2839762
52 81 2839764
52 69 2839767
52 9 2839772
52 51 2839780
52 41 2839785
52 74 2839794
52 63 2839802
52 37 2839807
52 53 2839810
52 66 2839815
52 14 2839815
52 60 2839818
52 78 2839818
52 75 2839821
52 45 2839824
52 28 2839824
52 72 2839829
52 68 2839830
52 57 2839834
52 34 2839839
52 8 2839846
52 22 2839851
52 46 2839856
52 27 2839861
52 51 2839862
52 24 2839869
52 78 2839871
52 67 2839874
52 65 2839880
52 10 2839888
52 76 2839892
52 39 2839893
52 3 2839899
52 29 2839904
52 73 2839907
52 9 2839907
52 69 2839916
52 12 2839918
52 8 2839926
52 16 2839933
52 75 2839939
52 0 2839945
53 57 2839950
53 14 2839958
53 62 2839965
53 12 2839967
53 47 2839972
53 27 2839981
53 1 2839989
53 44 2839997
53 11 2840002
53 52 2840004
53 37 2840012
53 68 2840014
53 0 2840018
53 26 2840022
53 50 2840028
53 82 2840033
53 79 2840034
53 31 2840036
53 20 2840044
53 54 2840047
53 35 2840048
53 51 2840052
53 75 2840061
53 76 2840070
53 30 2840075
53 29 2840083
53 23 2840086
53 15 2840095
53 46 2840100
53 17 2840108
53 18 2840110
53 21 2840116
53 41 2840122
53 58 2840123
53 55 2840126
53 84 2840131
53 59 2840135
53 4 2840136
53 49 2840144
53 38 2840148
53 28 2840154
53 70 2840158
53 40 2840159
53 72 2840161
53 33 2840169
53 3 2840172
53 81 2840181
53 64 2840184
53 65 2840188
53 69 2840191
53 80 2840198
53 15 2840200
53 14 2840208
53 28 2840212
53 50 2840216
53 75 2840216
53 31 2840223
53 27 2840224
53 46 2840226
53 43 2840235
53 5 2840243
53 39 2840243
53 73 2840250
53 81 2840252
53 18 2840254
53 4 2840254
53 82 2840256
53 36 2840258
53 0 2840258
53 58 2840262
53 68 2840265
53 32 2840267
53 60 2840267
53 12 2840272
53 10 2840278
53 6 2840280
53 54 2840285
53 78 2840287
53 74 2840289
53 56 2840295
53 64 2840301
53 67 2840303
53 19 2840308
53 13 2840310
53 25 2840317
53 33 2840322
53 3 2840327
53 38 2840330
53 62 2840335
53 63 2840342
53 61 2840345
53 76 2840346
53 1 2840353
53 20 2840353
53 85 2840358
53 16 2840360
54 20 2840368
54 59 2840372
54 53 2840375
54 82 2840376
54 73 2840381
54 12 2840385
54 55 2840389
54 84 2840389
54 3 2840389
54 76 2840396
54 85 2840405
54 44 2840410
54 75 2840417
54 11 2840424
54 35 2840429
54 80 2840434
54 43 2840442
54 16 2840444
54 51 2840451
54 72 2840455
54 18 2840460
54 19 2840468
54 39 2840473
54 21 2840481
54 74 2840487
54 49 2840490
54 52 2840497
54 79 2840506
54 2 2840507
54 68 2840507
54 24 2840511
54 78 2840512
54 65 2840514
54 77 2840520
54 48 2840526
54 57 2840526
54 33 2840535
54 0 2840537
54 69 2840539
54 60 2840542
54 15 2840548
54 27 2840551
54 31 2840558
54 73 2840561
54 28 2840562
54 83 2840568
54 16 2840568
54 4 2840569
54 17 2840576
54 13 2840585
54 33 2840590
54 44 2840595
54 14 2840603
54 18 2840604
54 55 2840608
54 12 2840616
54 24 2840617
54 11 2840622
54 80 2840627
54 72 2840634
54 27 2840639
54 26 2840646
54 78 2840651
54 29 2840660
54 20 2840663
54 35 2840667
54 21 2840667
54 65 2840671
54 61 2840680
54 38 2840684
54 75 2840689
54 70 2840690
54 40 2840695
54 63 2840698
54 81 2840701
54 77 2840702
54 59 2840703
54 45 2840712
54 6 2840712
54 41 2840717
54 10 2840726
54 71 2840726
54 53 2840726
54 56 2840732
54 25 2840734
54 36 2840742
54 64 2840750
54 23 2840753
54 19 2840755
54 49 2840763
55 82 2840767
55 77 2840775
55 81 2840777
55 36 2840778
55 66 2840780
55 79 2840782
55 15 2840783
55 1 2840790
55 78 2840795
55 0 2840798
55 53 2840800
55 8 2840809
55 58 2840818
55 65 2840827
56 79 2840830
56 52 2840832
56 61 2840833
56 13 2840835
56 60 2840836
56 2 2840840
56 35 2840846
56 36 2840851
56 64 2840859
56 37 2840868
56 45 2840869
56 22 2840878
56 80 2840887
56 12 2840893
56 72 2840899
56 41 2840908
56 74 2840908
56 39 2840908
56 6 2840908
56 17 2840911
56 42 2840918
56 3 2840923
56 0 2840927
56 63 2840935
56 47 2840937
56 49 2840943
56 57 2840943
56 46 2840943
56 67 2840945
56 71 2840946
56 40 2840952
56 83 2840952
56 16 2840959
56 48 2840963
56 19 2840963
56 58 2840971
56 7 2840976
56 11 2840981
56 82 2840989
56 25 2840993
56 33 2840995
56 76 2841001
56 54 2841009
56 32 2841012
56 43 2841012
56 59 2841019
56 34 2841019
56 55 2841026
56 66 2841027
56 20 2841035
56 27 2841038
56 23 2841040
56 45 2841045
56 42 2841048
56 2 2841052
56 69 2841059
56 8 2841068
56 57 2841077
56 17 2841081
56 61 2841082
56 65 2841082
56 74 2841091
56 54 2841096
56 51 2841098
56 63 2841100
56 81 2841100
56 12 2841108
56 31 2841108
56 25 2841112
56 41 2841116
56 9 2841120
56 47 2841120
56 68 2841122
56 85 2841124
56 79 2841126
56 83 2841128
56 80 2841136
56 13 2841145
56 39 2841145
56 0 2841148
56 18 2841155
56 3 2841158
56 82 2841166
56 1 2841171
56 53 2841176
56 14 2841184
56 48 2841187
56 62 2841190
56 37 2841193
56 27 2841199
56 72 2841202
56 11 2841203
56 24 2841210
56 19 2841212
56 43 2841217
56 6 2841222
56 32 2841229
56 28 2841236
56 73 2841243
56 84 2841245
56 58 2841250
56 35 2841251
56 60 2841254
57 29 2841262
57 36 2841263
57 9 2841266
57 43 2841272
57 14 2841277
57 73 2841284
57 78 2841291
57 26 2841294
57 64 2841299
57 44 2841308
57 13 2841310
57 38 2841319
57 30 2841324
57 82 2841332
57 17 2841334
57 66 2841335
57 75 2841341
57 56 2841348
57 71 2841355
57 10 2841361
57 79 2841370
57 74 2841370
57 85 2841375
57 15 2841377
57 21 2841383
57 18 2841383
57 65 2841385
57 82 2841385
57 32 2841385
57 33 2841386
57 43 2841395
57 0 2841402
57 74 2841403
57 69 2841410
57 79 2841410
57 67 2841410
57 16 2841417
57 40 2841426
57 72 2841434
57 13 2841438
57 11 2841444
57 20 2841453
57 36 2841459
57 24 2841463
57 28 2841471
57 5 2841471
57 73 2841477
57 83 2841483
58 20 2841491
58 85 2841498
58 44 2841499
58 49 2841507
58 11 2841514
58 22 2841520
58 12 2841523
58 27 2841527
58 35 2841528
58 66 2841536
58 71 2841541
58 8 2841547
58 32 2841547
58 26 2841549
58 17 2841556
58 65 2841562
58 33 2841566
58 61 2841574
58 64 2841580
58 67 2841585
58 62 2841591
58 0 2841593
58 55 2841599
58 79 2841604
58 59 2841610
58 41 2841614
58 84 2841616
58 64 2841623
58 49 2841624
58 69 2841630
58 37 2841634
58 28 2841639
58 26 2841644
58 74 2841652
58 63 2841660
58 48 2841664
58 35 2841670
58 15 2841678
58 68 2841686
58 41 2841692
58 10 2841699
58 60 2841703
58 9 2841707
58 25 2841715
58 51 2841716
58 2 2841723
58 0 2841730
58 84 2841738
58 65 2841739
58 76 2841741
58 23 2841742
58 5 2841751
58 22 2841758
58 61 2841761
58 42 2841768
59 24 2841772
59 21 2841779
59 67 2841788
59 70 2841793
59 81 2841797
59 41 2841805
59 27 2841805
59 62 2841813
59 56 2841813
59 25 2841817
59 83 2841818
59 58 2841825
59 44 2841829
59 13 2841835
59 11 2841838
59 32 2841838
59 40 2841838
59 80 2841843
59 61 2841851
59 28 2841851
59 43 2841852
59 50 2841860
59 71 2841860
59 16 2841864
59 55 2841864
59 30 2841865
59 26 2841873
59 76 2841882
59 29 2841882
59 15 2841889
59 72 2841891
59 45 2841893
59 31 2841898
59 33 2841901
59 10 2841907
59 39 2841913
59 65 2841917
59 84 2841925
59 20 2841925
59 18 2841927
59 37 2841931
59 66 2841938
59 54 2841941
59 68 2841944
59 69 2841952
59 6 2841955
59 48 2841961
59 3 2841966
59 75 2841973
59 53 2841978
59 79 2841983
59 42 2841991
59 45 2842000
59 80 2842006
59 54 2842007
59 71 2842012
59 43 2842015
59 8 2842016
59 16 2842025
59 77 2842025
59 13 2842028
59 61 2842030
59 68 2842034
59 35 2842040
59 75 2842048
59 19 2842048
59 31 2842057
59 82 2842062
59 76 2842065
59 21 2842074
59 56 2842080
59 6 2842081
59 14 2842081
59 63 2842090
59 33 2842097
59 41 2842105
59 23 2842108
59 1 2842109
59 15 2842114
59 39 2842120
59 44 2842120
59 34 2842123
59 58 2842124
59 48 2842132
59 7 2842141
59 52 2842146
59 5 2842152
59 38 2842157
59 62 2842157
59 67 2842163
59 84 2842167
59 69 2842167
59 66 2842169
59 79 2842176
59 20 2842179
59 29 2842184
59 50 2842187
59 3 2842189
59 4 2842192
59 55 2842201
59 24 2842204
59 49 2842210
60 32 2842218
60 8 2842223
60 52 2842231
60 46 2842232
60 0 2842235
60 21 2842240
60 6 2842243
60 71 2842248
60 23 2842255
60 5 2842264
60 70 2842267
60 34 2842272
60 49 2842279
60 77 2842282
60 45 2842285
60 47 2842290
60 68 2842295
60 33 2842295
60 82 2842298
60 38 2842307
60 36 2842313
60 2 2842319
60 61 2842324
60 35 2842330
60 66 2842330
60 63 2842339
60 65 2842343
60 78 2842343
60 69 2842348
60 58 2842351
60 4 2842354
60 67 2842357
60 50 2842365
60 84 2842368
60 32 2842371
60 18 2842375
60 1 2842383
60 3 2842390
60 80 2842393
60 39 2842395
60 57 2842397
60 6 2842404
60 75 2842404
60 66 2842412
60 70 2842421
60 74 2842425
60 76 2842428
60 33 2842432
60 2 2842437
60 12 2842446
60 59 2842447
60 10 2842447
60 51 2842454
60 71 2842459
60 52 2842463
60 83 2842470
60 16 2842478
60 21 2842480
60 31 2842487
60 24 2842487
60 22 2842494
60 20 2842499
60 36 2842505
61 43 2842514
61 78 2842521
61 75 2842522
61 40 2842522
61 35 2842529
61 34 2842533
61 18 2842534
61 48 2842538
61 19 2842542
61 49 2842544
61 13 2842551
61 28 2842558
61 65 2842567
61 74 2842569
61 27 2842571
61 10 2842577
61 15 2842585
61 21 2842585
61 46 2842594
61 56 2842595
61 60 2842604
61 79 2842606
61 11 2842613
61 14 2842618
61 17 2842627
61 45 2842634
61 67 2842638
61 56 2842645
61 33 2842649
61 39 2842655
61 68 2842661
61 44 2842665
61 28 2842665
61 7 2842671
61 3 2842674
61 81 2842678
61 79 2842681
61 11 2842686
61 21 2842691
61 46 2842699
61 6 2842706
61 9 2842711
61 83 2842713
61 55 2842719
61 38 2842721
61 78 2842723
61 50 2842727
61 80 2842731
61 15 2842737
61 69 2842741
61 74 2842741
61 77 2842746
61 37 2842746
62 83 2842747
62 70 2842750
62 80 2842759
62 14 2842767
62 41 2842773
62 84 2842780
62 6 2842783
62 59 2842789
62 81 2842795
62 12 2842795
62 44 2842804
62 5 2842810
62 33 2842814
62 23 2842823
62 28 2842825
62 57 2842828
62 21 2842836
62 42 2842837
62 69 2842842
62 73 2842843
62 25 2842851
62 2 2842852
62 47 2842852
62 71 2842852
62 30 2842860
62 37 2842860
62 63 2842868
62 11 2842872
62 35 2842872
62 52 2842875
62 61 2842879
62 76 2842888
62 18 2842897
62 4 2842900
62 66 2842901
62 75 2842904
62 68 2842904
62 55 2842912
62 22 2842915
62 82 2842918
62 27 2842920
62 77 2842923
62 13 2842929
62 34 2842932
62 67 2842936
62 46 2842937
62 78 2842944
62 26 2842953
62 55 2842954
62 59 2842958
62 32 2842959
62 72 2842961
62 77 2842970
62 17 2842976
62 45 2842985
62 41 2842994
62 51 2842995
62 58 2842997
62 25 2842997
62 78 2843002
62 20 2843002
62 42 2843007
62 34 2843014
62 24 2843021
62 53 2843027
62 2 2843034
62 46 2843043
62 9 2843052
62 43 2843052
62 15 2843052
62 71 2843056
62 74 2843063
62 22 2843069
62 54 2843070
62 1 2843078
62 27 2843086
62 61 2843089
62 83 2843096
62 60 2843105
62 31 2843105
62 82 2843109
62 39 2843112
62 47 2843121
62 52 2843129
62 65 2843136
62 26 2843139
62 49 2843139
62 48 2843144
62 8 2843151
62 84 2843153
62 30 2843158
62 85 2843163
62 29 2843171
62 36 2843173
62 5 2843181
62 37 2843182
62 63 2843188
62 18 2843196
63 18 2843204
63 66 2843207
63 78 2843209
63 43 2843211
63 31 2843211
63 8 2843211
63 37 2843212
63 3 2843221
63 76 2843225
63 59 2843229
63 23 2843229
63 16 2843231
63 50 2843236
63 19 2843241
63 28 2843250
63 45 2843256
63 32 2843262
63 24 2843262
63 41 2843268
63 7 2843269
63 48 2843269
63 46 2843269
63 11 2843269
63 38 2843269
63 21 2843270
63 12 2843279
63 53 2843288
63 42 2843288
63 74 2843288
63 56 2843297
63 49 2843301
63 36 2843309
63 29 2843310
63 72 2843316
63 26 2843316
63 64 2843322
63 68 2843329
63 22 2843329
63 20 2843338
63 35 2843342
63 6 2843349
63 84 2843349
63 61 2843350
63 73 2843358
63 39 2843364
63 62 2843373
63 69 2843380
63 0 2843382
63 55 2843383
63 14 2843389
63 59 2843397
63 10 2843404
63 80 2843409
63 64 2843418
63 51 2843427
63 85 2843434
63 11 2843440
63 24 2843446
63 55 2843455
63 33 2843458
63 30 2843464
63 71 2843473
63 72 2843473
63 42 2843476
63 47 2843478
63 79 2843487
63 48 2843487
63 46 2843493
63 5 2843494
63 77 2843494
63 74 2843498
63 43 2843504
63 66 2843509
63 2 2843510
63 31 2843513
63 41 2843522
63 70 2843525
63 81 2843533
63 53 2843539
63 57 2843541
63 23 2843541
63 34 2843542
63 39 2843546
63 19 2843548
63 38 2843553
63 56 2843553
63 58 2843562
63 36 2843564
63 44 2843566
63 29 2843568
63 12 2843573
63 6 2843580
63 8 2843582
63 7 2843585
63 9 2843587
63 13 2843596
63 18 2843601
63 76 2843601
64 37 2843604
64 80 2843610
64 31 2843615
64 82 2843620
64 83 2843629
64 62 2843629
64 72 2843635
64 0 2843639
64 39 2843640
64 65 2843646
64 25 2843650
64 43 2843653
64 28 2843659
64 24 2843667
64 27 2843671
64 41 2843679
64 73 2843682
64 19 2843682
64 68 2843688
64 14 2843697
64 30 2843706
64 47 2843710
64 76 2843717
64 16 2843720
64 18 2843724
64 67 2843727
64 15 2843736
64 85 2843744
64 2 2843750
64 50 2843754
64 45 2843760
64 76 2843761
64 55 2843764
64 7 2843765
64 35 2843766
64 80 2843770
64 13 2843771
64 71 2843774
64 79 2843780
64 85 2843783
64 66 2843787
64 36 2843792
64 14 2843799
64 83 2843805
64 39 2843810
64 31 2843817
64 17 2843821
64 22 2843827
64 57 2843834
64 12 2843836
64 30 2843841
64 23 2843850
64 60 2843856
64 10 2843864
64 24 2843870
64 75 2843874
64 21 2843874
64 52 2843881
64 48 2843887
64 4 2843889
64 20 2843891
64 2 2843897
64 70 2843901
64 67 2843909
64 3 2843912
64 19 2843912
64 37 2843915
65 33 2843922
65 41 2843928
65 8 2843931
65 1 2843939
65 84 2843943
65 60 2843950
65 44 2843954
65 19 2843956
65 23 2843965
65 29 2843968
65 57 2843974
65 81 2843979
65 6 2843985
65 73 2843985
65 20 2843986
65 35 2843990
65 70 2843997
65 40 2844000
65 27 2844000
65 54 2844001
65 77 2844007
65 49 2844009
65 61 2844015
65 15 2844015
65 71 2844024
65 84 2844026
65 32 2844032
65 22 2844039
65 17 2844041
65 46 2844046
65 72 2844048
65 58 2844050
65 61 2844056
65 45 2844065
65 27 2844073
65 82 2844074
65 76 2844076
65 50 2844082
65 2 2844086
65 63 2844089
65 0 2844098
65 83 2844103
65 21 2844111
65 39 2844116
65 52 2844122
66 46 2844131
66 42 2844139
66 9 2844140
66 45 2844145
66 36 2844148
66 25 2844152
66 75 2844158
66 24 2844160
66 10 2844165
66 79 2844171
66 3 2844177
66 16 2844184
66 64 2844187
66 41 2844187
66 14 2844191
66 12 2844200
66 23 2844208
66 17 2844212
66 26 2844213
66 51 2844220
66 72 2844227
66 27 2844233
66 18 2844237
66 85 2844241
66 55 2844244
66 84 2844247
66 70 2844253
66 53 2844260
66 20 2844266
66 40 2844272
66 80 2844280
66 38 2844281
66 71 2844286
66 82 2844294
66 74 2844296
66 28 2844302
66 69 2844302
66 6 2844302
66 33 2844304
66 78 2844312
66 65 2844318
66 15 2844321
66 47 2844323
66 22 2844330
66 1 2844336
66 11 2844345
66 31 2844352
66 43 2844355
66 74 2844364
66 75 2844371
66 78 2844379
66 55 2844385
66 29 2844388
66 77 2844393
66 57 2844394
66 85 2844403
66 0 2844412
66 37 2844416
66 8 2844421
66 48 2844424
66 42 2844432
66 54 2844434
66 25 2844443
66 27 2844451
66 49 2844457
66 28 2844458
66 41 2844460
66 32 2844462
66 21 2844469
66 39 2844472
66 12 2844475
66 58 2844480
66 47 2844482
66 15 2844488
66 84 2844488
66 23 2844491
66 79 2844498
66 70 2844500
66 5 2844505
66 36 2844507
66 64 2844508
66 4 2844511
66 24 2844516
66 22 2844520
66 65 2844525
66 26 2844532
66 53 2844533
66 76 2844537
66 7 2844543
66 56 2844546
66 3 2844547
66 59 2844549
66 51 2844552
67 73 2844559
67 27 2844562
67 5 2844566
67 58 2844574
67 1 2844581
67 49 2844582
67 7 2844585
67 81 2844585
67 6 2844592
67 71 2844601
67 10 2844605
67 62 2844614
67 85 2844621
67 76 2844629
67 70 2844636
67 50 2844636
67 60 2844638
67 45 2844645
67 46 2844650
67 12 2844655
67 26 2844662
67 41 2844663
67 61 2844669
67 39 2844674
67 16 2844678
67 17 2844680
67 80 2844686
67 19 2844690
67 59 2844693
67 54 2844696
67 53 2844703
67 22 2844712
67 48 2844720
67 0 2844727
67 21 2844733
67 18 2844739
67 13 2844745
67 51 2844749
67 72 2844755
67 38 2844760
67 79 2844762
67 2 2844768
67 15 2844777
67 29 2844777
67 72 2844780
67 14 2844780
67 56 2844780
67 6 2844782
67 22 2844791
67 41 2844796
67 58 2844803
67 76 2844807
67 81 2844808
67 17 2844815
67 61 2844818
67 31 2844819
67 85 2844827
67 60 2844828
67 59 2844830
67 83 2844830
67 27 2844834
67 4 2844837
67 70 2844840
67 77 2844844
67 75 2844847
67 68 2844848
67 63 2844850
67 12 2844859
67 30 2844868
67 54 2844870
67 34 2844874
67 69 2844881
67 65 2844883
67 42 2844889
67 33 2844891
67 79 2844893
67 28 2844902
67 84 2844903
67 73 2844910
67 47 2844916
67 19 2844917
67 43 2844921
67 21 2844930
67 82 2844937
68 35 2844937
68 9 2844944
68 44 2844948
68 18 2844950
68 30 2844958
68 3 2844959
68 36 2844963
68 78 2844966
68 55 2844973
68 59 2844977
68 31 2844983
68 48 2844985
68 57 2844994
68 40 2844996
68 1 2845002
68 74 2845010
68 17 2845011
68 70 2845019
68 14 2845027
68 8 2845030
68 80 2845038
68 66 2845046
68 84 2845051
68 29 2845060
68 38 2845066
68 39 2845072
68 11 2845074
68 73 2845077
68 41 2845081
68 51 2845082
68 22 2845087
68 85 2845090
68 13 2845093
68 23 2845096
68 56 2845101
68 5 2845110
68 42 2845113
68 81 2845122
68 47 2845125
68 4 2845125
68 16 2845129
68 10 2845136
68 51 2845138
68 40 2845147
68 53 2845156
68 28 2845158
68 67 2845162
68 80 2845170
68 83 2845177
68 12 2845177
68 82 2845182
68 8 2845191
68 16 2845196
68 79 2845197
68 73 2845204
68 39 2845204
68 71 2845204
68 1 2845208
68 22 2845212
68 27 2845215
68 45 2845224
68 20 2845225
68 50 2845233
68 35 2845238
68 15 2845241
68 75 2845243
68 58 2845247
68 49 2845248
68 36 2845256
68 13 2845264
68 6 2845266
68 14 2845273
68 43 2845273
68 65 2845273
68 34 2845278
68 70 2845287
68 84 2845296
68 26 2845302
68 0 2845311
68 32 2845314
68 10 2845323
68 31 2845332
68 66 2845340
68 64 2845347
68 21 2845356
69 50 2845357
69 48 2845358
69 49 2845367
69 0 2845371
69 81 2845380
69 37 2845383
69 61 2845384
69 42 2845392
69 70 2845398
69 40 2845404
69 41 2845408
69 11 2845410
69 31 2845414
69 29 2845416
69 39 2845422
69 63 2845430
69 85 2845436
69 3 2845440
69 67 2845445
69 10 2845451
69 54 2845452
69 22 2845456
69 64 2845460
69 62 2845464
69 28 2845465
69 38 2845473
69 53 2845480
69 65 2845483
69 77 2845483
69 43 2845487
69 6 2845487
69 72 2845487
69 82 2845488
69 5 2845496
69 14 2845500
69 74 2845506
69 13 2845512
69 76 2845521
69 73 2845523
69 1 2845528
69 21 2845528
69 30 2845534
69 12 2845543
69 71 2845543
69 76 2845550
69 28 2845558
69 17 2845558
69 39 2845565
69 32 2845570
69 67 2845572
69 2 2845573
69 70 2845573
69 0 2845582
69 56 2845584
69 26 2845590
69 15 2845592
69 31 2845592
69 23 2845594
69 64 2845602
69 61 2845605
69 42 2845606
69 25 2845610
69 10 2845614
69 41 2845619
69 68 2845627
69 30 2845629
69 50 2845637
69 53 2845641
69 79 2845644
69 47 2845645
69 62 2845654
69 37 2845656
69 65 2845660
69 49 2845669
69 54 2845669
69 77 2845675
69 36 2845677
69 19 2845683
69 81 2845685
69 34 2845689
69 16 2845694
69 80 2845701
69 18 2845702
69 58 2845703
69 5 2845709
70 46 2845714
70 66 2845720
70 67 2845726
70 48 2845731
70 30 2845739
70 19 2845742
70 47 2845747
70 13 2845756
70 21 2845759
70 75 2845767
70 22 2845767
70 49 2845770
70 5 2845770
71 81 2845777
71 25 2845778
71 65 2845778
71 73 2845780
71 54 2845780
71 38 2845782
71 84 2845782
71 35 2845790
71 45 2845794
71 33 2845801
71 53 2845809
71 75 2845811
71 66 2845813
71 23 2845822
71 44 2845825
71 58 2845826
71 36 2845831
71 27 2845840
71 11 2845842
71 5 2845843
71 69 2845846
71 34 2845851
71 22 2845853
71 78 2845860
71 59 2845866
71 26 2845874
71 12 2845874
71 29 2845875
71 50 2845880
71 83 2845882
71 40 2845885
71 37 2845890
71 64 2845894
71 51 2845900
71 1 2845909
71 76 2845916
71 42 2845920
71 57 2845928
71 85 2845931
71 62 2845932
71 10 2845934
71 47 2845943
71 15 2845947
71 52 2845948
71 18 2845948
71 61 2845955
71 48 2845964
71 31 2845972
71 16 2845972
71 60 2845980
71 82 2845983
71 19 2845991
71 0 2845991
71 17 2845999
71 42 2845999
71 66 2846006
71 63 2846009
71 34 2846018
71 0 2846022
71 52 2846024
71 82 2846031
71 17 2846040
71 81 2846042
71 30 2846043
71 37 2846044
71 69 2846051
71 41 2846053
71 48 2846061
71 59 2846067
71 8 2846068
71 72 2846076
71 12 2846083
71 78 2846089
71 68 2846095
71 67 2846096
71 85 2846104
71 27 2846110
71 56 2846119
71 61 2846119
71 26 2846119
71 75 2846127
71 39 2846134
71 3 2846139
71 79 2846141
71 1 2846144
71 44 2846149
71 18 2846150
71 9 2846159
71 28 2846166
71 74 2846174
71 31 2846182
71 40 2846185
71 13 2846190
71 19 2846192
71 4 2846195
71 80 2846202
71 11 2846210
71 16 2846210
71 47 2846216
71 15 2846223
71 36 2846225
72 48 2846231
72 39 2846231
72 55 2846235
72 30 2846237
72 10 2846244
72 52 2846249
72 21 2846251
72 38 2846260
72 4 2846269
72 68 2846277
72 28 2846279
72 32 2846285
72 77 2846287
72 40 2846291
72 1 2846297
72 25 2846302
72 17 2846302
72 7 2846306
72 81 2846312
72 27 2846315
72 19 2846318
72 22 2846327
72 67 2846336
72 74 2846345
72 42 2846349
72 62 2846355
72 45 2846356
72 43 2846362
72 33 2846362
72 3 2846363
72 29 2846365
72 16 2846366
72 51 2846369
72 14 2846373
72 23 2846382
72 84 2846382
72 58 2846385
72 36 2846392
72 85 2846399
72 9 2846406
72 2 2846407
72 12 2846416
72 34 2846424
72 83 2846430
72 11 2846432
72 60 2846432
72 31 2846437
72 37 2846439
72 41 2846442
72 73 2846446
72 82 2846448
72 54 2846450
72 35 2846457
72 66 2846458
72 39 2846461
72 65 2846469
72 66 2846470
72 3 2846470
72 31 2846475
72 42 2846476
72 28 2846479
72 5 2846483
72 76 2846483
72 38 2846483
72 71 2846489
72 80 2846496
72 49 2846497
72 55 2846497
72 67 2846497
72 11 2846503
72 1 2846512
72 8 2846514
72 62 2846514
72 78 2846514
72 24 2846519
72 59 2846521
72 37 2846528
72 61 2846529
72 15 2846531
72 69 2846540
72 21 2846541
72 44 2846550
72 4 2846551
72 64 2846552
72 40 2846556
72 43 2846558
72 10 2846561
72 79 2846567
72 45 2846569
72 25 2846569
72 50 2846573
72 34 2846579
72 13 2846584
72 51 2846593
72 70 2846600
72 83 2846607
72 22 2846607
72 6 2846611
72 26 2846612
72 2 2846621
72 35 2846627
72 46 2846636
72 57 2846643
72 17 2846644
72 53 2846652
72 20 2846656
72 36 2846665
73 13 2846670
73 75 2846673
73 25 2846678
73 47 2846679
73 61 2846683
73 36 2846689
73 66 2846696
73 49 2846697
73 12 2846698
73 67 2846701
73 24 2846709
73 44 2846714
73 23 2846721
73 20 2846726
73 72 2846727
73 30 2846728
73 46 2846728
73 3 2846735
73 27 2846735
73 21 2846739
73 79 2846740
73 54 2846749
73 20 2846752
73 26 2846760
73 62 2846767
73 2 2846776
73 29 2846777
73 56 2846783
73 85 2846784
73 9 2846788
73 5 2846790
73 72 2846795
73 35 2846804
73 60 2846807
73 10 2846812
73 23 2846814
73 11 2846819
73 47 2846828
73 32 2846831
73 28 2846840
73 25 2846845
73 21 2846849
74 15 2846858
74 85 2846864
74 37 2846869
74 59 2846871
74 80 2846879
74 34 2846886
74 17 2846893
74 5 2846900
74 14 2846905
74 68 2846910
74 63 2846912
74 53 2846920
74 49 2846922
74 60 2846930
74 29 2846934
74 84 2846938
74 32 2846945
74 57 2846952
74 61 2846958
74 48 2846967
74 64 2846973
74 44 2846975
74 45 2846980
74 9 2846982
74 73 2846989
74 77 2846991
74 7 2846996
74 56 2847003
74 39 2847011
74 83 2847018
74 75 2847027
74 65 2847035
74 4 2847036
74 35 2847037
74 79 2847042
74 36 2847049
74 2 2847049
74 30 2847054
74 23 2847063
74 76 2847065
74 32 2847068
74 82 2847075
74 13 2847078
74 78 2847083
74 8 2847084
74 44 2847091
74 24 2847093
74 80 2847093
74 35 2847094
74 47 2847094
74 33 2847103
74 27 2847108
74 71 2847112
74 67 2847113
74 25 2847122
74 36 2847130
74 9 2847135
74 55 2847138
74 19 2847139
74 65 2847146
74 3 2847147
74 53 2847152
74 84 2847156
74 77 2847162
74 37 2847165
74 51 2847166
74 54 2847170
74 68 2847170
74 16 2847179
74 5 2847182
74 39 2847190
74 21 2847196
74 29 2847200
74 2 2847209
74 31 2847209
74 45 2847213
74 69 2847217
74 85 2847221
75 52 2847229
75 78 2847238
75 63 2847240
75 20 2847248
75 66 2847253
75 34 2847260
75 15 2847260
75 71 2847269
75 58 2847277
75 36 2847278
75 50 2847279
75 57 2847282
75 83 2847282
75 77 2847285
75 56 2847286
75 85 2847294
75 74 2847300
75 7 2847302
75 11 2847310
75 54 2847312
76 39 2847318
76 80 2847322
76 11 2847331
76 75 2847334
76 3 2847336
76 33 2847342
76 47 2847342
76 84 2847349
76 31 2847356
76 28 2847361
76 9 2847361
76 21 2847366
76 5 2847374
76 85 2847379
76 1 2847388
76 71 2847396
76 13 2847400
76 63 2847400
76 57 2847402
76 79 2847406
76 59 2847406
76 46 2847409
76 42 2847414
76 80 2847419
76 21 2847420
76 23 2847428
76 39 2847428
76 35 2847431
76 31 2847439
76 56 2847445
76 83 2847452
76 40 2847459
77 9 2847468
77 0 2847474
77 76 2847482
77 41 2847487
77 42 2847487
77 65 2847488
77 84 2847488
77 49 2847494
77 15 2847503
77 47 2847510
77 28 2847516
77 78 2847518
77 73 2847527
77 10 2847531
77 63 2847538
77 50 2847547
77 26 2847547
77 55 2847548
77 39 2847548
77 32 2847553
77 6 2847554
77 23 2847560
77 3 2847568
77 12 2847575
77 57 2847582
77 66 2847583
77 68 2847592
77 11 2847601
77 74 2847604
77 75 2847609
78 31 2847613
78 53 2847619
78 85 2847623
78 27 2847624
78 8 2847626
78 7 2847629
78 37 2847631
78 14 2847640
78 16 2847645
78 64 2847651
78 84 2847660
78 42 2847661
78 59 2847664
78 72 2847672
78 80 2847675
78 33 2847681
78 4 2847685
78 34 2847687
78 45 2847690
78 61 2847693
78 75 2847695
78 54 2847696
78 28 2847699
78 22 2847707
78 81 2847710
78 83 2847712
78 49 2847717
78 65 2847717
78 53 2847720
78 41 2847723
78 84 2847728
78 51 2847730
78 22 2847734
78 25 2847734
78 7 2847743
78 28 2847743
78 82 2847749
78 19 2847756
78 32 2847765
78 6 2847772
78 62 2847772
78 52 2847776
78 24 2847780
78 20 2847789
78 17 2847794
78 76 2847802
78 72 2847806
78 21 2847814
78 43 2847815
78 12 2847815
78 18 2847820
78 55 2847826
78 64 2847827
78 9 2847829
78 4 2847833
78 48 2847841
78 10 2847849
78 23 2847849
79 44 2847851
79 0 2847854
79 80 2847861
79 27 2847868
79 39 2847877
79 7 2847879
79 60 2847885
79 2 2847893
79 55 2847898
79 15 2847899
80 58 2847903
80 83 2847905
80 0 2847911
80 56 2847915
80 34 2847921
80 70 2847926
80 10 2847934
80 84 2847937
80 76 2847937
80 47 2847945
80 2 2847954
80 52 2847958
80 14 2847959
80 59 2847968
80 51 2847969
80 71 2847973
80 5 2847973
80 22 2847976
80 6 2847979
80 77 2847987
80 61 2847992
80 15 2847995
80 28 2847999
80 75 2847999
80 33 2847999
80 85 2848006
80 29 2848013
80 35 2848020
80 67 2848020
80 32 2848027
80 43 2848031
80 62 2848040
80 23 2848048
80 54 2848049
80 73 2848053
80 79 2848060
80 13 2848061
80 4 2848066
80 68 2848067
80 37 2848070
80 74 2848076
80 40 2848079
80 45 2848086
80 21 2848094
80 22 2848100
80 76 2848107
80 19 2848110
80 77 2848113
80 52 2848120
80 26 2848123
80 72 2848124
80 63 2848132
80 5 2848136
80 65 2848144
80 54 2848149
80 64 2848151
80 15 2848160
80 43 2848163
80 11 2848166
80 61 2848170
80 12 2848171
80 81 2848175
80 3 2848184
80 34 2848191
80 50 2848198
80 53 2848199
80 32 2848199
80 9 2848207
80 69 2848212
80 78 2848217
80 67 2848221
80 24 2848227
80 17 2848235
80 56 2848238
80 73 2848239
80 16 2848244
80 18 2848245
80 13 2848253
80 47 2848260
80 25 2848269
80 85 2848275
80 60 2848277
80 57 2848282
80 68 2848291
80 35 2848300
81 22 2848301
81 41 2848310
81 27 2848311
81 78 2848320
81 31 2848329
81 9 2848331
81 72 2848339
81 17 2848347
81 68 2848350
81 5 2848351
81 52 2848357
81 26 2848358
81 33 2848358
81 29 2848360
81 55 2848367
81 71 2848368
81 53 2848371
81 30 2848371
81 11 2848372
81 42 2848374
81 62 2848381
81 24 2848384
81 45 2848385
81 32 2848391
81 15 2848397
81 1 2848399
81 31 2848406
81 8 2848411
81 3 2848412
81 82 2848420
81 18 2848420
81 7 2848421
81 74 2848421
81 44 2848427
81 57 2848436
81 19 2848443
81 16 2848451
81 40 2848455
81 59 2848458
81 67 2848462
81 63 2848465
81 12 2848467
81 14 2848469
82 62 2848477
82 54 2848477
82 80 2848478
82 64 2848486
82 11 2848495
82 85 2848503
82 32 2848505
82 0 2848507
82 22 2848514
82 24 2848517
82 8 2848521
82 46 2848525
82 25 2848528
82 73 2848533
82 15 2848538
82 39 2848539
82 69 2848548
82 81 2848554
82 23 2848560
82 13 2848562
82 37 2848568
82 31 2848568
82 58 2848573
82 79 2848579
82 17 2848583
82 78 2848585
82 3 2848594
82 21 2848597
82 36 2848599
82 26 2848606
82 50 2848607
82 40 2848611
82 37 2848611
82 63 2848612
82 2 2848612
82 36 2848615
82 42 2848624
82 6 2848630
82 57 2848638
82 60 2848640
82 58 2848649
82 51 2848657
82 76 2848659
82 16 2848659
82 21 2848662
82 66 2848665
82 44 2848665
82 24 2848669
82 54 2848675
82 5 2848683
82 65 2848688
82 28 2848697
82 19 2848705
82 71 2848711
82 50 2848717
82 56 2848719
82 18 2848727
82 26 2848735
82 78 2848743
82 84 2848746
82 9 2848752
83 55 2848756
83 69 2848760
83 27 2848760
83 56 2848761
84 67 2848763
84 38 2848766
84 6 2848767
84 21 2848771
84 85 2848771
84 56 2848771
84 24 2848775
84 74 2848782
84 10 2848790
84 65 2848793
84 77 2848793
84 9 2848794
84 33 2848802
84 3 2848804
84 59 2848809
84 40 2848817
84 36 2848823
84 71 2848823
84 62 2848823
84 80 2848825
84 39 2848829
84 41 2848832
84 75 2848836
84 76 2848839
84 7 2848848
84 28 2848857
84 18 2848861
84 47 2848867
84 52 2848871
84 2 2848876
84 30 2848878
84 29 2848886
84 68 2848889
84 23 2848897
84 57 2848906
84 58 2848912
84 15 2848921
84 19 2848925
84 69 2848929
84 50 2848936
84 12 2848941
84 37 2848950
84 34 2848954
84 11 2848955
84 8 2848964
84 66 2848968
84 8 2848972
84 47 2848973
84 20 2848979
84 82 2848985
84 79 2848985
84 53 2848991
84 27 2848994
84 51 2848997
84 4 2848997
84 25 2849005
84 41 2849008
84 16 2849012
84 71 2849021
84 12 2849024
84 70 2849024
84 33 2849033
84 45 2849040
84 76 2849041
84 85 2849045
84 75 2849052
84 28 2849056
84 24 2849062
84 6 2849068
84 2 2849069
84 15 2849069
84 63 2849074
84 77 2849083
84 31 2849083
84 62 2849088
84 69 2849096
84 5 2849105
84 72 2849113
84 29 2849113
84 80 2849114
84 38 2849114
84 11 2849114
84 61 2849123
84 30 2849129
84 50 2849137
84 59 2849143
84 58 2849150
84 78 2849155
85 36 2849157
85 57 2849157
85 82 2849158
85 41 2849167
85 12 2849170
85 66 2849170
85 16 2849179
85 3 2849183
85 63 2849190
85 76 2849198
85 83 2849198
85 17 2849202
85 10 2849202
85 1 2849208
85 60 2849216
85 69 2849216
85 59 2849218
85 37 2849226
85 47 2849226
85 64 2849235
85 72 2849244
85 62 2849253
85 54 2849256
85 4 2849258
85 75 2849263
85 58 2849272
85 21 2849273
85 29 2849276
85 15 2849280
85 44 2849283
85 20 2849288
85 11 2849296
85 56 2849296
85 19 2849296
85 28 2849305
85 42 2849305
85 18 2849306
85 41 2849313
85 58 2849319
85 66 2849322
85 54 2849331
85 79 2849333
85 84 2849338
85 47 2849345
85 5 2849353
85 67 2849356
85 48 2849357
85 76 2849363
85 51 2849368
85 60 2849377
85 77 2849380
85 56 2849382
85 32 2849390
85 40 2849394
85 9 2849399
85 49 2849399
85 4 2849405
85 50 2849410
85 23 2849419
85 31 2849419
85 45 2849420
85 12 2849429
85 71 2849433
85 63 2849441
85 3 2849442
85 35 2849444
85 39 2849449
85 24 2849457
85 21 2849464
85 1 2849471
85 16 2849479
85 0 2849486
85 78 2849493
85 73 2849500
