90
true
0 69 3234884
0 9 3234891
0 64 3234891
0 87 3234892
0 76 3234896
0 20 3234898
0 74 3234901
0 59 3234902
0 13 3234908
0 43 3234908
0 36 3234913
0 77 3234915
0 68 3234923
0 88 3234924
0 15 3234932
0 29 3234937
0 83 3234945
0 4 3234952
0 60 3234954
0 10 3234961
0 28 3234963
0 39 3234967
0 37 3234967
0 57 3234968
0 11 3234969
0 35 3234975
0 30 3234982
0 66 3234990
0 5 3234996
0 27 3234996
0 7 3235005
0 84 3235013
0 23 3235014
0 80 3235016
0 1 3235019
0 65 3235019
0 47 3235024
0 18 3235031
0 61 3235036
0 86 3235039
0 6 3235045
0 75 3235054
0 44 3235054
0 31 3235057
0 62 3235061
0 55 3235063
0 79 3235071
0 8 3235076
0 16 3235081
0 54 3235081
0 63 3235081
0 42 3235089
0 32 3235091
0 25 3235094
0 41 3235099
0 64 3235102
0 33 3235105
0 81 3235113
0 23 3235122
0 5 3235122
0 65 3235127
0 16 3235132
0 37 3235139
0 3 3235148
0 47 3235155
0 2 3235163
0 6 3235163
0 35 3235172
0 78 3235178
0 67 3235183
0 62 3235183
0 77 3235187
0 28 3235190
0 25 3235193
0 53 3235193
0 40 3235202
0 15 3235210
0 18 3235210
0 29 3235211
0 75 3235216
0 21 3235222
0 79 3235223
0 4 3235232
0 56 3235238
0 55 3235242
0 80 3235250
0 42 3235250
0 36 3235250
0 54 3235250
0 48 3235252
0 30 3235261
0 27 3235266
0 50 3235272
0 46 3235273
0 7 3235275
0 52 3235282
0 70 3235282
0 87 3235291
0 88 3235298
0 59 3235298
0 69 3235303
0 49 3235308
0 12 3235308
0 19 3235312
0 85 3235318
0 63 3235327
1 76 3235328
1 41 3235332
1 59 3235332
1 2 3235340
1 48 3235344
1 51 3235352
1 31 3235361
1 6 3235367
1 7 3235372
1 24 3235377
1 57 3235378
1 17 3235386
1 89 3235388
1 47 3235394
1 82 3235402
1 52 3235407
1 49 3235416
1 75 3235416
1 55 3235416
1 67 3235424
1 80 3235432
1 9 3235441
1 36 3235449
1 68 3235450
1 35 3235450
1 45 3235454
1 19 3235459
1 28 3235462
1 11 3235469
1 88 3235476
1 86 3235483
1 64 3235491
1 50 3235492
1 70 3235499
1 60 3235499
1 5 3235500
1 4 3235509
1 61 3235514
1 58 3235515
1 21 3235522
1 18 3235522
1 66 3235531
1 78 3235536
1 14 3235541
1 8 3235547
1 87 3235553
1 39 3235554
1 16 3235558
1 74 3235565
1 63 3235568
1 13 3235569
1 26 3235578
1 10 3235583
1 54 3235592
1 81 3235592
1 29 3235599
1 27 3235604
1 46 3235606
1 85 3235612
1 34 3235612
1 0 3235612
1 30 3235617
1 37 3235624
1 6 3235624
1 9 3235627
1 46 3235627
1 65 3235633
1 21 3235637
1 54 3235645
1 50 3235646
1 2 3235651
1 69 3235656
1 41 3235665
1 45 3235666
1 33 3235672
1 58 3235675
1 38 3235676
1 71 3235681
1 13 3235683
1 28 3235692
1 34 3235697
1 86 3235703
1 80 3235703
1 14 3235703
1 23 3235712
1 85 3235715
1 84 3235723
1 62 3235724
1 26 3235726
1 35 3235730
1 43 3235738
1 64 3235739
1 78 3235746
1 4 3235754
1 24 3235761
1 40 3235763
1 73 3235768
1 68 3235768
1 72 3235772
1 82 3235779
1 87 3235782
1 61 3235791
1 10 3235794
1 12 3235803
1 53 3235811
1 20 3235813
1 3 3235821
1 74 3235829
1 18 3235833
1 48 3235841
1 5 3235844
1 17 3235848
1 27 3235857
1 75 3235863
1 70 3235868
1 8 3235872
1 77 3235877
1 83 3235885
1 29 3235893
1 47 3235898
2 45 3235898
2 49 3235901
2 62 3235907
2 9 3235913
2 56 3235922
3 12 3235928
3 0 3235932
3 21 3235932
3 79 3235935
3 50 3235943
3 88 3235946
3 78 3235946
3 34 3235953
3 86 3235955
3 72 3235955
3 89 3235959
3 2 3235965
3 40 3235967
3 75 3235973
3 43 3235974
3 19 3235983
3 62 3235988
3 42 3235990
3 14 3235995
3 45 3236000
3 5 3236000
3 83 3236007
3 85 3236009
3 4 3236018
4 56 3236026
4 10 3236034
4 3 3236043
4 19 3236050
4 66 3236057
4 72 3236064
4 6 3236067
4 9 3236069
4 7 3236073
4 8 3236075
4 11 3236078
4 61 3236085
4 26 3236091
4 79 3236093
4 57 3236099
4 68 3236100
4 59 3236102
4 0 3236107
4 73 3236113
4 37 3236117
4 44 3236117
4 58 3236118
4 84 3236125
4 83 3236126
4 65 3236127
4 43 3236127
4 69 3236128
4 34 3236128
4 49 3236135
4 60 3236141
4 67 3236145
4 29 3236150
4 41 3236156
4 18 3236161
4 46 3236170
4 53 3236170
4 2 3236175
4 47 3236184
4 48 3236186
4 27 3236189
4 52 3236198
4 48 3236201
4 58 3236209
4 20 3236216
4 74 3236217
4 77 3236226
4 22 3236230
4 18 3236233
4 49 3236241
4 29 3236244
4 33 3236250
4 43 3236253
4 38 3236259
4 71 3236260
4 21 3236269
4 25 3236271
4 51 3236271
4 88 3236272
4 39 3236277
4 44 3236280
4 54 3236288
4 57 3236290
4 63 3236296
4 30 3236298
4 78 3236303
4 68 3236311
4 11 3236312
4 34 3236315
4 56 3236318
4 0 3236326
4 9 3236334
4 53 3236335
4 41 3236338
4 50 3236343
4 16 3236351
4 15 3236360
4 2 3236369
4 55 3236372
4 10 3236381
4 6 3236382
4 13 3236383
4 62 3236385
4 14 3236387
5 12 3236393
5 83 3236400
5 79 3236406
5 70 3236415
5 72 3236421
5 68 3236430
5 67 3236438
5 14 3236447
5 54 3236454
5 9 3236459
5 15 3236461
5 8 3236468
5 2 3236469
5 29 3236476
5 71 3236481
5 69 3236489
5 80 3236495
5 57 3236503
5 38 3236510
5 20 3236516
5 37 3236518
5 64 3236523
5 46 3236528
5 51 3236533
5 86 3236539
5 32 3236547
5 17 3236556
5 85 3236557
5 43 3236564
5 24 3236566
5 75 3236568
5 23 3236569
5 25 3236574
5 39 3236576
5 47 3236580
5 44 3236585
5 49 3236587
5 35 3236593
5 26 3236593
5 50 3236594
5 74 3236600
5 87 3236607
5 22 3236612
5 4 3236621
5 58 3236624
5 1 3236630
5 27 3236632
5 28 3236639
5 69 3236642
5 64 3236648
5 2 3236651
5 89 3236652
5 70 3236656
5 58 3236661
5 3 3236667
5 28 3236672
5 23 3236673
5 13 3236681
5 71 3236688
5 19 3236696
5 40 3236699
5 22 3236699
5 72 3236703
5 21 3236707
5 60 3236714
5 32 3236716
5 11 3236717
5 6 3236720
5 67 3236724
5 53 3236733
5 56 3236739
5 62 3236740
5 26 3236743
5 78 3236751
5 80 3236752
5 44 3236754
5 43 3236755
5 57 3236756
5 76 3236759
5 9 3236768
5 36 3236776
5 41 3236785
5 39 3236794
5 37 3236795
5 52 3236799
5 55 3236801
5 82 3236806
5 45 3236813
5 48 3236819
5 68 3236826
5 29 3236829
5 74 3236833
5 73 3236838
5 20 3236841
5 42 3236841
5 15 3236845
5 87 3236854
5 84 3236861
5 4 3236866
5 61 3236870
6 17 3236875
6 85 3236875
6 66 3236883
6 24 3236891
6 47 3236900
6 2 3236904
6 72 3236913
6 43 3236918
6 3 3236925
6 4 3236926
6 10 3236930
6 38 3236933
7 64 3236936
7 67 3236941
7 65 3236945
7 40 3236947
7 66 3236955
7 51 3236955
7 76 3236955
7 1 3236964
7 25 3236969
7 30 3236970
7 43 3236978
7 55 3236985
7 34 3236992
7 72 3236994
7 38 3237001
7 15 3237006
7 32 3237009
7 61 3237013
7 37 3237016
7 78 3237023
7 89 3237024
7 88 3237030
7 81 3237038
7 87 3237044
7 58 3237049
7 73 3237051
7 42 3237058
7 5 3237065
7 46 3237067
7 74 3237070
7 14 3237079
7 3 3237082
7 49 3237086
7 10 3237095
7 77 3237099
7 82 3237102
7 11 3237111
7 57 3237112
7 6 3237119
7 19 3237121
7 48 3237124
7 75 3237128
7 52 3237136
7 26 3237137
7 18 3237138
7 24 3237147
7 53 3237150
7 79 3237155
7 60 3237161
7 70 3237164
7 23 3237173
7 86 3237173
7 62 3237175
7 38 3237176
7 67 3237184
7 54 3237187
7 37 3237194
7 26 3237196
7 58 3237200
7 31 3237200
7 72 3237201
7 1 3237203
7 41 3237206
7 78 3237211
7 16 3237220
7 77 3237224
7 56 3237225
7 9 3237229
7 34 3237237
7 22 3237246
7 53 3237247
7 68 3237247
7 23 3237254
7 86 3237259
7 19 3237259
7 21 3237262
7 24 3237270
7 36 3237279
7 45 3237286
7 84 3237289
7 55 3237293
7 52 3237296
7 51 3237302
7 80 3237303
7 13 3237303
7 30 3237303
7 27 3237312
7 83 3237314
7 17 3237314
7 65 3237321
7 4 3237321
7 57 3237322
7 44 3237331
7 32 3237334
7 3 3237337
7 14 3237337
7 61 3237343
7 89 3237345
7 69 3237346
7 71 3237352
7 46 3237355
7 50 3237360
7 70 3237367
7 6 3237376
7 60 3237378
7 12 3237380
7 42 3237388
7 64 3237395
7 82 3237397
7 81 3237404
8 31 3237409
8 23 3237409
8 35 3237409
8 42 3237413
8 67 3237415
8 44 3237416
8 22 3237419
8 81 3237426
8 45 3237429
8 47 3237432
8 54 3237435
8 72 3237443
8 85 3237452
8 56 3237458
8 26 3237461
8 25 3237470
8 18 3237478
8 29 3237483
8 71 3237487
8 89 3237495
8 38 3237501
8 51 3237501
8 19 3237510
8 28 3237512
8 2 3237513
8 24 3237516
8 6 3237521
8 84 3237526
8 70 3237529
8 43 3237529
8 5 3237538
8 61 3237547
8 20 3237548
8 77 3237556
8 9 3237556
8 37 3237565
8 13 3237565
8 65 3237574
8 12 3237579
8 66 3237588
8 57 3237595
8 39 3237596
8 15 3237596
8 50 3237598
8 17 3237607
8 76 3237615
8 0 3237615
8 87 3237623
8 22 3237626
8 76 3237629
8 2 3237629
8 60 3237638
8 86 3237647
8 58 3237651
8 19 3237657
8 0 3237666
8 15 3237667
8 31 3237675
8 33 3237684
8 29 3237693
8 27 3237702
8 81 3237702
8 30 3237705
8 80 3237713
8 6 3237717
8 88 3237725
8 35 3237732
8 55 3237735
8 9 3237736
8 11 3237740
8 74 3237741
8 89 3237741
8 3 3237747
8 82 3237755
8 69 3237756
8 26 3237761
8 21 3237767
8 64 3237773
8 10 3237780
8 52 3237788
8 36 3237797
8 1 3237799
8 71 3237800
8 57 3237807
8 84 3237814
8 38 3237821
8 13 3237825
8 45 3237826
8 83 3237833
8 66 3237836
8 56 3237841
8 39 3237845
8 34 3237853
8 32 3237861
8 85 3237868
8 78 3237869
8 4 3237876
9 69 3237877
9 59 3237877
9 58 3237879
9 20 3237882
9 19 3237888
9 17 3237893
9 33 3237898
9 52 3237900
9 89 3237909
9 13 3237914
9 7 3237919
9 38 3237921
9 62 3237929
9 44 3237937
9 15 3237941
9 28 3237946
9 30 3237954
9 47 3237954
9 41 3237960
9 80 3237968
9 88 3237972
9 85 3237980
9 6 3237982
9 60 3237987
9 77 3237991
9 3 3237995
9 63 3238000
9 36 3238003
9 55 3238009
9 53 3238016
9 74 3238018
9 72 3238022
9 68 3238023
9 50 3238032
9 11 3238037
9 79 3238046
9 66 3238052
9 48 3238054
9 83 3238059
9 82 3238067
9 75 3238075
9 65 3238079
9 36 3238084
9 57 3238086
9 38 3238089
9 66 3238089
9 12 3238094
9 23 3238102
9 4 3238105
9 46 3238106
9 81 3238114
9 3 3238120
9 44 3238128
9 58 3238132
9 74 3238133
9 89 3238133
9 29 3238139
9 77 3238141
9 2 3238148
9 55 3238148
9 0 3238155
9 45 3238158
9 47 3238160
9 56 3238163
9 85 3238163
9 54 3238171
9 28 3238171
9 8 3238178
9 6 3238184
9 53 3238186
9 59 3238188
9 62 3238189
9 70 3238191
9 73 3238192
9 20 3238197
9 51 3238206
9 21 3238211
9 7 3238216
9 80 3238221
9 78 3238229
9 48 3238237
9 16 3238243
9 42 3238250
9 61 3238257
9 18 3238260
10 3 3238266
10 17 3238268
10 31 3238270
10 34 3238271
10 48 3238274
10 61 3238278
10 33 3238287
10 9 3238287
10 57 3238296
10 70 3238300
10 81 3238305
10 71 3238310
10 44 3238314
10 35 3238319
10 88 3238326
10 13 3238332
10 74 3238337
10 79 3238343
10 62 3238349
10 4 3238352
10 42 3238352
10 14 3238355
10 50 3238356
10 32 3238358
10 45 3238363
10 78 3238366
10 24 3238371
10 68 3238380
10 55 3238388
10 16 3238396
10 52 3238401
10 86 3238406
10 47 3238409
10 53 3238415
10 65 3238420
10 8 3238427
10 37 3238432
10 82 3238440
10 46 3238444
10 77 3238446
10 28 3238448
10 7 3238457
10 19 3238460
10 66 3238460
10 41 3238469
10 56 3238473
10 60 3238476
10 64 3238480
10 85 3238483
10 82 3238487
10 1 3238493
10 81 3238497
10 34 3238502
10 41 3238508
10 5 3238514
10 25 3238523
10 72 3238531
10 47 3238534
10 14 3238535
10 74 3238538
10 22 3238540
10 69 3238542
10 43 3238551
10 52 3238559
10 31 3238565
10 0 3238574
10 9 3238578
10 85 3238582
10 37 3238583
10 78 3238584
10 68 3238590
10 50 3238593
10 23 3238594
10 67 3238602
10 33 3238602
10 27 3238602
10 89 3238602
10 18 3238603
10 71 3238611
10 66 3238615
10 84 3238623
10 80 3238631
10 58 3238636
10 30 3238639
10 88 3238640
10 75 3238645
10 60 3238650
10 36 3238656
10 40 3238663
10 44 3238668
10 39 3238673
10 13 3238674
10 54 3238677
10 11 3238678
10 24 3238687
10 26 3238693
10 17 3238698
10 2 3238700
10 21 3238709
11 43 3238715
11 74 3238720
11 35 3238723
11 76 3238723
11 19 3238726
11 81 3238732
11 36 3238736
11 70 3238737
11 45 3238738
11 66 3238739
11 12 3238744
11 7 3238745
11 80 3238753
11 3 3238762
11 85 3238763
11 84 3238766
11 28 3238766
11 68 3238769
11 78 3238769
11 1 3238778
11 71 3238779
11 52 3238784
11 67 3238787
11 17 3238789
11 53 3238790
11 75 3238791
11 16 3238799
11 63 3238800
11 57 3238806
11 21 3238815
11 37 3238820
11 47 3238827
11 9 3238827
11 31 3238827
11 30 3238835
11 44 3238838
11 22 3238844
11 55 3238853
11 89 3238855
11 42 3238859
11 41 3238862
11 61 3238862
11 82 3238862
11 26 3238865
11 46 3238865
11 8 3238874
11 27 3238877
11 49 3238877
11 24 3238881
11 4 3238889
11 86 3238898
11 48 3238899
11 52 3238904
11 37 3238911
11 63 3238920
11 75 3238924
11 60 3238929
11 4 3238932
11 41 3238941
11 74 3238942
11 10 3238948
11 85 3238952
11 42 3238953
11 79 3238954
11 82 3238961
11 22 3238963
11 20 3238969
11 51 3238972
11 65 3238980
11 80 3238988
11 13 3238990
11 54 3238998
11 83 3239001
11 23 3239005
11 25 3239006
11 46 3239009
11 35 3239015
11 67 3239019
11 68 3239028
11 14 3239037
11 40 3239044
11 45 3239052
11 28 3239061
11 39 3239063
11 84 3239070
11 62 3239070
11 32 3239073
11 21 3239078
11 36 3239086
11 38 3239091
11 5 3239093
11 0 3239099
11 27 3239100
11 53 3239108
11 55 3239111
11 66 3239115
11 64 3239119
11 19 3239120
12 5 3239123
12 52 3239125
12 16 3239125
12 47 3239129
12 63 3239132
12 85 3239141
12 66 3239144
12 19 3239145
12 34 3239149
12 49 3239149
12 31 3239153
12 54 3239160
12 43 3239165
12 55 3239173
12 72 3239173
12 53 3239181
12 48 3239185
12 76 3239192
12 81 3239196
12 83 3239200
12 1 3239202
12 13 3239206
12 3 3239212
12 78 3239219
12 46 3239227
12 70 3239231
12 8 3239236
12 41 3239241
12 65 3239250
12 84 3239251
12 59 3239251
12 68 3239260
12 61 3239264
12 75 3239270
12 73 3239279
12 69 3239279
12 28 3239286
12 50 3239295
12 89 3239300
12 36 3239304
12 39 3239306
12 51 3239306
12 57 3239309
12 80 3239313
12 25 3239318
12 82 3239325
12 44 3239331
12 64 3239334
12 11 3239335
12 71 3239343
12 32 3239347
12 2 3239351
12 83 3239358
12 87 3239366
12 56 3239368
12 18 3239368
12 63 3239374
12 55 3239377
12 0 3239386
12 19 3239388
12 5 3239392
12 75 3239398
12 36 3239401
12 68 3239403
12 85 3239406
12 49 3239415
12 82 3239422
12 47 3239422
12 53 3239431
12 76 3239436
12 58 3239438
12 2 3239439
12 35 3239441
12 17 3239447
12 33 3239451
12 67 3239460
12 45 3239463
12 44 3239463
12 32 3239467
12 80 3239471
12 89 3239477
12 16 3239477
12 54 3239484
12 27 3239490
12 50 3239490
12 4 3239492
12 73 3239493
12 24 3239499
12 1 3239507
12 8 3239508
12 9 3239517
12 65 3239518
12 28 3239520
12 6 3239522
12 88 3239523
12 62 3239528
12 29 3239530
12 7 3239535
12 77 3239542
12 84 3239542
12 57 3239551
12 48 3239551
12 20 3239560
12 86 3239567
13 59 3239570
13 14 3239571
13 20 3239577
13 15 3239586
13 1 3239587
13 42 3239589
13 41 3239590
13 79 3239595
13 31 3239603
13 46 3239605
13 18 3239613
13 75 3239619
13 34 3239621
13 10 3239630
13 66 3239631
13 64 3239633
13 24 3239639
13 48 3239648
13 35 3239648
13 53 3239648
13 82 3239652
13 33 3239653
13 25 3239656
13 67 3239657
13 38 3239657
13 88 3239663
13 86 3239665
13 60 3239674
13 63 3239680
13 52 3239689
13 77 3239696
13 89 3239702
13 11 3239711
13 44 3239716
13 45 3239724
13 50 3239731
13 57 3239733
13 37 3239740
13 84 3239745
13 5 3239748
13 29 3239754
13 12 3239758
13 64 3239762
13 53 3239767
13 51 3239767
13 15 3239767
13 78 3239768
13 71 3239772
13 19 3239776
13 46 3239780
13 20 3239783
13 8 3239790
13 32 3239792
13 54 3239800
13 45 3239805
13 66 3239814
13 9 3239814
13 24 3239820
13 59 3239826
13 33 3239835
13 72 3239836
13 1 3239839
13 27 3239839
13 34 3239843
13 40 3239847
13 21 3239855
13 87 3239858
13 42 3239867
13 86 3239874
14 55 3239877
14 83 3239884
14 27 3239890
14 80 3239891
14 4 3239891
14 77 3239891
14 36 3239899
14 64 3239906
14 76 3239913
14 72 3239914
14 56 3239920
14 8 3239927
14 22 3239928
14 59 3239928
14 58 3239935
14 87 3239938
14 12 3239942
14 40 3239951
14 45 3239955
14 71 3239962
14 2 3239971
14 47 3239973
14 42 3239982
14 18 3239982
14 43 3239990
14 67 3239997
14 9 3240004
14 7 3240013
14 69 3240014
14 44 3240014
14 57 3240014
14 62 3240015
14 84 3240019
14 86 3240020
14 39 3240020
14 65 3240025
14 17 3240027
14 16 3240031
14 61 3240038
14 21 3240046
14 11 3240046
14 19 3240053
14 10 3240053
14 3 3240060
14 33 3240066
14 81 3240069
14 38 3240077
14 73 3240081
14 0 3240087
14 78 3240087
14 68 3240088
14 30 3240090
14 46 3240090
14 25 3240098
14 41 3240107
14 79 3240116
14 56 3240121
14 16 3240129
14 72 3240138
14 35 3240140
14 51 3240143
14 0 3240147
14 49 3240151
14 17 3240155
14 60 3240155
14 37 3240163
14 33 3240165
14 28 3240168
14 13 3240177
14 4 3240181
14 68 3240183
14 20 3240189
14 41 3240193
14 57 3240199
14 38 3240207
14 22 3240207
14 44 3240214
14 43 3240219
14 59 3240225
14 62 3240225
14 86 3240233
14 25 3240234
14 8 3240235
14 26 3240243
14 85 3240250
14 3 3240250
14 77 3240252
14 39 3240257
14 21 3240265
14 76 3240268
14 48 3240273
14 45 3240277
14 11 3240283
14 64 3240287
14 12 3240295
14 74 3240301
14 46 3240302
14 18 3240302
14 1 3240311
14 55 3240318
14 65 3240320
14 10 3240322
14 6 3240325
14 89 3240325
14 66 3240329
14 61 3240332
14 24 3240337
14 5 3240342
15 73 3240349
15 47 3240357
15 30 3240357
15 44 3240360
15 81 3240367
15 51 3240373
15 84 3240373
15 76 3240375
15 56 3240376
15 35 3240381
15 24 3240389
15 82 3240396
15 64 3240405
15 32 3240414
15 48 3240421
15 11 3240424
15 21 3240425
15 77 3240428
15 38 3240428
15 25 3240430
15 12 3240431
15 3 3240431
15 52 3240431
15 41 3240440
15 65 3240445
15 9 3240453
15 7 3240462
15 70 3240464
15 1 3240468
15 69 3240474
15 58 3240479
15 10 3240479
15 16 3240486
15 57 3240492
15 85 3240496
15 17 3240499
15 36 3240500
15 74 3240509
15 45 3240516
15 55 3240523
15 14 3240530
15 19 3240536
15 78 3240541
15 53 3240541
15 67 3240546
15 83 3240550
15 23 3240552
15 50 3240556
15 48 3240561
15 86 3240570
15 31 3240574
15 24 3240574
15 33 3240583
15 56 3240584
15 64 3240586
15 21 3240595
15 55 3240596
15 76 3240597
15 44 3240597
15 6 3240606
15 42 3240611
15 28 3240615
15 62 3240615
15 13 3240622
15 37 3240624
15 40 3240627
15 59 3240629
15 43 3240631
15 71 3240640
15 7 3240643
15 8 3240644
15 20 3240648
15 82 3240655
15 88 3240661
15 61 3240667
15 36 3240672
15 10 3240678
15 38 3240685
15 75 3240688
15 60 3240696
15 23 3240702
15 85 3240704
15 83 3240712
15 14 3240714
15 9 3240718
15 53 3240719
15 69 3240725
15 52 3240730
15 63 3240732
15 2 3240734
15 81 3240743
15 47 3240746
15 51 3240754
15 19 3240758
15 49 3240767
15 78 3240768
15 22 3240768
15 26 3240774
15 77 3240774
15 25 3240779
15 54 3240780
15 5 3240782
15 17 3240786
16 26 3240788
16 11 3240788
16 14 3240793
16 70 3240801
16 64 3240810
16 66 3240818
16 30 3240818
16 50 3240826
16 6 3240835
16 58 3240839
16 24 3240841
16 35 3240845
16 10 3240845
16 9 3240854
16 46 3240854
16 72 3240857
16 75 3240860
16 15 3240869
16 60 3240874
16 77 3240881
16 67 3240886
16 59 3240891
16 87 3240898
16 34 3240904
16 45 3240912
16 20 3240921
16 25 3240927
16 1 3240932
16 65 3240932
16 73 3240938
16 63 3240946
16 41 3240954
16 33 3240956
16 79 3240957
16 76 3240965
16 56 3240968
16 27 3240969
16 21 3240976
16 88 3240978
16 42 3240982
16 13 3240991
16 55 3240994
16 48 3241002
16 71 3241003
16 53 3241003
16 78 3241003
16 3 3241004
16 81 3241005
16 8 3241014
16 51 3241019
16 7 3241028
16 86 3241034
16 28 3241040
16 47 3241041
16 39 3241041
16 32 3241041
16 83 3241047
16 0 3241049
16 44 3241052
16 19 3241057
16 7 3241060
16 51 3241064
16 80 3241064
16 53 3241072
16 58 3241076
16 86 3241080
16 22 3241080
16 65 3241081
16 21 3241085
16 43 3241090
16 36 3241091
16 60 3241096
16 20 3241096
16 26 3241103
16 78 3241104
16 54 3241113
16 49 3241114
16 37 3241119
16 71 3241121
16 88 3241127
16 15 3241136
16 23 3241145
16 35 3241154
16 57 3241162
16 28 3241168
16 18 3241168
16 67 3241176
16 33 3241176
16 77 3241180
16 47 3241188
16 38 3241195
16 27 3241200
16 70 3241200
16 55 3241205
16 6 3241206
16 24 3241210
16 63 3241218
16 40 3241221
16 3 3241221
16 81 3241227
16 48 3241234
16 61 3241237
16 25 3241238
16 79 3241241
16 39 3241245
17 70 3241248
17 82 3241251
17 56 3241254
17 65 3241254
17 16 3241261
17 63 3241265
17 88 3241270
17 51 3241279
17 43 3241288
17 68 3241295
17 83 3241304
17 32 3241308
17 14 3241310
17 41 3241312
17 39 3241321
17 64 3241323
17 44 3241323
17 50 3241330
17 27 3241332
17 35 3241337
17 5 3241337
17 3 3241338
17 12 3241344
17 54 3241348
17 37 3241352
17 26 3241357
17 87 3241363
17 21 3241364
17 18 3241365
17 8 3241371
17 66 3241376
17 33 3241383
17 30 3241392
17 0 3241399
17 73 3241406
17 53 3241410
17 67 3241413
17 42 3241415
17 5 3241424
17 9 3241427
17 52 3241427
17 4 3241430
17 20 3241430
17 61 3241436
17 11 3241441
17 25 3241448
17 19 3241454
17 18 3241456
17 65 3241460
17 51 3241463
17 37 3241467
17 89 3241471
17 27 3241472
17 26 3241476
17 72 3241484
17 69 3241488
17 10 3241491
17 30 3241492
17 85 3241493
17 6 3241499
17 44 3241505
17 78 3241507
17 66 3241509
17 73 3241512
17 49 3241516
17 81 3241524
17 76 3241524
17 84 3241532
17 68 3241537
17 55 3241545
17 71 3241551
17 86 3241553
17 7 3241554
17 43 3241555
17 87 3241562
17 31 3241570
18 66 3241577
18 21 3241577
18 49 3241578
18 48 3241579
18 67 3241588
18 59 3241590
18 34 3241599
18 63 3241608
18 81 3241608
18 77 3241611
18 55 3241615
18 12 3241623
18 9 3241629
18 87 3241635
18 89 3241642
18 8 3241647
18 45 3241648
18 37 3241654
18 64 3241660
18 47 3241661
18 27 3241669
18 44 3241670
18 69 3241672
18 30 3241681
18 1 3241687
18 26 3241693
18 15 3241699
18 62 3241703
18 11 3241707
18 42 3241713
18 28 3241715
18 74 3241717
18 0 3241718
18 6 3241725
18 61 3241727
18 88 3241736
18 79 3241737
18 13 3241742
18 71 3241748
18 54 3241757
18 14 3241765
18 76 3241767
18 2 3241775
18 86 3241783
18 65 3241790
18 72 3241795
18 16 3241798
18 58 3241804
18 13 3241809
18 16 3241813
18 43 3241813
18 5 3241821
18 58 3241829
18 88 3241836
18 40 3241840
18 75 3241847
18 33 3241847
18 41 3241848
18 36 3241849
18 47 3241852
18 83 3241854
18 72 3241863
18 2 3241868
18 85 3241875
18 61 3241876
18 1 3241879
18 59 3241880
18 77 3241889
18 81 3241898
18 28 3241905
18 46 3241913
18 70 3241913
18 66 3241915
18 37 3241915
18 71 3241919
18 56 3241924
18 12 3241926
18 63 3241931
18 26 3241940
18 62 3241942
18 53 3241946
18 80 3241950
18 22 3241953
18 78 3241954
18 67 3241961
18 15 3241962
18 7 3241963
18 23 3241968
18 48 3241971
18 82 3241973
18 84 3241979
18 60 3241982
19 13 3241983
19 60 3241992
19 52 3241993
19 66 3241994
19 14 3241995
19 74 3241996
19 25 3241999
19 6 3241999
19 17 3242004
19 43 3242010
19 29 3242017
19 10 3242023
19 35 3242024
19 78 3242030
19 84 3242034
19 71 3242042
19 34 3242042
19 72 3242048
19 47 3242053
19 70 3242053
19 20 3242057
19 55 3242059
19 58 3242060
19 1 3242063
19 73 3242066
19 28 3242075
19 38 3242084
19 56 3242085
19 40 3242091
19 77 3242091
19 76 3242091
19 75 3242091
19 2 3242095
19 63 3242101
19 39 3242106
19 64 3242108
19 33 3242113
19 5 3242115
19 49 3242118
19 89 3242127
19 18 3242130
19 4 3242135
19 32 3242141
19 82 3242149
19 8 3242157
19 9 3242163
19 23 3242165
19 24 3242167
19 16 3242176
19 68 3242184
19 50 3242191
19 54 3242194
19 42 3242202
19 79 3242208
19 26 3242212
19 70 3242220
19 82 3242220
19 89 3242224
19 37 3242231
19 12 3242237
19 68 3242246
19 43 3242248
19 47 3242250
19 24 3242255
19 71 3242263
19 80 3242265
19 23 3242269
19 64 3242269
19 88 3242272
19 13 3242273
19 46 3242276
19 48 3242282
19 67 3242286
19 20 3242294
19 78 3242298
19 52 3242301
19 60 3242304
19 58 3242308
19 36 3242312
19 38 3242312
19 45 3242312
19 31 3242314
19 83 3242318
19 59 3242327
19 53 3242334
19 18 3242334
19 49 3242336
19 61 3242343
19 25 3242347
19 3 3242348
19 41 3242351
19 65 3242355
19 15 3242363
19 1 3242364
19 86 3242370
19 0 3242378
19 9 3242384
19 85 3242387
19 34 3242396
20 58 3242405
20 61 3242406
20 35 3242411
20 57 3242413
20 22 3242420
20 43 3242424
20 86 3242429
20 0 3242431
20 26 3242440
20 51 3242445
20 41 3242448
20 34 3242448
20 30 3242451
20 45 3242456
20 39 3242462
20 53 3242469
20 16 3242473
20 70 3242481
20 3 3242483
20 77 3242492
20 73 3242496
20 59 3242501
20 48 3242509
20 60 3242518
20 31 3242522
20 12 3242525
20 9 3242532
20 18 3242540
20 14 3242543
20 56 3242545
20 79 3242548
20 69 3242556
20 54 3242562
20 23 3242571
20 82 3242577
20 88 3242579
20 84 3242587
20 62 3242594
20 63 3242597
20 47 3242598
20 25 3242598
20 15 3242603
20 89 3242611
20 68 3242619
20 8 3242623
20 35 3242627
20 38 3242628
20 72 3242630
20 65 3242631
20 18 3242635
20 45 3242642
20 9 3242644
20 31 3242647
20 25 3242653
20 63 3242653
20 24 3242653
20 2 3242654
20 79 3242662
20 59 3242666
20 33 3242671
20 74 3242675
20 77 3242682
20 41 3242682
20 5 3242687
20 56 3242687
20 27 3242692
20 36 3242692
20 40 3242696
20 15 3242697
20 39 3242700
20 7 3242701
20 64 3242709
20 1 3242712
20 84 3242716
20 0 3242725
20 48 3242733
20 51 3242741
20 23 3242749
20 86 3242754
20 73 3242759
20 50 3242768
20 80 3242772
20 62 3242773
20 57 3242774
20 32 3242778
20 85 3242785
20 29 3242793
20 68 3242796
21 69 3242801
21 2 3242805
21 80 3242809
21 86 3242817
21 67 3242818
21 60 3242819
21 56 3242821
21 41 3242828
21 46 3242833
21 39 3242835
21 24 3242841
21 71 3242845
21 1 3242848
21 82 3242853
21 35 3242854
21 53 3242858
21 58 3242865
21 81 3242865
21 32 3242872
21 9 3242880
21 51 3242883
21 74 3242886
21 34 3242890
21 73 3242893
21 55 3242894
21 7 3242894
21 23 3242894
21 20 3242899
21 77 3242904
21 45 3242907
21 83 3242915
21 47 3242915
21 8 3242921
21 50 3242930
21 49 3242937
21 31 3242943
21 76 3242949
21 42 3242957
21 88 3242959
21 40 3242965
21 66 3242971
21 0 3242971
21 3 3242974
21 75 3242975
21 10 3242982
21 29 3242989
21 13 3242989
21 64 3242997
21 86 3243004
21 66 3243006
21 34 3243013
21 76 3243017
21 56 3243025
21 29 3243031
21 17 3243035
21 65 3243039
21 26 3243047
21 10 3243048
21 0 3243050
21 28 3243052
21 11 3243058
21 5 3243060
21 70 3243065
21 81 3243069
21 31 3243069
21 1 3243078
21 35 3243078
21 32 3243083
21 59 3243091
21 24 3243092
21 14 3243100
21 68 3243107
21 9 3243108
21 4 3243116
21 15 3243125
21 85 3243129
21 12 3243135
21 42 3243138
21 41 3243144
21 62 3243148
21 36 3243148
21 7 3243148
21 57 3243151
22 44 3243160
22 84 3243163
22 3 3243165
22 20 3243166
22 23 3243171
22 77 3243177
22 43 3243178
22 81 3243182
22 27 3243183
22 19 3243187
22 68 3243192
22 82 3243192
22 55 3243201
22 74 3243206
22 29 3243211
22 79 3243219
22 52 3243224
22 83 3243228
22 25 3243232
22 88 3243235
22 14 3243241
23 57 3243248
23 3 3243253
23 30 3243255
23 41 3243263
23 7 3243266
23 49 3243270
23 85 3243272
23 8 3243274
23 31 3243280
23 71 3243289
23 28 3243297
23 52 3243301
23 64 3243310
23 14 3243319
23 55 3243319
23 75 3243321
23 78 3243330
23 80 3243332
23 72 3243332
23 69 3243338
23 61 3243341
23 63 3243344
23 4 3243346
23 88 3243351
23 82 3243358
23 40 3243364
23 81 3243365
23 2 3243371
23 33 3243378
23 83 3243386
23 10 3243391
23 0 3243393
23 32 3243393
23 19 3243400
23 50 3243409
23 25 3243418
23 74 3243425
23 48 3243429
23 26 3243430
23 15 3243439
23 82 3243441
23 54 3243448
23 0 3243454
23 34 3243457
23 70 3243457
23 85 3243460
23 49 3243464
23 88 3243467
23 16 3243468
23 52 3243471
23 60 3243478
23 21 3243486
23 9 3243487
23 1 3243495
23 24 3243499
23 12 3243505
23 40 3243505
23 28 3243511
23 61 3243517
23 59 3243521
23 87 3243524
23 53 3243525
23 35 3243530
23 57 3243534
23 68 3243541
23 38 3243548
23 39 3243555
23 62 3243560
23 19 3243561
23 66 3243562
23 4 3243570
23 44 3243575
23 13 3243576
23 76 3243584
23 78 3243593
24 23 3243599
24 27 3243602
24 31 3243607
24 80 3243608
24 44 3243609
24 70 3243612
24 53 3243619
24 32 3243625
24 33 3243631
24 16 3243631
24 66 3243633
24 54 3243638
24 81 3243638
24 69 3243639
24 56 3243643
24 20 3243646
24 7 3243649
24 50 3243649
24 4 3243650
24 76 3243657
24 43 3243658
24 3 3243667
24 89 3243668
24 39 3243675
24 28 3243677
24 1 3243686
24 84 3243693
24 88 3243696
24 15 3243704
24 36 3243706
24 86 3243710
24 37 3243712
24 75 3243715
24 42 3243723
24 5 3243730
24 67 3243736
24 40 3243744
24 59 3243750
24 46 3243750
24 68 3243759
24 48 3243764
24 0 3243773
24 34 3243778
24 78 3243786
24 63 3243788
24 2 3243795
24 83 3243796
24 13 3243800
24 62 3243807
24 45 3243815
24 71 3243821
24 56 3243824
24 50 3243829
24 30 3243830
24 26 3243838
24 45 3243843
24 18 3243850
24 17 3243852
24 36 3243852
24 66 3243853
24 6 3243861
24 71 3243868
24 31 3243874
24 5 3243878
24 14 3243887
24 9 3243888
24 4 3243889
24 48 3243894
24 34 3243900
24 61 3243902
24 73 3243910
24 75 3243914
24 35 3243916
24 33 3243920
24 64 3243925
24 12 3243933
24 28 3243938
24 85 3243940
24 81 3243945
24 3 3243949
24 11 3243955
24 72 3243961
24 21 3243969
24 70 3243974
24 32 3243982
24 76 3243986
24 84 3243995
24 79 3244004
24 60 3244007
24 1 3244008
24 52 3244016
24 74 3244024
24 20 3244031
24 88 3244031
24 82 3244032
24 40 3244039
24 22 3244046
24 8 3244047
24 87 3244050
24 13 3244051
24 83 3244055
24 2 3244063
25 59 3244065
25 65 3244071
26 47 3244074
26 43 3244082
26 58 3244089
26 51 3244095
26 38 3244103
26 88 3244110
26 48 3244119
26 67 3244124
26 4 3244124
26 19 3244131
26 57 3244134
26 87 3244142
26 20 3244150
26 62 3244155
26 17 3244158
26 29 3244158
26 83 3244166
26 44 3244170
26 84 3244174
26 16 3244176
26 85 3244179
26 50 3244188
26 74 3244197
26 86 3244198
26 52 3244201
26 69 3244205
26 59 3244214
26 76 3244216
26 25 3244222
26 7 3244227
26 65 3244228
26 11 3244231
26 45 3244236
26 49 3244236
26 30 3244239
26 10 3244248
26 79 3244257
26 77 3244257
26 3 3244259
26 61 3244267
26 1 3244274
26 18 3244280
26 32 3244283
26 40 3244291
26 66 3244292
26 9 3244298
26 73 3244307
26 6 3244315
26 23 3244322
26 55 3244325
26 68 3244328
26 80 3244331
26 24 3244339
26 46 3244342
26 54 3244351
26 60 3244358
26 28 3244366
26 24 3244374
26 4 3244379
26 34 3244382
26 76 3244387
26 1 3244396
26 36 3244402
26 21 3244411
26 14 3244420
26 84 3244422
26 55 3244431
26 42 3244434
26 6 3244439
26 54 3244446
26 12 3244450
26 87 3244459
26 53 3244463
26 89 3244470
26 82 3244476
26 0 3244478
26 2 3244484
26 45 3244486
26 51 3244490
26 18 3244493
26 19 3244500
26 59 3244502
26 22 3244506
26 30 3244513
26 80 3244520
26 86 3244526
26 13 3244526
26 5 3244530
26 88 3244531
26 33 3244536
26 29 3244543
26 68 3244549
26 75 3244551
26 27 3244553
26 31 3244554
26 57 3244556
26 74 3244563
26 15 3244570
26 20 3244575
26 40 3244579
26 25 3244587
26 64 3244587
26 71 3244594
26 69 3244594
26 62 3244602
27 11 3244610
27 8 3244611
27 85 3244620
27 33 3244621
27 35 3244630
27 49 3244639
27 21 3244642
27 87 3244642
27 44 3244646
27 65 3244652
28 45 3244655
28 42 3244660
28 61 3244661
28 31 3244666
28 69 3244667
28 6 3244674
28 11 3244683
28 43 3244683
28 33 3244689
28 8 3244693
28 17 3244700
28 71 3244704
28 77 3244705
28 82 3244708
28 74 3244708
28 79 3244715
28 51 3244715
28 68 3244723
28 60 3244724
28 66 3244733
28 83 3244739
28 55 3244740
28 63 3244747
28 81 3244751
28 22 3244758
28 3 3244759
28 48 3244766
28 44 3244771
28 47 3244776
28 46 3244782
28 26 3244787
28 57 3244795
28 58 3244798
28 9 3244800
28 32 3244805
28 80 3244814
28 34 3244817
28 18 3244818
28 56 3244824
28 13 3244825
28 4 3244827
28 67 3244829
28 29 3244830
28 37 3244838
28 65 3244842
28 84 3244843
28 52 3244850
28 20 3244855
28 38 3244864
28 21 3244865
28 76 3244867
28 45 3244867
28 84 3244876
28 40 3244883
28 79 3244891
28 33 3244896
28 49 3244901
28 82 3244901
28 89 3244903
28 46 3244912
28 1 3244919
28 30 3244926
28 20 3244929
28 34 3244931
28 9 3244936
28 75 3244943
28 69 3244949
28 36 3244951
28 15 3244958
28 50 3244966
28 22 3244967
28 6 3244971
28 61 3244976
28 5 3244976
28 87 3244983
28 10 3244986
28 24 3244988
28 42 3244988
28 37 3244989
28 38 3244993
28 13 3244996
28 63 3244998
28 14 3245004
28 70 3245005
28 19 3245010
28 7 3245010
28 55 3245010
28 65 3245019
28 64 3245020
28 78 3245023
28 29 3245028
28 56 3245030
28 81 3245036
28 39 3245042
28 21 3245046
28 59 3245053
28 43 3245058
28 41 3245066
28 48 3245072
28 67 3245072
28 58 3245073
28 26 3245079
28 4 3245084
28 60 3245084
29 80 3245089
29 55 3245091
29 83 3245097
29 52 3245101
29 77 3245106
29 37 3245111
29 3 3245118
29 66 3245123
29 35 3245130
29 85 3245133
29 70 3245142
29 60 3245142
29 21 3245142
29 42 3245149
29 64 3245158
29 45 3245164
29 31 3245172
29 61 3245178
29 73 3245185
29 11 3245189
29 58 3245197
29 30 3245200
29 20 3245201
29 25 3245203
29 86 3245206
29 17 3245211
29 78 3245211
29 81 3245213
29 12 3245217
29 48 3245220
29 59 3245228
29 38 3245228
29 6 3245228
29 19 3245228
29 47 3245235
29 26 3245237
29 15 3245242
29 83 3245248
29 69 3245257
29 89 3245263
29 84 3245266
29 81 3245268
29 37 3245276
29 11 3245281
29 8 3245282
29 23 3245290
29 47 3245293
29 21 3245301
29 85 3245302
29 5 3245302
29 57 3245311
29 34 3245317
29 30 3245320
29 12 3245322
29 31 3245328
29 75 3245336
29 56 3245339
29 73 3245341
29 6 3245343
29 32 3245344
29 76 3245344
29 26 3245351
29 27 3245360
29 36 3245368
29 71 3245373
29 39 3245377
29 2 3245380
29 19 3245385
29 67 3245387
29 88 3245392
29 28 3245395
29 14 3245398
29 45 3245407
29 72 3245413
29 78 3245416
29 87 3245417
29 65 3245419
29 52 3245428
29 86 3245433
30 3 3245436
30 23 3245443
30 0 3245445
30 72 3245445
30 57 3245451
30 73 3245458
30 4 3245460
30 86 3245468
30 10 3245473
30 81 3245478
30 42 3245478
30 66 3245485
30 82 3245487
30 32 3245488
30 55 3245495
30 6 3245495
30 50 3245498
30 80 3245502
30 68 3245503
30 54 3245507
30 16 3245508
30 69 3245517
30 41 3245521
30 59 3245527
30 28 3245529
30 79 3245535
30 33 3245536
30 63 3245540
30 8 3245542
30 43 3245550
30 65 3245558
30 9 3245564
30 74 3245569
30 38 3245570
30 31 3245578
30 70 3245579
30 64 3245582
30 11 3245589
30 52 3245598
30 20 3245604
30 24 3245609
30 36 3245614
30 46 3245622
30 13 3245629
30 75 3245633
30 62 3245634
30 83 3245640
30 27 3245645
30 0 3245645
30 38 3245653
30 50 3245656
30 17 3245659
30 23 3245666
30 57 3245668
30 67 3245671
30 72 3245680
30 2 3245682
30 52 3245687
30 73 3245690
30 39 3245693
30 86 3245698
30 9 3245705
30 75 3245706
30 28 3245710
30 4 3245711
30 63 3245720
30 59 3245724
30 54 3245732
30 69 3245741
30 78 3245744
30 71 3245746
30 48 3245752
30 5 3245759
30 79 3245761
30 74 3245764
30 77 3245769
30 31 3245774
30 89 3245775
30 19 3245780
30 84 3245784
30 81 3245792
30 16 3245799
30 14 3245805
30 3 3245807
30 20 3245812
30 53 3245812
30 80 3245815
30 64 3245821
30 8 3245824
30 1 3245832
30 33 3245834
30 88 3245841
30 25 3245845
30 60 3245848
30 70 3245855
30 15 3245858
30 35 3245858
30 6 3245866
30 68 3245874
30 44 3245883
30 51 3245889
30 37 3245890
30 22 3245898
30 10 3245907
30 18 3245914
30 49 3245916
30 36 3245923
31 20 3245928
31 61 3245937
32 21 3245945
32 15 3245949
32 34 3245958
32 69 3245962
32 7 3245962
32 54 3245967
32 31 3245973
32 64 3245973
32 83 3245981
32 89 3245988
32 16 3245988
32 47 3245991
32 80 3245991
32 62 3245998
32 53 3246001
32 85 3246008
32 46 3246015
32 33 3246023
32 61 3246023
32 9 3246028
32 48 3246030
32 3 3246032
32 42 3246038
32 12 3246042
32 16 3246050
32 20 3246056
32 47 3246060
32 28 3246068
32 18 3246076
32 43 3246079
32 55 3246082
32 73 3246083
32 89 3246086
32 57 3246086
32 15 3246090
32 84 3246099
32 67 3246099
32 63 3246100
32 58 3246101
32 53 3246107
32 21 3246116
32 35 3246117
32 80 3246122
32 54 3246125
32 60 3246132
32 46 3246133
32 51 3246136
33 55 3246141
33 59 3246150
33 39 3246150
33 18 3246151
33 83 3246152
33 50 3246158
33 15 3246164
33 77 3246170
33 53 3246170
33 28 3246178
33 2 3246178
33 34 3246178
33 61 3246184
33 35 3246190
33 12 3246199
33 21 3246206
33 48 3246208
33 6 3246208
33 81 3246208
33 75 3246210
33 10 3246212
33 19 3246220
33 58 3246224
33 42 3246230
33 64 3246239
33 78 3246240
33 44 3246244
33 27 3246247
33 0 3246247
33 51 3246250
33 62 3246256
33 47 3246260
33 40 3246267
33 24 3246269
33 87 3246277
33 36 3246280
33 43 3246285
33 8 3246285
33 67 3246291
33 3 3246291
33 45 3246293
33 73 3246299
33 82 3246304
33 57 3246307
33 1 3246311
33 22 3246317
33 56 3246321
33 9 3246322
33 70 3246329
33 66 3246336
33 31 3246343
33 52 3246346
33 23 3246354
33 68 3246362
33 17 3246365
33 38 3246366
33 65 3246369
33 84 3246370
33 88 3246375
33 42 3246383
33 35 3246388
33 78 3246391
33 3 3246396
33 4 3246398
33 9 3246405
33 65 3246405
33 5 3246409
33 17 3246410
33 32 3246410
33 1 3246413
33 27 3246417
33 23 3246421
33 67 3246430
33 34 3246437
33 58 3246446
33 85 3246454
33 50 3246457
33 8 3246459
33 64 3246467
33 30 3246471
33 76 3246475
33 36 3246475
33 14 3246483
33 44 3246491
33 73 3246500
33 63 3246504
33 43 3246505
33 38 3246514
33 10 3246514
33 18 3246517
33 68 3246523
33 45 3246528
33 72 3246529
33 49 3246529
33 11 3246532
33 70 3246538
33 24 3246545
33 60 3246551
33 2 3246554
33 7 3246560
33 31 3246568
33 21 3246569
33 66 3246575
33 59 3246582
33 81 3246582
33 13 3246584
33 19 3246584
33 48 3246590
33 87 3246590
33 57 3246598
33 28 3246605
33 26 3246606
34 64 3246614
34 73 3246619
34 60 3246620
34 29 3246622
34 74 3246623
34 21 3246629
34 11 3246638
34 67 3246640
34 86 3246649
34 57 3246652
34 31 3246653
34 50 3246654
34 87 3246654
34 85 3246658
34 40 3246659
34 23 3246665
34 20 3246669
34 35 3246672
34 30 3246680
34 6 3246687
34 10 3246695
34 54 3246699
34 15 3246700
34 9 3246704
34 16 3246712
34 63 3246714
34 22 3246717
34 88 3246719
34 17 3246724
34 39 3246726
34 75 3246734
34 4 3246734
34 0 3246738
34 16 3246745
34 70 3246750
34 52 3246759
34 47 3246759
34 20 3246762
34 61 3246766
34 68 3246773
34 39 3246779
34 11 3246788
34 21 3246788
34 59 3246788
34 30 3246791
34 22 3246800
34 64 3246806
34 82 3246806
34 6 3246808
34 67 3246808
34 13 3246814
34 12 3246816
34 15 3246820
34 45 3246823
34 31 3246828
34 76 3246833
34 89 3246838
34 37 3246839
34 55 3246840
34 53 3246846
34 72 3246848
34 85 3246857
34 18 3246865
34 10 3246865
34 27 3246868
35 53 3246874
35 28 3246883
35 31 3246887
35 0 3246896
35 2 3246898
35 56 3246903
35 65 3246904
35 40 3246911
35 73 3246919
35 5 3246923
35 78 3246926
35 52 3246929
35 49 3246931
35 75 3246937
35 47 3246937
35 1 3246943
35 51 3246943
35 57 3246948
35 41 3246956
35 69 3246961
35 24 3246966
35 79 3246966
35 88 3246975
36 71 3246982
36 52 3246990
36 25 3246997
36 62 3246997
36 86 3247001
36 7 3247005
36 44 3247014
36 35 3247014
36 80 3247022
36 89 3247030
36 41 3247038
36 37 3247044
36 82 3247048
36 55 3247050
36 42 3247056
36 2 3247062
36 45 3247068
36 34 3247070
36 16 3247076
36 12 3247078
36 61 3247087
36 8 3247089
36 78 3247094
36 63 3247097
36 46 3247099
36 0 3247106
36 83 3247115
36 47 3247122
36 79 3247125
36 3 3247126
36 9 3247131
36 54 3247135
36 72 3247136
36 17 3247139
36 28 3247141
36 11 3247142
36 57 3247151
36 29 3247160
36 42 3247167
36 64 3247171
36 14 3247172
36 71 3247175
36 47 3247180
36 25 3247188
36 46 3247190
36 72 3247191
36 77 3247196
36 4 3247203
36 40 3247205
36 81 3247206
36 85 3247214
36 32 3247222
36 39 3247225
36 63 3247234
36 78 3247241
36 33 3247242
36 18 3247248
36 70 3247253
36 23 3247254
36 12 3247260
36 45 3247264
36 11 3247267
36 51 3247274
36 5 3247278
36 22 3247283
36 58 3247285
36 17 3247287
36 15 3247293
36 52 3247302
36 67 3247308
36 88 3247311
36 57 3247313
36 19 3247313
36 59 3247313
36 35 3247318
36 44 3247322
37 70 3247328
37 18 3247337
37 88 3247344
38 14 3247347
38 5 3247355
38 64 3247355
38 61 3247356
38 22 3247360
38 84 3247365
38 32 3247368
38 17 3247371
38 6 3247375
38 89 3247377
38 1 3247379
38 71 3247382
38 45 3247390
38 66 3247391
38 11 3247394
38 49 3247401
38 46 3247404
38 79 3247408
38 57 3247413
38 52 3247414
38 23 3247418
38 27 3247420
38 47 3247423
38 7 3247428
38 10 3247437
38 12 3247438
38 19 3247440
38 73 3247440
38 33 3247447
38 51 3247450
38 63 3247456
38 53 3247465
38 67 3247467
38 65 3247471
38 55 3247476
38 34 3247479
38 3 3247486
38 85 3247488
38 82 3247495
38 86 3247499
38 0 3247501
38 29 3247510
38 58 3247511
38 35 3247516
38 28 3247525
38 13 3247533
38 62 3247536
38 21 3247545
38 88 3247551
38 60 3247554
38 61 3247560
38 70 3247561
38 21 3247561
38 42 3247562
38 83 3247565
38 76 3247573
38 34 3247580
38 81 3247587
38 77 3247594
38 16 3247597
38 35 3247606
38 18 3247613
38 8 3247619
38 33 3247628
38 52 3247631
38 32 3247636
38 72 3247638
38 46 3247643
38 74 3247652
38 6 3247659
38 4 3247661
38 31 3247668
38 48 3247676
38 26 3247677
38 20 3247684
38 29 3247693
38 7 3247693
38 37 3247702
38 86 3247703
38 51 3247707
38 36 3247713
38 55 3247717
38 13 3247719
38 71 3247719
38 79 3247727
38 15 3247734
38 87 3247738
38 10 3247744
38 22 3247752
38 30 3247759
38 78 3247760
38 82 3247765
38 80 3247765
38 54 3247768
38 12 3247773
38 2 3247778
38 9 3247778
38 27 3247779
38 25 3247784
38 5 3247791
39 47 3247794
39 36 3247803
39 8 3247808
39 29 3247808
39 49 3247813
39 13 3247815
39 32 3247815
39 26 3247824
39 27 3247831
39 40 3247833
39 77 3247842
39 35 3247843
39 17 3247843
39 73 3247845
39 86 3247854
39 5 3247860
39 19 3247863
39 28 3247872
39 12 3247875
39 64 3247881
39 4 3247883
39 22 3247891
39 9 3247891
39 61 3247892
39 37 3247893
39 84 3247894
39 71 3247896
39 81 3247902
39 53 3247908
39 14 3247912
39 11 3247914
39 34 3247918
39 6 3247921
39 33 3247928
39 69 3247931
39 85 3247939
39 43 3247945
39 51 3247945
39 82 3247947
39 55 3247955
39 75 3247957
39 25 3247964
39 67 3247965
39 23 3247967
39 80 3247975
39 59 3247977
39 44 3247977
39 62 3247978
39 38 3247981
39 31 3247983
39 66 3247987
39 72 3247989
39 21 3247995
39 67 3247996
39 13 3248002
39 80 3248002
39 60 3248005
39 32 3248005
39 84 3248008
39 72 3248014
39 49 3248016
39 83 3248019
39 53 3248022
39 56 3248029
39 57 3248033
39 86 3248036
39 87 3248045
39 14 3248048
39 16 3248055
39 68 3248060
39 58 3248067
39 43 3248069
39 37 3248076
39 21 3248081
39 51 3248090
39 74 3248090
39 38 3248093
39 64 3248094
39 0 3248101
39 88 3248102
39 34 3248103
39 69 3248106
39 70 3248112
39 63 3248120
39 15 3248125
39 17 3248127
39 48 3248129
39 24 3248131
39 12 3248136
39 78 3248140
39 82 3248141
39 54 3248145
39 45 3248149
39 76 3248149
39 9 3248152
39 62 3248160
39 11 3248167
39 23 3248175
39 42 3248177
39 46 3248184
39 73 3248189
39 1 3248197
39 79 3248201
39 85 3248206
39 28 3248208
39 31 3248213
40 60 3248222
40 26 3248227
40 19 3248234
40 79 3248235
40 82 3248242
40 70 3248243
40 67 3248247
40 42 3248253
40 89 3248259
40 13 3248263
40 84 3248268
40 65 3248270
40 3 3248279
40 29 3248286
40 5 3248286
40 37 3248293
40 18 3248295
40 16 3248300
40 34 3248308
40 43 3248316
40 20 3248322
40 87 3248329
40 53 3248335
40 7 3248343
40 15 3248351
40 46 3248357
40 75 3248361
40 88 3248363
40 11 3248369
40 27 3248373
40 63 3248377
40 87 3248383
40 52 3248387
40 83 3248390
40 9 3248399
40 62 3248406
40 61 3248411
40 42 3248411
40 3 3248412
40 39 3248421
40 36 3248424
40 60 3248425
40 26 3248431
40 50 3248436
40 30 3248437
40 45 3248441
40 77 3248445
40 12 3248447
40 51 3248452
40 57 3248454
40 86 3248463
40 22 3248472
40 16 3248476
40 49 3248485
40 25 3248493
40 81 3248497
40 13 3248498
40 1 3248505
40 17 3248513
40 28 3248517
40 34 3248524
40 8 3248525
40 41 3248528
40 64 3248529
41 58 3248531
41 39 3248538
41 48 3248538
41 30 3248542
41 13 3248543
41 15 3248552
41 8 3248556
41 59 3248564
41 18 3248569
41 65 3248577
41 63 3248586
41 50 3248592
41 19 3248596
41 9 3248597
41 72 3248606
41 81 3248610
41 0 3248610
41 14 3248610
41 61 3248618
41 66 3248620
41 89 3248621
41 43 3248630
41 37 3248632
41 57 3248637
41 67 3248642
41 25 3248642
41 54 3248647
41 78 3248652
41 87 3248660
41 49 3248660
41 80 3248664
41 51 3248669
41 86 3248677
41 56 3248682
41 31 3248685
41 32 3248686
41 34 3248689
41 52 3248689
41 11 3248697
41 22 3248697
41 82 3248698
41 40 3248707
41 53 3248711
41 70 3248719
41 10 3248727
41 47 3248733
41 26 3248742
41 12 3248742
41 75 3248747
41 84 3248756
41 85 3248757
41 45 3248763
41 20 3248763
41 1 3248772
41 86 3248772
41 37 3248779
41 30 3248784
41 11 3248786
41 46 3248793
41 77 3248793
41 48 3248797
41 21 3248797
41 54 3248803
41 52 3248807
41 85 3248816
41 65 3248821
41 20 3248826
41 6 3248830
41 76 3248835
41 14 3248838
41 81 3248844
41 68 3248851
41 25 3248859
41 73 3248861
41 50 3248866
41 44 3248872
41 28 3248881
41 3 3248887
41 39 3248894
41 53 3248894
41 83 3248898
41 89 3248898
41 9 3248907
41 69 3248910
41 84 3248919
41 38 3248927
41 49 3248930
41 31 3248938
41 34 3248947
41 79 3248950
41 36 3248951
41 88 3248959
41 27 3248960
41 32 3248962
41 33 3248966
41 12 3248972
41 66 3248978
41 47 3248986
41 7 3248991
41 74 3248992
41 64 3249001
41 2 3249008
41 10 3249016
41 70 3249016
42 13 3249020
42 28 3249025
42 12 3249031
42 84 3249040
42 45 3249041
42 37 3249042
42 14 3249045
42 50 3249046
42 31 3249046
42 4 3249050
42 89 3249054
42 34 3249058
42 57 3249060
42 40 3249060
42 64 3249069
42 44 3249076
42 55 3249078
42 67 3249087
42 59 3249094
42 46 3249094
42 36 3249101
42 74 3249110
42 49 3249118
42 41 3249118
42 62 3249125
42 19 3249134
42 71 3249140
42 6 3249145
42 48 3249153
42 27 3249156
42 85 3249158
42 52 3249164
42 61 3249173
42 83 3249180
42 30 3249187
42 1 3249195
42 73 3249197
42 54 3249198
42 28 3249198
42 30 3249201
42 58 3249209
42 5 3249217
42 11 3249220
42 63 3249229
42 87 3249234
42 55 3249235
42 77 3249235
42 14 3249239
42 6 3249240
42 64 3249246
42 1 3249253
42 79 3249259
42 12 3249265
42 74 3249269
42 3 3249276
42 83 3249282
42 56 3249289
42 40 3249290
42 15 3249293
42 75 3249302
42 48 3249308
42 23 3249310
42 8 3249312
42 13 3249318
42 26 3249323
42 81 3249323
42 47 3249331
42 85 3249335
42 41 3249339
42 9 3249348
42 21 3249349
42 36 3249353
43 73 3249356
43 58 3249358
43 1 3249364
43 55 3249368
43 34 3249377
43 39 3249380
43 56 3249385
43 9 3249393
43 15 3249400
43 71 3249400
43 42 3249409
43 61 3249412
43 3 3249421
43 49 3249427
43 5 3249430
43 66 3249437
43 46 3249440
43 54 3249442
43 89 3249445
43 22 3249447
43 31 3249456
43 20 3249456
43 17 3249463
43 7 3249466
43 67 3249470
43 62 3249477
43 48 3249477
43 84 3249480
43 47 3249483
43 50 3249485
43 32 3249486
43 64 3249490
43 46 3249496
43 83 3249502
43 64 3249510
43 89 3249513
43 23 3249515
43 24 3249515
43 33 3249523
43 69 3249525
43 28 3249528
43 85 3249535
43 56 3249542
43 49 3249547
43 40 3249548
43 50 3249554
43 87 3249560
43 84 3249565
43 32 3249565
43 63 3249573
43 62 3249575
43 13 3249582
43 48 3249588
43 6 3249593
43 34 3249594
43 80 3249598
43 79 3249607
43 55 3249608
43 16 3249615
43 70 3249620
43 71 3249625
43 14 3249631
43 44 3249636
43 68 3249644
43 76 3249650
43 36 3249658
43 73 3249666
44 25 3249668
44 46 3249672
44 18 3249673
44 36 3249679
44 40 3249687
44 62 3249690
45 5 3249691
45 19 3249692
45 37 3249696
45 80 3249701
45 4 3249709
45 3 3249712
45 17 3249719
45 0 3249726
45 25 3249728
45 50 3249729
45 82 3249733
45 59 3249741
45 64 3249748
45 58 3249750
45 55 3249759
45 61 3249768
45 36 3249775
45 13 3249778
45 48 3249786
45 16 3249793
45 27 3249798
45 79 3249802
45 14 3249810
45 70 3249817
45 7 3249826
45 68 3249832
45 88 3249832
45 49 3249835
45 66 3249842
45 47 3249842
45 56 3249849
45 34 3249853
45 27 3249853
45 73 3249857
45 69 3249866
45 82 3249875
45 87 3249878
45 53 3249884
45 32 3249888
45 24 3249891
45 35 3249891
45 4 3249899
45 78 3249900
45 21 3249906
45 22 3249913
45 3 3249917
45 50 3249919
45 33 3249922
45 16 3249927
45 8 3249931
45 40 3249931
45 65 3249937
45 84 3249938
45 81 3249941
45 60 3249943
45 44 3249944
45 28 3249944
45 5 3249946
45 55 3249952
45 9 3249953
45 2 3249957
45 6 3249960
45 10 3249966
46 6 3249974
46 75 3249981
46 70 3249981
46 1 3249981
46 4 3249988
46 83 3249992
46 87 3249997
46 12 3249999
46 50 3250006
46 48 3250007
46 80 3250008
46 57 3250016
46 24 3250024
46 20 3250026
46 0 3250028
46 26 3250037
46 41 3250038
46 16 3250041
46 69 3250046
46 68 3250053
46 23 3250059
46 15 3250064
46 8 3250071
46 64 3250078
46 49 3250083
46 65 3250087
46 44 3250093
46 86 3250100
46 66 3250101
46 48 3250105
46 34 3250107
46 23 3250108
46 1 3250110
46 11 3250114
46 9 3250120
46 21 3250127
46 54 3250134
46 36 3250139
46 64 3250145
46 81 3250145
46 72 3250153
46 69 3250160
46 16 3250163
46 8 3250167
46 77 3250171
46 87 3250173
46 76 3250181
46 74 3250187
46 5 3250192
46 2 3250196
46 22 3250203
46 79 3250211
46 20 3250220
46 18 3250225
46 52 3250232
46 73 3250232
46 70 3250233
46 4 3250242
47 1 3250246
47 86 3250247
47 41 3250252
47 35 3250261
47 31 3250263
47 84 3250266
47 17 3250274
47 62 3250280
47 69 3250283
47 87 3250285
47 63 3250287
47 66 3250288
47 45 3250294
47 81 3250303
47 9 3250307
47 5 3250314
47 20 3250314
47 23 3250323
47 44 3250330
47 75 3250339
47 4 3250343
47 12 3250345
47 85 3250350
47 59 3250357
47 30 3250358
47 39 3250361
47 0 3250366
47 58 3250367
47 79 3250374
47 67 3250381
47 78 3250383
47 71 3250387
47 6 3250394
47 8 3250402
47 65 3250410
47 53 3250415
47 38 3250422
47 32 3250423
47 4 3250425
47 7 3250429
47 3 3250437
47 61 3250438
47 77 3250438
47 72 3250447
47 38 3250453
47 41 3250454
47 62 3250461
47 31 3250461
47 25 3250466
47 45 3250469
47 39 3250472
47 5 3250479
47 22 3250486
47 26 3250488
47 12 3250495
47 86 3250498
47 29 3250504
47 11 3250511
47 63 3250520
47 78 3250524
47 35 3250531
47 44 3250534
47 23 3250536
47 65 3250539
47 49 3250542
47 42 3250547
47 85 3250547
47 87 3250549
47 73 3250556
47 19 3250562
47 74 3250564
47 48 3250567
47 88 3250569
47 60 3250575
47 66 3250578
47 21 3250578
47 80 3250581
48 5 3250585
48 66 3250593
48 9 3250596
48 15 3250597
48 62 3250605
48 0 3250611
48 43 3250620
48 75 3250622
48 74 3250631
48 10 3250638
48 80 3250640
48 17 3250648
48 60 3250649
48 51 3250652
48 2 3250652
48 58 3250660
48 7 3250667
49 20 3250669
49 29 3250674
49 12 3250675
49 11 3250683
49 81 3250692
49 70 3250697
49 78 3250699
49 74 3250707
49 36 3250710
49 56 3250716
49 26 3250721
49 19 3250730
49 50 3250730
49 57 3250739
49 27 3250748
49 3 3250756
49 46 3250764
49 62 3250772
49 86 3250775
49 17 3250783
49 80 3250790
49 32 3250796
49 88 3250804
49 79 3250808
49 68 3250810
49 73 3250816
49 33 3250821
49 28 3250824
49 84 3250827
49 83 3250829
49 65 3250830
49 30 3250830
49 42 3250836
49 47 3250838
49 48 3250842
49 18 3250848
49 45 3250849
49 52 3250854
49 87 3250861
49 72 3250865
49 59 3250870
49 51 3250870
49 41 3250872
49 75 3250874
49 39 3250875
49 38 3250880
49 83 3250886
49 34 3250892
49 79 3250901
49 43 3250909
49 46 3250914
49 72 3250922
49 11 3250931
49 23 3250933
49 89 3250936
49 74 3250943
49 35 3250949
49 78 3250955
49 1 3250962
49 56 3250962
49 12 3250963
49 82 3250969
49 31 3250969
49 14 3250977
49 54 3250982
49 2 3250990
49 87 3250993
49 51 3251002
49 25 3251003
49 37 3251005
49 8 3251005
49 19 3251009
49 42 3251009
49 77 3251012
49 5 3251017
49 48 3251018
49 15 3251023
49 28 3251032
49 53 3251037
49 32 3251046
49 80 3251047
49 84 3251054
49 18 3251060
49 47 3251068
49 17 3251070
49 61 3251079
49 6 3251082
49 66 3251085
49 68 3251091
49 64 3251094
49 3 3251096
49 67 3251096
49 70 3251103
49 39 3251105
50 34 3251106
50 86 3251108
50 18 3251115
50 12 3251117
50 38 3251118
50 25 3251122
50 15 3251123
50 80 3251128
50 40 3251132
50 1 3251141
50 62 3251141
50 28 3251148
50 4 3251155
50 26 3251163
50 22 3251172
50 14 3251179
50 68 3251180
50 29 3251180
50 81 3251180
50 6 3251188
50 27 3251197
50 78 3251199
50 61 3251203
50 72 3251206
50 76 3251212
50 55 3251220
50 42 3251224
50 74 3251225
50 3 3251227
50 52 3251235
50 84 3251237
50 23 3251240
50 13 3251246
50 31 3251249
50 51 3251249
50 24 3251257
50 49 3251261
50 45 3251270
50 8 3251277
50 11 3251280
50 5 3251284
50 47 3251285
50 19 3251293
50 16 3251295
50 82 3251301
50 24 3251302
50 35 3251307
50 23 3251313
50 13 3251315
50 47 3251320
50 61 3251327
50 4 3251331
50 0 3251331
50 1 3251338
50 3 3251338
50 18 3251344
50 77 3251350
50 55 3251359
50 78 3251366
50 5 3251370
50 21 3251372
50 79 3251378
50 69 3251380
50 19 3251383
50 76 3251383
50 83 3251387
50 10 3251395
50 56 3251403
50 14 3251406
50 75 3251414
50 34 3251419
50 89 3251427
50 41 3251432
50 15 3251438
50 37 3251447
50 20 3251449
50 71 3251453
50 63 3251462
50 60 3251465
50 65 3251473
50 42 3251476
50 84 3251484
50 48 3251493
50 52 3251495
50 8 3251504
50 9 3251505
50 39 3251513
50 22 3251520
50 80 3251525
51 10 3251526
51 68 3251529
51 56 3251532
51 24 3251541
51 78 3251549
51 39 3251550
51 66 3251550
51 42 3251550
51 25 3251550
51 35 3251556
51 11 3251564
51 86 3251565
51 80 3251570
51 62 3251575
51 46 3251583
51 37 3251590
51 87 3251591
51 26 3251593
51 81 3251598
51 36 3251600
51 82 3251606
51 34 3251609
51 88 3251611
51 9 3251617
51 0 3251617
51 76 3251619
51 74 3251623
51 33 3251627
51 53 3251629
51 85 3251638
51 84 3251638
51 75 3251643
51 22 3251652
51 89 3251653
51 15 3251659
51 14 3251662
51 32 3251667
51 16 3251668
51 83 3251676
51 83 3251680
51 54 3251688
51 39 3251688
51 41 3251693
51 64 3251696
51 70 3251699
51 79 3251701
51 40 3251706
51 69 3251710
51 6 3251711
51 37 3251713
51 27 3251717
51 47 3251718
51 25 3251720
51 34 3251724
51 55 3251725
51 20 3251728
51 52 3251729
51 66 3251736
51 5 3251737
51 17 3251737
51 60 3251745
51 84 3251746
51 68 3251754
51 8 3251760
51 9 3251769
51 33 3251775
51 7 3251783
51 76 3251792
51 15 3251798
51 36 3251804
51 75 3251810
51 26 3251819
51 77 3251825
52 30 3251827
52 48 3251828
52 0 3251836
52 12 3251840
52 53 3251840
52 31 3251846
52 27 3251855
52 10 3251863
52 16 3251869
52 1 3251872
52 27 3251874
52 3 3251878
52 38 3251885
52 44 3251885
53 2 3251888
53 64 3251890
53 6 3251898
53 38 3251904
53 20 3251908
53 16 3251909
53 29 3251915
53 62 3251924
53 43 3251932
53 76 3251936
53 83 3251938
53 34 3251945
53 57 3251945
54 57 3251949
54 78 3251950
54 33 3251955
54 11 3251964
54 84 3251973
54 28 3251979
54 63 3251985
54 27 3251990
54 32 3251991
54 24 3251996
54 10 3251998
54 25 3252002
54 73 3252006
54 58 3252008
54 51 3252012
54 82 3252014
54 66 3252021
54 5 3252028
54 43 3252032
54 19 3252032
54 9 3252037
54 6 3252037
54 31 3252040
54 2 3252042
54 35 3252042
54 68 3252047
54 62 3252052
54 17 3252055
54 49 3252055
54 67 3252059
54 26 3252066
54 55 3252066
54 23 3252068
54 56 3252074
54 61 3252077
54 83 3252081
54 46 3252087
54 8 3252090
54 38 3252097
54 81 3252100
54 49 3252106
54 42 3252111
54 46 3252113
54 64 3252113
54 80 3252114
54 72 3252119
54 69 3252125
54 43 3252130
54 57 3252138
54 30 3252138
54 35 3252146
54 8 3252149
54 34 3252150
54 31 3252154
54 39 3252163
54 78 3252166
54 1 3252167
54 67 3252169
54 11 3252169
54 18 3252176
54 45 3252180
54 74 3252187
54 76 3252196
54 37 3252203
54 62 3252204
54 3 3252209
54 77 3252216
54 59 3252216
54 23 3252224
54 19 3252225
54 73 3252225
54 50 3252230
54 61 3252235
54 68 3252243
55 74 3252251
55 43 3252254
55 16 3252254
55 66 3252261
56 84 3252263
56 52 3252268
56 25 3252268
56 46 3252277
56 43 3252286
56 3 3252292
56 24 3252299
56 27 3252308
56 18 3252316
56 19 3252325
56 62 3252329
56 28 3252336
56 59 3252340
56 67 3252345
56 13 3252348
56 7 3252355
56 80 3252359
56 23 3252361
56 74 3252369
56 72 3252376
56 58 3252380
56 63 3252389
56 15 3252390
56 64 3252396
56 54 3252399
56 60 3252400
56 81 3252403
56 6 3252405
56 77 3252413
56 37 3252413
56 17 3252417
56 12 3252418
56 26 3252421
56 50 3252425
56 40 3252429
56 86 3252434
56 82 3252442
56 88 3252444
56 11 3252448
56 51 3252452
56 45 3252455
56 29 3252457
56 70 3252458
56 49 3252460
56 8 3252463
56 20 3252467
56 33 3252473
56 9 3252480
56 61 3252486
56 30 3252489
56 79 3252490
56 35 3252497
56 42 3252506
56 85 3252509
56 4 3252516
56 21 3252525
56 29 3252532
56 72 3252539
56 44 3252543
56 43 3252543
56 54 3252549
56 47 3252558
56 70 3252561
56 38 3252564
56 16 3252569
56 40 3252569
56 57 3252578
56 65 3252580
56 3 3252580
56 61 3252584
56 19 3252586
56 84 3252590
56 49 3252596
56 60 3252599
56 71 3252601
56 50 3252608
56 52 3252617
56 46 3252619
56 62 3252625
56 27 3252626
56 68 3252627
56 63 3252634
56 37 3252639
56 69 3252647
56 88 3252647
56 41 3252651
56 59 3252660
56 74 3252664
56 7 3252670
56 9 3252671
56 35 3252678
56 15 3252678
56 25 3252680
56 11 3252681
56 20 3252685
56 4 3252685
56 81 3252687
56 39 3252688
56 22 3252693
56 32 3252696
56 87 3252699
56 31 3252704
56 1 3252713
56 79 3252714
56 77 3252720
56 28 3252722
56 10 3252727
56 24 3252735
56 55 3252738
56 23 3252746
56 8 3252754
57 24 3252754
57 72 3252754
58 88 3252763
58 20 3252767
58 11 3252767
58 83 3252772
58 30 3252777
58 22 3252786
58 4 3252794
58 7 3252795
58 81 3252796
58 69 3252797
58 1 3252798
58 45 3252800
58 42 3252809
58 75 3252815
58 60 3252815
58 37 3252816
58 0 3252817
58 24 3252819
58 46 3252828
58 43 3252829
58 2 3252836
58 61 3252844
58 87 3252844
58 79 3252844
58 62 3252845
58 65 3252853
58 72 3252855
58 10 3252859
58 89 3252860
58 66 3252862
58 85 3252870
58 9 3252876
58 83 3252876
58 41 3252876
58 43 3252885
58 69 3252889
58 19 3252896
58 73 3252898
58 81 3252899
58 29 3252905
58 63 3252905
58 79 3252912
58 31 3252914
58 53 3252918
58 7 3252921
58 55 3252927
58 87 3252934
58 6 3252943
58 27 3252950
58 68 3252954
58 39 3252955
58 28 3252957
58 57 3252965
58 74 3252967
59 69 3252969
59 38 3252973
59 68 3252981
59 50 3252984
59 54 3252991
59 33 3252994
59 26 3253000
59 71 3253007
59 13 3253016
59 16 3253025
59 78 3253034
59 32 3253036
59 57 3253036
59 19 3253036
59 45 3253037
59 18 3253040
59 86 3253041
59 88 3253043
59 17 3253048
59 77 3253048
59 63 3253050
59 13 3253059
59 47 3253062
59 78 3253069
59 85 3253072
59 15 3253079
59 42 3253086
59 71 3253093
59 18 3253102
59 80 3253110
59 44 3253116
59 1 3253117
59 23 3253125
59 54 3253132
59 51 3253138
59 38 3253147
59 41 3253154
59 9 3253158
59 37 3253166
59 89 3253166
59 36 3253168
59 22 3253177
59 61 3253180
59 30 3253182
59 21 3253190
59 58 3253190
60 81 3253193
60 30 3253198
60 80 3253201
60 73 3253201
60 5 3253205
60 39 3253209
60 28 3253218
60 84 3253227
60 9 3253227
60 78 3253229
60 12 3253236
60 45 3253243
60 50 3253252
60 51 3253252
60 27 3253253
60 41 3253254
60 74 3253257
60 26 3253264
60 77 3253266
60 69 3253268
60 86 3253269
60 58 3253276
60 20 3253278
60 29 3253280
60 16 3253283
60 17 3253289
60 59 3253295
60 7 3253301
60 18 3253301
60 89 3253310
60 33 3253317
60 72 3253326
60 63 3253330
60 8 3253334
60 47 3253340
60 75 3253346
60 51 3253350
60 31 3253350
60 0 3253350
60 76 3253358
60 81 3253364
60 6 3253373
60 66 3253378
60 33 3253378
60 47 3253385
60 72 3253392
60 53 3253400
60 15 3253409
60 2 3253411
60 86 3253412
60 9 3253416
60 24 3253419
60 45 3253425
60 25 3253433
60 54 3253436
60 10 3253437
60 22 3253446
60 82 3253448
60 39 3253450
60 44 3253458
60 52 3253461
60 46 3253468
60 4 3253468
60 57 3253476
60 14 3253478
60 26 3253480
60 18 3253486
60 1 3253493
60 5 3253502
61 14 3253503
61 40 3253506
61 62 3253508
61 29 3253509
61 89 3253511
61 56 3253517
62 50 3253518
62 33 3253519
62 27 3253526
62 57 3253535
62 5 3253538
62 59 3253540
62 84 3253544
62 41 3253546
62 78 3253550
62 55 3253553
62 36 3253560
62 3 3253567
62 67 3253572
62 75 3253580
62 12 3253585
62 69 3253592
62 28 3253598
62 84 3253603
62 77 3253603
62 10 3253607
62 59 3253609
62 61 3253614
62 73 3253623
62 40 3253631
62 48 3253631
62 11 3253638
63 58 3253641
63 84 3253647
63 75 3253656
63 55 3253658
63 23 3253665
63 15 3253667
63 39 3253675
63 77 3253675
63 60 3253675
63 8 3253680
63 0 3253687
63 36 3253695
63 16 3253695
63 5 3253700
63 40 3253708
63 19 3253715
63 54 3253715
63 44 3253723
63 30 3253723
63 85 3253731
63 2 3253737
63 86 3253738
63 56 3253746
63 51 3253749
63 26 3253756
63 73 3253762
63 45 3253766
63 28 3253766
63 66 3253773
63 81 3253778
63 53 3253778
63 31 3253784
63 79 3253788
63 4 3253793
63 12 3253801
63 42 3253801
63 59 3253808
63 68 3253809
63 27 3253814
63 15 3253814
63 60 3253815
63 41 3253815
63 69 3253823
63 23 3253828
63 71 3253835
63 7 3253839
63 85 3253848
63 53 3253857
63 65 3253866
63 61 3253869
63 43 3253872
63 5 3253874
63 34 3253877
63 21 3253877
63 74 3253878
63 33 3253883
63 24 3253886
63 35 3253895
63 10 3253903
63 86 3253910
63 42 3253911
63 78 3253919
63 2 3253922
63 59 3253927
63 37 3253929
63 4 3253933
63 77 3253933
63 9 3253933
63 12 3253938
63 52 3253944
63 70 3253952
63 47 3253953
63 45 3253959
63 87 3253968
63 88 3253973
63 51 3253977
63 39 3253977
63 80 3253981
64 28 3253985
64 37 3253994
64 49 3254000
64 78 3254005
64 38 3254011
64 26 3254016
64 36 3254025
64 60 3254027
64 29 3254034
64 1 3254041
64 75 3254046
64 41 3254055
64 55 3254058
64 8 3254065
64 70 3254070
64 87 3254074
64 62 3254082
64 10 3254083
64 54 3254084
64 79 3254088
64 39 3254095
64 69 3254100
64 7 3254103
64 68 3254105
64 58 3254114
64 53 3254119
64 34 3254122
64 45 3254126
64 48 3254130
64 50 3254132
64 23 3254136
64 74 3254139
64 86 3254144
64 65 3254147
64 19 3254152
64 12 3254160
64 76 3254168
64 57 3254169
64 15 3254169
64 25 3254174
64 50 3254175
64 81 3254182
64 19 3254189
64 73 3254190
64 53 3254196
64 61 3254196
64 70 3254197
64 14 3254205
64 69 3254207
64 36 3254213
64 85 3254222
64 89 3254224
64 52 3254231
64 87 3254239
64 58 3254248
64 84 3254248
64 17 3254251
64 40 3254253
64 54 3254258
64 77 3254263
64 0 3254271
64 9 3254279
64 13 3254283
64 60 3254289
64 47 3254292
64 18 3254296
64 83 3254303
64 82 3254306
64 76 3254310
64 59 3254318
64 43 3254320
64 78 3254325
64 88 3254328
64 25 3254336
64 38 3254341
64 56 3254350
64 16 3254354
64 72 3254357
64 45 3254365
64 20 3254373
64 7 3254376
64 51 3254382
64 71 3254387
64 15 3254387
64 30 3254396
64 8 3254401
65 22 3254408
65 52 3254408
65 66 3254412
65 86 3254414
65 8 3254422
65 17 3254425
65 69 3254425
65 3 3254432
65 7 3254438
65 83 3254438
65 44 3254442
65 21 3254446
65 38 3254448
65 55 3254454
66 69 3254462
66 89 3254465
66 68 3254470
66 17 3254476
66 19 3254484
66 5 3254493
66 41 3254497
66 7 3254498
66 58 3254503
66 64 3254511
66 50 3254512
66 86 3254515
66 47 3254522
66 33 3254530
66 1 3254539
66 32 3254546
66 78 3254552
66 25 3254559
66 60 3254568
66 76 3254577
66 43 3254583
66 34 3254592
66 85 3254596
66 70 3254599
66 80 3254599
66 40 3254605
66 54 3254610
66 36 3254610
66 37 3254617
66 21 3254618
66 74 3254619
66 18 3254624
66 12 3254624
66 51 3254633
66 1 3254640
66 13 3254641
66 14 3254641
66 20 3254641
66 55 3254641
66 68 3254641
66 6 3254647
66 42 3254652
66 43 3254655
66 36 3254655
66 24 3254662
66 15 3254666
66 74 3254675
66 71 3254675
66 37 3254679
66 60 3254680
66 73 3254681
66 56 3254686
66 46 3254695
66 63 3254703
66 85 3254704
66 70 3254706
66 44 3254711
66 50 3254715
66 82 3254722
66 11 3254730
66 84 3254731
66 17 3254738
66 3 3254742
66 61 3254747
66 67 3254754
66 62 3254754
66 30 3254754
66 7 3254762
66 69 3254764
66 26 3254767
66 9 3254775
67 38 3254779
67 21 3254787
67 48 3254788
67 42 3254797
67 69 3254801
67 13 3254803
67 40 3254803
67 41 3254805
67 3 3254806
67 2 3254806
67 20 3254810
67 43 3254819
67 60 3254825
67 58 3254834
67 26 3254841
67 49 3254844
67 18 3254853
67 12 3254856
67 70 3254856
67 4 3254860
67 35 3254867
67 86 3254875
67 81 3254875
67 25 3254878
67 59 3254886
67 61 3254895
67 7 3254896
67 33 3254905
67 0 3254911
67 79 3254912
67 85 3254913
67 89 3254919
67 39 3254925
67 64 3254932
67 55 3254937
67 47 3254937
67 34 3254938
67 29 3254942
67 82 3254942
67 73 3254943
67 57 3254947
67 23 3254952
67 84 3254956
67 15 3254963
67 1 3254969
67 31 3254972
67 14 3254973
67 76 3254977
67 37 3254983
67 75 3254984
67 5 3254989
67 6 3254997
67 30 3254998
67 17 3255004
67 32 3255008
67 74 3255011
67 40 3255017
67 34 3255018
67 82 3255026
67 14 3255026
67 51 3255032
67 79 3255039
67 39 3255044
67 47 3255045
67 25 3255046
67 11 3255050
67 81 3255053
67 12 3255057
67 87 3255057
67 88 3255060
67 64 3255061
67 85 3255066
67 49 3255075
67 68 3255076
67 57 3255076
67 52 3255083
67 7 3255092
67 60 3255100
67 13 3255101
67 24 3255104
67 8 3255107
67 23 3255107
67 78 3255112
67 84 3255119
67 31 3255126
67 29 3255131
67 54 3255134
67 44 3255138
67 69 3255144
67 19 3255145
67 28 3255148
67 36 3255150
67 61 3255157
67 65 3255166
67 62 3255167
67 33 3255168
67 43 3255172
67 58 3255179
67 80 3255181
67 59 3255181
67 20 3255189
67 86 3255189
68 40 3255192
68 28 3255197
68 77 3255198
68 8 3255198
68 86 3255205
68 89 3255211
68 41 3255214
68 7 3255216
68 33 3255224
68 10 3255224
68 58 3255227
68 16 3255228
68 5 3255229
68 71 3255229
68 35 3255238
68 73 3255238
68 87 3255238
68 20 3255246
68 27 3255252
68 47 3255261
68 54 3255270
68 2 3255272
68 21 3255280
68 83 3255280
68 8 3255286
68 6 3255287
68 28 3255290
68 34 3255292
68 69 3255293
68 79 3255295
68 80 3255296
68 39 3255296
68 31 3255305
68 27 3255314
68 18 3255315
68 40 3255317
68 15 3255320
68 32 3255325
68 16 3255327
68 25 3255331
68 81 3255340
68 84 3255344
68 56 3255344
68 49 3255345
68 67 3255354
68 24 3255362
69 56 3255369
69 39 3255376
69 77 3255378
69 47 3255378
69 8 3255378
69 2 3255383
69 48 3255390
69 13 3255394
69 68 3255396
69 84 3255403
69 27 3255410
69 42 3255418
69 80 3255427
69 78 3255432
69 88 3255432
69 71 3255439
69 1 3255439
69 45 3255442
69 87 3255449
69 53 3255456
69 79 3255463
69 18 3255465
69 86 3255471
69 61 3255474
69 43 3255474
69 60 3255480
69 89 3255480
69 67 3255489
69 85 3255491
69 10 3255493
69 59 3255502
69 11 3255508
69 0 3255513
69 29 3255517
69 76 3255524
69 30 3255527
69 52 3255528
69 21 3255533
69 22 3255535
69 48 3255538
69 25 3255543
69 77 3255548
69 7 3255553
69 5 3255561
69 8 3255564
69 49 3255572
69 79 3255580
69 24 3255587
69 27 3255593
69 37 3255601
69 61 3255601
69 72 3255604
69 81 3255611
69 74 3255617
69 12 3255621
69 89 3255628
69 0 3255637
69 59 3255643
69 39 3255651
69 44 3255656
69 19 3255658
69 46 3255667
69 38 3255670
69 86 3255674
69 73 3255678
69 75 3255683
69 62 3255691
69 31 3255696
69 40 3255696
69 41 3255704
69 15 3255710
69 29 3255714
69 67 3255714
69 45 3255717
69 28 3255725
70 81 3255731
70 17 3255736
70 61 3255741
70 6 3255748
70 43 3255755
70 72 3255760
70 0 3255765
70 86 3255765
70 20 3255770
70 50 3255779
70 59 3255787
70 78 3255796
70 53 3255797
70 4 3255804
70 21 3255808
70 47 3255810
70 64 3255810
70 66 3255812
70 46 3255815
70 57 3255817
70 62 3255817
70 16 3255821
70 25 3255829
70 55 3255836
70 37 3255839
70 68 3255841
70 74 3255846
70 39 3255853
70 41 3255860
70 84 3255863
70 60 3255870
70 28 3255875
70 14 3255881
70 38 3255885
70 88 3255894
70 23 3255896
70 51 3255903
70 3 3255911
70 34 3255914
70 69 3255916
70 11 3255924
70 67 3255931
70 89 3255935
70 58 3255942
70 9 3255947
70 71 3255954
70 49 3255954
70 72 3255958
70 25 3255964
70 82 3255964
70 46 3255968
70 24 3255977
70 53 3255982
70 74 3255991
70 38 3255998
70 27 3256003
70 44 3256010
70 66 3256019
70 77 3256022
70 10 3256026
70 55 3256033
70 56 3256040
70 88 3256048
70 71 3256051
70 86 3256054
70 13 3256057
70 30 3256065
70 12 3256068
70 3 3256076
70 6 3256077
70 18 3256077
70 85 3256086
70 57 3256086
70 9 3256088
70 29 3256096
70 79 3256104
70 26 3256106
70 65 3256107
70 81 3256112
70 36 3256113
70 60 3256117
70 73 3256122
70 21 3256127
70 22 3256130
70 35 3256132
70 47 3256132
70 2 3256136
70 17 3256136
70 42 3256140
70 49 3256149
70 32 3256151
71 54 3256160
71 43 3256160
71 24 3256166
71 15 3256172
71 9 3256172
71 60 3256176
71 59 3256176
71 89 3256184
71 35 3256188
71 26 3256193
71 70 3256200
71 84 3256207
71 63 3256213
71 88 3256220
71 32 3256221
71 19 3256228
71 73 3256231
71 51 3256234
71 11 3256238
71 37 3256239
71 41 3256248
71 22 3256255
71 25 3256260
71 10 3256264
71 1 3256271
71 79 3256278
71 65 3256286
71 30 3256293
71 49 3256299
71 65 3256304
71 69 3256308
71 16 3256312
71 38 3256312
71 13 3256321
71 17 3256323
71 60 3256329
71 34 3256329
71 3 3256338
71 10 3256338
71 81 3256347
71 61 3256347
71 14 3256347
71 80 3256350
71 62 3256352
71 79 3256359
71 57 3256359
71 64 3256364
71 35 3256366
71 88 3256374
71 83 3256379
71 22 3256382
71 15 3256391
71 8 3256398
71 51 3256404
71 2 3256408
71 72 3256414
71 75 3256420
71 18 3256426
71 44 3256433
72 18 3256436
72 44 3256438
72 33 3256442
72 75 3256450
72 77 3256450
72 3 3256456
72 16 3256458
72 66 3256461
72 83 3256461
72 30 3256467
73 32 3256467
73 70 3256474
73 13 3256482
73 81 3256482
73 67 3256483
73 85 3256486
73 53 3256494
73 0 3256502
73 38 3256509
73 42 3256514
73 16 3256518
73 72 3256526
73 63 3256528
73 84 3256537
73 6 3256541
73 74 3256549
73 23 3256556
73 59 3256562
73 9 3256570
73 37 3256577
73 72 3256579
73 85 3256581
73 52 3256585
73 21 3256588
73 38 3256594
73 31 3256596
73 49 3256599
73 2 3256604
73 77 3256612
73 64 3256618
74 46 3256626
74 7 3256631
74 35 3256640
74 14 3256642
74 36 3256650
74 87 3256653
74 30 3256654
74 79 3256657
74 64 3256664
74 41 3256672
74 70 3256674
75 72 3256681
75 59 3256682
75 64 3256689
75 66 3256693
75 23 3256697
75 44 3256706
75 69 3256711
75 15 3256715
75 21 3256718
75 63 3256724
75 3 3256728
75 56 3256736
75 11 3256739
75 19 3256748
75 25 3256749
75 12 3256757
75 71 3256760
75 1 3256765
75 10 3256774
75 81 3256778
75 35 3256781
75 57 3256781
75 88 3256782
75 6 3256782
75 26 3256782
75 36 3256788
75 53 3256789
75 32 3256796
75 18 3256801
75 77 3256810
75 40 3256810
75 51 3256819
75 85 3256823
75 33 3256823
75 16 3256823
75 4 3256824
75 13 3256824
75 49 3256831
75 20 3256833
75 7 3256835
75 58 3256842
75 78 3256846
75 60 3256852
75 68 3256858
75 48 3256862
75 61 3256869
75 24 3256869
75 82 3256870
75 38 3256875
75 47 3256884
75 70 3256891
75 74 3256893
75 88 3256896
75 30 3256903
75 71 3256908
75 46 3256916
75 65 3256918
75 56 3256921
75 63 3256923
75 32 3256927
75 59 3256930
75 21 3256931
75 6 3256935
75 1 3256937
75 41 3256946
75 2 3256947
75 53 3256951
75 69 3256960
75 34 3256968
75 42 3256969
75 4 3256969
75 28 3256978
75 48 3256981
75 82 3256982
75 36 3256990
75 49 3256999
75 24 3257004
75 16 3257013
75 57 3257021
75 8 3257029
75 13 3257033
75 22 3257033
75 52 3257034
75 43 3257043
75 84 3257044
75 3 3257051
75 31 3257060
75 23 3257060
75 7 3257063
75 10 3257068
75 64 3257069
75 73 3257077
75 45 3257077
75 12 3257084
75 18 3257092
75 58 3257093
75 62 3257101
75 39 3257104
76 71 3257111
76 9 3257119
76 32 3257123
76 52 3257128
76 2 3257134
76 68 3257141
76 24 3257145
76 40 3257151
76 83 3257151
76 67 3257156
76 28 3257165
76 64 3257166
76 17 3257174
76 69 3257180
76 23 3257185
76 4 3257189
76 78 3257194
76 37 3257199
76 89 3257202
76 27 3257209
76 39 3257212
76 50 3257221
76 49 3257223
76 43 3257223
76 81 3257226
76 62 3257226
76 77 3257235
76 82 3257243
76 8 3257252
76 13 3257257
76 12 3257265
76 26 3257266
76 3 3257269
76 72 3257274
76 61 3257275
76 14 3257277
76 18 3257283
76 33 3257288
76 73 3257290
76 38 3257297
76 65 3257301
76 35 3257309
76 51 3257311
76 46 3257314
76 11 3257321
76 59 3257323
76 10 3257326
76 48 3257328
76 57 3257329
76 7 3257333
76 25 3257342
76 63 3257342
76 86 3257343
76 5 3257347
76 36 3257352
76 44 3257352
76 88 3257359
76 50 3257362
76 77 3257364
76 63 3257366
76 61 3257370
76 24 3257371
76 3 3257376
76 10 3257383
76 62 3257392
76 28 3257398
76 41 3257402
76 55 3257410
76 15 3257412
76 4 3257415
76 48 3257420
76 66 3257425
76 12 3257430
76 30 3257435
76 7 3257436
76 59 3257437
76 42 3257442
76 69 3257444
76 33 3257447
76 39 3257452
76 47 3257457
76 75 3257461
76 27 3257470
76 37 3257475
76 38 3257479
76 36 3257485
76 81 3257485
76 85 3257493
76 17 3257494
76 46 3257496
76 60 3257496
76 84 3257498
76 79 3257501
76 18 3257507
76 22 3257515
76 21 3257520
76 31 3257523
76 34 3257531
76 54 3257537
76 6 3257543
76 40 3257545
76 20 3257551
76 14 3257556
76 25 3257560
76 32 3257568
76 72 3257573
76 68 3257575
76 64 3257583
76 43 3257587
76 19 3257592
76 1 3257595
76 87 3257597
77 57 3257605
77 48 3257605
77 76 3257605
77 60 3257606
77 16 3257609
77 75 3257612
77 33 3257620
77 7 3257628
77 14 3257633
77 30 3257642
77 21 3257651
77 65 3257660
77 13 3257668
77 22 3257668
77 11 3257675
77 74 3257675
77 5 3257680
77 10 3257683
77 37 3257685
77 46 3257688
77 36 3257690
77 8 3257691
77 72 3257696
77 89 3257702
77 52 3257702
77 15 3257707
77 41 3257709
77 55 3257713
77 83 3257722
77 56 3257728
77 86 3257731
77 58 3257740
77 6 3257743
77 27 3257745
77 9 3257752
77 82 3257759
77 26 3257766
77 80 3257766
77 23 3257773
77 88 3257774
77 81 3257778
77 84 3257787
77 71 3257794
77 69 3257800
77 1 3257800
77 3 3257803
77 64 3257805
77 68 3257806
77 56 3257814
77 52 3257814
77 69 3257816
77 26 3257822
77 82 3257829
77 39 3257836
77 72 3257845
77 54 3257850
77 68 3257855
77 81 3257856
77 78 3257862
77 24 3257863
77 20 3257872
77 41 3257875
77 37 3257879
77 3 3257881
77 44 3257882
77 35 3257884
77 28 3257885
77 59 3257892
77 53 3257892
77 83 3257892
77 51 3257901
77 21 3257903
77 67 3257912
77 40 3257913
77 18 3257915
77 55 3257923
77 13 3257924
77 16 3257929
77 64 3257932
77 46 3257933
77 70 3257939
77 88 3257943
77 86 3257944
77 15 3257944
77 9 3257946
77 73 3257948
77 0 3257955
77 48 3257957
77 50 3257963
77 25 3257967
77 87 3257970
77 10 3257970
77 60 3257976
77 71 3257977
78 75 3257984
78 3 3257993
78 13 3257999
78 72 3258003
78 46 3258005
78 62 3258013
78 53 3258016
78 41 3258017
78 10 3258022
78 43 3258026
78 77 3258032
78 54 3258035
78 76 3258035
78 5 3258035
78 89 3258042
78 70 3258044
78 84 3258045
78 20 3258045
78 87 3258047
78 35 3258055
78 28 3258063
78 80 3258068
78 66 3258074
78 50 3258080
78 12 3258084
78 21 3258084
78 67 3258092
78 80 3258099
78 89 3258100
78 41 3258108
78 17 3258110
78 58 3258117
78 79 3258118
78 71 3258125
78 38 3258126
78 57 3258133
78 4 3258136
78 55 3258136
78 23 3258139
78 64 3258148
78 54 3258152
78 66 3258154
78 19 3258155
78 56 3258157
78 33 3258161
78 59 3258166
78 25 3258172
78 67 3258178
78 6 3258184
78 3 3258189
78 7 3258197
78 73 3258206
78 16 3258209
79 75 3258215
79 30 3258222
79 5 3258224
79 10 3258225
79 3 3258232
79 86 3258233
79 26 3258235
79 1 3258239
79 56 3258239
79 63 3258247
79 39 3258249
79 2 3258257
79 65 3258264
79 89 3258268
79 10 3258274
79 33 3258275
79 13 3258283
79 75 3258288
79 9 3258297
79 35 3258303
79 52 3258304
79 30 3258309
80 83 3258310
80 38 3258310
80 44 3258318
80 51 3258326
80 72 3258335
80 65 3258336
80 30 3258338
80 82 3258345
80 55 3258348
80 42 3258351
80 70 3258359
80 64 3258360
80 63 3258360
80 74 3258366
80 89 3258372
80 56 3258373
80 14 3258381
80 77 3258386
81 78 3258393
81 61 3258396
81 11 3258398
81 75 3258401
81 69 3258403
81 88 3258406
81 5 3258414
81 70 3258416
81 36 3258418
81 85 3258425
81 87 3258426
81 56 3258426
81 38 3258432
81 33 3258440
81 58 3258442
81 50 3258445
81 73 3258447
81 21 3258453
81 83 3258456
81 66 3258465
81 15 3258465
81 29 3258471
81 35 3258478
81 76 3258483
81 53 3258490
81 43 3258499
81 49 3258507
81 38 3258516
81 10 3258524
81 52 3258530
81 12 3258533
81 84 3258540
81 7 3258541
81 85 3258549
81 8 3258554
81 21 3258561
81 74 3258569
81 26 3258576
81 68 3258577
81 79 3258585
81 40 3258592
81 66 3258601
81 0 3258607
81 34 3258613
81 17 3258613
81 57 3258619
81 33 3258623
81 41 3258625
82 76 3258631
82 65 3258632
82 41 3258634
82 70 3258638
82 1 3258646
82 35 3258655
82 36 3258661
82 29 3258665
82 12 3258672
82 24 3258672
82 39 3258675
82 16 3258678
82 57 3258681
82 69 3258681
82 79 3258688
82 58 3258695
82 55 3258695
82 67 3258697
82 53 3258705
82 10 3258705
82 59 3258713
82 28 3258713
82 32 3258714
82 87 3258720
82 33 3258727
82 61 3258728
82 20 3258736
82 64 3258744
82 8 3258751
82 47 3258756
82 52 3258763
82 85 3258772
82 48 3258772
82 11 3258772
82 71 3258781
82 80 3258784
82 40 3258793
82 31 3258798
82 2 3258804
82 83 3258807
82 27 3258808
82 30 3258814
82 88 3258821
82 51 3258828
82 42 3258836
82 17 3258838
82 72 3258838
82 4 3258841
82 46 3258850
82 22 3258856
82 77 3258858
82 15 3258867
82 7 3258875
82 44 3258881
82 60 3258888
82 9 3258896
82 21 3258899
82 18 3258900
82 42 3258902
82 53 3258904
82 80 3258909
82 55 3258918
82 73 3258927
82 26 3258931
82 3 3258935
82 7 3258935
82 31 3258942
82 62 3258951
82 37 3258958
82 23 3258966
82 21 3258972
82 60 3258980
82 74 3258980
82 51 3258986
82 52 3258990
82 11 3258994
82 59 3259002
82 54 3259006
82 77 3259008
82 79 3259009
82 67 3259017
82 43 3259025
82 5 3259032
82 4 3259039
82 65 3259041
82 88 3259042
82 49 3259048
82 18 3259051
82 85 3259056
82 39 3259065
82 45 3259066
82 40 3259072
82 20 3259080
82 41 3259080
82 19 3259080
82 86 3259085
82 1 3259089
82 38 3259094
82 16 3259103
82 72 3259103
82 66 3259104
82 63 3259105
82 68 3259107
82 76 3259109
82 27 3259111
82 46 3259116
82 78 3259119
82 34 3259123
82 32 3259128
82 81 3259134
82 25 3259141
82 50 3259142
82 17 3259146
82 14 3259147
82 28 3259148
82 35 3259152
82 13 3259158
82 29 3259166
83 63 3259168
83 50 3259169
83 24 3259175
83 42 3259177
83 23 3259179
83 39 3259185
83 15 3259194
83 22 3259195
83 60 3259197
83 68 3259201
83 40 3259203
83 30 3259210
83 81 3259211
83 20 3259218
83 11 3259226
83 61 3259230
83 41 3259234
83 88 3259241
83 72 3259243
83 80 3259248
83 26 3259249
83 3 3259250
83 10 3259256
83 32 3259258
83 0 3259261
83 27 3259264
83 19 3259264
83 6 3259264
83 85 3259267
83 18 3259267
83 43 3259269
83 8 3259270
83 74 3259270
83 23 3259272
83 37 3259278
83 45 3259278
83 39 3259281
83 73 3259282
83 34 3259290
83 60 3259299
83 75 3259300
83 9 3259303
83 4 3259304
83 38 3259311
83 41 3259317
83 77 3259322
83 21 3259329
83 28 3259336
83 58 3259339
83 57 3259348
83 17 3259357
83 12 3259361
83 62 3259369
83 32 3259376
83 87 3259382
83 16 3259382
83 40 3259391
83 59 3259398
83 68 3259398
83 14 3259406
83 47 3259410
84 19 3259413
84 60 3259419
84 23 3259420
84 48 3259427
84 57 3259429
84 17 3259435
84 89 3259440
84 43 3259442
84 55 3259446
84 4 3259451
84 5 3259454
84 2 3259459
84 15 3259467
84 3 3259470
84 13 3259476
84 44 3259484
84 7 3259484
84 51 3259484
84 0 3259485
84 74 3259491
84 58 3259496
84 35 3259499
84 52 3259502
84 36 3259508
84 38 3259510
84 85 3259514
84 77 3259514
84 40 3259515
84 88 3259524
84 73 3259526
84 81 3259531
84 53 3259537
84 6 3259538
84 63 3259538
84 33 3259544
84 69 3259544
84 76 3259544
84 29 3259551
84 54 3259557
84 41 3259565
84 83 3259569
84 46 3259572
84 34 3259575
84 70 3259575
84 12 3259584
84 31 3259588
84 47 3259592
84 74 3259595
84 56 3259598
84 88 3259598
84 0 3259601
84 70 3259602
84 10 3259607
84 15 3259612
84 65 3259619
84 53 3259621
84 29 3259625
84 75 3259628
84 11 3259630
84 72 3259634
84 80 3259642
84 76 3259647
84 54 3259648
84 23 3259655
84 9 3259660
84 55 3259662
84 67 3259662
84 19 3259664
84 77 3259670
84 7 3259671
84 28 3259672
84 69 3259680
84 51 3259684
84 8 3259685
84 41 3259690
84 85 3259692
84 5 3259694
84 73 3259698
84 1 3259705
84 57 3259708
84 50 3259711
84 34 3259714
84 61 3259717
84 40 3259718
84 49 3259722
84 24 3259723
84 31 3259725
84 46 3259730
84 58 3259733
84 21 3259733
84 63 3259737
84 13 3259741
84 26 3259746
84 12 3259753
84 2 3259759
84 30 3259766
85 48 3259766
85 80 3259775
85 74 3259783
85 56 3259787
85 21 3259791
85 25 3259794
85 87 3259796
85 2 3259800
85 33 3259807
85 38 3259816
85 66 3259824
85 30 3259829
85 0 3259835
85 88 3259835
85 36 3259843
85 26 3259852
85 20 3259857
85 67 3259864
85 46 3259865
85 64 3259867
85 50 3259873
85 84 3259875
85 13 3259880
85 71 3259881
85 23 3259881
85 24 3259889
85 32 3259891
85 82 3259897
85 63 3259899
85 52 3259900
85 73 3259908
85 41 3259908
85 42 3259912
85 55 3259915
85 49 3259922
85 78 3259928
85 18 3259930
85 29 3259930
85 6 3259938
85 83 3259946
85 37 3259953
85 69 3259956
85 14 3259957
85 28 3259958
85 57 3259964
85 47 3259969
85 54 3259972
85 3 3259975
85 4 3259976
85 51 3259985
85 61 3259985
85 86 3259993
85 34 3260001
85 12 3260004
85 8 3260007
85 66 3260013
85 81 3260017
85 39 3260026
85 55 3260030
85 46 3260038
85 50 3260047
85 62 3260056
85 41 3260058
85 58 3260067
85 73 3260073
85 11 3260073
85 52 3260079
85 0 3260084
85 60 3260084
85 17 3260090
85 64 3260093
85 7 3260096
85 22 3260096
85 68 3260102
85 78 3260111
85 76 3260111
85 38 3260120
85 44 3260126
85 71 3260126
85 75 3260128
85 89 3260128
85 24 3260134
85 84 3260141
85 83 3260142
85 53 3260142
85 86 3260147
85 26 3260151
85 19 3260157
85 79 3260160
85 47 3260163
85 28 3260166
85 37 3260169
85 36 3260172
85 25 3260177
85 72 3260182
85 21 3260187
85 9 3260190
85 13 3260196
85 1 3260198
85 67 3260205
85 87 3260211
85 35 3260218
85 10 3260226
85 33 3260234
85 4 3260241
86 84 3260248
86 60 3260255
86 13 3260261
86 38 3260266
86 3 3260268
86 56 3260272
86 36 3260280
86 77 3260283
86 49 3260286
86 58 3260293
86 41 3260296
86 17 3260304
86 31 3260309
86 85 3260314
86 32 3260320
86 8 3260324
86 55 3260330
86 69 3260335
86 11 3260336
86 22 3260344
86 59 3260346
86 27 3260351
86 20 3260358
86 68 3260361
86 7 3260368
86 75 3260368
86 45 3260369
86 52 3260369
86 79 3260376
86 74 3260381
86 4 3260382
86 63 3260385
86 57 3260391
86 6 3260392
86 24 3260400
86 43 3260404
86 26 3260405
86 23 3260414
86 83 3260420
86 82 3260420
86 51 3260426
86 2 3260431
86 71 3260439
86 72 3260442
86 62 3260443
86 30 3260452
86 16 3260461
86 10 3260461
86 14 3260467
86 89 3260472
86 53 3260474
86 64 3260480
86 25 3260482
86 12 3260482
86 5 3260491
86 88 3260492
86 80 3260494
86 20 3260501
86 11 3260501
86 37 3260508
86 28 3260509
86 77 3260513
86 46 3260514
86 60 3260516
86 18 3260521
86 56 3260530
86 75 3260535
86 73 3260544
86 87 3260552
86 50 3260554
86 39 3260557
86 29 3260563
86 62 3260571
86 55 3260577
86 27 3260580
86 66 3260589
86 59 3260598
86 40 3260605
86 7 3260611
86 38 3260615
86 24 3260617
86 3 3260618
86 15 3260623
86 63 3260631
86 10 3260634
86 16 3260641
86 89 3260646
86 33 3260648
86 2 3260649
86 22 3260657
86 34 3260665
86 12 3260672
86 30 3260679
86 14 3260686
86 53 3260691
86 81 3260698
86 64 3260702
86 71 3260709
86 68 3260716
86 52 3260721
86 42 3260728
86 76 3260736
86 54 3260737
86 35 3260743
86 45 3260752
87 53 3260755
87 27 3260755
87 30 3260762
87 28 3260771
87 7 3260773
87 64 3260774
87 85 3260778
87 63 3260782
87 40 3260782
87 20 3260782
87 44 3260785
87 47 3260786
87 89 3260788
87 45 3260789
87 42 3260789
87 57 3260790
87 49 3260797
87 32 3260803
87 71 3260806
87 50 3260812
87 36 3260819
87 10 3260820
87 0 3260821
87 78 3260827
87 75 3260828
87 79 3260829
87 14 3260829
87 83 3260833
87 52 3260839
87 43 3260843
87 56 3260844
87 22 3260852
87 52 3260858
87 4 3260867
87 53 3260874
87 9 3260883
87 84 3260884
87 62 3260889
87 38 3260896
87 37 3260897
87 27 3260900
87 80 3260902
87 58 3260906
87 73 3260907
87 20 3260912
87 24 3260912
87 49 3260914
87 36 3260922
87 85 3260925
87 54 3260933
87 70 3260937
87 28 3260944
87 41 3260953
87 29 3260953
87 15 3260962
87 35 3260967
87 8 3260973
87 17 3260976
87 33 3260978
87 89 3260979
87 66 3260986
87 6 3260989
88 69 3260997
88 43 3260998
88 20 3261003
88 51 3261010
88 16 3261016
88 32 3261018
88 84 3261018
88 31 3261027
88 15 3261028
88 53 3261029
88 76 3261036
88 75 3261036
88 19 3261041
88 26 3261045
88 63 3261047
88 64 3261050
88 17 3261057
88 52 3261057
88 40 3261066
88 46 3261070
88 83 3261072
88 27 3261076
88 42 3261081
88 35 3261083
88 65 3261091
88 39 3261096
88 59 3261100
88 73 3261106
88 29 3261113
88 80 3261116
88 89 3261122
88 9 3261130
88 68 3261133
88 13 3261135
88 38 3261141
88 36 3261146
88 72 3261155
88 22 3261164
88 87 3261166
88 23 3261167
88 8 3261170
88 28 3261170
88 55 3261179
88 74 3261184
88 18 3261189
88 48 3261190
88 79 3261191
88 77 3261191
88 4 3261192
88 86 3261195
88 78 3261201
88 41 3261205
88 2 3261214
88 47 3261214
88 11 3261216
88 48 3261218
88 1 3261226
88 0 3261234
88 5 3261236
88 74 3261245
88 55 3261245
88 44 3261253
88 21 3261255
88 24 3261256
88 61 3261258
88 3 3261261
88 59 3261261
88 71 3261265
88 32 3261270
88 16 3261273
88 23 3261279
88 33 3261282
88 76 3261289
88 50 3261297
88 34 3261300
88 20 3261304
88 47 3261305
88 28 3261305
88 54 3261305
88 72 3261311
88 53 3261312
88 65 3261312
88 19 3261321
88 87 3261324
88 77 3261325
88 31 3261332
88 57 3261336
88 69 3261342
88 30 3261344
88 9 3261345
88 38 3261351
88 42 3261358
88 68 3261367
88 79 3261367
88 22 3261372
88 60 3261372
88 86 3261381
88 2 3261388
88 66 3261397
88 7 3261405
88 75 3261409
88 51 3261415
88 64 3261424
88 29 3261429
88 18 3261434
88 40 3261434
88 83 3261434
88 41 3261434
88 43 3261443
89 84 3261444
89 56 3261447
89 60 3261447
89 42 3261455
89 4 3261459
89 13 3261463
89 81 3261467
89 33 3261473
89 47 3261474
89 51 3261481
89 53 3261487
89 7 3261493
89 59 3261502
89 0 3261502
89 49 3261507
89 43 3261512
89 50 3261516
89 37 3261518
89 22 3261523
89 6 3261531
89 30 3261533
89 29 3261540
89 5 3261545
89 14 3261553
89 39 3261554
89 34 3261559
89 70 3261559
89 55 3261559
89 11 3261564
89 62 3261564
89 12 3261570
89 38 3261572
89 27 3261576
89 3 3261579
89 85 3261585
89 44 3261587
89 63 3261588
89 66 3261590
89 78 3261598
89 20 3261606
89 72 3261609
89 54 3261616
89 68 3261618
89 83 3261626
89 36 3261635
89 61 3261635
89 9 3261640
89 48 3261643
89 41 3261651
89 35 3261654
89 19 3261661
89 74 3261665
89 57 3261674
89 77 3261679
89 58 3261688
89 28 3261690
89 24 3261697
89 8 3261706
89 17 3261715
89 18 3261719
89 5 3261726
89 61 3261727
89 46 3261735
89 74 3261737
89 25 3261740
89 7 3261746
89 83 3261752
89 85 3261752
89 87 3261756
89 37 3261764
89 42 3261768
89 44 3261768
89 33 3261769
89 50 3261770
89 88 3261777
89 68 3261778
89 62 3261782
89 49 3261790
89 76 3261795
89 11 3261798
89 0 3261799
89 66 3261800
89 60 3261801
89 4 3261806
89 58 3261812
89 69 3261812
89 56 3261814
89 81 3261819
89 9 3261821
89 72 3261828
89 77 3261837
89 78 3261841
89 23 3261844
89 22 3261846
89 71 3261847
89 63 3261849
89 47 3261853
89 84 3261853
89 6 3261861
89 79 3261868
89 82 3261874
89 48 3261881
89 41 3261888
89 34 3261891
89 67 3261895
89 54 3261895
89 75 3261895
89 32 3261898
89 38 3261900
