91
true
0 74 3342514
0 86 3342521
0 69 3342521
0 87 3342522
0 38 3342526
0 16 3342528
0 29 3342531
0 31 3342532
0 9 3342538
0 59 3342538
0 54 3342543
0 22 3342545
0 65 3342553
0 42 3342558
0 50 3342561
0 3 3342568
0 13 3342570
0 33 3342577
0 12 3342586
0 8 3342593
0 51 3342600
0 72 3342607
0 70 3342608
0 15 3342614
0 68 3342621
0 37 3342627
0 66 3342633
0 90 3342633
0 63 3342641
0 83 3342650
0 45 3342659
0 15 3342666
0 62 3342670
0 80 3342673
0 53 3342682
0 34 3342690
0 59 3342693
0 17 3342693
0 57 3342693
0 33 3342698
0 44 3342705
0 40 3342711
0 21 3342717
0 60 3342717
0 48 3342722
0 5 3342729
0 38 3342729
0 18 3342732
0 9 3342734
0 32 3342738
0 4 3342745
0 43 3342753
0 39 3342756
1 51 3342762
1 69 3342766
1 9 3342769
1 49 3342769
1 19 3342776
1 82 3342784
1 66 3342786
1 27 3342793
1 31 3342798
1 52 3342800
1 39 3342807
1 68 3342812
1 63 3342815
1 32 3342818
1 23 3342826
1 22 3342835
1 65 3342835
1 81 3342840
1 25 3342845
1 59 3342852
1 67 3342861
1 53 3342868
1 72 3342876
1 13 3342885
1 35 3342892
1 61 3342892
1 55 3342899
1 24 3342907
1 3 3342912
1 57 3342912
1 15 3342921
1 54 3342929
1 89 3342929
1 34 3342934
1 77 3342937
1 17 3342943
1 83 3342944
1 56 3342952
1 46 3342958
1 33 3342962
1 58 3342970
1 36 3342970
1 44 3342970
1 42 3342970
1 86 3342977
1 40 3342983
1 12 3342984
1 63 3342989
1 38 3342990
1 68 3342993
1 50 3342995
1 82 3343000
1 83 3343002
1 31 3343002
1 87 3343009
1 47 3343016
1 42 3343023
1 59 3343023
1 22 3343031
1 26 3343036
1 32 3343041
1 55 3343041
1 76 3343041
1 16 3343046
1 89 3343053
1 80 3343055
1 65 3343062
1 85 3343071
1 29 3343072
1 51 3343081
1 73 3343083
1 39 3343091
1 21 3343092
1 66 3343093
1 33 3343102
1 23 3343108
1 12 3343113
1 60 3343118
1 52 3343119
1 5 3343126
1 35 3343128
1 64 3343133
1 79 3343138
1 45 3343143
1 71 3343151
1 88 3343155
1 78 3343155
1 8 3343159
1 44 3343164
1 6 3343172
2 59 3343179
2 68 3343186
2 45 3343193
2 78 3343201
2 64 3343202
2 81 3343209
2 89 3343209
2 37 3343210
2 18 3343214
2 51 3343215
2 19 3343220
2 28 3343228
2 44 3343229
2 39 3343237
2 14 3343238
2 57 3343244
2 66 3343252
2 85 3343256
2 76 3343264
2 75 3343270
2 23 3343276
2 0 3343281
2 35 3343281
2 46 3343290
2 60 3343296
2 52 3343300
2 1 3343303
2 25 3343310
2 42 3343311
2 12 3343317
2 31 3343317
2 67 3343321
2 36 3343322
2 54 3343331
2 30 3343338
2 4 3343344
2 3 3343350
2 23 3343354
2 36 3343363
2 10 3343363
2 75 3343363
2 4 3343370
2 79 3343370
2 12 3343378
2 71 3343378
2 5 3343381
2 86 3343387
2 24 3343391
2 31 3343399
2 22 3343400
2 82 3343405
2 0 3343410
2 41 3343419
2 66 3343420
2 87 3343421
2 80 3343427
2 32 3343435
2 89 3343436
2 44 3343439
2 54 3343447
2 21 3343452
2 28 3343458
2 30 3343458
2 60 3343458
2 47 3343467
2 77 3343470
2 29 3343478
2 84 3343479
2 85 3343483
2 57 3343491
3 55 3343492
3 24 3343499
3 39 3343507
3 49 3343515
3 54 3343519
3 15 3343523
3 63 3343524
3 8 3343524
3 17 3343527
3 30 3343533
3 38 3343541
3 68 3343543
3 48 3343550
3 14 3343557
3 18 3343558
3 10 3343561
3 47 3343570
3 72 3343578
3 51 3343580
3 43 3343583
3 28 3343586
3 70 3343589
3 2 3343592
3 23 3343600
3 56 3343608
3 20 3343616
3 59 3343619
3 53 3343619
3 78 3343623
3 46 3343630
3 75 3343636
3 19 3343641
3 29 3343641
3 71 3343649
3 87 3343649
3 66 3343652
3 37 3343659
3 13 3343659
3 25 3343665
3 41 3343669
3 4 3343669
3 9 3343673
3 62 3343679
3 22 3343681
3 60 3343690
3 9 3343692
3 28 3343698
3 1 3343700
3 68 3343706
3 89 3343707
3 34 3343716
3 41 3343721
3 80 3343723
3 43 3343728
3 58 3343733
3 24 3343736
3 7 3343741
3 29 3343745
3 46 3343749
3 77 3343757
3 71 3343765
3 36 3343774
3 84 3343780
3 87 3343782
3 75 3343788
3 30 3343797
3 8 3343804
3 63 3343806
3 6 3343809
3 23 3343810
3 35 3343816
3 0 3343825
3 47 3343832
3 88 3343838
3 70 3343839
3 53 3343848
3 19 3343848
3 54 3343851
3 90 3343858
3 83 3343858
3 17 3343859
3 27 3343866
3 33 3343867
3 44 3343876
3 4 3343883
3 5 3343892
3 14 3343898
3 66 3343902
3 20 3343907
3 78 3343913
3 16 3343919
3 50 3343922
3 52 3343925
3 12 3343934
4 39 3343941
4 63 3343945
4 45 3343947
4 77 3343955
4 37 3343963
4 27 3343963
4 75 3343967
4 66 3343974
4 67 3343976
4 41 3343984
4 21 3343993
4 36 3343996
4 3 3343999
4 28 3344007
4 71 3344008
4 40 3344009
4 43 3344011
4 53 3344012
4 19 3344020
4 7 3344029
4 32 3344031
4 24 3344038
4 44 3344041
4 78 3344041
4 22 3344046
4 0 3344054
4 85 3344055
4 23 3344058
4 87 3344061
4 16 3344069
4 56 3344072
4 89 3344080
4 84 3344083
4 47 3344084
4 18 3344084
4 46 3344092
4 49 3344101
4 25 3344103
4 51 3344108
4 68 3344117
4 33 3344120
4 59 3344122
4 60 3344124
4 80 3344129
4 58 3344135
4 55 3344142
4 86 3344142
4 6 3344144
4 25 3344152
4 83 3344159
4 87 3344163
4 69 3344167
4 70 3344176
4 48 3344181
4 42 3344189
4 77 3344194
4 14 3344195
4 49 3344202
4 89 3344207
4 35 3344207
4 56 3344214
4 88 3344214
4 59 3344216
4 41 3344221
4 54 3344226
4 82 3344232
4 79 3344240
4 65 3344245
4 72 3344248
4 20 3344256
4 73 3344258
4 22 3344262
4 62 3344266
4 39 3344267
4 68 3344267
4 44 3344276
4 30 3344281
4 17 3344282
4 31 3344284
4 3 3344291
4 55 3344298
4 61 3344306
4 81 3344312
4 13 3344318
4 85 3344318
4 19 3344324
4 7 3344331
4 26 3344335
4 1 3344338
4 38 3344343
4 57 3344350
4 27 3344355
5 17 3344359
5 40 3344366
5 83 3344366
5 7 3344369
5 16 3344375
5 20 3344378
5 33 3344379
5 31 3344383
5 51 3344386
5 6 3344394
5 89 3344397
5 34 3344400
5 36 3344407
5 21 3344415
5 41 3344418
5 25 3344418
5 66 3344422
5 42 3344426
5 85 3344433
5 14 3344434
5 38 3344440
5 90 3344447
5 50 3344448
5 60 3344457
5 38 3344463
5 21 3344464
5 27 3344467
5 70 3344475
5 54 3344475
5 14 3344479
5 81 3344482
5 23 3344485
5 26 3344486
5 17 3344495
5 31 3344501
5 33 3344510
5 75 3344510
5 79 3344518
5 62 3344527
5 22 3344536
5 44 3344537
5 82 3344541
5 10 3344543
5 84 3344552
5 7 3344557
5 69 3344564
5 50 3344570
5 47 3344578
5 18 3344583
5 34 3344586
5 12 3344590
5 1 3344593
6 80 3344596
6 78 3344597
6 17 3344597
6 45 3344602
6 59 3344607
6 87 3344614
6 36 3344615
6 54 3344619
6 2 3344627
6 19 3344632
6 63 3344636
6 76 3344644
6 57 3344652
6 12 3344660
6 53 3344667
6 58 3344673
6 60 3344677
6 31 3344684
6 61 3344686
6 83 3344689
6 44 3344692
6 8 3344696
6 25 3344700
6 67 3344704
6 13 3344707
6 14 3344711
6 26 3344716
6 29 3344720
6 5 3344722
6 22 3344723
6 81 3344732
6 3 3344737
6 56 3344740
6 68 3344745
6 7 3344749
6 4 3344752
6 35 3344754
6 69 3344759
6 62 3344762
6 30 3344767
6 41 3344770
6 8 3344777
6 15 3344778
6 52 3344778
6 65 3344784
6 40 3344792
6 28 3344798
6 64 3344803
6 86 3344805
6 50 3344812
6 81 3344819
6 26 3344821
6 73 3344829
6 27 3344835
6 68 3344839
6 39 3344842
6 22 3344846
6 16 3344850
6 56 3344853
6 32 3344862
6 82 3344869
6 69 3344873
6 77 3344876
6 72 3344885
6 7 3344886
6 58 3344895
6 11 3344897
6 35 3344900
6 76 3344904
6 3 3344906
6 83 3344911
6 71 3344912
6 44 3344915
6 4 3344924
6 84 3344931
6 29 3344937
6 90 3344946
6 19 3344952
6 57 3344961
6 10 3344964
6 79 3344973
6 49 3344973
7 15 3344975
7 16 3344983
7 58 3344990
7 74 3344994
7 22 3345001
7 26 3345007
7 67 3345015
7 77 3345016
7 12 3345018
7 25 3345019
7 45 3345026
7 31 3345029
7 57 3345034
7 75 3345043
7 21 3345050
7 90 3345056
7 89 3345065
7 35 3345069
7 8 3345071
7 2 3345074
7 81 3345082
7 23 3345085
7 66 3345091
7 84 3345100
7 52 3345108
8 7 3345114
8 47 3345122
8 48 3345131
8 42 3345138
8 4 3345142
8 39 3345151
8 15 3345155
8 89 3345158
8 20 3345159
8 73 3345159
8 45 3345167
8 30 3345167
8 85 3345167
8 25 3345174
8 59 3345177
8 17 3345184
8 88 3345184
8 61 3345191
8 10 3345191
8 5 3345198
8 79 3345205
8 29 3345209
8 19 3345215
8 55 3345218
8 27 3345221
8 67 3345225
8 72 3345226
8 90 3345235
8 40 3345236
8 52 3345242
8 82 3345248
8 54 3345257
8 32 3345262
8 76 3345269
8 26 3345278
8 16 3345278
8 80 3345280
8 3 3345284
8 22 3345285
8 2 3345292
8 28 3345293
8 59 3345296
8 0 3345296
8 67 3345300
8 74 3345302
8 26 3345303
8 79 3345306
8 6 3345313
8 32 3345320
8 49 3345324
8 88 3345326
8 18 3345331
8 10 3345337
8 30 3345343
8 77 3345348
8 23 3345356
8 51 3345361
8 78 3345365
8 52 3345373
8 82 3345379
8 70 3345380
8 83 3345389
8 39 3345397
8 17 3345399
8 14 3345403
8 5 3345409
8 76 3345418
8 46 3345422
8 68 3345425
8 3 3345425
8 90 3345434
8 85 3345443
8 27 3345444
8 72 3345452
8 4 3345455
8 19 3345464
8 35 3345469
8 56 3345473
9 14 3345477
9 78 3345482
9 29 3345491
9 84 3345499
10 74 3345500
10 65 3345507
10 64 3345514
10 7 3345520
10 30 3345528
10 81 3345537
10 70 3345537
10 46 3345539
10 89 3345546
10 84 3345552
10 17 3345552
10 11 3345555
10 79 3345563
10 8 3345566
10 27 3345569
10 56 3345569
10 67 3345578
10 60 3345587
10 42 3345591
10 49 3345597
10 86 3345602
10 9 3345603
10 63 3345606
10 19 3345615
10 73 3345624
10 78 3345624
10 15 3345624
10 50 3345624
10 72 3345630
10 15 3345638
10 82 3345643
10 1 3345643
10 55 3345646
10 23 3345647
10 31 3345647
10 30 3345651
10 60 3345652
10 13 3345655
10 75 3345664
10 61 3345673
10 68 3345676
10 25 3345678
10 76 3345679
10 40 3345684
10 35 3345690
10 14 3345690
10 59 3345696
10 66 3345702
10 39 3345709
10 3 3345717
10 63 3345726
10 45 3345735
11 50 3345736
11 34 3345743
11 35 3345750
11 23 3345757
11 62 3345761
11 0 3345762
11 1 3345763
11 79 3345766
11 29 3345772
11 72 3345776
11 59 3345782
11 90 3345783
11 9 3345791
11 80 3345799
11 89 3345804
11 28 3345812
11 53 3345816
11 60 3345824
11 75 3345825
11 56 3345825
11 19 3345825
11 7 3345834
11 46 3345837
11 44 3345839
11 39 3345848
11 8 3345853
11 63 3345855
11 43 3345859
11 12 3345863
11 30 3345871
11 88 3345879
11 82 3345879
11 4 3345887
11 31 3345888
11 42 3345896
11 16 3345905
11 52 3345913
11 20 3345921
11 69 3345926
11 44 3345927
11 3 3345932
11 75 3345935
11 80 3345941
11 42 3345948
11 32 3345950
11 7 3345954
11 41 3345955
11 57 3345955
11 36 3345964
11 60 3345965
11 43 3345971
11 6 3345979
11 16 3345982
11 56 3345987
11 22 3345989
11 73 3345994
11 34 3345997
11 59 3346001
11 24 3346006
11 37 3346008
11 67 3346016
11 49 3346022
11 9 3346024
11 81 3346032
11 33 3346035
11 61 3346036
11 18 3346044
11 19 3346050
11 1 3346058
11 38 3346066
11 72 3346067
11 66 3346067
11 0 3346074
11 40 3346076
11 74 3346081
11 51 3346081
11 4 3346084
11 86 3346086
11 71 3346089
11 53 3346093
11 23 3346101
11 31 3346109
11 69 3346115
11 83 3346117
11 58 3346119
11 77 3346119
12 89 3346120
12 78 3346125
12 44 3346134
12 17 3346139
12 48 3346144
12 25 3346146
12 76 3346151
12 64 3346159
12 31 3346167
12 49 3346172
12 36 3346178
12 8 3346178
12 47 3346180
12 53 3346186
12 50 3346193
12 22 3346200
12 10 3346203
12 24 3346203
12 4 3346210
12 88 3346214
12 61 3346222
12 77 3346223
12 70 3346226
12 81 3346235
12 81 3346242
12 57 3346242
12 90 3346243
12 55 3346244
12 8 3346248
12 18 3346253
12 5 3346261
12 7 3346268
12 70 3346274
12 32 3346279
12 13 3346285
12 37 3346291
12 67 3346294
12 64 3346294
12 22 3346297
12 65 3346298
12 79 3346300
12 10 3346305
12 49 3346313
12 9 3346317
12 83 3346326
12 33 3346334
12 17 3346342
12 27 3346344
13 5 3346350
13 77 3346357
13 11 3346357
13 64 3346360
13 3 3346365
13 23 3346374
13 75 3346381
13 78 3346386
13 48 3346394
13 55 3346396
13 39 3346401
13 32 3346407
13 84 3346414
13 82 3346422
13 88 3346429
13 68 3346433
13 42 3346437
13 37 3346443
13 60 3346452
13 70 3346453
13 74 3346457
13 51 3346460
13 65 3346464
13 14 3346466
13 79 3346467
13 86 3346471
13 43 3346476
13 71 3346481
13 90 3346486
13 29 3346488
13 44 3346495
13 76 3346496
13 65 3346499
13 39 3346501
13 0 3346503
13 5 3346506
13 69 3346508
13 42 3346509
13 40 3346509
13 7 3346518
13 82 3346523
13 44 3346530
13 84 3346532
13 62 3346540
13 23 3346548
13 15 3346551
13 68 3346558
13 66 3346561
13 70 3346568
13 48 3346568
13 83 3346568
13 29 3346569
13 41 3346577
13 21 3346583
13 35 3346587
13 2 3346595
13 79 3346600
13 31 3346603
13 49 3346604
13 54 3346610
13 22 3346615
13 58 3346615
14 48 3346621
14 24 3346628
14 5 3346632
14 70 3346637
14 76 3346642
14 33 3346643
14 2 3346646
14 83 3346647
14 43 3346651
14 51 3346657
14 57 3346662
14 19 3346664
14 52 3346673
14 55 3346676
14 67 3346681
14 20 3346684
14 66 3346693
14 16 3346699
14 18 3346699
14 69 3346704
14 39 3346710
14 26 3346712
14 36 3346719
14 1 3346719
14 61 3346724
14 62 3346733
14 59 3346734
14 22 3346737
14 37 3346745
14 12 3346753
14 13 3346757
14 44 3346758
14 64 3346763
14 73 3346764
14 9 3346767
14 11 3346768
14 6 3346771
14 82 3346777
14 30 3346782
14 42 3346782
14 34 3346782
14 89 3346783
14 25 3346789
14 35 3346798
14 65 3346806
14 45 3346810
14 25 3346810
14 62 3346811
14 51 3346813
14 82 3346819
14 71 3346820
14 0 3346826
14 56 3346832
14 84 3346840
14 67 3346841
14 42 3346848
14 86 3346855
14 89 3346858
14 49 3346858
14 68 3346859
14 60 3346863
14 74 3346868
14 27 3346872
14 65 3346873
14 20 3346882
14 45 3346883
14 30 3346888
14 4 3346895
14 66 3346899
14 35 3346904
14 85 3346907
14 50 3346916
14 70 3346917
14 54 3346923
14 2 3346924
14 38 3346931
14 88 3346933
14 11 3346937
14 55 3346943
14 76 3346946
14 31 3346948
14 23 3346956
14 17 3346959
14 32 3346963
14 26 3346964
14 10 3346965
14 12 3346967
14 63 3346973
14 40 3346982
14 21 3346982
14 69 3346987
14 83 3346992
14 33 3347001
14 81 3347003
14 39 3347007
14 28 3347009
14 36 3347014
14 18 3347019
15 58 3347023
15 14 3347023
15 38 3347030
15 30 3347031
15 45 3347034
15 61 3347039
15 10 3347046
15 6 3347051
15 75 3347057
15 84 3347060
15 51 3347063
15 9 3347067
15 70 3347071
15 66 3347076
15 1 3347077
15 35 3347082
15 41 3347087
15 79 3347089
15 80 3347089
15 0 3347093
15 12 3347096
15 64 3347101
15 77 3347107
15 33 3347116
15 21 3347120
15 1 3347129
15 38 3347130
15 68 3347134
15 87 3347137
15 31 3347145
15 79 3347145
15 76 3347153
15 59 3347161
15 20 3347167
15 17 3347168
15 60 3347171
15 7 3347172
16 19 3347176
16 27 3347182
16 86 3347189
16 88 3347197
16 63 3347197
16 9 3347205
16 6 3347206
16 53 3347210
16 5 3347219
16 84 3347220
16 64 3347220
16 21 3347229
16 10 3347233
16 90 3347241
16 49 3347247
16 54 3347256
16 20 3347265
16 46 3347273
16 17 3347273
16 74 3347282
16 52 3347291
16 62 3347295
16 60 3347297
16 26 3347297
16 71 3347300
16 7 3347309
16 38 3347310
16 82 3347313
16 2 3347317
16 7 3347322
16 53 3347324
16 40 3347329
16 55 3347333
16 51 3347335
16 12 3347338
16 44 3347339
16 0 3347347
16 50 3347351
16 1 3347353
16 59 3347355
16 36 3347358
16 56 3347365
16 10 3347367
16 3 3347367
16 72 3347373
16 67 3347378
16 26 3347381
16 81 3347390
16 89 3347392
16 21 3347396
16 48 3347402
16 11 3347410
16 75 3347419
16 90 3347421
17 61 3347430
17 22 3347436
17 62 3347438
17 86 3347439
17 52 3347441
17 7 3347448
17 68 3347456
17 4 3347460
17 40 3347469
17 42 3347474
17 11 3347478
17 10 3347480
17 13 3347480
17 14 3347483
17 24 3347489
17 88 3347489
17 18 3347493
17 36 3347500
17 12 3347500
17 41 3347504
17 48 3347507
17 49 3347511
17 9 3347516
17 80 3347524
17 90 3347525
17 87 3347534
17 29 3347539
17 74 3347548
17 39 3347554
17 73 3347562
17 15 3347567
17 85 3347570
17 20 3347577
17 67 3347584
17 32 3347584
17 31 3347584
17 82 3347590
17 28 3347597
17 89 3347602
17 35 3347605
17 56 3347606
17 11 3347612
17 85 3347621
17 59 3347622
17 16 3347624
17 86 3347625
17 36 3347630
17 65 3347638
17 0 3347640
17 82 3347648
17 38 3347652
17 18 3347658
17 83 3347660
17 28 3347669
17 74 3347670
17 8 3347672
17 6 3347678
17 46 3347687
17 62 3347687
17 43 3347687
17 58 3347691
17 88 3347694
17 26 3347697
17 73 3347698
17 15 3347698
17 78 3347704
17 13 3347706
17 5 3347709
17 9 3347711
17 12 3347712
17 1 3347719
17 21 3347725
17 19 3347726
17 44 3347730
17 20 3347735
17 76 3347735
17 66 3347737
17 84 3347742
17 4 3347745
17 31 3347747
17 70 3347751
17 60 3347754
17 69 3347755
17 39 3347760
17 53 3347761
18 85 3347765
18 25 3347769
18 7 3347772
18 69 3347779
18 62 3347783
18 12 3347788
18 78 3347794
18 61 3347803
18 9 3347809
18 11 3347815
18 13 3347818
18 44 3347820
18 4 3347821
18 6 3347828
18 29 3347832
18 28 3347838
18 76 3347842
18 17 3347850
18 51 3347853
18 80 3347860
18 90 3347860
18 87 3347869
18 46 3347870
18 40 3347877
18 57 3347882
18 66 3347889
18 16 3347890
18 71 3347890
18 24 3347890
18 8 3347898
18 64 3347905
18 1 3347913
18 47 3347914
18 49 3347914
18 68 3347921
18 70 3347925
18 41 3347930
18 38 3347932
18 27 3347934
18 56 3347934
18 84 3347942
18 3 3347951
18 30 3347958
18 33 3347962
18 43 3347966
18 82 3347973
18 58 3347975
18 19 3347979
18 72 3347981
18 48 3347982
18 39 3347982
18 25 3347989
18 36 3347994
18 16 3347996
18 5 3348000
18 37 3348007
18 55 3348015
18 52 3348015
18 77 3348022
18 58 3348028
18 7 3348037
18 11 3348037
18 30 3348044
18 47 3348044
18 4 3348050
18 44 3348053
18 69 3348061
18 76 3348065
18 59 3348065
18 27 3348072
18 56 3348072
18 66 3348080
18 72 3348080
18 89 3348082
18 2 3348082
18 88 3348088
18 49 3348094
18 24 3348099
18 32 3348107
18 13 3348116
18 31 3348125
18 87 3348131
18 42 3348137
18 34 3348139
18 45 3348144
18 80 3348145
18 20 3348145
18 63 3348150
18 61 3348157
18 9 3348161
18 43 3348169
18 10 3348171
18 86 3348175
18 51 3348177
18 22 3348183
18 46 3348190
18 17 3348198
18 68 3348200
18 3 3348204
18 26 3348213
18 65 3348220
18 6 3348222
18 70 3348228
18 19 3348233
18 64 3348241
18 84 3348247
18 29 3348252
18 75 3348256
18 73 3348259
19 69 3348264
19 86 3348272
19 43 3348278
19 65 3348281
19 20 3348289
19 27 3348295
19 61 3348299
19 89 3348305
19 85 3348309
19 41 3348311
19 67 3348313
19 77 3348318
19 54 3348324
19 53 3348330
19 50 3348338
19 38 3348338
19 10 3348339
19 72 3348340
19 11 3348345
19 84 3348347
19 17 3348353
19 63 3348362
19 18 3348370
19 56 3348375
19 48 3348383
19 14 3348387
19 21 3348393
19 25 3348395
19 74 3348402
19 23 3348410
19 48 3348410
19 39 3348413
19 56 3348420
19 38 3348426
19 49 3348426
19 20 3348428
19 32 3348429
19 84 3348433
19 73 3348435
19 16 3348439
19 30 3348448
19 13 3348455
19 50 3348462
19 60 3348463
19 12 3348466
19 68 3348466
19 83 3348471
19 71 3348473
19 10 3348477
19 88 3348480
19 62 3348482
19 24 3348487
19 33 3348488
19 54 3348493
19 80 3348500
19 47 3348505
19 35 3348507
19 4 3348511
19 31 3348513
19 70 3348515
20 50 3348522
20 74 3348530
20 88 3348535
20 14 3348535
20 44 3348542
20 10 3348549
20 86 3348554
20 60 3348561
20 11 3348562
20 76 3348563
20 58 3348572
21 25 3348577
21 45 3348581
21 76 3348590
21 80 3348598
21 37 3348601
21 32 3348606
21 40 3348613
21 3 3348616
22 89 3348619
22 35 3348619
22 13 3348628
22 77 3348632
22 27 3348640
22 60 3348646
22 71 3348647
22 74 3348651
22 76 3348659
22 46 3348668
22 83 3348669
22 36 3348670
22 14 3348676
22 57 3348680
22 90 3348686
22 23 3348694
22 86 3348696
22 29 3348699
22 34 3348706
22 1 3348706
22 24 3348715
22 18 3348716
22 19 3348722
22 31 3348725
22 58 3348725
22 30 3348727
22 15 3348728
22 21 3348734
22 88 3348734
22 87 3348737
22 20 3348739
22 10 3348745
22 84 3348747
22 51 3348755
22 53 3348757
22 69 3348761
22 56 3348762
22 67 3348766
22 65 3348772
22 38 3348777
22 29 3348779
22 38 3348781
22 42 3348790
22 85 3348793
22 72 3348794
22 24 3348797
22 84 3348801
22 75 3348805
22 58 3348814
22 23 3348815
22 82 3348817
22 32 3348823
22 35 3348830
22 65 3348835
22 3 3348839
22 1 3348847
22 62 3348852
22 43 3348859
22 90 3348860
22 34 3348862
22 27 3348862
22 51 3348867
22 64 3348875
22 44 3348883
22 15 3348883
22 45 3348891
22 26 3348900
22 54 3348904
22 73 3348906
22 0 3348910
22 2 3348919
22 30 3348925
22 33 3348928
22 60 3348933
22 52 3348940
22 5 3348947
22 55 3348956
22 21 3348963
22 6 3348967
22 10 3348967
22 69 3348972
22 39 3348972
23 66 3348980
23 34 3348982
23 69 3348983
23 54 3348989
23 89 3348995
23 1 3349002
23 68 3349002
23 21 3349009
23 15 3349010
23 2 3349012
23 79 3349016
23 37 3349025
23 6 3349030
23 11 3349038
23 50 3349039
23 22 3349048
23 55 3349051
23 20 3349059
23 16 3349067
23 26 3349068
23 81 3349071
23 85 3349072
23 9 3349073
23 72 3349081
23 65 3349087
23 13 3349092
23 40 3349092
23 48 3349097
23 47 3349104
23 25 3349110
23 80 3349111
23 33 3349117
23 64 3349123
23 32 3349128
23 57 3349129
23 51 3349131
23 77 3349137
23 53 3349139
23 29 3349148
23 74 3349152
23 63 3349155
23 27 3349159
23 56 3349159
23 15 3349167
23 4 3349171
23 11 3349175
23 74 3349177
23 73 3349178
23 41 3349182
23 44 3349187
23 14 3349193
23 85 3349200
23 28 3349200
23 53 3349202
23 83 3349209
23 60 3349217
23 7 3349225
23 35 3349229
23 21 3349238
23 86 3349245
23 64 3349246
23 84 3349252
23 34 3349255
23 89 3349264
23 0 3349272
23 62 3349280
23 38 3349287
23 66 3349290
23 78 3349294
23 42 3349302
23 46 3349310
23 20 3349310
23 80 3349318
23 29 3349323
23 10 3349323
23 13 3349330
24 13 3349337
24 86 3349340
24 72 3349345
24 82 3349351
24 69 3349351
24 46 3349355
24 6 3349358
24 28 3349358
24 21 3349361
24 48 3349362
24 57 3349363
24 31 3349369
24 55 3349376
24 42 3349377
24 50 3349382
24 35 3349391
24 84 3349395
24 83 3349402
24 3 3349408
24 16 3349408
24 1 3349411
24 60 3349411
24 67 3349418
24 73 3349422
24 6 3349427
24 29 3349436
24 14 3349445
24 36 3349453
24 65 3349456
24 17 3349458
24 81 3349462
24 68 3349463
24 32 3349472
24 44 3349476
24 9 3349476
24 77 3349483
24 74 3349485
24 55 3349490
24 61 3349491
24 21 3349493
24 18 3349497
24 71 3349498
25 89 3349501
25 19 3349509
25 46 3349514
25 22 3349521
25 18 3349527
25 58 3349528
25 74 3349529
25 29 3349535
25 24 3349536
25 78 3349543
25 83 3349547
25 37 3349556
25 7 3349563
25 36 3349570
25 11 3349573
25 3 3349577
25 10 3349580
25 52 3349582
25 15 3349591
25 38 3349594
25 9 3349594
25 76 3349597
25 57 3349597
25 41 3349603
25 65 3349608
25 61 3349615
25 8 3349623
25 54 3349628
25 59 3349631
25 53 3349635
25 7 3349639
25 55 3349640
25 83 3349644
25 10 3349652
25 34 3349656
25 22 3349659
25 36 3349660
25 77 3349669
25 90 3349675
25 4 3349681
25 62 3349683
25 79 3349690
25 87 3349693
25 21 3349700
25 72 3349704
25 51 3349704
25 86 3349712
25 44 3349720
25 12 3349725
26 0 3349731
26 33 3349736
26 45 3349743
26 37 3349746
26 67 3349753
26 58 3349754
26 5 3349756
26 71 3349763
26 49 3349763
26 39 3349764
26 76 3349765
26 60 3349774
26 41 3349776
26 54 3349785
26 27 3349794
26 34 3349794
26 72 3349797
26 82 3349801
26 68 3349809
26 59 3349815
26 53 3349821
26 21 3349829
26 38 3349834
26 15 3349841
26 80 3349847
26 20 3349848
26 22 3349856
26 11 3349857
26 1 3349859
26 18 3349868
26 74 3349874
26 65 3349879
26 88 3349881
26 55 3349882
26 31 3349884
26 51 3349892
26 83 3349896
26 90 3349896
26 75 3349902
26 62 3349904
26 11 3349913
26 78 3349915
26 17 3349918
26 60 3349925
26 61 3349931
26 29 3349940
26 10 3349948
26 74 3349948
26 32 3349957
26 85 3349965
26 77 3349967
26 41 3349975
26 50 3349983
26 70 3349990
26 2 3349995
26 14 3349998
26 9 3350006
26 12 3350012
26 25 3350015
26 53 3350020
26 36 3350028
26 71 3350036
27 12 3350040
27 61 3350047
27 9 3350047
27 3 3350048
27 86 3350049
27 33 3350052
27 21 3350054
27 85 3350063
27 50 3350065
27 34 3350070
27 49 3350071
27 2 3350072
27 74 3350079
27 20 3350080
28 34 3350089
28 53 3350097
28 9 3350103
28 3 3350103
28 79 3350109
28 86 3350116
28 69 3350123
28 61 3350127
28 44 3350132
28 63 3350134
28 51 3350137
28 17 3350143
28 84 3350148
28 12 3350150
28 36 3350153
28 78 3350153
28 68 3350154
28 24 3350156
28 25 3350164
28 87 3350171
28 54 3350172
28 7 3350180
28 26 3350185
28 19 3350193
28 22 3350200
28 33 3350202
28 16 3350206
28 81 3350212
28 21 3350212
28 71 3350215
28 30 3350216
28 11 3350225
28 74 3350226
28 2 3350227
28 35 3350228
28 89 3350233
28 76 3350239
28 58 3350246
28 48 3350255
28 73 3350255
28 29 3350256
28 10 3350260
28 18 3350260
28 40 3350260
28 23 3350265
28 6 3350267
28 20 3350268
28 67 3350275
28 60 3350283
28 31 3350290
28 14 3350296
28 72 3350302
28 45 3350305
28 82 3350310
28 38 3350310
28 15 3350310
28 70 3350312
28 88 3350317
28 48 3350323
28 81 3350332
28 76 3350336
28 90 3350339
28 6 3350342
28 49 3350344
28 18 3350347
28 65 3350356
28 44 3350360
28 57 3350369
28 29 3350372
28 9 3350376
28 10 3350378
28 0 3350381
28 63 3350383
28 80 3350391
28 37 3350400
28 62 3350406
28 16 3350408
28 40 3350416
28 66 3350420
28 47 3350429
28 34 3350429
28 26 3350432
28 19 3350440
28 89 3350446
28 56 3350450
28 33 3350458
28 31 3350458
28 17 3350462
28 51 3350468
28 30 3350477
28 59 3350479
28 21 3350487
28 39 3350487
28 25 3350490
28 42 3350490
28 84 3350493
28 79 3350495
28 50 3350496
28 15 3350499
28 23 3350506
28 86 3350510
28 5 3350510
28 55 3350513
28 64 3350513
28 71 3350521
28 61 3350525
28 12 3350530
28 58 3350530
28 46 3350533
28 69 3350542
28 82 3350545
28 7 3350545
28 67 3350547
28 35 3350553
28 70 3350559
30 16 3350567
30 46 3350570
30 83 3350574
30 50 3350579
30 24 3350587
30 64 3350588
30 85 3350588
30 23 3350594
30 25 3350602
30 15 3350611
30 1 3350611
30 36 3350620
30 69 3350629
30 3 3350632
30 58 3350641
30 38 3350649
30 53 3350650
30 29 3350655
30 43 3350657
30 11 3350664
30 68 3350670
30 21 3350670
30 47 3350679
30 26 3350684
30 41 3350687
30 48 3350687
30 60 3350692
30 33 3350701
30 71 3350704
30 28 3350710
30 27 3350711
30 80 3350711
30 19 3350713
30 2 3350722
30 62 3350726
30 4 3350731
30 17 3350739
30 31 3350740
30 77 3350742
30 9 3350749
30 90 3350753
30 28 3350755
30 51 3350764
30 78 3350764
30 39 3350772
30 1 3350778
30 9 3350781
30 12 3350785
30 48 3350793
30 53 3350797
30 26 3350800
30 20 3350802
30 16 3350805
30 75 3350812
30 44 3350812
30 58 3350821
30 40 3350826
30 63 3350835
30 67 3350843
30 2 3350848
30 65 3350849
30 50 3350851
30 18 3350852
30 52 3350857
30 32 3350866
30 17 3350867
30 72 3350873
30 34 3350876
30 0 3350876
30 23 3350878
30 64 3350887
30 56 3350896
30 7 3350901
30 6 3350908
30 42 3350909
30 61 3350914
30 79 3350920
30 60 3350925
30 41 3350931
31 22 3350935
31 20 3350936
31 13 3350945
31 57 3350952
31 46 3350956
31 73 3350957
31 76 3350961
31 72 3350961
32 78 3350969
32 62 3350970
32 2 3350973
32 70 3350979
32 0 3350982
32 65 3350982
32 54 3350987
32 64 3350992
32 1 3350996
32 53 3350997
32 50 3350998
32 30 3351002
32 89 3351007
32 29 3351011
32 39 3351019
32 40 3351028
32 35 3351031
32 17 3351039
32 42 3351048
32 80 3351050
32 14 3351050
33 32 3351058
33 74 3351059
33 54 3351060
33 89 3351062
33 81 3351069
33 34 3351078
33 0 3351082
33 86 3351083
33 29 3351084
33 83 3351086
33 10 3351091
33 65 3351094
33 60 3351102
33 21 3351103
33 69 3351110
33 87 3351119
33 51 3351120
33 49 3351123
33 73 3351127
33 85 3351136
33 5 3351137
33 88 3351137
33 80 3351141
33 58 3351146
33 90 3351151
33 76 3351156
33 23 3351164
33 2 3351172
33 16 3351181
33 43 3351188
33 79 3351189
33 18 3351195
33 66 3351197
33 68 3351205
33 8 3351208
33 15 3351214
33 46 3351220
33 82 3351220
33 12 3351223
33 2 3351224
33 48 3351231
33 0 3351240
33 74 3351243
33 69 3351247
33 58 3351254
33 29 3351256
33 49 3351263
33 52 3351267
33 68 3351275
33 83 3351282
33 23 3351286
33 90 3351290
33 11 3351290
33 4 3351290
33 38 3351298
33 10 3351304
33 62 3351306
33 73 3351306
33 89 3351310
33 70 3351311
33 53 3351320
33 30 3351325
33 40 3351330
33 80 3351335
33 51 3351336
33 87 3351340
33 59 3351348
33 32 3351354
33 24 3351355
33 7 3351356
33 50 3351360
33 47 3351365
34 7 3351370
34 61 3351372
34 69 3351374
34 85 3351375
34 70 3351375
34 78 3351379
34 47 3351383
34 20 3351383
34 30 3351390
34 62 3351393
34 86 3351394
34 56 3351398
34 29 3351401
34 14 3351401
34 52 3351404
34 0 3351411
34 32 3351412
34 77 3351416
34 45 3351417
34 68 3351421
34 84 3351426
34 53 3351426
34 4 3351427
34 3 3351432
34 75 3351437
34 40 3351439
34 49 3351442
34 64 3351446
34 28 3351450
34 26 3351456
34 12 3351459
34 25 3351459
34 27 3351460
34 41 3351467
34 6 3351471
34 79 3351473
34 10 3351475
34 19 3351483
34 5 3351485
34 70 3351494
34 31 3351503
34 28 3351503
34 30 3351505
34 32 3351513
34 86 3351513
34 16 3351513
34 45 3351519
34 54 3351522
34 79 3351525
34 26 3351530
34 67 3351538
34 10 3351540
34 69 3351540
34 11 3351541
34 27 3351543
34 48 3351546
34 18 3351549
34 55 3351549
34 33 3351549
34 43 3351549
34 58 3351554
34 3 3351555
34 88 3351564
34 23 3351573
34 5 3351580
34 2 3351584
34 13 3351589
34 24 3351592
34 71 3351594
34 65 3351598
34 21 3351598
34 47 3351603
34 52 3351612
34 85 3351620
34 53 3351623
35 50 3351631
35 60 3351640
35 33 3351641
35 71 3351645
35 14 3351651
35 20 3351651
35 73 3351659
35 3 3351660
35 67 3351669
35 31 3351676
35 24 3351680
35 53 3351681
35 21 3351686
35 41 3351693
35 37 3351701
35 59 3351709
35 10 3351717
35 89 3351724
35 28 3351729
35 58 3351730
35 42 3351731
35 90 3351739
35 26 3351744
35 19 3351747
35 63 3351753
35 43 3351761
35 75 3351767
35 23 3351770
35 83 3351775
35 46 3351776
35 11 3351776
35 57 3351779
35 80 3351782
35 47 3351788
35 40 3351794
35 38 3351801
35 72 3351806
35 8 3351806
35 62 3351807
35 29 3351811
35 34 3351814
35 87 3351817
35 1 3351817
35 51 3351818
35 56 3351825
35 0 3351826
35 9 3351835
35 81 3351842
35 60 3351850
35 49 3351851
35 33 3351855
35 36 3351855
35 87 3351858
35 68 3351866
35 26 3351868
35 19 3351874
35 24 3351876
35 50 3351879
35 21 3351881
35 43 3351886
35 42 3351893
35 57 3351893
35 37 3351897
35 86 3351906
35 83 3351912
35 22 3351912
35 58 3351913
35 79 3351918
35 85 3351927
35 13 3351932
35 17 3351932
35 2 3351936
35 82 3351939
35 48 3351943
35 38 3351950
35 10 3351951
35 39 3351957
35 6 3351962
35 89 3351963
35 45 3351969
35 40 3351974
35 77 3351981
35 30 3351987
35 31 3351988
35 69 3351989
35 5 3351995
35 63 3351999
36 80 3352008
36 38 3352012
36 63 3352020
36 55 3352024
36 84 3352025
36 19 3352028
36 75 3352033
36 37 3352038
36 33 3352044
36 71 3352048
36 61 3352053
36 5 3352055
36 90 3352063
36 7 3352067
36 8 3352069
36 47 3352074
36 82 3352078
36 17 3352084
36 72 3352085
36 26 3352085
36 27 3352087
36 49 3352087
36 23 3352093
36 39 3352097
36 62 3352106
36 56 3352106
36 28 3352107
36 60 3352112
36 22 3352114
36 88 3352122
36 64 3352126
36 30 3352134
36 87 3352141
36 86 3352141
36 66 3352143
36 74 3352148
36 4 3352155
36 58 3352163
36 62 3352171
36 19 3352174
36 17 3352175
36 45 3352179
36 43 3352187
36 73 3352193
36 79 3352202
36 86 3352207
36 55 3352214
36 81 3352217
36 24 3352225
36 49 3352226
36 54 3352234
36 39 3352241
36 88 3352250
36 29 3352255
36 46 3352264
36 35 3352271
36 60 3352278
36 6 3352278
36 67 3352286
36 78 3352291
36 8 3352298
36 87 3352307
36 20 3352310
36 72 3352317
36 44 3352321
36 42 3352325
36 33 3352327
36 11 3352330
36 1 3352334
36 85 3352338
37 39 3352347
37 75 3352353
37 84 3352358
37 65 3352365
37 72 3352370
37 74 3352371
37 2 3352376
37 18 3352385
37 28 3352385
37 7 3352385
37 30 3352394
37 29 3352401
37 67 3352404
37 16 3352405
38 71 3352406
38 32 3352412
38 25 3352414
38 22 3352415
38 19 3352423
38 59 3352424
38 74 3352425
38 82 3352431
38 23 3352440
38 84 3352448
38 66 3352455
38 72 3352463
38 15 3352472
38 1 3352479
38 35 3352480
38 36 3352488
38 7 3352488
38 50 3352493
38 54 3352501
38 11 3352504
38 85 3352508
38 13 3352517
38 44 3352517
38 80 3352525
38 61 3352533
38 62 3352538
38 42 3352541
38 71 3352546
38 87 3352555
38 52 3352561
38 53 3352565
38 46 3352569
38 85 3352574
38 57 3352578
38 14 3352581
38 54 3352587
38 27 3352591
38 34 3352593
38 81 3352600
38 41 3352605
38 15 3352609
38 73 3352616
38 19 3352622
38 32 3352624
38 72 3352630
38 37 3352632
38 83 3352640
38 9 3352649
38 1 3352651
38 11 3352655
38 88 3352655
38 59 3352658
39 44 3352662
39 2 3352670
39 31 3352679
39 63 3352682
39 32 3352691
39 10 3352699
39 19 3352704
39 20 3352711
39 6 3352712
39 58 3352719
39 40 3352721
39 67 3352730
39 37 3352736
39 24 3352743
39 76 3352743
39 13 3352747
39 46 3352752
39 81 3352752
39 66 3352752
39 75 3352760
39 86 3352766
39 1 3352774
39 52 3352774
39 53 3352779
39 43 3352780
39 41 3352783
39 87 3352792
39 7 3352799
39 47 3352806
39 84 3352807
39 59 3352808
39 0 3352817
39 28 3352818
39 30 3352827
39 42 3352828
39 25 3352828
39 49 3352834
39 90 3352839
39 68 3352841
39 65 3352842
39 54 3352848
39 76 3352857
39 38 3352857
39 16 3352863
39 0 3352867
39 41 3352874
39 27 3352875
39 67 3352882
39 58 3352883
39 46 3352886
39 5 3352886
39 70 3352893
39 45 3352893
39 29 3352894
39 19 3352900
39 30 3352905
39 85 3352906
39 28 3352913
39 31 3352914
39 84 3352916
39 10 3352919
39 9 3352927
39 53 3352931
39 55 3352937
39 12 3352943
39 20 3352950
39 54 3352958
39 35 3352967
39 23 3352974
39 13 3352979
39 1 3352988
39 7 3352991
39 63 3352999
39 25 3353005
39 64 3353008
39 82 3353010
39 14 3353019
39 83 3353021
39 75 3353023
40 52 3353030
40 56 3353035
40 35 3353039
40 58 3353041
40 64 3353050
40 70 3353058
40 26 3353059
40 7 3353062
40 53 3353062
40 34 3353064
40 76 3353070
40 21 3353071
40 25 3353071
40 42 3353080
40 67 3353080
40 50 3353089
40 89 3353092
40 14 3353101
40 41 3353103
40 39 3353109
40 38 3353110
40 5 3353110
40 46 3353110
40 16 3353113
40 1 3353122
40 59 3353129
40 47 3353138
40 15 3353144
40 68 3353149
40 36 3353149
40 85 3353155
40 37 3353156
40 49 3353161
40 54 3353168
40 60 3353176
40 18 3353179
40 88 3353181
40 32 3353188
40 79 3353197
40 63 3353201
40 83 3353204
40 65 3353207
40 77 3353211
40 15 3353211
40 25 3353220
40 76 3353220
40 78 3353222
40 42 3353229
40 36 3353231
40 80 3353231
40 79 3353231
40 37 3353240
40 18 3353244
40 53 3353252
40 39 3353261
40 52 3353267
40 26 3353268
40 65 3353271
40 30 3353277
40 1 3353278
40 44 3353284
40 9 3353292
40 13 3353300
40 47 3353305
40 3 3353313
40 6 3353319
40 81 3353327
40 11 3353335
40 63 3353341
40 70 3353346
40 28 3353355
40 12 3353362
40 55 3353367
40 59 3353369
40 4 3353373
40 87 3353380
40 31 3353385
40 14 3353392
40 54 3353397
40 88 3353402
40 7 3353402
40 75 3353404
41 3 3353413
41 42 3353419
41 31 3353420
41 34 3353427
41 79 3353433
41 13 3353433
41 33 3353440
41 17 3353441
41 85 3353444
41 24 3353452
41 46 3353455
41 16 3353460
41 73 3353464
41 29 3353467
41 74 3353472
41 23 3353480
41 53 3353486
41 39 3353488
41 88 3353488
42 55 3353492
42 69 3353500
42 44 3353505
42 11 3353513
42 14 3353513
42 31 3353513
42 23 3353521
42 2 3353530
42 7 3353537
42 27 3353543
42 66 3353548
42 41 3353553
42 68 3353559
42 0 3353568
42 85 3353574
42 47 3353577
42 28 3353579
42 19 3353584
42 18 3353585
42 35 3353593
42 5 3353596
42 43 3353604
42 84 3353605
42 86 3353605
42 34 3353614
42 38 3353620
42 82 3353625
42 3 3353627
42 29 3353633
42 87 3353638
42 58 3353644
42 62 3353645
42 56 3353647
42 59 3353653
42 77 3353659
42 70 3353666
42 16 3353675
42 51 3353676
42 74 3353685
42 30 3353687
42 15 3353691
42 79 3353696
42 46 3353698
42 83 3353706
42 17 3353710
42 33 3353719
42 13 3353725
42 61 3353732
42 81 3353737
42 39 3353743
42 45 3353750
42 12 3353753
42 73 3353753
42 65 3353753
42 21 3353756
42 80 3353760
42 53 3353765
42 24 3353770
42 36 3353772
42 33 3353778
42 85 3353780
42 57 3353782
42 16 3353787
42 73 3353793
42 15 3353793
42 44 3353793
42 25 3353801
42 69 3353805
42 3 3353811
42 87 3353819
42 13 3353828
42 29 3353832
42 2 3353838
42 0 3353840
42 50 3353846
42 11 3353849
42 68 3353852
42 65 3353860
42 49 3353863
42 86 3353868
42 7 3353869
42 62 3353875
42 74 3353880
42 47 3353880
42 82 3353881
42 70 3353889
42 9 3353893
42 24 3353896
42 75 3353897
42 17 3353897
42 66 3353902
42 41 3353909
42 32 3353911
42 1 3353911
42 79 3353917
42 19 3353920
42 46 3353922
42 61 3353927
42 27 3353935
42 45 3353937
42 21 3353937
42 40 3353939
42 51 3353944
42 90 3353944
42 35 3353952
42 36 3353955
42 23 3353955
42 8 3353957
42 63 3353959
42 39 3353961
42 67 3353964
42 48 3353967
42 89 3353972
42 20 3353979
42 72 3353980
43 44 3353984
43 57 3353987
43 27 3353993
43 75 3354002
43 17 3354006
43 70 3354014
43 45 3354015
43 55 3354023
43 1 3354028
43 25 3354037
43 53 3354040
43 52 3354045
43 61 3354050
43 7 3354051
43 41 3354056
43 56 3354060
43 4 3354061
43 40 3354067
43 45 3354071
43 89 3354077
43 13 3354079
43 76 3354083
44 40 3354083
44 63 3354086
44 55 3354092
44 41 3354095
44 25 3354096
44 67 3354099
44 10 3354108
44 36 3354112
44 4 3354115
44 1 3354122
44 74 3354129
44 9 3354132
44 3 3354137
44 35 3354143
44 90 3354147
44 30 3354155
44 70 3354159
44 50 3354168
44 27 3354176
44 49 3354182
44 87 3354185
44 38 3354186
44 89 3354189
44 53 3354191
44 23 3354191
44 51 3354199
44 71 3354206
44 57 3354215
44 76 3354221
44 83 3354223
44 22 3354223
44 73 3354232
44 60 3354237
44 69 3354241
44 58 3354250
44 66 3354252
44 42 3354256
44 16 3354260
44 46 3354269
44 79 3354273
44 14 3354276
44 34 3354283
44 84 3354290
44 85 3354296
44 11 3354296
44 12 3354304
44 82 3354306
44 72 3354312
44 54 3354316
44 2 3354322
44 58 3354330
44 55 3354338
44 32 3354341
44 76 3354346
44 9 3354349
44 2 3354351
44 40 3354360
44 60 3354360
44 25 3354364
44 90 3354373
44 28 3354373
44 50 3354374
44 67 3354375
44 16 3354381
44 45 3354390
44 63 3354390
44 41 3354390
44 69 3354396
44 35 3354397
44 62 3354399
44 85 3354401
44 72 3354406
44 73 3354415
44 1 3354415
44 18 3354416
44 68 3354421
44 11 3354428
44 49 3354431
44 48 3354439
44 19 3354439
44 3 3354440
44 13 3354445
44 61 3354454
44 38 3354460
44 57 3354460
44 81 3354462
44 84 3354464
44 10 3354472
44 23 3354476
44 0 3354480
44 74 3354480
44 53 3354483
44 77 3354491
44 71 3354499
44 12 3354502
44 75 3354502
44 56 3354508
44 43 3354512
45 29 3354520
45 60 3354523
45 67 3354528
45 12 3354536
45 39 3354543
46 12 3354550
46 19 3354550
46 85 3354553
46 45 3354558
46 32 3354563
46 51 3354566
46 58 3354567
46 20 3354569
46 6 3354577
46 2 3354583
46 47 3354587
46 24 3354588
46 60 3354595
46 55 3354602
46 71 3354609
46 14 3354610
46 22 3354612
46 38 3354620
46 56 3354628
46 81 3354636
46 73 3354644
46 80 3354649
46 3 3354653
46 53 3354661
46 25 3354663
46 42 3354668
46 43 3354671
46 70 3354671
46 50 3354675
46 90 3354676
46 61 3354676
46 69 3354679
46 0 3354683
46 88 3354687
46 89 3354692
46 72 3354696
46 74 3354704
46 65 3354709
46 9 3354711
46 27 3354714
46 51 3354716
46 89 3354724
46 2 3354728
46 59 3354734
46 39 3354740
46 74 3354748
46 9 3354752
46 76 3354760
46 44 3354763
46 58 3354767
46 4 3354771
46 50 3354772
46 19 3354780
46 16 3354780
46 57 3354784
46 84 3354787
46 6 3354793
46 82 3354798
46 25 3354799
46 85 3354799
46 62 3354802
46 73 3354808
46 15 3354812
46 41 3354820
46 81 3354826
46 36 3354829
46 53 3354836
46 55 3354844
46 80 3354851
46 69 3354859
46 42 3354867
46 72 3354868
46 28 3354874
46 86 3354881
46 30 3354881
46 13 3354890
46 61 3354898
46 78 3354902
46 83 3354907
46 67 3354907
46 90 3354914
46 31 3354922
46 77 3354923
46 52 3354923
46 43 3354931
46 33 3354936
46 7 3354937
47 27 3354941
47 66 3354942
47 63 3354951
47 75 3354953
47 10 3354962
47 86 3354965
47 72 3354966
47 89 3354967
47 45 3354974
47 16 3354979
47 3 3354979
47 60 3354980
47 49 3354983
47 69 3354983
47 50 3354988
47 84 3354988
47 44 3354988
47 28 3354992
47 82 3354997
47 42 3355004
47 54 3355013
47 9 3355021
47 85 3355024
47 74 3355026
47 79 3355029
47 8 3355037
47 26 3355044
47 58 3355053
47 81 3355062
47 77 3355069
47 33 3355070
47 40 3355077
47 62 3355082
47 2 3355091
47 65 3355098
47 17 3355102
47 35 3355109
47 90 3355115
47 46 3355115
47 64 3355124
47 27 3355124
47 74 3355126
47 35 3355130
47 9 3355132
47 5 3355138
47 0 3355145
47 67 3355148
47 49 3355150
47 88 3355156
47 15 3355157
47 86 3355160
47 36 3355161
47 6 3355162
47 84 3355168
47 54 3355172
47 34 3355177
47 60 3355178
47 31 3355179
47 85 3355181
47 58 3355187
47 78 3355196
47 65 3355204
47 62 3355209
47 8 3355209
47 45 3355212
47 66 3355218
47 50 3355227
47 90 3355227
47 26 3355233
47 48 3355235
47 57 3355242
47 63 3355250
47 39 3355254
47 18 3355257
47 43 3355266
47 23 3355271
47 46 3355272
47 29 3355273
47 3 3355280
48 19 3355288
48 82 3355293
48 77 3355298
48 71 3355298
48 8 3355307
48 27 3355309
48 78 3355314
48 74 3355316
48 51 3355322
48 79 3355329
48 34 3355333
48 49 3355338
48 12 3355338
48 1 3355346
48 59 3355354
48 32 3355360
48 24 3355364
48 47 3355366
48 43 3355372
48 87 3355378
48 37 3355384
48 65 3355386
48 84 3355392
48 5 3355394
48 72 3355395
48 15 3355403
48 20 3355407
48 30 3355412
48 70 3355414
48 18 3355414
48 28 3355417
48 26 3355421
48 67 3355430
48 4 3355431
48 40 3355440
48 21 3355444
48 36 3355446
48 54 3355447
48 56 3355450
48 22 3355452
48 52 3355456
48 8 3355460
48 28 3355461
48 21 3355468
48 80 3355473
48 42 3355479
48 85 3355483
48 19 3355484
48 62 3355489
48 5 3355489
48 71 3355490
48 68 3355498
48 13 3355506
48 14 3355509
48 31 3355518
48 26 3355525
48 30 3355526
48 23 3355532
48 66 3355535
48 25 3355537
48 6 3355542
48 72 3355551
48 77 3355552
48 49 3355556
48 83 3355561
48 60 3355566
48 47 3355568
48 35 3355570
48 12 3355576
48 51 3355585
48 15 3355588
48 18 3355594
48 84 3355601
48 29 3355602
48 74 3355611
48 22 3355620
48 34 3355625
48 7 3355625
48 65 3355634
48 63 3355637
48 43 3355640
48 57 3355644
48 4 3355645
48 61 3355647
48 10 3355652
49 75 3355659
49 0 3355665
49 50 3355674
49 41 3355682
49 76 3355684
49 88 3355685
49 55 3355690
49 68 3355691
49 22 3355694
49 54 3355701
49 15 3355704
49 12 3355708
49 57 3355713
49 70 3355714
49 47 3355721
49 38 3355728
49 80 3355735
49 25 3355742
49 37 3355742
49 81 3355744
49 78 3355749
49 43 3355751
49 40 3355751
49 29 3355752
49 2 3355755
49 42 3355757
49 83 3355760
49 58 3355761
49 39 3355763
49 18 3355767
49 28 3355772
49 6 3355776
49 17 3355782
49 26 3355785
49 52 3355787
49 33 3355789
49 85 3355795
49 74 3355795
49 84 3355803
49 19 3355804
49 53 3355809
49 16 3355809
49 66 3355817
49 69 3355819
49 27 3355820
49 71 3355828
49 13 3355836
49 8 3355836
49 46 3355836
49 3 3355837
49 76 3355840
49 82 3355848
49 16 3355855
49 10 3355862
49 46 3355869
49 38 3355872
49 84 3355881
49 20 3355888
49 57 3355894
49 26 3355903
49 71 3355906
49 83 3355911
49 88 3355917
49 6 3355921
49 90 3355927
49 39 3355931
49 87 3355939
49 50 3355946
49 5 3355950
49 40 3355951
49 52 3355958
49 55 3355967
49 54 3355974
49 62 3355981
49 63 3355987
49 43 3355988
49 24 3355993
49 47 3355996
49 4 3356004
49 22 3356004
49 86 3356012
49 0 3356017
49 35 3356024
49 29 3356024
49 2 3356026
49 45 3356026
49 19 3356026
49 17 3356026
49 41 3356027
49 15 3356032
49 73 3356032
49 78 3356036
49 65 3356038
49 25 3356043
49 42 3356052
49 12 3356053
49 68 3356058
49 23 3356060
49 33 3356066
50 48 3356071
50 85 3356071
50 30 3356076
50 81 3356078
50 74 3356078
50 25 3356085
50 36 3356085
50 47 3356092
50 39 3356097
50 64 3356104
50 88 3356107
50 67 3356114
50 51 3356123
50 89 3356132
50 8 3356138
50 4 3356141
50 2 3356150
50 46 3356156
50 62 3356160
50 19 3356166
50 44 3356168
50 23 3356174
50 79 3356174
50 11 3356175
50 6 3356176
50 75 3356177
50 83 3356179
50 45 3356185
50 12 3356186
50 90 3356190
50 78 3356198
50 13 3356205
50 9 3356212
50 0 3356215
50 37 3356223
50 21 3356229
50 27 3356238
50 43 3356240
50 65 3356242
50 71 3356250
50 86 3356255
50 20 3356262
50 40 3356271
50 57 3356278
50 82 3356281
50 41 3356281
50 61 3356290
50 7 3356290
50 58 3356292
50 73 3356300
50 76 3356306
50 84 3356315
50 14 3356316
50 34 3356317
50 35 3356323
50 77 3356325
50 28 3356334
50 49 3356337
50 61 3356343
50 1 3356350
50 54 3356353
50 28 3356356
50 17 3356365
50 20 3356368
50 77 3356375
50 9 3356380
50 70 3356388
50 13 3356391
50 31 3356400
50 11 3356407
50 73 3356412
50 21 3356415
50 14 3356416
50 62 3356420
50 89 3356428
50 48 3356432
50 74 3356432
50 63 3356440
50 83 3356444
50 32 3356447
50 15 3356447
50 76 3356455
50 88 3356460
50 65 3356468
50 79 3356470
50 7 3356478
50 33 3356480
50 36 3356484
50 25 3356484
50 18 3356491
50 12 3356491
50 69 3356493
50 24 3356494
50 82 3356497
50 39 3356498
50 72 3356500
50 46 3356501
50 57 3356510
50 53 3356511
50 59 3356519
50 27 3356526
50 45 3356526
50 86 3356535
50 55 3356544
50 67 3356546
50 30 3356546
50 52 3356548
50 58 3356552
50 19 3356555
50 34 3356560
51 57 3356563
51 13 3356572
51 38 3356577
51 25 3356584
51 34 3356592
51 17 3356598
51 79 3356602
51 11 3356611
51 41 3356619
51 0 3356625
51 81 3356632
51 42 3356635
51 62 3356643
51 15 3356646
51 52 3356653
51 39 3356659
51 5 3356664
51 49 3356672
51 8 3356673
51 80 3356680
51 60 3356681
51 0 3356684
51 78 3356691
51 63 3356693
51 13 3356696
51 89 3356705
51 29 3356707
51 20 3356708
51 82 3356710
51 61 3356713
51 75 3356722
51 76 3356728
51 87 3356728
51 33 3356734
51 50 3356734
51 31 3356734
51 22 3356739
51 28 3356746
51 72 3356748
51 73 3356749
51 26 3356756
51 30 3356762
51 57 3356764
52 11 3356768
52 49 3356777
52 33 3356785
52 31 3356789
52 46 3356790
52 0 3356791
52 23 3356798
52 83 3356806
52 61 3356810
52 34 3356817
52 22 3356825
52 32 3356826
52 77 3356826
52 65 3356827
52 79 3356827
52 4 3356834
52 55 3356834
52 10 3356835
52 18 3356840
52 43 3356848
52 17 3356857
52 81 3356865
52 6 3356874
52 78 3356880
52 13 3356881
52 3 3356890
52 85 3356894
52 26 3356894
52 56 3356902
52 75 3356911
52 2 3356918
52 39 3356925
52 64 3356932
52 70 3356932
52 15 3356937
52 80 3356938
52 59 3356946
52 7 3356946
52 42 3356955
52 73 3356960
52 62 3356963
52 51 3356972
52 9 3356977
52 50 3356980
52 84 3356981
52 12 3356984
52 66 3356985
52 3 3356994
52 72 3356997
52 31 3356997
52 59 3356997
52 58 3357004
52 46 3357010
52 30 3357010
52 1 3357010
52 8 3357015
52 2 3357024
52 60 3357025
52 48 3357030
52 81 3357035
52 24 3357041
52 53 3357048
52 16 3357048
52 29 3357049
52 4 3357058
52 47 3357067
52 68 3357067
52 14 3357074
52 86 3357075
52 22 3357081
52 89 3357088
52 5 3357092
52 37 3357093
52 51 3357097
52 38 3357099
52 20 3357104
52 15 3357109
52 25 3357114
52 19 3357118
52 62 3357122
52 70 3357123
52 10 3357131
52 79 3357136
52 45 3357143
52 67 3357145
52 71 3357151
52 88 3357155
52 18 3357164
52 36 3357170
52 42 3357170
52 41 3357177
52 66 3357180
52 13 3357181
52 77 3357190
52 85 3357199
52 74 3357204
52 21 3357207
52 17 3357216
53 87 3357217
53 35 3357225
53 58 3357226
53 26 3357228
53 24 3357232
53 56 3357234
53 81 3357240
53 33 3357247
53 62 3357254
53 8 3357258
53 23 3357262
53 0 3357269
53 67 3357277
53 30 3357279
53 13 3357279
53 11 3357284
53 9 3357289
53 21 3357289
53 52 3357293
53 17 3357297
53 86 3357302
53 39 3357306
53 59 3357307
53 10 3357310
53 15 3357311
53 81 3357311
53 32 3357315
53 41 3357319
53 74 3357323
53 83 3357323
53 26 3357327
53 55 3357331
53 56 3357336
53 50 3357339
53 7 3357348
53 87 3357355
53 64 3357355
53 79 3357359
53 77 3357368
53 33 3357369
53 65 3357376
53 73 3357385
53 23 3357391
53 57 3357396
53 46 3357396
53 17 3357399
53 54 3357404
53 38 3357406
53 34 3357415
54 17 3357422
54 38 3357422
54 4 3357423
54 44 3357431
54 0 3357433
54 21 3357437
54 88 3357445
54 86 3357445
54 76 3357453
54 64 3357458
54 29 3357459
54 41 3357462
54 9 3357469
54 70 3357474
54 40 3357481
54 83 3357485
54 79 3357486
54 31 3357487
54 89 3357493
54 27 3357500
54 20 3357506
54 71 3357512
54 84 3357516
54 58 3357521
54 26 3357528
54 34 3357534
54 28 3357540
54 36 3357540
54 59 3357545
54 74 3357545
54 24 3357554
54 73 3357562
54 35 3357568
54 16 3357570
54 2 3357572
54 56 3357578
54 66 3357584
54 60 3357584
54 53 3357592
54 78 3357596
54 62 3357600
54 69 3357609
54 51 3357610
54 30 3357613
54 12 3357615
54 87 3357621
54 13 3357625
54 42 3357634
54 19 3357640
54 14 3357649
54 67 3357656
54 5 3357665
54 48 3357674
54 18 3357683
54 3 3357686
54 23 3357693
54 8 3357695
54 6 3357695
54 46 3357702
54 13 3357707
54 2 3357709
54 5 3357717
54 43 3357721
54 0 3357728
54 25 3357728
54 3 3357735
54 77 3357736
54 75 3357740
54 70 3357744
54 55 3357750
54 88 3357753
54 49 3357757
54 63 3357766
54 18 3357769
54 11 3357773
54 66 3357776
54 81 3357785
54 33 3357788
54 30 3357795
54 85 3357795
54 48 3357795
54 72 3357795
54 9 3357803
54 42 3357805
54 69 3357812
54 36 3357818
54 84 3357824
54 44 3357828
54 86 3357837
54 61 3357842
54 38 3357847
54 28 3357848
54 51 3357852
54 20 3357857
54 57 3357863
54 6 3357869
54 34 3357872
54 45 3357877
54 12 3357881
54 74 3357882
54 15 3357888
54 60 3357896
54 39 3357898
54 37 3357902
54 7 3357906
54 67 3357909
54 62 3357916
54 58 3357923
54 90 3357928
54 1 3357928
55 46 3357935
55 9 3357943
55 87 3357948
55 49 3357949
55 28 3357955
55 43 3357964
55 56 3357967
55 82 3357975
55 19 3357982
55 20 3357987
55 68 3357991
55 63 3357995
55 75 3358002
55 10 3358006
55 26 3358015
55 16 3358021
55 76 3358029
55 27 3358036
55 77 3358039
55 35 3358039
55 70 3358039
55 12 3358046
55 85 3358050
55 69 3358050
55 48 3358054
55 31 3358063
55 13 3358072
55 24 3358075
55 59 3358077
55 90 3358080
55 30 3358085
55 71 3358093
55 6 3358094
55 11 3358100
55 23 3358103
55 45 3358105
55 39 3358108
55 34 3358113
55 61 3358117
55 15 3358120
55 89 3358120
55 17 3358124
55 51 3358132
55 41 3358134
55 48 3358138
55 45 3358138
55 22 3358138
55 61 3358140
55 65 3358145
55 20 3358154
55 72 3358156
55 54 3358159
55 60 3358159
55 50 3358159
55 15 3358163
55 75 3358171
55 86 3358171
55 26 3358172
55 58 3358176
55 82 3358179
55 34 3358186
55 59 3358188
55 74 3358196
55 11 3358196
55 79 3358203
55 35 3358207
55 83 3358207
55 3 3358207
55 52 3358208
55 87 3358214
55 30 3358216
55 51 3358224
55 78 3358232
55 17 3358237
55 7 3358244
55 63 3358251
55 80 3358256
55 57 3358262
55 49 3358270
55 10 3358271
55 41 3358275
55 84 3358277
55 56 3358278
56 74 3358284
56 7 3358291
56 1 3358298
56 62 3358303
56 78 3358309
56 11 3358309
56 44 3358317
56 34 3358326
56 59 3358332
56 52 3358335
56 9 3358339
56 89 3358343
56 30 3358345
56 64 3358353
56 87 3358360
56 70 3358366
56 69 3358371
56 33 3358375
57 55 3358384
57 26 3358384
57 30 3358385
57 76 3358390
57 41 3358397
57 72 3358397
57 81 3358401
57 37 3358409
57 88 3358413
57 64 3358418
57 12 3358427
57 38 3358429
57 29 3358432
57 19 3358440
57 89 3358446
57 68 3358449
57 65 3358451
57 67 3358453
57 15 3358454
57 71 3358455
57 1 3358458
57 90 3358465
57 74 3358472
57 43 3358475
57 45 3358482
57 63 3358491
57 42 3358495
57 78 3358497
57 82 3358502
57 51 3358509
57 14 3358514
57 8 3358519
57 23 3358520
57 24 3358526
57 18 3358533
57 69 3358537
57 20 3358538
57 85 3358544
57 35 3358552
57 9 3358557
57 58 3358558
57 60 3358559
57 13 3358561
57 75 3358565
57 52 3358566
57 33 3358566
57 16 3358572
57 44 3358579
57 39 3358579
57 48 3358584
57 25 3358593
57 0 3358599
57 49 3358606
57 36 3358609
57 31 3358615
57 19 3358616
57 26 3358619
57 72 3358627
57 55 3358629
57 80 3358636
57 68 3358639
57 15 3358641
57 30 3358643
57 56 3358646
57 69 3358655
57 28 3358657
57 89 3358662
57 53 3358669
57 82 3358672
57 64 3358678
57 75 3358680
57 4 3358683
57 84 3358683
57 61 3358686
57 62 3358686
57 13 3358689
57 76 3358694
57 78 3358700
57 48 3358709
57 39 3358714
57 81 3358714
57 3 3358717
57 10 3358722
57 50 3358726
57 38 3358726
57 20 3358726
57 47 3358733
57 71 3358734
57 46 3358735
57 77 3358743
57 5 3358750
57 25 3358757
57 23 3358758
57 60 3358759
57 29 3358767
57 12 3358775
57 63 3358781
57 6 3358786
57 27 3358795
57 83 3358795
57 52 3358802
57 11 3358808
57 2 3358810
57 74 3358816
57 32 3358823
57 44 3358823
57 43 3358829
57 24 3358837
58 85 3358840
58 29 3358849
58 67 3358854
58 22 3358857
58 89 3358861
58 82 3358864
58 48 3358869
58 26 3358869
58 21 3358869
58 80 3358869
58 8 3358871
58 7 3358878
58 84 3358886
58 15 3358894
58 65 3358902
58 86 3358907
59 78 3358912
59 84 3358919
59 49 3358921
59 57 3358930
59 55 3358937
59 15 3358938
59 89 3358943
59 29 3358945
59 40 3358947
59 1 3358956
59 8 3358965
59 28 3358973
59 0 3358975
59 69 3358978
59 58 3358982
59 54 3358991
59 47 3358999
59 20 3359001
59 76 3359010
59 77 3359012
59 3 3359021
59 87 3359025
59 60 3359030
59 74 3359039
59 73 3359040
59 75 3359040
59 70 3359042
59 71 3359044
59 86 3359045
59 64 3359048
59 44 3359056
59 53 3359059
59 12 3359068
59 39 3359077
59 17 3359085
59 31 3359094
59 68 3359096
59 11 3359103
59 36 3359107
59 65 3359112
59 8 3359120
59 54 3359125
59 61 3359133
59 66 3359136
59 28 3359138
59 50 3359138
59 45 3359139
59 68 3359148
59 33 3359155
59 87 3359161
59 35 3359169
59 13 3359170
59 19 3359171
59 83 3359174
59 57 3359177
59 63 3359183
59 56 3359186
59 32 3359188
59 14 3359188
59 80 3359194
59 27 3359201
59 26 3359203
59 2 3359207
59 10 3359213
59 73 3359221
59 82 3359223
59 67 3359227
59 31 3359232
59 60 3359236
59 16 3359237
59 70 3359239
59 44 3359243
59 47 3359249
59 81 3359257
59 0 3359261
59 39 3359269
59 30 3359269
59 40 3359275
60 68 3359284
60 5 3359286
60 63 3359290
60 47 3359293
60 10 3359299
60 8 3359307
60 30 3359309
60 41 3359310
60 1 3359312
60 51 3359314
60 28 3359318
60 83 3359321
60 78 3359324
60 87 3359325
60 56 3359330
60 88 3359331
60 59 3359335
60 80 3359337
60 90 3359341
60 7 3359345
60 23 3359353
60 84 3359353
60 52 3359358
60 32 3359362
60 39 3359364
60 64 3359372
60 14 3359375
60 0 3359379
60 42 3359380
60 12 3359381
60 65 3359387
60 54 3359393
60 70 3359399
60 2 3359404
60 61 3359407
60 17 3359410
60 34 3359417
60 62 3359424
60 69 3359428
60 16 3359428
60 58 3359431
60 20 3359438
60 89 3359439
60 53 3359447
60 49 3359452
60 50 3359453
60 76 3359462
60 3 3359464
60 31 3359467
60 59 3359473
60 86 3359474
60 65 3359475
60 71 3359479
60 33 3359487
60 53 3359495
60 24 3359498
60 66 3359503
60 39 3359507
60 0 3359512
60 48 3359521
60 34 3359522
60 28 3359527
60 52 3359533
60 54 3359542
60 45 3359549
60 12 3359557
60 17 3359559
60 26 3359563
60 21 3359572
60 72 3359575
60 4 3359583
60 89 3359586
60 90 3359586
60 29 3359595
60 63 3359597
60 25 3359601
60 80 3359602
60 32 3359604
60 46 3359604
60 35 3359610
60 43 3359611
60 3 3359617
60 84 3359626
60 10 3359635
60 6 3359641
60 70 3359647
60 44 3359655
60 73 3359656
60 18 3359661
60 77 3359667
60 83 3359674
60 76 3359675
60 64 3359677
61 77 3359679
61 2 3359685
61 29 3359689
61 66 3359695
61 85 3359703
61 73 3359712
61 83 3359712
61 40 3359721
61 10 3359723
61 51 3359727
61 11 3359731
61 18 3359733
61 3 3359742
61 31 3359742
61 62 3359747
61 45 3359749
61 42 3359758
61 70 3359763
61 4 3359767
61 35 3359769
61 54 3359775
61 90 3359778
61 37 3359782
61 58 3359791
61 63 3359792
61 59 3359796
61 28 3359796
61 22 3359798
61 75 3359807
61 56 3359813
61 89 3359815
61 7 3359822
61 55 3359823
61 33 3359827
61 34 3359827
61 23 3359829
61 76 3359835
61 67 3359836
61 25 3359836
61 69 3359845
61 57 3359853
61 30 3359860
61 5 3359861
61 29 3359869
61 82 3359875
61 87 3359884
61 38 3359887
61 12 3359894
61 33 3359901
61 54 3359907
61 41 3359916
61 4 3359922
61 84 3359927
61 81 3359934
61 88 3359943
61 27 3359949
61 10 3359957
61 72 3359959
61 52 3359960
61 0 3359968
61 5 3359972
61 25 3359972
61 43 3359978
61 26 3359987
61 30 3359987
61 79 3359993
61 77 3359999
61 80 3360002
61 11 3360006
61 76 3360013
61 34 3360013
61 24 3360015
61 78 3360017
61 16 3360025
61 17 3360031
61 2 3360040
61 70 3360042
61 63 3360045
61 8 3360049
61 28 3360051
61 7 3360058
61 75 3360065
61 18 3360073
61 15 3360081
62 2 3360082
62 28 3360086
62 71 3360094
62 79 3360097
62 81 3360102
62 7 3360103
62 45 3360108
62 16 3360108
62 5 3360113
62 85 3360121
62 24 3360125
62 50 3360127
63 31 3360129
63 44 3360131
63 20 3360138
63 45 3360145
63 1 3360149
63 90 3360158
63 77 3360161
63 34 3360166
63 89 3360166
63 67 3360169
63 14 3360171
63 41 3360171
63 78 3360176
63 9 3360178
63 83 3360185
63 17 3360194
63 22 3360201
63 85 3360207
63 39 3360212
63 35 3360218
63 70 3360220
63 60 3360221
63 36 3360223
63 74 3360227
63 4 3360233
63 5 3360236
63 84 3360237
63 83 3360246
63 34 3360248
63 53 3360254
63 82 3360258
63 52 3360258
63 74 3360267
63 13 3360269
63 28 3360278
63 61 3360281
63 4 3360281
63 66 3360286
63 41 3360294
63 76 3360297
63 10 3360297
63 54 3360298
63 14 3360299
63 26 3360308
63 19 3360316
63 70 3360317
63 31 3360324
63 88 3360333
63 90 3360333
63 60 3360336
63 51 3360342
64 55 3360349
64 18 3360350
64 82 3360355
64 85 3360362
64 28 3360362
64 0 3360370
64 65 3360371
64 8 3360373
64 17 3360378
64 16 3360383
64 71 3360391
64 43 3360400
64 59 3360408
64 45 3360411
64 26 3360417
64 5 3360422
64 34 3360426
64 62 3360431
64 29 3360437
64 46 3360440
64 10 3360444
64 73 3360451
64 53 3360459
64 70 3360468
64 66 3360472
64 38 3360479
64 3 3360483
64 9 3360488
64 34 3360491
64 57 3360498
64 35 3360498
64 42 3360501
64 20 3360504
64 16 3360512
64 23 3360520
64 89 3360523
64 40 3360528
64 78 3360536
64 80 3360542
64 21 3360546
64 0 3360550
64 19 3360551
64 11 3360554
64 54 3360556
64 87 3360559
64 1 3360567
64 44 3360567
64 4 3360574
64 79 3360576
64 43 3360580
64 73 3360586
64 51 3360594
65 85 3360603
65 50 3360608
65 62 3360616
65 13 3360618
65 26 3360622
65 80 3360623
65 17 3360628
65 35 3360637
65 16 3360637
65 60 3360642
65 42 3360651
65 41 3360659
65 57 3360659
65 88 3360662
65 33 3360666
65 18 3360673
65 19 3360679
65 44 3360686
65 9 3360689
65 15 3360695
65 90 3360696
65 56 3360701
65 5 3360703
65 66 3360710
65 27 3360715
65 32 3360722
65 52 3360731
65 4 3360733
65 45 3360735
65 83 3360735
65 79 3360742
65 71 3360750
65 64 3360756
65 58 3360756
65 24 3360761
65 86 3360764
65 78 3360766
65 34 3360770
65 54 3360776
65 31 3360779
65 53 3360781
65 14 3360788
65 73 3360797
65 61 3360799
65 81 3360805
65 83 3360806
65 14 3360813
65 4 3360818
65 38 3360827
65 60 3360834
65 71 3360834
65 11 3360838
65 32 3360847
65 76 3360847
65 53 3360856
65 68 3360861
65 73 3360866
65 17 3360871
65 30 3360872
65 85 3360872
65 34 3360876
65 2 3360877
65 3 3360877
65 40 3360878
65 66 3360879
65 45 3360884
65 67 3360887
65 75 3360894
65 23 3360895
65 69 3360899
65 47 3360900
65 27 3360901
65 49 3360902
65 43 3360906
65 26 3360913
65 8 3360915
65 86 3360923
65 59 3360923
65 46 3360928
65 54 3360929
65 48 3360937
65 18 3360940
65 51 3360948
65 61 3360949
65 88 3360953
65 24 3360956
65 79 3360956
65 80 3360961
65 74 3360966
65 55 3360975
65 42 3360983
65 5 3360984
66 36 3360993
66 44 3360994
66 55 3360996
66 41 3361005
66 79 3361011
66 58 3361011
66 82 3361012
66 59 3361016
66 26 3361022
66 33 3361025
66 9 3361027
66 28 3361028
66 57 3361028
66 32 3361028
66 15 3361029
66 40 3361030
66 67 3361037
66 64 3361039
66 85 3361039
66 76 3361040
66 70 3361042
66 89 3361050
66 19 3361056
66 69 3361056
66 53 3361056
66 62 3361065
66 84 3361074
66 22 3361083
66 61 3361085
66 5 3361086
66 50 3361092
66 25 3361092
66 58 3361099
66 27 3361101
66 32 3361105
66 85 3361108
66 17 3361114
66 70 3361121
66 5 3361130
66 62 3361136
66 18 3361143
66 60 3361147
66 71 3361148
66 29 3361150
66 31 3361157
66 67 3361158
66 80 3361167
66 49 3361175
66 24 3361183
66 34 3361183
66 64 3361187
66 36 3361190
66 6 3361196
66 75 3361203
66 79 3361212
66 82 3361220
66 89 3361228
66 1 3361230
66 63 3361230
66 51 3361230
66 56 3361235
66 69 3361238
66 20 3361244
66 59 3361252
66 53 3361259
67 52 3361259
67 35 3361262
67 38 3361263
67 64 3361266
67 39 3361273
67 73 3361281
67 74 3361284
67 12 3361291
67 81 3361298
67 30 3361306
67 55 3361314
67 40 3361318
67 56 3361319
67 17 3361323
67 50 3361331
67 33 3361338
67 31 3361342
67 89 3361342
67 8 3361348
67 51 3361350
67 44 3361353
67 9 3361354
67 66 3361355
67 42 3361355
67 20 3361355
67 32 3361359
67 3 3361363
67 59 3361372
67 68 3361380
67 0 3361387
67 27 3361394
67 13 3361403
67 25 3361403
67 49 3361404
67 29 3361405
67 46 3361411
67 60 3361418
67 90 3361426
67 58 3361426
67 63 3361435
67 15 3361441
67 39 3361448
67 30 3361457
67 43 3361465
67 55 3361471
67 79 3361471
67 28 3361480
67 61 3361483
67 13 3361487
67 50 3361496
67 25 3361500
67 24 3361504
67 49 3361510
67 37 3361515
67 41 3361516
67 69 3361517
67 86 3361517
67 19 3361523
67 14 3361524
67 44 3361530
67 62 3361535
67 9 3361538
67 22 3361545
67 38 3361552
67 68 3361560
67 11 3361569
67 40 3361571
67 78 3361580
67 3 3361583
67 87 3361589
67 84 3361597
67 7 3361598
67 74 3361600
67 0 3361602
67 57 3361606
67 59 3361611
67 73 3361614
67 52 3361621
67 2 3361625
67 27 3361632
67 8 3361636
67 32 3361642
67 45 3361650
67 1 3361656
67 33 3361663
67 71 3361672
67 75 3361675
68 38 3361677
68 61 3361683
68 90 3361687
68 55 3361688
68 74 3361689
68 19 3361696
68 86 3361705
68 4 3361708
68 21 3361717
68 42 3361721
68 72 3361722
68 70 3361730
68 62 3361735
68 30 3361742
68 15 3361749
68 7 3361754
68 83 3361759
68 27 3361761
68 25 3361770
68 56 3361778
68 34 3361783
68 8 3361783
68 60 3361787
68 40 3361789
68 2 3361794
68 35 3361797
68 61 3361797
68 25 3361805
68 76 3361806
68 83 3361814
68 16 3361820
68 87 3361829
68 57 3361831
68 1 3361838
68 30 3361840
68 89 3361848
68 2 3361848
68 65 3361848
68 28 3361853
68 63 3361860
68 56 3361868
68 53 3361874
68 38 3361879
68 69 3361887
68 12 3361894
68 67 3361894
68 3 3361902
68 36 3361902
68 78 3361910
68 31 3361916
69 87 3361922
69 21 3361923
69 79 3361929
69 57 3361932
69 11 3361937
69 12 3361940
69 80 3361946
69 29 3361946
69 82 3361953
69 14 3361958
69 39 3361961
69 32 3361962
69 84 3361964
69 72 3361968
69 85 3361973
69 70 3361981
69 61 3361981
69 8 3361988
69 13 3361996
69 64 3362003
69 67 3362008
69 19 3362009
69 7 3362009
69 43 3362017
69 35 3362022
69 55 3362029
69 48 3362034
69 30 3362037
69 78 3362046
69 74 3362049
69 4 3362051
69 17 3362054
69 22 3362055
69 63 3362055
69 73 3362056
69 66 3362061
69 10 3362069
69 40 3362076
69 34 3362077
69 27 3362079
69 37 3362086
69 23 3362087
69 89 3362087
69 24 3362089
69 16 3362095
69 52 3362103
69 20 3362110
69 53 3362115
69 2 3362122
69 86 3362130
69 83 3362131
69 0 3362139
69 1 3362147
69 47 3362151
69 88 3362157
69 70 3362162
69 72 3362171
69 40 3362173
69 88 3362180
69 74 3362187
69 37 3362192
69 71 3362201
69 22 3362204
69 73 3362211
69 55 3362216
69 39 3362220
69 59 3362228
69 80 3362229
69 31 3362230
69 63 3362234
69 43 3362241
69 62 3362246
69 1 3362255
69 66 3362263
69 13 3362271
69 42 3362280
69 27 3362284
69 16 3362289
69 26 3362297
69 12 3362297
69 75 3362300
69 57 3362309
69 82 3362312
69 11 3362317
69 34 3362322
69 76 3362331
69 85 3362333
69 51 3362337
69 64 3362343
69 67 3362349
69 47 3362352
69 44 3362357
69 33 3362365
69 46 3362373
69 65 3362373
69 90 3362380
69 77 3362387
69 84 3362393
69 41 3362393
69 87 3362397
69 4 3362399
69 3 3362408
69 0 3362415
69 19 3362422
69 79 3362429
69 53 3362431
69 10 3362436
69 50 3362436
69 45 3362441
69 6 3362447
70 12 3362451
70 1 3362458
70 67 3362461
70 10 3362465
70 52 3362473
70 9 3362475
70 14 3362480
70 23 3362485
70 62 3362493
70 80 3362499
70 48 3362505
70 15 3362507
70 72 3362512
70 75 3362512
70 4 3362518
70 58 3362521
70 71 3362522
70 16 3362523
70 47 3362528
70 43 3362528
70 19 3362536
70 34 3362540
70 85 3362547
70 26 3362547
70 73 3362551
70 2 3362553
70 53 3362561
70 40 3362564
70 13 3362564
70 42 3362571
70 86 3362577
70 44 3362577
70 57 3362578
70 77 3362586
70 7 3362592
70 37 3362601
70 33 3362606
70 78 3362612
70 83 3362620
70 64 3362629
70 79 3362633
70 24 3362640
70 49 3362648
70 28 3362648
70 0 3362654
70 31 3362661
70 35 3362669
70 30 3362678
70 65 3362680
70 25 3362688
70 38 3362694
70 51 3362700
70 77 3362709
70 13 3362713
70 16 3362716
70 29 3362716
70 4 3362722
70 30 3362727
70 6 3362727
70 33 3362734
70 83 3362735
70 18 3362736
70 48 3362741
70 81 3362746
70 15 3362752
70 19 3362761
70 25 3362768
70 20 3362769
70 21 3362769
70 47 3362774
70 8 3362782
70 35 3362788
70 42 3362790
70 7 3362793
70 45 3362799
70 69 3362803
70 41 3362808
70 59 3362812
70 49 3362818
70 26 3362818
70 34 3362822
70 55 3362827
70 68 3362830
70 72 3362835
70 44 3362838
70 43 3362843
70 5 3362845
70 40 3362853
70 37 3362854
70 28 3362861
70 12 3362861
70 85 3362863
70 62 3362869
70 75 3362876
70 53 3362884
70 24 3362893
71 50 3362897
71 4 3362899
71 70 3362899
71 22 3362901
71 47 3362902
71 26 3362902
71 51 3362906
71 81 3362915
71 87 3362921
71 15 3362930
71 73 3362937
71 52 3362940
71 38 3362949
71 40 3362951
71 80 3362951
71 77 3362955
71 44 3362962
71 79 3362970
71 19 3362971
71 20 3362976
71 66 3362978
71 84 3362986
71 18 3362987
71 0 3362996
71 39 3363002
71 75 3363003
71 85 3363004
71 45 3363008
71 10 3363014
71 27 3363021
71 23 3363021
71 63 3363022
71 49 3363026
71 1 3363027
71 36 3363028
71 27 3363032
71 81 3363037
71 58 3363041
71 67 3363048
71 42 3363054
71 3 3363057
71 68 3363058
71 54 3363067
71 66 3363073
71 52 3363074
71 43 3363078
71 89 3363084
71 29 3363085
71 65 3363090
71 70 3363096
71 72 3363098
71 47 3363099
71 78 3363105
71 20 3363107
71 15 3363108
71 76 3363115
71 53 3363115
71 45 3363119
71 25 3363121
71 73 3363125
71 18 3363129
71 49 3363135
71 55 3363144
71 34 3363149
71 40 3363154
71 46 3363155
71 50 3363157
71 84 3363164
71 82 3363164
71 31 3363165
71 10 3363170
72 82 3363179
72 41 3363187
72 76 3363191
72 55 3363191
72 3 3363193
72 44 3363200
72 51 3363200
72 88 3363203
72 6 3363206
72 46 3363214
72 77 3363217
72 63 3363220
72 90 3363225
72 8 3363232
72 0 3363239
72 65 3363248
72 13 3363251
72 18 3363255
72 66 3363261
72 45 3363270
72 80 3363274
72 87 3363275
72 53 3363278
72 67 3363280
72 56 3363281
72 62 3363285
72 61 3363294
72 17 3363296
72 67 3363299
72 51 3363302
72 75 3363310
72 55 3363310
72 32 3363314
72 23 3363314
72 64 3363322
72 34 3363322
72 36 3363326
72 21 3363333
72 58 3363340
72 29 3363345
72 69 3363350
72 90 3363353
72 19 3363358
72 41 3363359
72 10 3363359
72 25 3363368
72 20 3363371
72 18 3363373
72 39 3363381
72 42 3363381
72 60 3363384
72 33 3363385
72 53 3363390
73 45 3363390
73 9 3363399
73 84 3363399
73 66 3363399
73 23 3363399
73 53 3363406
73 12 3363413
73 80 3363417
73 62 3363419
73 26 3363420
73 58 3363420
73 4 3363428
73 8 3363434
73 24 3363437
73 74 3363439
73 86 3363448
73 79 3363450
73 18 3363451
73 52 3363451
73 10 3363460
73 59 3363469
73 20 3363470
73 77 3363472
73 55 3363475
73 31 3363481
73 63 3363486
73 64 3363495
73 18 3363499
73 57 3363505
73 60 3363510
73 3 3363511
73 42 3363520
73 59 3363528
73 68 3363534
73 88 3363543
73 85 3363550
73 28 3363557
73 19 3363565
73 78 3363570
73 5 3363577
73 72 3363581
73 55 3363589
73 15 3363596
73 32 3363603
73 89 3363603
73 39 3363611
73 6 3363611
73 52 3363618
73 13 3363618
73 38 3363621
73 80 3363628
73 62 3363637
73 76 3363644
73 75 3363646
74 62 3363652
74 9 3363655
74 59 3363655
74 80 3363661
74 3 3363661
74 77 3363668
74 28 3363669
74 53 3363674
74 13 3363674
74 87 3363681
74 14 3363690
74 15 3363696
74 0 3363701
74 20 3363707
74 4 3363707
74 37 3363710
74 75 3363712
74 83 3363713
74 46 3363714
74 81 3363716
74 43 3363719
74 10 3363724
74 57 3363729
74 88 3363734
74 67 3363742
74 35 3363751
74 53 3363760
74 25 3363764
74 75 3363771
74 3 3363778
74 22 3363779
74 65 3363782
74 44 3363789
74 37 3363795
74 68 3363799
74 79 3363806
74 45 3363815
74 59 3363824
74 47 3363833
74 73 3363837
74 17 3363846
74 62 3363852
74 78 3363860
74 69 3363866
74 64 3363869
74 84 3363874
74 54 3363881
74 7 3363887
74 24 3363889
74 19 3363898
74 48 3363903
74 76 3363908
74 29 3363908
75 10 3363916
75 76 3363922
75 25 3363931
75 12 3363938
75 17 3363943
75 7 3363946
75 31 3363954
75 68 3363954
75 51 3363960
75 5 3363965
75 24 3363971
75 18 3363974
75 0 3363976
75 77 3363976
75 87 3363976
75 53 3363981
75 6 3363990
75 62 3363998
75 79 3364001
75 13 3364005
75 88 3364006
75 50 3364008
75 89 3364012
75 59 3364014
75 90 3364017
75 54 3364024
75 8 3364026
75 36 3364032
75 71 3364037
75 48 3364042
75 49 3364049
75 32 3364053
75 20 3364062
75 64 3364063
75 80 3364063
75 85 3364063
75 47 3364068
75 26 3364076
75 35 3364084
75 78 3364086
75 30 3364089
75 11 3364089
75 58 3364089
75 29 3364096
75 25 3364105
75 63 3364113
75 68 3364122
75 9 3364123
75 39 3364132
75 48 3364140
75 31 3364144
75 78 3364150
75 66 3364150
75 4 3364154
75 73 3364163
75 65 3364168
75 11 3364177
75 15 3364184
75 44 3364188
75 51 3364194
75 76 3364201
75 12 3364201
75 21 3364206
75 64 3364212
75 27 3364220
75 60 3364221
75 16 3364227
75 37 3364230
75 58 3364230
75 74 3364232
75 46 3364235
75 43 3364239
75 6 3364240
75 59 3364240
75 3 3364247
75 70 3364256
75 7 3364261
75 56 3364269
75 22 3364278
75 10 3364282
75 38 3364283
75 28 3364283
75 26 3364292
75 55 3364297
75 45 3364299
75 85 3364301
75 1 3364301
75 0 3364303
75 40 3364310
75 13 3364314
75 36 3364318
75 50 3364323
75 35 3364325
76 26 3364329
76 15 3364332
76 37 3364336
76 38 3364341
76 80 3364350
76 85 3364359
76 83 3364368
76 3 3364373
76 27 3364379
76 10 3364379
76 33 3364386
76 81 3364393
76 75 3364399
76 45 3364406
76 84 3364408
76 32 3364417
76 72 3364420
76 24 3364421
76 62 3364422
76 56 3364423
76 18 3364431
76 70 3364440
76 32 3364447
76 52 3364452
76 2 3364456
76 80 3364463
76 8 3364470
76 3 3364478
76 42 3364485
76 18 3364494
76 40 3364499
76 86 3364508
76 37 3364514
76 15 3364522
76 45 3364525
76 77 3364532
76 56 3364538
76 72 3364538
76 83 3364547
76 27 3364547
76 7 3364556
76 79 3364556
76 65 3364556
76 46 3364558
77 59 3364565
77 72 3364569
77 88 3364574
77 33 3364582
77 31 3364585
77 34 3364588
77 64 3364595
77 26 3364604
77 87 3364611
77 37 3364612
77 55 3364614
77 76 3364616
77 53 3364622
77 48 3364628
77 65 3364634
77 43 3364643
77 0 3364646
77 10 3364650
77 69 3364658
77 70 3364661
77 80 3364667
77 90 3364673
77 22 3364676
77 60 3364676
77 79 3364682
77 47 3364682
77 53 3364682
77 67 3364685
77 61 3364686
77 34 3364693
77 38 3364696
77 57 3364704
77 19 3364712
77 54 3364719
77 68 3364721
77 72 3364727
77 33 3364730
77 60 3364738
77 43 3364740
77 21 3364749
77 25 3364753
77 55 3364760
77 13 3364766
77 56 3364774
77 86 3364781
77 11 3364783
77 15 3364785
77 70 3364786
77 82 3364794
78 28 3364796
78 77 3364799
78 5 3364804
78 7 3364812
79 28 3364815
79 75 3364821
79 33 3364828
79 83 3364833
79 63 3364837
79 54 3364843
79 8 3364843
79 9 3364852
79 3 3364856
79 17 3364857
79 27 3364859
79 80 3364861
79 2 3364870
79 22 3364874
79 0 3364878
79 58 3364882
79 1 3364891
79 19 3364892
79 16 3364895
79 34 3364899
79 70 3364907
79 87 3364916
79 71 3364921
79 69 3364923
79 35 3364926
79 4 3364931
79 62 3364940
79 30 3364945
79 81 3364952
79 18 3364953
79 50 3364956
79 31 3364956
79 58 3364962
79 82 3364963
79 54 3364965
79 4 3364973
79 86 3364980
79 30 3364980
79 44 3364984
79 11 3364990
79 34 3364994
79 78 3364997
79 38 3364997
79 85 3364998
79 56 3364998
79 39 3364999
79 14 3365008
79 5 3365011
79 61 3365012
79 45 3365014
79 80 3365021
79 87 3365029
79 75 3365035
79 25 3365043
79 21 3365049
79 77 3365049
79 9 3365057
79 67 3365065
79 27 3365066
79 70 3365068
79 53 3365076
79 3 3365083
79 69 3365088
79 43 3365095
79 42 3365097
79 73 3365104
80 4 3365110
80 79 3365115
80 63 3365121
80 58 3365123
80 53 3365127
80 32 3365130
80 27 3365131
80 46 3365135
80 13 3365136
80 30 3365137
80 61 3365139
80 67 3365142
80 21 3365151
80 56 3365155
80 50 3365157
80 45 3365165
80 40 3365173
80 83 3365175
80 7 3365181
80 24 3365183
80 38 3365192
80 68 3365197
80 44 3365206
80 34 3365213
80 16 3365221
80 42 3365225
80 47 3365227
80 57 3365235
80 65 3365239
80 20 3365246
80 48 3365247
80 41 3365250
80 74 3365252
80 55 3365253
80 88 3365256
80 16 3365257
80 73 3365260
80 51 3365267
80 22 3365267
80 86 3365270
80 32 3365271
80 7 3365279
80 70 3365280
80 68 3365288
80 50 3365290
80 58 3365298
80 9 3365300
80 15 3365301
80 31 3365309
80 78 3365312
80 89 3365321
80 47 3365328
80 28 3365336
80 33 3365340
80 18 3365345
80 26 3365351
80 17 3365358
80 71 3365364
80 36 3365364
80 25 3365369
80 6 3365373
80 82 3365380
80 43 3365389
81 27 3365393
81 0 3365401
81 89 3365408
81 5 3365415
81 74 3365424
81 13 3365425
81 52 3365432
81 70 3365441
81 19 3365441
81 55 3365443
81 11 3365452
81 14 3365455
81 79 3365456
81 29 3365458
81 6 3365465
81 25 3365474
81 4 3365476
81 15 3365484
82 20 3365489
82 6 3365491
82 31 3365497
82 29 3365504
82 40 3365504
82 48 3365507
82 43 3365512
82 67 3365513
82 32 3365517
82 12 3365525
82 0 3365528
82 41 3365531
82 14 3365539
82 83 3365548
82 37 3365553
82 44 3365553
82 24 3365561
82 19 3365563
82 55 3365567
82 9 3365574
82 50 3365577
82 49 3365586
82 60 3365589
82 72 3365592
82 45 3365594
82 71 3365601
82 90 3365603
82 23 3365610
82 86 3365617
82 3 3365622
82 27 3365625
82 62 3365628
82 34 3365634
82 89 3365639
82 26 3365644
82 8 3365644
82 78 3365651
82 84 3365654
82 42 3365655
82 11 3365658
82 85 3365658
82 66 3365660
82 16 3365668
82 64 3365676
82 86 3365684
82 90 3365689
82 24 3365695
82 75 3365697
82 32 3365702
82 66 3365703
82 51 3365704
82 30 3365709
82 23 3365711
82 53 3365712
82 73 3365715
82 12 3365720
82 81 3365725
82 61 3365729
82 52 3365736
82 13 3365744
82 1 3365750
82 37 3365758
82 69 3365763
82 67 3365764
82 47 3365765
82 34 3365765
82 48 3365769
82 10 3365773
82 76 3365774
82 22 3365782
82 79 3365784
82 56 3365789
82 43 3365794
82 55 3365800
82 33 3365803
82 5 3365804
82 87 3365812
82 46 3365816
82 2 3365822
82 36 3365828
82 31 3365834
82 28 3365838
82 49 3365838
82 42 3365843
82 3 3365849
82 57 3365857
82 17 3365859
82 14 3365861
83 9 3365869
83 34 3365872
83 60 3365881
83 88 3365889
84 82 3365889
84 30 3365891
84 23 3365895
84 3 3365903
84 6 3365903
84 53 3365903
84 29 3365904
84 26 3365907
84 68 3365910
84 43 3365917
84 27 3365921
84 48 3365921
84 66 3365922
84 80 3365927
84 89 3365930
84 55 3365932
84 33 3365933
84 85 3365937
84 25 3365942
84 39 3365942
84 45 3365949
84 24 3365955
84 0 3365961
84 63 3365969
84 57 3365971
84 18 3365976
84 34 3365977
84 86 3365982
84 64 3365985
84 4 3365990
84 36 3365996
84 61 3365999
84 41 3366008
84 35 3366014
84 44 3366017
84 70 3366026
84 56 3366028
84 79 3366030
84 81 3366032
84 49 3366039
84 8 3366043
84 54 3366043
84 77 3366050
84 21 3366051
84 27 3366055
84 28 3366064
84 11 3366065
84 47 3366074
84 57 3366075
84 43 3366078
84 80 3366081
84 19 3366083
84 90 3366084
84 37 3366086
84 78 3366094
84 29 3366094
84 63 3366096
84 10 3366102
84 35 3366109
84 55 3366113
84 13 3366121
84 20 3366122
84 18 3366130
84 7 3366131
84 74 3366140
84 46 3366147
84 5 3366155
84 6 3366159
84 76 3366164
84 23 3366164
84 56 3366165
84 22 3366172
84 40 3366175
84 87 3366176
84 31 3366177
84 58 3366186
84 45 3366187
84 60 3366189
84 62 3366197
84 53 3366198
85 22 3366203
85 53 3366206
85 51 3366212
85 61 3366212
85 37 3366212
85 69 3366220
85 81 3366226
85 19 3366231
85 4 3366234
85 5 3366243
85 73 3366249
85 82 3366251
85 8 3366258
85 68 3366266
86 83 3366267
86 68 3366273
86 38 3366277
86 34 3366280
86 7 3366287
86 90 3366287
86 60 3366287
86 85 3366289
86 59 3366290
86 39 3366295
86 37 3366298
86 20 3366301
86 81 3366303
86 21 3366305
86 67 3366313
86 12 3366316
86 45 3366317
86 53 3366322
86 29 3366325
86 89 3366332
86 69 3366336
86 18 3366336
86 25 3366336
86 65 3366345
86 79 3366345
86 26 3366351
86 62 3366352
86 88 3366352
86 1 3366354
86 23 3366361
86 66 3366369
86 22 3366377
86 13 3366383
86 71 3366383
86 49 3366387
86 30 3366394
86 5 3366403
86 82 3366410
86 46 3366411
86 44 3366419
86 9 3366423
86 43 3366428
86 55 3366431
86 15 3366435
86 84 3366442
86 52 3366448
86 47 3366452
86 16 3366458
86 51 3366464
86 58 3366470
86 54 3366475
86 72 3366482
86 2 3366485
86 64 3366488
86 11 3366495
86 58 3366501
86 0 3366508
86 2 3366510
86 67 3366511
86 40 3366518
86 42 3366519
86 65 3366521
86 9 3366525
86 77 3366531
86 46 3366537
86 68 3366545
86 28 3366547
86 69 3366555
86 85 3366562
86 89 3366566
86 73 3366572
86 37 3366573
86 39 3366581
86 87 3366586
86 17 3366588
86 84 3366593
86 33 3366594
86 63 3366594
86 57 3366602
86 83 3366610
86 15 3366619
86 18 3366620
86 31 3366622
86 51 3366627
86 66 3366629
86 75 3366637
86 6 3366638
86 25 3366638
86 26 3366644
86 71 3366653
86 13 3366654
86 90 3366659
86 61 3366667
86 3 3366670
86 24 3366672
86 35 3366675
86 45 3366678
86 29 3366679
86 27 3366685
86 16 3366690
86 5 3366691
86 10 3366691
86 41 3366691
86 79 3366691
86 30 3366694
86 62 3366697
86 36 3366703
86 64 3366708
86 80 3366709
86 56 3366715
86 72 3366718
86 1 3366721
87 30 3366730
87 43 3366738
87 79 3366747
87 46 3366755
87 61 3366761
87 33 3366764
87 13 3366771
87 57 3366772
87 3 3366780
87 83 3366781
87 44 3366785
87 52 3366791
87 0 3366794
87 28 3366798
87 77 3366799
87 48 3366807
87 22 3366814
87 53 3366814
87 8 3366818
87 47 3366818
87 60 3366825
87 6 3366828
87 90 3366829
87 75 3366836
87 68 3366842
87 11 3366848
87 14 3366849
87 12 3366853
87 81 3366861
87 54 3366867
87 31 3366871
87 70 3366878
87 29 3366878
87 64 3366881
87 63 3366884
87 82 3366887
87 71 3366896
87 80 3366904
87 58 3366904
87 50 3366907
87 62 3366907
87 38 3366907
87 18 3366914
87 42 3366917
87 59 3366918
87 15 3366926
87 49 3366934
87 2 3366936
87 34 3366941
87 36 3366950
87 23 3366950
87 32 3366959
87 85 3366962
87 89 3366971
87 78 3366976
87 10 3366978
87 63 3366986
87 60 3366989
87 38 3366990
87 64 3366996
87 23 3366997
87 21 3367006
87 9 3367014
87 4 3367016
87 50 3367016
87 3 3367019
87 71 3367025
87 56 3367026
87 2 3367028
87 31 3367030
87 16 3367032
87 55 3367032
87 29 3367041
87 28 3367042
87 43 3367043
87 27 3367043
87 81 3367047
87 80 3367055
87 46 3367057
87 75 3367058
87 70 3367065
87 62 3367073
87 76 3367075
87 67 3367078
87 6 3367083
87 79 3367086
87 68 3367092
87 89 3367095
87 82 3367104
87 37 3367107
87 44 3367108
87 88 3367108
87 11 3367112
87 7 3367119
87 69 3367128
87 0 3367136
87 52 3367145
87 53 3367150
87 73 3367158
87 59 3367166
87 41 3367170
88 81 3367173
88 0 3367176
88 72 3367181
88 24 3367190
88 83 3367191
88 48 3367197
88 56 3367205
88 59 3367205
88 75 3367214
88 58 3367221
88 74 3367226
88 49 3367230
88 30 3367235
88 82 3367241
88 61 3367241
88 55 3367242
88 12 3367243
88 36 3367246
88 50 3367251
88 11 3367257
88 52 3367260
88 66 3367267
88 1 3367273
88 13 3367281
88 73 3367289
88 67 3367293
88 35 3367295
88 78 3367296
88 47 3367303
88 79 3367304
88 80 3367308
88 40 3367308
88 71 3367310
88 10 3367311
88 31 3367315
88 86 3367324
88 62 3367333
88 18 3367337
88 23 3367339
88 2 3367340
88 5 3367346
88 3 3367349
88 9 3367354
88 15 3367356
88 69 3367356
88 39 3367364
88 8 3367364
88 89 3367365
88 65 3367366
88 25 3367367
88 27 3367375
88 60 3367375
88 37 3367381
88 64 3367381
88 42 3367383
88 75 3367388
88 66 3367388
88 34 3367388
88 3 3367391
88 14 3367399
88 79 3367402
88 54 3367410
88 23 3367414
88 4 3367417
88 35 3367424
88 86 3367429
88 25 3367438
88 67 3367441
88 78 3367445
88 43 3367454
88 21 3367455
88 59 3367458
88 70 3367459
88 53 3367466
88 89 3367472
88 57 3367477
88 7 3367484
88 46 3367491
88 60 3367494
88 39 3367501
88 47 3367510
88 10 3367512
88 40 3367514
88 65 3367521
88 33 3367521
88 19 3367530
88 31 3367537
88 18 3367545
88 82 3367549
88 11 3367556
88 5 3367557
88 80 3367557
88 45 3367560
88 20 3367562
88 48 3367571
88 13 3367574
88 73 3367579
88 84 3367584
88 51 3367586
88 71 3367589
88 68 3367589
88 74 3367598
88 61 3367599
89 12 3367602
89 49 3367605
89 75 3367611
90 81 3367616
90 75 3367623
90 87 3367623
90 7 3367631
90 66 3367634
90 60 3367635
90 32 3367638
90 80 3367643
90 21 3367644
90 13 3367644
90 61 3367650
90 26 3367653
90 67 3367656
90 9 3367656
90 8 3367663
90 4 3367669
90 88 3367670
90 1 3367673
90 19 3367680
90 70 3367687
90 63 3367693
90 29 3367697
90 23 3367703
90 76 3367705
90 36 3367706
90 25 3367710
90 37 3367714
90 41 3367722
90 73 3367722
90 2 3367726
90 14 3367732
90 17 3367732
90 83 3367735
90 85 3367736
90 77 3367741
90 11 3367746
90 6 3367749
90 34 3367758
90 39 3367763
90 86 3367768
90 67 3367770
90 38 3367774
90 84 3367782
90 50 3367786
90 28 3367793
90 29 3367798
90 5 3367803
90 19 3367805
90 24 3367805
90 60 3367807
90 54 3367813
90 51 3367821
90 77 3367827
90 49 3367836
90 64 3367841
90 52 3367845
90 55 3367846
90 79 3367851
90 30 3367855
90 71 3367856
90 4 3367859
90 40 3367862
90 10 3367869
