94
true
0 81 3694070
0 32 3694073
0 61 3694081
0 73 3694090
0 30 3694098
0 44 3694103
0 23 3694106
0 50 3694112
0 38 3694117
0 75 3694123
0 91 3694125
0 87 3694132
0 47 3694134
0 92 3694138
0 55 3694144
0 76 3694147
0 70 3694150
0 26 3694153
0 82 3694154
0 88 3694162
0 6 3694162
0 24 3694164
0 10 3694165
0 71 3694168
0 36 3694169
0 13 3694173
0 29 3694182
0 79 3694189
0 4 3694195
0 51 3694202
0 46 3694208
0 45 3694214
0 66 3694218
0 64 3694218
0 78 3694218
0 3 3694225
0 43 3694229
0 67 3694230
0 28 3694239
0 52 3694239
0 49 3694245
0 31 3694251
0 42 3694256
0 14 3694256
0 89 3694264
0 85 3694267
0 69 3694271
0 57 3694280
0 56 3694282
0 77 3694286
0 59 3694289
0 39 3694289
0 65 3694289
0 48 3694295
0 80 3694300
0 40 3694308
0 34 3694313
0 27 3694319
0 40 3694320
0 14 3694320
0 22 3694324
0 81 3694331
0 64 3694332
0 16 3694338
0 74 3694345
0 67 3694352
0 49 3694360
0 60 3694365
0 30 3694367
0 28 3694369
0 29 3694374
0 56 3694375
0 53 3694380
0 5 3694380
0 48 3694385
0 78 3694394
0 47 3694402
0 70 3694403
0 12 3694412
0 38 3694414
0 24 3694422
0 57 3694422
0 80 3694424
0 79 3694427
0 83 3694434
0 87 3694443
0 63 3694443
0 35 3694446
0 93 3694451
0 7 3694460
0 58 3694467
0 10 3694474
0 66 3694480
0 51 3694489
0 91 3694498
0 86 3694503
0 8 3694507
0 59 3694512
0 15 3694515
0 42 3694523
0 39 3694525
0 54 3694534
0 11 3694543
0 75 3694548
0 25 3694550
0 55 3694555
0 32 3694557
0 92 3694557
0 69 3694558
0 85 3694562
0 23 3694571
0 19 3694580
1 5 3694589
1 59 3694598
1 54 3694602
1 42 3694603
1 57 3694611
1 6 3694617
1 21 3694618
1 80 3694623
1 36 3694627
1 51 3694636
1 29 3694640
1 52 3694644
1 66 3694649
1 9 3694654
1 26 3694656
1 56 3694661
1 17 3694669
1 60 3694673
1 61 3694677
1 68 3694683
1 69 3694686
1 89 3694691
1 38 3694691
1 24 3694699
1 45 3694705
1 3 3694706
1 46 3694706
1 34 3694709
1 22 3694716
1 70 3694725
1 62 3694730
1 16 3694738
1 53 3694744
1 13 3694745
1 60 3694745
1 7 3694748
1 83 3694750
1 69 3694750
1 54 3694759
1 79 3694759
1 58 3694762
1 82 3694763
1 50 3694770
1 14 3694779
1 3 3694787
1 17 3694787
1 22 3694787
1 77 3694787
1 21 3694788
1 75 3694794
1 46 3694796
1 23 3694800
1 59 3694808
1 37 3694813
1 4 3694814
1 20 3694819
1 56 3694828
1 25 3694833
1 68 3694839
1 45 3694846
1 33 3694853
1 47 3694855
1 81 3694862
1 6 3694863
1 74 3694865
1 43 3694872
1 70 3694879
1 39 3694884
1 78 3694890
1 84 3694893
1 15 3694898
2 78 3694906
2 54 3694914
2 88 3694917
2 66 3694924
2 64 3694933
2 62 3694941
2 3 3694950
4 86 3694959
4 38 3694962
4 48 3694967
4 2 3694973
4 24 3694979
4 88 3694982
4 63 3694983
4 71 3694990
4 75 3694997
4 32 3694999
4 18 3694999
4 17 3695007
4 35 3695015
4 85 3695021
4 29 3695030
4 83 3695039
4 45 3695040
4 16 3695049
4 37 3695051
5 61 3695060
5 26 3695066
5 58 3695067
5 77 3695067
5 34 3695074
5 2 3695080
5 85 3695080
5 54 3695080
5 67 3695086
5 91 3695094
5 1 3695102
5 53 3695104
5 59 3695108
5 49 3695117
5 23 3695125
5 36 3695132
5 48 3695135
5 65 3695141
5 31 3695144
5 37 3695150
5 4 3695157
5 25 3695163
5 22 3695169
5 27 3695173
5 40 3695176
5 22 3695177
5 67 3695184
5 38 3695189
5 78 3695197
5 36 3695203
5 50 3695208
5 19 3695209
5 6 3695217
5 11 3695226
5 64 3695226
5 32 3695230
5 84 3695230
5 62 3695238
5 56 3695247
5 48 3695252
5 55 3695259
5 49 3695263
5 10 3695271
5 33 3695273
5 24 3695275
5 73 3695281
5 87 3695287
5 16 3695293
5 70 3695293
5 92 3695300
5 60 3695307
6 15 3695310
6 40 3695318
6 28 3695319
6 76 3695323
6 7 3695331
6 83 3695339
6 82 3695344
6 44 3695353
6 87 3695361
6 9 3695370
6 79 3695370
6 86 3695371
6 49 3695371
6 70 3695377
6 77 3695385
6 21 3695393
6 34 3695400
6 10 3695403
6 55 3695410
6 65 3695415
6 59 3695415
6 64 3695419
6 88 3695426
6 51 3695429
6 93 3695438
6 67 3695443
6 22 3695450
6 61 3695455
6 31 3695458
6 42 3695465
6 84 3695468
6 56 3695477
6 43 3695484
6 71 3695488
6 11 3695492
6 3 3695495
6 69 3695495
6 1 3695502
6 54 3695511
6 89 3695520
6 32 3695523
6 66 3695524
6 62 3695532
6 14 3695535
6 18 3695543
6 81 3695546
6 57 3695548
6 85 3695554
6 73 3695560
6 50 3695562
6 27 3695563
6 75 3695569
6 17 3695573
6 90 3695576
6 8 3695576
6 41 3695581
6 2 3695582
6 72 3695588
6 5 3695592
6 11 3695594
6 56 3695597
6 43 3695606
6 7 3695615
6 69 3695623
6 71 3695631
6 29 3695636
6 63 3695642
6 28 3695646
6 73 3695646
6 50 3695652
6 53 3695660
6 32 3695664
6 52 3695664
6 45 3695669
6 70 3695674
6 20 3695675
6 12 3695679
6 62 3695680
6 8 3695681
6 59 3695688
6 15 3695695
6 0 3695695
6 67 3695697
6 40 3695699
6 35 3695706
6 84 3695713
6 22 3695717
6 93 3695726
6 37 3695731
6 19 3695739
6 83 3695744
6 78 3695744
6 24 3695745
6 5 3695752
6 89 3695760
6 79 3695769
6 9 3695777
6 33 3695781
6 90 3695785
6 55 3695787
6 23 3695791
6 80 3695793
6 66 3695798
6 46 3695805
6 14 3695812
6 87 3695812
6 82 3695813
6 88 3695819
6 91 3695828
6 36 3695835
6 34 3695844
6 31 3695851
6 58 3695856
6 72 3695857
6 60 3695866
6 38 3695875
7 40 3695877
7 2 3695883
7 87 3695890
7 6 3695890
7 47 3695898
7 85 3695904
7 24 3695904
7 69 3695910
7 66 3695913
7 53 3695922
7 68 3695927
7 35 3695933
7 9 3695942
7 73 3695950
7 82 3695959
7 48 3695965
7 28 3695966
7 64 3695972
7 27 3695977
7 10 3695981
7 19 3695981
7 11 3695981
7 62 3695988
7 79 3695997
7 12 3696004
7 45 3696010
7 20 3696015
7 41 3696018
7 80 3696019
7 25 3696026
7 83 3696034
7 38 3696038
7 42 3696047
7 32 3696050
7 30 3696052
7 75 3696053
7 63 3696056
7 22 3696056
7 8 3696065
7 15 3696067
7 44 3696068
7 52 3696070
7 58 3696079
7 18 3696085
7 56 3696091
7 60 3696100
7 33 3696107
7 17 3696108
7 77 3696108
7 34 3696114
7 1 3696119
7 36 3696127
7 30 3696131
7 24 3696137
7 8 3696140
7 19 3696148
7 79 3696152
7 46 3696159
7 1 3696160
7 6 3696169
7 73 3696173
7 47 3696176
7 27 3696179
7 38 3696187
7 67 3696193
7 71 3696200
7 60 3696203
7 44 3696209
7 68 3696213
7 29 3696222
7 66 3696230
7 18 3696237
7 2 3696240
7 70 3696249
7 76 3696253
7 89 3696258
7 55 3696258
7 51 3696261
7 32 3696262
7 86 3696270
7 4 3696274
7 16 3696277
7 45 3696286
7 92 3696287
7 33 3696292
7 64 3696299
7 93 3696299
7 62 3696305
7 88 3696305
7 9 3696314
7 52 3696317
7 85 3696318
7 23 3696322
7 39 3696329
7 26 3696334
7 0 3696342
7 48 3696350
7 82 3696353
7 63 3696360
7 78 3696364
7 77 3696366
7 31 3696366
7 14 3696366
7 10 3696366
7 84 3696373
8 71 3696373
8 19 3696376
8 18 3696378
8 83 3696386
8 77 3696387
8 82 3696393
8 3 3696402
8 10 3696411
8 24 3696413
8 2 3696414
8 89 3696414
8 0 3696420
8 34 3696425
8 54 3696433
8 22 3696436
8 28 3696436
8 61 3696441
8 4 3696443
8 16 3696446
8 36 3696447
8 12 3696452
8 19 3696461
8 53 3696464
8 92 3696468
8 34 3696474
8 10 3696482
8 38 3696490
8 67 3696498
8 72 3696507
8 61 3696516
8 37 3696517
8 44 3696525
8 64 3696526
8 2 3696531
8 83 3696531
8 1 3696531
8 25 3696531
9 72 3696533
9 28 3696535
9 86 3696542
9 64 3696546
9 82 3696551
9 74 3696559
9 35 3696568
9 69 3696576
9 32 3696582
9 33 3696586
9 67 3696591
9 85 3696595
9 41 3696596
9 77 3696604
9 83 3696609
9 45 3696615
9 57 3696623
9 54 3696628
9 24 3696630
9 80 3696634
9 61 3696639
9 71 3696639
9 26 3696646
9 38 3696655
9 52 3696658
9 70 3696664
9 53 3696670
9 90 3696676
9 43 3696682
9 34 3696682
9 19 3696683
9 46 3696688
9 76 3696692
9 29 3696701
9 49 3696706
9 20 3696707
9 58 3696708
9 31 3696712
9 57 3696720
9 38 3696727
9 48 3696733
9 31 3696737
9 19 3696739
9 89 3696746
9 15 3696750
9 45 3696752
9 24 3696753
9 21 3696761
9 70 3696766
9 59 3696773
9 20 3696782
9 22 3696785
9 1 3696790
9 40 3696794
9 8 3696795
9 58 3696804
9 51 3696810
9 16 3696814
9 43 3696820
9 78 3696827
9 29 3696830
9 69 3696838
9 33 3696842
9 4 3696844
9 14 3696851
9 71 3696855
9 34 3696856
9 2 3696856
9 36 3696857
9 0 3696865
9 73 3696870
9 39 3696874
9 53 3696877
9 27 3696883
9 80 3696891
9 82 3696896
9 44 3696901
9 50 3696908
9 88 3696909
10 36 3696914
10 60 3696922
10 81 3696927
10 6 3696934
10 72 3696938
10 57 3696944
10 69 3696948
10 14 3696953
10 93 3696958
10 66 3696960
10 8 3696966
10 54 3696975
10 45 3696979
10 9 3696979
10 18 3696985
10 90 3696987
10 50 3696995
10 75 3696998
10 24 3697004
10 92 3697008
10 2 3697014
10 64 3697022
10 12 3697025
10 68 3697029
10 76 3697037
10 16 3697037
10 0 3697046
10 53 3697046
10 79 3697051
10 88 3697052
10 23 3697052
10 34 3697055
10 62 3697056
10 71 3697058
10 49 3697064
10 85 3697066
10 79 3697067
10 18 3697072
10 75 3697080
10 2 3697087
10 13 3697089
10 5 3697092
10 28 3697098
10 66 3697105
10 82 3697110
10 65 3697117
10 73 3697126
10 33 3697130
10 21 3697130
10 54 3697132
10 6 3697141
10 4 3697147
10 36 3697153
10 69 3697162
10 52 3697169
10 85 3697174
10 44 3697183
10 68 3697186
10 71 3697194
10 7 3697194
10 59 3697202
10 19 3697205
10 23 3697207
10 9 3697208
10 56 3697209
11 81 3697215
11 21 3697219
11 30 3697227
11 12 3697234
11 86 3697234
11 16 3697237
11 18 3697242
11 2 3697251
11 26 3697258
11 76 3697266
11 65 3697269
11 45 3697277
11 40 3697281
11 20 3697289
11 50 3697296
11 31 3697297
11 53 3697304
11 41 3697313
11 8 3697321
11 46 3697325
11 48 3697328
11 4 3697331
11 73 3697331
11 14 3697337
11 44 3697343
11 6 3697344
11 1 3697350
11 56 3697353
11 75 3697355
11 78 3697363
11 89 3697372
11 62 3697373
11 36 3697379
11 3 3697381
11 49 3697385
11 27 3697385
11 28 3697392
11 24 3697394
11 39 3697401
11 68 3697409
11 51 3697410
11 64 3697412
11 60 3697417
11 59 3697419
11 83 3697419
11 77 3697425
11 92 3697425
11 19 3697431
11 5 3697438
11 70 3697444
11 90 3697451
11 72 3697454
11 55 3697456
11 17 3697460
11 54 3697467
11 79 3697476
11 67 3697479
11 82 3697483
11 58 3697483
11 41 3697491
11 31 3697500
11 17 3697501
11 19 3697505
11 27 3697513
11 80 3697515
11 10 3697524
11 6 3697527
11 92 3697529
11 55 3697534
11 7 3697539
11 59 3697544
11 21 3697545
11 69 3697549
11 90 3697557
11 85 3697558
11 74 3697559
11 62 3697566
11 51 3697568
11 23 3697569
11 14 3697574
11 18 3697576
11 60 3697576
11 22 3697576
11 75 3697576
11 29 3697578
11 40 3697582
11 24 3697590
11 20 3697596
11 13 3697603
11 87 3697611
11 28 3697611
11 43 3697615
11 33 3697621
11 64 3697622
11 4 3697627
11 46 3697628
11 53 3697631
11 42 3697639
11 15 3697641
11 57 3697643
11 0 3697644
11 45 3697653
11 38 3697662
11 48 3697664
11 65 3697664
11 36 3697671
11 54 3697674
11 70 3697680
12 92 3697688
12 75 3697696
12 20 3697696
12 7 3697696
12 76 3697701
12 63 3697708
12 52 3697712
12 81 3697715
12 8 3697715
12 64 3697722
12 0 3697727
12 45 3697733
12 30 3697736
12 65 3697739
12 73 3697745
12 25 3697750
12 4 3697754
12 33 3697759
12 18 3697767
12 3 3697769
12 44 3697775
12 59 3697779
12 2 3697784
12 27 3697791
12 11 3697791
12 28 3697791
12 51 3697796
12 13 3697805
12 17 3697813
12 71 3697819
12 58 3697828
12 15 3697833
12 80 3697841
12 54 3697847
12 84 3697848
12 19 3697856
12 86 3697862
12 36 3697866
12 16 3697872
12 93 3697881
12 39 3697881
12 43 3697886
12 89 3697890
12 60 3697892
12 82 3697893
12 32 3697897
12 42 3697898
12 87 3697898
12 55 3697907
12 62 3697911
12 37 3697918
12 69 3697920
12 6 3697922
12 21 3697929
12 90 3697930
12 47 3697936
12 50 3697944
12 32 3697952
12 2 3697956
12 17 3697957
12 63 3697965
12 29 3697971
12 14 3697975
12 15 3697975
12 5 3697975
12 41 3697983
12 90 3697987
12 44 3697987
12 34 3697987
12 62 3697990
12 64 3697994
12 28 3697996
12 33 3698000
12 51 3698009
12 23 3698011
12 60 3698016
12 84 3698017
12 46 3698020
12 71 3698024
12 37 3698025
12 47 3698034
12 11 3698037
12 27 3698042
12 67 3698047
12 50 3698055
12 92 3698060
12 77 3698064
12 58 3698071
12 83 3698072
12 86 3698073
12 56 3698074
12 8 3698083
12 1 3698092
12 20 3698101
12 61 3698109
12 85 3698109
12 87 3698111
12 18 3698119
12 3 3698125
12 80 3698125
12 24 3698130
12 35 3698132
12 72 3698133
12 91 3698141
12 89 3698142
12 0 3698146
12 81 3698147
12 52 3698151
12 53 3698151
12 40 3698152
12 9 3698158
12 6 3698158
12 73 3698159
12 49 3698164
12 55 3698171
13 58 3698180
13 8 3698189
13 93 3698193
13 82 3698200
13 83 3698208
13 53 3698217
13 45 3698219
13 88 3698224
13 29 3698224
13 52 3698228
13 89 3698229
13 25 3698234
13 61 3698242
13 65 3698247
13 9 3698254
13 12 3698255
13 36 3698260
13 59 3698264
13 56 3698273
13 39 3698274
13 84 3698277
13 2 3698284
13 92 3698286
13 48 3698289
13 38 3698294
13 79 3698299
13 43 3698302
13 49 3698310
13 28 3698312
13 67 3698312
13 19 3698316
13 78 3698324
13 27 3698331
13 5 3698331
13 90 3698336
13 85 3698342
13 70 3698347
13 40 3698348
13 68 3698349
13 32 3698356
13 42 3698358
13 7 3698360
13 37 3698369
13 86 3698371
13 17 3698380
13 67 3698383
13 16 3698391
13 83 3698393
13 84 3698396
13 79 3698397
13 28 3698402
13 87 3698404
13 36 3698405
13 52 3698414
13 0 3698417
13 50 3698423
13 8 3698430
13 6 3698431
13 24 3698434
13 14 3698436
13 29 3698444
13 15 3698447
13 22 3698449
13 62 3698456
13 70 3698463
13 33 3698464
13 85 3698466
13 42 3698466
13 92 3698474
13 5 3698477
13 43 3698479
13 19 3698479
13 12 3698480
13 54 3698481
13 39 3698488
13 57 3698489
13 30 3698492
13 31 3698493
13 53 3698494
13 82 3698498
14 36 3698498
14 53 3698501
14 55 3698501
14 78 3698505
14 63 3698506
14 20 3698509
14 79 3698514
14 21 3698518
14 26 3698523
14 2 3698524
15 13 3698528
15 24 3698532
15 35 3698540
15 16 3698549
15 26 3698549
15 1 3698552
15 11 3698554
15 70 3698557
15 17 3698557
15 84 3698559
15 62 3698564
15 77 3698571
15 14 3698579
15 75 3698579
15 29 3698585
15 76 3698591
15 19 3698592
15 79 3698595
15 28 3698597
15 66 3698602
15 64 3698607
15 36 3698610
15 56 3698610
15 37 3698614
15 47 3698615
15 41 3698620
15 92 3698629
15 90 3698637
15 6 3698645
15 73 3698651
15 49 3698654
15 59 3698660
15 53 3698666
15 68 3698672
15 10 3698681
15 93 3698683
15 34 3698684
15 81 3698689
15 2 3698690
15 25 3698691
15 46 3698696
15 85 3698703
15 83 3698706
15 42 3698710
15 21 3698710
15 50 3698719
15 88 3698722
15 51 3698727
15 64 3698727
15 37 3698734
15 25 3698742
15 24 3698748
15 16 3698755
15 69 3698758
15 71 3698760
15 73 3698769
15 40 3698775
15 62 3698783
15 20 3698790
15 66 3698799
15 56 3698807
15 42 3698810
15 19 3698812
15 35 3698817
15 11 3698817
15 75 3698819
15 8 3698824
15 72 3698827
15 82 3698830
15 36 3698830
15 91 3698830
15 22 3698830
15 0 3698836
15 13 3698840
15 86 3698841
15 89 3698842
15 55 3698844
15 92 3698849
15 60 3698852
15 68 3698852
15 17 3698852
15 61 3698852
15 65 3698861
15 49 3698868
15 67 3698873
15 80 3698882
15 18 3698885
15 88 3698887
15 76 3698887
15 53 3698894
15 85 3698903
15 45 3698910
15 87 3698918
15 34 3698920
15 26 3698925
15 31 3698925
16 38 3698932
16 75 3698941
16 43 3698942
16 92 3698951
16 62 3698955
16 31 3698960
16 8 3698962
16 36 3698966
16 46 3698974
16 21 3698975
16 88 3698976
16 71 3698982
16 86 3698984
16 15 3698990
16 72 3698990
16 53 3698990
16 74 3698993
16 50 3698997
16 85 3699001
16 63 3699003
16 9 3699012
16 20 3699018
16 5 3699018
16 32 3699019
16 44 3699026
16 47 3699029
16 11 3699037
16 26 3699044
16 40 3699048
16 70 3699052
16 57 3699054
16 10 3699060
16 78 3699062
16 3 3699071
16 37 3699080
16 80 3699084
16 0 3699090
16 24 3699095
16 68 3699097
16 23 3699103
16 87 3699111
16 45 3699119
16 52 3699124
16 56 3699124
16 67 3699133
16 41 3699137
16 13 3699144
16 34 3699150
16 51 3699152
16 84 3699155
16 13 3699161
16 85 3699164
16 39 3699172
16 50 3699179
16 72 3699180
16 40 3699180
16 66 3699189
16 28 3699190
16 62 3699197
16 12 3699201
16 78 3699202
16 82 3699202
16 7 3699204
16 1 3699204
16 91 3699210
16 29 3699218
16 45 3699219
16 8 3699228
16 0 3699230
16 87 3699230
16 59 3699239
16 79 3699245
16 76 3699254
16 86 3699256
16 14 3699265
16 31 3699272
16 30 3699274
16 18 3699278
16 55 3699280
16 64 3699288
16 5 3699295
16 81 3699299
16 71 3699303
16 80 3699304
16 75 3699310
16 58 3699315
16 43 3699319
16 68 3699326
16 10 3699327
16 52 3699331
16 57 3699339
16 69 3699347
17 25 3699349
17 58 3699357
17 75 3699364
17 46 3699367
17 67 3699373
17 66 3699377
17 33 3699383
17 37 3699385
17 47 3699392
17 76 3699392
17 55 3699400
17 36 3699400
17 29 3699404
17 3 3699410
17 68 3699414
17 45 3699416
17 26 3699418
17 91 3699424
17 35 3699424
17 57 3699430
17 15 3699437
17 34 3699439
17 22 3699441
17 65 3699449
17 9 3699456
17 81 3699457
17 86 3699457
17 72 3699461
17 31 3699467
17 78 3699471
17 8 3699475
17 64 3699478
17 79 3699479
17 11 3699481
17 40 3699481
17 63 3699482
17 24 3699490
17 77 3699494
17 59 3699502
17 24 3699503
17 41 3699503
17 26 3699503
17 57 3699511
17 4 3699514
17 45 3699514
17 19 3699518
17 6 3699526
17 79 3699527
17 50 3699529
17 15 3699531
17 91 3699531
17 74 3699531
17 56 3699538
17 21 3699544
17 2 3699551
17 92 3699551
17 3 3699556
17 23 3699559
17 36 3699561
17 81 3699567
17 38 3699567
17 54 3699575
17 0 3699581
17 51 3699581
17 82 3699586
17 80 3699590
17 47 3699598
17 5 3699600
17 20 3699609
17 33 3699613
17 66 3699617
17 72 3699623
17 10 3699626
17 8 3699630
17 31 3699638
17 34 3699643
17 48 3699646
18 25 3699654
18 1 3699663
18 7 3699664
18 75 3699667
18 43 3699673
18 70 3699678
18 30 3699682
18 80 3699682
18 47 3699690
18 9 3699698
19 5 3699699
19 44 3699701
19 87 3699703
19 39 3699709
19 85 3699713
19 93 3699718
19 75 3699726
19 52 3699730
19 29 3699731
19 48 3699733
19 65 3699734
20 39 3699737
20 79 3699739
20 45 3699741
20 82 3699750
20 93 3699753
20 6 3699755
20 35 3699755
20 81 3699760
20 85 3699768
20 8 3699770
20 43 3699772
20 62 3699778
20 17 3699781
20 28 3699790
20 54 3699793
20 61 3699796
20 18 3699800
20 33 3699800
20 0 3699806
20 48 3699808
20 15 3699812
20 88 3699812
20 23 3699812
20 58 3699817
20 31 3699821
20 53 3699830
20 89 3699830
20 63 3699836
20 27 3699844
20 78 3699852
20 52 3699858
20 73 3699864
20 44 3699869
20 13 3699871
20 19 3699875
20 91 3699876
20 75 3699884
20 5 3699884
20 7 3699893
20 10 3699896
20 72 3699902
20 2 3699911
20 90 3699913
20 59 3699916
20 37 3699921
20 41 3699923
20 68 3699923
20 11 3699926
20 1 3699933
20 49 3699938
20 21 3699942
20 51 3699948
20 32 3699952
20 49 3699954
20 56 3699958
20 44 3699959
20 85 3699959
20 40 3699962
20 78 3699971
20 5 3699972
20 14 3699979
20 66 3699981
20 50 3699990
20 1 3699991
20 92 3699999
20 12 3700006
20 28 3700012
20 21 3700017
20 80 3700023
20 42 3700023
20 35 3700026
20 91 3700029
20 39 3700029
20 17 3700029
20 33 3700036
20 15 3700042
20 48 3700043
20 81 3700050
20 37 3700054
20 59 3700056
20 26 3700064
20 82 3700071
20 89 3700072
20 88 3700072
20 36 3700072
20 57 3700078
20 77 3700085
20 64 3700086
20 69 3700088
20 84 3700091
20 3 3700091
20 8 3700092
20 68 3700095
20 46 3700097
20 31 3700099
20 86 3700102
20 63 3700110
20 13 3700117
20 62 3700125
20 19 3700126
20 55 3700129
20 30 3700131
20 51 3700131
20 58 3700136
20 4 3700144
20 53 3700153
20 34 3700155
21 28 3700156
21 54 3700157
21 64 3700164
21 24 3700169
21 12 3700178
21 33 3700182
21 23 3700189
21 79 3700194
21 84 3700200
21 74 3700201
21 75 3700206
21 19 3700211
21 5 3700215
21 3 3700215
21 13 3700221
21 76 3700227
21 89 3700231
21 73 3700236
21 45 3700236
21 61 3700237
21 47 3700245
21 6 3700246
21 86 3700252
21 93 3700256
21 30 3700256
21 1 3700263
21 22 3700269
21 65 3700277
21 7 3700285
21 43 3700285
21 17 3700289
21 25 3700291
21 4 3700299
21 10 3700301
21 42 3700301
21 67 3700307
21 41 3700316
21 77 3700321
21 59 3700327
21 82 3700327
21 85 3700336
21 38 3700341
21 57 3700349
21 87 3700349
21 81 3700354
21 80 3700356
21 46 3700356
21 55 3700363
21 35 3700366
21 60 3700372
21 11 3700372
21 58 3700376
21 27 3700383
21 2 3700391
21 78 3700399
21 69 3700407
21 68 3700410
21 15 3700417
21 28 3700417
21 63 3700419
21 16 3700424
21 61 3700433
21 40 3700435
21 79 3700436
21 88 3700437
21 64 3700443
21 17 3700449
21 9 3700458
21 4 3700465
21 49 3700469
21 22 3700470
21 23 3700478
21 77 3700482
21 18 3700489
21 92 3700490
21 43 3700490
21 82 3700490
21 0 3700498
21 11 3700500
21 58 3700506
21 52 3700511
21 55 3700515
21 27 3700524
21 56 3700524
21 80 3700530
21 36 3700539
21 33 3700548
21 31 3700553
21 2 3700556
21 67 3700562
21 13 3700565
21 39 3700572
21 10 3700576
21 26 3700584
21 35 3700589
21 84 3700594
21 7 3700596
21 69 3700599
21 20 3700608
21 91 3700608
21 83 3700612
21 47 3700614
21 46 3700616
21 75 3700625
21 32 3700626
21 25 3700627
21 50 3700636
21 85 3700641
21 5 3700645
21 29 3700649
21 86 3700652
21 30 3700655
21 38 3700657
22 7 3700666
22 27 3700668
22 15 3700668
22 74 3700671
22 17 3700680
22 16 3700681
22 9 3700686
22 52 3700686
22 30 3700689
22 48 3700692
22 10 3700698
22 3 3700702
22 1 3700702
22 53 3700709
22 84 3700717
22 79 3700721
22 83 3700730
22 80 3700732
22 81 3700732
22 28 3700740
22 19 3700747
22 20 3700752
22 55 3700753
22 36 3700761
22 65 3700765
22 49 3700772
22 6 3700778
22 58 3700778
22 69 3700783
22 37 3700791
22 41 3700794
22 51 3700801
22 45 3700806
22 92 3700814
22 46 3700820
22 38 3700824
22 31 3700830
22 11 3700838
22 59 3700847
22 75 3700851
22 35 3700859
22 26 3700864
22 33 3700865
22 86 3700872
22 93 3700881
22 32 3700888
22 50 3700891
22 24 3700895
22 72 3700899
22 78 3700900
22 13 3700901
22 61 3700903
22 56 3700904
22 5 3700906
22 79 3700914
22 76 3700921
22 33 3700928
22 69 3700932
22 49 3700933
22 14 3700934
22 31 3700936
22 12 3700944
22 11 3700953
22 35 3700954
22 8 3700955
22 57 3700958
22 55 3700967
22 68 3700970
22 53 3700971
22 87 3700980
22 64 3700981
22 86 3700988
22 25 3700991
22 85 3700998
22 48 3700998
22 13 3701003
22 18 3701011
22 58 3701018
22 74 3701024
22 4 3701031
22 77 3701040
22 37 3701042
22 23 3701048
22 61 3701048
22 52 3701054
22 24 3701059
22 15 3701062
22 89 3701067
22 38 3701073
22 83 3701080
22 1 3701080
22 72 3701088
22 6 3701089
22 19 3701092
22 42 3701101
22 50 3701110
22 3 3701110
22 73 3701114
22 20 3701123
22 78 3701125
22 80 3701128
22 45 3701129
22 28 3701137
22 60 3701146
22 92 3701155
22 39 3701156
22 44 3701163
22 82 3701168
22 7 3701176
22 10 3701179
22 67 3701188
23 72 3701195
23 87 3701195
23 13 3701202
23 52 3701209
23 79 3701215
23 42 3701217
23 31 3701217
23 65 3701226
23 83 3701232
23 41 3701232
23 90 3701234
23 80 3701242
23 0 3701245
23 53 3701248
23 36 3701248
23 69 3701248
23 78 3701257
23 67 3701266
23 18 3701266
23 11 3701268
23 92 3701270
23 63 3701274
23 68 3701276
23 61 3701278
23 51 3701280
23 56 3701289
23 15 3701292
23 66 3701292
23 91 3701300
23 59 3701300
23 28 3701306
23 39 3701306
23 34 3701309
23 30 3701316
23 4 3701317
23 93 3701325
23 14 3701325
23 62 3701326
23 49 3701335
23 46 3701343
23 81 3701345
23 71 3701345
23 84 3701348
23 88 3701353
23 70 3701362
23 15 3701366
23 75 3701369
23 53 3701371
23 10 3701372
23 86 3701380
23 0 3701380
23 58 3701380
23 35 3701381
23 72 3701387
23 7 3701394
23 88 3701399
23 28 3701408
23 17 3701417
23 41 3701420
23 49 3701420
23 40 3701420
23 76 3701424
23 70 3701433
23 66 3701438
23 87 3701447
23 46 3701455
23 1 3701457
23 64 3701459
23 26 3701466
23 30 3701470
23 38 3701473
23 47 3701482
23 34 3701482
23 16 3701488
23 91 3701495
23 57 3701499
23 29 3701503
23 67 3701511
23 20 3701512
23 80 3701513
23 83 3701522
23 9 3701526
23 18 3701529
23 13 3701536
23 52 3701538
23 62 3701544
23 32 3701547
23 69 3701551
23 42 3701552
24 42 3701556
24 55 3701558
24 36 3701559
24 7 3701568
25 43 3701573
25 36 3701580
25 63 3701588
25 14 3701591
25 9 3701598
25 61 3701607
25 13 3701614
25 66 3701614
25 40 3701617
25 46 3701619
25 93 3701622
25 56 3701625
25 62 3701626
25 59 3701628
25 84 3701629
25 33 3701637
25 8 3701638
25 42 3701640
25 23 3701645
25 30 3701647
25 44 3701648
25 86 3701651
25 89 3701659
25 72 3701664
25 88 3701673
25 75 3701680
25 17 3701680
25 77 3701683
25 48 3701685
25 52 3701687
25 60 3701690
25 20 3701697
25 71 3701706
25 21 3701706
25 85 3701707
25 81 3701716
25 15 3701721
25 49 3701724
25 10 3701726
25 53 3701730
25 39 3701735
25 91 3701742
25 83 3701742
25 2 3701750
25 64 3701759
25 31 3701760
25 22 3701762
25 35 3701765
25 90 3701772
25 4 3701774
25 92 3701780
25 57 3701789
25 54 3701795
25 69 3701803
25 76 3701807
25 48 3701811
25 75 3701811
25 89 3701818
25 34 3701818
25 31 3701822
25 26 3701824
25 46 3701824
25 57 3701824
25 19 3701829
25 43 3701833
25 21 3701837
25 92 3701840
25 50 3701849
25 93 3701857
25 71 3701858
25 36 3701859
25 59 3701866
25 88 3701872
25 29 3701878
25 28 3701881
25 78 3701887
25 65 3701896
25 15 3701901
25 60 3701909
25 35 3701913
25 90 3701916
25 32 3701919
25 77 3701919
25 30 3701920
25 10 3701923
25 1 3701924
25 41 3701931
25 2 3701936
25 55 3701941
25 9 3701947
25 87 3701951
25 82 3701959
25 52 3701961
25 86 3701961
25 37 3701970
25 83 3701970
25 20 3701978
25 58 3701987
25 3 3701989
25 70 3701990
25 7 3701990
25 47 3701991
25 8 3701991
25 61 3701995
25 53 3701999
25 40 3702003
25 54 3702011
25 12 3702016
26 68 3702020
26 59 3702028
26 80 3702035
26 7 3702042
26 86 3702046
26 24 3702049
26 11 3702052
26 73 3702059
26 36 3702059
26 53 3702060
26 25 3702064
26 79 3702073
26 8 3702077
26 60 3702084
26 16 3702087
26 43 3702093
26 78 3702101
26 61 3702103
26 45 3702103
26 63 3702107
26 34 3702109
26 4 3702112
26 14 3702121
26 19 3702121
26 87 3702124
26 15 3702124
26 46 3702133
26 74 3702135
26 93 3702142
26 42 3702147
26 21 3702155
26 18 3702161
26 28 3702166
26 62 3702166
26 29 3702169
26 72 3702172
26 90 3702180
26 56 3702181
26 69 3702182
26 58 3702191
26 38 3702192
26 35 3702200
26 75 3702204
26 55 3702208
26 88 3702212
26 23 3702213
26 67 3702220
26 85 3702222
26 51 3702222
26 39 3702230
26 47 3702233
26 10 3702242
26 2 3702244
26 49 3702244
26 22 3702251
26 17 3702256
26 0 3702261
26 27 3702262
26 74 3702266
26 64 3702274
26 91 3702283
26 49 3702291
26 50 3702298
26 53 3702299
26 30 3702302
26 75 3702308
26 22 3702311
26 2 3702316
26 79 3702320
26 47 3702321
26 44 3702323
26 57 3702328
26 89 3702335
26 77 3702335
26 83 3702344
26 85 3702351
26 92 3702357
26 11 3702361
26 90 3702368
26 33 3702374
26 36 3702380
26 45 3702384
26 13 3702385
26 93 3702393
26 52 3702398
26 32 3702398
26 72 3702404
26 61 3702407
26 48 3702413
26 4 3702416
26 28 3702425
26 18 3702432
26 1 3702435
26 0 3702443
26 12 3702446
26 65 3702453
26 67 3702459
26 63 3702468
26 23 3702476
26 5 3702479
26 59 3702488
26 51 3702492
26 19 3702493
26 78 3702501
26 66 3702509
26 81 3702517
26 21 3702525
26 39 3702530
26 70 3702531
26 80 3702537
26 56 3702539
26 38 3702541
26 37 3702543
26 86 3702552
26 17 3702555
26 88 3702557
27 29 3702562
27 15 3702570
27 35 3702574
27 52 3702580
27 59 3702581
27 54 3702586
27 1 3702593
27 24 3702598
27 76 3702605
27 70 3702605
27 28 3702605
27 17 3702606
27 48 3702609
27 22 3702612
27 88 3702613
27 73 3702620
27 20 3702620
27 51 3702629
27 11 3702635
27 42 3702643
27 3 3702651
27 55 3702654
27 64 3702654
27 74 3702663
27 79 3702664
27 56 3702669
27 2 3702678
27 82 3702682
27 67 3702682
27 24 3702683
27 6 3702692
27 39 3702696
27 23 3702698
27 9 3702705
27 89 3702710
27 83 3702713
27 71 3702720
27 82 3702728
27 31 3702728
27 73 3702732
27 92 3702741
27 72 3702742
27 35 3702742
27 16 3702745
27 37 3702747
27 76 3702753
27 63 3702757
27 38 3702759
27 85 3702760
27 88 3702768
27 28 3702770
27 78 3702772
27 53 3702775
27 26 3702780
27 25 3702788
27 8 3702796
27 50 3702797
27 61 3702801
27 36 3702802
27 58 3702805
27 18 3702814
28 12 3702814
28 63 3702821
28 59 3702823
28 72 3702828
28 24 3702832
28 52 3702838
28 90 3702843
28 65 3702845
28 69 3702854
28 50 3702859
28 66 3702862
28 29 3702863
28 86 3702864
28 10 3702867
28 85 3702867
28 55 3702871
28 8 3702879
28 34 3702885
28 46 3702893
28 4 3702899
28 41 3702907
28 67 3702908
28 71 3702912
28 92 3702914
28 48 3702914
28 6 3702915
28 1 3702918
28 82 3702925
28 26 3702928
28 33 3702929
28 13 3702934
28 17 3702936
28 42 3702945
28 3 3702947
28 57 3702947
28 75 3702951
28 25 3702951
28 16 3702958
28 74 3702966
28 91 3702970
28 44 3702971
28 43 3702977
28 81 3702977
28 31 3702981
28 30 3702982
28 24 3702991
28 21 3703000
28 8 3703003
28 78 3703005
28 66 3703009
28 13 3703012
28 69 3703015
28 12 3703019
28 7 3703025
28 32 3703025
28 10 3703034
28 90 3703040
28 15 3703047
28 72 3703049
28 26 3703051
28 16 3703057
28 17 3703064
28 71 3703065
28 4 3703073
28 22 3703074
28 41 3703075
28 63 3703078
28 38 3703079
28 87 3703080
28 35 3703084
28 45 3703091
28 51 3703095
28 19 3703104
28 0 3703105
28 59 3703113
28 79 3703120
28 82 3703128
28 80 3703134
28 77 3703143
28 11 3703145
28 14 3703153
28 1 3703156
28 33 3703164
28 84 3703166
28 93 3703170
28 52 3703174
28 67 3703178
28 37 3703182
29 28 3703185
29 38 3703188
29 46 3703190
29 5 3703192
29 17 3703200
29 88 3703207
29 65 3703214
29 19 3703223
29 24 3703228
29 39 3703230
29 9 3703233
29 21 3703238
29 47 3703239
29 41 3703241
29 71 3703246
29 84 3703252
29 56 3703256
29 60 3703257
29 22 3703257
29 61 3703259
29 57 3703259
29 66 3703262
29 2 3703269
29 16 3703271
29 33 3703274
29 42 3703277
29 55 3703280
29 58 3703288
29 23 3703292
29 85 3703295
29 32 3703304
29 76 3703312
29 14 3703316
29 73 3703317
29 48 3703323
29 1 3703329
29 69 3703333
29 52 3703340
29 34 3703345
29 0 3703346
29 26 3703352
29 91 3703360
29 67 3703366
29 59 3703375
29 63 3703379
29 77 3703386
29 43 3703392
29 35 3703400
29 31 3703402
29 83 3703410
29 50 3703417
29 3 3703418
29 33 3703422
29 14 3703430
29 59 3703433
29 47 3703434
29 13 3703437
29 76 3703438
29 72 3703441
29 89 3703445
29 86 3703451
29 30 3703459
29 41 3703468
29 34 3703469
29 10 3703469
29 88 3703470
29 61 3703477
29 75 3703484
29 93 3703493
29 32 3703497
29 60 3703505
29 1 3703513
29 57 3703521
29 77 3703528
29 48 3703531
29 23 3703532
29 26 3703534
29 22 3703538
29 19 3703544
29 16 3703544
29 43 3703546
29 87 3703548
29 50 3703554
29 52 3703558
29 53 3703567
29 7 3703575
29 91 3703576
29 49 3703582
29 8 3703590
29 18 3703590
29 46 3703590
29 36 3703592
29 9 3703592
29 51 3703599
29 62 3703607
29 24 3703612
29 79 3703613
29 67 3703618
29 56 3703626
29 25 3703632
29 71 3703637
29 11 3703638
29 21 3703641
29 82 3703642
29 80 3703644
29 4 3703651
30 88 3703655
30 87 3703659
30 4 3703661
30 57 3703663
30 42 3703667
30 45 3703673
30 50 3703679
30 71 3703681
30 59 3703686
30 6 3703694
30 9 3703695
30 89 3703696
30 43 3703703
30 51 3703709
30 7 3703710
30 52 3703713
30 70 3703718
30 62 3703725
30 24 3703730
30 19 3703732
30 61 3703739
30 86 3703746
30 66 3703746
30 91 3703750
30 33 3703758
30 67 3703760
30 21 3703767
30 84 3703773
30 2 3703780
30 63 3703789
30 18 3703792
30 32 3703798
30 8 3703799
30 26 3703808
30 3 3703816
30 41 3703822
30 0 3703822
30 48 3703829
30 28 3703833
30 68 3703841
30 49 3703847
30 72 3703852
30 40 3703856
30 27 3703862
30 85 3703867
30 74 3703876
30 64 3703884
30 80 3703887
30 92 3703889
30 76 3703891
30 38 3703892
30 54 3703896
30 44 3703901
30 1 3703906
30 75 3703912
30 11 3703912
30 16 3703919
30 9 3703919
30 74 3703920
30 58 3703929
30 7 3703929
30 84 3703936
30 73 3703939
30 53 3703943
30 1 3703943
30 15 3703944
30 46 3703944
30 48 3703949
30 45 3703954
30 26 3703957
30 17 3703963
30 3 3703965
30 69 3703974
30 32 3703983
30 65 3703992
30 18 3704000
30 47 3704000
30 71 3704005
30 35 3704013
30 89 3704015
30 68 3704019
30 29 3704022
30 55 3704024
30 24 3704024
30 64 3704024
30 23 3704033
30 83 3704041
30 72 3704050
30 87 3704058
30 12 3704065
30 59 3704067
30 2 3704071
30 8 3704077
30 77 3704081
30 14 3704088
30 91 3704095
30 80 3704100
30 0 3704104
30 42 3704111
30 62 3704119
30 76 3704119
30 6 3704119
30 36 3704124
30 52 3704126
30 31 3704126
31 43 3704126
31 15 3704129
31 78 3704133
31 46 3704137
31 49 3704141
31 56 3704146
31 92 3704146
31 5 3704148
31 18 3704149
31 27 3704149
31 50 3704150
31 39 3704150
31 79 3704151
31 64 3704160
31 24 3704160
31 17 3704165
31 20 3704171
31 29 3704179
31 89 3704188
31 41 3704192
31 1 3704201
31 25 3704210
31 7 3704216
31 67 3704216
31 3 3704217
31 70 3704221
31 88 3704228
31 77 3704228
31 75 3704228
31 90 3704233
31 80 3704233
31 16 3704236
31 83 3704245
31 59 3704253
31 40 3704257
31 66 3704265
31 63 3704266
31 84 3704270
31 71 3704278
31 13 3704279
31 73 3704284
31 85 3704292
31 19 3704301
31 38 3704304
31 30 3704305
31 9 3704314
31 8 3704317
31 11 3704320
31 71 3704327
31 91 3704327
31 4 3704333
31 41 3704335
31 58 3704337
31 56 3704345
31 3 3704354
31 88 3704363
31 19 3704368
31 86 3704373
31 67 3704374
31 82 3704382
31 45 3704384
31 65 3704388
31 8 3704394
31 79 3704401
31 75 3704402
31 10 3704406
31 14 3704410
31 15 3704412
31 78 3704412
31 23 3704413
31 89 3704419
31 52 3704428
31 51 3704431
31 50 3704438
31 17 3704441
31 62 3704448
31 36 3704450
31 21 3704459
31 49 3704468
31 59 3704473
31 64 3704475
31 70 3704484
31 33 3704485
31 7 3704494
31 38 3704501
31 27 3704502
31 44 3704508
31 16 3704510
31 87 3704518
31 73 3704520
31 22 3704524
31 5 3704531
31 66 3704539
31 92 3704544
31 6 3704551
32 23 3704553
32 42 3704559
32 89 3704562
32 20 3704569
32 40 3704575
32 25 3704583
32 1 3704588
32 33 3704594
32 87 3704598
32 67 3704606
32 2 3704609
32 51 3704615
32 75 3704618
32 5 3704618
32 59 3704619
32 85 3704620
32 83 3704627
32 10 3704628
32 39 3704636
32 13 3704644
32 93 3704652
32 15 3704656
32 77 3704661
32 63 3704663
32 16 3704663
32 69 3704664
32 74 3704667
32 56 3704668
32 3 3704675
32 14 3704683
32 36 3704690
32 80 3704699
32 66 3704706
32 65 3704712
32 30 3704721
32 6 3704729
32 24 3704734
32 90 3704736
32 41 3704736
32 47 3704741
32 84 3704741
32 49 3704749
32 72 3704750
32 34 3704756
32 43 3704758
32 21 3704767
32 91 3704773
32 22 3704779
32 7 3704786
32 86 3704790
32 43 3704793
32 74 3704800
32 25 3704809
32 64 3704812
32 46 3704818
32 88 3704823
32 62 3704828
32 31 3704834
32 11 3704836
32 41 3704844
32 10 3704849
32 72 3704858
32 26 3704865
32 76 3704865
32 19 3704872
32 91 3704880
32 35 3704882
32 85 3704888
32 21 3704888
32 82 3704889
32 68 3704889
32 5 3704897
32 48 3704905
32 6 3704911
32 30 3704917
32 7 3704921
32 37 3704924
32 54 3704931
32 47 3704935
32 44 3704937
32 3 3704940
32 23 3704947
32 69 3704953
32 86 3704959
32 55 3704959
32 65 3704967
32 12 3704969
32 87 3704972
32 73 3704972
32 13 3704974
32 84 3704981
32 58 3704985
32 81 3704991
32 22 3704991
32 59 3704992
32 34 3704995
33 27 3704998
33 29 3705005
33 12 3705007
33 72 3705010
33 21 3705013
33 83 3705020
33 78 3705022
33 51 3705027
33 80 3705027
33 89 3705033
33 68 3705035
33 23 3705039
33 6 3705039
33 93 3705047
33 49 3705050
33 22 3705055
33 34 3705064
33 82 3705067
33 10 3705067
33 63 3705070
33 50 3705073
33 54 3705076
33 30 3705076
33 43 3705081
33 44 3705081
33 75 3705083
33 7 3705083
33 35 3705089
33 48 3705092
33 57 3705098
33 24 3705098
33 47 3705105
33 19 3705113
33 60 3705118
33 64 3705119
33 84 3705122
33 51 3705122
33 7 3705128
33 53 3705135
33 61 3705144
33 10 3705146
33 82 3705149
33 38 3705153
33 28 3705153
33 85 3705155
33 5 3705157
33 63 3705159
33 45 3705163
33 15 3705168
33 41 3705168
33 8 3705168
33 2 3705171
33 1 3705180
33 17 3705180
33 54 3705182
34 31 3705185
34 1 3705187
34 61 3705188
34 15 3705195
34 85 3705195
34 11 3705196
34 81 3705199
34 25 3705201
34 92 3705209
34 22 3705213
34 14 3705219
34 42 3705227
34 43 3705235
34 29 3705236
34 88 3705240
34 64 3705245
34 59 3705246
34 74 3705252
34 4 3705261
34 16 3705270
34 39 3705271
34 82 3705273
34 57 3705277
34 62 3705277
34 71 3705280
34 36 3705280
34 51 3705284
34 45 3705285
34 7 3705289
34 50 3705290
34 46 3705298
34 74 3705301
34 3 3705305
34 82 3705313
34 29 3705322
34 32 3705322
34 61 3705322
34 56 3705330
34 33 3705331
34 2 3705339
34 48 3705342
34 13 3705349
34 88 3705353
34 58 3705360
34 28 3705360
34 15 3705362
34 1 3705368
34 42 3705372
34 81 3705379
34 63 3705382
34 17 3705384
34 21 3705389
34 27 3705393
34 11 3705402
34 66 3705410
34 9 3705419
34 49 3705426
34 73 3705427
34 38 3705429
34 51 3705430
35 93 3705434
35 4 3705443
35 43 3705446
35 38 3705450
35 23 3705451
35 55 3705452
35 92 3705456
35 70 3705456
35 75 3705458
35 14 3705458
35 7 3705460
35 36 3705467
35 88 3705467
35 51 3705470
35 85 3705473
35 29 3705478
35 72 3705479
35 82 3705481
35 6 3705488
35 3 3705491
35 16 3705496
35 32 3705503
35 73 3705510
35 56 3705513
35 60 3705513
35 18 3705518
35 21 3705525
35 46 3705526
35 39 3705535
35 22 3705538
35 54 3705541
35 49 3705542
35 86 3705545
35 30 3705545
35 12 3705552
35 15 3705559
35 90 3705566
35 33 3705570
35 19 3705576
35 84 3705582
35 41 3705584
35 24 3705590
35 1 3705591
35 50 3705593
35 52 3705596
35 59 3705602
35 9 3705611
35 27 3705618
35 80 3705620
35 42 3705628
35 63 3705632
35 91 3705633
35 17 3705637
35 72 3705641
35 23 3705650
35 0 3705659
35 46 3705663
35 85 3705667
35 61 3705673
35 41 3705678
35 65 3705678
35 40 3705684
35 55 3705693
35 34 3705696
35 37 3705704
35 2 3705713
35 56 3705719
35 21 3705724
35 93 3705725
35 49 3705729
35 83 3705732
35 87 3705734
35 54 3705742
35 82 3705751
35 78 3705759
35 57 3705763
35 71 3705763
35 67 3705765
35 90 3705770
35 39 3705777
35 45 3705782
35 68 3705788
35 33 3705789
35 31 3705793
35 12 3705796
35 5 3705804
35 86 3705807
35 48 3705815
35 8 3705819
35 22 3705824
35 25 3705832
35 64 3705841
35 53 3705849
35 13 3705851
35 14 3705852
35 58 3705858
35 38 3705859
35 44 3705867
36 0 3705871
36 79 3705873
36 24 3705882
36 30 3705887
36 31 3705887
36 68 3705894
36 13 3705901
36 2 3705908
36 35 3705909
36 91 3705909
36 15 3705911
36 28 3705917
36 73 3705921
36 87 3705929
36 74 3705929
36 50 3705938
36 21 3705939
37 13 3705948
37 56 3705956
38 56 3705961
38 60 3705965
38 14 3705968
38 1 3705973
38 67 3705980
38 54 3705981
38 83 3705990
38 55 3705995
38 21 3705995
38 45 3706002
38 17 3706003
38 4 3706005
38 5 3706010
38 47 3706017
38 53 3706019
38 76 3706028
38 19 3706036
38 88 3706041
38 24 3706044
38 32 3706046
38 90 3706053
38 25 3706057
38 42 3706063
38 87 3706069
38 75 3706070
38 36 3706070
38 9 3706076
38 29 3706085
38 15 3706094
38 34 3706103
38 39 3706108
38 63 3706108
38 73 3706113
38 72 3706114
38 3 3706114
38 61 3706114
38 41 3706119
38 10 3706126
38 28 3706126
38 24 3706133
38 3 3706140
38 33 3706147
38 93 3706148
38 48 3706154
38 54 3706159
38 77 3706162
38 13 3706168
38 69 3706176
38 57 3706180
38 53 3706186
38 20 3706191
38 39 3706198
38 73 3706207
38 17 3706211
38 16 3706217
38 42 3706224
38 62 3706230
38 36 3706237
38 46 3706244
38 74 3706251
38 76 3706258
38 30 3706264
38 18 3706268
38 44 3706271
38 64 3706271
38 21 3706272
38 89 3706278
38 71 3706287
38 58 3706288
38 79 3706294
38 92 3706295
39 74 3706302
39 65 3706305
39 83 3706306
39 6 3706313
39 26 3706322
39 30 3706328
39 70 3706329
39 68 3706337
39 45 3706344
39 50 3706347
40 61 3706347
40 77 3706351
40 86 3706360
40 15 3706366
40 10 3706370
40 38 3706371
40 89 3706378
40 91 3706382
40 30 3706382
40 0 3706387
40 60 3706395
40 81 3706399
40 72 3706407
40 41 3706409
40 70 3706412
40 12 3706413
40 47 3706421
40 51 3706424
40 29 3706428
40 22 3706432
40 21 3706433
40 18 3706440
40 27 3706441
40 17 3706447
40 67 3706453
40 26 3706462
40 63 3706466
40 48 3706468
40 47 3706473
40 25 3706482
40 69 3706482
40 4 3706489
40 52 3706493
40 64 3706501
40 92 3706502
40 49 3706502
40 31 3706505
40 74 3706514
40 23 3706518
40 5 3706526
40 55 3706535
40 13 3706538
40 85 3706542
40 42 3706545
40 50 3706552
40 91 3706561
40 24 3706570
40 7 3706570
40 56 3706573
40 65 3706579
40 44 3706584
41 73 3706584
41 72 3706590
41 34 3706593
41 55 3706596
41 9 3706600
41 77 3706609
41 28 3706617
41 1 3706623
41 3 3706627
41 71 3706635
41 6 3706643
41 93 3706650
41 74 3706656
41 51 3706659
41 87 3706661
41 24 3706670
41 22 3706676
41 15 3706685
41 13 3706691
41 86 3706698
41 61 3706698
41 82 3706698
41 30 3706707
41 46 3706713
41 54 3706714
41 18 3706715
41 40 3706724
41 75 3706732
41 76 3706735
41 0 3706743
41 5 3706744
41 60 3706749
41 38 3706758
41 34 3706760
41 57 3706762
41 2 3706764
41 16 3706768
41 61 3706769
41 49 3706770
41 87 3706772
41 88 3706776
41 6 3706785
41 54 3706788
41 1 3706797
41 39 3706802
41 36 3706807
41 35 3706812
41 74 3706813
41 69 3706816
41 28 3706819
41 19 3706822
42 22 3706830
42 79 3706833
42 2 3706835
42 37 3706835
42 77 3706836
42 67 3706839
42 82 3706845
42 4 3706848
42 39 3706848
42 64 3706856
42 11 3706865
42 50 3706873
42 72 3706873
42 66 3706879
42 65 3706880
42 53 3706889
42 84 3706893
42 90 3706895
42 69 3706896
42 78 3706901
42 73 3706902
42 9 3706907
42 21 3706911
42 24 3706913
42 60 3706915
42 30 3706916
42 36 3706916
42 12 3706924
42 18 3706932
42 87 3706941
42 28 3706946
42 86 3706953
42 76 3706959
42 17 3706962
42 62 3706966
42 50 3706970
42 87 3706971
42 46 3706980
42 83 3706981
42 72 3706990
42 73 3706993
42 3 3706994
42 23 3706994
42 8 3706996
42 93 3706999
42 35 3707002
42 52 3707008
42 68 3707015
42 51 3707020
42 44 3707026
42 20 3707033
42 9 3707042
42 41 3707048
42 56 3707048
42 76 3707053
42 37 3707056
42 85 3707063
42 31 3707065
42 11 3707073
42 57 3707078
42 19 3707083
42 64 3707086
42 40 3707093
42 43 3707097
42 16 3707103
42 5 3707106
42 81 3707108
42 55 3707113
42 60 3707115
42 15 3707118
43 28 3707120
43 29 3707129
43 37 3707131
43 10 3707134
43 8 3707142
43 32 3707148
43 65 3707154
43 17 3707160
43 13 3707162
43 9 3707170
43 45 3707175
43 67 3707180
43 53 3707189
43 64 3707189
43 2 3707193
43 79 3707195
43 44 3707197
43 72 3707199
44 35 3707201
44 80 3707206
44 77 3707211
44 7 3707213
44 27 3707220
44 87 3707223
44 47 3707230
44 62 3707238
44 72 3707245
44 26 3707248
44 81 3707252
44 45 3707254
44 46 3707263
44 58 3707267
44 11 3707276
44 1 3707281
44 24 3707281
44 34 3707288
44 51 3707295
44 74 3707295
44 19 3707304
44 60 3707313
44 5 3707320
44 66 3707328
44 38 3707336
44 71 3707344
44 82 3707350
44 28 3707358
44 4 3707361
44 29 3707368
44 36 3707371
44 75 3707374
44 88 3707382
44 68 3707391
44 4 3707400
44 40 3707407
44 5 3707408
44 85 3707410
44 87 3707417
44 12 3707421
44 43 3707421
44 63 3707428
44 72 3707429
44 58 3707432
44 55 3707438
44 24 3707438
44 15 3707445
44 35 3707450
44 80 3707451
44 56 3707452
44 59 3707453
44 26 3707455
44 79 3707458
44 81 3707460
44 2 3707462
44 92 3707465
44 3 3707471
44 50 3707479
44 51 3707487
44 45 3707487
44 57 3707496
44 70 3707498
44 82 3707501
44 76 3707506
44 86 3707514
44 69 3707518
44 14 3707519
44 0 3707528
44 23 3707531
44 33 3707536
44 17 3707539
44 7 3707543
45 75 3707545
45 71 3707550
45 28 3707557
45 47 3707564
45 26 3707568
45 12 3707570
45 14 3707570
45 15 3707572
45 90 3707576
45 42 3707581
45 1 3707589
45 66 3707593
45 18 3707598
45 62 3707603
45 52 3707608
45 32 3707612
45 50 3707614
45 38 3707614
45 19 3707619
45 65 3707623
45 49 3707632
45 89 3707641
45 33 3707642
45 55 3707649
45 54 3707649
45 13 3707653
45 87 3707656
45 76 3707664
45 81 3707667
45 60 3707676
45 70 3707677
45 63 3707681
45 61 3707690
45 9 3707696
45 37 3707699
45 36 3707701
45 91 3707702
45 78 3707708
45 11 3707712
45 68 3707717
45 17 3707724
45 80 3707724
45 5 3707726
45 0 3707735
45 83 3707737
45 34 3707741
45 3 3707750
45 31 3707756
45 25 3707759
45 85 3707760
45 59 3707763
45 22 3707765
45 51 3707774
45 4 3707774
45 74 3707776
45 11 3707785
45 65 3707792
45 72 3707792
45 48 3707792
45 30 3707799
45 47 3707807
45 37 3707811
45 21 3707817
45 60 3707826
45 73 3707835
45 66 3707839
45 62 3707843
45 25 3707849
45 33 3707857
45 6 3707858
45 92 3707862
45 86 3707864
45 46 3707872
45 34 3707876
45 71 3707884
45 7 3707886
45 81 3707887
45 36 3707896
45 27 3707902
45 29 3707911
45 54 3707920
45 26 3707928
45 63 3707930
45 15 3707936
45 39 3707936
45 67 3707944
45 2 3707949
45 35 3707954
45 91 3707957
45 79 3707962
45 84 3707970
45 28 3707977
45 61 3707979
45 42 3707980
45 10 3707982
45 12 3707989
45 17 3707992
45 88 3707997
45 59 3708002
45 16 3708010
45 32 3708018
45 57 3708021
45 77 3708023
45 14 3708030
45 38 3708035
46 41 3708035
46 49 3708043
46 60 3708048
46 32 3708055
46 88 3708061
46 91 3708061
46 55 3708062
46 8 3708067
46 12 3708076
46 63 3708085
46 78 3708090
46 7 3708099
46 23 3708103
46 61 3708103
46 29 3708109
46 73 3708112
46 13 3708117
46 64 3708118
46 87 3708121
46 25 3708123
46 33 3708127
46 50 3708128
46 44 3708131
46 77 3708135
46 68 3708140
46 27 3708149
46 86 3708155
46 1 3708164
46 66 3708166
46 30 3708168
46 26 3708173
46 19 3708182
46 67 3708186
46 59 3708195
46 20 3708200
46 84 3708202
46 62 3708208
46 58 3708217
46 31 3708217
46 76 3708222
46 79 3708226
46 11 3708235
46 81 3708235
46 37 3708235
46 14 3708238
46 22 3708242
46 71 3708244
46 43 3708245
46 29 3708253
46 3 3708254
46 51 3708261
46 68 3708265
46 21 3708270
46 24 3708277
46 65 3708284
46 32 3708289
46 73 3708291
46 78 3708292
46 45 3708300
46 56 3708307
46 49 3708308
46 16 3708313
46 33 3708315
46 14 3708322
46 18 3708330
46 84 3708337
46 22 3708337
46 20 3708339
46 35 3708345
46 75 3708351
46 6 3708351
46 26 3708358
46 12 3708367
46 72 3708370
46 27 3708376
46 2 3708384
46 87 3708386
46 10 3708387
46 57 3708387
46 79 3708393
46 7 3708402
46 71 3708409
46 36 3708416
46 82 3708416
46 40 3708423
46 91 3708427
46 83 3708429
46 77 3708436
46 61 3708439
46 74 3708444
46 0 3708447
46 48 3708453
46 81 3708460
46 38 3708465
46 5 3708467
46 19 3708471
46 66 3708477
46 89 3708479
46 63 3708484
46 85 3708489
46 52 3708489
46 55 3708493
47 33 3708493
47 38 3708497
47 57 3708504
47 88 3708512
47 62 3708516
47 68 3708524
47 73 3708531
47 90 3708534
47 58 3708540
47 65 3708541
47 31 3708550
47 41 3708559
47 11 3708567
47 59 3708567
47 54 3708569
47 45 3708573
47 72 3708576
47 92 3708577
47 32 3708585
47 63 3708587
47 80 3708593
47 81 3708594
47 9 3708600
47 24 3708609
47 35 3708612
47 15 3708617
47 51 3708623
47 28 3708628
47 7 3708632
47 93 3708641
47 49 3708646
47 83 3708648
47 85 3708652
47 20 3708658
47 21 3708662
47 67 3708662
47 23 3708665
47 77 3708666
47 60 3708668
47 75 3708677
47 14 3708686
47 53 3708693
47 52 3708701
47 48 3708701
47 44 3708708
47 5 3708714
47 50 3708714
47 74 3708719
47 27 3708721
47 16 3708726
47 30 3708733
47 55 3708740
47 0 3708744
47 35 3708748
47 34 3708752
47 93 3708757
47 84 3708763
47 41 3708772
47 83 3708776
47 14 3708784
47 4 3708793
47 60 3708802
47 21 3708804
47 74 3708813
47 8 3708819
47 86 3708823
47 52 3708825
47 51 3708833
47 18 3708835
47 15 3708843
47 13 3708845
47 44 3708852
47 2 3708857
47 61 3708859
47 45 3708866
47 56 3708873
47 29 3708880
47 53 3708887
47 62 3708892
47 22 3708900
47 55 3708908
47 39 3708915
47 85 3708918
47 69 3708923
47 3 3708923
47 75 3708925
47 11 3708931
47 7 3708934
47 33 3708936
47 48 3708943
47 46 3708949
47 17 3708950
47 73 3708952
47 76 3708960
47 6 3708964
47 57 3708968
47 31 3708972
47 63 3708974
47 92 3708982
47 38 3708983
47 49 3708983
47 82 3708989
47 28 3708989
47 9 3708993
47 16 3709002
47 42 3709011
48 24 3709019
48 49 3709023
48 43 3709028
48 17 3709032
48 1 3709032
48 74 3709037
48 16 3709037
48 53 3709038
48 41 3709043
48 80 3709051
48 35 3709056
48 39 3709063
48 73 3709072
48 5 3709081
48 77 3709081
48 72 3709082
48 4 3709086
49 35 3709090
49 88 3709092
49 18 3709099
49 92 3709101
49 17 3709101
49 25 3709105
49 23 3709111
49 61 3709112
49 67 3709116
49 24 3709125
49 87 3709133
49 70 3709133
49 89 3709141
50 84 3709149
50 9 3709151
50 22 3709154
50 23 3709154
50 61 3709160
50 14 3709161
50 67 3709164
50 85 3709167
50 20 3709168
50 40 3709168
50 54 3709174
50 88 3709181
50 42 3709181
50 46 3709186
50 90 3709193
50 33 3709202
50 56 3709207
50 48 3709208
50 3 3709209
50 35 3709209
50 75 3709217
50 41 3709217
50 13 3709218
50 21 3709224
50 25 3709232
50 40 3709232
50 64 3709236
50 30 3709238
50 92 3709242
50 39 3709248
50 11 3709248
50 26 3709251
50 59 3709253
50 10 3709259
50 22 3709264
50 38 3709265
51 11 3709268
51 5 3709274
51 56 3709279
51 77 3709287
51 21 3709294
51 75 3709294
51 79 3709297
51 6 3709303
51 57 3709303
51 44 3709305
51 38 3709313
51 42 3709321
51 32 3709328
51 47 3709337
51 24 3709341
51 26 3709344
51 29 3709349
51 18 3709357
51 73 3709359
51 7 3709365
51 69 3709372
52 8 3709372
52 26 3709375
52 21 3709379
52 29 3709386
52 28 3709389
52 44 3709396
52 47 3709403
52 0 3709412
52 39 3709415
52 75 3709418
52 36 3709423
52 45 3709427
52 24 3709436
52 55 3709438
52 41 3709447
52 10 3709456
52 67 3709462
52 60 3709469
52 89 3709475
52 13 3709478
53 60 3709480
53 55 3709486
53 13 3709487
53 67 3709490
53 28 3709495
53 66 3709496
53 57 3709500
53 70 3709505
53 80 3709510
53 54 3709511
53 93 3709516
53 85 3709523
53 48 3709523
53 81 3709524
53 83 3709524
53 17 3709531
53 82 3709532
53 2 3709536
53 23 3709536
53 76 3709539
53 65 3709543
53 3 3709544
53 52 3709552
53 56 3709558
53 75 3709565
53 20 3709567
53 35 3709571
53 73 3709575
53 7 3709583
53 15 3709592
53 84 3709596
53 58 3709598
53 91 3709607
53 47 3709608
53 2 3709609
53 12 3709614
53 38 3709621
53 84 3709623
53 3 3709625
53 61 3709633
53 30 3709639
53 47 3709647
53 76 3709650
53 55 3709652
53 10 3709652
53 77 3709659
53 54 3709660
53 90 3709665
53 13 3709672
53 67 3709672
53 5 3709676
53 44 3709679
53 58 3709688
53 25 3709688
53 81 3709696
53 46 3709696
53 72 3709703
53 49 3709710
53 48 3709718
53 32 3709725
53 4 3709729
53 52 3709732
53 50 3709740
53 74 3709744
53 29 3709752
54 0 3709757
54 9 3709761
54 61 3709770
54 69 3709778
54 53 3709784
54 86 3709787
54 46 3709787
54 63 3709796
54 31 3709805
54 70 3709805
54 3 3709807
54 11 3709812
54 35 3709813
54 65 3709818
54 57 3709821
54 41 3709830
54 29 3709838
54 40 3709840
54 39 3709841
54 85 3709844
54 93 3709852
54 83 3709855
54 18 3709859
54 56 3709862
54 76 3709865
54 20 3709872
54 50 3709874
54 30 3709875
54 27 3709884
54 47 3709886
54 28 3709886
54 14 3709893
54 32 3709893
54 80 3709900
54 71 3709902
54 58 3709904
54 74 3709910
54 75 3709910
54 84 3709917
54 6 3709926
54 59 3709927
54 42 3709929
54 82 3709936
54 16 3709945
54 60 3709951
54 24 3709957
54 90 3709958
54 36 3709964
54 67 3709972
54 34 3709973
54 66 3709982
54 4 3709990
54 5 3709992
54 64 3709996
54 8 3709998
54 89 3710002
54 7 3710003
54 23 3710011
54 17 3710019
54 15 3710026
54 12 3710033
54 77 3710037
54 43 3710043
54 68 3710050
54 39 3710050
54 88 3710056
54 49 3710060
54 36 3710061
54 55 3710069
54 83 3710077
54 70 3710078
54 89 3710082
54 13 3710085
54 77 3710089
54 42 3710089
54 66 3710096
54 59 3710102
54 71 3710111
54 76 3710112
54 58 3710112
54 5 3710120
54 81 3710123
54 44 3710127
54 4 3710131
54 18 3710140
54 72 3710144
54 57 3710151
54 22 3710155
54 75 3710164
54 69 3710167
54 8 3710175
54 92 3710175
54 20 3710183
54 0 3710190
54 82 3710196
54 85 3710205
54 86 3710205
54 60 3710206
54 74 3710209
54 15 3710211
54 87 3710217
54 19 3710226
54 2 3710234
54 28 3710239
54 50 3710248
54 40 3710250
54 90 3710255
54 52 3710262
54 27 3710263
54 17 3710267
54 9 3710273
54 1 3710276
54 51 3710283
54 16 3710287
54 53 3710289
54 35 3710293
54 65 3710295
54 3 3710301
54 64 3710305
54 26 3710310
55 45 3710319
55 88 3710322
55 25 3710331
55 81 3710336
55 5 3710338
55 40 3710339
55 66 3710339
55 6 3710340
55 61 3710347
55 63 3710353
55 23 3710356
55 51 3710364
55 47 3710364
55 14 3710373
55 35 3710376
55 67 3710377
55 46 3710378
55 16 3710379
55 90 3710388
55 43 3710391
55 15 3710398
55 22 3710400
55 83 3710404
55 69 3710411
55 2 3710413
55 33 3710416
55 10 3710424
55 21 3710432
55 86 3710434
55 93 3710439
55 52 3710440
55 49 3710441
55 92 3710445
55 13 3710454
55 76 3710457
55 59 3710462
55 80 3710463
55 27 3710468
55 12 3710468
55 11 3710469
55 36 3710472
55 8 3710479
55 57 3710483
55 50 3710483
55 24 3710484
55 37 3710485
55 72 3710491
55 65 3710491
55 68 3710494
55 17 3710502
55 25 3710510
55 11 3710513
55 15 3710517
55 26 3710519
55 52 3710524
55 13 3710529
55 28 3710533
55 21 3710542
55 62 3710542
55 89 3710551
55 19 3710560
55 54 3710567
55 20 3710567
55 45 3710574
55 0 3710579
55 73 3710582
55 50 3710588
55 92 3710591
55 47 3710591
55 23 3710597
55 5 3710600
55 90 3710606
55 84 3710611
55 80 3710615
55 57 3710617
55 38 3710619
55 6 3710625
55 36 3710626
55 2 3710631
55 12 3710631
55 63 3710639
55 64 3710647
55 79 3710647
55 74 3710649
55 78 3710653
55 1 3710653
55 24 3710654
55 27 3710658
55 66 3710660
55 81 3710662
55 8 3710671
55 37 3710675
55 49 3710684
55 31 3710688
55 67 3710697
56 49 3710705
56 67 3710705
56 46 3710709
56 8 3710712
56 16 3710713
56 2 3710722
56 57 3710723
56 87 3710728
56 13 3710735
56 34 3710742
56 80 3710743
56 39 3710749
56 48 3710749
56 68 3710753
56 59 3710758
56 71 3710761
56 29 3710770
56 23 3710771
56 69 3710778
56 12 3710783
56 82 3710791
56 6 3710798
56 4 3710806
56 43 3710813
56 9 3710813
56 79 3710814
56 44 3710815
56 84 3710817
56 53 3710823
56 60 3710824
56 73 3710830
56 24 3710833
56 1 3710836
56 66 3710838
56 38 3710847
56 63 3710851
56 64 3710859
56 37 3710866
56 22 3710867
56 16 3710875
56 58 3710883
56 87 3710883
56 76 3710888
56 83 3710889
56 62 3710889
56 12 3710898
56 88 3710906
56 82 3710907
56 60 3710908
56 1 3710917
56 57 3710924
56 81 3710930
56 39 3710930
56 2 3710931
56 84 3710939
56 61 3710940
56 5 3710947
56 43 3710953
56 70 3710962
56 38 3710970
56 42 3710978
56 32 3710979
56 75 3710986
56 78 3710994
56 45 3710997
56 24 3711006
56 53 3711012
56 69 3711018
56 6 3711026
56 50 3711026
56 72 3711027
56 15 3711036
56 71 3711044
56 23 3711045
56 20 3711046
56 51 3711053
56 13 3711057
57 76 3711058
57 50 3711065
57 18 3711072
57 4 3711075
57 5 3711075
57 39 3711081
57 58 3711085
57 35 3711086
57 38 3711095
57 13 3711100
57 92 3711109
57 14 3711112
57 44 3711121
57 84 3711129
57 0 3711134
57 2 3711136
57 78 3711137
57 43 3711144
57 47 3711150
57 6 3711157
57 65 3711158
57 24 3711166
57 88 3711167
57 66 3711174
57 71 3711175
57 73 3711178
57 37 3711187
57 79 3711194
57 9 3711203
57 51 3711205
57 10 3711208
57 83 3711214
57 84 3711223
57 79 3711226
57 8 3711228
57 74 3711229
57 76 3711234
57 22 3711241
57 50 3711245
57 92 3711252
57 37 3711255
57 12 3711255
57 45 3711261
57 2 3711261
57 67 3711268
57 38 3711277
57 77 3711282
57 87 3711288
57 25 3711289
57 60 3711298
57 46 3711301
57 4 3711303
57 56 3711305
57 78 3711314
57 13 3711321
57 27 3711330
57 14 3711333
57 82 3711336
57 63 3711345
58 22 3711349
58 38 3711350
58 46 3711359
58 63 3711362
58 67 3711371
58 10 3711378
58 73 3711385
58 66 3711391
58 5 3711392
58 78 3711393
58 47 3711395
58 88 3711400
58 80 3711401
58 83 3711401
58 70 3711409
58 89 3711409
58 68 3711414
58 16 3711417
58 29 3711418
58 0 3711420
58 7 3711424
58 82 3711426
58 33 3711434
58 13 3711439
58 91 3711445
58 57 3711454
58 24 3711454
58 8 3711460
58 45 3711462
58 11 3711463
58 55 3711464
58 34 3711473
58 92 3711477
58 72 3711482
58 17 3711482
58 18 3711482
58 75 3711491
58 37 3711492
58 81 3711494
58 48 3711496
58 12 3711500
58 31 3711509
58 69 3711509
58 90 3711509
58 2 3711514
58 54 3711514
58 85 3711514
58 59 3711516
58 9 3711520
58 42 3711524
58 28 3711531
58 65 3711532
58 19 3711532
58 23 3711537
58 36 3711539
58 30 3711541
58 84 3711548
58 49 3711548
58 35 3711548
58 50 3711548
58 75 3711548
58 82 3711554
58 0 3711559
58 11 3711562
58 64 3711570
58 92 3711571
58 3 3711576
58 27 3711585
58 66 3711591
58 67 3711592
58 8 3711594
58 89 3711595
58 17 3711597
58 19 3711598
58 70 3711601
58 42 3711603
58 4 3711611
58 15 3711616
58 79 3711621
58 44 3711625
58 6 3711628
58 9 3711636
58 31 3711640
58 10 3711645
58 61 3711647
58 25 3711651
58 47 3711652
58 87 3711660
58 91 3711668
58 28 3711677
58 2 3711682
58 24 3711691
58 49 3711700
58 48 3711704
58 69 3711713
58 16 3711716
58 60 3711720
58 23 3711729
58 78 3711729
58 72 3711729
58 74 3711734
58 85 3711740
58 46 3711742
58 59 3711745
58 29 3711750
58 77 3711757
58 38 3711762
58 88 3711767
58 43 3711771
58 26 3711772
58 52 3711778
58 41 3711780
58 65 3711789
59 64 3711790
59 46 3711790
59 25 3711794
59 23 3711803
59 54 3711811
59 24 3711814
59 43 3711817
59 30 3711817
59 75 3711819
59 18 3711822
59 17 3711826
59 82 3711835
59 76 3711840
59 60 3711846
59 88 3711848
59 44 3711856
59 67 3711858
59 57 3711859
59 29 3711863
59 35 3711872
59 65 3711877
59 14 3711885
59 45 3711886
59 77 3711888
59 10 3711894
59 66 3711900
59 20 3711900
59 4 3711906
59 22 3711910
59 45 3711914
59 91 3711917
59 43 3711921
59 81 3711925
59 13 3711929
59 31 3711937
59 41 3711937
59 0 3711945
59 37 3711952
59 46 3711952
59 67 3711952
59 70 3711957
59 15 3711964
59 53 3711964
59 14 3711965
59 63 3711969
59 83 3711977
59 79 3711984
59 38 3711984
59 32 3711990
60 2 3711991
60 64 3711996
60 32 3712004
60 33 3712012
60 44 3712021
60 86 3712028
60 58 3712035
60 57 3712036
60 67 3712038
60 1 3712040
60 53 3712043
60 92 3712048
60 8 3712054
60 51 3712055
60 26 3712056
60 70 3712062
60 73 3712063
60 38 3712069
60 12 3712073
60 41 3712081
60 85 3712090
60 88 3712092
60 90 3712093
60 69 3712096
60 44 3712104
60 20 3712110
60 3 3712113
60 93 3712119
60 66 3712120
60 34 3712122
60 13 3712128
61 21 3712128
61 41 3712128
61 78 3712132
61 27 3712140
61 51 3712144
61 25 3712147
61 74 3712156
61 11 3712156
61 14 3712162
61 47 3712163
61 63 3712165
61 20 3712169
61 15 3712172
61 13 3712181
61 4 3712188
61 5 3712196
61 29 3712205
61 36 3712206
61 19 3712211
61 87 3712217
61 90 3712218
61 82 3712223
61 70 3712229
61 3 3712238
61 92 3712239
61 44 3712244
61 85 3712245
61 43 3712245
61 22 3712251
61 38 3712257
61 66 3712262
61 8 3712269
61 50 3712275
61 33 3712283
61 58 3712286
61 52 3712286
61 7 3712295
61 1 3712300
61 91 3712301
61 93 3712303
61 57 3712312
61 9 3712313
61 71 3712317
61 48 3712325
61 56 3712326
61 24 3712330
61 45 3712336
61 2 3712341
61 17 3712344
61 6 3712348
61 79 3712353
61 67 3712359
61 86 3712363
61 86 3712365
61 52 3712367
61 19 3712372
61 88 3712375
61 68 3712383
61 29 3712391
61 1 3712391
61 6 3712400
61 90 3712407
61 47 3712408
61 30 3712409
61 5 3712411
61 62 3712411
61 76 3712411
61 84 3712419
61 69 3712421
61 34 3712430
61 10 3712438
61 11 3712439
61 3 3712442
61 85 3712444
61 54 3712451
61 73 3712458
61 91 3712466
61 59 3712466
61 72 3712467
61 37 3712473
61 45 3712481
61 65 3712481
61 79 3712483
61 48 3712491
61 12 3712495
61 33 3712500
61 74 3712504
61 66 3712506
61 21 3712510
61 44 3712512
61 9 3712517
61 80 3712519
61 23 3712520
61 42 3712524
61 78 3712524
61 50 3712525
61 15 3712531
61 22 3712534
61 38 3712538
61 81 3712539
61 57 3712544
61 67 3712552
61 70 3712552
61 7 3712558
61 60 3712558
61 32 3712563
61 0 3712564
61 58 3712572
61 55 3712576
62 60 3712576
62 10 3712581
62 70 3712590
62 8 3712591
62 19 3712597
62 28 3712601
62 54 3712609
62 50 3712612
62 42 3712617
62 80 3712621
62 6 3712624
62 74 3712632
62 12 3712639
62 7 3712645
62 47 3712648
62 93 3712648
62 33 3712651
62 31 3712653
62 46 3712654
62 76 3712659
62 78 3712666
62 71 3712668
62 55 3712672
62 16 3712672
62 3 3712673
62 58 3712678
62 38 3712687
62 45 3712696
62 41 3712700
62 49 3712704
62 85 3712713
62 67 3712714
62 56 3712719
62 69 3712719
62 9 3712724
62 4 3712724
62 63 3712726
62 86 3712726
62 5 3712734
62 51 3712741
62 73 3712746
62 64 3712749
62 26 3712749
62 0 3712756
62 29 3712759
62 37 3712766
62 2 3712766
62 43 3712769
62 79 3712772
62 21 3712777
62 27 3712785
62 59 3712794
62 35 3712799
62 84 3712806
62 81 3712807
62 90 3712814
62 12 3712821
62 82 3712827
62 49 3712834
62 71 3712838
62 76 3712846
62 63 3712851
62 77 3712853
62 27 3712861
62 83 3712866
62 81 3712872
62 46 3712880
62 85 3712881
62 22 3712883
62 87 3712884
62 8 3712892
62 51 3712900
62 24 3712906
62 23 3712909
62 69 3712909
62 21 3712913
62 53 3712913
62 9 3712917
62 13 3712926
62 41 3712935
62 19 3712940
62 92 3712944
62 65 3712953
62 15 3712955
62 93 3712955
62 91 3712960
62 43 3712962
62 5 3712966
62 7 3712969
62 47 3712978
62 64 3712978
62 11 3712980
62 59 3712989
62 61 3712989
62 6 3712991
62 33 3712995
62 38 3713001
62 16 3713003
62 29 3713012
62 36 3713021
62 66 3713023
62 54 3713026
62 14 3713030
62 67 3713036
62 89 3713038
62 3 3713047
62 10 3713051
62 20 3713058
62 58 3713058
62 70 3713064
62 74 3713065
63 28 3713074
63 51 3713074
63 17 3713074
63 16 3713078
63 14 3713081
63 84 3713088
63 22 3713088
63 57 3713090
63 20 3713094
63 13 3713098
63 43 3713103
63 78 3713109
63 67 3713112
63 62 3713114
63 39 3713117
63 26 3713120
63 12 3713127
63 29 3713135
63 83 3713136
63 74 3713142
63 72 3713149
63 27 3713152
63 21 3713157
63 23 3713165
63 19 3713173
63 44 3713177
63 58 3713178
63 89 3713186
63 34 3713189
63 73 3713189
63 1 3713196
63 7 3713202
63 75 3713211
63 29 3713218
63 57 3713219
63 59 3713221
63 72 3713221
63 68 3713221
63 8 3713224
63 22 3713224
63 33 3713228
63 2 3713234
64 49 3713235
64 28 3713240
64 55 3713248
64 44 3713248
64 18 3713257
64 17 3713261
64 38 3713268
64 25 3713274
64 53 3713283
64 30 3713288
64 13 3713294
64 62 3713299
64 8 3713299
64 76 3713299
64 48 3713300
64 59 3713300
64 58 3713304
64 19 3713308
64 35 3713315
64 0 3713317
64 57 3713321
64 82 3713327
64 31 3713333
64 23 3713334
64 75 3713339
64 6 3713340
64 45 3713349
64 69 3713356
64 32 3713363
64 72 3713370
64 81 3713372
64 7 3713373
64 10 3713376
64 60 3713383
64 83 3713389
64 12 3713395
64 92 3713399
64 17 3713403
64 46 3713403
64 41 3713406
64 85 3713412
64 34 3713412
64 15 3713420
64 13 3713425
64 93 3713425
64 53 3713431
64 7 3713431
64 68 3713433
64 18 3713439
64 12 3713441
64 36 3713445
64 27 3713446
64 19 3713454
64 77 3713458
64 0 3713464
64 42 3713465
64 83 3713465
64 90 3713470
64 91 3713474
64 32 3713476
64 47 3713476
64 56 3713479
64 52 3713482
64 31 3713491
64 44 3713493
64 81 3713494
64 48 3713503
64 9 3713508
64 4 3713511
65 49 3713520
65 75 3713522
65 32 3713528
65 54 3713533
65 23 3713542
65 22 3713548
65 19 3713552
65 48 3713558
65 83 3713566
65 6 3713572
65 77 3713579
65 15 3713587
65 44 3713588
65 69 3713597
65 42 3713605
65 55 3713609
65 93 3713610
65 76 3713613
65 1 3713615
65 68 3713618
65 12 3713626
65 21 3713631
65 57 3713638
65 72 3713646
65 39 3713651
65 20 3713659
65 66 3713661
65 14 3713661
65 91 3713667
65 3 3713668
65 13 3713675
65 54 3713684
65 79 3713689
65 50 3713695
65 71 3713696
65 68 3713699
65 44 3713707
65 62 3713712
65 56 3713717
65 69 3713724
65 75 3713733
65 34 3713736
65 35 3713742
65 15 3713742
65 59 3713749
65 29 3713757
65 13 3713761
65 86 3713766
65 70 3713772
65 23 3713779
65 89 3713788
65 22 3713796
65 9 3713805
65 87 3713810
65 64 3713816
65 55 3713824
65 91 3713827
65 57 3713830
65 0 3713834
65 5 3713842
65 84 3713844
65 46 3713848
65 48 3713848
65 25 3713849
65 28 3713855
66 76 3713861
66 84 3713868
66 57 3713871
66 62 3713872
66 92 3713874
66 43 3713878
66 41 3713886
66 50 3713887
66 77 3713891
66 79 3713894
66 17 3713903
66 65 3713903
66 67 3713911
66 2 3713917
66 10 3713919
66 74 3713927
66 27 3713934
66 70 3713943
66 15 3713947
66 22 3713950
66 68 3713950
66 78 3713954
66 33 3713963
66 9 3713971
66 7 3713971
66 55 3713975
66 11 3713981
66 8 3713989
66 26 3713989
66 30 3713995
66 31 3714003
66 59 3714009
66 86 3714010
66 44 3714017
66 13 3714021
66 91 3714029
66 6 3714032
66 52 3714032
66 45 3714037
66 93 3714045
66 46 3714052
66 25 3714060
66 61 3714067
66 73 3714073
66 56 3714077
66 48 3714077
66 24 3714084
66 20 3714087
66 72 3714088
66 49 3714092
66 58 3714096
66 87 3714098
66 18 3714104
66 53 3714107
66 60 3714110
66 22 3714119
66 83 3714123
66 72 3714126
66 27 3714128
66 88 3714131
66 46 3714132
66 29 3714133
66 24 3714136
66 38 3714139
66 68 3714143
66 28 3714143
66 67 3714146
66 69 3714147
66 35 3714153
66 62 3714159
66 65 3714160
66 18 3714163
66 91 3714167
66 2 3714174
66 3 3714180
66 8 3714187
66 40 3714187
66 89 3714191
66 6 3714192
66 58 3714198
66 54 3714206
66 82 3714213
66 77 3714221
66 90 3714229
66 10 3714235
66 51 3714235
66 31 3714244
66 85 3714247
66 42 3714256
66 7 3714262
66 92 3714264
66 17 3714268
66 5 3714271
66 56 3714278
66 93 3714284
66 26 3714287
66 81 3714296
66 23 3714301
66 36 3714303
66 57 3714306
66 59 3714309
66 32 3714316
67 56 3714324
67 61 3714332
67 22 3714332
67 41 3714336
67 7 3714340
67 49 3714346
67 59 3714350
67 19 3714350
67 5 3714352
67 69 3714358
67 21 3714358
67 17 3714361
67 75 3714370
67 73 3714376
67 71 3714385
67 10 3714388
67 8 3714397
67 28 3714399
67 36 3714405
67 24 3714413
67 35 3714416
67 47 3714420
67 54 3714426
67 15 3714430
67 4 3714431
67 20 3714438
67 76 3714441
67 33 3714446
67 40 3714450
67 51 3714453
67 79 3714459
67 9 3714465
67 3 3714471
67 82 3714475
67 23 3714482
67 88 3714484
67 83 3714486
67 11 3714488
67 70 3714495
67 89 3714503
67 1 3714509
67 60 3714510
67 62 3714516
67 43 3714521
67 57 3714528
67 14 3714535
67 68 3714537
67 25 3714545
67 66 3714554
67 87 3714557
67 58 3714566
67 9 3714566
67 59 3714575
67 33 3714576
67 53 3714583
67 52 3714585
67 62 3714594
67 23 3714601
67 68 3714601
67 30 3714602
67 75 3714608
67 15 3714613
67 66 3714619
67 11 3714620
67 19 3714621
67 72 3714628
67 13 3714637
67 44 3714643
67 28 3714643
67 48 3714648
67 78 3714648
67 12 3714655
67 80 3714663
67 46 3714672
67 7 3714676
67 40 3714676
67 38 3714682
67 51 3714687
67 31 3714688
67 5 3714694
67 82 3714695
67 45 3714696
67 93 3714699
67 17 3714707
67 85 3714716
67 24 3714720
67 6 3714722
67 50 3714728
67 36 3714737
67 92 3714741
67 21 3714749
67 88 3714749
67 35 3714757
67 37 3714758
67 61 3714765
67 34 3714769
67 25 3714774
67 76 3714777
67 42 3714781
67 18 3714789
67 90 3714793
68 53 3714793
68 72 3714795
68 50 3714802
68 30 3714802
68 11 3714802
68 84 3714805
68 40 3714814
68 44 3714822
68 19 3714829
68 32 3714829
68 57 3714833
68 79 3714839
68 29 3714845
68 0 3714849
68 35 3714853
68 31 3714854
68 4 3714857
68 58 3714866
68 41 3714870
68 55 3714876
68 66 3714880
68 26 3714889
68 80 3714889
68 37 3714895
68 1 3714897
68 83 3714898
68 15 3714907
68 75 3714916
68 91 3714917
68 42 3714921
68 46 3714929
68 90 3714934
68 51 3714935
68 88 3714936
68 73 3714942
68 27 3714946
68 12 3714953
68 43 3714958
68 89 3714960
68 64 3714960
68 16 3714969
68 63 3714974
68 23 3714983
68 21 3714983
68 28 3714988
68 10 3714989
68 86 3714992
68 9 3715000
68 18 3715003
68 49 3715005
68 87 3715012
68 82 3715018
68 24 3715027
68 20 3715033
68 52 3715035
68 82 3715036
68 73 3715044
68 80 3715052
68 23 3715058
68 50 3715064
68 56 3715064
68 89 3715069
68 5 3715074
68 38 3715078
68 51 3715083
68 25 3715088
68 11 3715091
68 2 3715098
68 43 3715104
68 31 3715104
68 30 3715105
68 20 3715112
68 29 3715114
68 53 3715121
68 78 3715126
68 66 3715131
68 86 3715139
68 77 3715141
68 6 3715145
68 57 3715154
68 34 3715162
68 24 3715162
68 74 3715169
68 9 3715170
68 17 3715170
68 62 3715175
68 91 3715178
68 59 3715184
68 0 3715184
68 67 3715191
68 35 3715192
68 75 3715196
68 15 3715201
68 83 3715205
68 87 3715209
68 45 3715213
68 39 3715214
68 64 3715215
68 14 3715220
68 61 3715222
68 44 3715227
68 7 3715231
68 4 3715233
68 71 3715235
68 76 3715235
68 18 3715244
68 60 3715248
68 81 3715254
68 33 3715261
69 82 3715261
69 22 3715263
69 35 3715268
69 68 3715275
69 7 3715282
69 37 3715288
69 24 3715294
69 59 3715303
69 41 3715304
69 3 3715311
69 53 3715317
69 6 3715319
69 74 3715321
69 56 3715326
69 16 3715332
69 52 3715335
69 19 3715335
69 12 3715343
69 33 3715351
69 46 3715353
69 32 3715360
69 73 3715368
69 10 3715375
69 90 3715380
69 15 3715388
69 38 3715393
69 26 3715394
69 84 3715396
69 78 3715404
69 61 3715408
69 88 3715416
69 55 3715416
69 14 3715420
69 85 3715424
69 28 3715425
69 63 3715434
69 50 3715442
69 87 3715443
69 58 3715448
69 80 3715457
69 51 3715460
69 49 3715465
69 89 3715466
69 67 3715466
69 34 3715469
69 71 3715471
69 27 3715479
69 79 3715480
69 30 3715480
69 31 3715483
69 5 3715490
69 18 3715498
69 2 3715498
69 42 3715499
69 25 3715508
69 4 3715508
69 32 3715512
69 93 3715518
69 63 3715520
69 91 3715522
69 48 3715529
69 87 3715531
69 56 3715536
69 34 3715545
69 30 3715553
69 60 3715559
69 26 3715561
69 92 3715567
69 55 3715576
69 3 3715578
69 11 3715580
69 42 3715589
69 61 3715590
69 51 3715590
69 28 3715594
69 47 3715602
69 20 3715606
69 4 3715615
69 54 3715619
69 79 3715619
69 25 3715622
69 71 3715631
69 70 3715638
69 66 3715643
69 65 3715648
69 64 3715655
69 81 3715658
69 17 3715659
69 16 3715662
69 40 3715671
69 85 3715671
69 84 3715671
69 37 3715676
69 18 3715677
69 21 3715680
69 52 3715684
69 75 3715684
69 43 3715685
69 39 3715685
69 1 3715685
69 31 3715686
69 62 3715694
69 80 3715696
69 9 3715705
69 33 3715713
69 23 3715721
69 12 3715730
69 19 3715738
69 29 3715747
69 45 3715752
69 49 3715752
69 10 3715758
69 41 3715758
70 65 3715763
70 34 3715767
70 54 3715769
70 55 3715777
70 44 3715783
70 0 3715792
70 4 3715799
70 41 3715799
70 90 3715799
70 46 3715799
70 86 3715801
70 13 3715804
70 72 3715805
70 38 3715813
70 12 3715819
70 50 3715824
70 53 3715832
70 89 3715836
70 23 3715836
70 77 3715836
70 43 3715842
70 76 3715845
70 64 3715847
70 37 3715847
70 17 3715854
70 40 3715857
70 28 3715865
70 59 3715873
70 56 3715874
70 6 3715876
70 42 3715884
70 26 3715886
70 49 3715888
70 88 3715888
70 2 3715891
70 61 3715900
70 91 3715907
70 48 3715909
70 36 3715911
70 47 3715918
70 15 3715926
70 25 3715927
70 14 3715928
70 1 3715929
70 32 3715934
70 78 3715943
70 75 3715949
70 68 3715956
70 93 3715961
70 87 3715969
70 80 3715974
70 71 3715983
70 66 3715983
70 85 3715992
70 79 3715996
70 18 3715998
70 24 3716002
70 21 3716003
70 9 3716009
70 51 3716014
70 3 3716016
70 57 3716016
70 22 3716022
70 74 3716028
70 29 3716033
70 54 3716041
70 86 3716045
70 39 3716045
70 84 3716052
70 78 3716054
70 52 3716054
70 2 3716056
70 89 3716064
70 61 3716070
70 90 3716078
70 59 3716084
70 53 3716087
70 72 3716093
70 7 3716094
70 13 3716095
70 5 3716100
70 93 3716109
70 49 3716115
70 69 3716123
70 12 3716124
70 80 3716124
70 85 3716127
70 38 3716132
70 91 3716133
70 36 3716142
70 83 3716149
70 23 3716149
70 63 3716151
70 43 3716152
70 67 3716161
70 48 3716165
70 76 3716170
70 16 3716176
70 41 3716182
70 35 3716186
70 17 3716188
70 77 3716195
70 66 3716203
70 68 3716207
70 21 3716211
70 65 3716212
70 0 3716218
70 82 3716225
70 46 3716226
70 28 3716231
70 9 3716237
70 33 3716237
70 15 3716246
70 11 3716255
70 34 3716264
70 58 3716270
70 31 3716277
71 15 3716281
71 52 3716284
71 4 3716290
71 86 3716293
71 14 3716298
71 88 3716305
71 20 3716312
71 61 3716317
71 56 3716324
71 79 3716330
71 47 3716332
71 3 3716336
71 31 3716344
71 59 3716351
71 0 3716354
71 85 3716357
71 78 3716360
71 35 3716365
71 38 3716368
71 16 3716371
71 1 3716374
71 42 3716382
71 30 3716387
71 41 3716394
71 82 3716394
71 73 3716401
71 36 3716407
71 90 3716416
71 28 3716416
71 60 3716425
71 80 3716426
71 13 3716431
71 34 3716434
71 55 3716442
71 58 3716446
71 67 3716452
71 72 3716457
71 17 3716463
71 43 3716465
71 75 3716472
71 65 3716478
71 45 3716485
71 11 3716487
71 66 3716489
71 48 3716491
71 40 3716491
71 74 3716497
71 63 3716506
71 62 3716515
71 9 3716515
71 24 3716523
71 68 3716527
71 32 3716534
71 26 3716535
71 55 3716539
71 54 3716540
71 41 3716540
71 39 3716540
71 52 3716549
71 37 3716551
71 82 3716560
71 5 3716568
71 92 3716568
71 15 3716568
71 7 3716574
71 59 3716576
71 14 3716585
71 64 3716588
71 84 3716597
71 90 3716603
71 79 3716604
71 61 3716613
71 93 3716613
71 23 3716615
71 46 3716621
71 78 3716629
71 87 3716635
71 66 3716639
71 88 3716641
71 21 3716646
71 43 3716647
71 0 3716653
71 45 3716658
71 40 3716666
71 74 3716667
71 2 3716669
71 12 3716671
71 11 3716673
71 1 3716676
71 33 3716677
71 20 3716681
71 58 3716682
71 85 3716682
71 57 3716690
71 77 3716691
72 77 3716698
72 87 3716705
72 83 3716712
72 54 3716715
72 75 3716722
72 51 3716730
72 66 3716736
72 41 3716739
72 74 3716747
72 59 3716751
72 25 3716757
72 50 3716766
72 39 3716770
72 93 3716775
72 10 3716784
72 2 3716790
72 38 3716797
72 60 3716806
72 30 3716813
72 22 3716819
72 29 3716823
72 12 3716826
72 56 3716826
72 36 3716828
72 27 3716832
72 9 3716833
72 57 3716835
72 82 3716843
72 91 3716850
72 85 3716855
72 33 3716864
72 0 3716864
72 48 3716871
72 35 3716879
72 18 3716888
72 4 3716890
72 64 3716898
72 79 3716901
72 69 3716908
72 52 3716915
72 76 3716922
72 45 3716930
72 92 3716935
72 19 3716936
72 58 3716942
72 40 3716944
72 79 3716951
72 88 3716958
72 54 3716958
72 14 3716959
72 45 3716968
72 55 3716977
72 46 3716986
72 18 3716995
72 84 3716996
72 24 3717002
72 67 3717005
72 26 3717007
72 19 3717009
72 70 3717012
72 91 3717015
72 81 3717024
72 76 3717024
72 38 3717026
72 15 3717030
72 56 3717031
72 57 3717036
72 41 3717039
72 47 3717045
72 27 3717053
72 58 3717055
72 8 3717055
72 31 3717061
72 25 3717069
72 30 3717070
72 0 3717074
72 48 3717079
72 16 3717083
72 80 3717087
72 23 3717096
72 1 3717096
72 62 3717102
72 22 3717109
72 34 3717115
72 42 3717124
72 11 3717130
72 32 3717137
72 90 3717146
72 12 3717149
72 43 3717154
72 28 3717162
72 44 3717169
72 60 3717178
72 36 3717186
72 40 3717195
72 75 3717196
72 52 3717197
72 17 3717200
73 56 3717205
73 5 3717214
73 72 3717219
73 55 3717224
73 90 3717230
73 45 3717236
73 38 3717237
73 21 3717245
73 63 3717253
73 57 3717259
73 46 3717266
73 70 3717267
73 50 3717272
73 25 3717281
73 31 3717281
73 40 3717290
73 27 3717291
73 59 3717298
73 24 3717302
73 53 3717311
73 36 3717319
73 91 3717320
73 34 3717324
73 29 3717328
73 10 3717329
73 74 3717336
73 62 3717343
73 49 3717347
73 41 3717351
73 14 3717355
73 30 3717364
73 65 3717365
73 42 3717374
73 20 3717381
73 80 3717388
73 86 3717391
73 43 3717398
73 39 3717402
73 87 3717404
73 81 3717408
73 68 3717416
73 4 3717416
73 88 3717420
73 3 3717424
73 22 3717433
73 8 3717434
73 47 3717439
73 76 3717440
73 83 3717440
73 28 3717444
73 6 3717446
73 67 3717451
73 69 3717456
73 51 3717461
73 17 3717470
73 93 3717478
73 89 3717485
73 20 3717489
73 71 3717491
73 81 3717496
73 38 3717501
73 17 3717509
73 40 3717509
73 43 3717514
73 83 3717515
73 89 3717518
73 88 3717526
73 58 3717533
73 78 3717534
73 77 3717539
73 54 3717540
73 82 3717545
73 6 3717545
73 86 3717554
73 41 3717555
73 24 3717564
73 62 3717570
73 34 3717576
73 57 3717580
73 46 3717588
73 29 3717589
73 53 3717592
73 19 3717595
73 28 3717596
73 10 3717603
73 18 3717611
73 80 3717615
73 27 3717620
73 9 3717620
73 25 3717622
73 68 3717626
73 13 3717633
73 93 3717633
73 39 3717633
73 67 3717636
73 91 3717637
73 85 3717644
73 5 3717647
73 14 3717649
73 52 3717649
73 64 3717656
73 65 3717660
73 2 3717665
73 23 3717667
73 47 3717671
73 44 3717677
73 63 3717680
73 55 3717680
73 32 3717689
73 8 3717694
73 36 3717699
73 69 3717706
74 22 3717708
74 58 3717717
74 50 3717724
74 69 3717731
74 30 3717731
74 85 3717736
74 57 3717739
74 63 3717740
74 66 3717742
74 84 3717744
74 40 3717748
74 64 3717752
74 37 3717758
74 36 3717758
74 67 3717760
74 56 3717768
74 34 3717774
74 81 3717782
74 82 3717787
74 44 3717791
74 75 3717797
74 55 3717799
74 93 3717799
74 48 3717804
74 88 3717805
74 10 3717809
74 1 3717814
74 43 3717820
74 31 3717824
74 51 3717832
74 91 3717839
74 41 3717841
74 62 3717847
74 2 3717850
74 27 3717853
74 47 3717857
74 49 3717865
74 60 3717867
74 9 3717873
74 14 3717879
74 73 3717885
74 72 3717894
74 17 3717897
74 52 3717905
74 61 3717913
74 90 3717915
74 26 3717920
74 6 3717924
74 59 3717930
74 45 3717934
74 49 3717935
74 46 3717941
74 57 3717943
74 50 3717952
74 16 3717956
74 68 3717956
74 75 3717963
74 53 3717967
74 31 3717971
74 90 3717974
74 22 3717978
74 89 3717986
74 83 3717986
74 78 3717995
74 77 3717997
74 86 3718005
74 54 3718007
74 11 3718015
74 71 3718016
74 48 3718025
74 66 3718030
74 80 3718037
74 12 3718046
74 56 3718050
74 43 3718053
74 41 3718062
74 40 3718063
74 84 3718064
74 18 3718068
74 55 3718068
74 65 3718071
74 3 3718077
74 69 3718078
74 30 3718078
74 19 3718087
74 82 3718095
74 21 3718096
74 15 3718100
74 32 3718108
74 28 3718109
74 70 3718111
74 76 3718116
74 14 3718124
74 61 3718126
74 63 3718130
74 20 3718132
74 60 3718135
74 35 3718140
74 0 3718145
74 33 3718146
74 23 3718153
74 67 3718162
75 22 3718171
75 23 3718176
75 17 3718183
75 47 3718190
75 35 3718193
75 80 3718195
75 19 3718195
75 58 3718201
75 24 3718202
75 45 3718211
75 53 3718212
75 90 3718215
75 68 3718222
75 25 3718230
75 81 3718232
75 11 3718241
75 79 3718245
75 26 3718253
75 10 3718258
75 71 3718258
75 59 3718260
75 55 3718262
75 78 3718263
75 2 3718268
75 85 3718273
75 86 3718276
75 41 3718278
75 56 3718284
75 48 3718291
75 52 3718294
75 61 3718294
75 14 3718295
75 6 3718300
75 1 3718307
75 18 3718309
75 49 3718314
75 62 3718322
75 88 3718330
75 70 3718337
75 34 3718343
75 15 3718348
75 4 3718349
75 51 3718358
75 84 3718364
75 5 3718369
75 57 3718374
75 6 3718381
75 21 3718384
75 33 3718384
75 82 3718389
75 28 3718389
75 93 3718397
75 72 3718397
75 49 3718403
75 8 3718407
75 55 3718408
75 70 3718415
75 7 3718419
75 23 3718425
75 73 3718427
75 68 3718435
75 63 3718436
75 59 3718443
75 64 3718450
75 52 3718450
75 39 3718450
75 88 3718456
75 10 3718460
75 91 3718461
75 58 3718466
75 92 3718466
75 47 3718473
75 9 3718474
75 60 3718475
75 56 3718475
76 81 3718475
76 89 3718481
76 80 3718488
76 46 3718496
76 8 3718496
76 20 3718503
76 10 3718508
76 12 3718514
76 52 3718518
76 56 3718523
76 7 3718532
76 16 3718538
77 8 3718545
77 81 3718553
77 44 3718561
78 44 3718568
78 9 3718568
78 42 3718577
78 76 3718577
78 4 3718579
78 50 3718579
78 79 3718583
78 14 3718584
78 47 3718591
78 64 3718598
78 34 3718601
78 3 3718604
78 80 3718613
78 35 3718613
78 77 3718616
78 81 3718618
78 67 3718619
78 74 3718621
78 38 3718625
78 56 3718633
78 84 3718641
78 69 3718645
78 29 3718645
78 13 3718647
78 12 3718650
78 8 3718658
78 7 3718661
78 60 3718663
78 54 3718671
78 40 3718673
78 72 3718675
78 1 3718679
78 71 3718682
78 46 3718682
78 89 3718687
78 16 3718687
78 32 3718694
78 65 3718699
78 28 3718705
78 88 3718713
78 55 3718716
78 18 3718721
78 91 3718730
78 5 3718736
78 22 3718742
78 20 3718749
78 70 3718751
78 90 3718755
78 24 3718764
78 23 3718768
78 58 3718769
78 47 3718769
78 43 3718774
78 48 3718783
78 0 3718784
78 85 3718786
78 22 3718794
78 40 3718802
78 69 3718803
78 83 3718808
78 79 3718817
78 76 3718822
78 82 3718826
78 92 3718834
78 56 3718836
78 20 3718841
78 50 3718841
78 62 3718850
78 86 3718857
78 44 3718866
78 72 3718870
78 51 3718879
78 84 3718887
78 3 3718890
78 17 3718895
78 63 3718901
78 71 3718904
78 34 3718909
78 90 3718916
78 10 3718924
78 55 3718926
78 73 3718926
78 54 3718935
78 68 3718939
78 75 3718945
78 45 3718954
78 15 3718963
78 57 3718970
78 81 3718978
78 60 3718978
78 6 3718987
78 46 3718987
78 24 3718989
78 30 3718990
78 8 3718991
78 23 3718994
78 28 3719002
78 35 3719007
78 67 3719008
78 9 3719015
79 1 3719024
79 11 3719029
79 36 3719038
79 17 3719040
79 81 3719049
79 23 3719053
80 54 3719062
80 69 3719063
80 87 3719066
80 50 3719070
80 13 3719070
80 76 3719070
80 26 3719073
80 67 3719078
80 11 3719086
80 62 3719088
80 83 3719091
80 10 3719099
80 2 3719100
80 74 3719101
80 53 3719106
80 36 3719115
80 88 3719123
80 5 3719131
80 79 3719132
80 30 3719141
80 9 3719150
80 66 3719158
80 22 3719162
80 64 3719169
80 85 3719171
80 59 3719172
80 6 3719178
80 16 3719180
80 45 3719182
80 57 3719191
80 91 3719191
80 0 3719200
80 35 3719200
80 37 3719205
80 40 3719208
80 31 3719215
80 46 3719220
80 71 3719228
80 73 3719236
80 81 3719244
80 73 3719247
80 19 3719249
80 69 3719258
80 57 3719263
80 7 3719267
80 49 3719275
80 10 3719281
80 54 3719281
80 2 3719283
80 28 3719283
80 75 3719292
80 38 3719294
80 78 3719303
80 50 3719309
80 64 3719313
80 39 3719320
80 29 3719329
80 40 3719331
80 14 3719339
80 86 3719343
80 67 3719351
80 88 3719359
80 79 3719361
80 58 3719366
80 91 3719370
80 60 3719372
80 76 3719379
80 13 3719384
80 9 3719387
80 20 3719388
80 53 3719391
80 66 3719392
80 56 3719399
80 65 3719407
80 48 3719412
80 44 3719412
80 12 3719416
80 89 3719425
80 82 3719427
80 72 3719434
80 25 3719436
80 30 3719437
80 62 3719445
80 74 3719449
81 85 3719455
81 32 3719462
81 26 3719465
81 17 3719473
81 0 3719480
81 88 3719489
81 39 3719491
81 35 3719492
81 63 3719498
81 34 3719499
81 59 3719505
81 68 3719506
81 72 3719511
81 45 3719517
81 83 3719524
81 41 3719532
81 64 3719535
81 73 3719537
81 62 3719545
81 79 3719549
81 91 3719557
81 77 3719563
81 65 3719563
81 14 3719571
81 25 3719575
81 56 3719577
81 82 3719584
81 66 3719592
81 13 3719601
81 18 3719607
81 74 3719610
81 49 3719611
81 33 3719614
81 76 3719615
81 4 3719623
81 10 3719628
81 51 3719632
81 37 3719640
81 22 3719649
81 24 3719653
81 61 3719660
81 87 3719669
81 93 3719673
81 90 3719675
81 1 3719676
81 91 3719681
81 83 3719683
81 41 3719690
81 65 3719697
81 76 3719706
81 32 3719708
81 60 3719714
81 34 3719714
81 90 3719721
81 45 3719725
81 39 3719729
81 89 3719738
81 38 3719745
81 28 3719746
81 35 3719750
81 23 3719757
81 3 3719758
81 5 3719764
81 26 3719771
81 20 3719775
81 50 3719775
81 84 3719775
81 67 3719781
81 57 3719783
81 48 3719786
81 70 3719793
81 17 3719795
81 25 3719801
81 59 3719807
81 86 3719810
81 2 3719816
81 75 3719821
81 53 3719826
81 7 3719830
81 30 3719837
81 31 3719840
81 68 3719840
81 21 3719849
81 8 3719853
81 43 3719858
81 74 3719866
82 66 3719870
82 63 3719872
82 81 3719881
82 88 3719885
82 52 3719888
82 40 3719893
82 33 3719894
82 79 3719903
82 24 3719906
82 62 3719910
82 75 3719911
82 49 3719919
82 25 3719923
83 6 3719925
83 4 3719927
83 12 3719932
83 62 3719939
83 90 3719947
83 87 3719956
83 44 3719957
83 75 3719966
83 70 3719970
83 67 3719971
83 10 3719977
83 60 3719985
83 91 3719994
83 39 3720003
83 14 3720009
83 65 3720017
83 34 3720022
83 51 3720023
83 63 3720029
83 56 3720030
83 2 3720037
83 30 3720044
83 15 3720048
83 0 3720054
83 23 3720055
83 45 3720060
83 8 3720068
83 42 3720073
83 17 3720081
83 80 3720082
83 41 3720089
83 19 3720098
83 66 3720099
83 81 3720106
83 7 3720108
83 84 3720108
83 31 3720114
83 68 3720114
83 50 3720123
83 61 3720127
83 32 3720135
83 38 3720135
83 85 3720141
83 72 3720150
83 48 3720158
83 79 3720164
83 21 3720169
83 11 3720170
83 16 3720174
83 73 3720175
83 77 3720180
83 69 3720186
83 59 3720186
83 59 3720193
83 85 3720196
83 67 3720203
83 87 3720207
83 50 3720214
83 27 3720221
83 28 3720230
83 69 3720239
83 45 3720243
83 8 3720243
83 57 3720250
83 7 3720258
83 4 3720266
83 26 3720272
83 32 3720272
83 75 3720276
83 77 3720276
83 43 3720284
83 31 3720285
83 30 3720287
83 36 3720291
83 63 3720293
83 82 3720302
83 65 3720311
83 47 3720319
83 10 3720321
83 15 3720321
83 93 3720326
83 60 3720332
83 34 3720333
83 2 3720342
83 80 3720347
83 55 3720351
83 91 3720359
83 49 3720368
83 23 3720376
83 1 3720385
83 68 3720393
83 13 3720401
83 18 3720408
83 86 3720416
83 76 3720416
83 37 3720421
83 21 3720430
83 66 3720438
83 14 3720441
83 17 3720449
83 3 3720456
83 33 3720460
83 5 3720467
83 88 3720476
83 6 3720481
83 24 3720483
83 71 3720491
84 13 3720494
84 71 3720496
84 61 3720505
84 29 3720508
84 26 3720517
84 70 3720522
84 3 3720528
84 18 3720531
84 75 3720531
84 7 3720534
84 88 3720537
84 12 3720541
84 58 3720549
84 85 3720558
84 66 3720562
84 48 3720571
84 49 3720573
84 90 3720577
84 65 3720585
84 0 3720592
84 78 3720592
84 30 3720597
84 46 3720597
84 63 3720602
84 76 3720603
84 20 3720610
84 80 3720616
84 8 3720619
84 44 3720623
84 2 3720632
84 9 3720638
84 78 3720642
84 90 3720650
84 85 3720656
84 69 3720665
84 52 3720668
84 35 3720677
84 20 3720682
84 41 3720686
84 58 3720694
84 63 3720702
84 49 3720703
84 26 3720708
84 61 3720712
84 46 3720721
84 6 3720721
84 30 3720724
84 66 3720732
84 11 3720735
85 26 3720738
85 63 3720747
85 12 3720750
85 14 3720752
85 65 3720757
85 42 3720761
85 48 3720763
85 4 3720771
85 36 3720777
85 71 3720784
85 32 3720791
85 43 3720800
85 38 3720802
85 27 3720806
85 39 3720811
85 91 3720819
85 58 3720821
85 67 3720822
85 34 3720827
85 92 3720830
85 86 3720839
85 23 3720839
85 75 3720848
85 54 3720855
85 24 3720861
85 2 3720862
85 0 3720866
85 45 3720871
85 87 3720875
85 68 3720877
85 13 3720886
85 47 3720887
85 74 3720896
85 73 3720900
85 50 3720905
85 82 3720906
85 19 3720912
85 64 3720917
85 35 3720920
85 86 3720929
85 18 3720932
85 88 3720935
85 80 3720940
85 25 3720949
85 24 3720955
85 59 3720963
85 79 3720965
85 3 3720967
85 33 3720972
85 14 3720976
85 13 3720981
85 49 3720982
85 41 3720991
85 30 3720991
85 70 3720997
85 43 3721003
85 37 3721012
85 71 3721014
85 15 3721015
85 56 3721018
85 4 3721026
85 44 3721028
85 69 3721034
85 48 3721034
85 11 3721041
85 52 3721049
85 5 3721057
85 31 3721064
85 9 3721067
85 45 3721074
85 67 3721076
85 82 3721081
85 0 3721088
85 40 3721094
86 6 3721095
86 85 3721100
86 11 3721105
86 78 3721112
86 49 3721119
86 1 3721121
86 29 3721125
86 40 3721130
86 42 3721133
86 44 3721138
86 39 3721143
86 23 3721148
86 36 3721156
86 54 3721158
86 14 3721166
86 13 3721170
86 62 3721178
86 83 3721187
86 64 3721187
86 22 3721192
86 58 3721197
86 63 3721201
86 75 3721209
86 90 3721211
86 10 3721220
86 37 3721229
86 92 3721235
86 61 3721240
86 65 3721245
86 33 3721248
86 9 3721256
86 53 3721265
86 15 3721274
86 70 3721279
86 66 3721286
86 47 3721293
86 76 3721300
86 41 3721304
86 50 3721309
86 52 3721314
86 18 3721314
86 91 3721323
86 30 3721325
86 56 3721325
86 77 3721334
86 43 3721339
86 73 3721341
86 80 3721347
86 0 3721353
86 34 3721362
86 93 3721366
86 74 3721373
86 28 3721380
86 38 3721384
86 79 3721387
86 69 3721391
86 2 3721394
86 90 3721400
86 21 3721402
86 71 3721408
86 10 3721414
86 56 3721417
86 19 3721422
86 42 3721429
86 73 3721429
86 68 3721434
86 44 3721437
86 39 3721440
86 8 3721442
86 69 3721446
86 89 3721447
86 76 3721448
86 60 3721452
86 67 3721455
86 74 3721461
86 16 3721466
86 12 3721470
86 31 3721471
86 45 3721474
86 63 3721483
86 40 3721488
86 3 3721493
86 51 3721501
86 33 3721502
86 70 3721507
86 84 3721510
86 32 3721510
86 58 3721516
86 15 3721520
86 75 3721529
86 59 3721531
86 62 3721534
86 65 3721539
86 78 3721542
86 25 3721543
86 34 3721552
86 41 3721555
86 24 3721558
86 52 3721567
86 72 3721572
86 18 3721577
86 54 3721578
86 55 3721579
86 82 3721587
86 36 3721595
86 29 3721602
86 1 3721605
86 92 3721606
87 23 3721615
87 56 3721624
87 44 3721632
87 5 3721633
87 80 3721635
87 91 3721642
87 77 3721643
87 85 3721649
87 73 3721655
87 11 3721659
87 13 3721665
87 15 3721671
87 74 3721678
87 78 3721687
87 38 3721692
87 18 3721700
87 61 3721709
87 62 3721713
87 32 3721715
87 20 3721724
87 3 3721726
87 1 3721727
87 53 3721729
87 14 3721734
87 42 3721742
87 69 3721744
87 10 3721745
87 79 3721752
87 71 3721752
87 22 3721758
87 25 3721762
87 36 3721763
87 70 3721771
87 86 3721776
87 7 3721783
87 16 3721791
87 26 3721793
87 84 3721798
87 37 3721804
87 33 3721807
87 30 3721811
87 28 3721815
87 39 3721822
87 55 3721822
87 84 3721823
87 35 3721824
87 20 3721831
87 37 3721836
87 63 3721843
87 73 3721844
87 13 3721847
87 45 3721848
87 43 3721853
87 8 3721860
87 66 3721860
87 19 3721866
87 32 3721866
87 1 3721870
87 31 3721878
87 21 3721887
87 81 3721896
87 34 3721896
87 9 3721897
87 11 3721899
87 82 3721903
87 47 3721904
87 91 3721912
87 29 3721920
87 64 3721929
87 50 3721938
87 2 3721940
87 0 3721940
87 61 3721944
87 52 3721945
87 23 3721954
87 86 3721956
87 5 3721958
87 60 3721959
87 48 3721964
87 36 3721965
87 75 3721974
87 74 3721983
87 53 3721989
87 62 3721996
87 17 3722004
88 13 3722007
88 5 3722012
88 86 3722013
88 79 3722022
88 37 3722030
88 35 3722033
88 4 3722035
88 64 3722036
88 23 3722043
88 22 3722050
88 2 3722055
88 92 3722060
88 15 3722063
88 68 3722064
88 18 3722065
88 7 3722074
88 36 3722078
88 8 3722087
88 41 3722089
88 91 3722098
88 93 3722104
88 9 3722111
88 38 3722114
88 81 3722115
88 28 3722121
88 80 3722126
88 59 3722129
88 83 3722130
88 50 3722132
88 32 3722136
88 26 3722144
88 72 3722148
88 30 3722155
88 73 3722160
88 43 3722166
88 70 3722173
88 53 3722178
88 39 3722181
88 52 3722181
88 11 3722182
88 69 3722190
88 89 3722197
88 12 3722201
88 5 3722209
88 22 3722216
88 17 3722221
88 90 3722229
88 83 3722235
88 73 3722240
88 39 3722247
88 10 3722251
88 23 3722260
88 89 3722262
88 62 3722263
88 35 3722269
88 33 3722278
88 21 3722286
88 79 3722294
88 7 3722301
88 34 3722302
88 4 3722307
88 82 3722307
88 74 3722316
88 57 3722316
88 66 3722320
88 40 3722325
88 47 3722333
88 43 3722340
88 81 3722341
88 49 3722350
88 42 3722357
88 25 3722364
88 29 3722367
88 60 3722374
88 0 3722382
88 75 3722382
88 72 3722386
88 87 3722388
88 85 3722397
88 86 3722406
88 46 3722407
88 27 3722413
88 18 3722417
89 39 3722424
89 87 3722431
89 93 3722438
89 46 3722446
90 34 3722454
90 0 3722457
90 74 3722463
90 57 3722470
90 19 3722470
90 58 3722475
90 56 3722475
90 26 3722478
90 30 3722479
90 93 3722480
90 51 3722488
90 12 3722493
90 71 3722500
90 8 3722504
90 63 3722509
90 84 3722514
90 68 3722519
90 39 3722523
90 87 3722532
90 69 3722539
90 50 3722542
90 38 3722548
90 46 3722554
90 53 3722561
90 36 3722561
90 73 3722565
90 27 3722571
90 86 3722578
90 70 3722585
90 9 3722587
90 47 3722588
90 22 3722592
90 29 3722595
90 81 3722601
90 42 3722602
90 24 3722605
90 79 3722607
90 25 3722616
90 18 3722616
90 73 3722620
90 7 3722626
90 61 3722626
90 68 3722635
90 70 3722641
90 66 3722642
90 62 3722643
90 20 3722651
90 64 3722660
90 83 3722661
90 49 3722664
90 10 3722671
90 37 3722680
90 47 3722687
90 89 3722687
90 3 3722693
90 9 3722702
90 74 3722702
90 13 3722710
90 86 3722710
90 45 3722710
90 44 3722717
90 34 3722722
91 17 3722724
91 14 3722728
91 79 3722731
91 9 3722732
91 18 3722740
91 78 3722746
91 41 3722748
91 47 3722749
91 54 3722751
91 13 3722755
91 10 3722755
91 50 3722756
91 70 3722759
91 49 3722767
91 52 3722771
91 59 3722771
91 53 3722779
91 3 3722782
91 93 3722782
91 51 3722782
91 36 3722786
91 62 3722789
91 72 3722797
91 65 3722805
91 69 3722808
91 42 3722809
91 48 3722815
91 77 3722820
91 45 3722825
91 43 3722828
91 24 3722833
91 16 3722842
91 25 3722851
91 0 3722854
91 89 3722856
91 19 3722863
91 26 3722870
91 35 3722873
91 29 3722879
91 8 3722884
91 73 3722887
91 62 3722891
91 15 3722899
91 67 3722905
91 22 3722910
91 45 3722917
91 10 3722919
91 88 3722924
91 18 3722932
91 50 3722934
91 47 3722942
91 63 3722949
91 38 3722954
91 78 3722961
91 35 3722961
91 11 3722966
91 21 3722974
91 60 3722977
91 6 3722983
91 42 3722983
91 13 3722992
91 75 3722993
91 81 3722996
91 73 3723002
91 84 3723004
91 1 3723004
91 76 3723008
91 3 3723017
91 58 3723017
91 77 3723019
91 61 3723024
91 71 3723031
91 89 3723038
91 26 3723044
91 57 3723051
91 7 3723051
91 25 3723059
91 79 3723064
92 50 3723065
92 82 3723069
92 48 3723075
92 83 3723076
92 69 3723082
92 17 3723086
92 66 3723094
92 36 3723098
92 65 3723098
92 2 3723106
92 13 3723107
92 40 3723109
92 67 3723110
92 27 3723114
92 49 3723117
92 85 3723120
92 5 3723123
92 35 3723132
92 11 3723137
92 52 3723140
92 3 3723140
92 63 3723148
92 87 3723148
92 16 3723152
92 86 3723156
92 71 3723160
92 76 3723160
92 9 3723165
92 24 3723166
92 56 3723173
92 28 3723174
92 47 3723177
92 38 3723186
92 89 3723187
92 51 3723192
92 60 3723198
92 22 3723204
92 93 3723206
92 64 3723214
92 21 3723216
92 4 3723223
92 12 3723232
92 7 3723241
92 73 3723243
92 54 3723247
92 80 3723255
92 53 3723262
92 34 3723269
92 18 3723269
92 44 3723274
92 30 3723281
92 79 3723288
92 45 3723297
92 10 3723297
92 15 3723299
92 70 3723300
92 58 3723309
92 41 3723310
92 31 3723319
92 61 3723324
92 25 3723333
92 42 3723339
92 72 3723344
92 19 3723351
92 20 3723353
92 27 3723357
92 6 3723366
92 18 3723371
92 90 3723377
92 15 3723378
92 78 3723378
92 59 3723379
92 91 3723385
92 32 3723387
92 57 3723390
92 88 3723392
92 39 3723394
92 49 3723398
92 43 3723402
92 66 3723409
92 73 3723418
92 89 3723420
92 65 3723429
92 41 3723435
92 25 3723438
92 31 3723444
92 80 3723452
92 79 3723456
92 72 3723461
92 26 3723469
92 24 3723471
92 53 3723480
92 42 3723486
92 83 3723492
92 67 3723498
92 63 3723506
92 10 3723508
92 36 3723516
92 85 3723519
92 33 3723525
92 17 3723526
92 77 3723527
92 7 3723533
92 0 3723535
92 50 3723538
92 21 3723540
92 51 3723541
92 45 3723541
92 55 3723545
92 23 3723546
92 2 3723550
92 11 3723554
92 9 3723555
92 29 3723556
92 16 3723565
92 87 3723573
92 61 3723577
92 12 3723581
92 38 3723582
92 22 3723582
92 30 3723586
92 74 3723595
93 57 3723601
93 47 3723606
93 4 3723614
93 43 3723623
93 16 3723628
93 10 3723637
93 63 3723641
93 1 3723648
93 85 3723649
93 15 3723650
93 45 3723655
93 70 3723661
93 64 3723670
93 91 3723678
93 50 3723684
93 20 3723685
93 60 3723687
93 1 3723696
93 48 3723700
93 0 3723700
93 41 3723704
93 26 3723708
93 21 3723713
93 90 3723719
93 58 3723728
93 85 3723732
93 47 3723741
93 62 3723744
93 71 3723751
93 46 3723759
93 38 3723767
93 6 3723769
