95
true
0 72 3805550
0 83 3805555
0 13 3805562
0 4 3805565
0 22 3805573
0 73 3805578
0 43 3805581
0 19 3805587
0 64 3805592
0 91 3805601
0 46 3805608
0 42 3805610
0 30 3805614
0 21 3805620
0 23 3805629
0 84 3805632
0 36 3805635
0 6 3805635
0 51 3805639
0 3 3805645
0 50 3805649
0 7 3805653
0 61 3805662
0 13 3805662
0 26 3805669
0 64 3805677
0 75 3805685
0 79 3805694
0 84 3805701
0 42 3805705
0 31 3805706
0 21 3805711
0 72 3805713
0 24 3805718
0 74 3805718
0 73 3805718
1 77 3805721
1 24 3805730
1 41 3805738
1 54 3805746
1 56 3805746
1 39 3805752
1 47 3805758
2 75 3805758
2 0 3805767
2 36 3805772
2 63 3805778
2 69 3805782
2 73 3805785
2 30 3805786
2 44 3805792
2 31 3805801
2 60 3805803
2 87 3805803
2 91 3805805
2 12 3805809
2 46 3805812
2 76 3805812
2 15 3805821
2 45 3805828
2 78 3805831
2 86 3805835
2 50 3805835
2 80 3805838
2 24 3805846
2 49 3805851
2 70 3805859
2 14 3805863
2 3 3805870
2 16 3805876
2 28 3805883
2 71 3805886
2 18 3805888
2 93 3805890
2 48 3805892
2 92 3805896
2 57 3805901
2 85 3805905
2 3 3805905
2 26 3805911
2 69 3805919
2 67 3805921
2 83 3805928
2 75 3805928
2 62 3805936
2 0 3805939
2 92 3805947
2 13 3805949
2 12 3805950
2 49 3805957
2 73 3805966
2 60 3805971
2 38 3805976
2 30 3805979
2 64 3805980
2 52 3805987
2 94 3805994
2 31 3806001
2 78 3806007
2 63 3806010
2 9 3806010
2 43 3806019
2 55 3806019
2 4 3806023
2 93 3806028
2 56 3806031
2 70 3806034
2 7 3806040
2 40 3806049
2 29 3806056
2 90 3806063
2 1 3806063
2 20 3806067
2 41 3806067
2 39 3806068
2 91 3806077
2 6 3806081
2 88 3806090
3 92 3806099
3 87 3806108
3 94 3806115
3 64 3806123
3 79 3806131
3 11 3806132
3 18 3806140
3 6 3806145
3 46 3806147
3 35 3806147
3 84 3806150
3 78 3806154
3 75 3806160
3 44 3806164
3 10 3806171
3 88 3806176
3 76 3806178
3 45 3806179
3 68 3806183
3 14 3806192
3 24 3806194
3 61 3806203
3 13 3806211
3 82 3806216
3 94 3806216
3 81 3806224
3 50 3806225
3 51 3806226
3 11 3806226
3 43 3806226
3 74 3806229
3 31 3806237
3 32 3806241
3 69 3806247
3 80 3806252
3 60 3806256
3 48 3806257
3 56 3806260
3 37 3806263
3 36 3806266
4 16 3806266
4 6 3806269
4 46 3806271
4 50 3806271
4 67 3806280
4 38 3806280
4 90 3806283
4 74 3806284
4 59 3806291
4 36 3806300
4 92 3806308
4 27 3806308
4 2 3806308
4 35 3806313
4 56 3806320
4 41 3806322
4 22 3806331
4 79 3806338
4 48 3806347
4 20 3806355
4 91 3806363
4 25 3806365
4 64 3806374
4 9 3806379
4 55 3806385
4 65 3806392
4 54 3806394
4 8 3806399
4 33 3806406
4 31 3806411
4 76 3806411
4 26 3806412
4 72 3806414
4 12 3806421
4 10 3806429
4 86 3806435
4 78 3806444
4 20 3806453
4 31 3806457
4 18 3806463
4 53 3806471
4 73 3806475
4 77 3806481
4 84 3806489
4 23 3806492
4 14 3806492
4 65 3806501
4 63 3806504
4 28 3806510
4 54 3806516
4 12 3806519
4 61 3806520
4 42 3806521
4 22 3806527
4 2 3806529
4 85 3806538
4 3 3806539
4 43 3806546
4 36 3806553
4 49 3806556
4 24 3806557
4 91 3806559
4 59 3806561
4 81 3806564
4 93 3806570
4 72 3806571
4 52 3806571
4 34 3806578
4 66 3806578
5 70 3806579
5 61 3806588
5 18 3806591
5 48 3806594
5 47 3806603
5 39 3806610
5 94 3806615
5 59 3806622
5 72 3806628
5 30 3806634
5 65 3806640
5 60 3806643
5 3 3806649
5 88 3806650
5 6 3806656
5 82 3806663
5 81 3806665
5 51 3806674
5 54 3806681
5 66 3806684
5 88 3806685
5 67 3806687
5 75 3806693
5 23 3806693
5 71 3806697
5 90 3806700
5 38 3806708
5 68 3806717
5 11 3806717
5 43 3806721
5 26 3806721
5 62 3806729
5 6 3806738
5 24 3806738
5 50 3806743
5 52 3806750
5 74 3806754
5 64 3806762
6 37 3806766
6 47 3806771
6 86 3806774
6 15 3806780
6 93 3806786
6 7 3806786
6 19 3806794
6 62 3806798
6 80 3806805
6 73 3806807
6 41 3806810
6 92 3806818
6 16 3806826
6 14 3806831
6 13 3806832
6 23 3806836
6 0 3806836
6 44 3806839
6 8 3806848
6 84 3806851
6 75 3806855
6 31 3806864
6 56 3806869
6 53 3806878
6 78 3806878
6 32 3806878
6 63 3806885
6 72 3806894
6 55 3806894
6 69 3806894
6 2 3806903
6 3 3806912
6 58 3806919
6 83 3806922
6 49 3806929
6 87 3806932
6 81 3806941
6 60 3806948
6 26 3806952
6 23 3806956
6 21 3806959
6 27 3806959
6 77 3806964
6 76 3806971
6 87 3806980
6 11 3806988
6 52 3806997
6 64 3806999
6 8 3807002
6 17 3807011
6 62 3807012
6 74 3807020
6 50 3807029
6 2 3807033
6 58 3807033
6 3 3807040
6 33 3807047
6 42 3807054
6 67 3807063
6 66 3807069
6 60 3807072
6 15 3807074
6 71 3807076
6 7 3807077
6 1 3807083
6 68 3807087
6 40 3807090
6 80 3807090
6 31 3807095
6 45 3807096
6 22 3807102
6 55 3807104
6 85 3807108
6 83 3807110
6 48 3807117
6 84 3807120
6 39 3807125
6 44 3807133
6 46 3807138
6 36 3807144
6 54 3807149
6 30 3807155
6 70 3807163
6 93 3807167
6 24 3807169
7 44 3807174
7 93 3807175
7 19 3807179
7 22 3807180
7 9 3807181
7 52 3807188
7 80 3807193
7 27 3807199
7 10 3807206
7 12 3807214
7 32 3807215
7 36 3807219
7 14 3807228
7 31 3807233
7 17 3807235
7 41 3807236
7 83 3807245
7 15 3807247
7 35 3807251
7 46 3807260
7 42 3807267
7 38 3807270
7 59 3807275
7 88 3807283
7 30 3807284
7 54 3807292
7 60 3807297
7 72 3807302
7 4 3807304
7 87 3807307
7 8 3807313
7 67 3807321
7 82 3807326
7 90 3807332
7 16 3807340
7 51 3807343
7 9 3807349
7 2 3807358
7 22 3807366
7 19 3807373
7 21 3807380
7 4 3807382
7 15 3807386
7 20 3807392
7 86 3807396
7 31 3807404
7 18 3807410
7 94 3807412
7 89 3807421
7 37 3807429
7 81 3807438
7 47 3807446
7 80 3807455
7 68 3807456
7 6 3807458
7 25 3807465
7 1 3807465
7 33 3807466
7 39 3807470
7 10 3807477
7 88 3807483
7 83 3807492
7 63 3807498
7 59 3807498
7 76 3807504
7 41 3807508
7 26 3807513
7 29 3807514
7 55 3807514
7 11 3807521
7 38 3807530
8 62 3807537
8 6 3807539
8 45 3807540
8 26 3807543
8 38 3807544
8 41 3807551
8 88 3807559
8 32 3807563
8 94 3807563
8 44 3807565
8 85 3807567
8 28 3807569
8 47 3807570
8 36 3807577
8 63 3807579
8 49 3807579
8 70 3807588
8 50 3807589
8 27 3807589
8 1 3807593
8 3 3807602
8 46 3807608
8 21 3807608
8 65 3807610
8 84 3807619
8 87 3807627
8 53 3807628
8 61 3807628
8 89 3807631
8 86 3807637
8 90 3807640
8 66 3807648
8 46 3807655
8 39 3807663
8 71 3807668
8 65 3807672
8 84 3807678
8 64 3807681
8 53 3807689
8 72 3807693
8 18 3807700
8 17 3807701
8 60 3807710
8 32 3807714
8 45 3807717
8 4 3807720
8 68 3807728
8 58 3807734
8 40 3807741
8 14 3807744
8 47 3807750
8 36 3807754
8 93 3807763
8 19 3807767
8 78 3807769
8 92 3807769
8 83 3807777
8 54 3807777
8 2 3807782
8 55 3807782
9 28 3807785
9 32 3807786
9 2 3807794
9 79 3807798
9 22 3807802
9 83 3807803
9 11 3807806
9 5 3807810
9 72 3807814
9 87 3807814
9 54 3807820
9 77 3807820
9 48 3807829
9 66 3807832
9 37 3807833
9 88 3807842
9 59 3807842
9 17 3807851
9 42 3807855
9 55 3807857
9 28 3807861
9 33 3807870
9 3 3807873
9 30 3807880
9 35 3807882
9 38 3807886
9 69 3807888
9 5 3807892
9 39 3807895
9 10 3807896
10 3 3807896
10 26 3807897
10 64 3807899
10 35 3807905
10 27 3807907
10 31 3807910
10 0 3807917
10 88 3807923
10 2 3807924
10 68 3807931
10 6 3807933
10 91 3807936
10 12 3807945
10 34 3807947
10 40 3807948
10 23 3807948
10 24 3807954
10 57 3807960
10 51 3807960
10 20 3807960
10 13 3807962
10 63 3807966
10 45 3807971
10 70 3807979
10 87 3807985
10 78 3807985
10 1 3807989
10 90 3807990
10 79 3807999
10 77 3808003
10 50 3808011
10 94 3808019
10 18 3808028
10 11 3808037
10 74 3808040
10 76 3808046
10 8 3808048
10 81 3808053
10 80 3808062
10 5 3808065
10 46 3808067
10 54 3808069
10 85 3808076
10 84 3808081
10 15 3808086
10 68 3808088
10 41 3808095
10 29 3808104
10 60 3808113
10 79 3808118
10 31 3808123
10 88 3808124
10 40 3808130
10 61 3808137
10 8 3808137
10 80 3808142
10 73 3808144
10 0 3808148
10 21 3808153
10 58 3808153
10 6 3808160
10 22 3808169
10 45 3808172
10 14 3808178
10 59 3808187
10 81 3808195
10 11 3808196
10 16 3808205
10 18 3808210
10 17 3808214
10 49 3808223
10 26 3808228
10 66 3808229
10 37 3808237
10 83 3808241
10 27 3808242
10 78 3808250
10 62 3808258
10 36 3808259
10 89 3808264
10 2 3808265
10 47 3808272
10 77 3808280
10 93 3808282
10 50 3808291
10 92 3808299
10 19 3808307
10 38 3808312
10 54 3808316
10 65 3808317
11 9 3808326
11 17 3808332
11 2 3808336
11 3 3808342
11 32 3808350
11 72 3808355
11 63 3808362
12 74 3808366
12 4 3808372
12 23 3808379
12 82 3808383
12 27 3808384
12 78 3808384
12 60 3808386
12 1 3808395
12 61 3808403
12 80 3808406
12 89 3808415
12 58 3808416
12 26 3808422
12 38 3808426
12 5 3808428
12 67 3808432
12 51 3808440
12 85 3808448
12 68 3808453
12 55 3808453
12 9 3808460
12 6 3808461
12 79 3808461
12 93 3808466
12 28 3808468
12 69 3808474
12 29 3808479
12 90 3808479
12 16 3808485
12 48 3808487
12 41 3808495
12 87 3808498
12 71 3808498
12 31 3808504
12 18 3808507
12 54 3808511
12 32 3808519
12 0 3808525
12 14 3808528
12 30 3808533
12 15 3808533
12 81 3808535
12 35 3808540
12 50 3808543
12 57 3808546
12 86 3808547
12 42 3808552
12 17 3808557
12 58 3808565
12 94 3808572
12 46 3808573
12 2 3808576
12 48 3808582
12 66 3808582
12 67 3808588
12 15 3808591
12 37 3808598
12 25 3808602
12 56 3808602
12 82 3808604
12 79 3808608
12 42 3808614
12 64 3808620
12 62 3808629
12 88 3808637
12 30 3808644
12 43 3808649
12 51 3808658
12 16 3808661
12 33 3808662
12 70 3808662
12 87 3808664
12 0 3808672
12 45 3808679
12 83 3808683
12 14 3808685
12 72 3808687
12 78 3808688
12 3 3808696
12 31 3808696
12 57 3808701
12 11 3808704
12 89 3808708
12 24 3808715
12 26 3808715
12 53 3808718
12 50 3808722
12 39 3808724
12 52 3808730
12 8 3808738
12 23 3808742
12 61 3808750
12 92 3808757
12 41 3808762
12 32 3808771
12 54 3808779
12 38 3808779
12 4 3808779
12 71 3808787
12 1 3808788
12 21 3808794
13 72 3808796
13 58 3808801
13 7 3808810
13 44 3808818
13 21 3808826
13 16 3808827
13 57 3808834
13 79 3808839
13 35 3808843
13 87 3808851
13 42 3808856
13 32 3808856
14 13 3808863
14 61 3808869
14 72 3808871
14 93 3808875
14 35 3808880
14 81 3808882
14 55 3808883
14 78 3808883
14 29 3808889
14 15 3808895
14 2 3808895
14 17 3808901
14 12 3808908
14 31 3808912
14 6 3808913
14 25 3808916
14 38 3808918
14 40 3808922
14 73 3808929
14 41 3808938
14 34 3808941
14 54 3808943
14 69 3808951
14 89 3808958
14 26 3808966
14 57 3808971
14 56 3808973
14 24 3808981
14 67 3808982
14 70 3808989
14 50 3808990
14 66 3808997
14 19 3808999
14 43 3809008
14 31 3809015
14 77 3809016
14 16 3809023
14 85 3809025
14 46 3809029
14 67 3809031
14 28 3809031
14 91 3809031
14 65 3809031
14 23 3809033
14 73 3809037
14 82 3809045
14 24 3809051
14 94 3809058
14 20 3809059
14 83 3809061
14 15 3809066
14 34 3809071
14 21 3809071
14 56 3809079
14 81 3809087
14 53 3809091
14 72 3809096
14 52 3809102
14 63 3809104
14 80 3809105
14 61 3809107
16 89 3809111
16 52 3809111
16 60 3809116
16 5 3809116
16 92 3809116
16 58 3809124
16 17 3809129
16 44 3809130
16 12 3809136
16 48 3809143
16 93 3809143
16 15 3809144
16 65 3809150
16 84 3809157
16 50 3809161
16 13 3809164
16 91 3809164
16 18 3809171
16 82 3809176
16 27 3809182
16 41 3809185
16 63 3809188
16 51 3809195
16 85 3809199
16 9 3809204
16 35 3809208
16 68 3809215
16 2 3809219
16 86 3809220
16 70 3809225
16 67 3809232
16 10 3809238
16 25 3809243
16 1 3809246
16 39 3809247
16 83 3809255
16 20 3809261
16 19 3809270
16 53 3809278
16 6 3809282
16 31 3809284
16 23 3809286
16 81 3809292
16 49 3809298
16 80 3809298
16 11 3809302
16 22 3809303
16 75 3809312
16 34 3809318
16 79 3809326
16 45 3809327
16 64 3809334
16 32 3809336
16 63 3809344
16 1 3809350
16 37 3809353
16 87 3809355
16 18 3809356
16 27 3809358
16 19 3809362
16 2 3809368
16 56 3809376
16 6 3809382
16 36 3809382
16 20 3809386
16 79 3809387
16 13 3809390
16 81 3809398
16 59 3809402
16 71 3809402
16 72 3809407
16 0 3809410
16 8 3809412
16 24 3809416
16 15 3809416
16 45 3809416
16 48 3809422
16 85 3809422
16 7 3809426
16 89 3809433
16 49 3809438
16 65 3809439
16 50 3809442
16 91 3809446
16 29 3809455
16 53 3809458
16 55 3809464
16 26 3809464
16 35 3809467
16 42 3809474
16 77 3809475
16 66 3809476
16 83 3809477
16 74 3809486
16 14 3809488
16 9 3809496
16 80 3809504
16 57 3809504
16 88 3809506
16 11 3809514
16 33 3809519
16 68 3809521
16 51 3809529
16 70 3809533
16 52 3809534
16 90 3809534
17 71 3809534
17 13 3809534
17 16 3809540
18 81 3809540
18 5 3809547
18 13 3809556
18 62 3809564
18 90 3809573
18 51 3809576
18 70 3809578
18 49 3809580
18 33 3809581
18 19 3809584
18 47 3809584
18 31 3809593
18 77 3809602
18 59 3809606
18 7 3809613
18 76 3809621
18 79 3809628
18 57 3809628
18 0 3809631
18 30 3809635
18 9 3809640
18 91 3809646
18 10 3809651
18 69 3809659
18 37 3809664
18 15 3809671
18 1 3809677
18 21 3809679
18 25 3809686
18 94 3809688
18 89 3809691
18 38 3809691
18 22 3809699
18 3 3809707
18 40 3809708
18 61 3809711
18 65 3809719
18 73 3809721
18 42 3809722
18 64 3809726
18 63 3809735
18 67 3809738
18 75 3809747
18 46 3809748
18 6 3809752
18 50 3809753
18 54 3809760
18 48 3809762
18 27 3809763
18 34 3809772
18 28 3809772
18 82 3809774
18 66 3809779
18 85 3809781
18 71 3809785
18 69 3809793
18 2 3809796
18 46 3809802
18 29 3809809
18 90 3809816
18 10 3809817
18 38 3809820
18 56 3809828
18 22 3809831
18 3 3809836
18 83 3809836
18 57 3809844
18 87 3809850
18 42 3809851
18 91 3809851
18 62 3809851
18 81 3809859
18 28 3809868
18 12 3809873
18 55 3809875
18 17 3809876
18 93 3809883
18 1 3809884
18 65 3809887
18 43 3809888
18 21 3809888
18 49 3809890
18 35 3809899
18 76 3809899
18 66 3809902
18 54 3809902
18 86 3809906
18 31 3809907
18 48 3809912
18 80 3809920
18 50 3809921
18 14 3809929
18 44 3809936
18 27 3809939
18 26 3809941
18 9 3809944
18 85 3809950
18 82 3809952
18 45 3809957
18 92 3809964
18 78 3809966
18 61 3809966
18 36 3809969
18 72 3809975
18 15 3809980
18 40 3809988
18 88 3809990
20 75 3809995
20 91 3810004
20 70 3810010
20 94 3810014
20 8 3810017
20 82 3810025
20 21 3810031
20 71 3810038
20 28 3810043
20 41 3810050
20 56 3810054
20 11 3810057
20 27 3810066
20 0 3810068
20 1 3810069
20 45 3810070
20 35 3810079
20 66 3810080
20 6 3810083
20 86 3810088
20 81 3810095
20 58 3810098
20 61 3810104
20 4 3810108
20 78 3810108
20 63 3810117
20 88 3810125
20 53 3810130
20 10 3810138
20 17 3810145
20 93 3810153
20 50 3810159
20 47 3810162
20 7 3810163
20 74 3810165
20 86 3810170
20 61 3810178
20 31 3810185
20 9 3810194
20 51 3810202
20 84 3810205
20 60 3810207
20 38 3810212
20 14 3810212
20 90 3810221
20 47 3810227
20 45 3810227
20 8 3810227
20 63 3810235
20 48 3810239
20 39 3810239
20 53 3810239
20 41 3810245
20 91 3810250
20 59 3810254
20 12 3810255
20 18 3810259
20 13 3810262
20 92 3810266
20 40 3810275
20 75 3810275
20 34 3810283
20 74 3810283
20 0 3810292
20 82 3810299
20 50 3810303
20 23 3810305
20 94 3810307
20 80 3810310
21 91 3810319
21 12 3810326
21 78 3810333
21 7 3810336
21 32 3810344
21 92 3810344
21 60 3810347
21 54 3810350
21 10 3810356
21 29 3810360
21 17 3810369
21 49 3810376
21 36 3810384
21 9 3810388
21 27 3810393
21 63 3810399
21 77 3810403
21 19 3810405
21 63 3810412
21 51 3810420
21 31 3810421
21 86 3810425
21 22 3810426
21 28 3810426
21 25 3810431
21 39 3810431
21 82 3810434
21 89 3810441
21 34 3810442
21 12 3810451
21 54 3810457
21 56 3810460
22 21 3810461
22 62 3810468
22 44 3810473
22 38 3810474
22 53 3810478
22 77 3810484
22 5 3810488
22 83 3810490
22 13 3810496
22 7 3810498
23 39 3810503
23 64 3810503
23 79 3810509
23 91 3810517
23 63 3810522
23 71 3810522
23 62 3810529
23 61 3810534
23 73 3810540
23 76 3810548
23 94 3810553
23 58 3810561
23 10 3810561
23 42 3810570
23 44 3810571
23 29 3810576
23 72 3810580
23 21 3810583
23 52 3810587
23 13 3810587
23 81 3810590
23 88 3810594
23 11 3810602
23 74 3810609
23 32 3810610
23 1 3810610
23 9 3810612
23 78 3810619
23 16 3810627
23 80 3810634
23 57 3810639
23 75 3810645
23 28 3810645
23 65 3810646
23 15 3810655
23 87 3810657
23 86 3810657
23 43 3810666
23 36 3810673
23 84 3810682
23 48 3810684
23 92 3810693
23 52 3810699
23 47 3810701
23 54 3810704
23 57 3810708
23 78 3810711
23 87 3810718
23 58 3810727
23 9 3810731
23 69 3810735
23 90 3810736
23 86 3810742
23 45 3810747
23 12 3810751
23 25 3810751
23 32 3810757
23 71 3810763
23 84 3810768
23 18 3810777
23 33 3810777
23 13 3810782
23 41 3810790
23 91 3810797
23 79 3810800
23 28 3810806
23 34 3810810
23 5 3810816
23 17 3810817
23 22 3810821
23 75 3810829
23 31 3810829
23 15 3810833
23 14 3810839
23 26 3810843
23 59 3810846
23 2 3810849
23 43 3810851
23 8 3810856
23 81 3810865
23 0 3810868
23 21 3810871
23 37 3810871
23 27 3810878
23 88 3810880
23 64 3810887
23 80 3810894
23 11 3810894
24 58 3810898
24 18 3810907
24 91 3810909
24 9 3810913
24 10 3810917
24 66 3810920
24 70 3810929
24 1 3810938
24 72 3810943
24 65 3810952
24 11 3810960
24 78 3810962
24 5 3810966
24 64 3810974
24 51 3810983
24 55 3810987
24 49 3810995
24 79 3810998
24 30 3811007
24 4 3811007
24 53 3811012
24 27 3811021
24 92 3811022
24 15 3811022
24 84 3811029
24 21 3811032
24 41 3811034
24 12 3811038
24 75 3811045
24 35 3811046
24 63 3811054
24 77 3811058
24 81 3811064
24 13 3811066
24 16 3811073
24 85 3811073
24 42 3811077
24 80 3811085
24 23 3811087
24 76 3811087
24 54 3811096
24 19 3811096
24 82 3811100
24 26 3811100
24 83 3811106
24 93 3811114
24 90 3811119
24 48 3811126
24 59 3811134
24 87 3811143
24 56 3811144
24 88 3811153
24 94 3811155
24 6 3811163
24 61 3811169
24 77 3811172
24 72 3811179
24 21 3811184
24 89 3811191
24 55 3811194
24 13 3811202
24 64 3811207
24 6 3811211
24 92 3811214
24 16 3811214
24 14 3811217
24 58 3811219
24 60 3811228
24 94 3811231
24 56 3811233
24 2 3811233
24 41 3811238
24 52 3811246
24 12 3811247
24 25 3811253
24 37 3811256
24 17 3811265
24 46 3811268
24 30 3811273
24 9 3811276
24 45 3811276
24 44 3811282
24 20 3811285
24 29 3811287
24 81 3811287
24 62 3811292
24 74 3811299
24 91 3811306
24 53 3811314
24 10 3811317
24 22 3811324
24 31 3811332
24 93 3811334
24 75 3811339
24 69 3811344
24 86 3811351
24 33 3811352
24 0 3811357
24 32 3811366
24 83 3811375
24 1 3811377
24 19 3811379
24 82 3811384
24 50 3811387
24 26 3811390
24 8 3811398
24 23 3811403
24 67 3811407
24 84 3811416
24 5 3811416
24 80 3811416
25 35 3811419
25 1 3811426
26 20 3811435
26 74 3811442
26 31 3811442
26 54 3811451
26 12 3811459
26 64 3811461
26 46 3811461
26 23 3811464
26 41 3811473
26 70 3811474
26 32 3811481
26 29 3811483
26 28 3811492
26 63 3811500
26 82 3811504
26 51 3811509
26 35 3811511
26 71 3811520
26 10 3811520
26 61 3811523
26 86 3811526
26 75 3811529
26 80 3811532
26 92 3811539
26 52 3811548
26 37 3811554
26 18 3811555
26 85 3811562
26 69 3811563
26 60 3811565
26 78 3811573
26 58 3811580
26 4 3811581
26 14 3811581
26 24 3811581
26 2 3811587
26 33 3811594
26 22 3811595
26 91 3811604
26 17 3811610
26 93 3811613
26 92 3811618
26 30 3811624
26 51 3811627
26 67 3811630
26 57 3811632
26 81 3811634
26 6 3811636
26 28 3811639
26 94 3811647
26 1 3811654
26 29 3811662
26 19 3811669
26 77 3811670
26 71 3811673
26 89 3811677
26 7 3811683
26 36 3811691
26 27 3811691
26 66 3811693
26 65 3811698
26 34 3811704
26 62 3811713
26 58 3811715
26 84 3811716
26 46 3811717
26 35 3811724
26 45 3811732
27 9 3811737
27 62 3811740
27 80 3811740
27 1 3811749
27 61 3811750
27 15 3811755
27 39 3811760
27 60 3811761
27 74 3811766
27 78 3811766
27 36 3811774
27 55 3811780
27 90 3811784
27 18 3811789
27 5 3811789
27 31 3811790
27 38 3811795
27 53 3811795
27 66 3811803
27 46 3811808
27 25 3811812
27 71 3811812
27 6 3811819
27 26 3811822
27 48 3811827
27 4 3811834
27 87 3811842
27 89 3811845
27 91 3811845
27 69 3811849
27 51 3811851
27 0 3811855
27 82 3811855
27 35 3811862
27 32 3811868
27 50 3811871
27 45 3811878
27 3 3811887
27 22 3811896
27 16 3811905
27 63 3811913
27 84 3811916
27 10 3811919
27 65 3811920
27 50 3811922
27 80 3811922
27 71 3811927
27 7 3811934
27 8 3811937
27 29 3811939
27 11 3811948
27 75 3811954
27 64 3811955
27 17 3811955
27 73 3811957
27 48 3811964
27 58 3811972
27 37 3811975
27 79 3811982
27 15 3811982
27 36 3811984
27 87 3811989
27 57 3811998
27 92 3812000
27 26 3812004
27 16 3812006
27 91 3812015
27 56 3812022
27 34 3812028
27 62 3812031
27 44 3812035
27 2 3812039
27 13 3812046
27 21 3812047
27 53 3812049
27 77 3812055
27 31 3812059
27 45 3812067
27 82 3812076
28 0 3812080
28 31 3812082
28 74 3812089
29 60 3812094
29 88 3812098
29 56 3812099
29 89 3812102
29 66 3812108
29 68 3812111
29 16 3812118
29 51 3812118
29 19 3812126
29 93 3812131
29 33 3812136
29 71 3812141
29 80 3812143
29 63 3812152
29 18 3812152
29 30 3812161
29 70 3812161
29 21 3812162
29 47 3812164
29 53 3812166
29 87 3812175
29 65 3812176
29 84 3812177
29 14 3812178
29 69 3812182
29 9 3812191
29 77 3812193
29 73 3812196
29 35 3812200
29 8 3812204
29 37 3812212
29 81 3812214
29 23 3812222
29 82 3812224
29 25 3812228
29 61 3812233
29 36 3812235
29 94 3812235
29 4 3812238
29 20 3812247
29 3 3812252
29 64 3812252
29 58 3812261
29 74 3812262
29 55 3812271
29 11 3812277
29 17 3812285
29 7 3812289
29 92 3812298
29 40 3812300
29 75 3812300
29 28 3812305
29 42 3812309
29 92 3812314
29 91 3812320
29 53 3812328
29 70 3812332
29 59 3812339
29 34 3812345
29 39 3812345
29 65 3812349
29 9 3812354
29 31 3812362
29 47 3812365
29 30 3812372
29 40 3812377
29 8 3812382
29 46 3812382
29 18 3812390
29 33 3812394
29 26 3812402
29 89 3812406
29 17 3812411
29 51 3812414
29 62 3812422
29 69 3812423
29 76 3812427
29 20 3812427
29 4 3812434
29 45 3812437
29 58 3812439
29 54 3812444
29 0 3812447
29 56 3812448
29 48 3812455
29 66 3812458
29 49 3812460
29 7 3812466
29 73 3812469
29 37 3812475
29 44 3812479
29 15 3812480
29 23 3812481
29 22 3812481
29 63 3812483
29 87 3812489
29 71 3812498
29 75 3812506
29 79 3812513
29 1 3812520
29 10 3812521
29 90 3812522
29 2 3812530
29 83 3812539
29 14 3812540
29 81 3812548
29 5 3812551
30 53 3812554
30 21 3812563
30 34 3812563
30 86 3812571
30 92 3812578
30 3 3812587
30 22 3812592
30 31 3812592
30 15 3812597
30 36 3812603
30 28 3812607
30 57 3812607
30 66 3812607
30 12 3812616
30 85 3812618
30 89 3812619
30 81 3812622
30 75 3812628
30 69 3812634
30 90 3812636
30 20 3812639
30 64 3812642
30 40 3812648
30 68 3812654
30 8 3812661
30 93 3812661
30 9 3812670
30 42 3812678
30 73 3812679
30 5 3812682
30 70 3812688
30 24 3812688
30 7 3812697
30 83 3812701
30 29 3812705
30 51 3812709
30 48 3812716
30 23 3812722
30 79 3812724
30 26 3812726
30 4 3812734
30 74 3812740
30 49 3812742
30 54 3812743
30 17 3812747
30 82 3812752
30 87 3812760
30 61 3812762
30 11 3812762
30 43 3812766
30 72 3812775
30 56 3812775
30 60 3812775
30 37 3812783
30 64 3812789
30 91 3812791
30 15 3812791
30 69 3812800
30 77 3812806
30 14 3812806
30 25 3812808
30 0 3812816
30 87 3812819
30 88 3812822
30 20 3812824
30 74 3812824
30 21 3812824
30 9 3812833
30 4 3812839
30 40 3812846
30 42 3812850
30 17 3812852
30 23 3812856
30 57 3812858
30 28 3812860
30 70 3812862
30 59 3812867
30 35 3812870
30 6 3812870
30 48 3812871
30 94 3812872
30 72 3812878
30 85 3812885
30 36 3812894
30 78 3812902
30 34 3812902
30 68 3812903
30 61 3812906
30 19 3812912
30 10 3812920
30 79 3812922
30 41 3812922
30 18 3812930
30 90 3812934
30 49 3812943
30 22 3812947
30 3 3812951
30 53 3812957
30 37 3812957
31 49 3812961
31 65 3812961
31 34 3812962
31 54 3812971
31 38 3812976
31 45 3812978
31 35 3812984
31 4 3812993
31 76 3812998
31 3 3813007
31 22 3813012
31 24 3813020
31 48 3813022
31 83 3813024
31 17 3813028
31 82 3813028
31 74 3813036
31 30 3813045
31 92 3813047
31 5 3813049
31 28 3813055
31 2 3813058
31 39 3813061
31 9 3813064
31 93 3813072
31 21 3813076
31 16 3813077
31 29 3813082
31 60 3813086
31 86 3813086
31 58 3813095
31 67 3813099
31 11 3813101
31 91 3813105
31 68 3813110
31 59 3813118
31 66 3813125
31 42 3813133
31 6 3813138
31 39 3813138
31 13 3813143
31 1 3813150
31 36 3813158
31 12 3813161
31 7 3813168
31 74 3813177
31 18 3813184
31 63 3813184
31 57 3813187
31 62 3813190
31 66 3813193
31 60 3813194
31 41 3813196
31 81 3813200
31 76 3813208
31 2 3813209
31 37 3813212
31 30 3813212
31 27 3813218
31 16 3813226
31 93 3813235
31 23 3813243
31 75 3813247
31 15 3813251
31 59 3813260
31 32 3813269
31 90 3813278
31 88 3813278
31 82 3813280
31 68 3813284
31 79 3813293
31 85 3813293
31 84 3813294
31 72 3813303
32 65 3813304
32 88 3813308
32 22 3813313
32 24 3813316
32 44 3813321
32 55 3813330
32 43 3813333
32 90 3813337
32 8 3813341
32 46 3813342
32 37 3813342
32 47 3813348
32 41 3813351
32 60 3813357
32 50 3813359
32 69 3813361
32 94 3813367
32 34 3813376
32 28 3813384
32 6 3813387
32 93 3813395
32 74 3813403
32 39 3813408
32 5 3813415
32 82 3813415
32 68 3813419
32 38 3813419
32 75 3813419
32 72 3813419
32 31 3813423
32 30 3813427
32 33 3813435
32 79 3813436
32 58 3813437
32 76 3813438
32 42 3813438
32 66 3813445
32 6 3813447
32 33 3813453
32 31 3813458
32 19 3813461
32 60 3813465
32 73 3813468
32 7 3813472
32 38 3813475
32 50 3813478
32 1 3813478
32 91 3813483
32 68 3813484
32 76 3813493
32 82 3813493
32 15 3813502
32 5 3813505
32 16 3813506
32 64 3813507
32 43 3813509
32 47 3813517
32 25 3813518
32 24 3813522
32 14 3813523
32 0 3813529
32 48 3813529
32 44 3813536
32 22 3813544
32 90 3813549
32 13 3813549
32 88 3813550
32 58 3813552
32 3 3813556
32 77 3813559
32 18 3813563
32 39 3813571
32 78 3813578
32 89 3813583
33 36 3813587
33 75 3813595
33 92 3813602
33 53 3813609
33 25 3813613
33 28 3813616
33 70 3813619
33 0 3813626
33 83 3813626
33 44 3813627
33 60 3813631
33 5 3813640
33 49 3813644
33 1 3813651
33 43 3813652
33 16 3813660
33 7 3813667
33 30 3813667
33 84 3813671
33 37 3813673
33 58 3813681
33 24 3813682
33 80 3813683
33 45 3813688
33 85 3813692
33 69 3813698
33 47 3813707
33 52 3813712
33 0 3813717
33 5 3813725
33 45 3813733
33 21 3813736
33 55 3813741
33 59 3813741
33 18 3813744
33 83 3813747
33 36 3813755
33 11 3813756
33 31 3813758
33 64 3813760
33 16 3813761
33 40 3813769
33 8 3813773
33 53 3813777
33 90 3813785
33 79 3813792
33 88 3813796
34 4 3813803
34 51 3813808
34 5 3813810
34 62 3813810
34 90 3813819
34 84 3813827
34 59 3813829
34 16 3813836
34 8 3813841
34 10 3813850
34 9 3813855
34 43 3813856
35 24 3813856
35 82 3813859
35 45 3813864
35 42 3813871
35 47 3813880
35 80 3813886
35 43 3813891
35 7 3813898
35 87 3813898
35 79 3813899
35 18 3813905
35 94 3813913
35 88 3813918
35 59 3813921
35 58 3813921
35 61 3813922
35 22 3813925
35 85 3813928
35 46 3813933
35 89 3813936
35 86 3813940
35 62 3813943
35 90 3813946
35 12 3813947
35 50 3813954
35 69 3813959
35 27 3813963
35 26 3813972
35 10 3813974
35 2 3813982
35 55 3813988
35 91 3813994
35 39 3813997
35 76 3813998
35 64 3814003
35 37 3814009
35 31 3814013
35 28 3814018
35 54 3814025
35 0 3814030
35 93 3814030
35 33 3814038
35 83 3814047
35 49 3814053
35 9 3814061
35 70 3814069
35 63 3814072
35 15 3814073
35 44 3814080
35 1 3814086
35 74 3814094
35 41 3814102
35 48 3814108
35 67 3814116
35 75 3814124
35 92 3814127
35 68 3814135
35 72 3814142
35 90 3814148
35 6 3814148
35 43 3814150
35 88 3814151
35 75 3814153
35 89 3814162
35 37 3814162
35 64 3814162
35 1 3814165
35 12 3814165
35 83 3814167
35 77 3814174
35 50 3814179
35 23 3814186
35 49 3814186
35 61 3814189
35 26 3814195
35 5 3814196
35 47 3814204
35 80 3814212
35 2 3814212
35 66 3814212
35 76 3814213
35 70 3814216
35 54 3814218
35 38 3814220
35 31 3814229
35 84 3814238
35 17 3814244
35 93 3814245
35 91 3814251
35 33 3814255
35 68 3814256
35 13 3814264
35 45 3814270
35 29 3814271
35 46 3814274
35 71 3814274
35 16 3814279
35 44 3814283
35 74 3814292
35 15 3814293
35 9 3814295
35 58 3814300
35 27 3814303
35 51 3814310
35 22 3814317
35 32 3814325
35 94 3814325
35 4 3814333
35 18 3814333
35 8 3814334
35 11 3814338
35 69 3814344
35 52 3814345
35 41 3814348
35 55 3814356
35 7 3814358
36 13 3814363
36 68 3814371
36 26 3814379
36 73 3814381
36 91 3814382
36 24 3814388
36 61 3814390
36 39 3814399
36 75 3814401
36 40 3814404
36 67 3814405
36 82 3814407
36 85 3814407
36 89 3814407
36 11 3814411
36 55 3814412
36 87 3814415
36 64 3814417
36 70 3814419
36 33 3814428
36 94 3814429
36 6 3814437
36 38 3814442
36 15 3814447
36 34 3814451
36 83 3814459
36 46 3814465
36 63 3814467
36 1 3814473
36 41 3814477
36 52 3814485
36 37 3814493
36 0 3814496
36 76 3814501
36 9 3814505
36 27 3814513
36 20 3814513
36 65 3814516
36 78 3814518
36 17 3814522
36 35 3814523
36 14 3814528
36 72 3814530
36 69 3814539
36 12 3814548
36 45 3814551
36 19 3814552
36 25 3814559
36 57 3814564
36 18 3814565
36 35 3814571
36 16 3814573
36 69 3814573
36 67 3814577
36 43 3814578
36 86 3814587
36 68 3814596
36 23 3814599
36 14 3814601
36 41 3814605
36 65 3814608
36 24 3814611
36 37 3814615
36 72 3814621
36 77 3814621
36 39 3814630
36 66 3814636
36 81 3814643
36 83 3814643
36 47 3814649
36 92 3814657
36 46 3814664
36 42 3814670
36 80 3814671
36 11 3814677
36 13 3814683
36 6 3814690
36 93 3814698
36 75 3814699
36 89 3814706
36 0 3814713
36 82 3814717
36 27 3814726
36 17 3814727
36 63 3814735
36 32 3814735
36 70 3814743
36 91 3814743
36 21 3814752
36 19 3814759
36 18 3814764
36 94 3814767
36 85 3814769
36 30 3814773
36 64 3814780
36 8 3814784
36 57 3814788
36 53 3814794
36 59 3814797
36 31 3814800
36 52 3814802
37 82 3814809
37 48 3814809
37 42 3814816
37 1 3814823
37 28 3814832
37 23 3814837
37 72 3814839
37 69 3814842
37 91 3814847
37 77 3814848
37 32 3814855
37 30 3814863
37 71 3814871
37 41 3814880
37 15 3814880
37 52 3814882
37 92 3814885
37 25 3814888
37 38 3814895
37 40 3814897
37 78 3814903
37 62 3814906
37 79 3814909
37 90 3814917
37 63 3814920
37 94 3814929
37 24 3814932
37 87 3814941
37 40 3814943
37 78 3814951
37 9 3814956
37 76 3814962
37 2 3814966
37 56 3814971
37 81 3814972
37 62 3814979
37 58 3814984
37 8 3814985
37 17 3814991
37 68 3814992
37 10 3814999
37 23 3815000
37 29 3815007
37 59 3815008
37 79 3815009
37 57 3815011
37 82 3815015
37 66 3815022
37 93 3815030
37 39 3815031
37 55 3815033
38 69 3815041
38 13 3815048
38 11 3815054
38 37 3815061
38 20 3815066
38 66 3815071
38 64 3815071
38 83 3815080
38 68 3815087
38 36 3815090
38 58 3815090
38 21 3815090
38 33 3815091
38 14 3815095
38 43 3815102
38 39 3815105
38 25 3815107
38 71 3815111
38 92 3815112
38 47 3815118
38 18 3815125
38 40 3815134
38 74 3815142
38 60 3815150
38 28 3815157
38 24 3815160
38 77 3815161
38 27 3815163
38 75 3815167
38 84 3815174
38 6 3815180
38 80 3815183
38 2 3815188
38 82 3815197
38 81 3815203
38 17 3815205
38 4 3815212
38 79 3815215
38 70 3815222
38 9 3815223
38 31 3815229
38 56 3815237
38 50 3815240
38 29 3815240
38 27 3815240
38 51 3815242
38 85 3815242
38 9 3815249
38 89 3815257
38 39 3815265
38 15 3815273
38 35 3815273
38 58 3815278
38 92 3815279
38 19 3815280
38 7 3815288
38 88 3815290
38 26 3815297
38 30 3815305
38 81 3815307
38 83 3815310
38 68 3815312
38 24 3815313
38 1 3815315
38 77 3815322
38 67 3815324
38 5 3815328
38 71 3815332
38 90 3815334
38 41 3815336
38 34 3815343
38 21 3815345
38 12 3815348
38 74 3815356
38 65 3815365
38 11 3815374
38 66 3815381
38 64 3815390
38 40 3815393
39 57 3815393
39 90 3815396
39 17 3815397
39 32 3815401
39 64 3815401
39 22 3815405
39 49 3815413
39 29 3815415
39 70 3815424
39 47 3815430
39 51 3815436
39 12 3815445
39 54 3815445
39 88 3815449
39 16 3815451
39 46 3815457
39 27 3815465
39 28 3815471
39 19 3815471
39 25 3815475
39 56 3815479
39 58 3815487
39 36 3815495
39 42 3815501
39 71 3815506
39 2 3815510
39 76 3815512
39 61 3815521
39 66 3815526
39 18 3815528
39 43 3815532
39 33 3815538
39 3 3815546
39 77 3815554
39 15 3815560
39 81 3815561
39 9 3815569
39 4 3815577
39 75 3815586
39 5 3815588
39 60 3815594
39 38 3815594
39 14 3815601
39 21 3815601
39 86 3815610
39 94 3815610
39 53 3815617
39 68 3815622
39 74 3815627
39 45 3815632
39 71 3815640
39 30 3815645
39 44 3815650
39 87 3815654
39 28 3815657
39 81 3815664
39 22 3815671
39 29 3815671
39 59 3815676
39 69 3815676
39 63 3815683
39 55 3815684
39 1 3815689
39 32 3815697
39 40 3815699
39 41 3815705
39 3 3815710
39 12 3815713
39 76 3815715
39 18 3815715
39 80 3815715
39 67 3815724
39 36 3815732
39 7 3815741
39 0 3815741
39 53 3815744
39 82 3815747
39 77 3815747
39 60 3815753
39 20 3815756
39 47 3815763
39 49 3815772
39 50 3815777
39 89 3815781
39 91 3815785
39 86 3815792
39 21 3815796
39 24 3815804
39 4 3815804
39 15 3815804
39 83 3815809
39 17 3815813
39 10 3815814
40 15 3815819
40 68 3815825
40 84 3815833
40 19 3815834
40 54 3815839
40 41 3815839
40 57 3815841
40 80 3815842
40 33 3815842
40 64 3815843
40 75 3815843
40 35 3815844
40 61 3815853
40 0 3815854
40 46 3815863
40 38 3815866
40 39 3815869
40 14 3815872
40 14 3815881
40 1 3815890
40 2 3815896
40 29 3815896
40 91 3815897
40 3 3815904
40 49 3815904
40 33 3815904
40 34 3815909
40 22 3815910
40 46 3815910
40 85 3815914
40 44 3815923
40 58 3815932
40 83 3815939
40 53 3815943
41 42 3815952
41 45 3815953
41 63 3815957
41 11 3815965
41 44 3815966
41 14 3815971
41 0 3815978
41 23 3815986
41 70 3815993
41 66 3815994
41 54 3815997
41 86 3816004
41 37 3816011
41 25 3816013
41 55 3816015
41 20 3816024
41 27 3816027
41 63 3816032
41 10 3816039
41 74 3816039
41 14 3816045
41 13 3816047
41 36 3816049
41 46 3816057
41 76 3816066
41 26 3816075
41 0 3816081
41 55 3816090
41 59 3816090
41 93 3816099
41 22 3816102
41 58 3816108
42 72 3816115
42 71 3816116
42 81 3816120
42 66 3816124
42 9 3816126
42 57 3816126
42 43 3816127
42 11 3816133
42 4 3816136
42 7 3816139
42 27 3816146
42 73 3816149
42 22 3816156
42 18 3816158
42 5 3816165
42 54 3816168
42 79 3816170
42 14 3816175
42 13 3816178
42 88 3816187
42 70 3816188
42 45 3816191
42 47 3816197
42 62 3816204
42 61 3816204
42 80 3816211
42 29 3816213
42 65 3816217
42 21 3816225
42 15 3816229
42 77 3816233
42 39 3816242
42 74 3816247
42 60 3816255
42 6 3816261
42 36 3816270
42 82 3816274
42 86 3816277
42 3 3816277
42 32 3816285
42 51 3816294
42 63 3816295
42 20 3816302
42 46 3816303
42 23 3816308
42 38 3816311
42 90 3816312
42 26 3816313
42 67 3816320
42 78 3816321
42 44 3816329
42 84 3816336
42 92 3816341
42 1 3816343
42 91 3816346
42 1 3816351
42 27 3816359
42 60 3816366
42 69 3816374
42 72 3816383
42 31 3816389
42 79 3816394
42 30 3816403
42 19 3816411
42 66 3816416
42 52 3816421
42 50 3816426
42 58 3816431
42 16 3816437
42 55 3816438
42 83 3816446
42 21 3816452
42 81 3816453
42 41 3816456
42 92 3816458
42 77 3816461
42 13 3816464
42 32 3816467
42 26 3816467
42 61 3816476
42 17 3816484
42 94 3816485
42 68 3816493
42 37 3816498
42 23 3816501
42 87 3816507
42 0 3816512
42 74 3816518
42 35 3816526
42 90 3816526
42 57 3816528
42 70 3816535
42 28 3816543
42 12 3816545
42 85 3816554
42 33 3816555
42 56 3816555
42 36 3816560
42 71 3816568
42 20 3816572
42 51 3816574
42 6 3816579
42 34 3816588
42 86 3816596
42 29 3816600
42 2 3816602
42 78 3816605
42 7 3816609
42 59 3816609
42 93 3816615
42 15 3816624
42 84 3816630
42 40 3816638
43 88 3816642
43 37 3816645
44 28 3816648
44 50 3816655
44 17 3816662
44 31 3816669
44 24 3816674
44 0 3816676
44 9 3816683
44 83 3816689
44 55 3816689
44 52 3816690
44 66 3816693
44 21 3816700
44 38 3816709
44 2 3816709
44 57 3816709
44 82 3816712
44 85 3816719
44 11 3816721
45 25 3816723
45 65 3816728
45 36 3816734
45 79 3816736
45 13 3816740
45 7 3816740
45 62 3816748
45 55 3816751
45 82 3816759
45 5 3816763
45 18 3816772
45 86 3816775
45 46 3816775
45 44 3816778
45 88 3816781
45 43 3816784
45 37 3816792
45 40 3816798
45 85 3816803
45 93 3816803
45 61 3816805
45 26 3816805
45 11 3816805
45 23 3816806
45 39 3816806
45 38 3816813
45 27 3816818
45 10 3816822
45 51 3816822
45 3 3816831
45 74 3816837
45 87 3816844
45 21 3816846
45 52 3816849
45 14 3816858
45 60 3816861
45 0 3816863
45 17 3816866
45 19 3816873
45 70 3816880
45 20 3816882
45 12 3816891
45 41 3816891
45 42 3816896
45 8 3816899
45 4 3816901
45 40 3816902
45 77 3816909
45 59 3816909
45 39 3816910
45 23 3816913
45 6 3816915
45 33 3816923
45 34 3816927
45 78 3816933
45 88 3816941
45 53 3816950
45 66 3816953
45 74 3816959
45 10 3816968
45 71 3816976
45 31 3816976
45 29 3816982
45 11 3816983
45 94 3816985
45 63 3816989
45 72 3816989
45 1 3816992
45 21 3816992
45 46 3816996
45 20 3817000
45 26 3817009
45 27 3817017
45 3 3817024
45 13 3817029
45 44 3817033
45 58 3817033
45 15 3817040
45 86 3817048
45 38 3817049
45 32 3817057
45 36 3817061
45 85 3817068
45 56 3817068
45 57 3817075
45 61 3817081
45 24 3817084
45 7 3817085
45 43 3817088
45 83 3817090
45 93 3817095
46 84 3817100
46 14 3817100
46 68 3817101
46 49 3817110
46 52 3817113
46 16 3817117
46 37 3817118
46 94 3817119
46 24 3817119
46 63 3817127
46 19 3817136
46 91 3817143
46 21 3817147
46 4 3817149
46 75 3817158
46 17 3817160
46 5 3817165
46 47 3817174
46 79 3817181
46 80 3817190
46 83 3817191
46 22 3817196
46 70 3817204
46 86 3817208
46 87 3817208
46 92 3817209
46 18 3817213
46 0 3817220
46 64 3817227
46 34 3817236
46 61 3817239
46 45 3817241
46 20 3817241
46 2 3817246
46 28 3817253
46 51 3817256
46 76 3817259
46 13 3817260
46 12 3817261
46 73 3817269
46 77 3817275
46 42 3817280
46 57 3817280
46 67 3817289
46 74 3817291
46 41 3817297
46 69 3817303
46 93 3817305
46 85 3817311
46 23 3817312
46 39 3817315
46 56 3817315
46 11 3817324
46 43 3817329
46 94 3817338
46 52 3817340
46 57 3817346
46 83 3817355
46 29 3817358
46 6 3817365
46 91 3817369
46 9 3817373
46 75 3817382
46 50 3817391
46 8 3817395
46 13 3817399
46 82 3817405
46 92 3817410
46 70 3817410
46 66 3817411
46 24 3817411
46 18 3817416
46 68 3817418
46 34 3817420
46 16 3817429
46 45 3817429
46 48 3817430
46 64 3817431
46 73 3817438
46 67 3817447
46 33 3817453
46 38 3817454
46 69 3817463
46 20 3817468
46 17 3817474
46 25 3817481
46 74 3817486
46 1 3817492
46 47 3817493
46 0 3817496
46 86 3817503
46 58 3817503
46 88 3817511
46 89 3817515
46 31 3817520
46 27 3817528
46 26 3817537
46 87 3817538
46 51 3817539
46 79 3817543
46 71 3817545
46 44 3817546
46 36 3817553
46 23 3817561
47 75 3817570
47 53 3817575
47 10 3817575
47 51 3817582
47 80 3817589
47 61 3817596
47 19 3817597
47 73 3817597
47 85 3817599
47 36 3817605
47 31 3817614
47 59 3817623
47 93 3817625
47 65 3817631
47 89 3817632
47 86 3817633
47 91 3817642
47 71 3817650
47 24 3817655
47 74 3817659
47 34 3817662
47 25 3817667
47 84 3817674
47 70 3817675
47 94 3817684
47 58 3817684
47 20 3817691
47 76 3817692
47 13 3817694
47 37 3817703
47 81 3817710
47 68 3817712
47 44 3817721
47 83 3817724
47 60 3817727
47 27 3817729
47 77 3817730
47 69 3817732
47 79 3817739
47 11 3817746
47 35 3817751
47 6 3817758
47 55 3817759
47 66 3817768
47 17 3817768
47 92 3817773
47 29 3817780
47 30 3817788
47 36 3817789
47 46 3817789
47 14 3817796
47 65 3817801
47 85 3817804
47 22 3817812
47 50 3817816
47 42 3817821
47 92 3817830
47 31 3817838
47 11 3817846
47 44 3817849
47 60 3817855
47 76 3817863
47 64 3817867
47 2 3817873
47 84 3817878
47 78 3817885
47 72 3817887
47 24 3817896
47 20 3817900
47 21 3817906
47 73 3817914
47 62 3817916
47 41 3817922
47 27 3817924
47 70 3817931
47 43 3817935
47 57 3817939
47 68 3817945
47 54 3817948
47 52 3817948
47 55 3817949
47 6 3817956
47 16 3817956
47 8 3817965
47 58 3817966
47 1 3817975
47 13 3817983
47 82 3817986
47 77 3817990
47 3 3817999
47 81 3818006
47 39 3818006
48 19 3818014
48 18 3818021
48 25 3818024
48 0 3818027
48 75 3818028
48 14 3818036
48 42 3818042
48 29 3818046
48 22 3818047
48 71 3818054
48 73 3818058
48 6 3818058
48 60 3818063
48 70 3818071
48 62 3818075
48 93 3818082
48 47 3818090
48 58 3818094
48 76 3818097
48 88 3818104
48 28 3818113
48 34 3818114
48 39 3818114
48 90 3818115
48 68 3818122
48 54 3818123
48 67 3818129
48 23 3818135
48 64 3818144
48 59 3818153
48 82 3818155
48 81 3818160
48 74 3818163
48 83 3818170
48 7 3818174
48 33 3818174
48 85 3818183
48 38 3818186
48 53 3818195
48 5 3818203
48 51 3818212
48 44 3818219
48 26 3818222
48 27 3818226
48 9 3818235
48 50 3818236
48 72 3818239
48 30 3818244
48 40 3818251
48 35 3818255
48 13 3818264
48 84 3818266
48 91 3818275
48 1 3818284
48 49 3818291
48 4 3818299
48 61 3818305
48 0 3818308
48 58 3818310
48 29 3818319
48 35 3818325
48 63 3818334
48 81 3818340
48 60 3818344
48 32 3818349
48 90 3818357
48 85 3818365
48 9 3818369
48 1 3818369
48 41 3818375
48 6 3818375
48 64 3818384
48 3 3818390
48 62 3818398
48 84 3818399
48 55 3818404
48 76 3818413
48 17 3818418
48 57 3818420
48 67 3818425
48 2 3818429
48 40 3818430
48 91 3818431
48 37 3818439
48 44 3818443
48 4 3818447
48 23 3818452
48 69 3818459
48 45 3818462
48 80 3818468
48 94 3818471
48 43 3818476
48 88 3818483
48 33 3818492
48 93 3818492
48 92 3818499
48 15 3818506
48 51 3818507
48 53 3818513
48 27 3818516
48 68 3818516
48 18 3818521
48 70 3818527
48 28 3818536
48 79 3818540
48 87 3818547
48 46 3818551
48 21 3818556
48 20 3818557
48 71 3818560
48 82 3818569
48 89 3818573
48 77 3818575
48 86 3818583
48 75 3818585
48 73 3818591
48 52 3818600
48 72 3818605
48 54 3818612
49 0 3818615
49 63 3818623
49 30 3818625
49 59 3818631
49 4 3818638
49 76 3818644
49 9 3818646
49 50 3818647
49 36 3818656
49 78 3818659
49 22 3818660
49 86 3818667
49 45 3818671
49 47 3818676
49 58 3818677
49 33 3818683
49 39 3818689
49 29 3818696
49 60 3818705
49 64 3818711
49 26 3818711
49 90 3818716
49 34 3818723
49 46 3818727
49 66 3818732
49 41 3818735
49 7 3818740
49 52 3818743
49 83 3818748
49 24 3818753
49 50 3818755
49 48 3818761
49 42 3818768
49 79 3818774
49 68 3818776
49 61 3818781
49 63 3818786
49 22 3818793
49 45 3818793
49 82 3818802
49 33 3818811
49 88 3818811
49 87 3818812
49 14 3818821
49 77 3818825
49 30 3818833
49 16 3818839
49 72 3818845
49 56 3818848
49 1 3818853
49 7 3818854
49 53 3818861
49 90 3818866
49 80 3818875
49 31 3818875
50 42 3818883
50 52 3818887
50 57 3818893
50 82 3818895
50 26 3818900
50 61 3818905
50 31 3818907
50 41 3818914
50 9 3818917
50 6 3818924
50 47 3818932
50 2 3818939
50 79 3818942
50 25 3818946
50 71 3818948
50 37 3818954
50 30 3818963
50 35 3818967
50 19 3818976
50 10 3818980
50 40 3818981
50 48 3818985
50 77 3818988
50 80 3818988
50 49 3818997
50 34 3819006
50 60 3819013
50 69 3819022
50 21 3819031
50 88 3819039
50 38 3819047
50 92 3819049
50 83 3819053
50 54 3819059
50 59 3819067
50 45 3819070
50 83 3819077
50 24 3819080
50 2 3819083
50 54 3819091
50 68 3819099
50 17 3819108
50 33 3819117
50 25 3819124
50 87 3819125
50 47 3819127
50 89 3819134
50 41 3819138
50 56 3819138
50 71 3819145
50 15 3819146
50 55 3819149
50 66 3819155
50 23 3819155
50 84 3819162
50 13 3819171
50 85 3819171
50 81 3819177
50 11 3819180
50 27 3819182
50 80 3819185
50 90 3819187
50 63 3819196
50 40 3819202
50 43 3819209
50 93 3819216
50 19 3819216
50 46 3819223
50 39 3819227
50 60 3819229
50 28 3819233
51 81 3819241
51 89 3819243
51 74 3819252
51 94 3819256
51 26 3819264
51 34 3819267
51 63 3819272
51 5 3819276
51 70 3819279
51 73 3819283
51 83 3819292
51 27 3819297
51 55 3819301
51 47 3819308
51 17 3819311
51 62 3819315
51 39 3819317
51 71 3819317
51 38 3819319
51 64 3819321
51 20 3819330
51 53 3819330
51 54 3819332
51 15 3819332
51 40 3819332
51 61 3819336
51 65 3819338
51 23 3819338
51 93 3819342
51 41 3819351
51 14 3819360
51 91 3819361
51 35 3819368
51 12 3819372
51 13 3819375
51 33 3819375
51 31 3819378
51 46 3819383
51 17 3819390
51 49 3819393
51 76 3819402
51 73 3819408
51 92 3819414
51 66 3819415
51 32 3819419
51 60 3819425
51 22 3819429
51 57 3819434
51 87 3819442
51 15 3819449
51 12 3819451
51 7 3819460
51 90 3819467
51 6 3819469
51 8 3819473
51 16 3819482
51 39 3819491
51 3 3819497
51 55 3819497
51 36 3819502
51 58 3819503
51 91 3819506
51 44 3819515
51 13 3819523
51 37 3819525
51 50 3819525
51 53 3819534
51 5 3819534
51 59 3819543
51 62 3819543
51 88 3819543
51 82 3819547
51 38 3819552
51 34 3819561
51 45 3819570
52 4 3819572
52 14 3819578
52 49 3819587
52 41 3819593
52 81 3819601
52 63 3819602
52 93 3819606
52 5 3819608
52 51 3819616
52 57 3819620
52 77 3819628
52 18 3819633
52 17 3819642
52 76 3819646
52 40 3819652
52 54 3819654
52 20 3819662
52 65 3819664
52 7 3819670
52 50 3819677
52 15 3819682
52 56 3819690
52 13 3819695
52 34 3819696
52 48 3819705
52 10 3819708
52 83 3819710
52 59 3819718
52 33 3819725
52 79 3819727
52 38 3819728
52 8 3819733
52 12 3819734
52 55 3819735
52 67 3819737
52 64 3819744
52 27 3819753
52 45 3819758
52 30 3819766
52 94 3819770
52 32 3819773
52 19 3819775
52 21 3819775
52 85 3819783
52 26 3819790
52 60 3819796
52 77 3819805
52 60 3819806
52 48 3819808
52 80 3819816
52 7 3819818
52 1 3819825
52 20 3819830
52 56 3819830
52 30 3819834
52 74 3819841
52 57 3819850
52 2 3819855
52 25 3819864
52 42 3819868
52 14 3819873
52 5 3819874
52 71 3819875
52 28 3819884
52 90 3819886
52 46 3819887
52 31 3819890
52 92 3819892
52 23 3819896
52 94 3819897
52 82 3819901
52 38 3819905
52 21 3819909
52 12 3819914
52 50 3819923
52 36 3819929
52 35 3819938
52 32 3819940
52 53 3819946
52 85 3819955
52 54 3819963
52 81 3819967
52 67 3819968
52 93 3819973
52 43 3819975
52 91 3819979
52 24 3819988
52 68 3819989
53 65 3819996
53 36 3820003
53 45 3820005
53 21 3820012
53 88 3820018
53 9 3820027
53 72 3820030
53 10 3820032
53 15 3820039
53 86 3820042
53 33 3820043
53 16 3820046
53 92 3820052
53 84 3820059
53 30 3820063
53 77 3820066
53 24 3820071
53 42 3820073
53 66 3820080
53 93 3820088
53 22 3820091
53 56 3820095
53 80 3820096
53 2 3820104
53 57 3820104
53 73 3820108
53 71 3820108
53 51 3820110
53 87 3820116
53 61 3820118
53 67 3820127
53 29 3820130
53 32 3820133
53 78 3820136
53 62 3820136
53 20 3820139
53 81 3820142
53 73 3820151
53 29 3820158
53 23 3820165
53 92 3820169
53 15 3820173
53 72 3820180
53 32 3820184
53 38 3820186
53 61 3820193
53 33 3820195
53 70 3820198
53 19 3820203
53 39 3820206
53 42 3820212
53 48 3820219
53 87 3820223
53 0 3820230
53 37 3820239
53 93 3820243
53 54 3820249
53 58 3820252
53 2 3820258
53 80 3820263
53 88 3820268
53 17 3820276
53 60 3820279
53 20 3820283
53 90 3820287
53 51 3820296
53 35 3820296
53 4 3820303
53 52 3820311
53 50 3820315
53 74 3820323
53 47 3820330
53 25 3820333
53 44 3820339
53 56 3820344
53 21 3820353
53 14 3820353
53 94 3820355
53 68 3820359
54 13 3820359
54 1 3820359
54 63 3820360
54 17 3820362
54 41 3820363
54 60 3820366
54 46 3820368
54 85 3820371
54 57 3820376
54 82 3820382
54 10 3820389
54 34 3820390
54 44 3820397
54 30 3820400
54 55 3820404
54 79 3820409
54 36 3820415
54 69 3820419
54 39 3820419
54 94 3820422
54 22 3820423
54 59 3820425
54 67 3820426
54 4 3820430
54 19 3820431
54 61 3820438
54 52 3820440
54 73 3820444
54 0 3820446
54 3 3820448
54 56 3820452
54 70 3820452
54 20 3820452
54 5 3820456
54 76 3820458
54 48 3820458
54 80 3820466
54 2 3820467
54 62 3820473
54 29 3820475
54 9 3820480
54 64 3820481
54 23 3820487
54 38 3820496
54 6 3820500
54 77 3820508
54 81 3820517
54 12 3820517
54 11 3820523
54 74 3820525
54 65 3820533
54 68 3820535
54 37 3820540
54 18 3820545
54 72 3820554
54 77 3820561
54 23 3820566
54 26 3820568
54 8 3820575
54 79 3820582
54 27 3820591
54 82 3820597
54 47 3820602
54 84 3820610
54 66 3820618
54 50 3820627
54 22 3820636
54 13 3820640
54 31 3820648
54 62 3820653
54 75 3820660
54 90 3820667
54 0 3820673
54 64 3820676
54 93 3820679
54 55 3820686
54 41 3820693
54 36 3820698
54 29 3820701
54 17 3820705
54 11 3820709
54 74 3820712
54 2 3820718
54 58 3820722
54 56 3820727
54 25 3820727
54 51 3820728
54 40 3820736
54 10 3820740
54 45 3820746
54 44 3820750
54 59 3820751
54 83 3820760
54 39 3820765
54 9 3820770
54 85 3820770
54 60 3820776
54 24 3820776
54 46 3820777
54 80 3820779
54 48 3820782
55 42 3820787
55 9 3820794
55 14 3820795
55 50 3820795
55 51 3820795
55 89 3820795
55 70 3820799
55 4 3820801
55 61 3820808
55 35 3820810
55 91 3820810
55 66 3820814
55 83 3820820
55 62 3820821
55 44 3820825
55 84 3820834
55 3 3820840
55 0 3820849
55 28 3820849
55 22 3820857
55 17 3820859
55 26 3820862
55 19 3820862
55 54 3820868
55 79 3820871
55 60 3820874
55 1 3820875
55 82 3820875
55 58 3820881
55 31 3820883
55 34 3820883
55 20 3820888
55 53 3820890
55 27 3820899
55 59 3820899
55 52 3820900
55 32 3820901
55 65 3820906
55 33 3820909
55 76 3820912
55 41 3820915
55 38 3820919
55 45 3820919
55 94 3820925
55 12 3820929
55 8 3820929
55 23 3820932
55 72 3820938
55 41 3820942
55 65 3820948
55 86 3820951
55 53 3820960
55 68 3820966
55 0 3820974
55 75 3820975
55 28 3820982
55 67 3820989
55 83 3820992
55 43 3820994
55 91 3820997
55 70 3820999
55 32 3821001
55 63 3821009
55 33 3821013
55 82 3821014
55 34 3821022
55 74 3821030
55 16 3821035
55 27 3821043
55 59 3821045
55 31 3821046
55 20 3821050
55 38 3821055
55 39 3821060
55 8 3821067
55 84 3821074
55 24 3821081
55 23 3821090
55 36 3821095
55 35 3821099
55 64 3821108
55 81 3821110
55 19 3821112
55 92 3821112
55 17 3821118
55 14 3821121
55 57 3821124
56 78 3821125
56 4 3821128
56 94 3821133
56 0 3821134
56 66 3821138
56 17 3821143
56 61 3821148
56 69 3821149
56 50 3821154
56 62 3821161
56 59 3821161
56 92 3821162
56 65 3821169
56 37 3821173
56 46 3821176
56 8 3821180
56 20 3821183
56 30 3821183
56 3 3821184
56 29 3821193
56 75 3821202
56 41 3821207
56 88 3821209
56 71 3821214
56 77 3821220
56 67 3821228
56 34 3821233
56 38 3821242
56 64 3821244
56 39 3821248
56 7 3821255
56 31 3821263
56 12 3821268
56 84 3821275
56 76 3821277
56 49 3821285
56 5 3821287
56 53 3821291
56 68 3821300
56 87 3821300
56 32 3821304
56 10 3821311
56 43 3821311
56 74 3821320
56 44 3821328
56 26 3821337
56 25 3821342
56 42 3821346
56 88 3821354
56 72 3821358
56 94 3821362
56 83 3821371
56 41 3821375
56 48 3821377
56 28 3821385
56 19 3821393
56 86 3821399
56 80 3821406
56 4 3821407
56 34 3821414
56 1 3821420
56 10 3821423
56 62 3821423
56 39 3821430
56 24 3821436
56 64 3821438
56 70 3821445
56 55 3821454
56 46 3821459
56 85 3821460
56 53 3821461
56 79 3821464
56 60 3821466
56 25 3821467
56 73 3821470
56 18 3821478
56 20 3821481
56 44 3821485
56 37 3821488
56 82 3821491
56 52 3821491
56 12 3821492
56 0 3821501
56 74 3821509
56 30 3821511
56 77 3821519
56 45 3821519
56 67 3821520
56 21 3821520
56 69 3821526
56 84 3821528
56 27 3821536
56 43 3821545
56 32 3821546
56 38 3821548
56 16 3821555
56 61 3821564
56 31 3821564
56 92 3821570
56 76 3821571
56 66 3821574
56 8 3821574
56 91 3821583
57 40 3821591
57 88 3821600
57 37 3821600
57 26 3821604
57 65 3821604
57 12 3821613
57 22 3821621
57 39 3821628
57 9 3821629
57 91 3821632
57 28 3821634
57 64 3821640
57 41 3821649
57 83 3821658
57 52 3821661
57 7 3821668
57 44 3821675
57 49 3821679
57 25 3821684
57 16 3821691
57 35 3821699
57 61 3821708
57 13 3821709
57 38 3821712
57 68 3821716
57 1 3821723
57 19 3821724
57 71 3821728
57 20 3821728
57 5 3821735
57 31 3821741
57 48 3821750
57 33 3821750
57 63 3821756
57 8 3821762
57 59 3821769
57 81 3821769
57 29 3821777
57 14 3821779
57 41 3821786
57 91 3821790
57 64 3821799
57 78 3821802
57 75 3821810
57 72 3821818
57 86 3821820
57 45 3821823
57 71 3821831
57 23 3821835
57 87 3821841
57 36 3821842
57 74 3821846
57 42 3821854
57 40 3821858
57 46 3821866
57 68 3821871
57 89 3821873
57 47 3821882
57 61 3821889
57 11 3821890
57 1 3821892
57 48 3821896
57 25 3821904
57 16 3821912
57 29 3821918
57 84 3821920
57 30 3821928
57 55 3821929
57 49 3821932
57 39 3821935
57 62 3821942
57 85 3821942
57 80 3821950
57 15 3821950
57 35 3821957
57 7 3821966
57 12 3821970
58 2 3821978
58 43 3821985
58 56 3821985
58 84 3821993
58 50 3822001
58 68 3822004
58 74 3822010
58 77 3822019
58 33 3822024
58 76 3822026
58 63 3822027
58 93 3822027
58 60 3822028
58 49 3822035
58 40 3822041
58 48 3822050
58 8 3822051
58 35 3822053
58 82 3822056
58 55 3822057
58 9 3822058
58 44 3822059
58 62 3822068
58 42 3822071
58 78 3822078
58 54 3822080
58 7 3822084
58 80 3822091
58 89 3822093
58 53 3822096
58 70 3822099
58 73 3822104
58 17 3822107
58 20 3822112
58 13 3822118
58 41 3822127
58 21 3822135
58 94 3822141
58 54 3822149
58 70 3822154
58 17 3822155
58 82 3822162
58 35 3822166
58 65 3822167
58 33 3822174
58 79 3822175
58 12 3822178
58 21 3822185
58 1 3822189
58 51 3822189
58 60 3822191
58 46 3822191
58 16 3822192
58 56 3822200
58 50 3822204
58 43 3822211
58 10 3822219
58 91 3822222
58 74 3822226
58 20 3822228
58 29 3822233
58 19 3822238
58 63 3822242
58 57 3822251
58 41 3822251
58 81 3822260
58 2 3822264
58 90 3822265
58 84 3822272
58 0 3822279
58 8 3822285
58 53 3822288
59 65 3822295
59 76 3822304
59 43 3822308
59 66 3822310
59 55 3822312
59 29 3822315
59 67 3822320
59 39 3822322
59 18 3822322
59 7 3822328
59 70 3822329
59 86 3822334
59 50 3822337
59 8 3822337
59 24 3822337
59 62 3822345
59 57 3822347
59 44 3822355
59 7 3822355
59 37 3822356
59 73 3822360
59 52 3822367
59 18 3822369
59 94 3822371
59 88 3822380
59 8 3822387
59 60 3822396
59 24 3822400
59 34 3822409
59 93 3822418
59 89 3822419
60 1 3822427
60 91 3822427
60 48 3822431
60 39 3822434
60 40 3822435
60 37 3822444
60 36 3822445
60 50 3822446
60 87 3822448
60 52 3822450
60 61 3822459
60 26 3822461
60 5 3822463
60 4 3822472
60 20 3822479
60 93 3822482
60 64 3822485
60 16 3822490
60 42 3822496
60 35 3822504
60 92 3822504
60 83 3822507
60 23 3822514
60 80 3822514
60 44 3822515
60 53 3822516
60 57 3822518
60 45 3822519
60 89 3822524
60 51 3822527
60 79 3822527
60 71 3822528
60 94 3822531
60 21 3822533
60 29 3822536
60 8 3822540
60 77 3822542
60 6 3822544
60 58 3822548
60 14 3822553
60 68 3822558
60 7 3822562
60 85 3822563
60 76 3822571
60 73 3822572
60 10 3822577
60 15 3822583
60 84 3822587
60 85 3822595
60 76 3822597
60 61 3822602
60 57 3822611
60 17 3822618
60 26 3822624
60 51 3822630
60 12 3822630
60 74 3822631
60 8 3822639
60 64 3822647
60 10 3822648
60 67 3822652
60 56 3822660
60 39 3822666
60 78 3822668
60 89 3822668
60 43 3822676
60 41 3822683
60 75 3822690
60 28 3822695
60 88 3822703
60 59 3822710
60 66 3822719
60 33 3822725
60 16 3822731
60 38 3822735
60 90 3822744
60 45 3822745
60 44 3822754
60 54 3822755
60 83 3822764
60 6 3822772
60 42 3822773
60 13 3822782
60 94 3822784
60 2 3822790
60 1 3822798
60 62 3822802
60 52 3822806
60 65 3822809
60 91 3822809
60 9 3822814
60 4 3822815
60 24 3822815
60 68 3822819
60 73 3822825
60 77 3822831
61 78 3822838
61 22 3822844
61 89 3822851
61 51 3822852
61 5 3822860
61 28 3822861
61 24 3822868
61 3 3822869
61 40 3822871
61 1 3822874
61 62 3822877
61 26 3822884
61 44 3822887
61 17 3822890
61 16 3822899
61 64 3822905
61 59 3822907
61 14 3822910
61 79 3822916
61 84 3822920
61 73 3822923
61 50 3822925
61 41 3822927
61 87 3822935
61 29 3822942
61 57 3822945
61 35 3822945
61 67 3822949
61 85 3822950
61 49 3822954
61 53 3822959
61 39 3822965
61 30 3822966
61 52 3822975
61 94 3822978
61 14 3822980
61 67 3822982
61 43 3822991
61 86 3822998
61 39 3822999
61 72 3823008
61 24 3823014
61 13 3823016
61 28 3823019
61 79 3823026
61 37 3823029
61 38 3823033
61 85 3823034
61 59 3823041
61 23 3823044
61 91 3823051
61 87 3823059
61 81 3823060
61 66 3823066
61 76 3823069
61 2 3823075
61 5 3823075
61 21 3823084
61 10 3823084
61 65 3823084
61 55 3823086
61 58 3823093
61 78 3823095
61 74 3823095
61 42 3823096
61 88 3823105
63 85 3823111
63 50 3823120
63 64 3823120
63 20 3823126
63 44 3823128
63 8 3823135
63 92 3823136
63 82 3823140
63 5 3823147
63 66 3823153
63 25 3823157
63 84 3823159
63 9 3823161
63 65 3823165
63 58 3823165
63 56 3823165
63 43 3823166
63 34 3823169
63 51 3823170
63 12 3823173
63 6 3823173
63 72 3823175
63 27 3823184
63 90 3823190
63 30 3823194
63 32 3823194
63 19 3823194
63 60 3823196
63 18 3823200
63 11 3823205
63 59 3823209
63 1 3823216
63 22 3823217
63 88 3823217
63 91 3823222
63 93 3823229
63 89 3823231
63 62 3823236
63 7 3823243
63 67 3823243
63 76 3823243
63 17 3823243
63 26 3823249
63 45 3823256
63 43 3823262
63 23 3823270
63 66 3823277
63 5 3823282
63 44 3823282
63 6 3823285
63 36 3823289
63 62 3823292
63 89 3823294
63 88 3823295
63 3 3823295
63 83 3823297
63 12 3823297
63 33 3823299
63 57 3823304
63 10 3823307
63 80 3823313
63 4 3823315
63 26 3823315
63 8 3823318
63 54 3823320
63 11 3823328
63 40 3823331
63 31 3823335
63 15 3823336
63 69 3823344
63 84 3823352
63 78 3823361
63 29 3823366
63 77 3823375
63 79 3823379
63 34 3823380
63 82 3823387
63 64 3823395
63 9 3823398
63 21 3823399
63 60 3823399
63 32 3823399
63 61 3823404
63 16 3823410
63 39 3823412
63 52 3823417
64 36 3823422
64 82 3823422
64 34 3823429
64 10 3823434
64 63 3823439
64 61 3823440
64 79 3823445
64 51 3823449
64 16 3823453
64 94 3823459
64 5 3823461
64 83 3823470
64 35 3823474
64 87 3823474
64 29 3823481
64 19 3823485
64 53 3823492
64 6 3823495
64 37 3823498
64 59 3823498
64 34 3823500
64 91 3823503
64 23 3823507
64 85 3823516
64 62 3823521
64 77 3823527
64 14 3823529
64 72 3823537
64 7 3823539
64 63 3823540
64 79 3823547
64 49 3823550
64 35 3823552
64 90 3823560
65 33 3823569
65 66 3823578
65 42 3823584
65 36 3823588
65 11 3823596
65 25 3823596
65 51 3823602
65 4 3823611
65 64 3823612
65 3 3823621
66 0 3823625
66 76 3823629
66 67 3823637
66 94 3823637
66 3 3823645
66 93 3823652
66 74 3823656
66 70 3823663
66 60 3823667
66 61 3823673
66 17 3823678
66 65 3823686
66 26 3823689
66 44 3823690
66 23 3823699
66 1 3823704
66 36 3823704
66 86 3823710
66 18 3823714
66 91 3823720
66 21 3823728
66 38 3823736
66 19 3823744
66 43 3823750
66 62 3823758
66 7 3823759
66 16 3823760
66 87 3823761
66 92 3823762
66 88 3823770
66 50 3823776
66 68 3823777
66 51 3823783
66 31 3823784
66 89 3823790
66 2 3823794
66 91 3823802
66 3 3823811
66 13 3823813
66 35 3823814
66 59 3823819
66 63 3823825
66 78 3823831
66 46 3823837
66 53 3823840
66 73 3823846
66 6 3823847
66 40 3823849
66 74 3823850
66 68 3823859
66 45 3823868
66 20 3823868
66 9 3823869
66 33 3823876
66 54 3823885
66 76 3823887
66 34 3823896
66 30 3823902
66 41 3823905
66 11 3823914
66 12 3823921
66 82 3823925
66 71 3823928
66 25 3823937
66 28 3823944
66 64 3823952
66 67 3823961
66 44 3823962
66 22 3823965
66 36 3823971
66 85 3823975
66 51 3823978
66 24 3823985
67 76 3823993
67 85 3824000
67 86 3824003
67 72 3824003
67 57 3824009
67 55 3824018
67 31 3824024
67 17 3824029
67 60 3824036
67 34 3824042
67 43 3824046
67 73 3824048
67 25 3824054
67 11 3824063
67 48 3824068
67 65 3824069
67 32 3824074
67 42 3824076
67 4 3824076
67 63 3824079
67 19 3824082
67 13 3824082
67 7 3824090
67 93 3824098
67 80 3824099
67 89 3824099
67 33 3824100
67 56 3824106
67 76 3824107
67 13 3824112
67 63 3824116
67 10 3824121
67 45 3824127
67 54 3824128
67 87 3824132
67 9 3824134
67 66 3824136
67 41 3824141
67 86 3824144
67 46 3824152
67 14 3824160
67 3 3824160
67 21 3824167
67 88 3824168
67 39 3824169
67 47 3824178
67 23 3824178
67 84 3824178
67 79 3824186
67 57 3824189
67 7 3824194
67 90 3824202
67 24 3824210
67 38 3824216
67 78 3824225
67 32 3824231
67 37 3824238
68 82 3824239
68 93 3824241
68 44 3824241
68 61 3824242
68 0 3824248
68 15 3824256
68 64 3824257
68 40 3824266
68 37 3824274
68 28 3824276
68 54 3824277
68 60 3824286
68 74 3824290
68 52 3824292
68 11 3824293
68 91 3824295
68 69 3824295
68 88 3824300
68 32 3824306
68 57 3824310
68 72 3824314
68 13 3824314
68 47 3824315
68 51 3824321
68 17 3824324
68 83 3824328
68 34 3824329
68 40 3824336
68 55 3824341
68 93 3824341
68 5 3824348
68 91 3824350
68 20 3824359
68 24 3824364
68 1 3824365
68 44 3824373
68 35 3824377
68 80 3824379
68 0 3824381
68 15 3824381
68 64 3824387
68 9 3824393
68 48 3824397
68 66 3824405
68 26 3824408
68 89 3824408
68 49 3824412
68 87 3824412
68 37 3824415
69 87 3824423
69 62 3824430
69 14 3824436
69 54 3824439
69 66 3824439
69 77 3824448
69 33 3824450
69 85 3824452
69 13 3824453
69 40 3824459
69 72 3824466
69 67 3824469
69 89 3824473
69 5 3824481
69 45 3824482
69 21 3824490
69 90 3824490
69 84 3824491
69 34 3824494
69 71 3824499
69 29 3824506
69 16 3824507
69 83 3824512
69 68 3824517
69 26 3824517
69 77 3824522
69 65 3824528
69 52 3824528
69 5 3824530
69 4 3824538
69 75 3824547
69 3 3824547
69 46 3824554
69 60 3824563
69 50 3824564
69 21 3824566
69 8 3824575
69 10 3824575
69 32 3824576
69 28 3824577
69 2 3824577
69 80 3824586
69 63 3824591
69 53 3824598
69 33 3824606
69 13 3824611
69 14 3824611
70 61 3824614
70 60 3824623
70 40 3824628
70 88 3824635
70 45 3824636
70 76 3824643
70 1 3824650
70 51 3824656
70 72 3824663
70 59 3824667
70 28 3824676
70 90 3824683
70 82 3824686
70 8 3824691
70 55 3824696
70 73 3824702
70 78 3824707
70 16 3824715
70 62 3824724
70 41 3824732
70 13 3824739
70 33 3824743
70 36 3824748
70 68 3824753
70 30 3824757
70 44 3824757
70 23 3824761
70 18 3824762
70 64 3824763
70 14 3824770
70 49 3824777
70 19 3824778
70 34 3824783
70 67 3824790
70 5 3824790
70 15 3824796
70 38 3824803
70 29 3824807
70 58 3824816
70 24 3824818
70 89 3824820
70 0 3824825
70 56 3824825
70 10 3824833
70 42 3824835
70 20 3824839
70 71 3824845
70 57 3824850
70 69 3824858
70 12 3824865
70 66 3824871
70 63 3824873
70 76 3824882
70 92 3824887
70 4 3824892
70 14 3824895
70 40 3824899
70 89 3824903
70 45 3824910
70 46 3824914
70 54 3824922
70 75 3824926
70 66 3824930
70 91 3824930
70 56 3824939
70 68 3824939
70 13 3824939
70 36 3824943
70 22 3824946
70 43 3824953
70 55 3824953
70 29 3824957
70 79 3824961
70 86 3824966
70 20 3824969
70 72 3824971
70 42 3824974
70 3 3824978
70 62 3824983
70 88 3824984
70 6 3824984
70 51 3824985
70 85 3824992
70 33 3825001
70 35 3825008
70 11 3825016
70 21 3825020
70 41 3825027
70 78 3825030
70 84 3825033
70 27 3825033
70 2 3825040
70 61 3825045
70 39 3825052
70 90 3825053
70 82 3825055
70 87 3825057
70 63 3825065
70 25 3825072
70 67 3825078
70 81 3825086
70 30 3825089
70 83 3825091
70 15 3825095
71 1 3825102
71 35 3825108
71 51 3825117
71 6 3825122
71 11 3825128
71 70 3825133
71 44 3825133
71 29 3825133
71 67 3825134
71 9 3825138
71 2 3825145
71 21 3825152
71 58 3825154
71 49 3825158
71 20 3825164
71 14 3825170
71 52 3825171
71 10 3825176
71 77 3825177
71 90 3825186
71 50 3825193
71 84 3825200
71 60 3825207
71 83 3825209
71 21 3825218
71 31 3825218
71 18 3825222
71 92 3825223
71 43 3825229
71 88 3825233
71 67 3825238
71 94 3825246
71 16 3825249
71 13 3825255
71 72 3825255
72 58 3825262
72 60 3825267
72 0 3825276
72 91 3825285
73 91 3825287
73 74 3825293
73 6 3825295
73 34 3825299
73 41 3825300
73 28 3825308
73 75 3825312
73 45 3825318
73 82 3825321
73 4 3825322
73 23 3825331
73 20 3825331
73 65 3825336
73 36 3825340
73 84 3825342
73 80 3825349
73 58 3825357
73 8 3825360
73 49 3825364
73 62 3825373
73 61 3825379
73 54 3825384
73 89 3825387
73 72 3825394
73 62 3825401
73 49 3825410
73 87 3825412
73 86 3825420
73 30 3825423
73 59 3825425
73 36 3825434
73 44 3825436
73 11 3825441
73 23 3825449
73 76 3825458
73 7 3825465
73 43 3825467
73 6 3825470
73 94 3825470
73 63 3825478
73 70 3825485
73 78 3825489
73 83 3825490
73 84 3825498
73 20 3825501
73 92 3825503
73 57 3825506
74 68 3825507
74 10 3825516
74 12 3825522
74 48 3825527
74 40 3825527
74 28 3825527
74 67 3825536
74 8 3825536
74 21 3825542
74 43 3825547
74 86 3825552
74 62 3825554
74 22 3825556
74 44 3825565
74 82 3825571
74 75 3825574
74 66 3825580
74 69 3825588
74 4 3825593
74 81 3825598
74 17 3825605
74 50 3825614
74 53 3825617
74 31 3825622
74 25 3825627
74 92 3825634
74 42 3825642
74 19 3825646
74 30 3825652
74 51 3825661
74 7 3825662
74 24 3825664
74 54 3825671
74 9 3825677
74 90 3825685
74 23 3825690
74 18 3825694
74 56 3825702
74 72 3825704
74 64 3825713
74 39 3825713
74 88 3825714
74 16 3825714
74 13 3825720
74 45 3825722
74 15 3825726
74 52 3825734
74 84 3825735
74 76 3825739
74 3 3825742
74 93 3825742
74 83 3825743
74 1 3825747
74 78 3825752
74 27 3825754
74 72 3825758
74 4 3825761
74 53 3825763
74 30 3825767
74 6 3825771
74 14 3825780
74 33 3825788
74 61 3825797
74 55 3825806
74 59 3825812
74 73 3825820
74 3 3825820
74 56 3825826
74 18 3825831
74 51 3825835
74 46 3825837
74 70 3825841
74 86 3825842
74 2 3825845
74 34 3825845
74 60 3825848
74 63 3825852
74 52 3825852
74 90 3825857
74 91 3825864
74 49 3825870
74 94 3825874
74 42 3825882
74 67 3825886
74 27 3825886
74 28 3825888
74 31 3825895
74 39 3825897
74 24 3825906
74 92 3825914
74 22 3825915
74 58 3825915
74 84 3825915
74 78 3825918
74 93 3825920
74 5 3825924
74 76 3825927
74 21 3825929
74 83 3825930
74 32 3825931
74 25 3825935
74 48 3825939
74 43 3825943
74 80 3825943
74 88 3825944
74 81 3825945
74 66 3825951
74 87 3825955
74 71 3825962
74 77 3825968
74 12 3825976
74 10 3825977
74 23 3825981
75 34 3825989
75 57 3825996
75 81 3826004
75 0 3826012
75 21 3826018
75 55 3826018
75 14 3826027
75 92 3826030
75 15 3826034
75 68 3826038
75 9 3826041
75 11 3826043
75 67 3826043
75 24 3826043
75 77 3826048
75 69 3826050
76 93 3826054
76 42 3826058
76 69 3826062
77 29 3826068
77 44 3826076
77 63 3826080
77 80 3826089
77 57 3826098
77 2 3826099
77 53 3826100
77 7 3826105
77 19 3826113
77 75 3826120
77 72 3826124
77 61 3826130
77 65 3826132
77 3 3826141
77 93 3826149
77 58 3826153
77 50 3826157
77 6 3826166
77 20 3826173
77 76 3826176
77 80 3826181
77 8 3826190
77 29 3826199
77 66 3826204
77 69 3826212
77 68 3826221
77 53 3826229
77 52 3826237
77 86 3826244
77 28 3826246
77 18 3826253
77 3 3826254
77 44 3826262
77 21 3826267
77 54 3826276
77 88 3826277
77 92 3826277
77 58 3826280
77 45 3826282
77 59 3826283
77 50 3826289
77 38 3826296
77 1 3826296
77 24 3826301
77 57 3826308
77 56 3826310
78 77 3826319
78 57 3826323
78 7 3826326
79 5 3826332
79 44 3826332
79 56 3826338
79 26 3826342
79 76 3826343
79 16 3826348
79 84 3826355
79 49 3826362
79 82 3826370
79 7 3826375
79 3 3826383
79 43 3826383
79 59 3826392
79 65 3826397
79 54 3826404
79 41 3826407
79 37 3826411
79 77 3826415
79 9 3826418
79 42 3826420
79 75 3826428
79 6 3826433
79 89 3826438
79 20 3826444
79 81 3826451
79 11 3826455
79 47 3826457
79 0 3826466
79 2 3826470
79 40 3826470
79 24 3826475
79 85 3826481
79 92 3826490
79 68 3826498
79 58 3826507
79 74 3826507
79 10 3826511
79 80 3826516
79 35 3826517
79 91 3826520
79 36 3826521
79 23 3826528
79 73 3826535
79 29 3826541
79 69 3826550
79 12 3826554
79 86 3826554
79 62 3826556
79 17 3826559
79 71 3826564
79 53 3826569
79 28 3826573
79 39 3826575
79 73 3826579
79 74 3826584
79 21 3826589
79 55 3826595
79 72 3826595
79 57 3826597
79 50 3826606
79 80 3826608
79 8 3826610
79 19 3826612
79 53 3826617
79 92 3826621
79 75 3826630
79 6 3826630
79 67 3826636
79 31 3826640
79 91 3826644
79 29 3826645
79 27 3826648
79 39 3826657
79 89 3826666
79 61 3826674
79 20 3826683
79 41 3826683
79 4 3826688
79 76 3826694
79 40 3826696
79 81 3826697
79 54 3826704
79 84 3826707
79 36 3826711
79 69 3826719
79 33 3826719
79 10 3826723
79 77 3826724
79 59 3826725
79 88 3826730
79 52 3826736
79 42 3826743
79 93 3826743
79 2 3826752
79 5 3826756
79 30 3826762
79 3 3826765
79 78 3826773
79 37 3826780
79 94 3826787
79 68 3826794
79 12 3826801
79 87 3826807
79 22 3826815
80 84 3826824
80 9 3826831
80 13 3826839
80 53 3826845
80 61 3826847
81 46 3826852
81 8 3826856
81 33 3826863
81 16 3826869
81 61 3826875
81 90 3826878
81 40 3826882
81 25 3826887
81 60 3826891
81 21 3826896
81 68 3826901
81 4 3826910
81 54 3826917
81 91 3826923
81 38 3826924
81 3 3826925
81 37 3826934
81 12 3826939
81 67 3826939
81 35 3826939
81 15 3826947
81 51 3826949
81 79 3826953
81 24 3826962
81 26 3826970
81 34 3826970
81 11 3826977
81 29 3826978
81 83 3826987
81 50 3826989
81 20 3826998
81 53 3827007
81 1 3827014
81 73 3827015
81 10 3827023
81 75 3827027
81 72 3827031
81 80 3827034
81 19 3827038
81 32 3827042
81 69 3827043
81 56 3827048
81 82 3827049
81 59 3827051
81 45 3827058
81 23 3827066
81 77 3827072
81 30 3827079
81 49 3827081
81 47 3827090
81 22 3827092
81 35 3827094
81 15 3827094
81 11 3827103
81 86 3827106
81 25 3827113
81 59 3827115
81 24 3827121
81 67 3827127
81 13 3827134
81 37 3827135
81 64 3827137
81 58 3827137
81 26 3827139
81 61 3827144
81 71 3827151
81 87 3827158
81 46 3827166
81 41 3827167
81 85 3827168
81 20 3827175
81 80 3827181
81 52 3827186
81 42 3827188
81 70 3827196
81 31 3827199
81 38 3827200
81 5 3827204
81 83 3827212
81 3 3827220
81 79 3827227
81 93 3827236
81 78 3827244
81 92 3827248
81 60 3827251
81 18 3827251
81 40 3827251
81 16 3827259
81 88 3827266
81 84 3827266
81 43 3827267
82 3 3827271
82 38 3827273
82 91 3827274
82 54 3827275
82 52 3827276
83 14 3827280
83 53 3827281
83 51 3827281
83 50 3827285
83 84 3827292
83 13 3827301
83 70 3827310
83 15 3827310
83 3 3827317
83 17 3827324
83 40 3827331
83 73 3827340
83 56 3827341
83 31 3827345
83 45 3827345
83 42 3827348
83 71 3827355
83 93 3827363
83 43 3827370
83 20 3827374
83 68 3827383
83 82 3827387
83 5 3827388
83 90 3827397
83 66 3827401
83 60 3827404
83 2 3827408
83 4 3827417
83 86 3827420
83 87 3827427
83 82 3827434
83 43 3827436
83 53 3827441
83 11 3827450
83 33 3827458
83 57 3827464
83 37 3827466
83 23 3827472
83 7 3827481
83 2 3827483
83 84 3827485
83 79 3827490
83 21 3827499
83 46 3827500
83 10 3827504
83 9 3827512
83 18 3827520
83 69 3827524
83 49 3827525
83 25 3827534
83 45 3827539
83 51 3827548
83 19 3827553
83 58 3827560
83 14 3827565
83 55 3827570
83 22 3827579
83 66 3827582
83 65 3827583
83 92 3827586
83 44 3827592
84 70 3827596
84 50 3827597
84 91 3827598
84 67 3827607
84 18 3827613
84 74 3827616
84 25 3827616
84 89 3827617
84 28 3827626
84 5 3827633
84 20 3827636
84 57 3827637
84 82 3827644
84 46 3827649
84 56 3827651
84 22 3827655
84 23 3827662
84 10 3827664
84 44 3827673
84 85 3827681
84 30 3827689
84 58 3827695
84 54 3827701
84 49 3827710
84 43 3827711
84 29 3827714
84 0 3827717
84 20 3827719
84 71 3827726
84 38 3827729
84 23 3827731
84 18 3827733
84 60 3827738
84 39 3827742
84 75 3827746
84 47 3827747
85 0 3827753
85 19 3827762
85 16 3827769
85 36 3827769
85 57 3827773
85 70 3827779
85 37 3827779
85 93 3827781
85 38 3827784
85 26 3827790
85 86 3827792
85 52 3827800
85 24 3827806
85 55 3827811
85 28 3827819
85 44 3827826
85 45 3827827
85 10 3827827
85 60 3827833
85 67 3827836
85 13 3827838
85 56 3827838
85 47 3827843
85 17 3827847
85 88 3827847
85 53 3827852
85 74 3827853
85 68 3827855
85 42 3827862
85 7 3827867
85 69 3827873
85 80 3827882
85 30 3827889
85 81 3827891
85 87 3827893
85 2 3827900
85 18 3827908
85 46 3827914
85 8 3827915
85 15 3827921
85 75 3827927
85 77 3827934
85 29 3827939
85 58 3827945
85 5 3827947
85 21 3827949
85 29 3827958
85 75 3827958
85 86 3827967
85 68 3827971
85 52 3827975
85 12 3827975
85 84 3827976
85 74 3827977
85 24 3827979
85 23 3827985
85 81 3827990
85 19 3827993
85 63 3827995
85 34 3827995
85 56 3827999
85 61 3828006
85 50 3828014
85 83 3828020
85 80 3828020
85 92 3828020
85 47 3828020
85 35 3828024
85 53 3828029
85 72 3828037
85 49 3828043
85 33 3828044
85 89 3828050
85 46 3828051
85 38 3828052
85 30 3828059
85 79 3828062
85 51 3828063
85 73 3828064
85 25 3828069
85 76 3828070
85 70 3828075
85 59 3828076
85 7 3828085
85 87 3828090
85 69 3828092
85 3 3828101
85 20 3828103
85 31 3828112
85 1 3828119
86 85 3828127
86 77 3828129
86 88 3828138
86 78 3828145
86 33 3828153
86 84 3828157
86 47 3828161
86 16 3828169
86 36 3828175
86 32 3828181
86 0 3828182
86 94 3828188
86 89 3828190
86 15 3828192
86 31 3828194
86 27 3828203
86 18 3828203
86 17 3828203
86 83 3828203
86 5 3828207
86 80 3828208
86 89 3828209
86 39 3828214
86 18 3828222
86 68 3828222
86 15 3828231
86 36 3828237
86 92 3828240
86 93 3828243
86 77 3828246
86 11 3828254
86 14 3828258
86 43 3828261
86 41 3828267
86 64 3828270
86 33 3828274
86 70 3828276
87 11 3828276
87 62 3828283
87 25 3828291
87 92 3828298
87 16 3828303
87 81 3828305
87 93 3828309
87 44 3828317
87 72 3828324
87 83 3828327
87 77 3828330
87 45 3828333
87 85 3828341
87 28 3828341
87 68 3828344
87 69 3828347
87 40 3828355
87 50 3828355
87 42 3828362
87 4 3828369
87 64 3828378
87 91 3828378
87 61 3828387
87 15 3828388
87 5 3828388
87 17 3828396
87 88 3828401
87 34 3828409
87 36 3828416
87 56 3828420
87 13 3828425
87 71 3828425
87 10 3828432
87 41 3828433
87 22 3828440
87 27 3828444
87 60 3828450
87 76 3828457
87 33 3828458
87 67 3828462
87 72 3828462
87 62 3828463
87 55 3828463
87 85 3828471
87 16 3828474
87 9 3828476
87 69 3828482
87 51 3828482
87 30 3828490
87 10 3828494
87 59 3828501
87 65 3828502
87 53 3828506
87 3 3828507
87 82 3828507
87 17 3828507
87 79 3828508
87 5 3828517
87 86 3828525
87 64 3828527
87 38 3828527
87 78 3828533
87 58 3828535
87 41 3828544
87 21 3828547
87 20 3828556
87 61 3828563
87 48 3828572
87 39 3828577
87 71 3828577
87 29 3828580
87 22 3828588
87 40 3828590
87 73 3828593
87 43 3828594
87 74 3828598
88 17 3828601
88 28 3828606
88 35 3828613
88 30 3828614
88 14 3828620
88 47 3828625
88 90 3828627
88 1 3828635
88 86 3828635
88 26 3828641
89 31 3828648
89 46 3828652
89 53 3828654
89 50 3828656
89 10 3828658
89 37 3828661
89 64 3828664
89 11 3828668
89 74 3828675
89 47 3828676
89 48 3828676
89 81 3828677
89 69 3828678
89 88 3828679
89 15 3828680
89 32 3828687
89 17 3828690
89 58 3828699
89 27 3828706
89 73 3828706
89 91 3828707
89 87 3828715
89 1 3828719
89 51 3828725
89 79 3828734
89 92 3828738
89 9 3828739
89 25 3828741
89 39 3828741
89 44 3828748
89 4 3828756
89 52 3828762
89 19 3828766
89 0 3828769
89 16 3828769
89 76 3828773
89 34 3828774
89 36 3828777
89 22 3828779
89 93 3828783
89 65 3828788
89 14 3828790
89 18 3828790
89 77 3828796
89 70 3828805
89 83 3828814
89 84 3828816
89 28 3828817
89 13 3828819
89 42 3828826
89 61 3828826
89 29 3828832
89 7 3828841
89 80 3828847
89 57 3828847
89 30 3828850
89 24 3828854
89 75 3828862
89 22 3828867
89 37 3828876
89 3 3828876
89 34 3828877
89 45 3828878
89 18 3828881
89 38 3828887
89 41 3828887
89 82 3828890
89 12 3828894
89 20 3828901
89 65 3828901
89 25 3828902
89 83 3828911
89 27 3828920
89 49 3828926
89 4 3828926
89 29 3828927
89 90 3828933
89 79 3828936
89 62 3828939
89 77 3828939
89 33 3828944
89 78 3828945
89 1 3828945
89 46 3828951
89 47 3828952
89 14 3828961
89 26 3828970
89 80 3828973
89 70 3828974
89 6 3828983
89 13 3828983
89 92 3828983
89 28 3828990
89 51 3828999
89 16 3828999
89 85 3828999
89 74 3829006
89 69 3829015
89 54 3829023
89 91 3829029
89 81 3829036
89 56 3829042
89 11 3829049
89 58 3829053
89 23 3829055
89 39 3829062
89 53 3829071
89 48 3829074
89 52 3829078
90 80 3829080
90 78 3829084
90 40 3829090
90 50 3829097
90 82 3829106
90 54 3829106
90 25 3829114
90 46 3829123
90 94 3829124
90 19 3829125
90 63 3829126
90 16 3829131
90 74 3829140
90 55 3829145
90 33 3829150
90 81 3829153
90 23 3829154
90 68 3829162
90 77 3829168
90 25 3829175
90 52 3829176
90 16 3829181
90 37 3829190
90 88 3829190
90 15 3829199
90 7 3829200
90 19 3829207
90 86 3829211
90 43 3829220
90 35 3829228
90 20 3829229
90 85 3829233
90 79 3829238
90 58 3829239
90 44 3829246
90 62 3829250
90 66 3829254
90 75 3829258
90 9 3829266
90 69 3829270
91 76 3829278
91 39 3829284
91 42 3829286
91 22 3829288
91 33 3829297
91 82 3829301
91 64 3829302
91 69 3829308
91 48 3829309
91 47 3829316
91 40 3829321
91 14 3829324
91 75 3829332
91 11 3829338
91 37 3829338
91 36 3829344
91 60 3829346
91 34 3829353
91 49 3829356
91 67 3829365
91 62 3829366
91 90 3829373
91 57 3829382
91 7 3829383
91 9 3829383
91 53 3829387
91 71 3829393
91 54 3829395
91 89 3829400
91 80 3829407
91 58 3829410
91 45 3829414
91 92 3829423
91 59 3829423
91 84 3829431
91 27 3829432
91 32 3829434
91 94 3829439
91 78 3829439
91 30 3829442
91 20 3829451
91 1 3829454
91 73 3829462
91 88 3829462
91 79 3829463
91 65 3829463
91 51 3829469
91 85 3829469
91 10 3829470
91 19 3829479
91 16 3829485
91 86 3829490
91 26 3829498
91 68 3829503
91 23 3829507
91 4 3829515
91 44 3829522
91 7 3829527
91 59 3829535
91 83 3829535
91 2 3829537
91 11 3829541
91 8 3829545
91 87 3829552
91 32 3829552
91 5 3829557
91 25 3829564
91 16 3829567
91 19 3829568
91 37 3829575
91 20 3829578
91 66 3829580
91 50 3829580
91 40 3829586
91 42 3829594
91 84 3829602
91 90 3829608
91 28 3829615
91 33 3829619
91 65 3829619
91 76 3829625
91 71 3829630
91 9 3829633
91 24 3829637
91 89 3829637
91 53 3829646
91 23 3829654
91 80 3829657
91 38 3829662
91 34 3829664
91 30 3829672
91 58 3829679
91 47 3829687
91 72 3829692
91 22 3829700
91 46 3829705
91 14 3829708
91 63 3829709
91 61 3829711
91 94 3829717
91 29 3829726
91 6 3829730
91 15 3829739
91 36 3829747
91 26 3829754
91 68 3829757
91 4 3829762
91 79 3829766
91 41 3829775
91 57 3829782
91 21 3829787
91 77 3829795
91 31 3829803
91 49 3829806
91 60 3829815
91 78 3829821
91 43 3829824
92 43 3829831
92 94 3829838
92 12 3829840
92 21 3829848
92 18 3829849
93 58 3829856
93 74 3829863
93 23 3829869
93 91 3829871
93 53 3829874
93 54 3829883
93 46 3829891
93 66 3829898
93 16 3829899
93 78 3829908
93 34 3829910
93 84 3829913
93 19 3829920
93 88 3829920
93 83 3829922
93 90 3829930
93 11 3829933
93 8 3829935
93 26 3829935
93 79 3829941
93 50 3829946
93 28 3829948
93 39 3829955
93 47 3829960
93 30 3829964
93 51 3829965
93 92 3829971
93 77 3829979
93 62 3829983
93 9 3829983
93 32 3829986
93 4 3829989
93 94 3829993
93 73 3829996
93 4 3830003
93 18 3830004
93 5 3830010
93 84 3830017
93 2 3830019
93 78 3830025
93 75 3830027
93 74 3830035
93 38 3830036
93 39 3830045
93 14 3830050
93 76 3830057
93 50 3830066
93 66 3830070
93 64 3830071
93 68 3830080
93 46 3830081
93 20 3830088
93 43 3830096
93 26 3830100
93 85 3830105
93 28 3830114
93 41 3830116
93 48 3830117
93 44 3830125
93 36 3830134
93 79 3830136
93 53 3830142
93 60 3830143
93 32 3830143
