98
true
0 21 4162287
0 11 4162294
0 90 4162294
0 46 4162303
0 25 4162305
0 33 4162308
0 76 4162317
0 85 4162318
0 56 4162323
0 14 4162330
0 97 4162337
0 66 4162343
0 24 4162351
0 69 4162356
0 65 4162357
0 79 4162357
0 57 4162362
0 5 4162369
0 45 4162378
0 8 4162380
0 32 4162388
0 60 4162395
0 93 4162400
0 63 4162408
0 6 4162408
0 53 4162417
0 27 4162420
0 19 4162423
0 48 4162429
0 58 4162437
0 16 4162446
0 77 4162446
0 71 4162446
0 55 4162454
0 72 4162461
0 82 4162464
0 36 4162470
0 95 4162473
0 10 4162477
0 29 4162484
0 34 4162490
0 20 4162494
0 32 4162501
0 97 4162509
0 26 4162514
0 4 4162516
0 43 4162524
0 73 4162533
0 95 4162540
0 37 4162546
0 51 4162554
0 85 4162563
0 19 4162564
0 20 4162564
0 52 4162572
0 92 4162580
0 2 4162582
0 3 4162585
0 13 4162588
0 76 4162589
0 49 4162593
0 69 4162598
0 61 4162601
0 66 4162601
0 14 4162608
0 22 4162614
0 89 4162621
0 87 4162625
0 53 4162628
0 65 4162631
0 42 4162634
0 91 4162640
0 38 4162646
0 70 4162650
0 1 4162657
0 57 4162665
0 56 4162665
0 27 4162674
0 88 4162678
0 84 4162685
0 74 4162691
0 40 4162700
0 18 4162705
0 9 4162714
0 11 4162716
0 6 4162724
1 18 4162733
1 40 4162734
1 78 4162739
1 38 4162745
1 6 4162752
1 0 4162756
1 5 4162763
1 34 4162767
1 46 4162774
1 15 4162779
1 17 4162787
1 31 4162793
1 73 4162797
1 82 4162804
1 4 4162813
1 28 4162817
1 69 4162823
1 48 4162825
1 50 4162833
1 22 4162837
1 92 4162841
1 10 4162842
1 90 4162843
1 14 4162849
1 43 4162854
1 93 4162854
1 88 4162862
1 75 4162870
1 80 4162879
1 87 4162883
1 45 4162888
1 63 4162897
1 96 4162902
1 68 4162904
1 36 4162906
1 35 4162913
1 41 4162915
1 72 4162918
1 64 4162919
1 95 4162920
1 66 4162929
1 58 4162929
1 52 4162930
1 23 4162932
1 49 4162938
1 44 4162944
1 13 4162946
1 97 4162955
1 19 4162955
1 11 4162960
1 79 4162960
1 86 4162968
1 76 4162969
1 94 4162971
1 47 4162975
1 31 4162975
1 94 4162976
1 3 4162981
1 60 4162984
1 41 4162988
1 52 4162992
1 68 4162999
1 17 4162999
1 70 4163003
1 53 4163007
1 51 4163012
1 66 4163021
1 32 4163030
1 83 4163036
1 63 4163043
1 28 4163050
1 43 4163059
1 55 4163062
1 84 4163062
1 10 4163071
1 0 4163079
1 71 4163079
1 26 4163088
1 61 4163093
1 86 4163097
1 79 4163106
1 33 4163108
1 57 4163109
1 76 4163109
1 87 4163117
1 40 4163122
1 91 4163125
1 4 4163127
1 5 4163127
1 29 4163136
1 48 4163145
1 56 4163146
1 13 4163153
1 24 4163159
1 30 4163159
1 19 4163161
1 42 4163161
1 72 4163164
1 46 4163167
1 37 4163167
1 93 4163168
1 11 4163176
1 35 4163176
1 59 4163178
1 96 4163180
1 58 4163181
1 77 4163186
1 47 4163193
1 25 4163202
1 67 4163208
1 34 4163211
1 74 4163217
1 89 4163217
1 90 4163224
1 64 4163231
2 8 4163232
2 25 4163233
2 50 4163241
2 20 4163243
2 46 4163244
2 26 4163246
2 6 4163254
2 89 4163261
2 65 4163266
2 57 4163273
2 96 4163274
2 0 4163274
2 3 4163277
2 68 4163279
2 12 4163287
2 31 4163295
2 40 4163298
2 34 4163301
2 21 4163303
2 52 4163305
2 91 4163305
2 73 4163307
2 57 4163309
2 7 4163312
2 18 4163316
2 78 4163323
2 71 4163324
2 17 4163326
2 72 4163333
2 5 4163335
2 56 4163337
2 48 4163345
2 44 4163349
3 37 4163353
3 84 4163362
3 1 4163370
3 16 4163377
3 15 4163379
3 85 4163380
3 69 4163381
3 83 4163389
3 28 4163392
3 91 4163396
3 32 4163400
4 44 4163408
4 31 4163410
4 51 4163417
4 66 4163422
4 68 4163424
4 3 4163427
4 12 4163429
4 93 4163434
4 47 4163439
4 74 4163443
4 10 4163444
4 97 4163446
4 70 4163454
4 77 4163456
4 56 4163464
4 11 4163471
4 80 4163471
4 37 4163474
4 73 4163482
4 7 4163485
4 22 4163485
4 42 4163494
4 27 4163503
4 13 4163509
4 6 4163516
4 1 4163525
4 64 4163530
4 84 4163537
4 56 4163539
4 85 4163540
4 45 4163546
4 22 4163547
4 13 4163550
4 74 4163557
4 71 4163564
4 19 4163570
4 83 4163575
4 39 4163584
4 6 4163593
4 37 4163602
4 55 4163606
4 5 4163610
4 38 4163611
4 40 4163620
4 90 4163628
4 16 4163630
4 77 4163636
4 78 4163644
4 36 4163646
4 3 4163646
5 49 4163647
5 74 4163654
5 69 4163655
5 50 4163657
5 21 4163659
5 10 4163661
5 61 4163666
5 9 4163667
5 27 4163670
5 26 4163675
5 66 4163675
5 7 4163679
5 47 4163684
5 86 4163689
5 79 4163692
5 95 4163701
5 30 4163708
5 92 4163715
5 83 4163719
5 23 4163723
5 65 4163725
5 56 4163727
5 36 4163735
5 63 4163740
5 6 4163740
5 88 4163747
5 42 4163751
5 38 4163754
5 4 4163758
5 80 4163763
5 12 4163767
5 90 4163773
5 51 4163780
5 40 4163786
5 96 4163795
5 24 4163803
5 32 4163810
5 42 4163818
5 25 4163821
5 95 4163828
5 65 4163837
5 47 4163846
5 93 4163853
5 23 4163855
5 66 4163863
5 83 4163869
5 12 4163876
5 11 4163881
5 19 4163883
5 9 4163883
5 53 4163892
5 10 4163893
5 50 4163901
5 96 4163908
5 27 4163909
5 49 4163917
5 6 4163921
5 54 4163921
5 75 4163923
5 22 4163931
5 36 4163939
5 39 4163945
5 55 4163949
5 88 4163952
5 43 4163956
5 97 4163960
5 62 4163966
5 3 4163972
5 94 4163972
5 79 4163975
5 17 4163975
5 45 4163976
5 28 4163984
6 41 4163986
6 33 4163987
6 7 4163989
6 89 4163989
6 80 4163991
6 83 4164000
6 75 4164002
6 97 4164007
6 85 4164008
6 19 4164017
6 95 4164021
6 0 4164022
6 66 4164025
6 23 4164031
6 32 4164040
6 74 4164041
6 18 4164046
6 67 4164047
6 5 4164050
6 2 4164054
6 34 4164056
6 94 4164064
6 71 4164067
6 54 4164071
6 44 4164076
6 3 4164078
6 38 4164080
6 12 4164089
6 55 4164094
6 47 4164098
6 70 4164098
6 25 4164100
6 91 4164108
6 53 4164113
6 50 4164120
6 30 4164124
6 45 4164127
6 67 4164134
6 57 4164140
6 69 4164142
6 35 4164149
6 9 4164157
6 49 4164159
6 29 4164164
6 83 4164172
6 63 4164175
6 23 4164176
6 33 4164182
6 89 4164191
6 61 4164194
6 41 4164195
6 78 4164199
6 44 4164202
6 96 4164207
6 62 4164215
6 8 4164216
6 13 4164221
6 91 4164229
6 92 4164236
6 1 4164239
6 18 4164242
6 26 4164249
6 14 4164249
6 10 4164250
6 64 4164253
6 94 4164260
6 65 4164262
6 73 4164269
6 59 4164271
7 8 4164277
7 13 4164286
7 5 4164288
7 48 4164293
7 32 4164296
7 66 4164302
7 84 4164305
7 26 4164311
7 95 4164313
7 53 4164314
7 24 4164319
7 46 4164328
7 75 4164334
7 81 4164337
7 29 4164337
7 39 4164346
7 55 4164347
7 17 4164348
7 49 4164352
7 56 4164353
7 57 4164361
7 67 4164365
7 74 4164372
7 72 4164372
7 82 4164372
7 2 4164376
7 52 4164384
7 87 4164389
7 92 4164390
7 25 4164399
7 86 4164399
7 16 4164399
7 19 4164408
7 1 4164411
7 68 4164415
7 38 4164416
7 61 4164425
7 91 4164425
7 15 4164432
7 85 4164433
7 29 4164439
7 92 4164444
7 64 4164450
7 77 4164459
7 76 4164464
7 94 4164465
7 58 4164474
7 84 4164478
7 5 4164485
7 60 4164493
7 2 4164493
7 23 4164500
7 31 4164501
7 83 4164509
7 95 4164517
7 45 4164520
7 80 4164526
7 21 4164531
7 88 4164537
7 71 4164540
7 26 4164542
7 27 4164544
7 43 4164552
7 14 4164557
7 82 4164561
7 17 4164563
7 11 4164570
7 73 4164577
7 50 4164579
7 16 4164587
7 57 4164587
7 0 4164587
7 41 4164596
7 54 4164599
7 19 4164607
8 20 4164611
8 30 4164615
8 7 4164617
8 70 4164625
8 15 4164626
8 45 4164634
8 86 4164636
8 56 4164638
8 40 4164639
8 12 4164643
8 43 4164650
8 52 4164654
8 18 4164663
8 94 4164672
8 24 4164677
8 36 4164685
8 11 4164685
8 53 4164688
8 25 4164691
8 91 4164695
8 92 4164700
8 80 4164707
8 49 4164716
8 75 4164722
8 44 4164722
8 67 4164731
8 9 4164738
8 6 4164744
8 27 4164752
8 35 4164759
8 16 4164761
8 17 4164769
8 93 4164777
8 61 4164779
8 29 4164780
8 68 4164789
8 1 4164796
8 46 4164803
8 51 4164805
8 81 4164810
8 13 4164810
8 97 4164819
8 26 4164827
8 77 4164827
8 23 4164827
8 65 4164828
8 2 4164836
8 32 4164837
8 21 4164838
8 71 4164840
8 72 4164848
8 82 4164849
8 10 4164858
8 57 4164867
8 84 4164874
8 22 4164882
8 96 4164891
8 45 4164893
8 58 4164901
8 62 4164901
8 52 4164908
8 69 4164914
8 60 4164917
8 3 4164926
8 94 4164928
8 21 4164928
8 25 4164934
8 57 4164943
8 54 4164945
8 71 4164945
8 97 4164948
8 31 4164956
8 48 4164956
8 78 4164956
8 12 4164964
8 50 4164973
8 51 4164978
8 14 4164987
8 1 4164989
8 43 4164996
8 5 4165003
8 23 4165010
8 24 4165017
8 42 4165025
8 91 4165034
8 53 4165035
8 70 4165040
8 38 4165045
8 59 4165047
8 34 4165054
8 93 4165061
8 74 4165067
8 16 4165068
8 46 4165076
8 44 4165085
8 37 4165085
8 6 4165090
8 95 4165093
8 26 4165094
8 65 4165103
8 77 4165104
8 49 4165113
8 85 4165115
8 27 4165115
8 67 4165119
8 11 4165122
8 72 4165127
8 20 4165133
8 87 4165135
8 40 4165142
8 64 4165150
8 0 4165155
8 56 4165156
8 81 4165162
8 76 4165168
9 72 4165171
9 14 4165180
9 31 4165184
9 44 4165185
9 47 4165194
9 90 4165196
9 92 4165201
10 92 4165201
10 44 4165205
10 43 4165213
10 42 4165221
10 72 4165228
10 51 4165233
10 93 4165239
10 37 4165246
10 3 4165251
10 30 4165259
10 62 4165264
10 16 4165269
10 48 4165273
10 27 4165275
10 41 4165276
10 90 4165278
10 56 4165286
10 81 4165294
10 65 4165303
10 40 4165306
10 55 4165308
10 15 4165311
10 26 4165313
10 68 4165317
10 63 4165319
10 79 4165327
10 47 4165336
10 27 4165345
10 94 4165354
10 92 4165356
10 95 4165358
10 17 4165367
10 81 4165373
10 75 4165373
10 43 4165382
10 4 4165390
10 21 4165396
10 77 4165405
10 42 4165407
10 24 4165414
10 32 4165421
10 45 4165427
10 2 4165430
10 63 4165437
10 11 4165443
10 80 4165452
10 19 4165456
10 29 4165460
10 3 4165467
10 74 4165474
11 58 4165480
11 1 4165483
11 38 4165492
11 7 4165497
11 5 4165501
11 67 4165504
11 34 4165511
11 46 4165520
11 25 4165526
11 35 4165533
12 54 4165534
12 92 4165541
12 78 4165548
12 5 4165554
12 91 4165558
12 82 4165558
12 31 4165561
12 30 4165565
12 50 4165574
12 0 4165574
13 8 4165574
13 84 4165576
13 1 4165585
13 68 4165593
13 28 4165600
13 47 4165608
13 71 4165616
13 40 4165620
13 37 4165624
13 3 4165629
13 23 4165629
13 44 4165631
13 82 4165639
13 73 4165648
13 20 4165652
13 66 4165656
13 57 4165659
13 95 4165665
13 60 4165666
13 61 4165671
13 85 4165674
13 41 4165682
13 45 4165690
13 22 4165691
13 92 4165692
13 33 4165698
13 70 4165706
13 42 4165706
13 11 4165710
13 34 4165719
13 94 4165722
13 46 4165731
13 56 4165738
13 91 4165747
13 87 4165748
13 64 4165750
13 89 4165758
13 97 4165762
13 26 4165764
13 88 4165766
13 49 4165767
13 35 4165775
13 78 4165779
13 96 4165780
13 14 4165788
13 63 4165792
13 58 4165800
13 19 4165803
13 91 4165807
13 44 4165809
13 8 4165817
13 49 4165819
13 26 4165828
13 51 4165832
13 74 4165836
13 28 4165839
13 52 4165839
13 45 4165848
13 69 4165852
13 89 4165853
13 29 4165860
13 88 4165865
13 42 4165874
13 53 4165874
13 33 4165882
13 59 4165891
13 64 4165894
13 7 4165899
13 15 4165905
13 31 4165906
13 30 4165913
13 2 4165917
13 43 4165918
13 46 4165926
13 55 4165935
13 22 4165941
13 35 4165948
13 32 4165956
13 94 4165961
13 24 4165965
13 10 4165969
13 97 4165977
13 37 4165986
13 68 4165991
13 48 4165991
13 4 4165998
14 55 4165999
14 87 4166006
14 77 4166010
14 24 4166017
14 23 4166023
14 76 4166026
14 71 4166032
14 43 4166040
14 50 4166044
14 93 4166048
14 37 4166054
14 17 4166057
14 0 4166058
14 46 4166061
14 89 4166067
14 56 4166071
14 34 4166074
14 58 4166082
14 69 4166083
14 47 4166091
14 75 4166091
14 12 4166100
14 66 4166106
14 70 4166107
14 86 4166108
14 42 4166112
14 48 4166118
14 31 4166120
14 74 4166129
14 88 4166131
14 49 4166139
14 97 4166145
14 64 4166152
14 25 4166160
14 33 4166169
14 62 4166170
14 5 4166178
14 7 4166180
14 34 4166189
14 90 4166195
14 2 4166196
14 52 4166202
14 28 4166207
14 73 4166211
14 68 4166211
14 57 4166215
14 29 4166216
14 67 4166216
14 96 4166221
14 16 4166225
14 21 4166232
14 8 4166237
14 30 4166239
14 86 4166247
14 91 4166247
14 84 4166248
14 13 4166253
14 65 4166253
14 45 4166258
14 4 4166259
14 83 4166266
14 0 4166269
14 47 4166275
14 25 4166278
14 11 4166278
14 79 4166286
14 15 4166290
15 47 4166294
15 79 4166299
15 75 4166302
15 34 4166303
15 44 4166306
15 72 4166315
15 78 4166316
15 10 4166324
15 53 4166325
15 6 4166329
15 38 4166336
15 68 4166343
15 91 4166351
15 21 4166354
15 7 4166360
15 71 4166360
15 9 4166368
15 5 4166374
15 28 4166376
15 29 4166379
15 64 4166383
15 92 4166383
15 31 4166390
15 88 4166394
15 18 4166402
15 87 4166409
15 82 4166410
15 56 4166412
15 14 4166414
15 11 4166416
15 46 4166424
15 84 4166424
15 41 4166431
15 59 4166432
15 80 4166441
15 86 4166444
15 93 4166445
15 0 4166448
15 94 4166455
15 33 4166455
15 86 4166462
15 60 4166462
15 17 4166470
15 30 4166477
15 6 4166481
15 18 4166486
15 8 4166495
15 37 4166500
15 61 4166508
15 50 4166515
15 48 4166518
15 9 4166527
15 96 4166532
15 84 4166539
15 62 4166545
15 44 4166550
15 19 4166552
15 47 4166557
15 35 4166564
15 70 4166573
15 34 4166582
15 67 4166583
15 52 4166587
15 73 4166589
15 82 4166592
15 57 4166597
15 64 4166597
15 11 4166604
15 58 4166606
15 20 4166607
15 14 4166608
15 53 4166616
15 23 4166616
15 49 4166618
15 55 4166620
15 43 4166624
15 75 4166632
16 80 4166635
16 72 4166643
16 39 4166644
16 81 4166646
16 97 4166655
16 0 4166661
16 40 4166668
16 76 4166672
16 6 4166681
16 90 4166690
16 70 4166694
16 93 4166703
16 12 4166709
16 77 4166714
16 85 4166718
16 31 4166725
16 61 4166729
16 67 4166729
16 89 4166733
16 36 4166736
16 75 4166744
16 17 4166752
16 45 4166760
16 82 4166766
16 10 4166775
16 8 4166777
16 55 4166785
16 63 4166791
16 50 4166791
16 95 4166796
16 57 4166798
16 52 4166806
16 92 4166810
16 49 4166813
16 19 4166818
16 15 4166818
16 7 4166823
16 23 4166824
16 28 4166827
16 56 4166836
16 53 4166836
16 86 4166843
16 42 4166848
16 32 4166856
16 78 4166860
16 88 4166865
16 43 4166869
16 29 4166874
16 58 4166875
16 79 4166880
16 68 4166885
16 46 4166889
16 20 4166894
16 21 4166896
16 87 4166896
16 94 4166896
16 11 4166899
16 66 4166903
16 8 4166909
16 33 4166911
16 3 4166913
16 24 4166920
16 86 4166927
16 2 4166927
16 10 4166935
16 42 4166938
16 29 4166943
16 56 4166947
16 51 4166956
16 41 4166962
16 38 4166962
16 18 4166962
16 48 4166966
16 64 4166974
16 58 4166983
16 6 4166983
16 5 4166983
16 39 4166990
16 49 4166995
16 61 4167000
16 91 4167000
16 15 4167004
16 57 4167004
16 9 4167013
16 11 4167016
16 55 4167023
16 90 4167030
16 69 4167039
16 46 4167039
16 94 4167047
16 92 4167052
16 47 4167057
16 32 4167061
16 88 4167062
16 44 4167071
16 54 4167077
16 34 4167082
16 26 4167087
16 52 4167091
16 28 4167091
16 70 4167091
16 20 4167097
16 30 4167104
16 96 4167105
16 73 4167108
16 40 4167113
16 36 4167113
16 78 4167117
16 53 4167119
16 63 4167124
16 89 4167132
16 23 4167135
17 57 4167143
17 97 4167149
17 29 4167153
17 60 4167154
17 18 4167154
17 19 4167163
17 53 4167169
17 0 4167171
17 62 4167178
17 3 4167183
17 72 4167192
17 52 4167195
17 84 4167203
17 16 4167209
17 55 4167217
17 95 4167221
18 5 4167224
18 24 4167227
18 68 4167232
18 45 4167237
18 88 4167242
18 27 4167250
18 47 4167258
18 61 4167260
18 73 4167261
18 48 4167267
18 76 4167268
18 29 4167270
18 36 4167279
18 78 4167283
18 19 4167284
18 54 4167291
18 4 4167296
18 42 4167300
18 56 4167308
18 92 4167309
18 55 4167312
18 91 4167314
18 80 4167314
18 16 4167316
18 33 4167323
18 62 4167325
18 93 4167329
18 83 4167334
18 34 4167336
18 94 4167336
18 3 4167342
18 1 4167344
18 96 4167347
18 9 4167354
18 39 4167361
18 57 4167370
18 71 4167374
18 23 4167383
18 44 4167391
18 89 4167393
18 3 4167395
18 26 4167396
18 76 4167400
18 74 4167408
18 75 4167408
18 31 4167411
18 88 4167420
18 6 4167421
18 72 4167426
18 1 4167427
18 38 4167436
18 58 4167438
18 42 4167447
18 21 4167451
18 94 4167456
18 19 4167465
18 93 4167469
18 11 4167472
18 12 4167474
18 43 4167478
18 70 4167486
18 37 4167489
18 55 4167493
18 95 4167497
18 82 4167500
18 27 4167502
18 47 4167502
18 97 4167507
19 12 4167514
19 44 4167523
19 93 4167531
19 72 4167540
19 90 4167542
19 43 4167547
19 23 4167555
19 22 4167561
19 67 4167570
19 58 4167578
19 28 4167584
19 3 4167584
19 5 4167592
19 11 4167592
19 15 4167594
19 37 4167596
19 40 4167605
19 61 4167610
19 89 4167616
19 83 4167621
19 84 4167630
19 68 4167636
19 47 4167644
19 63 4167646
19 4 4167649
19 46 4167655
19 85 4167662
19 95 4167664
19 80 4167668
19 10 4167671
19 50 4167677
19 52 4167678
19 59 4167678
19 88 4167685
19 24 4167690
19 31 4167697
19 62 4167697
19 81 4167699
19 26 4167702
19 53 4167707
19 70 4167715
19 66 4167715
19 45 4167718
19 41 4167723
19 97 4167730
19 0 4167737
19 33 4167737
19 64 4167744
19 55 4167745
19 42 4167751
19 51 4167751
19 49 4167751
19 71 4167751
19 94 4167756
19 82 4167760
19 31 4167767
19 70 4167767
19 74 4167776
19 51 4167776
19 77 4167777
19 96 4167786
19 53 4167787
19 11 4167791
19 69 4167797
19 38 4167806
19 37 4167814
19 54 4167821
19 68 4167821
19 44 4167821
19 67 4167829
19 97 4167835
19 52 4167839
19 88 4167846
19 24 4167846
19 89 4167853
19 93 4167859
19 10 4167866
19 91 4167872
19 63 4167880
19 18 4167884
19 43 4167886
19 73 4167887
19 42 4167889
19 84 4167890
19 71 4167898
19 33 4167903
19 47 4167912
19 17 4167918
19 76 4167918
19 26 4167924
19 83 4167926
19 0 4167927
19 95 4167930
19 45 4167936
19 86 4167937
19 48 4167941
19 12 4167943
19 40 4167944
19 58 4167951
19 14 4167960
19 20 4167968
19 2 4167973
19 3 4167976
20 77 4167978
20 93 4167983
20 37 4167983
20 59 4167992
20 72 4168000
20 88 4168006
20 65 4168012
20 40 4168012
20 35 4168017
20 79 4168018
20 38 4168026
20 89 4168035
20 81 4168044
20 12 4168050
20 1 4168051
20 83 4168054
20 8 4168061
20 86 4168061
20 92 4168069
20 68 4168074
20 14 4168075
20 32 4168081
20 9 4168083
20 28 4168083
20 50 4168090
20 42 4168094
20 24 4168099
20 85 4168108
20 64 4168117
20 21 4168119
20 53 4168120
20 74 4168124
20 15 4168124
20 95 4168130
20 90 4168138
20 73 4168141
20 57 4168145
20 22 4168154
20 16 4168163
20 75 4168167
20 47 4168171
20 66 4168178
20 43 4168181
20 69 4168187
20 96 4168191
20 52 4168200
20 11 4168205
20 58 4168206
20 56 4168212
20 80 4168215
20 51 4168216
20 41 4168218
20 54 4168220
20 45 4168227
20 70 4168228
20 46 4168234
20 6 4168238
20 34 4168239
20 55 4168247
20 44 4168248
20 63 4168253
20 80 4168255
20 72 4168261
20 82 4168270
20 73 4168279
20 47 4168287
20 65 4168296
20 70 4168296
20 4 4168303
20 46 4168306
20 54 4168309
20 77 4168309
20 41 4168310
20 7 4168317
20 17 4168323
20 18 4168325
20 38 4168332
20 34 4168340
20 85 4168341
20 68 4168343
20 36 4168344
20 8 4168345
20 16 4168353
20 64 4168353
20 75 4168362
20 42 4168370
20 12 4168375
20 71 4168376
20 13 4168376
20 66 4168382
20 2 4168386
20 74 4168389
20 39 4168394
20 51 4168402
20 0 4168410
20 83 4168416
20 27 4168423
20 9 4168430
20 92 4168434
20 59 4168437
20 28 4168444
20 1 4168448
20 57 4168455
20 25 4168459
20 52 4168462
20 76 4168466
20 69 4168469
20 93 4168477
20 3 4168482
20 56 4168483
20 91 4168490
20 37 4168498
20 60 4168502
20 33 4168508
21 68 4168517
21 4 4168524
21 22 4168530
21 55 4168538
21 6 4168543
21 25 4168547
21 34 4168549
21 29 4168556
21 33 4168558
21 11 4168567
21 64 4168573
21 0 4168576
21 70 4168580
21 89 4168583
22 35 4168591
22 90 4168595
22 58 4168596
22 53 4168599
22 31 4168608
22 9 4168612
22 1 4168613
22 34 4168616
22 83 4168624
22 67 4168625
22 47 4168628
22 87 4168635
22 17 4168638
22 94 4168638
22 2 4168640
22 43 4168647
22 64 4168648
22 39 4168652
22 20 4168658
22 84 4168661
22 15 4168670
22 61 4168670
22 62 4168677
22 31 4168677
22 11 4168684
22 97 4168690
22 38 4168693
22 10 4168701
22 71 4168705
22 45 4168705
22 48 4168711
22 58 4168719
22 59 4168723
22 16 4168730
22 64 4168739
22 44 4168743
22 51 4168747
22 70 4168747
22 84 4168751
22 35 4168760
23 73 4168764
23 32 4168771
23 8 4168777
23 76 4168785
23 65 4168785
23 52 4168790
23 87 4168791
23 96 4168794
23 17 4168798
23 7 4168804
23 64 4168804
23 78 4168808
23 92 4168816
23 3 4168823
23 9 4168830
23 58 4168834
23 57 4168841
23 46 4168845
23 31 4168854
23 51 4168859
23 44 4168864
23 97 4168864
23 61 4168870
23 72 4168873
23 12 4168882
23 45 4168884
23 82 4168892
23 21 4168899
23 11 4168907
23 35 4168908
23 42 4168914
23 66 4168916
23 56 4168921
23 81 4168925
23 30 4168928
23 67 4168932
23 36 4168937
23 83 4168944
23 91 4168950
23 14 4168953
23 13 4168955
23 2 4168955
23 0 4168963
23 90 4168963
23 22 4168964
23 74 4168969
23 37 4168978
23 6 4168984
23 43 4168991
23 0 4168992
23 80 4168998
23 18 4168998
23 85 4169007
23 90 4169008
23 87 4169014
23 69 4169021
23 81 4169021
23 41 4169023
23 48 4169024
23 31 4169033
23 68 4169041
23 54 4169042
23 46 4169050
23 10 4169059
23 5 4169065
23 29 4169067
23 84 4169076
23 52 4169083
23 17 4169088
23 27 4169093
23 76 4169099
23 4 4169102
23 72 4169103
23 47 4169103
23 78 4169103
23 32 4169112
23 2 4169116
23 33 4169124
23 7 4169130
23 12 4169137
23 39 4169141
23 34 4169148
23 96 4169156
23 79 4169163
23 19 4169169
23 3 4169177
23 14 4169180
23 93 4169181
23 55 4169184
23 86 4169189
24 40 4169190
24 10 4169192
24 39 4169197
24 47 4169202
25 21 4169210
25 12 4169217
25 39 4169218
25 33 4169226
25 66 4169232
25 37 4169238
25 29 4169240
25 40 4169245
25 79 4169251
25 76 4169259
25 13 4169259
25 77 4169266
25 26 4169267
25 6 4169271
25 34 4169279
25 51 4169285
25 91 4169293
25 44 4169299
26 14 4169305
26 49 4169312
26 87 4169319
26 93 4169323
27 64 4169329
27 31 4169330
27 14 4169336
27 61 4169344
27 23 4169352
27 30 4169354
27 13 4169354
27 81 4169360
27 3 4169361
27 62 4169365
27 11 4169373
27 82 4169373
27 40 4169380
27 41 4169387
27 54 4169394
27 2 4169396
27 50 4169401
27 32 4169410
27 80 4169414
27 59 4169420
27 38 4169427
27 17 4169432
27 47 4169436
27 83 4169441
27 8 4169445
27 43 4169448
27 12 4169451
27 20 4169455
27 75 4169461
27 29 4169470
27 48 4169475
27 78 4169482
27 32 4169486
27 19 4169487
27 61 4169492
27 15 4169497
27 64 4169501
27 33 4169506
27 63 4169506
28 23 4169510
28 36 4169513
28 95 4169519
28 94 4169522
28 85 4169529
28 32 4169534
28 63 4169535
28 55 4169542
28 88 4169542
28 24 4169543
28 45 4169549
28 69 4169549
28 87 4169550
28 38 4169559
28 67 4169561
28 47 4169570
28 37 4169572
28 62 4169577
28 82 4169582
28 16 4169584
28 81 4169585
28 40 4169589
28 60 4169596
28 96 4169601
28 14 4169604
28 86 4169613
28 66 4169620
28 13 4169621
28 54 4169626
28 15 4169628
28 77 4169635
28 71 4169644
28 75 4169651
28 58 4169659
28 9 4169664
28 72 4169668
28 84 4169669
28 68 4169678
28 89 4169678
28 76 4169682
28 41 4169682
28 34 4169689
28 79 4169690
28 7 4169691
28 27 4169698
28 42 4169703
28 17 4169707
28 20 4169708
28 32 4169716
28 7 4169722
28 60 4169724
28 42 4169728
28 63 4169730
28 26 4169737
28 73 4169746
28 16 4169747
28 30 4169754
28 58 4169761
28 77 4169767
28 38 4169771
28 41 4169774
28 92 4169782
28 83 4169783
28 39 4169787
28 71 4169793
28 64 4169799
28 18 4169807
28 47 4169814
28 11 4169818
28 46 4169826
28 76 4169826
28 61 4169826
28 56 4169832
28 59 4169835
28 88 4169841
28 51 4169850
28 43 4169858
28 1 4169864
28 6 4169869
28 5 4169875
28 15 4169875
28 31 4169876
28 17 4169885
28 55 4169887
28 62 4169892
28 85 4169892
28 19 4169896
28 36 4169902
28 49 4169902
28 50 4169909
28 13 4169911
28 37 4169919
28 27 4169927
28 82 4169929
28 84 4169937
28 8 4169945
29 87 4169947
29 30 4169947
29 20 4169951
29 24 4169954
29 4 4169957
29 32 4169959
29 44 4169964
29 58 4169971
29 53 4169980
29 48 4169986
29 94 4169989
29 96 4169997
29 77 4169998
29 95 4170002
29 23 4170007
29 13 4170014
29 63 4170021
29 31 4170027
29 36 4170028
29 37 4170034
29 33 4170038
29 56 4170044
29 5 4170052
29 21 4170059
29 64 4170066
29 12 4170067
29 9 4170072
29 81 4170080
29 83 4170088
29 0 4170091
29 41 4170096
29 86 4170105
29 52 4170109
29 35 4170118
29 84 4170125
29 54 4170125
29 55 4170133
29 61 4170139
29 25 4170140
29 46 4170148
29 22 4170156
29 85 4170162
29 6 4170162
29 7 4170162
29 14 4170163
29 88 4170169
29 1 4170170
29 92 4170174
29 90 4170181
29 66 4170181
29 38 4170185
29 40 4170192
29 80 4170198
29 50 4170201
29 39 4170209
29 60 4170214
29 73 4170219
29 0 4170222
29 2 4170223
29 22 4170229
29 3 4170230
29 61 4170235
29 31 4170236
29 81 4170241
29 83 4170248
29 26 4170252
29 57 4170257
29 50 4170266
29 16 4170275
29 43 4170276
29 93 4170280
29 49 4170280
29 15 4170288
29 71 4170289
29 25 4170294
29 6 4170301
29 36 4170306
29 88 4170307
29 82 4170308
29 1 4170314
29 30 4170317
29 80 4170326
29 5 4170334
29 96 4170336
29 47 4170343
29 7 4170345
29 14 4170350
29 13 4170359
29 38 4170365
29 39 4170368
29 40 4170372
29 41 4170377
29 68 4170382
29 53 4170390
29 94 4170399
29 63 4170404
29 44 4170411
29 60 4170413
29 64 4170418
29 17 4170418
29 32 4170419
29 70 4170428
29 75 4170434
29 77 4170435
29 86 4170436
29 66 4170443
29 23 4170450
29 87 4170456
29 42 4170457
29 55 4170457
29 28 4170466
29 27 4170467
29 24 4170473
29 97 4170474
29 89 4170483
30 66 4170485
30 74 4170486
30 15 4170486
30 63 4170491
30 59 4170492
30 14 4170498
30 52 4170505
30 90 4170507
30 7 4170516
30 39 4170518
30 22 4170520
30 61 4170522
30 47 4170531
30 97 4170536
30 83 4170545
30 27 4170548
30 48 4170548
30 60 4170556
30 86 4170561
30 37 4170561
30 89 4170568
30 46 4170569
30 92 4170576
30 21 4170577
30 49 4170586
30 76 4170593
30 80 4170599
30 77 4170602
30 28 4170603
30 68 4170604
30 6 4170609
30 13 4170613
30 85 4170618
30 24 4170623
30 96 4170626
30 0 4170634
30 93 4170641
30 82 4170650
30 35 4170652
30 51 4170652
30 73 4170657
30 87 4170666
30 94 4170674
30 58 4170676
30 28 4170682
30 83 4170689
30 10 4170696
30 31 4170703
30 53 4170711
30 5 4170719
30 7 4170727
30 43 4170733
30 85 4170742
30 75 4170745
30 14 4170745
30 26 4170750
30 76 4170753
30 67 4170753
30 16 4170758
30 68 4170766
30 37 4170771
30 66 4170775
30 44 4170778
30 45 4170782
30 8 4170786
30 40 4170793
30 49 4170801
30 46 4170803
30 95 4170807
30 1 4170814
30 38 4170820
30 55 4170825
30 34 4170828
30 69 4170832
30 24 4170838
30 9 4170846
30 29 4170848
30 18 4170855
30 3 4170863
30 22 4170865
31 27 4170865
31 20 4170868
31 15 4170872
31 49 4170875
31 79 4170876
31 72 4170883
31 71 4170883
31 16 4170888
31 82 4170893
31 68 4170894
31 47 4170896
31 75 4170896
31 66 4170904
31 60 4170913
31 56 4170916
31 80 4170920
31 91 4170922
31 69 4170924
31 74 4170929
31 96 4170931
31 87 4170935
31 43 4170943
31 4 4170943
31 64 4170947
31 8 4170950
31 52 4170950
31 29 4170953
31 86 4170959
31 54 4170967
31 73 4170969
31 53 4170972
31 83 4170975
31 45 4170980
31 0 4170986
31 25 4170994
31 24 4170995
31 57 4170995
31 7 4170995
31 38 4171003
31 33 4171009
31 19 4171009
31 61 4171017
31 55 4171019
31 6 4171025
31 94 4171032
31 89 4171035
31 81 4171040
31 35 4171042
31 51 4171049
31 9 4171052
31 67 4171059
31 2 4171065
31 28 4171070
31 84 4171070
31 30 4171078
31 37 4171081
31 10 4171082
31 97 4171087
31 77 4171096
31 96 4171098
31 54 4171100
31 71 4171109
31 17 4171109
31 86 4171112
31 43 4171118
31 95 4171123
31 73 4171129
31 88 4171136
31 20 4171141
31 27 4171146
31 11 4171150
31 10 4171159
31 5 4171163
31 44 4171167
31 72 4171172
31 56 4171180
31 63 4171186
31 9 4171193
31 19 4171199
31 92 4171208
31 38 4171210
31 22 4171219
31 0 4171226
31 47 4171233
31 55 4171242
31 67 4171243
31 79 4171244
31 32 4171252
31 51 4171259
31 42 4171268
31 48 4171275
31 1 4171275
31 81 4171278
31 91 4171279
31 28 4171282
31 12 4171286
31 58 4171292
31 93 4171293
31 50 4171293
31 4 4171301
31 83 4171310
31 70 4171311
31 24 4171319
31 53 4171324
31 33 4171325
31 15 4171332
31 74 4171335
31 2 4171339
31 65 4171342
31 29 4171347
31 41 4171348
31 85 4171356
32 40 4171361
32 13 4171369
32 33 4171377
32 92 4171377
32 6 4171383
32 68 4171383
32 94 4171386
32 45 4171393
32 84 4171400
32 78 4171404
32 41 4171411
32 30 4171420
32 66 4171422
32 74 4171426
32 95 4171428
32 49 4171429
32 87 4171433
32 93 4171439
32 24 4171448
32 36 4171454
32 11 4171455
32 53 4171459
32 19 4171466
32 42 4171466
32 76 4171469
32 92 4171478
32 38 4171485
33 6 4171486
33 42 4171490
33 60 4171496
33 15 4171501
33 66 4171502
33 71 4171510
33 80 4171519
33 54 4171527
33 43 4171532
33 12 4171540
33 0 4171547
33 26 4171550
33 20 4171554
33 38 4171555
33 24 4171559
33 1 4171559
33 97 4171568
33 46 4171571
33 41 4171574
33 25 4171574
33 44 4171582
33 81 4171582
33 61 4171584
33 47 4171586
33 78 4171590
33 18 4171595
33 20 4171598
33 82 4171602
33 67 4171611
33 84 4171617
33 11 4171619
33 25 4171619
33 40 4171623
33 16 4171630
33 23 4171634
33 6 4171641
33 1 4171646
33 72 4171647
33 56 4171651
33 87 4171651
33 64 4171651
33 14 4171654
33 29 4171659
33 3 4171659
33 79 4171660
33 88 4171661
33 30 4171666
33 49 4171675
33 37 4171675
33 43 4171682
34 52 4171691
34 28 4171699
34 97 4171705
34 4 4171710
34 62 4171711
34 53 4171716
34 88 4171720
34 45 4171725
34 43 4171726
34 0 4171727
34 65 4171731
34 82 4171735
34 51 4171739
34 91 4171743
34 83 4171743
34 59 4171745
34 7 4171750
34 89 4171757
34 84 4171762
34 64 4171763
34 5 4171763
34 11 4171765
34 79 4171773
34 42 4171777
34 63 4171777
34 38 4171786
34 85 4171789
34 74 4171798
34 14 4171798
34 16 4171804
34 58 4171811
34 80 4171816
34 95 4171819
34 2 4171822
34 1 4171824
34 50 4171830
34 46 4171831
34 10 4171836
34 39 4171843
34 69 4171851
34 73 4171853
34 77 4171862
34 30 4171865
34 27 4171871
34 68 4171878
34 6 4171885
34 15 4171892
34 94 4171901
34 61 4171902
34 12 4171911
34 56 4171918
34 54 4171925
34 17 4171925
34 71 4171933
34 18 4171942
34 80 4171947
34 58 4171947
34 30 4171951
34 91 4171951
34 85 4171953
34 7 4171961
34 72 4171964
34 62 4171965
34 76 4171970
34 3 4171974
34 81 4171976
34 90 4171978
34 43 4171979
34 2 4171985
34 59 4171989
34 95 4171997
34 11 4171997
34 32 4171998
34 24 4172002
34 87 4172010
34 41 4172013
34 71 4172022
34 52 4172029
34 55 4172032
34 13 4172038
34 78 4172041
34 65 4172050
34 26 4172058
34 5 4172060
34 35 4172061
34 75 4172069
34 96 4172071
34 89 4172079
34 37 4172079
34 68 4172082
34 25 4172085
34 61 4172086
34 92 4172091
34 53 4172092
34 1 4172096
34 12 4172098
34 47 4172103
34 42 4172110
34 6 4172111
34 18 4172116
34 86 4172125
34 93 4172129
34 48 4172137
35 93 4172137
35 5 4172143
35 88 4172143
35 0 4172143
35 69 4172150
35 72 4172154
35 28 4172157
35 26 4172166
35 14 4172167
35 2 4172176
35 17 4172178
35 1 4172178
35 76 4172178
35 4 4172178
35 46 4172184
35 31 4172184
35 9 4172190
35 36 4172195
35 84 4172195
35 59 4172203
35 96 4172204
35 18 4172210
35 19 4172219
35 87 4172227
35 13 4172234
35 81 4172239
35 3 4172246
35 43 4172255
35 89 4172260
35 29 4172267
35 21 4172274
35 74 4172282
35 56 4172282
35 62 4172288
35 27 4172290
35 42 4172296
35 11 4172301
35 95 4172307
35 64 4172315
35 16 4172320
35 68 4172322
35 97 4172322
35 6 4172325
35 24 4172330
35 71 4172332
35 73 4172337
35 7 4172342
35 45 4172345
35 66 4172345
35 40 4172345
35 70 4172348
35 32 4172356
35 49 4172365
35 48 4172365
35 55 4172373
35 37 4172373
35 75 4172379
35 41 4172379
35 37 4172387
35 76 4172392
35 69 4172397
35 57 4172401
35 45 4172408
35 67 4172415
35 27 4172419
35 83 4172426
35 53 4172429
35 41 4172437
35 44 4172442
35 46 4172444
35 79 4172448
35 77 4172455
35 43 4172457
35 97 4172466
35 5 4172469
35 28 4172469
35 50 4172477
35 52 4172478
35 21 4172487
35 6 4172490
35 16 4172497
35 78 4172500
35 51 4172501
35 93 4172505
35 29 4172506
35 30 4172510
35 60 4172513
35 65 4172518
35 49 4172518
35 95 4172525
35 38 4172526
35 9 4172529
35 80 4172531
35 56 4172534
35 32 4172541
35 84 4172550
35 34 4172556
35 64 4172563
35 82 4172568
35 11 4172568
35 59 4172575
35 7 4172576
35 18 4172577
35 36 4172586
35 22 4172594
35 23 4172595
35 26 4172602
35 14 4172606
35 74 4172615
35 10 4172618
35 75 4172623
35 31 4172627
35 24 4172630
35 33 4172636
35 71 4172636
35 55 4172641
35 54 4172650
35 48 4172657
35 1 4172658
35 66 4172666
35 90 4172667
35 42 4172669
35 68 4172672
36 42 4172678
36 23 4172684
36 85 4172689
36 31 4172695
36 28 4172703
36 74 4172705
36 30 4172707
36 54 4172714
36 35 4172720
36 87 4172722
36 50 4172728
36 89 4172730
36 67 4172731
36 58 4172734
36 65 4172739
36 91 4172739
36 14 4172745
36 27 4172746
36 32 4172748
36 69 4172751
36 18 4172752
36 73 4172753
36 39 4172755
36 47 4172759
36 12 4172766
36 34 4172770
36 38 4172772
36 49 4172780
36 43 4172785
36 70 4172785
36 86 4172791
36 48 4172797
36 46 4172801
36 55 4172807
36 21 4172813
36 77 4172818
36 7 4172826
36 11 4172828
36 82 4172828
36 96 4172835
36 10 4172837
36 9 4172838
36 10 4172840
36 75 4172840
36 43 4172841
36 92 4172844
36 77 4172851
36 68 4172858
36 55 4172858
36 52 4172867
36 79 4172871
36 16 4172871
36 72 4172880
36 90 4172888
36 4 4172893
36 60 4172893
36 86 4172901
36 2 4172902
36 97 4172903
36 64 4172912
36 20 4172919
36 44 4172925
36 41 4172933
36 76 4172935
36 17 4172939
36 25 4172939
36 54 4172944
36 8 4172946
36 74 4172948
36 28 4172948
36 51 4172956
36 81 4172958
36 85 4172965
36 7 4172972
36 73 4172974
36 33 4172980
36 5 4172984
36 50 4172987
36 34 4172990
36 48 4172999
36 61 4173003
36 88 4173011
36 96 4173013
36 6 4173014
36 21 4173019
37 27 4173025
37 58 4173027
37 86 4173030
37 1 4173036
37 94 4173045
37 55 4173047
37 14 4173055
37 15 4173060
37 66 4173064
37 36 4173068
37 10 4173076
37 8 4173076
37 95 4173076
37 35 4173076
37 61 4173076
37 56 4173078
37 50 4173084
37 30 4173093
37 40 4173093
37 9 4173094
37 91 4173096
37 71 4173101
37 49 4173104
37 42 4173109
37 34 4173110
37 19 4173115
37 21 4173116
37 68 4173124
37 73 4173124
37 53 4173129
37 0 4173134
37 39 4173135
37 84 4173136
37 93 4173140
37 12 4173145
37 22 4173152
37 87 4173155
37 62 4173159
37 32 4173160
37 97 4173168
37 89 4173171
37 17 4173175
37 60 4173175
37 96 4173178
37 67 4173179
37 4 4173186
37 15 4173194
37 67 4173202
37 30 4173207
37 89 4173214
37 64 4173217
37 71 4173225
37 0 4173226
37 29 4173235
37 22 4173243
37 6 4173245
37 75 4173250
37 68 4173253
37 56 4173256
37 10 4173264
37 95 4173267
37 3 4173272
37 80 4173272
37 48 4173279
37 34 4173286
37 83 4173295
37 46 4173298
37 50 4173307
37 94 4173314
37 21 4173319
37 90 4173322
37 2 4173326
37 28 4173334
37 36 4173337
37 88 4173340
37 79 4173345
37 66 4173354
37 47 4173354
37 51 4173357
37 41 4173363
37 60 4173364
37 12 4173364
37 77 4173369
37 16 4173377
37 85 4173385
37 52 4173389
37 13 4173398
37 63 4173405
37 7 4173407
38 55 4173409
38 69 4173411
38 31 4173411
38 5 4173414
38 85 4173417
38 90 4173424
38 34 4173432
38 22 4173433
38 42 4173435
38 17 4173438
38 44 4173443
38 32 4173452
38 27 4173458
38 62 4173458
38 30 4173458
38 96 4173467
38 67 4173472
38 73 4173474
38 65 4173478
38 13 4173481
38 93 4173489
38 28 4173490
38 86 4173497
38 79 4173497
38 96 4173499
38 51 4173499
38 70 4173506
38 10 4173513
38 80 4173516
38 54 4173519
38 15 4173527
38 32 4173536
38 43 4173540
38 37 4173549
38 86 4173553
38 64 4173559
38 50 4173561
38 20 4173570
38 77 4173573
38 34 4173582
38 33 4173587
38 91 4173588
38 68 4173591
38 90 4173591
38 42 4173595
38 28 4173598
38 40 4173598
38 89 4173606
38 62 4173606
38 79 4173606
38 4 4173611
38 23 4173617
38 9 4173624
38 36 4173626
39 19 4173626
39 13 4173630
39 5 4173639
39 69 4173641
39 44 4173648
39 54 4173656
39 71 4173665
39 88 4173671
39 37 4173678
39 46 4173678
39 15 4173684
39 73 4173684
39 17 4173690
39 91 4173699
39 70 4173699
39 79 4173700
39 48 4173704
39 57 4173705
39 31 4173711
39 7 4173716
39 41 4173716
39 59 4173720
39 6 4173722
39 8 4173725
39 78 4173727
39 84 4173734
39 11 4173737
39 4 4173744
39 72 4173745
39 21 4173747
39 66 4173749
39 42 4173756
39 36 4173757
39 53 4173766
39 50 4173767
39 32 4173772
39 86 4173772
39 94 4173775
39 75 4173776
39 85 4173785
39 92 4173786
39 52 4173793
39 30 4173795
39 22 4173798
39 68 4173805
39 89 4173807
39 35 4173809
39 1 4173811
39 67 4173812
39 38 4173814
39 61 4173819
39 16 4173821
39 68 4173823
39 88 4173823
39 78 4173831
39 56 4173839
39 64 4173847
39 40 4173848
39 13 4173852
39 43 4173857
39 58 4173857
39 81 4173860
39 35 4173862
39 45 4173866
39 54 4173874
39 14 4173883
39 17 4173885
39 11 4173889
39 26 4173896
39 50 4173901
39 72 4173908
39 95 4173913
39 91 4173921
39 10 4173928
39 84 4173928
39 37 4173932
39 41 4173932
39 93 4173938
39 55 4173941
39 21 4173946
39 67 4173953
39 27 4173958
39 12 4173963
39 66 4173969
39 51 4173978
39 48 4173980
39 94 4173986
39 36 4173995
39 30 4173996
39 69 4173997
39 20 4174006
39 29 4174013
39 52 4174017
39 3 4174017
39 53 4174026
39 61 4174035
39 46 4174044
39 96 4174050
39 4 4174055
40 15 4174061
40 42 4174067
40 37 4174068
40 23 4174073
40 64 4174075
40 18 4174082
40 8 4174089
40 80 4174093
40 90 4174093
40 28 4174098
40 12 4174104
40 65 4174107
40 55 4174112
40 14 4174119
40 6 4174128
40 7 4174132
40 35 4174140
40 1 4174143
40 29 4174148
40 81 4174150
40 2 4174158
40 58 4174164
40 56 4174164
40 20 4174166
40 78 4174166
40 19 4174175
40 47 4174177
40 27 4174177
40 94 4174185
40 31 4174194
40 3 4174197
40 97 4174205
40 62 4174208
40 57 4174210
40 59 4174212
40 43 4174221
40 25 4174229
40 45 4174231
40 89 4174236
40 96 4174236
40 85 4174244
40 93 4174251
40 95 4174259
40 60 4174264
40 76 4174265
40 92 4174271
40 54 4174272
40 84 4174276
40 63 4174281
40 13 4174282
40 53 4174289
40 49 4174298
40 5 4174302
40 16 4174304
40 75 4174311
40 73 4174317
40 28 4174325
40 74 4174327
40 85 4174336
40 21 4174345
40 25 4174345
40 12 4174353
40 13 4174355
40 3 4174355
40 36 4174363
40 93 4174368
40 4 4174375
40 59 4174383
40 97 4174391
40 80 4174393
40 69 4174397
40 53 4174399
40 87 4174408
40 62 4174414
40 82 4174422
40 6 4174427
40 38 4174428
40 37 4174436
40 58 4174445
40 70 4174446
40 73 4174451
40 20 4174460
40 16 4174464
40 15 4174472
40 43 4174481
40 88 4174484
40 42 4174489
40 71 4174496
40 31 4174504
40 66 4174504
40 47 4174513
40 17 4174517
40 95 4174517
40 26 4174520
40 32 4174524
40 49 4174526
40 68 4174533
40 39 4174540
40 24 4174546
40 22 4174550
40 72 4174553
40 8 4174561
40 64 4174569
40 77 4174578
40 91 4174580
40 23 4174581
40 94 4174584
40 5 4174585
40 27 4174586
40 33 4174588
40 57 4174597
40 65 4174606
41 32 4174615
41 0 4174616
41 43 4174624
41 63 4174627
41 23 4174630
41 92 4174631
41 50 4174637
41 2 4174644
41 45 4174648
41 84 4174656
41 38 4174662
41 42 4174667
41 54 4174669
41 40 4174678
41 1 4174687
41 87 4174695
41 7 4174699
41 81 4174704
41 61 4174705
41 14 4174711
41 33 4174711
41 38 4174719
41 60 4174727
41 84 4174727
41 19 4174731
41 86 4174735
41 50 4174743
41 43 4174747
41 23 4174751
41 13 4174756
41 49 4174765
41 5 4174766
41 69 4174766
41 52 4174770
41 85 4174777
41 80 4174784
41 59 4174787
41 71 4174794
42 67 4174799
42 28 4174802
42 69 4174805
42 11 4174809
42 88 4174811
42 17 4174818
42 59 4174827
42 60 4174829
42 20 4174837
42 0 4174843
42 68 4174846
42 56 4174847
42 32 4174854
42 44 4174854
42 52 4174859
42 27 4174859
42 70 4174860
42 22 4174866
42 49 4174872
42 71 4174876
42 89 4174877
42 15 4174880
42 19 4174885
42 93 4174891
42 14 4174897
42 76 4174898
42 27 4174903
42 97 4174912
42 15 4174912
42 39 4174918
42 20 4174921
42 37 4174930
42 81 4174932
42 83 4174936
42 9 4174938
42 43 4174946
42 95 4174955
42 46 4174960
42 63 4174962
42 78 4174966
42 44 4174967
42 41 4174974
42 33 4174976
42 22 4174983
42 34 4174983
42 56 4174988
43 39 4174990
43 84 4174991
44 16 4175000
44 1 4175003
44 68 4175012
44 15 4175017
44 37 4175022
44 75 4175027
44 3 4175029
44 0 4175033
44 57 4175041
44 27 4175050
44 96 4175051
44 48 4175059
44 84 4175062
44 25 4175068
44 49 4175076
44 42 4175082
44 4 4175089
44 24 4175092
44 36 4175095
44 71 4175096
44 81 4175102
45 40 4175103
45 12 4175105
45 80 4175113
45 59 4175118
45 43 4175125
45 33 4175134
45 41 4175141
45 36 4175147
45 82 4175148
45 66 4175148
45 97 4175156
45 62 4175164
45 70 4175165
46 2 4175167
46 32 4175173
46 54 4175178
46 81 4175180
46 91 4175189
46 4 4175189
46 70 4175194
46 11 4175202
46 44 4175204
46 28 4175207
46 39 4175211
46 14 4175214
46 84 4175222
46 55 4175230
46 52 4175231
46 43 4175236
46 85 4175244
46 38 4175251
46 66 4175258
46 6 4175259
46 49 4175260
46 34 4175269
46 79 4175275
46 95 4175283
46 41 4175286
46 59 4175293
46 36 4175298
46 45 4175306
46 30 4175314
46 84 4175322
46 33 4175325
46 69 4175325
46 27 4175333
46 22 4175336
46 75 4175340
46 82 4175344
46 37 4175350
46 7 4175359
46 4 4175368
46 34 4175372
46 11 4175377
46 62 4175377
46 63 4175385
46 14 4175388
46 48 4175395
46 86 4175396
46 0 4175404
46 64 4175412
47 95 4175415
47 3 4175420
47 52 4175422
47 85 4175431
47 69 4175440
47 33 4175445
47 17 4175449
47 66 4175452
47 82 4175457
47 97 4175461
47 40 4175468
47 71 4175472
47 88 4175472
47 58 4175476
47 87 4175481
47 90 4175489
47 81 4175490
47 13 4175491
47 12 4175491
48 58 4175492
48 89 4175499
48 29 4175504
48 67 4175507
48 45 4175509
48 66 4175510
48 70 4175513
48 60 4175516
48 73 4175517
48 18 4175525
48 54 4175531
48 23 4175538
48 35 4175546
48 8 4175548
48 86 4175548
48 72 4175553
48 49 4175554
48 43 4175560
48 71 4175564
48 95 4175571
48 85 4175574
48 88 4175577
48 83 4175583
48 7 4175588
48 52 4175594
48 64 4175603
48 22 4175608
48 47 4175614
48 67 4175623
48 38 4175624
48 17 4175628
48 52 4175637
48 69 4175645
48 42 4175647
48 83 4175652
48 54 4175661
48 51 4175663
48 95 4175666
48 12 4175670
48 84 4175670
48 88 4175675
48 10 4175683
48 80 4175688
48 77 4175695
48 25 4175704
48 4 4175704
48 15 4175706
48 43 4175706
48 86 4175708
48 50 4175709
48 5 4175715
48 41 4175719
48 20 4175719
48 61 4175721
48 74 4175724
49 84 4175726
49 44 4175727
49 1 4175734
49 70 4175743
49 77 4175751
49 72 4175751
49 82 4175757
49 10 4175760
49 34 4175766
49 62 4175769
49 26 4175774
49 96 4175778
49 15 4175779
49 63 4175779
49 66 4175787
49 32 4175795
49 85 4175796
49 57 4175798
49 0 4175802
49 2 4175806
49 13 4175809
49 31 4175818
49 97 4175824
49 55 4175827
49 30 4175835
49 93 4175835
49 28 4175842
49 23 4175844
49 64 4175849
49 53 4175851
49 61 4175860
49 80 4175862
49 60 4175871
49 59 4175873
49 27 4175876
49 14 4175878
49 36 4175881
49 71 4175886
49 89 4175892
49 22 4175897
49 51 4175899
49 41 4175904
49 12 4175907
49 11 4175916
49 39 4175917
49 38 4175917
49 97 4175919
49 65 4175923
49 8 4175932
49 63 4175937
49 40 4175946
49 61 4175951
49 85 4175952
49 76 4175956
49 79 4175963
49 82 4175972
49 87 4175980
49 16 4175980
49 29 4175982
49 11 4175982
49 57 4175984
49 36 4175984
49 4 4175990
49 48 4175994
49 9 4176001
49 68 4176001
49 31 4176008
49 26 4176016
49 20 4176020
49 95 4176024
49 75 4176024
49 55 4176030
49 84 4176036
49 96 4176045
49 35 4176049
49 47 4176054
49 7 4176054
49 21 4176061
49 45 4176070
49 6 4176070
49 12 4176076
49 58 4176081
49 66 4176083
49 13 4176091
49 70 4176099
49 10 4176103
49 15 4176110
49 23 4176116
49 18 4176122
49 28 4176128
49 77 4176130
49 88 4176138
49 30 4176140
50 89 4176146
50 2 4176146
50 16 4176149
50 33 4176152
50 28 4176154
50 44 4176161
50 47 4176167
50 8 4176173
50 58 4176174
50 81 4176176
50 87 4176179
50 60 4176180
50 63 4176189
50 80 4176195
50 25 4176197
50 27 4176201
50 67 4176205
50 29 4176209
50 78 4176213
50 46 4176214
50 91 4176215
50 93 4176216
50 5 4176220
50 42 4176222
50 62 4176230
50 31 4176233
50 74 4176242
50 66 4176248
50 6 4176251
50 23 4176256
50 4 4176261
50 51 4176270
50 24 4176276
50 40 4176284
50 97 4176289
50 10 4176296
50 49 4176298
50 56 4176300
50 12 4176305
50 13 4176312
50 9 4176319
50 76 4176322
50 72 4176323
50 71 4176329
50 83 4176334
50 35 4176336
50 90 4176336
50 84 4176337
50 15 4176340
50 92 4176341
50 96 4176350
50 69 4176357
50 21 4176364
50 34 4176370
50 48 4176371
50 38 4176377
50 75 4176383
50 22 4176389
50 3 4176393
50 84 4176401
50 62 4176410
50 48 4176412
50 49 4176421
50 25 4176425
50 72 4176427
50 52 4176427
50 58 4176433
50 39 4176439
50 16 4176441
50 30 4176445
50 61 4176452
50 38 4176455
50 18 4176459
50 17 4176464
50 28 4176471
50 91 4176476
50 36 4176481
50 85 4176486
50 23 4176489
50 54 4176496
50 88 4176500
50 44 4176505
50 6 4176507
50 35 4176511
50 32 4176518
50 45 4176518
50 79 4176524
50 71 4176530
50 31 4176531
50 57 4176533
50 11 4176536
50 93 4176541
50 5 4176543
50 47 4176547
50 66 4176555
50 83 4176562
50 29 4176566
50 76 4176573
50 69 4176574
50 13 4176580
50 40 4176582
50 9 4176586
50 21 4176595
50 97 4176595
50 34 4176604
50 53 4176609
50 86 4176616
50 56 4176622
50 19 4176631
50 81 4176635
50 46 4176638
50 82 4176647
50 24 4176656
50 42 4176664
50 27 4176673
50 20 4176675
51 78 4176684
51 55 4176687
51 39 4176691
51 38 4176697
51 92 4176699
51 70 4176705
51 79 4176711
51 77 4176713
51 63 4176713
51 96 4176718
51 25 4176725
51 87 4176725
51 11 4176731
51 93 4176734
51 22 4176739
51 19 4176744
51 74 4176752
51 64 4176761
51 6 4176765
51 16 4176774
51 26 4176783
51 80 4176787
51 65 4176789
51 83 4176797
51 72 4176805
51 27 4176809
51 15 4176816
51 88 4176821
51 42 4176828
51 24 4176833
51 84 4176837
51 0 4176843
51 35 4176852
51 85 4176853
51 29 4176858
51 34 4176858
51 97 4176860
51 33 4176865
51 49 4176869
51 7 4176872
51 8 4176881
51 56 4176884
51 54 4176884
51 46 4176893
51 90 4176898
51 5 4176903
51 89 4176909
51 9 4176916
51 61 4176917
51 95 4176923
51 3 4176923
51 36 4176926
51 48 4176932
51 52 4176938
51 14 4176938
51 73 4176944
51 40 4176952
51 78 4176955
51 68 4176962
51 66 4176964
51 83 4176967
51 48 4176967
51 15 4176970
51 38 4176971
51 43 4176976
51 91 4176979
51 52 4176979
51 30 4176987
51 42 4176990
51 65 4176999
51 45 4177001
51 8 4177004
51 49 4177008
51 72 4177015
51 21 4177018
51 90 4177023
51 27 4177023
51 77 4177031
51 75 4177039
51 74 4177039
51 28 4177039
51 47 4177047
51 64 4177051
51 32 4177058
51 46 4177062
51 70 4177066
51 57 4177071
51 79 4177076
51 18 4177079
51 13 4177080
51 85 4177080
51 36 4177081
51 56 4177088
51 5 4177092
51 14 4177092
51 63 4177099
51 11 4177102
51 53 4177107
51 25 4177114
51 71 4177122
51 9 4177125
51 0 4177130
51 84 4177131
51 96 4177132
51 40 4177140
51 4 4177146
51 93 4177147
51 35 4177151
51 16 4177157
52 89 4177162
52 55 4177168
52 11 4177174
52 38 4177176
52 28 4177183
52 33 4177189
52 77 4177197
52 58 4177199
52 42 4177208
52 18 4177210
52 90 4177216
52 51 4177223
53 42 4177230
53 59 4177230
53 85 4177234
53 9 4177235
53 88 4177239
53 13 4177247
53 2 4177256
53 89 4177262
53 87 4177264
53 20 4177269
53 44 4177270
53 31 4177270
53 76 4177270
53 23 4177279
53 21 4177285
53 61 4177294
53 81 4177297
53 82 4177302
53 96 4177311
53 77 4177315
53 51 4177324
53 30 4177332
53 71 4177338
53 64 4177338
53 24 4177345
53 29 4177345
53 26 4177345
53 94 4177345
53 90 4177346
53 78 4177350
53 41 4177355
53 65 4177355
53 5 4177362
53 43 4177368
53 58 4177370
53 54 4177370
53 66 4177377
53 46 4177383
53 82 4177383
53 78 4177387
53 22 4177396
53 91 4177404
53 19 4177407
53 39 4177415
53 20 4177424
53 43 4177431
53 33 4177435
53 80 4177438
53 90 4177441
53 83 4177450
53 60 4177458
53 28 4177464
53 4 4177464
53 89 4177466
53 12 4177469
53 77 4177474
53 11 4177478
53 7 4177481
53 27 4177485
53 6 4177485
53 61 4177491
53 96 4177493
53 88 4177501
53 18 4177502
53 24 4177509
53 15 4177518
53 87 4177524
53 54 4177524
53 66 4177531
54 82 4177531
54 64 4177531
54 61 4177532
54 39 4177541
54 92 4177547
54 60 4177553
54 46 4177556
54 72 4177560
54 83 4177560
54 32 4177568
54 38 4177573
54 88 4177573
54 31 4177580
54 49 4177584
54 44 4177585
54 12 4177594
54 94 4177602
54 28 4177608
54 58 4177614
54 96 4177620
54 25 4177624
54 86 4177630
54 75 4177636
54 84 4177641
54 47 4177646
54 53 4177653
54 42 4177656
54 16 4177665
54 57 4177666
54 48 4177673
54 91 4177673
54 97 4177680
54 22 4177689
54 67 4177690
54 23 4177697
54 24 4177698
54 63 4177701
54 49 4177709
54 27 4177709
54 26 4177709
54 95 4177717
54 69 4177720
54 84 4177722
54 74 4177728
54 37 4177735
54 66 4177743
54 44 4177750
54 47 4177754
54 10 4177763
54 73 4177766
54 72 4177769
54 79 4177772
54 17 4177773
54 45 4177781
54 78 4177789
54 13 4177797
54 36 4177804
54 68 4177812
54 34 4177816
55 26 4177824
55 38 4177829
55 68 4177834
55 37 4177840
55 15 4177844
55 64 4177853
55 66 4177856
55 44 4177865
55 62 4177870
55 94 4177876
55 52 4177884
55 29 4177884
55 82 4177892
55 10 4177900
55 20 4177904
55 42 4177913
55 96 4177922
55 40 4177922
55 49 4177923
55 19 4177932
55 41 4177936
55 90 4177939
55 86 4177948
55 36 4177951
55 81 4177957
55 73 4177958
55 21 4177960
55 80 4177965
55 0 4177971
55 53 4177979
55 57 4177980
55 54 4177983
55 60 4177988
55 34 4177994
55 70 4178001
55 27 4178009
55 12 4178014
55 5 4178018
55 71 4178024
55 74 4178031
55 24 4178039
55 23 4178041
55 72 4178042
55 92 4178050
55 14 4178051
55 85 4178051
55 16 4178057
55 69 4178059
55 56 4178066
55 7 4178070
55 75 4178070
55 45 4178076
55 28 4178082
55 25 4178082
55 79 4178087
55 2 4178096
55 47 4178096
55 59 4178099
55 9 4178101
55 59 4178110
55 5 4178116
55 66 4178121
55 53 4178128
55 88 4178137
55 24 4178143
55 34 4178146
55 3 4178146
55 68 4178146
55 38 4178151
55 21 4178156
55 17 4178163
55 91 4178169
55 13 4178171
55 41 4178171
55 12 4178177
55 64 4178185
55 61 4178194
55 87 4178203
55 67 4178211
55 29 4178214
55 86 4178217
55 30 4178223
55 37 4178225
55 35 4178225
55 19 4178229
55 62 4178234
55 9 4178236
55 2 4178237
55 32 4178241
55 65 4178244
55 78 4178247
55 51 4178253
55 39 4178262
55 33 4178264
55 6 4178270
55 79 4178270
55 43 4178276
55 42 4178282
55 54 4178289
55 83 4178291
55 23 4178291
55 95 4178297
55 70 4178304
55 80 4178310
55 69 4178315
55 25 4178321
55 31 4178325
55 90 4178331
55 18 4178334
55 36 4178337
55 15 4178343
55 84 4178351
55 27 4178358
55 20 4178363
55 76 4178366
56 71 4178371
56 59 4178377
56 76 4178382
56 49 4178388
56 67 4178395
56 10 4178396
56 87 4178405
56 84 4178407
56 7 4178415
56 72 4178419
56 55 4178419
56 45 4178427
56 12 4178433
56 80 4178438
56 6 4178443
56 46 4178448
56 22 4178452
56 68 4178456
56 44 4178458
56 97 4178463
56 58 4178467
56 62 4178468
56 19 4178471
56 52 4178478
56 70 4178480
56 75 4178489
56 43 4178497
56 93 4178503
56 92 4178511
56 30 4178517
56 69 4178519
56 54 4178524
56 4 4178527
56 31 4178528
56 35 4178528
56 15 4178534
56 23 4178537
56 64 4178540
56 95 4178545
56 41 4178548
56 5 4178551
56 89 4178552
56 18 4178553
56 16 4178554
56 50 4178563
56 20 4178564
56 53 4178568
56 34 4178573
56 86 4178573
56 73 4178578
56 73 4178586
56 54 4178586
56 23 4178587
56 26 4178592
56 75 4178593
56 55 4178601
56 77 4178603
56 41 4178606
56 32 4178615
56 58 4178621
56 83 4178629
56 7 4178636
56 47 4178643
56 65 4178643
56 90 4178643
56 81 4178650
56 30 4178652
56 6 4178654
56 45 4178659
56 84 4178659
56 3 4178666
56 39 4178666
56 14 4178673
56 53 4178682
56 35 4178683
56 87 4178689
56 36 4178692
56 51 4178693
56 42 4178702
56 97 4178707
56 2 4178713
56 85 4178717
56 28 4178726
56 5 4178730
56 49 4178736
56 67 4178737
56 61 4178739
56 44 4178739
56 88 4178741
56 13 4178749
56 16 4178755
56 78 4178761
56 80 4178764
56 95 4178765
56 15 4178770
56 63 4178776
56 43 4178784
56 10 4178792
57 95 4178796
57 3 4178800
57 72 4178803
57 42 4178810
57 33 4178810
57 51 4178817
57 46 4178820
57 49 4178821
57 52 4178825
57 2 4178826
57 83 4178832
57 50 4178836
57 37 4178840
57 80 4178847
57 22 4178854
57 84 4178858
57 66 4178858
57 26 4178861
57 0 4178861
57 91 4178862
57 8 4178865
57 40 4178870
57 25 4178871
57 61 4178873
57 97 4178874
57 15 4178879
57 16 4178888
57 29 4178889
57 94 4178896
57 24 4178902
57 53 4178905
57 85 4178914
57 36 4178922
57 44 4178924
57 65 4178933
57 21 4178935
57 90 4178938
57 92 4178940
57 43 4178946
57 1 4178955
57 67 4178964
57 23 4178968
57 73 4178969
57 10 4178977
57 54 4178982
57 12 4178990
57 77 4178995
57 62 4178998
57 34 4179000
57 47 4179007
57 14 4179014
57 74 4179014
57 82 4179020
57 5 4179025
57 96 4179027
57 78 4179035
57 71 4179036
57 2 4179043
57 66 4179043
57 86 4179043
57 54 4179047
57 18 4179054
57 42 4179056
57 60 4179059
57 48 4179065
57 87 4179067
57 62 4179075
57 64 4179078
57 73 4179086
57 97 4179092
57 20 4179092
57 27 4179100
57 84 4179101
57 0 4179105
57 85 4179109
57 91 4179116
57 41 4179121
57 25 4179127
57 8 4179127
57 58 4179133
57 59 4179133
57 90 4179136
57 11 4179137
57 43 4179138
57 9 4179145
57 68 4179146
57 49 4179149
57 94 4179158
57 14 4179158
57 7 4179161
57 36 4179168
57 39 4179168
57 45 4179173
57 6 4179174
57 96 4179182
57 35 4179189
57 76 4179190
57 51 4179192
57 40 4179194
57 47 4179195
57 79 4179201
57 46 4179204
57 67 4179210
57 31 4179218
57 17 4179226
57 28 4179227
57 19 4179227
57 23 4179231
57 32 4179232
57 5 4179238
57 70 4179238
58 3 4179246
58 78 4179254
58 12 4179255
58 68 4179263
58 57 4179264
58 80 4179267
58 64 4179273
58 52 4179281
58 63 4179290
58 42 4179295
58 17 4179295
58 79 4179295
58 44 4179303
58 39 4179306
58 93 4179315
58 20 4179315
58 5 4179315
58 89 4179316
58 4 4179320
58 31 4179327
58 28 4179334
58 41 4179343
58 53 4179345
58 81 4179349
58 47 4179354
58 9 4179355
58 32 4179361
58 21 4179366
58 2 4179369
58 35 4179369
58 73 4179377
58 11 4179385
58 69 4179389
58 24 4179396
58 91 4179397
58 62 4179399
58 54 4179404
58 30 4179404
58 33 4179410
58 29 4179410
58 60 4179413
58 37 4179421
58 94 4179428
58 34 4179437
58 76 4179444
58 61 4179445
58 82 4179448
58 38 4179448
58 48 4179451
58 77 4179456
58 0 4179462
58 95 4179471
58 55 4179472
58 67 4179478
58 74 4179486
58 66 4179488
58 75 4179490
58 70 4179499
58 26 4179506
58 64 4179509
58 93 4179514
58 57 4179518
58 68 4179518
58 5 4179523
58 45 4179527
58 50 4179528
58 53 4179534
58 24 4179543
58 63 4179546
58 71 4179555
58 43 4179557
58 87 4179558
58 7 4179562
58 95 4179563
58 96 4179568
58 18 4179569
58 27 4179574
58 41 4179579
58 10 4179582
58 70 4179589
58 22 4179590
58 80 4179597
58 52 4179600
58 84 4179601
58 0 4179601
58 38 4179610
58 76 4179610
58 66 4179619
58 51 4179620
58 21 4179623
58 85 4179631
58 42 4179638
58 59 4179647
58 17 4179655
58 30 4179663
58 72 4179663
58 46 4179670
58 8 4179679
58 34 4179684
58 77 4179686
58 54 4179691
58 67 4179693
58 14 4179699
58 74 4179706
58 48 4179714
58 31 4179717
58 33 4179723
58 19 4179726
58 37 4179727
58 12 4179735
58 81 4179739
58 47 4179743
58 56 4179751
59 29 4179758
59 96 4179761
59 95 4179768
59 75 4179774
59 71 4179774
59 26 4179776
59 5 4179780
59 0 4179781
59 78 4179788
59 54 4179797
59 84 4179798
59 91 4179800
59 33 4179808
59 32 4179817
59 6 4179821
59 16 4179822
59 60 4179829
59 3 4179834
59 82 4179837
59 34 4179842
59 11 4179849
59 62 4179852
59 17 4179854
59 74 4179858
59 2 4179867
59 37 4179867
59 7 4179871
59 93 4179876
59 57 4179885
59 66 4179887
59 36 4179890
59 23 4179896
59 56 4179900
59 55 4179902
59 28 4179904
59 45 4179908
59 81 4179915
59 83 4179919
59 4 4179919
59 18 4179923
59 20 4179925
59 40 4179927
59 97 4179932
59 61 4179933
59 72 4179938
59 86 4179938
59 77 4179940
59 50 4179946
59 67 4179948
59 85 4179954
59 89 4179962
59 39 4179970
59 63 4179976
59 49 4179982
59 78 4179987
59 58 4179991
59 79 4179995
59 18 4179997
59 76 4179998
59 28 4179998
59 68 4179999
59 80 4180000
59 94 4180003
59 17 4180012
59 36 4180013
59 72 4180013
59 29 4180014
59 16 4180016
59 27 4180025
59 24 4180033
59 44 4180037
59 30 4180040
59 4 4180047
59 93 4180056
59 47 4180059
59 81 4180066
59 13 4180071
59 0 4180075
59 52 4180081
59 20 4180085
59 90 4180093
59 57 4180093
59 40 4180098
59 91 4180105
59 82 4180110
59 31 4180117
59 43 4180118
59 88 4180120
59 48 4180121
59 34 4180128
59 69 4180129
59 89 4180136
59 8 4180140
59 3 4180148
59 95 4180155
59 55 4180157
59 64 4180158
59 51 4180159
59 6 4180163
59 50 4180169
59 35 4180172
59 67 4180181
59 38 4180183
59 83 4180184
59 23 4180192
59 75 4180198
60 32 4180198
60 26 4180199
60 82 4180207
60 67 4180213
60 86 4180220
60 62 4180226
61 53 4180235
61 48 4180238
61 19 4180242
61 89 4180242
61 82 4180251
61 21 4180258
61 45 4180262
61 7 4180266
61 78 4180270
61 54 4180276
61 14 4180276
61 85 4180284
61 79 4180284
61 62 4180291
61 72 4180300
61 52 4180303
61 18 4180304
61 0 4180307
61 31 4180309
61 96 4180316
61 37 4180318
61 43 4180323
61 6 4180326
61 29 4180331
61 47 4180335
61 66 4180340
61 3 4180349
61 76 4180356
61 40 4180357
61 49 4180361
61 44 4180370
61 53 4180371
61 81 4180372
61 34 4180378
61 25 4180387
61 60 4180393
61 46 4180400
61 4 4180406
61 0 4180408
61 9 4180417
61 75 4180418
61 56 4180421
62 60 4180423
62 97 4180423
62 28 4180423
62 96 4180426
62 95 4180428
62 1 4180428
62 59 4180437
62 46 4180442
62 40 4180449
62 39 4180451
62 11 4180460
62 71 4180469
62 42 4180469
62 52 4180471
62 3 4180475
62 37 4180480
62 58 4180488
62 25 4180490
62 0 4180499
62 51 4180500
62 30 4180504
62 18 4180506
62 78 4180512
62 82 4180517
62 93 4180524
62 32 4180530
62 57 4180538
62 91 4180539
62 7 4180545
62 44 4180554
62 76 4180558
62 54 4180564
62 49 4180573
62 61 4180581
62 70 4180582
62 48 4180585
62 86 4180586
62 45 4180592
62 17 4180598
62 79 4180603
62 5 4180609
62 6 4180615
62 20 4180623
62 83 4180631
62 54 4180640
62 30 4180646
62 87 4180647
62 13 4180651
62 23 4180653
62 1 4180654
62 16 4180661
62 72 4180667
62 27 4180672
62 55 4180674
62 52 4180678
62 92 4180678
62 80 4180678
62 67 4180684
62 77 4180689
62 74 4180692
62 14 4180700
62 49 4180700
62 28 4180702
62 46 4180707
62 75 4180715
62 53 4180715
62 29 4180719
62 37 4180719
62 95 4180726
62 73 4180728
62 50 4180730
62 40 4180739
62 33 4180746
62 25 4180748
62 64 4180757
62 7 4180763
62 26 4180765
62 11 4180768
62 79 4180768
62 85 4180774
62 66 4180778
62 96 4180782
63 28 4180782
63 45 4180787
63 39 4180789
63 76 4180791
63 86 4180791
63 21 4180792
64 7 4180792
64 59 4180799
64 88 4180799
64 13 4180803
64 51 4180811
64 71 4180811
64 70 4180814
64 72 4180822
64 6 4180831
64 84 4180837
64 25 4180839
64 61 4180840
64 62 4180841
64 48 4180850
64 4 4180859
64 39 4180867
64 32 4180869
64 97 4180873
64 93 4180879
64 12 4180885
64 66 4180886
64 22 4180886
64 34 4180887
64 41 4180889
64 91 4180890
64 55 4180899
64 81 4180902
64 95 4180906
64 75 4180914
64 74 4180920
64 8 4180920
64 90 4180920
64 5 4180923
64 38 4180923
64 73 4180926
64 68 4180935
64 89 4180942
64 52 4180950
64 29 4180958
64 60 4180962
64 23 4180966
64 43 4180975
64 11 4180977
64 24 4180981
64 56 4180988
64 94 4180993
64 82 4180998
64 42 4180998
64 35 4181004
64 80 4181013
64 96 4181018
64 86 4181021
64 87 4181026
64 95 4181035
64 59 4181038
64 68 4181046
64 77 4181049
64 7 4181053
64 73 4181060
64 14 4181066
64 65 4181072
64 71 4181072
64 54 4181080
64 30 4181080
64 70 4181086
64 84 4181093
64 20 4181098
64 34 4181107
64 48 4181107
64 97 4181116
64 89 4181117
64 26 4181124
64 86 4181129
64 78 4181138
64 45 4181147
64 21 4181148
64 69 4181152
64 63 4181154
64 24 4181163
64 8 4181170
64 41 4181173
64 1 4181181
64 9 4181185
64 55 4181190
64 47 4181190
64 52 4181194
64 35 4181197
64 44 4181200
64 61 4181206
64 37 4181208
64 28 4181210
64 23 4181218
64 62 4181220
64 79 4181225
64 43 4181229
64 76 4181233
64 60 4181240
64 56 4181249
64 12 4181255
64 50 4181264
64 27 4181272
64 51 4181277
64 57 4181278
65 92 4181287
65 56 4181289
65 25 4181289
65 4 4181289
65 46 4181297
65 62 4181303
65 67 4181310
65 74 4181313
65 9 4181321
65 64 4181325
65 95 4181332
65 83 4181332
65 71 4181334
65 4 4181334
65 10 4181336
65 45 4181345
65 61 4181351
65 3 4181352
65 39 4181354
65 37 4181363
65 85 4181366
65 33 4181366
65 32 4181367
66 1 4181370
66 15 4181372
67 54 4181376
67 15 4181376
67 82 4181379
67 19 4181386
67 80 4181386
67 4 4181390
67 77 4181391
67 35 4181398
67 70 4181406
67 83 4181409
67 40 4181410
67 87 4181417
67 5 4181421
67 2 4181426
67 60 4181431
67 16 4181440
67 30 4181441
67 65 4181443
67 20 4181448
67 0 4181457
67 90 4181464
67 32 4181470
67 36 4181472
67 92 4181473
67 33 4181482
67 44 4181490
67 71 4181490
67 9 4181491
67 66 4181499
67 73 4181500
67 86 4181501
67 37 4181510
67 1 4181519
67 55 4181528
67 3 4181534
67 43 4181538
67 12 4181543
67 94 4181552
67 76 4181560
67 51 4181560
67 78 4181560
67 41 4181569
67 75 4181576
67 97 4181578
67 62 4181583
67 52 4181587
67 74 4181588
67 68 4181590
67 50 4181596
67 49 4181605
67 6 4181613
67 79 4181617
67 81 4181620
67 7 4181629
67 11 4181634
67 88 4181640
67 42 4181643
67 93 4181643
67 22 4181652
67 39 4181652
67 2 4181660
67 47 4181666
67 77 4181667
67 22 4181669
67 90 4181676
67 11 4181680
67 38 4181683
67 25 4181687
67 41 4181693
67 71 4181697
67 86 4181699
67 19 4181701
67 4 4181701
67 44 4181704
67 34 4181712
67 85 4181718
67 15 4181723
67 32 4181727
67 0 4181735
67 88 4181740
67 17 4181740
67 55 4181745
67 72 4181753
67 76 4181762
67 13 4181767
67 89 4181772
67 7 4181773
67 43 4181780
67 30 4181785
67 57 4181790
67 31 4181799
67 42 4181805
67 59 4181813
67 35 4181819
67 5 4181823
67 70 4181831
67 29 4181832
67 36 4181834
67 33 4181839
67 73 4181846
67 66 4181854
67 75 4181863
67 83 4181863
67 63 4181872
67 84 4181872
67 87 4181873
67 48 4181880
67 1 4181888
67 21 4181892
67 52 4181899
67 18 4181905
67 12 4181911
67 28 4181916
67 45 4181922
67 93 4181925
68 66 4181925
68 30 4181928
68 57 4181935
68 87 4181939
68 29 4181948
68 73 4181955
68 54 4181958
68 52 4181964
68 97 4181965
68 63 4181970
68 43 4181974
68 32 4181983
68 8 4181990
68 62 4181994
68 77 4181999
68 94 4182002
68 70 4182011
68 44 4182014
68 22 4182021
68 17 4182030
68 41 4182032
68 48 4182039
68 56 4182042
68 61 4182048
68 24 4182050
68 53 4182052
68 72 4182058
68 4 4182059
68 35 4182064
68 90 4182067
68 0 4182075
68 58 4182083
68 76 4182092
68 67 4182094
68 20 4182102
68 60 4182102
68 59 4182110
68 1 4182110
68 21 4182113
68 11 4182114
68 93 4182116
68 82 4182120
68 78 4182124
68 47 4182131
68 37 4182138
68 93 4182145
68 58 4182148
68 31 4182150
68 86 4182154
68 35 4182163
68 23 4182165
68 84 4182166
68 92 4182169
68 6 4182175
68 15 4182175
68 18 4182180
68 97 4182182
68 2 4182191
68 28 4182199
68 14 4182203
68 74 4182206
68 70 4182212
68 34 4182214
68 25 4182223
68 61 4182224
68 60 4182230
68 43 4182239
68 9 4182239
68 81 4182248
68 65 4182254
68 80 4182263
68 5 4182270
68 16 4182274
68 21 4182283
68 4 4182286
68 11 4182287
68 88 4182296
68 39 4182300
68 26 4182303
68 36 4182304
68 54 4182310
68 72 4182319
68 83 4182327
68 73 4182335
68 17 4182344
68 49 4182346
68 27 4182351
68 62 4182354
68 82 4182361
68 0 4182362
69 15 4182365
69 43 4182371
69 5 4182378
69 64 4182379
69 4 4182381
69 16 4182386
69 33 4182391
69 76 4182393
69 72 4182394
69 97 4182398
69 14 4182405
69 22 4182410
69 66 4182410
69 73 4182417
69 75 4182421
69 64 4182429
69 80 4182432
69 40 4182436
69 44 4182442
69 38 4182451
69 51 4182457
69 5 4182465
69 20 4182470
70 36 4182470
70 18 4182474
70 20 4182478
70 79 4182484
70 5 4182492
70 57 4182496
70 0 4182501
70 56 4182505
70 4 4182505
70 38 4182510
70 97 4182518
70 65 4182522
70 21 4182530
70 72 4182530
70 15 4182530
70 34 4182534
70 28 4182536
70 25 4182540
70 6 4182542
70 76 4182547
70 66 4182556
70 52 4182558
70 12 4182563
70 10 4182570
70 32 4182576
70 61 4182584
70 96 4182584
70 90 4182588
70 36 4182588
70 26 4182596
70 6 4182605
70 13 4182605
70 35 4182607
70 22 4182610
70 15 4182610
70 46 4182611
70 24 4182613
70 3 4182613
70 75 4182616
70 92 4182618
70 5 4182618
70 42 4182625
70 25 4182625
70 14 4182626
70 66 4182629
70 10 4182635
70 17 4182640
71 69 4182649
71 83 4182654
71 26 4182661
71 89 4182667
71 67 4182668
71 93 4182670
71 80 4182673
71 64 4182676
71 75 4182681
71 72 4182687
71 42 4182687
71 38 4182696
71 20 4182696
71 84 4182698
71 79 4182701
71 25 4182705
71 56 4182714
71 9 4182715
71 23 4182718
71 81 4182720
71 14 4182727
71 78 4182734
71 61 4182741
71 15 4182742
71 0 4182747
71 28 4182747
71 59 4182754
71 45 4182763
71 66 4182765
71 92 4182771
71 34 4182777
71 43 4182779
71 82 4182783
71 77 4182788
71 17 4182794
71 52 4182798
71 23 4182805
71 9 4182812
71 22 4182815
71 21 4182821
71 86 4182824
71 83 4182825
71 67 4182825
71 44 4182829
71 40 4182833
71 73 4182835
71 46 4182838
71 19 4182846
71 20 4182850
71 97 4182856
71 6 4182865
71 72 4182870
71 70 4182879
71 8 4182880
71 84 4182889
71 85 4182895
71 58 4182899
71 24 4182903
71 64 4182911
71 60 4182919
71 69 4182924
72 95 4182930
72 68 4182934
72 70 4182938
72 29 4182942
72 60 4182945
72 27 4182951
72 50 4182959
72 54 4182966
72 67 4182975
72 14 4182978
72 8 4182978
72 86 4182984
72 59 4182984
72 10 4182993
72 79 4182997
72 71 4182999
73 41 4183007
73 14 4183012
73 13 4183013
73 33 4183022
73 96 4183026
73 75 4183030
73 17 4183039
73 66 4183048
73 53 4183052
73 25 4183059
73 24 4183061
73 61 4183062
73 97 4183069
73 69 4183074
73 93 4183078
73 70 4183083
73 39 4183084
73 34 4183091
73 10 4183096
73 86 4183097
73 3 4183102
73 90 4183110
73 1 4183117
73 23 4183117
73 84 4183120
73 12 4183121
73 78 4183128
73 27 4183131
73 59 4183136
73 92 4183138
73 38 4183145
73 29 4183154
73 18 4183160
73 47 4183165
73 76 4183169
73 26 4183170
73 54 4183178
73 59 4183185
73 75 4183194
73 95 4183198
73 14 4183201
73 57 4183205
73 56 4183209
73 77 4183214
73 39 4183221
73 72 4183221
73 3 4183230
73 74 4183230
73 42 4183238
73 54 4183242
73 66 4183245
73 6 4183250
73 87 4183252
73 69 4183255
73 70 4183260
73 50 4183264
73 33 4183273
73 26 4183273
73 80 4183275
73 40 4183281
73 2 4183289
73 58 4183292
73 83 4183292
73 25 4183294
73 89 4183299
73 15 4183302
73 68 4183310
73 23 4183311
73 81 4183312
73 1 4183312
73 35 4183314
73 97 4183322
73 79 4183322
73 53 4183326
73 32 4183331
74 83 4183337
74 96 4183337
74 71 4183343
74 15 4183348
74 22 4183355
74 59 4183363
74 68 4183368
74 2 4183376
74 32 4183378
74 55 4183378
74 45 4183381
74 35 4183381
74 49 4183385
74 72 4183392
74 52 4183400
74 0 4183402
74 46 4183410
74 76 4183413
74 48 4183418
74 94 4183423
74 58 4183430
74 40 4183438
74 85 4183444
74 42 4183451
74 53 4183455
74 67 4183464
74 10 4183471
74 95 4183479
74 51 4183480
74 79 4183481
74 5 4183485
74 81 4183486
74 65 4183493
74 89 4183493
74 29 4183496
74 47 4183498
74 19 4183507
74 34 4183516
74 38 4183523
74 23 4183532
74 97 4183533
74 54 4183538
74 61 4183538
74 18 4183540
74 85 4183543
74 48 4183549
74 39 4183557
74 28 4183564
74 77 4183566
74 52 4183567
74 87 4183569
74 51 4183578
74 68 4183580
74 70 4183585
74 42 4183585
74 33 4183594
74 9 4183595
74 53 4183601
74 66 4183608
74 89 4183612
74 96 4183613
74 17 4183614
74 91 4183622
74 73 4183628
74 58 4183636
74 79 4183640
74 49 4183646
74 22 4183647
74 82 4183652
74 31 4183659
74 40 4183659
74 71 4183663
74 93 4183664
74 14 4183665
74 62 4183666
74 44 4183669
74 2 4183673
74 92 4183680
75 74 4183683
75 23 4183689
75 86 4183697
75 27 4183706
75 82 4183712
75 24 4183716
75 54 4183723
75 50 4183731
75 88 4183738
75 70 4183744
75 73 4183746
75 13 4183751
75 45 4183755
75 16 4183760
75 64 4183769
75 49 4183775
75 36 4183777
75 39 4183785
75 32 4183787
75 68 4183795
75 26 4183801
75 93 4183803
75 15 4183806
75 97 4183807
75 2 4183810
75 63 4183811
75 77 4183818
75 60 4183823
75 37 4183824
75 42 4183832
75 51 4183833
75 48 4183838
75 91 4183839
75 1 4183846
75 72 4183847
75 61 4183853
75 71 4183855
75 22 4183856
75 41 4183859
75 43 4183868
75 5 4183871
75 55 4183879
75 6 4183882
75 81 4183882
75 11 4183891
75 80 4183899
75 8 4183902
75 90 4183904
75 78 4183913
75 52 4183920
75 95 4183923
75 35 4183927
75 12 4183929
75 67 4183930
75 8 4183933
75 94 4183933
75 12 4183940
75 43 4183947
75 21 4183952
75 3 4183961
75 85 4183964
75 41 4183970
75 9 4183970
75 18 4183977
75 7 4183984
75 77 4183992
75 20 4183995
75 48 4183995
75 69 4183998
75 26 4183998
75 54 4184002
75 93 4184003
75 44 4184003
75 80 4184009
75 68 4184010
75 63 4184016
75 38 4184023
75 23 4184031
75 92 4184033
75 32 4184038
75 73 4184043
75 70 4184043
75 2 4184049
75 13 4184050
75 16 4184050
75 33 4184053
75 72 4184058
75 91 4184061
75 10 4184066
75 57 4184066
75 28 4184075
75 6 4184080
75 97 4184088
75 14 4184097
75 37 4184100
75 61 4184106
75 79 4184107
75 58 4184109
75 39 4184114
75 46 4184121
75 66 4184122
75 36 4184124
75 89 4184126
76 49 4184127
76 44 4184132
76 61 4184140
76 56 4184148
76 70 4184156
77 51 4184157
77 20 4184164
77 70 4184169
77 18 4184173
77 62 4184174
77 94 4184175
77 88 4184183
77 53 4184187
77 86 4184194
77 30 4184200
77 50 4184202
77 36 4184211
77 97 4184211
77 81 4184216
77 13 4184217
77 69 4184224
77 21 4184230
77 61 4184237
77 64 4184244
77 55 4184248
77 85 4184248
77 8 4184251
77 32 4184259
77 89 4184266
77 82 4184267
77 83 4184267
77 73 4184269
77 19 4184273
77 91 4184277
77 84 4184282
77 12 4184284
77 96 4184293
77 58 4184300
77 26 4184301
77 6 4184308
77 43 4184309
77 60 4184316
77 92 4184323
77 95 4184332
77 87 4184336
77 10 4184343
77 22 4184350
77 31 4184355
77 72 4184357
77 40 4184363
77 0 4184368
77 24 4184371
77 24 4184377
77 23 4184386
77 6 4184389
77 36 4184390
77 0 4184394
77 91 4184398
77 46 4184405
77 88 4184408
77 44 4184408
77 27 4184408
77 38 4184409
77 14 4184410
77 87 4184417
77 16 4184424
77 94 4184426
77 30 4184429
77 78 4184431
77 52 4184432
77 45 4184436
77 82 4184441
77 50 4184442
77 51 4184451
77 60 4184454
77 3 4184456
77 95 4184459
77 84 4184463
77 1 4184468
77 63 4184468
77 29 4184477
77 34 4184478
77 61 4184480
77 85 4184481
77 65 4184484
77 32 4184493
77 57 4184500
77 5 4184504
77 86 4184504
77 67 4184508
77 80 4184510
78 16 4184514
78 18 4184514
78 4 4184521
78 89 4184529
78 84 4184530
78 22 4184534
78 92 4184541
78 47 4184541
78 49 4184545
78 33 4184554
78 36 4184562
78 80 4184571
78 10 4184579
78 91 4184580
78 60 4184580
78 19 4184588
78 42 4184589
78 85 4184596
78 45 4184603
78 87 4184611
78 35 4184612
78 93 4184619
78 11 4184620
78 21 4184622
78 5 4184630
78 9 4184631
78 8 4184636
78 56 4184641
78 25 4184650
78 30 4184657
78 24 4184657
78 51 4184662
78 86 4184670
78 75 4184676
78 16 4184677
78 91 4184686
78 6 4184687
78 64 4184687
78 31 4184687
78 39 4184687
78 60 4184687
78 58 4184689
78 36 4184697
78 52 4184703
78 26 4184709
78 41 4184713
78 93 4184719
78 56 4184724
78 88 4184731
78 95 4184740
78 3 4184746
78 54 4184753
78 4 4184754
78 66 4184760
78 70 4184762
78 25 4184769
79 77 4184777
79 55 4184780
79 87 4184787
79 10 4184788
79 72 4184789
79 30 4184796
79 46 4184797
79 60 4184806
79 84 4184808
79 89 4184813
79 62 4184821
79 27 4184828
79 33 4184836
79 36 4184838
79 69 4184840
79 12 4184845
79 43 4184850
79 5 4184852
79 65 4184854
79 19 4184862
79 40 4184868
79 90 4184871
79 42 4184877
79 13 4184886
79 14 4184887
79 8 4184888
79 96 4184889
79 32 4184891
79 6 4184899
79 97 4184905
79 88 4184909
79 82 4184912
79 25 4184914
79 1 4184923
79 44 4184928
79 9 4184929
79 68 4184937
79 72 4184940
79 95 4184942
79 17 4184945
79 62 4184948
79 43 4184948
79 52 4184954
79 66 4184956
79 57 4184965
79 21 4184973
79 29 4184981
79 94 4184981
79 76 4184984
79 88 4184984
79 97 4184985
79 85 4184988
79 9 4184993
79 78 4185001
79 31 4185004
79 2 4185007
79 75 4185014
79 16 4185015
79 0 4185017
79 81 4185024
79 89 4185026
79 51 4185033
79 3 4185042
79 59 4185045
79 68 4185051
79 69 4185056
79 38 4185065
79 53 4185066
79 73 4185071
79 56 4185073
79 67 4185079
79 30 4185085
79 87 4185090
80 90 4185098
80 1 4185106
80 0 4185112
80 19 4185115
80 18 4185118
80 29 4185121
80 38 4185122
80 64 4185128
80 91 4185129
80 57 4185137
80 45 4185144
80 79 4185150
80 41 4185155
80 14 4185162
80 54 4185169
80 59 4185178
80 17 4185187
80 95 4185190
80 92 4185197
80 52 4185205
80 58 4185209
80 30 4185213
80 87 4185216
80 39 4185220
80 9 4185221
80 23 4185229
80 69 4185233
80 22 4185233
80 67 4185238
80 70 4185244
80 43 4185247
80 61 4185250
80 3 4185251
80 97 4185253
80 56 4185254
80 85 4185261
80 72 4185263
80 46 4185265
80 48 4185269
80 63 4185272
80 60 4185276
80 44 4185284
80 13 4185287
80 42 4185292
80 78 4185297
80 86 4185306
80 84 4185308
80 76 4185309
80 83 4185318
80 31 4185321
80 45 4185330
80 30 4185338
80 35 4185340
80 79 4185340
80 54 4185340
80 19 4185341
80 46 4185341
80 25 4185348
80 42 4185356
80 3 4185356
80 96 4185356
80 40 4185357
80 55 4185358
80 2 4185367
80 12 4185370
80 56 4185371
80 65 4185372
80 66 4185372
80 28 4185376
80 76 4185384
80 67 4185387
80 92 4185387
80 27 4185389
80 8 4185390
80 4 4185392
80 85 4185395
80 77 4185395
80 73 4185399
80 24 4185399
80 87 4185403
80 81 4185411
80 83 4185418
80 58 4185418
80 26 4185425
80 53 4185426
80 93 4185426
80 37 4185431
80 10 4185432
80 39 4185439
80 78 4185444
80 70 4185450
80 38 4185454
80 90 4185462
80 6 4185462
80 59 4185462
80 86 4185468
81 3 4185468
81 68 4185475
81 82 4185477
81 28 4185480
81 73 4185487
81 71 4185489
81 96 4185497
81 19 4185497
81 12 4185504
81 63 4185509
81 27 4185510
81 31 4185511
81 17 4185520
81 59 4185525
81 13 4185528
81 10 4185533
81 94 4185533
81 42 4185537
81 85 4185544
81 91 4185553
81 50 4185556
81 25 4185560
81 46 4185565
81 20 4185574
81 4 4185581
81 60 4185588
81 5 4185595
81 37 4185599
81 47 4185607
81 39 4185608
81 35 4185611
81 89 4185612
81 92 4185615
81 9 4185622
81 69 4185630
81 41 4185630
81 62 4185631
81 33 4185634
81 74 4185634
81 16 4185639
81 90 4185645
81 40 4185649
81 97 4185649
81 8 4185658
81 65 4185659
81 64 4185664
81 61 4185669
81 45 4185674
81 32 4185675
81 51 4185676
81 70 4185683
81 44 4185690
81 34 4185699
81 0 4185706
81 20 4185707
81 69 4185712
81 91 4185718
81 3 4185720
81 51 4185726
81 80 4185732
81 2 4185740
81 45 4185749
81 90 4185757
81 36 4185762
81 7 4185762
81 64 4185765
81 6 4185766
81 53 4185773
81 61 4185779
81 46 4185780
81 97 4185786
81 26 4185792
81 4 4185793
81 56 4185796
81 70 4185796
81 58 4185800
81 32 4185804
81 54 4185809
81 87 4185815
81 23 4185818
81 25 4185825
81 50 4185831
81 10 4185833
81 65 4185836
81 60 4185842
81 13 4185843
81 17 4185847
81 48 4185856
81 79 4185859
81 39 4185868
81 21 4185877
81 89 4185877
81 93 4185880
81 74 4185880
81 95 4185883
81 41 4185892
81 68 4185894
81 67 4185900
81 52 4185909
81 29 4185909
81 22 4185910
81 1 4185914
81 77 4185918
81 84 4185920
81 12 4185925
82 75 4185927
82 51 4185928
83 75 4185928
83 65 4185936
83 27 4185940
83 72 4185948
83 38 4185948
83 8 4185951
83 49 4185956
83 5 4185960
83 60 4185969
83 69 4185973
83 71 4185977
83 76 4185981
83 33 4185984
83 23 4185989
83 54 4185994
83 18 4186000
83 46 4186000
83 30 4186001
83 22 4186005
83 74 4186010
83 14 4186017
83 48 4186026
83 93 4186034
83 79 4186034
83 9 4186034
83 97 4186041
83 86 4186043
83 56 4186050
83 6 4186051
83 3 4186060
83 40 4186063
83 39 4186067
83 15 4186068
83 1 4186072
83 17 4186074
83 36 4186077
83 82 4186081
83 37 4186084
83 25 4186089
83 81 4186094
83 78 4186094
83 16 4186096
83 55 4186102
83 33 4186107
83 65 4186113
83 81 4186113
83 56 4186113
83 74 4186118
83 14 4186124
83 57 4186130
83 40 4186134
83 80 4186137
83 76 4186146
83 48 4186155
83 43 4186159
83 13 4186163
83 41 4186172
83 90 4186178
83 53 4186185
83 79 4186191
83 15 4186192
83 58 4186197
83 7 4186198
83 3 4186205
83 93 4186209
83 89 4186210
83 62 4186214
83 45 4186221
83 60 4186225
83 17 4186229
83 49 4186237
83 87 4186246
83 5 4186248
83 32 4186254
83 84 4186257
83 31 4186258
83 52 4186259
83 70 4186262
83 75 4186270
83 22 4186279
83 44 4186285
83 85 4186294
83 91 4186296
83 30 4186301
83 16 4186308
83 26 4186316
83 36 4186323
83 38 4186325
83 8 4186331
84 43 4186337
84 37 4186343
84 59 4186344
84 0 4186345
84 74 4186348
84 49 4186354
84 86 4186360
84 1 4186368
84 61 4186369
84 39 4186369
84 48 4186372
84 78 4186378
84 21 4186385
84 92 4186385
84 63 4186387
84 38 4186388
84 62 4186397
84 79 4186398
84 2 4186403
84 60 4186403
84 36 4186404
84 42 4186408
84 3 4186411
84 45 4186417
84 57 4186422
84 27 4186425
84 5 4186433
84 48 4186442
84 18 4186442
84 78 4186450
84 33 4186454
84 44 4186456
84 76 4186464
84 38 4186465
84 96 4186469
84 65 4186475
84 9 4186476
84 53 4186478
84 77 4186482
84 59 4186490
84 15 4186490
84 63 4186492
84 39 4186501
84 54 4186507
84 22 4186507
85 36 4186515
85 54 4186523
85 25 4186530
85 94 4186537
85 57 4186541
85 79 4186545
85 64 4186549
85 77 4186554
85 12 4186562
85 60 4186571
85 59 4186574
85 46 4186577
85 22 4186579
85 45 4186587
85 58 4186596
85 38 4186601
85 40 4186604
85 49 4186613
85 84 4186614
85 52 4186615
85 29 4186616
85 89 4186621
85 65 4186629
85 44 4186629
85 20 4186638
85 26 4186638
85 71 4186638
85 95 4186642
85 76 4186644
85 73 4186653
85 33 4186653
85 7 4186659
85 11 4186668
85 31 4186673
85 92 4186680
85 68 4186687
85 81 4186694
85 70 4186702
85 68 4186704
85 19 4186706
85 9 4186714
85 5 4186717
85 25 4186723
85 0 4186732
85 38 4186739
85 50 4186745
85 27 4186753
85 71 4186753
85 64 4186757
85 41 4186760
85 55 4186762
85 67 4186767
85 28 4186769
85 51 4186773
85 30 4186781
85 4 4186788
85 66 4186788
85 23 4186792
85 7 4186800
85 88 4186804
85 17 4186806
85 75 4186806
85 35 4186813
85 96 4186814
85 36 4186818
85 32 4186818
85 54 4186824
85 72 4186832
85 1 4186833
85 37 4186834
85 63 4186834
85 26 4186834
85 89 4186834
85 92 4186835
85 91 4186839
85 61 4186841
85 86 4186847
85 11 4186849
85 58 4186858
85 2 4186864
86 75 4186870
86 53 4186870
86 5 4186874
86 73 4186877
86 77 4186878
86 12 4186881
86 96 4186881
86 34 4186888
86 42 4186897
86 69 4186904
86 55 4186913
86 85 4186913
86 27 4186920
86 97 4186921
86 47 4186929
86 49 4186933
86 26 4186939
86 88 4186948
86 36 4186957
86 8 4186962
86 74 4186970
86 29 4186971
86 30 4186973
86 35 4186980
86 94 4186981
86 48 4186986
86 37 4186991
86 28 4186994
86 31 4186997
86 33 4187001
86 56 4187001
86 32 4187005
86 0 4187010
86 41 4187010
86 58 4187011
86 93 4187014
86 66 4187019
86 22 4187026
86 50 4187026
86 14 4187029
86 15 4187030
86 4 4187030
86 62 4187036
86 9 4187042
86 23 4187051
86 91 4187057
86 40 4187062
86 71 4187066
86 3 4187074
86 83 4187077
86 7 4187079
86 20 4187080
86 60 4187083
86 81 4187091
86 2 4187097
86 52 4187098
86 61 4187102
86 21 4187104
86 68 4187104
86 17 4187113
86 59 4187119
86 44 4187120
86 13 4187123
86 80 4187127
86 89 4187129
86 84 4187137
86 48 4187145
86 67 4187148
86 15 4187148
86 51 4187150
86 14 4187157
86 64 4187160
86 8 4187167
86 61 4187174
86 25 4187174
86 60 4187182
86 12 4187190
86 71 4187199
86 13 4187208
86 54 4187213
86 79 4187215
86 90 4187224
86 97 4187226
86 50 4187234
86 32 4187241
86 28 4187246
86 20 4187252
86 36 4187259
86 80 4187267
86 35 4187273
86 75 4187281
86 73 4187290
86 21 4187298
86 1 4187300
86 85 4187307
86 33 4187314
86 49 4187320
86 81 4187325
86 52 4187332
86 4 4187333
86 11 4187338
86 45 4187339
86 27 4187343
86 42 4187345
86 44 4187354
86 5 4187355
86 34 4187359
86 56 4187366
86 82 4187369
86 10 4187374
86 2 4187380
86 39 4187383
86 29 4187391
86 74 4187393
86 95 4187398
86 96 4187404
86 57 4187409
86 24 4187416
86 91 4187424
86 68 4187426
86 63 4187431
86 92 4187438
86 22 4187439
86 89 4187442
86 59 4187445
86 94 4187445
86 7 4187451
87 14 4187454
87 69 4187461
87 96 4187469
87 49 4187471
87 70 4187472
87 68 4187478
87 24 4187484
87 77 4187493
87 48 4187495
87 58 4187497
87 71 4187503
87 59 4187511
87 22 4187515
87 95 4187519
87 43 4187524
87 90 4187528
87 83 4187534
87 65 4187543
87 75 4187549
87 53 4187558
87 76 4187567
87 29 4187568
87 39 4187569
87 97 4187572
87 5 4187579
87 21 4187587
87 91 4187588
87 79 4187594
87 4 4187599
87 72 4187608
87 78 4187608
87 92 4187615
87 19 4187616
87 16 4187619
87 66 4187624
87 51 4187631
87 74 4187633
87 44 4187634
87 54 4187642
87 52 4187650
87 80 4187656
87 40 4187657
87 13 4187666
87 61 4187672
87 41 4187680
87 46 4187686
87 64 4187689
87 96 4187689
87 44 4187696
87 26 4187705
87 67 4187707
87 10 4187710
87 84 4187710
87 11 4187716
87 42 4187718
87 65 4187720
87 69 4187720
87 73 4187729
87 48 4187731
87 16 4187733
87 2 4187735
87 4 4187738
87 30 4187740
87 63 4187744
87 1 4187753
87 19 4187761
87 72 4187766
87 90 4187772
87 85 4187773
87 31 4187777
87 35 4187781
87 71 4187790
87 22 4187794
87 91 4187803
87 46 4187804
87 77 4187813
87 3 4187818
87 33 4187825
87 80 4187826
87 7 4187826
87 92 4187835
87 25 4187841
87 57 4187843
87 12 4187852
87 38 4187859
87 79 4187865
87 81 4187865
87 89 4187873
87 68 4187882
87 5 4187890
87 93 4187897
87 83 4187899
87 50 4187904
87 6 4187908
87 24 4187917
87 32 4187925
87 86 4187929
87 56 4187929
88 94 4187931
88 53 4187932
88 12 4187934
88 63 4187942
88 69 4187943
88 30 4187948
88 23 4187953
88 8 4187962
88 80 4187962
88 71 4187968
88 78 4187976
88 61 4187979
88 0 4187986
88 21 4187993
88 52 4187999
88 9 4188001
88 13 4188009
88 4 4188014
88 73 4188014
88 29 4188023
88 15 4188025
88 45 4188032
88 59 4188032
88 86 4188040
88 55 4188044
88 44 4188052
88 51 4188057
88 2 4188061
88 3 4188067
88 39 4188076
88 17 4188080
88 42 4188083
88 19 4188090
88 54 4188090
88 52 4188091
88 64 4188095
88 26 4188096
88 38 4188105
88 23 4188109
88 58 4188111
88 20 4188116
88 27 4188124
88 41 4188127
88 73 4188130
88 22 4188131
88 86 4188138
88 15 4188146
88 65 4188154
88 67 4188163
88 68 4188163
88 40 4188167
88 76 4188167
88 69 4188171
88 25 4188175
88 90 4188179
88 13 4188188
88 95 4188197
88 44 4188201
88 79 4188209
88 29 4188210
88 8 4188212
88 9 4188221
88 34 4188228
88 6 4188228
88 55 4188229
88 48 4188234
89 59 4188235
89 68 4188244
89 91 4188252
89 20 4188260
89 90 4188263
89 94 4188265
89 74 4188268
89 0 4188277
89 6 4188284
89 52 4188284
89 42 4188292
89 55 4188299
89 17 4188308
89 43 4188311
89 3 4188315
89 5 4188320
89 97 4188329
89 17 4188332
89 91 4188337
89 82 4188340
89 44 4188349
89 0 4188357
89 63 4188365
89 41 4188367
89 52 4188376
89 18 4188379
89 60 4188380
89 4 4188381
89 23 4188384
89 20 4188392
89 9 4188400
89 39 4188404
89 55 4188408
90 78 4188412
90 91 4188418
90 8 4188419
90 63 4188424
90 1 4188430
90 35 4188430
90 68 4188431
90 30 4188434
90 15 4188437
90 42 4188445
90 26 4188450
90 55 4188450
90 16 4188455
90 87 4188456
90 74 4188461
90 65 4188467
90 59 4188472
90 72 4188473
90 50 4188481
90 53 4188489
90 44 4188494
90 95 4188494
90 17 4188494
90 33 4188497
90 46 4188500
90 66 4188507
90 9 4188514
90 76 4188518
90 12 4188522
90 5 4188525
90 62 4188525
90 38 4188532
90 43 4188539
90 84 4188548
90 67 4188552
90 37 4188559
90 19 4188561
90 97 4188561
90 56 4188561
90 51 4188564
90 47 4188570
90 72 4188578
90 59 4188585
90 64 4188590
90 69 4188598
90 24 4188601
90 45 4188606
90 88 4188614
90 57 4188621
90 93 4188626
90 33 4188628
90 29 4188629
90 17 4188638
90 36 4188639
90 73 4188648
90 52 4188651
90 76 4188653
90 37 4188657
90 55 4188662
90 18 4188664
90 44 4188671
90 70 4188679
90 31 4188688
90 58 4188692
90 83 4188697
90 2 4188701
90 80 4188708
90 77 4188713
91 79 4188717
91 81 4188724
91 3 4188727
91 66 4188734
91 93 4188740
92 84 4188746
92 20 4188748
92 48 4188749
92 4 4188757
92 27 4188762
92 68 4188763
92 50 4188772
92 63 4188779
92 8 4188779
92 44 4188781
92 74 4188786
92 55 4188794
92 58 4188800
92 37 4188803
92 39 4188804
92 6 4188813
92 69 4188817
92 88 4188822
92 31 4188829
92 64 4188831
92 61 4188839
92 12 4188839
92 91 4188843
92 18 4188852
92 73 4188859
92 97 4188860
92 94 4188860
92 81 4188867
92 43 4188875
92 76 4188876
92 24 4188882
92 11 4188883
92 33 4188889
92 60 4188889
92 34 4188892
92 52 4188900
92 47 4188904
92 46 4188910
92 54 4188915
92 80 4188922
92 25 4188927
92 19 4188933
92 0 4188934
92 49 4188941
92 56 4188946
92 21 4188951
92 40 4188952
92 23 4188952
92 14 4188957
92 38 4188966
92 77 4188971
92 42 4188971
92 53 4188971
92 59 4188974
92 15 4188979
92 16 4188980
92 26 4188985
92 82 4188990
92 3 4188995
92 5 4189000
92 49 4189003
92 95 4189006
92 63 4189008
92 27 4189009
92 79 4189010
92 40 4189016
92 86 4189022
92 45 4189027
92 22 4189027
92 97 4189027
92 17 4189036
92 42 4189038
92 47 4189045
92 61 4189047
92 11 4189055
92 8 4189057
92 51 4189066
92 34 4189068
92 74 4189069
92 59 4189077
92 50 4189079
92 26 4189086
92 70 4189091
92 91 4189100
92 25 4189102
92 28 4189111
92 39 4189115
92 44 4189124
92 0 4189132
92 15 4189135
92 4 4189142
92 32 4189144
92 82 4189153
92 24 4189157
92 3 4189165
92 21 4189168
92 31 4189173
92 20 4189174
92 52 4189174
92 83 4189178
92 71 4189184
92 75 4189184
92 16 4189193
92 88 4189195
92 23 4189203
92 10 4189206
92 60 4189212
92 76 4189212
92 36 4189217
92 89 4189220
92 66 4189223
92 2 4189224
92 38 4189230
93 14 4189235
93 81 4189235
93 46 4189239
93 88 4189247
93 51 4189253
93 52 4189260
93 76 4189269
93 25 4189274
93 33 4189277
93 57 4189278
93 34 4189282
93 70 4189288
93 54 4189294
93 48 4189297
93 24 4189299
93 89 4189302
93 5 4189311
94 68 4189313
94 75 4189313
94 4 4189313
94 43 4189316
94 50 4189324
94 35 4189329
94 89 4189335
94 29 4189341
94 48 4189350
94 78 4189359
94 21 4189367
94 54 4189374
94 6 4189377
94 85 4189383
94 87 4189389
94 36 4189396
94 13 4189403
94 73 4189404
94 84 4189406
94 18 4189413
94 82 4189415
94 88 4189421
94 1 4189429
94 27 4189437
94 8 4189446
94 15 4189448
94 21 4189453
94 71 4189458
94 19 4189464
94 64 4189466
94 46 4189467
94 69 4189473
94 15 4189480
94 61 4189483
94 97 4189486
94 80 4189489
94 17 4189491
94 24 4189492
94 57 4189492
94 49 4189500
94 79 4189505
94 47 4189505
94 66 4189512
94 63 4189520
94 59 4189528
94 26 4189529
94 29 4189530
94 91 4189533
94 10 4189540
94 43 4189549
94 93 4189553
95 45 4189555
95 77 4189563
95 42 4189564
95 35 4189569
95 49 4189569
95 16 4189577
95 9 4189577
95 86 4189583
95 5 4189590
95 33 4189590
95 80 4189593
95 55 4189594
95 58 4189594
96 9 4189600
96 67 4189605
96 85 4189612
96 37 4189613
96 84 4189619
96 80 4189626
96 76 4189634
96 51 4189635
96 72 4189636
96 10 4189639
96 24 4189646
96 7 4189650
96 79 4189658
96 71 4189660
96 1 4189665
96 93 4189665
96 30 4189671
96 75 4189674
96 21 4189675
96 56 4189678
96 97 4189680
96 46 4189680
96 73 4189680
96 83 4189685
96 36 4189689
96 17 4189689
96 74 4189698
96 25 4189706
96 58 4189715
96 53 4189718
96 39 4189720
96 12 4189727
96 81 4189729
96 23 4189738
96 18 4189744
96 15 4189750
96 48 4189754
96 40 4189756
96 49 4189765
96 22 4189774
96 0 4189778
96 77 4189781
96 94 4189785
96 27 4189785
96 88 4189788
96 19 4189789
96 10 4189790
96 69 4189797
96 57 4189804
96 70 4189813
96 80 4189817
96 58 4189818
96 36 4189819
96 32 4189824
96 65 4189832
96 53 4189838
96 47 4189844
96 85 4189847
96 75 4189854
96 64 4189862
96 82 4189871
96 33 4189880
96 56 4189880
96 28 4189882
96 55 4189882
96 94 4189888
96 89 4189889
96 78 4189897
96 45 4189903
96 97 4189904
96 12 4189906
96 37 4189911
96 93 4189920
96 0 4189924
96 11 4189926
96 1 4189929
96 49 4189930
96 22 4189936
96 59 4189940
96 30 4189949
96 84 4189951
96 14 4189954
96 79 4189963
96 92 4189967
96 4 4189972
96 90 4189974
96 20 4189975
97 70 4189978
97 14 4189980
97 12 4189984
97 46 4189991
97 36 4189997
97 29 4190003
97 13 4190010
97 22 4190015
97 92 4190020
97 82 4190028
97 6 4190029
97 33 4190033
97 5 4190037
97 35 4190040
97 86 4190045
97 52 4190051
97 67 4190053
97 60 4190061
97 28 4190061
97 27 4190061
97 85 4190069
97 39 4190075
97 34 4190080
97 40 4190089
97 49 4190091
97 81 4190097
97 72 4190106
97 32 4190107
97 84 4190114
97 41 4190118
97 57 4190123
97 11 4190125
97 1 4190126
97 42 4190135
97 65 4190141
97 69 4190142
97 66 4190142
97 21 4190146
97 53 4190151
97 38 4190156
97 26 4190162
97 56 4190164
97 18 4190172
97 45 4190181
97 17 4190183
97 93 4190187
97 51 4190187
97 16 4190191
97 87 4190193
97 68 4190197
97 71 4190197
97 79 4190201
97 9 4190201
97 54 4190204
97 77 4190204
97 30 4190210
97 48 4190219
97 74 4190228
97 47 4190229
97 61 4190236
97 87 4190241
97 57 4190242
97 91 4190246
97 42 4190249
97 94 4190258
97 1 4190258
97 44 4190259
97 75 4190263
97 72 4190271
97 28 4190276
97 29 4190283
97 8 4190283
97 77 4190288
97 11 4190288
97 38 4190288
97 40 4190289
97 47 4190296
97 46 4190304
97 65 4190305
97 17 4190307
97 12 4190315
97 22 4190315
97 74 4190321
97 58 4190324
97 62 4190327
97 96 4190334
97 54 4190343
97 43 4190351
97 73 4190356
97 31 4190360
97 82 4190366
97 18 4190372
97 69 4190379
97 3 4190387
97 80 4190387
97 71 4190388
97 79 4190389
97 56 4190398
97 86 4190401
97 32 4190404
97 93 4190411
97 0 4190414
97 51 4190417
97 53 4190420
97 39 4190421
97 66 4190424
97 26 4190432
97 55 4190438
97 2 4190445
97 30 4190449
97 25 4190453
97 89 4190454
97 16 4190461
97 67 4190463
97 64 4190469
97 61 4190472
97 33 4190479
