41
61
false
0 27 16
0 23 8
1 17 17
2 4 8
3 0 16
3 21 2
4 7 8
5 17 2
6 5 18
7 18 6
8 33 14
9 1 12
9 38 9
10 32 4
10 27 3
11 38 14
11 3 18
12 3 6
13 16 0
13 23 8
14 38 13
14 23 13
15 36 3
15 24 2
16 25 7
16 32 5
17 32 4
18 11 3
19 28 12
20 26 18
20 32 7
21 26 1
21 14 2
22 19 11
23 40 16
23 17 17
24 22 2
24 40 15
25 38 18
26 13 16
26 21 10
27 32 14
28 29 16
28 9 10
29 26 3
29 10 5
30 34 0
31 22 2
32 16 2
32 34 14
33 12 17
34 29 4
35 19 12
36 16 0
37 32 10
37 8 6
38 14 2
39 20 12
39 36 14
40 20 11
40 8 1
