57
84
false
0 24 3
1 53 3
2 7 10
2 18 3
3 30 7
4 8 14
4 20 8
5 1 1
5 33 11
6 10 16
6 28 15
7 9 17
7 56 5
8 11 12
8 6 12
9 29 14
10 56 9
10 7 6
11 29 1
11 10 16
12 48 5
13 3 14
13 20 16
14 48 13
15 7 1
15 56 14
16 5 11
17 10 16
18 10 0
18 56 0
19 21 11
20 6 15
20 25 10
21 25 1
22 46 18
23 26 15
24 35 9
24 17 13
25 27 0
26 40 5
26 6 2
27 9 16
27 26 2
28 14 4
28 51 14
29 1 15
30 15 14
31 27 15
31 34 14
32 41 11
32 52 5
33 24 10
34 18 12
35 53 4
36 42 16
37 0 2
37 20 13
38 14 10
39 53 7
40 2 6
40 21 7
41 24 18
41 39 8
42 12 3
43 42 3
44 25 13
45 42 13
46 2 15
46 7 13
47 53 7
48 2 7
49 40 14
49 46 5
50 5 16
51 30 18
51 46 2
52 46 7
53 16 13
54 34 14
54 56 17
55 35 2
55 15 5
56 18 5
56 49 14
