60
120
false
0 15 0
1 59 15
2 28 10
3 27 5
3 13 8
4 23 2
4 58 18
4 57 16
5 13 2
5 27 12
5 17 9
6 25 5
6 0 12
6 15 13
7 17 2
7 51 8
8 10 10
8 38 1
9 1 0
9 18 4
10 1 0
11 54 9
11 15 11
11 5 5
12 3 14
12 52 3
12 5 16
13 16 7
14 41 18
14 58 11
15 18 16
15 59 18
15 32 8
16 21 12
17 37 6
17 19 3
18 39 2
19 23 5
20 38 1
21 45 7
21 28 15
22 39 9
22 38 5
22 34 13
23 34 5
23 37 6
24 6 9
25 33 18
25 27 8
25 54 7
26 24 15
26 51 14
27 14 14
27 45 15
28 19 10
28 55 2
29 11 15
29 25 11
30 10 13
30 55 7
30 20 5
31 23 2
31 7 16
32 19 8
32 31 9
33 54 14
33 31 15
34 28 2
34 7 7
35 19 10
36 12 5
36 39 7
37 52 12
37 6 4
38 13 1
38 40 4
38 57 2
39 53 14
40 24 11
41 52 13
41 50 18
41 40 3
42 24 2
42 56 3
42 6 17
43 23 4
44 35 11
44 2 9
45 59 8
46 52 1
46 23 2
47 14 16
47 0 4
48 33 4
48 15 14
49 4 14
49 17 4
49 25 8
50 21 16
51 23 3
51 42 13
51 55 0
52 40 12
52 7 18
53 1 3
53 3 16
54 0 13
54 34 8
55 12 17
55 4 8
56 37 0
56 38 6
56 13 1
57 19 6
57 18 5
58 19 13
58 1 1
59 57 1
59 37 6
59 22 5
