70
137
false
0 3 13
1 6 17
1 43 9
1 13 5
2 29 14
2 14 14
3 30 1
3 2 14
4 32 5
5 52 2
5 16 16
6 9 3
6 64 6
6 31 11
7 12 14
8 16 14
8 68 2
9 34 6
10 49 2
10 25 15
11 20 1
11 36 10
11 1 4
12 17 4
12 61 17
13 29 16
14 38 3
14 49 3
15 4 4
16 52 0
16 21 15
16 27 15
17 32 2
18 46 6
18 6 9
18 38 4
19 29 18
19 49 14
19 24 8
20 4 17
20 16 3
20 42 10
21 25 7
22 57 1
22 64 17
23 22 4
23 51 13
23 34 8
24 63 7
24 23 0
25 0 18
25 67 4
26 23 17
26 56 10
27 42 12
28 56 11
29 44 12
30 66 13
30 52 6
30 8 8
31 15 16
31 38 6
31 11 6
32 22 15
32 51 13
33 56 16
34 44 0
34 42 3
35 50 17
36 15 1
37 35 9
38 67 14
39 52 16
39 59 0
40 49 16
41 42 7
41 8 13
42 18 8
42 65 9
43 23 5
43 28 2
44 39 15
44 5 8
45 40 7
45 39 11
46 65 13
46 0 11
47 39 15
47 33 13
47 29 5
48 43 13
48 15 17
48 19 7
49 0 0
49 45 17
50 28 2
50 36 7
51 8 11
51 22 12
52 25 15
52 42 7
53 27 13
53 56 2
53 64 5
54 31 3
54 4 12
54 65 8
55 57 6
55 35 4
56 42 5
57 32 7
58 35 17
59 7 5
59 14 13
60 12 12
60 42 5
60 53 3
61 0 15
62 54 0
62 49 15
62 66 15
63 50 1
63 18 2
64 38 13
64 14 0
64 66 9
65 42 6
65 1 7
66 60 1
66 7 18
66 45 1
67 29 2
67 40 13
67 11 18
68 61 17
68 17 7
69 55 2
