78
114
false
0 76 9
0 21 5
1 53 18
2 69 0
2 72 17
3 20 16
3 56 4
4 0 11
5 51 4
5 63 7
6 39 9
7 35 7
8 45 18
8 77 2
9 30 14
10 11 2
10 9 1
11 30 2
12 28 2
13 52 12
14 17 10
15 65 10
16 34 6
17 54 15
18 27 13
19 33 12
20 36 0
20 76 18
21 19 18
21 54 6
22 28 9
22 50 1
23 4 6
23 75 4
24 45 0
25 0 6
25 26 6
26 70 13
26 12 14
27 63 12
28 11 6
28 34 15
29 51 8
29 20 6
30 13 6
31 53 4
31 76 8
32 68 15
33 26 8
34 38 11
34 63 12
35 54 4
36 52 13
37 11 13
38 8 14
38 6 16
39 75 4
39 45 7
40 7 3
41 29 12
42 59 10
42 26 12
43 1 3
44 36 17
44 76 14
45 36 2
45 70 18
46 40 17
47 19 1
48 26 4
48 37 7
49 44 12
49 36 14
50 18 0
51 38 13
52 51 10
52 58 6
53 76 8
54 16 12
55 15 11
55 63 2
56 49 16
57 50 4
57 18 17
58 32 8
59 15 11
60 37 8
60 67 6
61 40 9
61 39 16
62 49 6
63 17 12
63 38 1
64 17 4
65 57 5
65 2 12
66 17 1
67 65 5
67 18 8
68 77 11
68 24 15
69 14 9
69 71 7
70 20 11
71 35 16
72 42 0
73 4 15
74 46 13
74 58 8
75 23 14
75 46 0
76 51 13
77 17 15
77 15 0
