96
144
false
0 83 17
1 30 10
1 35 8
2 21 14
2 53 6
3 53 3
3 69 4
4 20 3
5 42 5
6 81 0
6 10 17
7 1 8
7 89 14
8 26 9
9 0 11
10 87 9
11 79 16
11 78 14
12 44 13
13 56 12
13 48 15
14 5 15
15 7 3
16 18 7
16 89 4
17 63 7
17 4 15
18 27 8
19 54 11
20 24 8
20 50 13
21 7 12
22 0 16
22 26 18
23 14 1
23 39 13
24 40 2
25 6 15
25 54 4
26 85 4
26 77 5
27 57 1
27 72 14
28 0 14
28 49 1
29 7 18
30 94 16
31 7 18
31 43 2
32 53 8
32 40 8
33 83 17
34 90 15
34 32 9
35 42 1
36 63 7
37 65 4
37 23 4
38 43 2
38 68 12
39 92 12
39 53 8
40 45 17
41 13 3
41 5 3
42 93 4
42 7 3
43 7 2
44 40 14
45 22 12
46 38 6
46 88 6
47 55 2
47 5 0
48 57 2
48 91 11
49 14 16
49 30 10
50 46 1
51 95 17
51 61 18
52 0 2
53 38 5
53 23 3
54 25 1
55 16 9
55 58 11
56 18 0
57 6 15
57 46 6
58 94 12
58 0 10
59 43 12
59 70 15
60 72 10
60 21 12
61 13 11
62 47 4
62 77 14
63 20 11
64 56 4
65 68 4
66 86 18
67 93 1
68 76 17
69 15 11
70 53 15
70 29 9
71 42 4
72 60 13
72 20 6
73 43 7
74 27 14
75 69 16
75 95 13
76 24 11
76 79 1
77 68 14
77 48 16
78 60 15
79 14 7
80 88 13
80 22 13
81 68 1
82 15 15
82 62 3
83 9 2
84 8 17
85 27 7
86 13 0
86 58 13
87 19 18
88 63 18
88 86 2
89 29 10
90 21 8
91 84 14
91 35 18
92 44 18
93 75 12
94 74 14
94 14 16
95 76 10
95 26 17
