39
83
true
0 1 -9
0 24 0
0 15 -9
1 32 9
1 34 2
1 14 1
2 12 3
2 25 5
3 4 -3
3 1 2
4 18 -9
4 25 7
5 38 6
6 21 -1
6 4 -9
7 36 6
7 18 5
7 15 7
8 12 9
8 36 8
9 26 -4
9 35 -2
10 30 -1
11 6 -7
12 5 8
12 24 9
13 17 7
13 21 -3
14 28 -8
14 8 0
15 9 -1
15 6 -5
15 7 4
16 3 9
16 2 1
16 22 -9
17 8 -9
17 34 -4
17 25 -7
18 3 9
18 5 -6
18 21 -9
19 30 -6
20 36 -2
20 9 1
21 2 0
22 25 4
23 15 8
23 25 -3
23 10 -2
24 33 -4
24 23 -7
25 29 0
25 32 -2
25 7 1
26 9 -2
26 0 -6
27 34 3
28 8 6
28 32 -1
28 11 4
29 38 5
29 9 3
30 24 4
31 25 -8
31 14 -5
31 33 2
32 26 5
32 30 4
33 9 -5
33 38 9
34 19 -9
34 25 -7
34 27 4
35 1 -5
36 26 -3
36 29 -6
36 15 -2
37 6 -8
37 7 -8
37 31 8
38 0 9
38 10 1
