42
86
true
0 28 -9
0 27 0
0 15 -9
1 38 9
1 34 2
1 41 1
2 39 3
2 31 5
3 1 -3
3 13 2
4 3 -9
4 37 7
5 35 6
6 36 -1
6 34 -9
7 24 6
7 9 5
7 36 7
8 12 9
8 6 8
9 41 -4
9 5 -2
10 21 -1
11 15 -7
12 8 8
12 39 9
13 29 7
13 33 -3
14 40 -8
14 8 0
15 18 -1
15 3 -5
15 28 4
16 33 9
16 23 1
16 22 -9
17 29 -9
17 34 -4
17 40 -7
18 27 9
18 20 -6
18 14 -2
19 22 7
20 38 -6
21 13 9
22 30 3
22 28 -9
22 19 4
23 3 8
23 1 -3
23 28 -2
24 29 -7
25 2 0
25 38 -2
25 4 1
26 36 -2
26 30 -6
27 19 3
28 26 6
28 35 -1
28 41 4
29 32 5
29 24 3
30 9 4
31 28 -8
31 5 -5
31 27 2
32 2 5
32 18 4
33 21 -5
33 32 9
34 28 4
34 13 -9
34 16 -7
35 33 -7
36 35 -6
36 14 -3
37 26 -3
38 26 -3
38 13 1
38 22 -6
39 28 6
40 25 1
41 12 4
41 10 8
41 38 -2
