46
90
true
0 19 0
0 1 -9
0 24 6
1 12 2
1 19 1
2 25 3
2 37 5
3 33 -3
3 21 2
4 33 -9
4 29 7
5 13 6
6 18 -1
6 20 -9
7 44 6
7 29 5
7 42 7
8 4 9
8 20 8
9 27 -4
9 5 -2
10 25 -1
11 3 -7
12 16 8
12 5 9
13 19 7
13 29 -3
14 6 -8
14 28 0
15 26 -1
15 29 -5
15 30 4
16 35 9
16 43 1
16 24 -9
17 19 -9
17 28 -4
17 8 -7
18 27 9
18 20 -6
18 38 -2
19 20 7
20 40 -6
21 9 9
22 0 3
22 42 -9
22 27 4
23 39 8
23 27 -3
23 33 -2
24 33 -7
24 4 1
25 8 -2
26 21 2
26 42 -2
27 31 8
28 43 -5
28 24 6
29 43 -9
29 45 -5
29 26 5
30 7 -7
31 34 -8
32 8 1
32 26 0
33 2 8
33 40 -9
33 24 5
34 11 -2
35 30 -6
36 21 -9
36 16 -7
36 32 -7
37 33 -7
38 15 -6
38 0 -3
39 27 3
40 23 -2
40 42 -3
40 25 1
41 31 8
41 0 6
42 11 1
43 28 4
43 0 8
43 31 4
44 30 -9
44 15 3
44 20 -1
45 37 6
