47
97
true
0 9 -9
0 34 0
0 46 -9
1 14 9
1 32 2
1 38 1
2 36 3
2 33 5
3 34 -3
3 2 2
4 28 -9
4 35 7
5 2 6
6 34 -1
6 42 -9
7 41 6
7 8 5
7 39 7
8 33 9
8 4 8
9 30 -4
9 44 -2
10 37 -1
11 5 -7
12 7 8
12 16 9
13 37 7
13 16 -3
14 3 -8
14 26 0
15 38 -1
15 37 -5
15 21 6
16 31 1
16 29 -9
16 34 -2
17 41 -4
17 3 -7
17 11 7
18 27 -6
19 10 -7
19 13 7
19 33 -6
20 23 -2
20 5 1
21 44 0
22 26 4
23 13 8
23 18 -3
23 9 -2
24 20 -4
24 2 -7
25 37 0
25 45 -2
25 29 1
26 19 -2
26 11 -6
27 5 3
28 34 6
28 2 -1
28 40 4
29 5 5
29 17 3
30 32 4
31 10 -8
31 8 -5
31 34 2
32 26 5
32 40 8
33 41 9
33 35 -6
34 12 -9
34 13 -7
34 46 -7
35 32 -7
36 46 -6
36 0 -3
37 35 3
38 33 -2
38 35 -3
38 12 1
39 13 8
39 46 6
40 8 1
41 22 4
41 21 8
41 27 -2
42 43 3
42 45 -9
42 15 3
43 32 3
44 7 -2
44 20 4
45 17 7
46 42 0
46 23 -4
46 31 -4
