51
102
true
0 30 -9
1 32 6
2 13 1
3 30 -4
3 22 -1
4 38 -7
4 46 9
4 45 7
5 7 -7
5 12 3
5 35 0
6 22 -4
6 30 3
6 42 4
7 50 -7
7 45 -1
8 49 1
8 23 -8
9 10 -9
9 33 -5
10 19 -9
11 18 0
11 44 -4
11 23 -8
12 49 -6
13 30 8
13 28 -2
13 4 -1
14 37 2
14 11 8
14 6 -8
15 0 8
16 43 -2
16 5 -8
16 49 0
17 6 -5
18 30 -3
18 44 -8
18 16 9
19 46 6
20 21 0
20 41 -4
20 7 4
21 25 -4
21 40 -3
22 45 0
23 18 9
23 48 -1
23 45 -2
24 33 6
24 30 5
25 11 5
25 12 6
26 13 1
26 22 -7
27 2 6
27 10 2
28 49 4
28 29 -4
28 1 -1
29 37 7
30 40 -1
30 34 0
31 27 5
31 49 6
32 16 -7
32 31 -2
33 25 1
34 6 -4
34 18 -2
35 22 3
35 42 -5
36 28 -8
36 49 -5
36 39 -7
37 8 5
38 6 2
39 22 4
39 17 9
39 25 -6
40 6 -7
40 2 -6
40 27 8
41 14 -5
42 2 2
42 23 0
43 11 -1
44 19 -8
44 5 -7
45 17 7
45 21 -5
46 21 -5
46 39 5
47 16 5
47 23 -5
47 46 -1
48 15 7
49 38 -6
49 6 4
49 19 -9
50 7 3
50 16 9
