64
124
true
0 31 -9
1 15 6
2 36 1
3 43 -4
3 25 -1
4 31 -7
4 26 9
4 13 7
5 9 -7
5 47 3
5 21 0
6 21 -4
6 24 3
6 7 4
7 13 -7
7 39 -1
8 18 1
8 38 -8
9 5 -9
9 18 -5
10 61 -9
11 22 0
11 23 2
11 13 -4
12 51 5
12 52 -6
12 41 7
13 12 -2
14 25 9
14 6 2
15 62 7
15 43 9
15 12 -1
16 49 3
17 5 -3
17 15 -6
18 15 -7
19 3 -4
20 58 -8
21 25 -2
21 32 6
22 31 0
22 46 -4
22 18 4
23 26 -4
23 33 -3
24 38 0
25 57 9
25 15 -1
25 30 -2
26 24 6
26 7 5
27 50 5
27 49 6
28 23 1
28 3 -7
29 51 6
29 13 8
30 27 -2
30 52 -4
30 29 -1
31 47 7
32 59 -1
32 63 0
33 62 5
33 15 6
34 32 -7
34 19 -2
35 23 1
36 35 -2
36 41 6
37 6 -5
37 48 1
37 62 -8
38 57 -7
39 37 5
40 52 2
41 20 4
41 34 9
41 28 -6
42 4 -7
42 44 -6
42 30 8
43 7 -5
44 55 2
44 10 0
45 3 -1
46 40 -8
46 55 -7
47 6 7
47 24 -5
48 53 -5
48 7 5
49 52 5
49 29 -5
49 33 -1
50 45 7
51 55 -6
51 54 4
51 59 -9
52 32 3
52 63 9
53 49 -6
53 47 7
54 16 4
54 34 8
55 44 -1
55 18 -1
56 46 -3
56 29 -8
57 23 -3
57 6 -4
58 7 4
58 29 -8
59 37 -8
59 17 -3
59 14 -4
60 30 -4
60 49 0
61 42 4
62 17 2
62 38 8
63 35 7
63 43 2
