69
102
true
0 7 0
0 12 -4
1 11 9
2 0 -9
2 18 8
3 29 7
3 41 -5
4 54 2
5 15 -5
5 24 -2
6 48 0
7 17 -2
8 42 9
8 29 -7
9 27 5
10 65 -7
10 9 -8
11 59 -7
12 0 1
13 11 2
14 50 6
15 29 -1
15 38 1
16 37 -3
17 18 6
18 66 4
19 42 3
20 0 -9
20 4 9
21 64 9
21 63 -3
22 32 -8
22 40 2
23 12 -5
23 39 6
24 11 5
25 55 8
26 21 5
26 67 6
27 63 -1
28 4 6
28 0 7
29 17 -3
29 33 6
30 16 6
30 53 7
31 7 -1
31 4 -2
32 29 9
32 1 8
33 48 -4
34 23 9
34 33 6
35 61 4
36 38 4
36 60 -4
37 45 -1
38 33 0
39 54 -2
40 1 -6
41 23 3
42 11 1
42 41 3
43 31 -6
44 24 8
44 13 5
45 18 -7
45 52 9
46 67 8
47 28 -8
48 5 -5
48 67 -2
49 65 3
49 51 5
50 24 -9
51 59 4
52 42 1
52 1 -3
53 67 -1
54 49 3
55 36 2
55 27 -7
56 52 7
57 65 -5
57 21 8
58 23 -1
59 6 2
60 22 -1
60 55 -3
61 25 0
61 0 7
62 34 -3
63 11 3
63 32 -8
64 20 -5
65 66 -4
65 20 3
66 59 -8
67 29 -4
67 63 -1
68 8 2
68 57 6
