77
110
true
0 34 0
0 74 -4
1 55 9
2 0 -9
2 10 8
3 76 7
3 13 -5
4 64 2
5 64 -5
5 37 -2
6 59 0
7 63 -2
8 5 9
8 10 -7
9 74 5
10 36 -7
10 6 -8
11 31 -7
12 27 1
13 16 2
14 40 6
15 58 -1
15 62 1
16 69 -3
17 63 6
18 42 4
19 52 3
20 36 -9
20 50 9
21 57 9
21 44 -3
22 75 0
22 60 -8
23 12 -3
23 25 -5
24 60 -9
25 44 -3
25 71 -3
26 3 4
26 41 5
27 69 3
28 73 -3
28 1 6
29 45 -1
29 61 -3
30 56 -3
31 42 -5
31 69 9
32 71 9
33 71 9
34 64 8
35 37 -4
36 2 9
36 48 6
37 68 4
38 50 4
38 55 -4
39 66 -1
40 51 0
41 50 -2
42 12 -6
43 22 3
44 74 1
44 20 3
45 11 -6
46 51 8
46 27 5
47 58 -7
47 55 9
48 2 8
49 9 -8
50 40 -5
50 67 -2
51 66 3
51 29 5
52 48 -9
53 19 4
54 43 1
54 23 -3
55 75 -1
56 20 3
57 34 2
57 12 -7
58 10 7
59 10 -5
59 44 8
60 64 -1
61 13 2
62 9 -1
62 3 -3
63 65 0
63 28 7
64 55 -3
65 23 3
65 64 -8
66 13 -5
67 10 -4
67 11 3
68 14 -8
69 30 -1
69 21 7
70 61 6
70 69 6
71 31 -2
72 32 2
73 25 7
74 36 -9
75 43 6
76 31 4
76 56 -1
