79
160
true
0 48 4
1 10 8
1 34 0
1 5 -4
2 7 5
2 66 5
3 18 -8
3 12 5
4 71 -4
5 59 -7
5 2 7
6 9 -6
6 74 -3
6 46 -6
7 67 -7
7 78 5
8 50 5
8 51 -7
9 24 -3
10 12 -7
10 77 6
11 15 -8
11 28 1
11 7 -5
12 31 -5
12 34 6
13 52 -1
14 26 -9
15 51 3
15 32 -3
15 58 -5
16 77 -9
16 73 6
16 23 6
17 61 -7
18 44 -3
18 60 0
18 26 -5
19 73 9
19 10 5
19 68 -1
20 16 8
20 13 -6
20 63 1
21 62 -2
22 9 -8
22 51 8
23 12 2
23 34 -5
23 35 4
24 25 6
25 67 -5
25 71 -8
25 5 9
26 10 -7
26 24 8
27 15 4
27 20 3
27 40 9
28 36 3
28 40 3
29 10 -9
29 32 -3
29 23 -3
30 65 1
30 70 2
31 18 -3
31 35 -3
31 65 -9
32 56 4
32 66 -7
32 77 0
33 34 -7
33 50 3
33 10 8
34 17 -8
35 52 0
36 19 5
37 19 7
37 38 -9
38 0 7
39 31 -2
39 40 4
40 30 -1
40 25 0
41 21 -4
41 2 -7
42 71 6
42 67 5
43 61 -2
43 58 -2
44 71 -5
44 19 4
45 47 -7
45 30 6
46 32 3
46 26 4
46 67 8
47 29 0
47 76 -9
48 56 8
49 70 0
50 3 -7
50 48 -7
51 36 4
52 42 -2
53 9 4
53 54 -7
53 69 -4
54 14 -6
54 47 3
54 29 -1
55 61 -3
55 21 -5
56 38 -4
57 61 -2
58 73 8
59 36 -4
59 8 4
60 37 3
60 32 -4
60 68 -6
61 12 6
62 17 -9
62 59 6
62 0 6
63 13 -8
63 55 -7
64 32 4
64 13 -9
64 0 0
65 20 -3
65 39 -2
66 0 -8
66 29 9
66 47 -8
67 64 -7
67 1 4
67 33 9
68 46 8
68 71 -2
69 24 -7
70 18 -9
71 74 3
72 34 7
72 23 0
73 27 -4
73 54 3
73 0 8
74 1 0
74 14 6
74 31 -5
75 23 3
76 23 2
76 44 -9
77 5 2
77 28 3
78 1 6
78 30 7
78 46 6
