81
119
true
0 25 0
0 33 -4
1 41 9
2 57 -9
2 12 8
3 47 7
3 11 -5
4 51 2
5 78 -5
5 36 -2
6 15 0
7 44 -2
8 45 9
8 68 -7
9 48 5
10 32 -7
10 33 -8
11 80 -7
12 63 1
13 41 2
14 50 6
15 8 -1
15 23 1
16 13 -3
17 45 6
18 63 4
19 69 3
20 48 -9
20 52 9
21 43 9
21 9 -3
22 16 0
22 14 -8
23 10 -3
23 42 -5
24 66 -9
25 78 -3
25 5 -3
26 61 4
26 69 5
27 69 3
28 41 -3
28 37 6
29 18 -1
29 17 -3
30 73 -3
31 35 -5
31 61 9
32 13 9
33 35 9
34 28 8
35 45 -4
36 14 9
36 78 6
37 28 4
38 2 4
38 57 -4
39 51 -1
40 36 0
41 30 -2
42 10 -6
43 47 3
44 8 1
44 32 3
45 61 -6
46 63 8
46 40 2
47 10 9
47 20 -5
48 21 5
48 51 8
49 45 6
50 70 -7
51 60 5
51 31 2
52 17 7
52 9 -6
53 28 8
53 41 -2
54 55 -6
55 65 5
56 39 -3
56 27 3
57 34 -7
57 29 -5
58 20 2
59 38 8
60 12 0
60 61 -1
61 70 -1
61 63 7
62 22 -3
63 77 3
63 74 -8
64 71 -5
65 6 -4
65 56 3
66 20 -8
67 77 -4
67 72 -1
68 59 2
68 6 6
69 80 0
69 20 -2
70 59 2
71 11 7
72 27 -9
73 79 6
74 49 4
74 7 -1
75 56 5
75 43 -9
76 18 4
77 68 6
77 66 -9
78 62 -9
78 19 -1
79 37 -7
80 66 -3
