85
127
true
0 52 8
1 59 1
1 9 -1
2 16 5
2 68 -3
3 4 -6
3 26 -5
4 35 7
5 71 0
6 51 6
7 45 -2
7 52 2
8 11 7
8 65 -8
9 20 -4
10 79 6
11 46 9
11 25 7
12 77 1
13 19 -5
14 6 -1
15 53 -7
16 23 -2
17 32 6
18 69 -5
18 25 7
19 79 6
20 25 -1
21 78 2
22 6 -1
22 65 4
23 72 3
24 72 7
24 69 9
25 39 -8
25 66 4
26 67 -7
27 41 6
27 40 -5
28 69 -5
28 77 -4
29 11 -8
29 12 5
30 55 5
30 44 -8
31 54 9
32 29 7
33 2 9
33 75 -7
34 1 -1
34 54 -1
35 69 8
36 65 -2
36 23 6
37 79 -8
38 65 -4
39 59 -1
39 63 -5
40 10 -8
40 84 -7
41 73 -6
42 23 2
43 48 0
43 22 7
44 66 6
44 50 -5
45 28 1
45 41 -7
46 14 5
47 52 3
48 71 -3
48 73 -3
49 69 -7
49 31 -9
50 63 -7
50 22 2
51 37 7
51 33 1
52 81 -8
53 77 8
53 4 9
54 78 -7
55 22 -4
55 83 4
56 47 1
56 48 -8
57 60 0
57 80 2
58 0 -9
59 19 6
59 76 -3
60 30 3
60 51 1
61 38 3
61 11 6
62 21 1
62 80 3
63 27 2
64 20 -5
64 3 5
65 23 2
66 20 -5
67 80 -5
68 34 9
69 70 -8
70 44 8
71 14 2
72 63 6
72 44 0
73 49 -5
74 21 4
74 38 -3
75 56 -2
76 29 5
77 58 7
77 35 4
78 31 2
78 54 -8
79 11 5
79 66 7
80 8 6
81 36 -2
82 78 4
82 45 4
83 23 -1
84 1 -6
84 52 -8
