88
168
true
0 82 -3
1 49 2
1 58 -8
1 56 0
2 53 8
2 27 -3
3 87 3
3 1 1
3 14 -4
4 73 -8
4 44 -7
4 65 1
5 21 0
5 53 -4
6 78 7
6 19 6
6 26 1
7 55 -4
8 67 -9
8 63 6
9 63 -9
9 11 6
10 20 -7
10 44 3
11 14 2
11 27 -4
12 76 -9
12 5 0
13 31 -9
13 83 -8
13 66 -2
14 36 -6
15 8 1
16 83 -6
16 18 -2
16 36 1
17 74 -8
18 14 -2
19 2 -5
19 24 -4
20 31 -6
20 35 8
21 70 -7
22 32 -9
22 76 3
23 71 6
24 39 -8
25 5 4
25 14 -5
26 86 -2
26 58 4
27 45 -1
27 81 1
27 2 6
28 48 6
29 81 6
29 56 5
29 73 7
30 85 5
31 46 1
31 64 2
32 51 4
32 26 -9
32 24 -8
33 58 -4
33 4 -4
34 25 -1
35 81 5
35 41 6
36 24 -7
36 31 -6
36 86 2
37 34 -5
38 45 -8
38 74 3
38 21 -8
39 27 3
39 60 2
40 81 -7
41 70 -4
41 55 6
42 31 -3
42 43 -2
43 17 6
44 51 7
45 8 8
46 79 -9
47 32 7
47 62 -1
47 81 2
48 25 6
49 26 2
49 19 -2
49 50 -8
50 1 -1
50 17 -9
51 69 8
51 18 -2
52 49 -3
53 67 9
54 17 -2
55 22 8
56 35 6
56 2 2
57 72 -1
58 72 3
58 82 9
59 8 8
59 1 -1
59 76 5
60 73 -5
60 7 -5
61 0 0
61 65 -1
61 7 -3
62 74 8
62 0 -3
62 28 -4
63 77 5
63 36 -9
64 45 5
65 48 7
66 12 -6
66 29 3
67 7 4
68 48 9
68 9 -5
68 5 -1
69 70 3
69 51 -2
69 62 9
70 74 6
70 4 0
71 22 3
71 0 1
72 52 4
72 64 -3
72 28 -7
73 76 9
74 55 -6
74 78 -1
75 74 -6
76 24 -9
76 86 -8
76 65 9
77 63 -2
77 9 -3
78 77 -1
78 37 -1
78 9 1
79 18 2
79 50 1
79 85 1
80 75 4
80 53 -7
80 70 -1
81 68 -3
81 16 4
82 79 8
83 6 1
84 73 6
84 38 -6
84 30 -1
85 36 6
85 2 -3
86 69 -1
86 28 7
87 74 -7
