97
200
true
0 60 7
1 25 -3
2 54 5
3 42 4
4 16 -9
4 74 -1
4 47 -5
5 31 -4
5 87 5
5 37 4
6 15 -8
7 10 8
7 93 -3
8 63 1
9 93 3
10 50 -7
11 31 -5
12 62 -3
12 86 -4
12 13 5
13 19 5
13 96 7
13 65 -6
14 92 1
14 11 -9
15 74 -7
15 34 -6
16 51 -4
16 49 -7
16 13 -6
17 10 -3
17 61 1
18 43 1
18 7 -9
19 63 5
19 92 -7
20 5 -1
20 70 6
21 90 -2
22 23 -1
22 17 -1
22 35 -2
23 10 0
23 11 -9
23 12 3
24 64 -3
25 19 4
25 15 -5
25 87 1
26 54 9
26 25 0
26 23 -9
27 77 -1
27 51 -7
27 61 9
28 6 0
29 42 -2
30 25 6
31 56 0
31 71 -3
32 62 4
32 82 -7
33 10 2
34 43 3
34 95 7
35 82 1
36 75 1
37 44 -2
37 41 5
38 72 -1
38 1 -9
38 24 9
39 86 3
39 43 -9
40 53 0
41 0 -7
41 17 6
41 78 4
42 65 -7
42 46 6
43 32 1
43 2 4
43 54 -1
44 15 -4
44 96 8
44 18 -9
45 72 -3
45 37 0
46 85 -4
47 22 0
47 86 0
47 31 2
48 94 -7
48 89 9
49 44 -4
49 78 -8
50 54 -8
50 15 -6
50 91 -7
51 25 -6
51 84 2
51 90 -9
52 46 0
52 9 6
52 79 0
53 11 2
54 16 2
54 40 -5
54 55 4
55 43 5
55 41 -5
56 74 6
57 79 3
58 6 3
59 52 9
59 32 7
59 46 4
60 88 -7
60 2 3
60 89 2
61 78 -4
61 29 -6
62 4 -4
62 0 -8
62 39 -5
63 88 2
64 7 8
64 84 -9
65 85 3
66 91 -2
66 76 -2
66 80 -4
67 17 -1
67 41 -8
67 39 9
68 47 -2
69 20 2
70 43 -9
71 50 8
72 54 7
72 91 2
73 20 6
73 29 -9
74 63 6
74 46 6
74 59 -2
75 56 4
76 52 8
76 22 -2
76 92 -5
77 80 -7
77 12 3
77 7 -9
78 46 -2
78 35 -7
79 83 7
79 44 9
79 7 2
80 64 1
80 53 -8
80 48 9
81 70 -6
81 44 0
81 9 5
82 21 -1
82 60 2
82 63 9
83 1 -7
83 85 2
83 62 -5
84 3 3
84 50 -6
84 7 8
85 86 4
85 28 -1
85 39 6
86 79 2
86 20 6
86 16 7
87 13 6
88 45 5
89 94 1
89 17 7
89 62 -4
90 64 -4
90 41 0
90 7 9
91 32 6
91 79 3
92 47 9
93 94 3
93 68 9
93 28 -8
94 56 -1
95 19 -8
95 36 6
95 45 4
96 93 -9
96 57 5
96 68 5
