29
false
2 9 115589
2 24 115589
4 7 115592
4 25 115594
4 28 115599
6 21 115601
6 18 115603
6 14 115608
7 21 115616
7 0 115621
8 2 115628
8 16 115628
8 7 115632
10 7 115635
10 25 115637
11 19 115645
11 17 115649
11 27 115657
14 12 115666
14 7 115672
14 21 115676
15 28 115679
15 13 115681
16 20 115687
16 8 115688
18 10 115695
18 12 115696
18 15 115702
19 25 115707
19 6 115713
19 3 115715
21 5 115717
21 3 115721
22 6 115730
22 9 115735
23 12 115744
23 7 115748
23 10 115753
24 14 115761
24 26 115766
24 7 115772
25 13 115776
25 26 115785
25 1 115794
28 22 115801
28 27 115807
