30
false
2 21 126815
2 26 126815
4 6 126818
4 22 126818
5 15 126826
8 17 126831
8 13 126832
8 18 126840
10 27 126847
10 3 126847
10 12 126851
12 16 126854
12 25 126856
12 8 126859
14 10 126863
14 17 126871
14 18 126873
15 5 126882
15 26 126888
15 29 126892
16 29 126895
16 11 126897
17 23 126903
17 14 126904
19 18 126911
19 26 126912
19 3 126918
20 17 126923
20 2 126929
20 9 126931
22 10 126933
22 28 126937
22 26 126946
23 29 126947
23 5 126951
25 7 126955
25 29 126960
26 17 126968
26 6 126973
26 12 126979
27 14 126983
27 20 126992
27 17 127001
