40
false
0 31 296481
0 6 296488
1 29 296494
1 34 296496
1 8 296496
2 28 296503
2 7 296503
3 8 296511
4 25 296518
4 12 296523
6 29 296527
7 0 296534
7 19 296542
8 15 296546
8 31 296549
8 35 296555
9 24 296561
9 3 296562
10 32 296566
10 0 296573
10 1 296577
11 5 296577
11 9 296581
12 30 296587
12 25 296595
13 25 296599
13 0 296599
14 7 296603
14 18 296604
15 22 296608
15 6 296612
17 23 296621
17 3 296629
17 7 296633
18 33 296633
18 32 296633
18 25 296633
20 36 296641
20 15 296645
20 25 296647
21 4 296652
21 30 296660
21 39 296668
22 7 296675
24 15 296682
24 39 296689
26 9 296692
26 17 296693
27 12 296700
27 28 296707
27 21 296711
28 1 296711
28 38 296714
31 12 296720
32 36 296726
32 27 296732
32 5 296736
33 37 296741
33 30 296747
34 0 296755
34 23 296756
34 37 296763
35 38 296771
35 37 296777
35 14 296782
36 18 296789
36 13 296798
36 8 296799
37 35 296806
37 13 296807
37 26 296809
