44
false
0 15 395604
0 34 395611
1 25 395617
1 34 395619
1 4 395619
2 4 395626
2 27 395626
3 28 395634
3 27 395638
6 11 395640
6 4 395645
7 32 395654
7 16 395654
7 15 395663
8 40 395668
8 2 395669
10 8 395672
10 40 395678
10 19 395679
11 24 395683
11 32 395690
11 17 395694
12 5 395694
12 41 395698
13 22 395704
13 29 395712
14 41 395716
14 32 395716
14 1 395721
15 30 395729
15 27 395729
16 2 395735
16 22 395743
17 15 395752
17 19 395760
17 27 395764
18 9 395764
18 36 395764
19 5 395767
19 40 395775
19 3 395779
20 34 395787
20 16 395792
21 34 395801
21 12 395805
22 35 395812
22 0 395815
22 23 395822
23 37 395823
23 27 395832
23 41 395839
24 2 395841
24 31 395849
25 5 395853
25 29 395854
27 12 395861
28 0 395867
28 7 395876
29 14 395883
29 36 395888
30 5 395895
30 1 395895
30 10 395901
33 37 395908
33 5 395913
35 21 395919
35 38 395924
35 17 395932
36 29 395941
36 12 395942
37 15 395949
37 25 395950
37 34 395952
42 10 395960
42 6 395967
42 29 395976
43 39 395982
43 37 395991
