46
false
0 23 450950
0 8 450957
1 35 450963
1 32 450965
1 2 450965
2 10 450972
2 7 450972
3 0 450980
3 15 450984
6 17 450986
6 20 450991
7 14 451000
7 16 451000
7 15 451009
8 4 451014
8 14 451015
10 14 451018
10 2 451024
10 27 451025
11 30 451029
11 16 451036
11 5 451040
12 5 451040
12 23 451044
13 30 451050
13 35 451058
14 17 451062
14 40 451062
14 35 451067
15 44 451075
15 41 451075
16 38 451081
16 28 451089
17 9 451098
17 23 451106
17 15 451110
18 7 451110
18 4 451110
18 25 451110
20 2 451118
20 17 451122
20 29 451124
21 0 451129
21 38 451137
21 37 451145
22 1 451152
22 23 451160
23 31 451167
23 37 451174
25 9 451177
25 1 451178
26 32 451185
26 20 451192
26 41 451196
27 19 451196
27 0 451199
30 4 451205
30 9 451214
31 20 451221
31 4 451226
32 31 451233
32 15 451233
32 28 451239
35 45 451246
35 21 451251
37 41 451257
37 40 451262
37 3 451270
38 29 451279
38 10 451280
39 17 451287
39 23 451293
40 38 451301
40 42 451305
40 37 451305
41 36 451312
41 15 451321
41 27 451326
44 13 451328
44 41 451328
45 9 451336
45 27 451343
