49
false
0 5 545596
0 37 545603
1 5 545609
1 34 545611
2 44 545619
2 11 545626
4 39 545634
4 7 545638
7 34 545640
7 1 545645
8 40 545654
8 30 545654
8 28 545663
9 33 545668
9 29 545669
11 40 545672
11 15 545678
13 26 545682
13 9 545689
13 21 545693
14 22 545693
14 19 545697
15 10 545703
15 17 545711
16 12 545715
16 27 545715
16 19 545720
17 16 545728
17 12 545728
18 36 545734
18 47 545742
19 21 545751
19 37 545759
19 13 545763
20 16 545763
20 21 545763
20 24 545763
22 39 545771
22 40 545775
22 5 545777
23 15 545782
23 6 545790
23 41 545798
24 5 545805
24 16 545813
25 46 545820
25 10 545827
27 29 545830
27 47 545831
28 45 545838
28 2 545845
28 1 545849
29 37 545849
29 39 545852
32 15 545858
32 44 545867
33 5 545874
33 11 545879
34 41 545886
34 27 545886
35 33 545894
35 9 545895
35 29 545902
36 9 545910
36 33 545916
38 42 545923
38 32 545932
38 6 545933
39 40 545940
39 14 545941
39 37 545943
44 47 545951
44 3 545958
44 21 545967
45 30 545973
46 45 545975
46 37 545975
47 26 545983
47 5 545990
48 1 545992
48 12 545997
