52
false
0 43 652520
0 14 652527
1 41 652533
1 14 652535
1 28 652535
2 32 652542
2 23 652542
3 36 652550
3 31 652554
6 31 652556
6 32 652561
7 36 652570
7 20 652570
7 19 652579
8 3 652583
9 31 652588
9 4 652591
10 4 652594
10 27 652598
11 6 652598
11 45 652599
11 32 652603
12 40 652612
12 34 652616
13 30 652621
13 22 652626
14 4 652626
14 13 652631
15 46 652639
15 35 652639
16 38 652645
16 50 652653
17 19 652662
17 23 652670
17 11 652674
18 21 652674
18 24 652674
18 5 652674
20 0 652682
20 19 652686
20 21 652688
21 20 652693
21 10 652701
21 19 652709
22 11 652716
24 31 652723
25 43 652732
26 25 652733
26 2 652735
26 47 652743
27 37 652747
27 13 652748
29 35 652756
29 41 652758
30 28 652759
30 51 652765
32 0 652770
32 8 652777
33 9 652777
33 22 652783
33 4 652791
34 45 652798
34 13 652803
36 33 652809
36 22 652814
36 9 652822
37 13 652831
37 44 652832
38 51 652839
38 37 652840
38 10 652842
43 26 652850
43 38 652857
43 37 652866
44 23 652872
44 1 652881
47 44 652888
47 41 652896
47 37 652903
48 22 652905
48 47 652910
49 16 652913
49 29 652913
49 38 652913
50 0 652920
50 1 652927
50 25 652932
51 26 652936
51 38 652943
51 50 652949
