57
false
0 49 864737
0 52 864740
1 27 864748
1 40 864751
1 28 864756
3 56 864756
3 20 864762
3 48 864763
4 55 864771
4 18 864775
6 15 864784
6 3 864789
7 11 864792
7 44 864797
10 26 864798
10 54 864805
11 18 864812
11 4 864815
11 44 864824
13 9 864828
13 4 864830
14 54 864837
14 48 864844
16 43 864850
17 21 864857
17 9 864866
17 49 864875
18 34 864875
18 51 864881
18 37 864883
19 40 864889
19 2 864895
20 29 864897
20 0 864903
20 7 864904
23 30 864910
23 3 864915
24 28 864919
24 3 864921
25 53 864925
25 0 864930
25 47 864932
28 3 864941
28 41 864946
28 8 864954
29 31 864956
29 2 864961
31 47 864966
31 3 864974
33 19 864983
33 43 864988
34 3 864988
34 11 864990
34 10 864997
35 29 865006
35 54 865014
38 31 865017
38 47 865025
39 18 865030
41 25 865031
41 38 865037
42 13 865039
42 43 865043
43 44 865052
43 12 865060
43 20 865067
44 0 865075
44 26 865078
47 23 865084
47 17 865085
50 49 865085
50 17 865090
53 42 865092
53 56 865098
53 17 865104
55 15 865111
55 53 865112
55 2 865113
56 18 865116
56 53 865118
56 20 865124
