63
false
0 37 1150018
0 33 1150022
0 61 1150026
1 31 1150033
1 35 1150036
1 12 1150041
2 36 1150045
2 39 1150052
2 19 1150054
3 8 1150059
3 44 1150062
4 55 1150068
4 40 1150068
4 45 1150076
7 41 1150076
7 38 1150076
7 15 1150078
8 27 1150087
8 24 1150089
9 0 1150098
9 8 1150102
10 16 1150103
10 23 1150112
11 13 1150119
11 14 1150120
12 26 1150123
12 9 1150123
14 46 1150123
14 6 1150129
14 10 1150133
15 32 1150139
18 27 1150143
18 56 1150143
19 48 1150148
19 43 1150157
19 22 1150160
20 48 1150167
20 62 1150169
20 32 1150176
21 36 1150176
21 32 1150184
22 12 1150191
22 56 1150200
22 45 1150208
23 7 1150210
23 10 1150213
24 57 1150221
24 40 1150229
24 14 1150238
25 60 1150244
25 38 1150249
25 59 1150249
28 60 1150253
28 48 1150259
31 7 1150267
31 3 1150272
32 13 1150280
32 28 1150283
36 60 1150290
36 59 1150290
36 7 1150292
38 14 1150296
38 54 1150305
39 18 1150307
40 2 1150314
40 12 1150316
41 40 1150324
41 36 1150326
42 21 1150332
42 14 1150339
43 45 1150341
43 29 1150346
44 45 1150353
44 11 1150357
44 12 1150362
45 50 1150364
45 51 1150368
46 17 1150376
46 45 1150378
47 61 1150385
47 59 1150393
47 53 1150398
49 5 1150402
49 21 1150402
49 61 1150403
51 31 1150408
51 30 1150412
51 11 1150420
52 61 1150422
52 3 1150429
52 31 1150437
53 22 1150442
53 41 1150446
54 31 1150447
54 27 1150453
54 22 1150459
55 53 1150466
55 17 1150468
57 49 1150477
57 33 1150477
59 57 1150479
59 61 1150480
59 24 1150488
60 44 1150493
60 58 1150498
60 19 1150507
62 2 1150514
62 19 1150522
