66
false
0 1 1315392
0 6 1315396
0 28 1315400
1 52 1315407
1 38 1315410
1 48 1315415
2 42 1315419
2 9 1315426
2 22 1315428
3 29 1315433
3 56 1315436
4 34 1315442
4 31 1315442
4 12 1315450
7 2 1315450
7 50 1315450
7 36 1315452
8 18 1315461
8 21 1315463
9 30 1315472
9 44 1315476
10 7 1315477
10 41 1315486
11 7 1315493
11 26 1315494
12 56 1315497
12 30 1315497
14 22 1315497
14 30 1315503
14 34 1315507
15 53 1315513
15 2 1315516
17 27 1315520
17 53 1315520
18 60 1315525
18 40 1315534
18 55 1315537
19 45 1315544
19 35 1315546
19 17 1315553
20 33 1315553
20 17 1315561
21 63 1315568
21 11 1315577
21 3 1315585
22 28 1315587
23 47 1315594
23 30 1315599
23 12 1315601
25 63 1315607
25 50 1315612
25 47 1315612
28 3 1315616
28 42 1315622
31 1 1315630
31 36 1315635
32 64 1315643
33 57 1315646
33 30 1315647
33 60 1315654
34 24 1315654
34 22 1315661
34 40 1315669
35 42 1315678
35 28 1315684
37 4 1315686
37 27 1315690
37 38 1315695
38 34 1315700
38 20 1315702
41 15 1315702
41 57 1315704
41 53 1315709
42 54 1315716
42 50 1315720
42 33 1315725
43 50 1315727
43 57 1315731
44 17 1315739
44 42 1315741
45 10 1315748
45 35 1315756
45 26 1315761
47 29 1315765
47 63 1315765
47 13 1315766
49 25 1315771
49 36 1315775
49 38 1315783
50 28 1315785
50 24 1315792
50 64 1315800
51 13 1315805
51 2 1315809
52 28 1315810
52 6 1315816
52 10 1315822
53 23 1315829
53 41 1315831
55 31 1315840
55 15 1315840
57 30 1315842
57 58 1315843
57 12 1315851
58 23 1315856
58 1 1315857
59 48 1315860
59 23 1315867
60 22 1315875
60 14 1315880
61 31 1315882
61 3 1315882
61 7 1315885
63 35 1315886
63 32 1315892
