71
false
0 58 1618068
0 39 1618071
2 33 1618072
2 51 1618076
3 12 1618081
3 31 1618082
5 18 1618090
5 16 1618093
5 64 1618101
12 51 1618103
12 64 1618107
15 13 1618113
15 3 1618114
15 18 1618115
16 9 1618117
16 67 1618117
18 43 1618118
18 42 1618123
20 37 1618128
20 33 1618131
20 4 1618139
21 68 1618144
21 5 1618146
21 15 1618147
23 26 1618147
23 55 1618149
23 29 1618151
27 59 1618156
27 12 1618159
30 57 1618159
30 60 1618165
35 70 1618172
35 68 1618175
36 17 1618178
36 62 1618181
37 14 1618185
37 44 1618194
38 31 1618198
38 29 1618203
39 46 1618204
39 37 1618207
39 17 1618212
40 34 1618221
40 21 1618221
41 62 1618227
41 27 1618227
43 40 1618230
43 35 1618237
44 8 1618246
44 10 1618248
45 39 1618257
45 6 1618258
46 43 1618262
46 7 1618269
46 21 1618271
47 2 1618275
47 39 1618284
47 16 1618289
52 11 1618298
52 59 1618302
52 55 1618309
53 42 1618315
54 44 1618323
54 21 1618324
56 15 1618331
56 41 1618333
56 12 1618336
57 28 1618336
57 44 1618343
61 31 1618344
61 3 1618350
61 54 1618354
62 52 1618356
62 66 1618357
62 70 1618363
64 68 1618371
64 31 1618379
66 38 1618384
66 32 1618388
67 0 1618388
67 64 1618397
67 28 1618401
69 31 1618402
69 5 1618406
69 48 1618415
70 34 1618417
70 12 1618420
