83
false
1 69 2551611
1 5 2551618
3 66 2551623
3 73 2551630
3 30 2551634
4 1 2551637
4 25 2551642
4 75 2551646
6 17 2551652
6 39 2551654
6 22 2551655
7 43 2551662
7 66 2551667
7 79 2551667
8 1 2551671
8 45 2551672
10 44 2551679
10 12 2551684
11 41 2551685
11 64 2551690
11 59 2551697
14 50 2551700
14 29 2551702
15 12 2551709
15 69 2551714
16 70 2551715
16 58 2551723
17 31 2551725
17 53 2551728
18 39 2551734
18 25 2551739
19 1 2551743
19 27 2551750
19 14 2551759
20 68 2551761
20 50 2551768
20 42 2551771
21 43 2551777
21 31 2551782
21 68 2551789
25 63 2551798
25 27 2551807
26 51 2551809
26 47 2551815
27 64 2551824
27 61 2551826
27 15 2551832
28 73 2551837
28 4 2551838
29 17 2551847
29 49 2551847
29 24 2551855
31 51 2551857
31 53 2551866
31 79 2551866
32 34 2551869
32 66 2551877
32 52 2551880
33 5 2551884
34 18 2551891
34 13 2551898
34 68 2551907
35 34 2551908
35 65 2551916
38 70 2551924
38 74 2551927
38 7 2551933
39 78 2551933
39 50 2551936
40 55 2551945
40 47 2551950
40 12 2551952
43 30 2551961
43 44 2551969
43 7 2551972
44 21 2551977
44 35 2551980
44 48 2551984
45 12 2551989
45 14 2551998
45 3 2551998
47 36 2552002
47 13 2552006
47 10 2552010
48 78 2552017
48 49 2552018
48 7 2552026
49 72 2552034
49 51 2552035
49 41 2552038
51 81 2552038
51 27 2552047
51 67 2552052
54 30 2552061
54 14 2552065
55 50 2552071
55 80 2552072
55 35 2552076
56 73 2552085
56 10 2552090
56 21 2552098
57 3 2552100
57 17 2552104
57 12 2552108
59 0 2552111
59 75 2552117
60 67 2552121
60 9 2552128
61 81 2552128
61 82 2552132
61 9 2552135
62 35 2552143
62 3 2552144
63 6 2552149
63 76 2552157
63 12 2552161
66 37 2552161
66 47 2552163
67 66 2552164
67 62 2552171
68 48 2552177
68 45 2552182
70 39 2552184
70 15 2552184
71 74 2552187
71 41 2552195
71 63 2552204
72 6 2552205
72 79 2552209
72 77 2552215
74 33 2552222
74 50 2552227
75 15 2552231
75 31 2552238
77 35 2552238
77 42 2552238
77 39 2552242
78 80 2552246
78 27 2552248
78 59 2552254
79 58 2552254
79 35 2552263
81 57 2552271
81 73 2552278
