90
false
0 69 3234147
0 9 3234154
1 60 3234161
1 81 3234167
2 20 3234169
2 74 3234172
3 31 3234175
3 66 3234178
3 30 3234184
5 32 3234192
5 88 3234200
5 31 3234205
7 85 3234208
7 38 3234212
7 57 3234212
8 10 3234219
8 28 3234221
8 39 3234225
9 60 3234232
9 51 3234239
10 81 3234244
10 26 3234244
10 67 3234251
11 66 3234259
11 5 3234265
15 57 3234274
15 88 3234283
17 49 3234287
17 8 3234290
18 69 3234290
18 82 3234298
19 73 3234301
19 80 3234306
20 47 3234311
20 18 3234318
20 61 3234323
21 23 3234329
21 76 3234329
21 35 3234334
22 37 3234338
22 60 3234339
23 83 3234341
23 84 3234345
23 55 3234347
24 0 3234354
24 79 3234362
25 88 3234365
25 8 3234370
26 5 3234374
26 40 3234377
27 30 3234378
27 77 3234380
28 32 3234382
28 1 3234389
28 6 3234394
33 5 3234398
33 83 3234401
33 53 3234402
35 49 3234407
35 80 3234412
35 45 3234418
37 77 3234421
37 79 3234428
39 48 3234434
39 60 3234439
39 9 3234443
42 45 3234445
42 60 3234453
43 14 3234461
43 63 3234466
43 33 3234469
45 69 3234474
45 78 3234482
46 67 3234487
46 29 3234488
48 53 3234489
48 6 3234498
48 61 3234502
49 16 3234510
49 79 3234516
50 55 3234520
50 79 3234520
51 4 3234522
51 30 3234528
52 18 3234532
52 0 3234540
52 82 3234540
53 67 3234547
53 5 3234547
54 46 3234548
54 0 3234553
54 37 3234554
55 3 3234561
55 72 3234561
57 40 3234563
57 67 3234563
58 87 3234572
58 67 3234580
58 47 3234589
59 88 3234597
59 69 3234602
59 49 3234607
61 28 3234614
61 70 3234623
62 35 3234631
62 77 3234636
65 50 3234645
65 16 3234648
65 39 3234655
66 89 3234661
66 61 3234662
67 59 3234662
67 2 3234670
67 48 3234674
69 1 3234675
69 19 3234681
69 66 3234688
72 57 3234689
72 17 3234697
72 89 3234699
73 66 3234701
73 8 3234703
73 15 3234712
74 75 3234712
74 1 3234717
74 80 3234724
75 80 3234732
75 9 3234741
75 36 3234749
76 81 3234753
76 35 3234753
76 45 3234757
77 45 3234764
77 28 3234767
78 37 3234775
78 27 3234781
78 87 3234785
79 50 3234786
79 70 3234793
82 31 3234794
82 4 3234803
82 61 3234808
83 6 3234816
83 11 3234817
84 18 3234817
84 67 3234818
84 51 3234824
85 78 3234829
85 48 3234833
85 15 3234841
87 66 3234849
87 55 3234856
88 59 3234865
88 21 3234871
88 4 3234871
89 67 3234874
89 23 3234881
89 13 3234882
