92
false
1 36 3458376
1 7 3458381
1 48 3458388
2 23 3458390
2 48 3458398
2 49 3458401
4 62 3458405
4 9 3458410
5 51 3458412
5 46 3458413
5 47 3458420
7 74 3458421
7 72 3458427
7 47 3458436
9 8 3458439
9 66 3458439
9 61 3458443
11 64 3458447
11 86 3458451
11 43 3458460
12 2 3458461
12 77 3458465
12 24 3458470
15 49 3458477
15 51 3458481
16 3 3458488
16 38 3458494
17 62 3458501
17 68 3458505
17 89 3458509
18 84 3458509
18 29 3458516
18 17 3458520
19 3 3458528
19 31 3458536
19 14 3458536
22 46 3458536
22 87 3458536
23 33 3458542
23 61 3458550
24 77 3458554
24 65 3458557
25 57 3458561
25 52 3458562
26 2 3458564
26 80 3458565
26 10 3458572
27 5 3458575
27 1 3458575
27 31 3458584
28 31 3458584
28 0 3458587
28 62 3458593
30 42 3458601
30 70 3458604
31 70 3458608
31 45 3458609
31 44 3458617
33 64 3458625
33 62 3458629
35 18 3458630
35 48 3458636
36 67 3458642
36 17 3458649
36 73 3458657
37 63 3458665
37 10 3458673
38 29 3458678
38 77 3458682
41 79 3458682
41 70 3458687
41 18 3458696
42 36 3458696
42 57 3458702
46 58 3458709
46 90 3458711
47 49 3458714
47 30 3458722
49 66 3458723
49 43 3458730
49 1 3458739
50 90 3458744
50 3 3458749
50 85 3458752
52 20 3458759
52 78 3458766
53 51 3458773
53 50 3458779
53 40 3458782
54 70 3458785
54 91 3458787
54 7 3458787
55 48 3458790
55 17 3458790
55 52 3458793
58 82 3458795
58 2 3458798
58 14 3458804
59 65 3458813
59 23 3458820
62 50 3458820
62 11 3458825
62 64 3458827
63 38 3458836
63 23 3458842
63 71 3458849
64 38 3458852
64 39 3458854
65 81 3458861
65 13 3458868
65 9 3458877
66 33 3458885
66 56 3458893
66 29 3458894
68 64 3458899
68 47 3458901
69 10 3458905
69 89 3458914
69 81 3458918
71 16 3458927
71 20 3458932
72 63 3458938
72 20 3458940
72 21 3458941
73 66 3458945
73 35 3458949
73 36 3458955
76 37 3458960
76 48 3458960
76 70 3458968
77 45 3458974
77 67 3458975
79 16 3458979
79 83 3458985
80 47 3458989
80 7 3458995
81 11 3458999
81 40 3459000
81 80 3459003
82 25 3459004
82 58 3459007
82 39 3459013
83 33 3459016
83 85 3459018
84 14 3459020
84 85 3459023
86 1 3459027
86 17 3459036
86 52 3459043
88 9 3459051
88 25 3459051
89 50 3459052
89 12 3459057
89 37 3459064
90 70 3459066
90 17 3459070
