30
true
2 21 120303
2 26 120303
4 6 120306
4 22 120306
5 15 120314
8 17 120319
8 13 120320
8 18 120328
10 27 120335
10 3 120335
10 12 120339
12 16 120342
12 25 120344
12 8 120347
14 10 120351
14 17 120359
14 18 120361
15 5 120370
15 26 120376
15 29 120380
16 29 120383
16 11 120385
17 23 120391
17 14 120392
19 18 120399
19 26 120400
19 3 120406
20 17 120411
20 2 120417
20 9 120419
22 10 120421
22 28 120425
22 26 120434
23 29 120435
23 5 120439
25 7 120443
25 29 120448
26 17 120456
26 6 120461
26 12 120467
27 14 120471
27 20 120480
27 17 120489
