32
true
2 15 147295
2 16 147295
4 18 147298
4 28 147300
4 30 147305
6 15 147307
6 3 147309
6 31 147314
7 17 147322
7 4 147327
8 23 147334
8 19 147334
8 20 147338
10 0 147341
10 13 147343
10 6 147346
12 26 147350
12 13 147358
12 16 147360
13 15 147369
13 0 147375
13 29 147379
14 17 147382
14 9 147384
15 29 147390
15 16 147391
17 14 147398
17 30 147399
17 23 147405
18 19 147410
18 28 147416
18 31 147418
20 10 147420
20 22 147424
20 18 147433
21 27 147434
21 7 147438
23 25 147442
23 15 147447
24 13 147455
24 8 147460
24 16 147466
25 12 147470
25 30 147479
25 19 147488
28 16 147495
28 21 147501
30 1 147503
30 18 147506
31 10 147510
31 12 147511
