35
true
2 16 190119
2 11 190119
4 11 190122
4 26 190124
4 30 190129
6 15 190131
6 13 190133
6 12 190138
7 6 190146
7 3 190151
8 2 190158
8 18 190158
8 27 190162
10 21 190165
10 5 190167
10 3 190170
12 25 190174
12 17 190182
12 33 190184
13 10 190193
13 11 190199
13 19 190203
14 19 190206
14 11 190208
15 3 190214
15 24 190215
17 23 190222
17 11 190223
17 18 190229
18 7 190234
18 17 190240
18 34 190242
20 15 190244
20 28 190248
20 31 190257
21 19 190258
21 5 190262
23 17 190266
23 14 190271
24 2 190279
24 31 190284
24 12 190290
25 29 190294
25 15 190303
25 27 190312
28 21 190319
28 19 190325
30 3 190327
30 4 190330
31 8 190334
31 28 190335
32 7 190335
32 26 190336
32 23 190345
33 22 190347
33 2 190348
