39
true
2 12 263531
2 5 263531
4 9 263534
4 15 263536
4 6 263541
6 15 263543
6 0 263545
6 17 263550
7 3 263558
7 28 263563
8 6 263570
8 15 263570
8 0 263574
10 25 263577
10 13 263579
10 8 263582
12 28 263586
12 8 263594
12 21 263596
13 38 263605
13 8 263611
13 23 263615
14 17 263618
14 26 263620
15 26 263626
15 35 263627
17 33 263634
17 2 263635
17 24 263641
18 20 263646
18 23 263652
18 27 263654
20 34 263656
20 37 263660
20 23 263669
21 38 263670
21 11 263674
23 34 263678
23 29 263683
24 20 263691
24 6 263696
24 18 263702
25 2 263706
25 5 263715
25 38 263724
28 6 263731
28 11 263737
30 19 263739
30 32 263742
31 34 263746
31 36 263747
32 26 263747
32 1 263748
32 17 263757
33 25 263759
33 15 263760
35 24 263763
35 23 263763
37 29 263771
37 12 263774
38 28 263779
38 33 263786
