41
true
0 11 306813
0 32 306820
1 12 306826
1 0 306828
1 16 306828
2 17 306835
2 28 306835
3 32 306843
3 13 306847
6 3 306849
6 23 306854
7 38 306863
7 21 306863
7 15 306872
8 27 306877
8 36 306878
10 40 306881
10 16 306887
10 7 306888
11 28 306892
11 12 306893
12 17 306898
12 11 306907
14 31 306913
14 1 306921
15 37 306925
15 27 306925
15 21 306930
16 23 306938
16 25 306938
17 13 306944
17 36 306952
18 9 306961
18 11 306969
18 17 306973
19 36 306973
19 29 306973
19 34 306973
21 29 306981
21 27 306985
21 17 306987
22 18 306992
22 8 307000
22 35 307008
23 6 307015
23 34 307023
24 20 307030
24 27 307037
26 6 307040
26 15 307041
27 9 307048
27 19 307055
27 2 307059
28 39 307059
28 16 307062
31 28 307068
31 3 307077
32 7 307084
32 31 307089
33 20 307096
33 29 307096
33 32 307102
36 37 307109
36 26 307114
38 10 307120
38 35 307125
38 17 307133
39 37 307142
39 23 307143
40 26 307150
40 15 307151
40 4 307153
