43
true
0 23 354361
0 16 354368
1 37 354374
1 24 354376
1 31 354376
2 30 354383
2 1 354383
3 16 354391
3 5 354395
6 17 354397
6 35 354402
7 33 354411
7 5 354411
7 13 354420
8 7 354425
8 24 354426
10 3 354429
10 16 354435
10 38 354436
11 2 354440
11 33 354447
11 32 354451
12 31 354451
12 5 354455
13 2 354461
14 6 354466
14 23 354466
14 27 354471
15 29 354475
15 0 354476
16 39 354480
16 37 354484
18 22 354493
18 3 354501
18 20 354505
19 25 354505
19 13 354505
19 8 354505
21 1 354513
21 22 354517
21 23 354519
22 24 354524
22 6 354532
22 0 354540
23 7 354547
23 24 354555
24 2 354562
24 14 354569
26 18 354576
27 17 354578
27 5 354586
28 38 354590
29 34 354598
29 10 354606
31 5 354612
31 7 354621
32 7 354628
32 18 354633
33 8 354640
33 12 354640
33 4 354646
36 22 354653
36 9 354658
38 23 354664
38 24 354669
38 15 354677
39 38 354686
39 9 354687
40 33 354694
40 4 354695
40 23 354697
