44
true
0 15 383037
0 34 383044
1 25 383050
1 34 383052
1 4 383052
2 4 383059
2 27 383059
3 28 383067
3 27 383071
6 11 383073
6 4 383078
7 32 383087
7 16 383087
7 15 383096
8 40 383101
8 2 383102
10 8 383105
10 40 383111
10 19 383112
11 24 383116
11 32 383123
11 17 383127
12 5 383127
12 41 383131
13 22 383137
13 29 383145
14 41 383149
14 32 383149
14 1 383154
15 30 383162
15 27 383162
16 2 383168
16 22 383176
17 15 383185
17 19 383193
17 27 383197
18 9 383197
18 36 383197
19 5 383200
19 40 383208
19 3 383212
20 34 383220
20 16 383225
21 34 383234
21 12 383238
22 35 383245
22 0 383248
22 23 383255
23 37 383256
23 27 383265
23 41 383272
24 2 383274
24 31 383282
25 5 383286
25 29 383287
27 12 383294
28 0 383300
28 7 383309
29 14 383316
29 36 383321
30 5 383328
30 1 383328
30 10 383334
33 37 383341
33 5 383346
35 21 383352
35 38 383357
35 17 383365
36 29 383374
36 12 383375
37 15 383382
37 25 383383
37 34 383385
42 10 383393
42 6 383400
42 29 383409
43 39 383415
43 37 383424
