46
true
0 23 436709
0 8 436716
1 35 436722
1 32 436724
1 2 436724
2 10 436731
2 7 436731
3 0 436739
3 15 436743
6 17 436745
6 20 436750
7 14 436759
7 16 436759
7 15 436768
8 4 436773
8 14 436774
10 14 436777
10 2 436783
10 27 436784
11 30 436788
11 16 436795
11 5 436799
12 5 436799
12 23 436803
13 30 436809
13 35 436817
14 17 436821
14 40 436821
14 35 436826
15 44 436834
15 41 436834
16 38 436840
16 28 436848
17 9 436857
17 23 436865
17 15 436869
18 7 436869
18 4 436869
18 25 436869
20 2 436877
20 17 436881
20 29 436883
21 0 436888
21 38 436896
21 37 436904
22 1 436911
22 23 436919
23 31 436926
23 37 436933
25 9 436936
25 1 436937
26 32 436944
26 20 436951
26 41 436955
27 19 436955
27 0 436958
30 4 436964
30 9 436973
31 20 436980
31 4 436985
32 31 436992
32 15 436992
32 28 436998
35 45 437005
35 21 437010
37 41 437016
37 40 437021
37 3 437029
38 29 437038
38 10 437039
39 17 437046
39 23 437052
40 38 437060
40 42 437064
40 37 437064
41 36 437071
41 15 437080
41 27 437085
44 13 437087
44 41 437087
45 9 437095
45 27 437102
