47
true
0 36 464393
0 23 464400
1 46 464406
1 39 464408
1 32 464408
2 17 464415
2 41 464415
3 20 464423
3 27 464427
6 18 464429
6 33 464434
7 32 464443
7 0 464443
7 14 464452
8 13 464457
8 18 464458
10 8 464461
10 39 464467
10 24 464468
11 41 464472
11 16 464479
11 7 464483
12 35 464483
14 3 464489
14 22 464497
15 1 464501
15 0 464501
15 42 464506
16 30 464514
16 6 464514
17 20 464520
17 29 464528
18 15 464537
18 35 464545
18 10 464549
19 35 464549
19 41 464549
19 44 464549
21 22 464557
21 24 464561
21 31 464563
22 42 464568
22 18 464576
22 43 464584
23 31 464591
23 32 464599
24 5 464606
24 20 464613
26 37 464616
26 19 464617
27 23 464624
27 39 464631
27 0 464635
28 6 464635
28 19 464638
31 24 464644
31 46 464653
32 19 464660
32 30 464665
33 13 464672
33 6 464672
33 12 464678
36 15 464685
36 17 464690
38 16 464696
38 6 464701
38 44 464709
39 1 464718
39 35 464719
40 29 464726
40 16 464727
40 11 464729
45 14 464737
45 17 464744
45 25 464753
46 27 464759
46 20 464768
