58
true
0 14 887310
0 9 887313
1 26 887321
1 56 887324
1 39 887329
3 18 887329
3 30 887335
3 46 887336
4 33 887344
4 57 887348
6 35 887357
6 2 887362
7 8 887365
7 27 887370
10 2 887371
10 55 887378
11 27 887385
11 47 887388
11 18 887397
13 2 887401
13 45 887403
14 55 887410
14 42 887417
16 49 887423
16 21 887428
18 16 887437
18 12 887446
19 21 887446
19 26 887452
19 23 887454
20 9 887460
20 40 887466
21 44 887468
21 0 887474
21 48 887475
24 54 887481
24 34 887486
25 42 887490
25 28 887492
26 41 887496
26 24 887501
26 30 887503
29 54 887512
29 30 887517
29 36 887525
30 18 887527
30 39 887532
32 1 887537
32 37 887545
34 36 887554
34 51 887559
35 10 887559
35 2 887561
35 19 887568
36 7 887577
36 53 887585
39 1 887588
39 15 887596
40 43 887597
40 19 887603
41 3 887604
41 50 887610
42 4 887612
44 17 887621
44 34 887629
44 27 887636
45 1 887644
45 36 887647
48 12 887653
48 35 887654
51 13 887654
51 0 887659
54 49 887661
54 30 887667
54 16 887673
56 45 887680
56 36 887681
56 29 887682
57 23 887685
57 29 887687
57 48 887693
