59
true
0 15 931278
0 6 931281
1 15 931289
1 39 931292
1 32 931297
3 17 931297
3 48 931303
3 39 931304
4 35 931312
4 22 931316
6 58 931325
6 35 931330
7 54 931333
7 2 931338
10 30 931339
10 39 931346
11 13 931353
11 58 931356
11 26 931365
13 18 931369
13 5 931371
14 19 931375
15 28 931381
15 52 931387
16 7 931393
16 11 931393
17 49 931402
17 18 931403
18 52 931409
18 16 931411
19 57 931417
19 53 931423
20 14 931425
20 29 931431
20 51 931432
23 42 931438
23 28 931443
24 45 931447
24 42 931449
25 39 931453
25 31 931458
25 19 931460
28 8 931469
28 17 931474
28 15 931482
29 11 931484
29 9 931489
31 35 931494
31 11 931502
33 14 931511
33 10 931516
34 46 931516
34 13 931518
34 44 931525
35 56 931534
35 9 931542
38 15 931545
38 40 931553
39 37 931554
39 9 931560
40 13 931561
40 32 931567
41 31 931569
41 25 931573
42 8 931582
42 46 931590
42 47 931597
43 16 931605
43 17 931608
46 14 931614
46 6 931615
49 9 931615
49 4 931620
52 32 931622
52 27 931628
52 35 931634
54 49 931641
54 43 931642
54 23 931643
55 5 931646
55 47 931648
55 2 931654
58 56 931659
58 27 931663
