61
true
0 38 1022322
0 4 1022325
1 51 1022333
1 9 1022336
1 59 1022341
3 22 1022341
3 60 1022347
3 50 1022348
4 46 1022356
4 38 1022360
6 9 1022369
6 14 1022374
7 54 1022377
7 40 1022382
10 1 1022383
10 53 1022390
11 49 1022397
11 12 1022400
11 36 1022409
13 49 1022413
13 7 1022415
14 39 1022422
14 15 1022429
16 50 1022435
16 32 1022440
18 1 1022449
18 12 1022458
19 7 1022458
19 3 1022464
19 33 1022466
20 30 1022472
20 11 1022478
21 27 1022480
21 58 1022486
21 5 1022487
24 48 1022493
24 52 1022498
25 55 1022502
25 47 1022504
26 56 1022508
26 17 1022513
26 11 1022515
29 51 1022524
29 27 1022529
30 12 1022529
30 18 1022532
30 32 1022537
31 3 1022542
31 32 1022550
33 25 1022559
33 14 1022564
34 36 1022570
34 31 1022573
35 43 1022574
35 53 1022583
35 28 1022584
37 53 1022587
37 48 1022595
38 43 1022596
38 52 1022602
39 45 1022603
39 31 1022609
40 54 1022611
40 5 1022615
41 37 1022624
41 42 1022632
41 56 1022639
42 25 1022647
42 6 1022650
45 13 1022656
45 37 1022657
48 39 1022657
48 23 1022662
51 48 1022664
51 26 1022670
51 36 1022676
53 41 1022683
53 58 1022684
53 24 1022685
54 27 1022688
54 35 1022690
54 33 1022696
57 2 1022701
57 31 1022705
58 49 1022707
58 4 1022711
59 30 1022711
59 46 1022718
60 27 1022724
60 43 1022730
