66
true
0 1 1285029
0 6 1285033
0 28 1285037
1 52 1285044
1 38 1285047
1 48 1285052
2 42 1285056
2 9 1285063
2 22 1285065
3 29 1285070
3 56 1285073
4 34 1285079
4 31 1285079
4 12 1285087
7 2 1285087
7 50 1285087
7 36 1285089
8 18 1285098
8 21 1285100
9 30 1285109
9 44 1285113
10 7 1285114
10 41 1285123
11 7 1285130
11 26 1285131
12 56 1285134
12 30 1285134
14 22 1285134
14 30 1285140
14 34 1285144
15 53 1285150
15 2 1285153
17 27 1285157
17 53 1285157
18 60 1285162
18 40 1285171
18 55 1285174
19 45 1285181
19 35 1285183
19 17 1285190
20 33 1285190
20 17 1285198
21 63 1285205
21 11 1285214
21 3 1285222
22 28 1285224
23 47 1285231
23 30 1285236
23 12 1285238
25 63 1285244
25 50 1285249
25 47 1285249
28 3 1285253
28 42 1285259
31 1 1285267
31 36 1285272
32 64 1285280
33 57 1285283
33 30 1285284
33 60 1285291
34 24 1285291
34 22 1285298
34 40 1285306
35 42 1285315
35 28 1285321
37 4 1285323
37 27 1285327
37 38 1285332
38 34 1285337
38 20 1285339
41 15 1285339
41 57 1285341
41 53 1285346
42 54 1285353
42 50 1285357
42 33 1285362
43 50 1285364
43 57 1285368
44 17 1285376
44 42 1285378
45 10 1285385
45 35 1285393
45 26 1285398
47 29 1285402
47 63 1285402
47 13 1285403
49 25 1285408
49 36 1285412
49 38 1285420
50 28 1285422
50 24 1285429
50 64 1285437
51 13 1285442
51 2 1285446
52 28 1285447
52 6 1285453
52 10 1285459
53 23 1285466
53 41 1285468
55 31 1285477
55 15 1285477
57 30 1285479
57 58 1285480
57 12 1285488
58 23 1285493
58 1 1285494
59 48 1285497
59 23 1285504
60 22 1285512
60 14 1285517
61 31 1285519
61 3 1285519
61 7 1285522
63 35 1285523
63 32 1285529
