68
true
0 67 1399521
0 36 1399525
0 2 1399529
1 60 1399536
1 32 1399539
1 26 1399544
2 44 1399548
2 57 1399555
2 12 1399557
3 39 1399562
3 50 1399565
4 14 1399568
4 48 1399574
5 32 1399578
5 12 1399584
5 30 1399586
8 0 1399595
10 2 1399597
10 7 1399597
12 53 1399598
12 49 1399607
13 61 1399614
13 32 1399615
14 54 1399618
14 36 1399618
16 36 1399618
16 48 1399624
16 38 1399628
17 3 1399634
17 10 1399637
19 49 1399641
19 9 1399641
20 46 1399646
20 36 1399655
20 47 1399658
21 33 1399665
21 1 1399667
21 43 1399674
22 13 1399674
22 47 1399682
23 55 1399689
23 25 1399698
23 21 1399706
24 10 1399708
24 46 1399711
25 33 1399719
25 17 1399727
25 56 1399736
26 29 1399742
26 52 1399747
26 5 1399747
29 5 1399751
29 48 1399757
32 43 1399765
32 42 1399770
33 20 1399778
33 14 1399781
37 14 1399788
37 20 1399788
37 48 1399790
39 56 1399794
39 52 1399803
40 32 1399808
40 56 1399812
41 31 1399816
41 48 1399821
41 60 1399829
43 2 1399833
43 46 1399839
43 21 1399839
46 57 1399845
46 42 1399852
46 8 1399856
48 33 1399864
48 2 1399871
49 8 1399878
52 64 1399885
52 7 1399893
52 0 1399898
54 1 1399902
54 3 1399902
54 43 1399903
56 23 1399908
56 58 1399912
56 52 1399920
57 14 1399922
57 42 1399929
57 56 1399937
58 57 1399942
58 10 1399946
59 10 1399947
59 18 1399953
59 6 1399959
60 1 1399966
60 59 1399968
62 57 1399977
62 63 1399977
64 40 1399977
64 11 1399979
65 44 1399988
65 33 1399990
65 37 1399991
66 42 1399994
66 37 1400001
67 12 1400009
67 24 1400014
