73
true
0 34 1716856
0 57 1716859
2 28 1716860
2 54 1716864
3 34 1716869
3 18 1716870
5 36 1716878
5 6 1716881
5 7 1716889
12 57 1716891
12 1 1716895
15 26 1716901
15 3 1716902
15 70 1716903
16 72 1716905
16 36 1716905
18 34 1716906
18 53 1716911
20 39 1716916
20 19 1716919
20 51 1716927
21 52 1716932
21 3 1716934
21 50 1716935
23 16 1716935
23 42 1716937
23 4 1716939
27 50 1716944
27 61 1716947
27 6 1716947
29 4 1716947
29 61 1716953
34 55 1716960
34 3 1716963
35 8 1716966
35 67 1716969
36 13 1716973
36 38 1716982
37 52 1716986
37 13 1716991
38 61 1716992
38 55 1716995
38 56 1717000
39 7 1717009
39 34 1717009
40 14 1717015
40 52 1717015
42 45 1717018
42 62 1717025
43 27 1717034
43 10 1717036
44 23 1717045
44 35 1717046
45 17 1717050
45 67 1717057
45 42 1717059
46 60 1717063
46 18 1717072
46 49 1717077
51 69 1717086
51 44 1717090
51 41 1717097
52 10 1717103
52 31 1717103
54 63 1717104
54 37 1717105
54 57 1717112
55 44 1717116
55 25 1717118
56 6 1717122
56 17 1717126
59 35 1717127
59 18 1717133
59 66 1717137
60 55 1717139
60 43 1717140
60 58 1717146
62 55 1717154
62 44 1717162
64 55 1717167
64 25 1717171
65 26 1717171
65 44 1717180
65 53 1717184
67 51 1717185
67 56 1717189
67 38 1717198
68 63 1717200
68 5 1717203
70 69 1717211
70 18 1717216
70 40 1717223
