76
true
1 52 1928858
1 8 1928861
1 56 1928868
2 65 1928870
2 9 1928878
2 18 1928878
4 63 1928881
4 75 1928882
4 11 1928890
5 53 1928899
5 18 1928906
7 66 1928906
7 75 1928910
7 68 1928916
8 49 1928921
8 14 1928921
9 23 1928921
9 31 1928927
10 54 1928934
10 69 1928940
10 62 1928949
11 47 1928953
11 41 1928958
14 2 1928961
14 62 1928963
15 10 1928964
15 44 1928973
15 33 1928977
16 73 1928984
16 45 1928993
17 39 1928999
17 72 1929008
20 25 1929014
20 3 1929020
21 68 1929024
21 46 1929025
21 18 1929029
23 5 1929038
23 45 1929040
23 14 1929047
24 7 1929053
24 36 1929057
25 6 1929066
25 66 1929072
25 35 1929073
26 55 1929080
26 56 1929083
26 62 1929091
28 12 1929093
28 49 1929094
28 57 1929096
29 11 1929096
29 47 1929096
31 28 1929096
31 36 1929099
33 75 1929108
33 42 1929115
35 67 1929115
35 13 1929120
36 34 1929129
36 63 1929134
37 60 1929141
37 57 1929145
38 44 1929151
38 66 1929157
41 50 1929159
41 10 1929168
41 16 1929170
42 4 1929173
43 33 1929181
43 37 1929182
46 71 1929189
46 12 1929193
47 59 1929198
47 7 1929203
48 22 1929211
48 73 1929211
49 7 1929212
49 54 1929216
49 61 1929225
51 1 1929226
51 16 1929229
52 9 1929234
52 31 1929234
53 59 1929239
53 21 1929240
53 34 1929245
55 7 1929253
55 16 1929253
55 33 1929258
56 11 1929259
56 67 1929259
56 75 1929266
58 0 1929273
58 10 1929274
59 41 1929276
59 49 1929279
60 8 1929280
60 55 1929286
60 36 1929295
61 68 1929296
61 40 1929301
61 12 1929310
62 19 1929310
62 26 1929319
63 35 1929320
63 75 1929325
64 3 1929328
64 46 1929332
64 68 1929337
66 2 1929337
66 72 1929341
69 24 1929350
69 18 1929351
69 51 1929352
70 15 1929355
70 61 1929356
72 48 1929361
72 3 1929362
72 37 1929370
73 7 1929379
73 39 1929388
73 13 1929390
75 71 1929390
75 55 1929393
75 8 1929401
