83
true
1 69 2504881
1 5 2504888
3 66 2504893
3 73 2504900
3 30 2504904
4 1 2504907
4 25 2504912
4 75 2504916
6 17 2504922
6 39 2504924
6 22 2504925
7 43 2504932
7 66 2504937
7 79 2504937
8 1 2504941
8 45 2504942
10 44 2504949
10 12 2504954
11 41 2504955
11 64 2504960
11 59 2504967
14 50 2504970
14 29 2504972
15 12 2504979
15 69 2504984
16 70 2504985
16 58 2504993
17 31 2504995
17 53 2504998
18 39 2505004
18 25 2505009
19 1 2505013
19 27 2505020
19 14 2505029
20 68 2505031
20 50 2505038
20 42 2505041
21 43 2505047
21 31 2505052
21 68 2505059
25 63 2505068
25 27 2505077
26 51 2505079
26 47 2505085
27 64 2505094
27 61 2505096
27 15 2505102
28 73 2505107
28 4 2505108
29 17 2505117
29 49 2505117
29 24 2505125
31 51 2505127
31 53 2505136
31 79 2505136
32 34 2505139
32 66 2505147
32 52 2505150
33 5 2505154
34 18 2505161
34 13 2505168
34 68 2505177
35 34 2505178
35 65 2505186
38 70 2505194
38 74 2505197
38 7 2505203
39 78 2505203
39 50 2505206
40 55 2505215
40 47 2505220
40 12 2505222
43 30 2505231
43 44 2505239
43 7 2505242
44 21 2505247
44 35 2505250
44 48 2505254
45 12 2505259
45 14 2505268
45 3 2505268
47 36 2505272
47 13 2505276
47 10 2505280
48 78 2505287
48 49 2505288
48 7 2505296
49 72 2505304
49 51 2505305
49 41 2505308
51 81 2505308
51 27 2505317
51 67 2505322
54 30 2505331
54 14 2505335
55 50 2505341
55 80 2505342
55 35 2505346
56 73 2505355
56 10 2505360
56 21 2505368
57 3 2505370
57 17 2505374
57 12 2505378
59 0 2505381
59 75 2505387
60 67 2505391
60 9 2505398
61 81 2505398
61 82 2505402
61 9 2505405
62 35 2505413
62 3 2505414
63 6 2505419
63 76 2505427
63 12 2505431
66 37 2505431
66 47 2505433
67 66 2505434
67 62 2505441
68 48 2505447
68 45 2505452
70 39 2505454
70 15 2505454
71 74 2505457
71 41 2505465
71 63 2505474
72 6 2505475
72 79 2505479
72 77 2505485
74 33 2505492
74 50 2505497
75 15 2505501
75 31 2505508
77 35 2505508
77 42 2505508
77 39 2505512
78 80 2505516
78 27 2505518
78 59 2505524
79 58 2505524
79 35 2505533
81 57 2505541
81 73 2505548
