91
true
0 74 3288920
0 86 3288927
1 72 3288934
1 24 3288940
2 16 3288942
2 29 3288945
3 39 3288948
3 37 3288951
3 11 3288957
5 12 3288965
5 60 3288973
5 42 3288978
7 50 3288981
7 69 3288985
7 46 3288985
8 33 3288992
8 16 3288994
8 57 3288998
9 51 3289005
9 72 3289012
10 83 3289017
10 36 3289017
10 27 3289024
11 37 3289032
11 66 3289038
15 83 3289047
15 45 3289056
17 62 3289060
17 80 3289063
18 41 3289063
18 34 3289071
19 26 3289074
19 59 3289079
20 33 3289084
20 44 3289091
21 65 3289094
21 66 3289100
21 13 3289105
23 27 3289109
23 30 3289110
24 9 3289112
24 32 3289116
24 15 3289118
25 4 3289125
25 43 3289133
26 39 3289136
26 66 3289141
27 69 3289145
27 9 3289148
28 22 3289149
28 27 3289151
29 66 3289153
29 27 3289160
29 31 3289165
34 7 3289169
34 75 3289172
34 84 3289173
36 38 3289178
36 54 3289183
36 74 3289189
38 44 3289192
38 50 3289199
40 80 3289205
40 66 3289210
40 77 3289214
43 23 3289216
43 37 3289224
44 24 3289232
44 3 3289237
44 69 3289240
46 82 3289245
46 75 3289253
47 34 3289258
47 52 3289259
49 7 3289260
49 26 3289269
49 33 3289273
50 56 3289281
50 46 3289287
51 33 3289291
51 69 3289291
52 89 3289293
52 35 3289299
53 19 3289303
53 47 3289311
53 57 3289311
54 60 3289318
54 57 3289318
55 12 3289319
55 63 3289324
55 38 3289325
56 21 3289332
56 64 3289332
58 83 3289334
58 31 3289334
59 85 3289343
59 2 3289351
59 64 3289360
60 22 3289368
60 26 3289373
60 32 3289378
62 1 3289385
62 16 3289394
63 0 3289402
63 81 3289407
66 32 3289416
66 83 3289419
66 65 3289426
67 70 3289432
67 16 3289433
68 7 3289433
68 57 3289441
68 11 3289445
70 6 3289446
70 14 3289452
70 33 3289459
73 52 3289460
73 50 3289468
73 33 3289470
74 35 3289472
74 38 3289474
74 69 3289483
75 77 3289483
75 45 3289488
75 42 3289495
76 71 3289503
76 1 3289512
76 21 3289520
77 88 3289524
77 78 3289524
77 8 3289528
78 42 3289535
78 12 3289538
79 51 3289546
79 38 3289552
79 56 3289556
80 64 3289557
80 81 3289564
83 53 3289565
83 22 3289574
83 41 3289579
84 28 3289587
84 44 3289588
85 49 3289588
85 14 3289589
85 57 3289595
86 4 3289600
86 85 3289604
86 76 3289612
88 23 3289618
88 0 3289623
88 35 3289623
89 50 3289624
89 28 3289628
89 52 3289632
90 44 3289635
90 13 3289638
