95
true
1 72 3753472
1 83 3753477
1 13 3753484
2 68 3753486
2 58 3753494
2 45 3753497
4 11 3753501
4 45 3753506
5 54 3753508
5 22 3753509
8 44 3753510
8 31 3753516
8 23 3753525
10 36 3753528
10 6 3753528
10 51 3753532
12 50 3753536
12 7 3753540
12 61 3753549
13 20 3753550
13 32 3753554
13 48 3753559
16 84 3753566
16 42 3753570
17 31 3753577
17 64 3753583
18 21 3753590
18 27 3753594
18 65 3753598
19 73 3753598
19 6 3753605
19 8 3753609
20 41 3753617
20 54 3753625
20 56 3753625
23 81 3753625
23 75 3753625
24 44 3753631
24 45 3753639
25 69 3753643
25 73 3753646
26 51 3753650
26 36 3753651
26 49 3753651
27 87 3753651
27 91 3753653
27 12 3753657
28 58 3753658
28 30 3753663
29 45 3753670
29 0 3753678
29 58 3753686
30 29 3753691
30 65 3753699
32 24 3753707
32 49 3753712
32 76 3753718
33 31 3753718
33 70 3753726
33 14 3753730
35 49 3753731
35 46 3753737
36 47 3753743
36 83 3753750
36 63 3753758
37 30 3753766
37 47 3753774
38 63 3753779
38 92 3753783
41 71 3753783
41 24 3753788
41 49 3753797
42 3 3753797
42 26 3753803
46 83 3753810
46 75 3753810
46 62 3753818
50 13 3753820
50 12 3753821
50 49 3753828
52 13 3753828
52 30 3753831
54 78 3753840
54 26 3753842
56 12 3753847
56 31 3753854
56 78 3753860
57 78 3753869
57 60 3753872
57 19 3753874
58 20 3753878
58 44 3753881
58 80 3753881
59 13 3753884
59 93 3753892
59 73 3753894
60 28 3753896
60 66 3753896
61 94 3753905
61 17 3753910
61 92 3753912
63 40 3753917
63 9 3753919
64 10 3753928
64 36 3753934
64 94 3753941
65 89 3753944
65 49 3753946
66 21 3753953
66 59 3753960
66 34 3753969
67 64 3753977
67 79 3753985
67 11 3753986
69 6 3753991
69 46 3753993
70 85 3753997
70 28 3754006
70 78 3754010
72 84 3754019
72 29 3754024
72 42 3754027
73 76 3754029
73 87 3754034
73 6 3754042
77 62 3754048
77 49 3754051
78 82 3754056
78 94 3754056
78 81 3754064
79 61 3754070
79 36 3754071
81 50 3754075
81 43 3754081
82 32 3754085
82 69 3754091
82 80 3754096
83 9 3754104
83 26 3754110
83 58 3754112
84 56 3754118
84 58 3754125
84 16 3754125
85 68 3754126
85 17 3754131
87 29 3754134
87 0 3754134
88 74 3754135
89 47 3754141
89 69 3754148
90 27 3754148
90 2 3754148
90 16 3754148
91 56 3754155
91 41 3754157
91 22 3754166
92 72 3754175
92 48 3754184
92 20 3754192
