96
true
1 76 3854740
1 11 3854745
1 64 3854752
2 39 3854754
2 76 3854762
2 37 3854765
4 94 3854769
4 81 3854774
5 27 3854776
5 78 3854777
5 83 3854784
7 42 3854785
7 44 3854791
7 39 3854800
9 20 3854803
9 14 3854803
9 81 3854807
11 12 3854811
11 90 3854815
11 51 3854824
12 78 3854825
12 81 3854829
12 60 3854834
15 17 3854841
15 87 3854845
16 3 3854852
16 22 3854858
17 38 3854865
17 8 3854869
17 21 3854873
18 16 3854873
18 17 3854880
18 13 3854884
19 95 3854892
19 27 3854900
19 30 3854900
22 78 3854900
22 39 3854900
23 61 3854906
23 21 3854914
24 93 3854918
24 41 3854921
25 57 3854925
25 16 3854926
25 41 3854926
26 8 3854926
26 41 3854928
26 19 3854932
27 67 3854933
27 36 3854938
28 86 3854945
28 46 3854953
28 41 3854961
29 6 3854966
29 46 3854974
31 20 3854982
31 22 3854987
31 51 3854993
32 39 3854993
32 36 3855001
32 18 3855005
34 30 3855006
34 12 3855012
35 59 3855018
35 5 3855025
35 41 3855033
36 55 3855041
36 82 3855049
37 53 3855054
37 21 3855058
40 7 3855058
40 10 3855063
40 26 3855072
41 56 3855072
41 1 3855078
45 74 3855085
45 62 3855085
45 16 3855093
49 36 3855095
49 58 3855096
49 11 3855103
51 83 3855103
51 37 3855106
53 11 3855115
53 73 3855117
55 75 3855122
55 83 3855129
55 70 3855135
56 67 3855144
56 38 3855147
56 87 3855149
57 52 3855153
57 24 3855156
57 13 3855156
58 19 3855159
58 75 3855167
58 18 3855169
59 43 3855171
59 52 3855171
60 7 3855180
60 51 3855185
60 75 3855187
62 75 3855192
62 72 3855194
63 42 3855203
63 67 3855209
65 70 3855212
65 27 3855214
66 53 3855221
66 89 3855228
67 17 3855237
67 90 3855241
67 68 3855242
68 54 3855250
68 16 3855255
69 90 3855260
69 10 3855264
69 65 3855273
73 40 3855282
73 72 3855287
73 75 3855290
74 68 3855292
74 88 3855297
74 35 3855305
78 16 3855311
78 87 3855314
79 1 3855319
79 56 3855319
79 58 3855327
80 73 3855333
80 87 3855334
82 92 3855338
82 27 3855344
83 30 3855353
83 8 3855353
84 23 3855357
84 76 3855358
84 16 3855361
85 17 3855362
85 10 3855365
85 31 3855371
86 73 3855374
86 25 3855376
87 78 3855378
87 37 3855381
89 61 3855385
89 49 3855394
89 52 3855401
91 57 3855409
91 93 3855409
92 14 3855410
92 16 3855415
92 17 3855422
93 90 3855424
94 69 3855433
94 10 3855442
94 53 3855450
