98
true
0 21 4102671
0 11 4102678
1 34 4102686
1 37 4102691
1 80 4102696
2 76 4102705
2 85 4102706
2 56 4102711
3 39 4102718
3 33 4102722
3 50 4102722
4 69 4102727
4 65 4102728
4 79 4102728
5 91 4102737
5 81 4102744
6 8 4102746
6 32 4102754
7 51 4102755
7 35 4102756
7 54 4102758
10 27 4102761
10 19 4102764
10 85 4102772
11 58 4102780
11 16 4102789
15 71 4102789
15 25 4102790
15 64 4102795
16 71 4102803
16 63 4102811
16 38 4102816
18 10 4102820
18 63 4102825
19 6 4102831
19 60 4102839
19 64 4102845
20 97 4102853
20 26 4102858
21 4 4102860
21 43 4102868
24 13 4102871
24 88 4102874
25 85 4102883
25 19 4102884
25 20 4102884
27 92 4102892
27 2 4102894
27 3 4102897
29 76 4102898
29 49 4102902
30 93 4102905
30 1 4102909
31 14 4102916
31 4 4102922
32 89 4102929
32 87 4102933
33 47 4102938
33 35 4102940
34 91 4102946
34 38 4102952
35 56 4102952
35 1 4102959
36 26 4102963
36 74 4102964
37 88 4102968
37 84 4102975
39 40 4102984
39 97 4102989
39 18 4102994
42 11 4102996
42 13 4103002
42 44 4103011
43 65 4103015
43 79 4103021
44 38 4103027
44 6 4103034
45 58 4103039
45 49 4103045
46 97 4103048
46 1 4103051
49 73 4103055
49 82 4103062
50 83 4103070
50 22 4103070
50 69 4103076
51 48 4103078
51 50 4103086
51 17 4103090
52 22 4103094
52 5 4103096
52 4 4103105
53 59 4103107
53 82 4103107
54 88 4103116
54 3 4103125
54 82 4103128
56 75 4103136
56 6 4103141
57 17 4103147
57 87 4103151
57 15 4103156
58 63 4103165
58 96 4103170
59 75 4103174
59 56 4103174
59 82 4103182
60 85 4103189
60 20 4103191
60 15 4103195
61 90 4103198
61 91 4103198
61 33 4103200
62 22 4103206
62 29 4103213
62 46 4103214
63 44 4103220
63 38 4103227
63 48 4103229
64 32 4103230
64 49 4103239
64 94 4103240
66 35 4103245
66 58 4103245
66 28 4103247
67 93 4103247
67 0 4103254
68 78 4103263
68 31 4103263
69 11 4103264
69 71 4103266
69 53 4103271
70 52 4103275
70 68 4103282
71 18 4103284
71 8 4103291
71 84 4103298
72 66 4103307
72 32 4103316
73 80 4103319
73 63 4103326
73 32 4103334
75 31 4103337
75 59 4103339
75 52 4103339
76 0 4103347
77 8 4103347
77 79 4103354
79 0 4103355
79 71 4103358
79 54 4103361
80 55 4103361
80 56 4103364
81 40 4103369
81 91 4103372
82 78 4103375
82 14 4103378
82 5 4103386
83 76 4103394
83 11 4103399
83 73 4103405
84 30 4103405
84 29 4103414
84 16 4103414
85 72 4103417
85 46 4103420
86 42 4103420
86 31 4103423
86 65 4103428
87 35 4103428
87 59 4103430
91 61 4103432
91 17 4103439
93 4 4103444
93 5 4103449
93 23 4103452
96 17 4103452
96 67 4103458
97 34 4103461
97 74 4103467
