99
true
0 18 4218687
0 6 4218694
1 87 4218702
1 10 4218707
1 76 4218712
2 83 4218721
2 51 4218722
2 7 4218727
3 52 4218734
3 47 4218738
3 64 4218738
4 62 4218743
4 95 4218744
4 6 4218744
5 13 4218753
5 59 4218760
5 45 4218769
6 21 4218775
6 75 4218777
6 71 4218778
7 76 4218786
7 81 4218786
7 24 4218795
9 73 4218798
9 48 4218806
9 10 4218814
10 22 4218823
10 63 4218823
12 7 4218823
12 9 4218824
12 28 4218829
13 97 4218837
13 53 4218845
13 96 4218850
15 64 4218854
15 5 4218859
16 51 4218865
16 5 4218873
16 35 4218879
17 96 4218887
17 50 4218892
18 13 4218894
18 21 4218902
21 59 4218905
21 11 4218908
22 14 4218917
22 7 4218918
22 79 4218918
24 90 4218924
24 59 4218929
25 54 4218932
25 62 4218933
27 79 4218938
27 14 4218941
28 49 4218941
28 76 4218947
30 74 4218954
30 24 4218958
31 65 4218963
31 27 4218965
32 79 4218971
32 63 4218977
33 66 4218977
33 17 4218984
34 94 4218988
34 40 4218989
35 89 4218993
35 27 4219000
37 24 4219009
37 66 4219014
37 71 4219019
40 91 4219021
40 66 4219027
40 67 4219036
41 22 4219040
41 80 4219046
42 62 4219052
42 3 4219059
43 15 4219064
43 26 4219070
44 49 4219077
44 50 4219082
44 18 4219090
46 0 4219094
46 89 4219101
47 56 4219109
47 48 4219109
47 23 4219115
48 1 4219117
48 10 4219125
48 4 4219129
49 44 4219133
49 90 4219135
49 61 4219144
50 1 4219146
50 57 4219146
50 68 4219154
52 24 4219163
52 13 4219166
54 81 4219167
54 13 4219175
54 58 4219179
55 62 4219180
55 4 4219183
57 32 4219192
57 33 4219197
58 88 4219201
58 67 4219201
58 21 4219209
59 45 4219216
59 28 4219218
59 57 4219222
60 25 4219225
60 67 4219225
60 51 4219227
61 60 4219233
61 53 4219240
61 51 4219241
62 84 4219247
62 44 4219254
62 57 4219256
63 78 4219257
63 44 4219266
63 56 4219267
65 88 4219272
65 38 4219272
65 79 4219274
66 32 4219274
66 28 4219281
67 7 4219290
67 4 4219290
68 96 4219291
68 94 4219293
68 21 4219298
69 60 4219302
69 57 4219309
70 84 4219311
70 25 4219318
70 64 4219325
71 85 4219334
71 7 4219343
72 95 4219346
72 42 4219353
72 74 4219361
74 20 4219364
74 25 4219366
74 71 4219366
75 37 4219374
75 17 4219379
77 98 4219386
77 9 4219394
78 94 4219403
78 76 4219405
78 81 4219406
80 2 4219409
80 31 4219417
82 6 4219417
82 91 4219420
86 8 4219424
86 53 4219425
86 85 4219432
87 23 4219436
87 52 4219441
91 13 4219444
91 60 4219447
92 16 4219447
92 49 4219450
92 44 4219455
93 84 4219455
93 13 4219457
97 84 4219459
97 45 4219466
