13
79
false
0 1 0
0 11 9
0 2 0
0 6 15
0 10 10
0 12 12
0 5 0
0 8 8
0 4 0
0 7 1
0 3 5
1 2 16
1 8 14
1 0 13
1 9 7
1 6 2
1 12 11
1 4 16
2 4 9
2 8 9
2 7 6
2 9 18
2 3 18
2 11 5
2 5 3
2 6 3
3 0 18
3 7 18
3 8 16
3 2 9
3 11 3
3 12 6
3 10 7
3 6 7
3 4 3
3 1 10
3 9 14
4 11 13
4 10 2
4 2 0
4 1 10
4 7 9
4 0 14
4 12 12
4 8 13
4 6 0
5 4 4
5 3 14
5 7 2
5 1 4
5 6 8
5 8 12
5 10 13
5 11 17
5 0 1
5 12 13
5 9 1
5 2 11
6 11 5
6 7 7
7 3 13
7 8 9
7 2 2
7 10 14
7 4 0
8 1 1
8 2 1
8 9 18
8 4 17
8 5 4
8 12 18
8 11 11
9 3 9
11 5 13
11 8 7
12 8 0
12 6 17
12 3 18
12 0 16
