24
283
false
0 4 0
0 9 9
0 21 0
0 8 15
0 22 16
0 10 12
0 1 14
0 16 7
0 18 6
0 3 0
0 7 16
0 6 8
0 11 1
0 5 5
0 12 18
0 13 1
0 2 17
0 20 9
0 17 6
0 23 15
0 14 5
0 15 18
0 19 3
3 12 16
3 4 1
3 16 1
3 17 4
3 10 17
3 20 0
3 8 14
4 1 7
4 0 12
4 16 13
5 19 7
5 8 4
5 4 14
5 21 2
5 22 4
5 13 12
5 17 14
5 15 1
5 10 15
5 0 13
5 16 17
5 2 7
5 23 1
6 13 12
6 12 8
6 0 16
6 23 7
6 2 13
6 18 17
6 11 13
6 15 5
6 1 11
6 19 0
6 9 15
6 10 0
6 8 16
6 20 3
6 14 10
6 4 14
6 3 12
6 21 18
6 7 1
6 22 18
6 16 15
6 17 17
6 5 16
7 11 6
7 14 3
7 5 14
7 18 2
7 23 14
7 22 13
7 16 16
7 21 1
7 15 11
7 10 11
7 17 0
7 0 8
7 1 4
7 2 12
7 6 14
7 4 2
7 3 18
7 12 9
7 8 15
7 19 12
8 19 11
8 20 12
8 2 14
8 12 11
8 4 9
8 1 7
8 18 13
8 17 14
8 13 13
8 16 12
8 11 1
8 15 7
8 5 15
8 3 11
8 22 12
8 10 11
8 7 13
8 6 3
8 21 3
8 14 4
8 9 18
8 23 14
8 0 0
9 23 16
9 16 11
9 18 18
9 15 0
9 19 8
10 9 0
10 8 4
10 18 3
10 11 2
10 16 12
10 14 15
10 5 11
10 19 11
10 15 15
10 22 2
10 1 2
10 2 16
10 7 9
10 13 9
10 23 15
10 20 1
11 22 16
11 13 2
11 7 3
11 14 8
11 15 14
11 3 6
11 21 3
11 6 9
12 18 12
12 14 10
12 5 11
12 4 7
12 19 2
12 6 8
12 17 9
12 22 2
12 2 16
12 15 4
12 9 6
12 10 1
12 0 9
12 8 18
12 16 14
12 1 14
13 15 11
13 12 9
13 5 3
13 8 7
13 2 18
13 16 5
13 18 1
13 17 16
13 0 10
13 7 15
13 9 18
13 20 17
13 19 13
13 11 12
13 21 4
13 3 3
13 22 8
13 14 1
13 1 15
13 23 18
14 18 2
14 4 5
14 8 7
14 16 4
14 11 14
14 12 1
14 22 14
14 15 1
14 19 12
14 6 10
14 10 1
14 7 3
14 0 11
14 13 11
14 20 8
14 21 8
14 17 9
14 9 4
14 1 0
14 3 14
14 23 14
14 2 3
15 9 16
15 17 11
15 1 14
15 14 17
15 19 3
15 12 5
15 2 3
15 16 13
15 3 9
15 18 1
15 21 17
16 4 1
16 3 15
16 22 7
16 23 14
16 2 15
16 0 8
16 6 6
16 13 16
16 10 2
16 5 13
16 11 14
16 15 16
16 18 1
16 17 7
16 9 9
16 14 3
16 21 9
16 7 15
17 12 12
17 18 5
17 6 17
17 8 11
17 2 6
17 22 10
17 9 6
19 1 17
19 8 12
19 14 11
19 12 13
19 6 4
19 15 9
19 2 8
19 16 15
19 17 7
19 10 8
19 7 11
19 5 13
19 20 9
19 22 15
19 23 2
19 9 5
19 4 15
19 3 3
20 11 15
20 15 7
20 4 5
20 3 9
20 7 12
20 14 1
22 17 7
22 2 5
22 4 15
22 5 5
22 19 13
22 10 6
22 18 3
22 3 9
22 14 1
22 1 12
22 8 0
23 14 1
23 5 4
23 10 16
23 3 12
23 6 13
23 19 3
23 22 13
23 4 5
23 9 2
23 15 4
23 11 5
23 12 13
23 21 18
