25
275
false
0 16 0
0 4 9
0 6 0
0 14 15
0 20 16
0 22 10
0 9 12
0 13 14
0 11 7
0 2 0
0 8 0
0 17 16
1 7 15
1 23 14
1 10 18
1 17 6
1 16 15
1 21 16
1 13 14
2 11 17
2 22 1
2 1 16
2 5 16
2 13 8
2 7 10
2 9 3
2 15 17
2 3 7
2 21 10
2 12 1
2 17 9
2 4 6
2 8 18
2 20 18
2 6 3
2 19 7
2 24 7
2 14 4
2 23 8
2 16 3
3 21 3
3 14 15
3 0 17
3 17 12
3 4 10
3 7 14
3 8 4
3 1 14
3 2 1
3 5 4
3 18 11
3 22 17
5 21 14
5 7 18
5 19 17
5 15 4
5 20 14
5 22 2
5 14 4
5 16 8
5 1 12
5 17 6
5 10 14
5 13 1
5 24 17
6 9 10
6 5 18
6 11 16
6 15 0
6 19 12
6 1 0
6 10 12
6 14 8
6 12 7
6 23 5
6 24 10
6 13 17
6 4 1
7 23 17
7 16 8
8 12 3
8 7 5
8 18 7
8 13 3
8 10 10
8 4 14
8 24 12
8 9 18
8 20 12
8 0 1
8 11 18
9 16 18
9 21 15
9 5 12
9 17 7
9 0 13
9 22 3
9 20 7
9 15 0
9 11 18
9 3 7
9 24 9
9 18 13
9 10 7
10 16 0
13 7 16
13 3 12
13 11 2
13 16 6
13 21 16
13 6 14
13 15 13
13 12 16
13 5 1
13 1 11
13 9 11
13 18 6
13 24 0
13 22 8
13 10 11
13 14 17
13 17 0
14 20 11
15 24 14
15 12 3
15 0 7
15 19 2
15 18 10
15 4 18
15 22 6
15 20 4
15 9 7
15 17 0
15 5 17
15 7 9
15 10 15
15 1 12
15 6 5
15 11 7
15 16 16
15 23 4
15 21 12
16 18 11
16 19 10
16 20 5
16 22 12
16 15 14
16 17 16
16 7 15
16 2 7
16 23 11
16 8 6
16 21 14
16 13 13
16 14 12
16 11 18
16 10 15
16 5 13
16 12 6
16 4 4
16 0 10
16 9 0
16 24 11
16 3 9
17 15 9
17 19 9
17 7 17
17 23 11
17 6 12
17 13 6
17 4 5
17 3 0
17 0 2
17 22 11
17 10 11
17 2 9
17 11 15
18 11 7
18 7 14
18 21 3
18 17 4
18 0 16
18 22 1
18 4 14
18 8 18
18 14 2
18 16 8
18 23 14
18 10 16
18 1 12
18 20 7
18 12 3
18 9 0
18 15 2
18 3 15
18 13 14
18 5 2
18 2 14
18 24 6
18 19 10
18 6 8
19 5 1
19 2 15
19 13 12
19 14 8
19 8 4
19 0 17
19 6 18
19 18 10
19 11 16
19 17 8
19 20 18
19 21 2
19 23 15
19 15 13
19 4 2
19 3 9
19 9 7
19 1 18
19 22 16
19 7 10
19 12 18
19 16 13
20 21 12
20 5 1
20 18 17
20 16 1
20 8 16
20 19 16
20 23 9
20 2 12
20 4 4
21 5 8
21 15 1
22 6 11
22 24 5
22 17 0
22 1 0
22 4 16
22 3 11
22 11 14
22 23 15
22 9 16
22 21 2
22 10 5
22 20 7
22 15 4
22 5 14
22 8 12
23 14 4
23 8 10
23 0 15
23 11 12
24 13 18
24 12 17
24 19 3
24 7 3
24 11 11
24 5 11
24 16 10
24 0 8
24 15 9
24 18 4
24 17 0
24 6 6
24 4 0
24 3 4
24 9 6
24 8 16
24 10 17
24 22 14
24 1 6
24 2 11
24 20 11
24 23 2
