38
748
false
0 6 0
0 31 9
0 5 0
0 2 15
0 18 16
0 11 10
0 10 12
0 25 14
0 24 7
0 30 0
0 23 0
0 15 16
0 34 11
0 14 8
0 35 2
0 13 1
0 26 16
0 16 10
0 4 17
0 12 1
0 27 15
1 18 13
1 9 15
1 37 6
1 29 4
1 19 1
1 7 0
1 24 5
1 28 2
1 25 16
1 3 5
1 0 16
1 22 18
1 12 9
1 32 17
1 23 17
1 17 6
1 8 7
1 5 4
1 21 5
1 10 9
1 26 7
1 11 3
1 13 12
2 10 15
2 33 8
2 19 13
2 23 3
2 14 11
2 31 2
2 35 13
2 1 0
2 20 10
2 4 9
2 30 15
2 36 14
2 0 13
2 18 12
2 22 13
2 17 0
2 26 2
2 21 8
2 8 6
2 25 7
2 15 18
2 29 10
2 34 18
3 16 17
3 8 7
3 19 13
3 31 1
3 12 13
3 35 15
3 26 0
3 32 17
3 36 16
3 13 14
3 28 9
3 5 1
3 24 4
4 3 0
4 0 10
4 19 10
4 29 15
4 7 1
4 36 16
4 8 17
4 30 3
4 12 5
4 13 7
4 32 10
4 28 14
4 21 12
4 33 18
4 9 1
4 10 1
4 35 18
4 2 18
4 37 17
4 15 4
4 31 4
4 24 6
4 26 9
4 18 14
4 34 0
4 11 17
4 25 18
4 22 2
4 14 5
4 1 4
5 13 4
5 22 11
5 8 18
5 24 6
5 11 0
5 30 6
5 3 16
5 27 2
5 29 4
5 17 17
5 34 7
6 19 5
6 31 11
6 15 14
6 14 4
6 22 10
6 7 9
6 21 7
6 10 3
6 37 16
6 23 4
6 0 11
6 27 16
6 17 1
6 28 10
6 34 1
6 24 11
6 26 1
6 16 17
6 4 15
6 25 11
6 36 15
6 9 7
6 12 13
6 1 14
6 3 1
6 2 0
6 8 12
6 18 10
6 11 8
6 33 14
7 11 18
7 21 5
7 3 13
7 9 9
7 16 3
7 26 9
7 24 17
7 20 11
7 8 12
7 35 6
7 17 16
7 34 5
7 27 8
7 22 0
7 30 7
7 32 16
7 6 15
7 14 4
7 33 2
8 28 18
8 35 14
8 26 5
8 14 4
8 12 16
8 25 1
8 9 14
8 37 18
8 3 3
8 24 0
8 13 2
8 22 10
8 16 8
8 33 14
8 17 12
8 15 14
8 4 0
8 0 0
8 23 10
8 11 4
8 19 3
8 36 12
10 21 12
10 30 6
10 29 11
10 22 14
10 19 11
10 16 2
10 15 2
10 8 16
10 2 14
10 1 9
10 36 7
10 12 15
10 27 2
10 37 0
10 5 9
11 28 2
11 27 7
11 18 16
11 6 14
11 10 5
11 30 13
11 15 6
11 20 13
11 12 16
11 29 2
11 21 9
11 17 3
11 14 8
11 9 1
11 7 14
11 5 6
11 31 11
11 1 3
11 36 9
11 32 9
11 2 9
11 8 0
11 37 4
11 16 17
11 23 11
11 26 18
11 0 8
11 35 2
12 18 14
12 32 4
12 11 14
12 15 10
12 28 13
12 1 0
12 31 14
12 2 0
12 3 2
12 7 6
12 37 6
12 5 15
12 35 9
12 29 15
12 34 6
12 26 7
12 36 16
12 17 17
12 4 16
12 9 1
12 24 6
13 31 3
13 23 0
13 26 8
13 18 1
13 30 11
13 24 2
13 19 7
13 0 14
13 35 17
13 11 10
13 3 5
13 29 9
13 33 8
13 15 18
13 16 5
13 2 18
13 4 8
13 14 15
13 20 16
13 1 14
13 10 4
13 5 12
13 37 0
13 17 1
13 22 3
13 8 0
13 9 12
14 28 11
14 25 0
14 32 6
14 18 13
15 19 17
15 4 0
15 21 16
15 33 3
16 26 16
16 14 17
16 5 14
16 22 4
16 35 14
16 32 6
16 0 0
16 18 6
16 19 12
16 28 15
16 15 16
16 17 9
16 13 13
16 36 8
16 8 0
16 4 14
16 20 4
16 31 16
16 7 12
16 6 17
16 9 3
16 24 2
16 12 3
16 37 6
16 30 5
17 8 17
17 37 3
17 2 11
17 5 3
17 23 18
17 29 13
17 6 5
17 19 13
17 30 3
17 15 14
17 36 16
17 7 1
17 34 13
17 4 10
17 33 17
17 12 16
17 20 13
17 26 2
17 21 3
17 25 6
17 24 2
17 16 1
17 28 18
17 11 1
17 32 1
17 14 11
17 10 13
17 35 0
17 13 3
17 3 18
17 9 3
17 22 8
17 0 11
19 30 10
19 33 6
19 32 16
19 11 17
19 24 12
19 0 11
19 36 4
19 25 9
19 28 8
19 17 12
19 1 7
19 26 17
19 18 8
19 21 11
19 15 13
19 14 9
19 10 3
19 4 15
19 5 5
19 12 3
19 23 3
19 9 7
19 7 13
19 3 3
19 31 10
20 5 12
20 23 10
20 16 17
20 12 16
20 32 0
20 3 0
20 13 15
20 2 8
20 31 4
20 7 1
20 37 15
20 24 9
20 17 15
20 34 8
20 27 17
20 21 10
20 11 16
20 26 15
20 15 11
21 30 7
21 29 6
21 28 17
21 0 6
21 36 15
21 1 14
21 9 9
21 3 4
21 31 11
21 11 15
21 4 16
21 22 16
21 37 7
21 5 5
21 20 9
21 18 2
21 12 2
21 17 13
21 26 2
21 10 11
21 35 16
21 27 7
21 25 5
21 32 10
22 4 9
22 5 3
22 27 15
22 7 7
22 1 0
22 3 14
22 36 3
22 35 18
22 8 1
22 13 5
22 10 9
22 30 16
22 26 18
22 11 13
22 25 0
22 37 9
22 15 16
22 9 15
22 31 4
22 19 5
22 29 13
22 0 3
22 33 8
22 23 7
22 32 10
22 18 16
22 16 10
22 2 15
22 14 11
22 6 10
23 14 17
24 30 8
24 1 3
25 18 9
25 5 11
25 6 4
25 1 8
25 7 18
25 32 4
25 15 4
25 31 13
25 16 9
25 17 11
25 4 0
25 0 9
25 37 3
25 9 11
25 13 7
25 3 15
26 35 0
26 31 10
26 22 10
26 24 12
26 5 16
26 36 3
26 33 4
26 2 14
26 11 16
26 1 2
26 32 8
26 4 9
26 9 0
26 27 6
26 10 10
26 17 18
26 25 3
26 13 1
27 8 6
27 5 0
27 36 0
27 24 14
27 20 4
27 28 6
27 12 5
27 4 18
27 22 7
27 2 0
27 26 8
27 11 5
27 34 16
27 17 3
27 18 15
27 1 12
27 35 2
27 31 16
27 29 18
27 0 12
27 7 4
27 25 13
27 32 15
27 23 17
27 6 6
28 22 15
28 2 7
28 17 15
28 13 8
28 10 6
28 1 18
28 8 17
28 29 6
28 37 14
28 31 16
28 27 14
28 33 3
28 20 2
28 30 1
28 16 0
28 36 4
28 23 16
29 7 3
29 6 5
29 20 2
29 22 15
29 10 17
29 9 14
29 24 5
29 12 4
29 35 13
29 32 3
29 8 11
29 36 9
29 15 11
29 30 14
29 5 2
29 4 8
29 19 12
29 21 18
29 28 14
29 3 7
30 34 0
30 12 15
30 11 7
30 17 11
30 31 2
30 18 5
30 2 7
30 9 17
30 5 5
30 36 11
30 1 4
30 28 8
30 4 14
30 3 17
30 21 15
30 37 14
30 6 14
30 23 15
30 33 8
30 16 1
30 0 5
30 22 11
30 19 13
30 10 16
31 26 14
31 24 8
31 32 2
31 21 11
31 8 11
31 30 13
31 12 17
31 13 15
31 3 9
31 0 5
31 19 3
31 7 1
31 1 12
31 11 6
31 36 14
31 9 4
31 20 4
31 25 3
31 14 3
31 33 1
31 29 18
31 37 8
31 35 12
31 2 2
31 18 9
31 23 2
31 22 5
31 6 12
31 28 2
31 16 5
31 27 6
31 4 0
31 17 0
31 10 2
32 1 14
32 11 4
32 13 4
32 7 8
32 4 15
32 26 2
32 19 9
32 14 9
33 16 11
33 10 4
33 32 15
33 21 5
33 7 6
33 3 16
33 35 7
33 6 17
33 31 14
33 18 8
33 8 4
33 19 14
33 17 13
33 1 17
33 2 8
33 13 18
33 0 12
33 23 0
33 4 8
33 9 12
33 12 6
33 20 10
33 37 12
33 24 2
33 27 11
33 26 2
33 11 9
33 29 12
33 36 1
33 5 9
33 14 5
34 18 9
34 11 8
34 32 14
34 28 5
34 20 16
34 5 18
34 13 10
34 14 1
34 1 12
34 2 7
34 24 15
34 26 12
34 29 9
34 25 9
34 17 12
34 12 4
34 33 10
34 9 11
34 7 4
34 27 3
34 22 11
34 36 10
34 0 0
34 37 14
34 19 5
34 3 6
34 31 11
34 30 0
34 15 14
34 6 14
34 16 1
34 21 9
34 35 3
34 8 0
35 8 15
35 6 18
35 14 11
35 26 12
35 9 15
35 19 18
35 22 4
35 11 14
35 2 9
35 37 3
35 5 16
35 34 17
35 32 10
35 30 17
35 3 1
35 13 3
35 33 1
35 36 4
35 24 1
35 23 7
35 28 0
35 7 0
35 29 15
35 16 12
35 4 17
35 20 10
35 31 10
35 27 3
35 0 11
35 18 7
35 17 4
35 10 1
35 21 10
35 1 16
35 15 15
35 25 18
35 12 12
36 37 15
36 26 1
36 15 3
36 35 3
36 16 5
36 33 12
36 34 10
36 23 2
36 28 2
36 1 10
36 31 4
36 3 16
36 14 5
36 25 8
36 20 1
36 7 12
36 0 11
36 29 11
36 27 11
36 21 1
36 12 6
36 30 2
36 24 11
36 18 15
36 32 3
36 5 1
36 10 15
36 19 9
36 17 18
37 22 16
37 21 10
37 26 15
37 7 18
37 34 16
