43
910
false
0 41 16
0 39 8
0 24 7
0 16 2
0 20 8
0 31 5
0 6 17
0 7 5
0 28 8
0 4 3
0 12 18
0 23 18
0 18 17
0 22 6
1 11 16
1 19 12
1 2 9
1 20 5
1 8 15
1 3 14
1 34 18
1 28 12
1 27 0
1 4 2
1 22 8
1 33 1
1 16 1
1 0 1
1 10 18
1 13 4
1 29 9
1 6 13
1 26 0
1 35 1
1 40 2
1 25 7
1 7 2
1 15 9
1 38 2
1 21 14
1 42 13
1 31 1
1 18 5
1 5 2
1 14 6
1 12 10
1 39 2
1 36 4
2 0 16
2 23 1
2 32 15
2 21 18
2 5 17
2 9 9
2 1 7
2 31 11
2 27 14
2 29 18
2 38 11
2 40 5
2 14 12
2 30 1
2 11 12
2 22 12
2 19 6
2 26 3
2 20 12
2 39 15
2 34 2
2 10 7
2 36 16
2 3 7
3 22 12
3 30 11
3 6 2
3 15 8
3 24 18
3 12 7
3 33 7
3 27 7
3 38 0
3 8 12
3 28 5
3 37 1
3 42 12
3 40 8
3 29 0
3 11 3
3 1 3
3 19 13
3 31 7
3 35 10
3 17 8
3 2 14
3 18 9
3 14 3
3 0 18
3 25 5
3 39 16
3 16 0
3 13 4
3 5 7
3 23 2
3 9 3
3 7 12
3 41 14
3 10 5
3 26 11
3 20 0
3 4 3
3 34 1
3 32 10
3 36 2
4 20 16
4 39 6
4 8 13
4 32 4
4 2 3
4 1 12
4 34 12
4 25 5
4 24 16
4 31 1
4 35 11
4 5 1
4 21 2
4 29 16
4 38 14
4 41 7
4 28 7
4 10 5
4 6 12
4 0 18
4 14 2
5 31 5
5 14 16
5 28 15
5 18 7
5 10 5
5 41 4
5 37 13
5 24 16
5 40 17
5 21 1
5 38 12
5 22 4
5 15 17
5 20 11
5 33 8
5 7 4
5 12 10
5 35 13
5 27 14
5 17 3
5 36 8
5 30 10
5 19 4
5 13 13
5 1 2
5 29 11
5 11 15
5 4 4
5 23 13
5 16 6
5 26 8
5 34 5
5 9 5
5 42 5
5 8 8
5 32 18
5 0 2
6 27 8
6 31 14
6 0 14
6 4 15
6 41 9
6 36 6
6 20 14
6 24 2
6 2 11
6 42 8
6 19 6
6 38 3
7 4 18
7 35 17
7 8 10
7 3 6
7 24 11
7 14 10
7 34 7
7 26 6
7 6 3
7 13 12
7 30 4
7 0 0
7 40 12
7 23 15
7 2 18
7 18 4
7 42 0
7 1 5
7 38 11
7 28 11
7 5 2
7 11 8
7 36 11
7 16 17
7 19 16
7 32 3
7 9 1
7 25 13
7 33 0
7 15 6
7 10 5
7 21 8
8 31 18
8 33 7
8 2 4
8 26 5
8 3 18
8 11 17
9 22 1
9 8 5
9 25 2
9 26 1
9 32 0
9 24 13
9 30 2
9 1 6
9 17 16
9 42 15
9 33 10
9 34 8
9 4 18
10 34 13
10 11 12
10 0 5
10 30 14
10 14 12
10 25 0
10 17 7
10 27 9
10 22 7
10 38 14
10 39 3
10 19 15
10 37 12
10 15 6
10 2 17
11 22 15
11 33 18
12 4 0
12 40 10
12 6 3
12 34 10
12 26 18
12 33 16
12 32 6
12 1 0
12 17 0
12 42 10
12 24 6
12 38 8
12 23 12
13 21 15
13 42 13
13 0 9
13 8 5
13 28 12
13 36 8
13 10 15
13 4 5
13 5 12
13 24 2
13 22 4
13 1 3
13 40 9
13 39 11
13 19 16
13 18 11
13 3 4
13 20 18
13 23 0
13 30 7
13 38 3
13 12 7
13 32 4
13 41 6
13 33 0
13 26 14
13 16 7
13 27 13
13 34 4
13 11 7
13 9 9
13 37 9
14 6 14
14 42 13
14 12 16
14 15 10
14 4 9
14 27 10
14 0 3
14 25 15
14 8 2
14 34 8
14 29 9
14 36 11
14 40 18
14 19 0
14 23 3
14 18 7
15 18 17
15 31 12
15 13 5
15 30 5
15 25 2
15 10 5
15 3 12
15 20 2
15 8 4
15 17 10
15 7 12
15 40 11
15 5 12
15 37 11
15 29 18
15 22 5
15 36 1
15 26 6
15 42 14
15 14 2
15 1 5
15 9 12
15 27 17
15 23 6
15 33 17
15 11 4
15 32 15
15 16 11
15 24 16
16 26 12
16 11 14
16 15 5
16 13 18
16 20 13
16 0 18
16 39 17
16 17 6
16 27 8
16 21 15
16 10 6
16 18 9
16 35 3
16 28 18
16 36 12
16 38 8
16 5 9
16 12 8
16 30 0
16 40 12
17 12 11
17 2 17
17 26 16
18 4 12
18 2 2
18 42 8
19 9 5
19 14 14
19 38 2
19 6 5
19 15 11
19 8 14
19 32 7
19 35 1
19 20 7
19 39 4
19 1 15
19 22 3
19 10 0
19 4 17
19 31 6
19 25 5
19 3 9
19 42 16
19 23 12
19 11 8
19 28 8
19 41 18
19 13 17
19 26 6
19 21 18
19 0 0
19 37 7
19 2 3
19 40 5
19 18 15
19 29 4
19 33 18
19 16 17
19 17 1
19 5 8
19 30 14
21 0 10
21 14 16
21 41 0
21 32 5
21 26 0
21 4 4
21 9 17
22 10 18
22 6 15
23 17 0
23 40 17
23 20 11
23 32 0
23 12 8
23 26 9
23 6 3
23 10 9
23 21 7
23 8 4
23 2 5
23 36 1
23 34 17
23 37 9
23 39 16
23 35 5
23 30 3
23 9 7
23 28 13
23 5 0
23 11 15
23 4 12
23 18 6
23 27 9
23 3 11
24 21 10
24 30 7
24 20 16
24 32 3
24 14 9
24 2 5
24 22 18
24 34 12
24 35 16
24 11 13
24 6 5
24 0 10
24 28 0
24 26 11
24 16 3
24 9 14
24 1 15
24 18 9
24 29 8
24 40 6
24 19 6
24 38 5
24 4 8
24 13 11
24 8 14
24 39 0
25 32 5
25 31 8
25 24 13
25 36 12
25 20 0
25 2 0
25 23 3
25 4 8
25 34 7
25 8 1
25 7 8
25 40 0
25 39 3
25 10 3
25 3 16
25 33 14
25 35 18
25 41 15
25 26 5
25 37 1
25 11 16
25 6 16
25 15 17
25 28 3
25 17 14
25 5 9
25 12 0
25 18 12
25 27 14
25 14 5
25 19 14
25 29 12
25 21 0
25 38 16
25 0 11
25 22 3
25 13 15
25 42 11
25 1 3
25 9 8
26 12 17
26 14 15
26 42 4
26 20 13
26 40 13
26 41 1
26 0 17
26 17 8
26 33 2
26 19 10
26 38 17
26 37 11
26 22 0
26 32 8
26 27 11
26 8 15
26 11 1
26 23 11
26 18 9
26 10 2
26 35 13
26 36 2
26 21 2
26 1 5
26 9 13
26 25 3
26 28 12
26 4 9
26 15 13
26 29 2
26 31 0
26 24 5
26 16 4
26 34 9
26 2 0
26 39 9
26 5 12
26 6 5
27 21 18
27 26 4
27 19 18
27 20 6
27 25 6
27 12 5
27 14 18
27 24 9
27 38 12
27 11 0
27 4 0
27 2 15
27 22 4
27 30 4
27 32 2
27 17 7
27 15 16
28 40 18
28 4 18
28 0 10
28 33 10
28 19 10
28 15 12
28 32 14
28 25 12
28 42 10
28 23 17
28 36 10
28 26 0
28 14 0
28 13 0
28 29 4
28 31 18
28 22 16
28 38 11
28 9 1
28 30 3
28 39 2
28 16 3
28 12 9
28 18 6
28 2 1
28 1 4
28 5 6
28 27 11
28 35 15
28 34 13
28 10 6
28 37 5
28 41 5
28 6 7
28 3 17
29 18 8
29 10 17
29 3 2
29 17 18
29 36 11
29 5 16
29 26 9
29 6 2
30 11 7
30 35 9
30 23 7
30 17 14
30 10 6
30 38 0
30 18 18
30 36 17
30 15 2
30 20 9
30 31 8
30 13 1
31 34 2
31 16 18
31 6 12
31 26 16
32 11 14
32 22 5
32 28 18
32 25 8
32 3 18
32 1 4
32 30 5
32 8 17
32 7 14
32 24 2
32 39 3
32 2 7
32 6 13
32 42 11
32 0 6
32 13 9
32 23 8
32 35 2
32 38 8
32 4 3
32 15 0
32 34 14
32 16 1
32 40 2
32 21 17
32 20 18
33 38 13
33 14 8
33 22 13
33 2 13
33 9 15
33 21 1
33 19 18
33 28 5
33 23 1
34 38 11
34 15 11
34 7 7
34 14 5
34 33 9
34 35 8
34 19 14
34 42 5
34 9 13
34 6 11
34 13 1
34 12 2
34 17 0
34 8 6
34 26 15
34 4 10
34 37 17
34 27 5
34 5 7
34 40 2
34 18 0
34 39 4
34 22 6
34 32 3
34 16 1
34 21 8
34 29 14
34 11 12
34 24 10
34 2 6
34 3 13
34 20 12
34 10 8
34 0 0
34 30 1
34 25 10
34 36 16
34 1 5
34 28 10
34 41 6
34 23 7
35 9 7
35 34 18
35 27 18
35 21 9
35 37 16
35 28 13
35 1 2
35 38 9
35 7 8
35 36 8
35 40 12
35 12 6
35 11 13
35 3 16
35 18 18
35 39 8
35 8 10
35 5 12
35 6 7
35 41 5
35 29 13
35 26 4
35 25 18
35 10 12
35 20 0
35 31 5
35 32 15
35 42 7
35 23 13
35 15 18
35 24 14
35 17 17
35 2 10
35 33 2
35 22 13
35 4 5
35 0 17
36 1 17
36 33 16
36 24 0
36 37 4
36 30 17
36 23 9
36 29 5
36 15 13
36 14 18
36 38 1
36 2 8
36 13 13
36 31 8
36 10 14
36 11 6
36 18 8
36 41 8
36 5 7
36 4 14
36 0 0
36 28 1
36 21 0
36 9 17
36 6 5
36 34 3
36 40 4
36 8 15
36 16 11
37 9 3
37 38 11
37 19 12
38 10 17
38 25 6
38 15 13
38 9 11
38 40 7
38 4 11
38 2 7
38 20 12
38 36 5
38 6 17
38 34 9
38 24 15
38 16 18
38 14 3
38 29 2
38 32 6
38 12 5
38 22 12
38 28 1
38 31 18
38 7 1
38 17 9
38 35 2
38 18 4
38 27 11
38 41 10
38 0 13
38 13 1
38 19 1
38 26 2
38 30 2
38 5 14
38 11 9
38 23 5
38 3 16
38 42 11
38 21 1
38 37 11
38 1 9
38 39 1
39 17 12
39 31 6
39 6 1
39 23 12
39 41 7
39 32 5
39 14 0
39 37 11
39 38 18
39 24 11
39 1 0
39 20 12
39 40 5
39 35 15
39 15 6
39 2 16
39 22 11
39 19 10
39 12 4
39 13 18
39 10 7
39 34 18
40 36 3
40 26 3
40 37 5
40 11 1
40 8 4
40 20 3
40 3 6
40 14 18
40 42 1
40 6 5
40 7 2
40 16 3
40 27 11
40 0 18
40 21 14
40 28 8
40 33 11
40 22 3
40 1 15
40 38 0
41 1 12
41 33 2
41 36 0
41 8 5
41 12 5
41 18 17
41 20 15
41 27 12
41 5 4
41 26 2
41 14 2
41 2 1
41 39 3
41 10 4
41 22 5
41 16 2
41 29 15
41 40 0
41 19 0
41 32 18
41 28 14
41 0 13
41 3 17
41 21 8
41 15 14
41 25 10
41 4 1
41 31 5
41 7 11
41 42 8
41 24 8
41 6 12
41 17 12
41 13 13
41 34 10
41 38 14
41 9 8
41 37 0
41 35 6
41 30 12
42 33 9
42 22 3
42 26 8
42 3 13
42 41 8
42 6 1
42 0 8
42 38 0
42 15 16
42 28 10
42 4 9
42 40 18
42 11 5
42 35 9
42 21 16
42 27 4
42 17 16
42 20 17
42 9 3
42 19 16
42 5 14
42 25 10
42 23 2
42 39 3
42 31 6
42 1 16
42 2 10
