50
1300
false
1 25 2
1 11 3
1 41 7
1 40 7
1 5 8
1 14 4
1 27 1
1 4 7
1 45 1
1 48 11
1 21 10
1 35 9
1 37 3
1 29 17
1 18 5
1 33 11
1 36 6
1 19 5
1 39 14
2 19 9
2 11 6
2 15 10
2 39 10
2 8 18
2 7 3
2 23 1
2 33 3
2 25 13
2 49 7
2 43 18
2 36 8
2 20 10
2 14 11
2 38 0
2 1 0
2 45 9
2 21 10
2 30 6
2 44 18
2 10 10
2 28 8
2 5 5
2 48 17
2 12 14
2 0 5
2 4 10
2 29 1
2 41 1
2 46 10
2 32 15
2 34 3
2 18 7
3 0 18
3 10 8
3 12 12
3 25 16
3 5 3
3 36 6
3 15 13
3 31 2
3 32 7
4 26 15
4 9 13
4 27 7
4 45 2
4 0 8
4 29 15
4 16 16
4 37 11
4 19 8
4 39 18
4 24 7
4 20 16
4 17 14
4 40 17
4 1 16
4 8 15
4 12 10
4 32 5
4 23 14
4 2 6
4 18 15
5 29 5
5 17 4
5 30 17
5 46 7
5 18 4
5 23 10
5 11 3
5 14 12
5 41 11
5 25 17
5 27 7
5 32 5
5 33 18
5 43 2
5 20 8
5 9 13
5 34 13
5 3 10
5 38 3
5 0 0
5 19 7
5 35 15
5 13 15
6 34 12
6 28 14
6 48 13
6 11 5
6 18 18
6 47 5
6 26 5
6 19 8
6 33 14
6 49 16
6 37 12
6 2 9
6 14 8
6 9 8
6 44 7
6 46 7
6 30 15
6 7 2
6 21 3
6 25 5
6 3 15
6 36 12
6 8 10
6 5 5
6 10 5
6 20 8
6 31 3
6 16 0
6 0 11
6 40 9
6 17 18
6 29 11
6 45 15
6 39 17
6 27 13
6 43 5
6 41 8
6 23 18
6 35 9
6 32 11
6 1 10
6 24 8
6 42 14
6 22 9
6 13 6
6 15 10
6 38 16
6 12 13
6 4 5
8 29 1
8 32 0
8 44 1
8 11 15
8 5 11
8 39 11
8 19 12
8 41 15
8 22 12
8 34 18
8 40 11
8 10 10
8 16 14
8 47 18
8 24 1
8 1 12
8 14 6
8 21 2
8 4 13
8 30 4
8 38 4
8 6 9
8 45 17
8 0 0
8 23 7
8 28 12
8 46 9
8 3 6
8 7 13
8 49 13
8 20 11
8 43 2
8 33 15
8 31 7
9 6 13
9 12 15
9 23 13
9 43 3
9 32 1
9 3 7
9 47 15
9 28 8
9 49 6
9 25 6
9 29 12
9 8 18
9 20 9
9 18 2
9 31 11
9 35 10
9 10 2
9 37 10
9 22 18
9 4 6
9 15 17
9 48 17
9 42 0
9 11 8
9 33 12
9 16 13
9 0 10
9 24 15
10 49 10
11 5 16
11 0 3
11 4 18
11 44 14
11 13 14
11 23 7
11 33 7
11 15 12
11 22 4
11 8 15
11 20 3
11 12 13
11 18 14
11 37 14
11 48 8
11 38 14
11 25 10
11 19 15
11 36 12
11 42 0
11 43 2
11 27 12
11 14 12
11 46 18
11 34 4
11 24 17
11 2 3
11 41 12
11 40 12
11 7 17
11 35 7
11 17 7
11 28 14
11 16 18
11 1 16
11 30 5
11 49 8
12 0 12
12 22 7
12 26 11
12 33 3
12 13 9
12 37 7
12 16 5
12 34 12
12 42 6
12 31 8
12 36 17
12 35 0
12 8 1
12 20 18
12 18 4
12 1 4
12 15 4
12 38 5
12 27 10
12 43 1
12 4 12
12 3 18
12 23 8
12 10 2
12 47 16
12 19 9
12 14 2
12 11 6
12 30 8
13 21 5
13 46 6
13 27 8
13 4 18
13 19 17
13 15 4
13 44 5
13 7 5
13 39 5
13 35 12
13 17 2
13 20 4
13 45 17
13 49 9
13 34 4
13 48 5
13 8 12
13 29 0
13 9 7
13 42 14
13 5 17
13 2 1
13 30 1
13 1 1
13 14 4
13 28 17
13 32 5
13 41 13
14 3 17
14 46 12
14 47 18
14 43 6
14 8 17
14 26 4
14 7 9
14 0 10
14 40 9
14 48 16
14 35 2
14 36 10
14 34 10
14 39 11
14 6 1
14 42 4
14 16 3
14 5 2
14 49 2
14 15 17
14 11 11
14 2 1
14 18 14
14 23 4
14 9 7
14 10 18
14 29 4
14 27 4
14 31 14
14 17 18
14 21 17
14 24 1
14 32 7
14 4 7
14 22 12
15 46 18
15 10 9
15 49 8
15 32 3
15 38 14
15 42 9
15 12 0
15 8 16
15 48 5
15 44 2
15 9 1
15 27 15
15 25 5
15 43 9
15 14 13
15 30 2
15 23 0
15 18 11
15 6 13
16 10 18
16 11 6
16 20 10
16 14 3
16 21 5
16 9 7
16 41 9
16 17 12
16 19 6
16 42 6
16 47 13
16 8 4
16 28 8
16 18 8
16 5 16
16 48 8
16 32 12
16 23 7
16 22 14
16 49 3
16 46 7
16 2 12
16 30 12
16 34 17
16 31 15
16 25 15
16 12 16
16 7 1
16 24 13
16 4 3
16 3 5
16 0 13
16 29 3
16 13 3
16 40 12
16 15 13
16 36 6
17 14 0
17 46 9
17 29 8
17 9 18
17 26 2
17 24 4
17 1 11
17 23 10
18 33 2
18 3 15
18 43 17
18 22 9
18 5 15
18 46 9
18 19 15
18 17 5
18 6 18
18 13 1
18 40 7
18 1 1
18 26 9
18 48 9
18 25 9
18 30 1
18 32 16
18 27 0
18 29 17
18 49 0
18 15 18
18 36 13
18 21 3
18 31 16
18 4 11
18 39 0
18 10 5
18 35 11
18 14 17
18 45 2
18 42 9
18 0 10
18 24 2
18 23 7
18 12 16
19 18 0
19 11 8
19 7 12
19 9 4
19 49 3
19 30 3
19 26 9
19 4 2
19 44 7
19 35 9
19 5 10
19 48 14
19 21 8
19 13 14
19 46 13
19 16 9
19 39 6
19 27 7
19 37 3
19 10 9
19 28 18
19 1 4
19 14 6
19 33 11
19 29 10
19 43 11
19 22 13
19 8 13
19 31 5
19 15 0
19 20 4
19 2 12
19 34 8
19 36 6
19 47 10
19 25 17
19 38 17
19 24 12
19 23 2
19 42 4
19 45 9
20 0 2
20 39 13
20 36 5
20 21 10
20 8 0
20 22 3
20 14 0
20 25 1
20 40 5
20 47 9
20 27 2
20 5 7
20 2 9
20 10 5
20 26 2
20 29 9
20 7 4
20 23 15
20 41 2
20 34 3
20 11 12
20 31 7
20 46 1
20 4 18
20 9 14
20 42 14
20 15 6
20 37 12
20 48 14
20 28 15
20 45 1
20 49 2
20 38 11
20 33 18
20 19 1
20 13 14
21 42 12
21 17 9
21 6 16
21 47 10
21 1 3
21 2 13
21 40 2
21 33 1
21 29 1
21 19 10
21 24 2
22 28 3
22 27 10
22 14 4
22 3 16
22 40 13
22 43 15
22 32 4
22 9 9
22 44 8
22 2 7
22 37 18
22 25 13
22 39 3
22 45 0
22 36 17
22 4 1
22 48 15
22 19 7
22 5 8
22 47 6
22 7 1
22 46 18
22 12 2
22 31 18
22 20 6
23 4 0
24 3 18
24 27 12
24 2 9
24 28 5
24 9 5
24 33 5
24 42 2
24 10 12
24 48 12
24 49 8
24 36 18
24 13 12
24 35 5
24 30 6
24 20 14
24 31 4
24 41 13
24 12 3
24 22 9
24 4 3
24 1 7
24 47 18
24 25 4
24 6 15
24 46 12
24 40 2
24 11 13
24 18 17
24 21 15
24 8 12
24 14 9
24 43 10
24 45 16
24 29 8
24 16 9
24 38 5
24 17 15
24 15 3
24 5 7
24 0 2
24 7 0
24 19 3
24 44 2
24 37 2
25 40 0
25 1 13
25 42 8
25 45 3
25 23 2
25 17 15
26 27 0
26 0 9
26 7 14
26 36 2
26 10 13
26 6 4
26 3 18
26 42 13
26 30 4
26 28 4
26 39 12
26 9 11
26 22 12
26 24 13
26 45 5
26 38 12
26 17 11
26 48 12
26 16 7
26 12 15
26 8 4
26 35 2
26 33 11
26 20 4
26 11 8
27 21 15
27 14 5
27 36 1
27 49 15
27 32 15
27 40 15
27 34 16
27 15 4
27 7 9
27 16 17
27 33 3
27 12 12
27 10 13
27 39 15
27 11 12
27 0 9
27 31 11
27 47 14
27 6 5
27 48 16
27 28 5
27 1 1
27 24 11
28 46 16
28 44 14
28 2 4
28 48 4
28 8 16
28 7 0
28 12 9
28 26 5
28 20 18
28 9 4
28 13 5
28 14 2
28 24 11
28 31 14
28 19 10
28 34 3
28 22 12
28 23 16
28 16 13
28 25 8
28 0 4
28 49 16
28 27 0
28 30 5
28 40 13
28 4 1
28 21 16
29 25 12
29 6 0
29 33 15
29 0 8
29 22 13
29 16 9
29 7 7
29 1 8
29 18 17
29 12 3
29 28 18
29 27 8
29 37 17
29 9 2
29 23 13
29 47 3
29 8 9
29 49 11
29 44 12
29 13 2
29 42 7
29 43 13
29 31 3
29 21 0
29 32 6
29 17 9
29 4 3
29 5 16
29 34 5
29 30 6
29 36 8
29 48 7
29 40 0
29 35 8
29 39 14
29 46 16
29 14 5
29 24 18
30 9 12
30 22 4
30 14 8
30 19 3
30 39 18
30 11 3
30 0 2
30 38 4
30 34 0
30 25 8
30 36 6
30 35 6
30 33 6
30 20 7
30 32 8
30 42 14
30 6 13
30 46 10
30 3 6
30 26 11
30 29 1
30 37 2
30 17 10
30 5 2
30 12 3
30 24 10
30 10 17
30 45 15
30 1 16
31 17 14
31 25 17
31 42 13
31 5 0
31 48 5
31 36 17
31 29 10
31 8 12
31 43 17
31 35 2
31 14 15
31 20 13
31 27 2
31 23 16
31 18 3
31 46 9
31 30 0
31 2 16
31 45 0
31 34 16
31 19 4
31 28 0
31 41 16
31 38 5
31 32 3
31 21 1
31 12 7
31 1 4
31 16 0
31 40 0
31 11 0
31 7 13
31 3 7
32 11 13
32 16 2
32 9 10
32 35 6
32 1 5
32 41 2
32 48 1
32 17 8
32 13 9
32 46 9
32 42 9
32 15 10
32 30 18
32 28 14
32 45 7
32 7 11
32 33 15
32 49 18
32 6 5
32 2 15
32 31 13
32 40 17
32 22 17
32 44 0
32 8 2
32 24 11
32 3 0
32 4 7
32 26 15
32 20 13
32 39 14
32 5 11
32 38 8
32 47 14
32 25 9
32 37 18
32 27 13
32 12 8
32 10 5
32 43 11
32 36 13
32 18 14
32 14 2
32 29 16
32 0 15
32 21 11
32 23 13
32 34 10
32 19 4
33 31 2
33 23 9
33 46 4
33 27 4
33 34 17
33 22 7
33 25 8
33 36 12
33 39 4
33 47 9
33 48 2
33 16 1
33 20 3
33 38 8
33 15 0
33 0 4
34 13 18
34 49 16
34 9 3
34 7 0
34 44 6
34 37 11
34 24 10
34 38 3
34 26 9
34 27 7
34 39 14
34 23 6
34 18 10
35 38 1
35 31 3
35 45 5
35 23 8
35 24 15
35 29 18
35 41 6
35 48 14
35 10 6
35 39 13
35 30 2
35 14 17
35 5 14
35 21 10
35 22 2
35 13 6
35 18 13
35 44 10
35 46 0
35 37 12
35 25 15
35 42 6
35 17 12
35 3 8
35 2 12
35 33 3
35 43 18
35 1 17
35 0 11
35 34 1
35 20 7
35 6 8
35 11 10
36 20 14
36 43 9
36 2 17
36 14 9
36 13 6
36 35 12
36 23 9
36 26 12
36 22 16
36 28 6
36 46 6
36 27 3
36 39 1
36 34 10
36 12 11
36 21 0
36 7 16
36 11 13
36 16 18
36 24 1
36 10 9
36 6 10
36 38 5
36 3 14
36 41 4
36 15 9
36 19 6
36 33 15
36 1 9
36 0 3
36 32 17
36 49 2
36 45 7
36 47 8
36 5 0
36 40 11
36 4 15
36 37 9
36 8 3
36 30 10
36 31 2
36 42 2
36 25 3
36 29 8
36 44 12
36 48 8
36 17 16
37 3 18
37 11 6
37 49 13
37 34 14
37 6 18
37 9 12
37 44 12
37 26 10
37 18 2
37 19 5
37 27 9
37 1 14
37 2 9
37 25 14
37 20 3
37 23 4
37 42 10
37 12 6
37 40 4
37 47 10
37 13 18
37 31 10
38 12 5
38 19 8
38 40 11
38 41 1
38 6 6
38 30 14
38 15 0
38 5 0
38 17 5
38 3 11
38 45 15
38 2 17
38 33 2
38 42 18
38 9 17
38 27 5
38 44 9
38 16 13
38 48 5
38 35 1
39 43 5
39 34 15
39 17 10
39 13 6
39 10 11
39 24 15
39 3 10
39 22 6
39 2 7
39 1 2
39 31 9
39 8 6
39 20 12
39 42 7
39 23 18
39 37 4
39 49 0
39 15 10
39 14 5
39 35 9
39 29 16
39 0 14
39 48 5
39 33 14
39 40 16
39 32 7
39 12 5
39 36 18
39 30 10
39 41 17
39 45 8
39 46 18
39 7 5
39 16 18
39 21 0
39 18 2
39 11 14
40 16 9
40 23 13
40 21 6
40 47 9
40 11 0
40 39 6
40 48 9
40 33 12
40 10 15
40 5 5
40 42 11
40 36 13
40 30 16
40 7 3
40 0 16
40 15 3
40 44 7
40 37 6
40 12 1
40 29 1
40 1 1
40 8 6
40 22 6
40 19 1
40 43 11
40 4 8
40 9 15
40 35 1
40 3 8
40 41 10
40 32 2
40 18 15
40 46 12
40 17 13
41 21 13
41 29 11
41 12 14
41 45 6
41 1 15
41 28 10
41 39 5
41 23 4
41 37 16
41 16 14
41 36 17
41 8 7
41 35 3
41 15 7
41 2 0
41 46 14
41 5 1
41 14 10
41 49 11
41 10 7
41 48 1
41 42 8
41 25 9
41 11 5
41 7 12
41 38 10
41 32 1
41 20 9
41 30 7
41 33 0
41 24 18
41 17 18
41 22 11
41 31 9
41 4 18
41 40 2
41 9 8
41 43 1
41 19 2
41 34 12
41 26 8
41 6 18
41 13 7
41 44 9
41 3 15
41 0 10
41 27 9
41 47 0
41 18 7
42 19 12
42 47 10
42 30 7
42 46 14
42 5 5
42 3 11
42 9 14
42 44 13
42 17 11
42 25 6
42 10 1
42 45 5
42 1 10
42 6 3
42 11 0
42 23 11
42 12 3
42 49 1
42 15 4
42 20 9
42 33 3
42 13 1
42 0 0
42 28 6
42 41 0
42 32 9
42 8 13
43 32 17
43 46 13
43 47 13
43 23 18
43 8 17
43 18 16
43 42 6
43 10 2
43 15 1
43 6 18
43 0 8
43 2 10
43 24 10
43 3 11
43 48 3
43 9 5
44 25 16
44 42 7
44 2 4
44 12 12
45 14 0
45 12 4
45 31 13
45 8 16
45 48 15
45 27 6
45 11 17
45 47 12
45 49 3
45 10 15
45 29 4
45 20 10
45 25 13
45 1 10
45 9 6
45 16 15
45 22 1
45 19 9
45 36 2
45 35 10
45 39 14
45 37 8
45 34 11
45 5 1
45 13 10
45 0 13
45 3 1
45 21 12
45 17 14
45 41 16
45 24 3
45 38 9
45 23 3
45 6 7
45 33 18
45 43 9
46 20 5
46 35 6
46 13 9
46 47 4
46 26 13
46 12 12
46 37 7
46 33 15
46 10 13
46 19 4
46 34 2
46 18 9
46 28 3
46 43 8
46 30 0
46 48 1
46 9 5
46 2 6
46 14 13
46 0 11
46 1 17
46 23 1
46 38 11
46 6 17
46 25 2
46 29 10
46 24 3
47 1 2
47 35 14
47 31 12
47 32 12
47 2 11
47 10 15
47 41 0
47 19 14
47 20 3
47 18 0
47 49 2
47 13 6
47 9 10
47 25 13
47 28 9
47 14 1
47 38 3
47 12 2
47 15 12
47 34 10
47 6 3
47 45 14
47 21 15
47 26 14
47 5 5
47 42 0
47 29 16
47 46 13
47 7 4
47 43 11
47 48 12
47 8 16
47 23 13
47 37 0
47 36 15
47 24 12
48 46 10
48 35 13
48 25 13
48 24 13
48 5 7
48 15 7
48 27 10
48 32 13
48 17 4
48 9 9
48 45 3
48 20 7
48 39 15
48 11 11
48 12 0
48 40 7
48 41 5
48 6 7
48 30 10
48 38 0
48 13 1
48 28 0
48 43 7
48 22 2
48 33 17
48 44 17
48 36 5
48 0 6
48 7 7
48 16 2
48 47 17
48 18 2
48 29 1
48 14 0
48 34 4
48 31 9
48 42 17
48 21 14
48 2 13
48 3 0
48 37 10
48 10 15
48 8 5
48 26 1
49 33 7
49 48 0
49 17 4
49 1 0
49 10 12
49 14 5
