59
1945
false
1 48 4
1 42 15
1 57 7
1 11 4
1 28 5
1 8 8
1 21 17
1 41 14
1 14 9
1 34 13
1 13 8
1 49 2
1 51 5
1 22 2
1 52 8
1 31 3
1 2 6
1 3 4
1 54 17
1 19 9
1 38 11
1 55 5
1 9 17
1 30 16
1 26 8
1 39 17
1 40 3
1 0 5
1 43 11
1 12 7
1 24 16
1 18 5
1 32 18
1 50 15
1 27 11
1 45 16
1 46 5
1 53 6
1 6 9
1 36 17
1 37 1
1 44 14
1 20 13
1 10 13
2 33 6
2 3 6
3 4 8
3 45 6
3 38 18
4 39 0
4 53 11
4 40 9
4 32 6
4 16 8
4 30 1
4 35 2
4 13 6
4 44 3
4 58 13
4 23 4
5 26 6
5 57 14
5 32 4
5 34 8
5 21 11
5 46 17
5 14 3
5 40 13
5 38 0
5 58 9
5 30 8
5 48 15
5 23 3
5 56 4
5 47 0
5 44 17
5 18 8
5 17 8
5 52 1
5 43 7
5 39 6
5 41 8
5 13 15
5 25 16
5 8 1
5 33 11
5 37 13
5 45 13
5 7 0
5 50 9
5 0 16
5 11 13
5 22 12
5 4 18
5 6 3
5 27 9
5 35 16
5 36 8
5 3 15
5 28 17
5 20 3
5 42 7
5 2 15
5 29 15
5 55 15
5 24 10
5 53 6
6 24 2
6 0 5
6 44 12
6 57 18
6 35 7
6 58 5
6 3 18
6 2 16
7 12 3
7 35 5
7 56 3
7 8 4
7 53 18
7 20 9
7 28 5
7 21 12
7 41 0
7 40 8
7 4 2
7 26 7
7 10 2
7 50 6
7 32 4
7 44 13
7 6 11
7 42 12
7 49 10
7 24 9
7 38 5
7 0 3
7 46 17
7 14 7
7 34 13
7 9 4
7 18 2
7 45 15
7 16 7
7 39 4
7 54 5
7 47 6
7 48 1
7 11 6
7 22 8
7 17 0
7 52 5
7 23 11
7 19 11
7 55 8
7 31 8
7 30 13
8 55 16
8 50 3
8 40 18
8 36 18
8 27 11
8 20 5
8 9 5
8 1 0
8 30 6
8 42 14
8 18 18
8 41 17
8 15 9
8 37 3
8 6 8
8 13 18
8 29 8
8 39 2
8 24 5
8 56 9
8 3 2
8 54 13
8 25 1
8 34 14
8 12 13
8 26 4
8 28 7
8 57 1
8 5 11
8 19 14
8 16 6
8 47 17
8 7 0
8 2 6
8 51 0
8 33 1
8 21 16
8 23 16
8 10 16
8 38 16
8 0 3
8 22 10
8 48 0
8 53 14
8 35 13
8 31 5
8 52 11
8 46 17
8 49 6
8 17 4
8 32 0
9 47 11
9 58 3
9 14 15
9 42 9
9 37 9
9 57 8
9 50 5
9 31 12
9 32 16
9 41 4
9 51 9
9 45 2
9 33 5
9 36 2
9 17 11
9 53 17
9 2 14
9 20 4
9 7 8
10 57 10
10 18 14
10 51 7
10 13 15
10 4 16
10 23 6
10 53 0
10 8 7
10 19 3
10 44 17
10 9 2
10 46 7
10 36 0
10 17 8
10 27 16
10 3 13
10 50 2
10 28 5
10 40 15
10 12 18
10 0 10
10 20 6
10 29 12
10 39 11
10 35 3
10 42 1
10 32 16
10 45 6
10 5 17
10 31 15
10 6 17
10 49 3
10 58 1
10 55 15
10 11 4
10 1 14
10 2 8
10 52 13
10 16 14
10 48 0
10 33 10
10 56 15
10 38 18
10 37 12
10 24 14
10 47 1
11 42 0
11 5 7
11 48 17
11 17 17
11 55 6
11 20 16
11 37 3
11 8 13
11 51 7
11 33 14
11 58 6
11 25 6
11 40 13
11 35 18
11 38 16
11 27 0
12 49 17
12 58 0
12 36 5
12 19 6
12 37 4
12 44 5
12 48 3
12 51 12
12 52 7
12 50 13
12 33 3
12 34 15
12 29 7
12 26 18
12 8 14
12 38 14
12 30 10
12 16 3
12 54 12
12 3 1
12 2 8
12 25 3
12 18 5
12 10 4
12 1 2
12 21 13
12 43 4
12 45 18
12 7 14
12 55 17
12 6 13
12 24 12
12 11 2
12 40 0
12 32 5
12 13 8
12 42 5
12 28 9
12 14 11
12 46 7
12 4 16
12 15 15
12 56 18
12 47 4
12 31 13
12 20 4
12 39 13
12 35 10
12 0 15
12 17 10
12 5 8
12 41 10
12 27 6
12 23 4
12 57 15
12 53 5
12 22 10
12 9 1
13 35 11
13 32 17
13 9 11
13 1 4
13 42 7
13 38 12
13 52 6
13 36 17
13 39 6
13 4 10
13 47 9
13 58 14
13 15 13
13 25 15
13 56 6
13 49 10
13 51 12
13 45 10
13 57 18
13 50 2
13 46 10
13 34 13
13 12 11
13 31 5
13 53 18
13 19 5
13 10 3
13 37 12
13 28 16
13 18 8
13 55 9
13 40 10
13 14 0
13 21 9
13 48 17
13 43 1
13 0 11
13 6 16
13 29 2
13 8 11
13 54 9
13 41 12
13 27 13
13 11 18
13 20 16
13 23 5
13 33 18
13 26 9
13 16 8
13 7 0
13 24 16
13 44 12
13 30 18
13 2 8
13 17 2
13 22 17
14 4 14
14 2 13
14 3 5
14 58 13
14 49 9
14 57 12
14 43 15
14 52 9
14 1 12
14 5 10
14 39 15
14 51 16
14 35 17
14 21 0
14 29 2
14 50 12
14 45 2
14 11 8
14 47 17
14 16 9
14 20 14
14 6 13
14 28 18
14 44 8
14 8 17
14 41 1
14 9 12
14 10 2
14 26 0
14 12 11
14 30 16
14 34 1
14 31 14
14 37 16
14 23 6
14 13 1
14 42 6
14 24 5
14 25 2
14 33 15
14 38 2
15 10 10
15 9 1
15 46 11
15 49 6
15 2 0
15 18 16
15 35 8
15 41 11
15 42 13
15 3 3
15 30 0
15 14 3
15 43 12
15 44 5
15 58 12
15 25 7
15 50 8
15 13 6
16 36 0
16 33 18
16 45 10
16 37 6
16 15 7
16 41 7
16 44 13
16 23 15
16 35 10
16 53 6
16 27 14
16 10 10
16 1 2
16 32 3
16 51 2
16 4 3
16 12 10
16 30 17
16 22 4
16 9 0
16 50 11
16 42 17
16 18 16
16 54 9
16 34 3
16 58 10
16 11 14
16 43 3
16 55 5
16 28 2
16 47 17
16 21 8
16 5 18
16 3 6
16 20 16
16 24 8
16 48 5
16 26 5
16 13 3
16 2 2
16 25 7
16 38 0
16 6 11
16 8 13
16 52 2
16 31 3
16 14 1
16 19 11
16 17 13
16 40 16
16 56 17
16 49 10
16 57 11
17 24 9
17 29 16
17 53 17
17 57 18
17 54 16
17 21 1
17 23 7
17 1 15
17 26 6
18 37 2
18 54 10
18 20 8
18 55 18
18 35 2
18 46 10
18 39 11
18 36 10
18 0 12
18 38 1
18 16 8
18 42 5
18 48 17
18 40 14
18 45 5
18 30 10
18 29 11
18 2 13
18 22 15
18 56 11
18 24 18
18 14 13
18 51 2
18 50 2
18 9 14
18 21 18
18 44 11
18 8 18
18 57 13
18 28 4
18 58 15
18 47 9
18 10 11
18 26 17
18 19 4
18 13 7
18 33 15
18 6 4
18 11 5
18 34 9
18 27 2
19 31 6
19 58 13
19 26 12
19 52 7
19 57 0
19 38 14
19 0 16
19 47 15
19 39 9
19 49 4
19 32 10
19 13 8
19 48 14
19 46 1
19 51 9
19 45 7
19 8 3
19 20 14
19 23 4
19 43 13
19 10 5
19 25 15
19 16 6
19 40 10
19 35 13
19 37 11
19 3 1
19 11 12
19 42 4
19 41 7
19 50 16
19 1 16
19 54 11
19 27 3
19 15 12
19 17 7
19 2 18
19 4 16
19 9 16
19 18 2
19 21 5
19 44 6
19 36 10
19 34 2
19 28 4
19 29 18
19 55 7
19 24 7
19 7 11
19 33 14
19 56 9
19 53 9
19 30 8
19 14 2
19 5 1
19 6 13
20 23 7
20 40 14
20 13 16
20 42 13
20 38 1
20 22 13
20 4 5
20 11 7
20 1 16
20 46 11
20 2 16
20 37 7
20 45 9
20 51 15
20 17 16
20 50 4
20 6 10
20 57 3
20 41 12
20 15 12
20 56 18
20 16 10
20 25 8
20 0 12
20 52 7
21 20 9
21 4 14
21 46 13
21 23 0
21 19 13
21 17 15
21 27 7
21 2 16
21 45 16
21 18 9
21 28 13
21 51 3
21 50 6
21 58 16
21 3 9
21 47 8
21 16 16
21 13 15
21 56 6
21 5 13
21 44 2
21 26 3
21 7 9
21 31 1
21 34 5
21 12 10
21 37 17
21 10 1
21 40 15
21 42 15
21 29 15
21 57 5
21 48 18
21 52 12
21 0 17
21 43 4
21 49 6
21 36 16
21 15 0
21 41 0
21 54 17
21 9 16
21 39 12
21 24 1
21 55 11
21 38 9
22 50 0
22 0 13
22 30 9
22 46 16
22 23 7
22 43 6
22 33 8
22 53 14
22 16 18
22 48 18
22 32 4
22 58 5
22 18 2
22 31 10
22 47 15
22 25 13
23 48 1
23 24 10
23 11 0
23 1 8
23 35 17
23 26 17
23 13 1
23 5 15
23 22 15
23 30 15
23 47 13
23 25 14
23 40 1
23 9 16
23 32 12
23 46 11
23 20 12
23 55 17
23 29 4
23 43 8
23 34 2
23 8 7
23 6 14
23 54 15
23 44 9
23 4 11
23 10 4
23 36 8
23 52 2
23 18 1
23 16 17
23 3 16
23 39 2
23 12 2
23 56 9
23 33 17
24 53 18
24 7 1
24 22 12
24 50 12
24 58 14
24 52 10
24 15 3
24 16 12
24 37 15
24 28 12
24 19 17
24 30 4
24 2 15
24 47 11
24 40 15
24 8 6
24 4 18
24 35 5
24 9 6
24 31 0
24 55 15
24 45 18
24 42 9
24 20 1
24 57 12
24 25 13
24 27 11
24 3 3
24 18 0
24 10 10
24 0 6
24 32 17
24 41 15
24 51 16
24 29 9
24 54 8
24 39 6
24 46 4
24 1 13
24 12 8
25 11 13
25 52 1
25 20 0
25 3 13
25 32 4
25 53 2
25 21 11
25 27 10
25 45 3
25 22 9
25 1 8
25 35 17
25 58 9
25 46 10
25 23 11
25 44 3
25 2 9
25 7 13
25 4 11
25 19 12
25 14 13
25 39 7
25 42 14
25 51 16
25 6 9
25 5 4
25 12 7
26 47 8
26 38 5
26 2 11
26 10 13
26 55 8
26 42 13
26 7 17
26 31 8
26 46 7
26 57 6
26 54 10
26 49 3
26 11 8
26 25 6
26 13 6
26 36 2
26 28 14
26 41 7
26 50 2
27 57 0
27 25 16
27 58 1
27 6 14
27 36 17
27 19 8
27 9 2
27 15 16
27 4 14
27 44 17
27 50 17
27 26 11
27 49 11
27 13 6
27 7 4
27 0 1
27 53 3
27 30 4
27 24 1
27 31 14
27 16 14
27 17 11
27 2 13
27 12 8
27 35 9
27 28 6
27 14 1
27 40 3
27 56 2
27 51 14
27 55 2
27 3 18
27 52 17
27 43 5
27 39 10
27 11 4
27 47 18
27 8 12
27 34 5
27 22 18
27 54 16
27 10 17
27 29 9
27 18 0
27 5 2
27 42 6
27 1 13
27 21 8
27 48 18
27 41 18
27 46 13
27 23 4
28 11 12
28 4 8
28 42 18
28 48 13
28 3 1
28 39 14
28 43 2
28 51 7
28 50 7
28 41 18
28 57 0
28 49 10
28 46 8
28 25 15
28 16 13
28 1 11
28 37 1
28 8 9
28 45 6
28 2 6
28 55 17
28 47 14
28 44 14
28 13 12
28 31 15
28 54 5
28 56 18
28 33 17
28 9 17
28 18 9
28 40 8
28 15 17
28 0 8
28 29 11
28 10 18
28 32 1
28 14 14
28 27 4
28 21 14
28 26 15
28 53 6
28 7 4
28 22 3
28 23 18
28 5 11
28 17 10
28 12 3
28 36 9
29 6 8
29 27 9
29 58 12
29 9 14
29 43 16
29 4 4
29 55 10
29 51 18
29 5 4
29 35 9
29 28 13
29 2 6
29 46 8
29 31 12
29 7 3
29 22 2
30 3 8
30 49 4
30 18 12
30 51 18
30 35 10
30 48 9
30 40 5
30 22 0
30 53 5
30 1 2
30 55 14
30 26 2
30 7 4
30 2 2
30 19 1
30 50 13
30 41 7
31 30 16
31 47 1
31 35 7
31 44 6
31 20 4
31 52 6
31 6 16
31 29 12
31 23 8
31 3 11
31 27 8
31 16 14
31 55 10
31 37 5
31 25 17
31 26 18
31 24 1
31 39 1
31 33 5
31 4 9
31 8 17
31 54 18
31 14 15
31 19 18
31 11 3
31 0 9
31 53 13
31 36 6
31 5 18
31 46 9
31 34 0
31 42 4
31 10 1
31 7 2
31 58 4
31 51 8
31 40 3
31 43 2
31 13 18
31 22 7
31 12 0
31 32 10
31 49 0
31 2 15
31 38 7
31 28 9
31 45 3
31 56 4
31 41 16
31 57 18
31 21 15
31 15 10
31 50 0
32 27 0
32 15 6
32 30 18
32 28 17
32 51 17
32 46 8
32 23 14
32 6 9
32 20 14
32 41 10
32 14 5
32 35 17
32 10 10
32 21 11
32 5 13
32 37 3
32 29 4
32 47 14
32 55 1
32 11 2
32 58 17
32 13 12
32 33 3
32 24 15
32 1 15
32 39 18
32 2 3
32 8 1
32 9 12
32 38 8
32 54 17
32 19 15
32 12 0
32 17 18
32 7 15
32 53 9
32 48 16
32 50 13
32 34 13
32 42 12
32 26 9
33 14 10
33 29 12
33 43 8
33 52 2
33 46 17
33 30 12
33 9 10
33 17 11
33 19 7
33 7 18
33 18 18
33 58 7
33 57 18
33 40 13
33 3 13
33 38 7
33 1 10
33 0 13
33 23 18
33 34 14
33 37 12
33 47 2
33 5 8
33 32 6
33 11 15
33 16 12
33 39 1
33 24 18
33 13 7
33 28 16
33 12 18
33 44 9
33 25 14
33 10 3
33 54 4
33 26 9
33 15 4
33 49 10
33 36 2
33 31 14
33 55 4
34 15 8
34 39 0
34 58 0
34 51 2
34 3 15
34 33 0
34 28 11
34 44 6
34 52 18
34 4 4
34 6 8
34 20 9
34 5 16
34 11 5
34 0 7
34 12 0
34 10 7
35 54 14
36 25 5
36 53 15
36 41 9
36 24 16
36 39 1
36 34 13
36 18 5
36 47 7
36 32 9
36 49 9
36 54 15
36 56 3
36 35 18
36 44 13
36 52 13
36 10 8
36 17 12
36 50 14
36 57 8
36 14 13
36 20 0
36 31 13
36 42 0
36 33 5
36 37 13
36 4 16
36 30 12
36 0 16
36 8 8
36 21 13
36 43 2
36 11 14
36 48 4
36 45 12
36 2 6
36 3 8
36 51 1
36 40 5
36 27 4
36 38 3
36 26 13
36 23 13
36 5 2
36 22 9
36 58 2
36 6 4
36 1 9
36 13 8
36 9 1
36 19 2
36 16 11
36 55 2
36 12 5
37 34 4
37 42 1
37 36 18
37 31 13
37 19 16
37 25 14
37 45 15
37 15 0
37 51 13
37 26 17
37 32 12
37 40 10
37 7 3
37 46 0
37 49 4
37 22 7
37 29 8
37 21 7
37 57 5
37 9 4
37 56 10
37 2 9
37 27 7
37 44 15
37 47 2
37 6 13
37 54 1
37 43 1
37 11 7
37 58 3
37 20 2
37 28 16
37 41 8
37 13 17
37 48 14
37 50 12
37 17 5
37 0 5
37 35 11
37 4 7
37 12 2
37 52 1
37 14 2
37 10 15
37 16 11
37 18 8
37 33 8
37 3 13
38 19 10
38 2 11
38 0 2
38 35 12
38 46 18
38 12 2
38 11 17
38 22 11
38 32 15
38 40 18
38 51 0
38 1 11
38 42 11
38 47 9
38 5 4
38 58 15
38 17 6
38 18 4
38 9 18
38 53 15
38 6 5
38 31 15
38 13 1
38 55 5
38 10 13
38 39 5
38 41 17
38 28 17
38 52 9
38 54 7
38 49 8
38 30 17
38 37 1
38 14 5
38 24 6
38 44 0
38 56 4
38 45 5
38 34 14
38 20 7
38 23 11
38 3 17
38 15 10
38 48 11
38 4 13
38 57 16
38 27 4
39 17 12
39 44 1
39 58 5
39 20 16
39 36 4
39 46 13
39 16 16
39 23 8
39 52 10
39 14 16
39 41 0
39 35 13
39 34 14
39 30 7
39 32 12
39 0 5
39 7 7
39 11 10
39 28 10
39 18 16
39 4 3
39 3 14
39 6 4
39 5 0
39 1 7
39 43 14
39 24 3
39 50 14
39 48 14
39 21 9
39 29 3
39 45 17
39 38 13
39 25 8
39 10 13
39 13 1
39 57 13
39 2 11
39 9 2
39 19 10
39 27 13
39 55 8
39 15 8
39 56 0
39 42 1
39 40 14
39 53 2
39 26 4
39 37 13
39 31 14
39 47 11
40 53 16
40 47 11
40 41 9
40 26 18
40 25 10
40 8 16
40 1 11
40 20 16
40 58 8
40 52 14
40 18 1
40 13 1
40 29 1
40 21 18
40 55 0
40 35 1
40 3 18
40 24 8
40 37 18
40 10 13
40 15 1
40 51 15
40 33 12
40 44 5
40 9 14
40 57 1
40 6 3
40 43 18
40 23 9
40 50 10
40 45 13
40 31 0
40 48 0
40 49 12
40 19 8
40 5 13
40 28 3
40 12 15
40 4 9
40 7 18
41 3 15
41 25 10
41 53 17
41 5 16
41 15 9
41 42 7
41 35 14
41 0 4
41 9 13
41 31 13
41 12 10
41 20 11
41 18 16
41 49 10
41 13 5
41 17 0
41 46 3
41 2 3
41 11 5
41 50 2
41 27 12
41 52 5
41 23 12
41 4 15
41 57 6
41 19 1
41 10 6
41 8 3
41 34 18
42 2 11
42 37 2
42 58 1
42 31 15
42 11 4
42 51 0
42 16 3
42 15 5
42 48 14
42 49 14
42 12 4
42 26 17
42 4 4
42 0 11
42 57 8
42 23 9
42 21 16
42 7 3
42 3 11
42 43 7
42 40 8
42 44 1
42 17 15
42 32 15
42 8 0
42 54 14
42 35 5
42 38 5
42 41 4
42 20 7
42 13 2
42 34 3
42 9 4
43 8 11
43 0 14
43 22 8
43 17 11
43 48 15
43 55 10
43 18 15
43 14 15
43 6 5
43 58 10
43 39 15
43 15 13
43 23 18
43 34 2
43 53 0
43 44 7
43 50 2
43 20 1
43 4 17
43 1 12
43 25 11
43 13 1
43 42 9
43 3 3
43 19 18
43 52 5
43 10 8
43 38 16
43 56 18
43 31 15
43 41 14
43 12 3
43 46 0
43 24 5
43 47 12
43 45 10
43 9 15
43 21 2
43 32 7
43 5 0
43 51 17
43 27 11
43 16 4
43 29 5
43 26 17
43 30 2
43 35 15
43 54 5
43 33 2
43 11 9
43 36 9
43 40 13
43 57 15
43 2 9
43 28 16
43 49 6
44 54 10
44 32 14
44 8 6
44 0 11
44 30 13
44 9 9
44 56 13
44 28 5
44 22 15
44 46 11
44 26 3
44 29 9
44 11 5
44 52 3
44 39 11
44 27 18
44 13 8
44 58 17
44 45 7
44 41 4
44 53 9
44 1 7
44 31 8
44 21 4
44 12 10
44 4 7
44 55 13
44 16 10
44 49 15
44 10 11
44 51 11
44 50 8
44 37 12
44 19 1
44 5 16
44 34 14
44 43 3
44 17 6
44 40 17
44 7 18
44 25 14
44 57 12
44 47 9
44 20 8
44 15 11
44 24 0
44 48 7
44 36 6
44 6 9
44 33 5
44 42 14
44 18 12
44 14 8
44 2 17
44 35 2
45 47 1
45 32 9
45 3 11
45 24 16
45 8 5
45 18 14
45 10 5
45 25 3
45 38 9
45 21 1
45 54 16
45 31 5
45 20 1
45 33 1
45 36 4
45 42 16
45 11 14
45 41 13
45 57 11
45 53 3
45 23 8
45 7 9
45 51 4
45 14 18
45 39 10
45 40 16
45 4 4
45 44 1
45 52 4
45 16 11
45 43 18
45 6 11
45 55 6
45 0 8
46 17 0
46 57 1
46 20 14
46 18 8
46 48 3
46 45 16
46 29 18
46 15 18
46 10 4
46 38 13
46 7 12
46 9 13
46 5 13
46 13 18
46 2 4
46 42 6
46 33 3
46 30 15
46 51 13
46 36 13
46 41 6
46 39 16
46 8 0
46 1 1
46 3 15
46 4 11
46 49 11
46 6 0
46 55 13
46 54 18
46 22 14
46 25 0
46 44 16
46 28 17
46 52 6
46 0 3
47 4 11
47 24 7
47 9 4
47 55 1
47 16 2
47 49 5
47 21 4
47 20 9
47 10 1
47 39 16
47 58 16
47 17 7
47 43 4
47 22 6
47 12 11
47 32 18
47 50 18
47 41 6
47 28 0
47 42 18
47 14 8
47 36 13
47 53 8
47 8 7
47 40 16
47 33 4
47 35 16
47 11 0
47 44 13
47 51 11
47 18 5
47 57 7
47 13 11
47 54 0
48 36 13
48 49 0
48 17 8
48 30 0
48 10 9
48 47 0
48 27 6
48 39 5
48 5 2
48 14 1
48 35 15
48 22 18
49 23 3
49 17 5
49 0 18
49 37 0
49 41 9
49 55 17
49 7 16
49 39 15
49 6 14
49 11 16
49 45 0
49 22 11
49 31 8
49 56 14
49 54 3
49 1 3
49 43 13
49 26 10
49 46 10
49 3 5
49 8 2
49 40 18
49 48 13
49 32 3
49 9 0
49 28 15
49 47 6
49 18 0
49 25 10
49 52 16
49 30 15
49 38 5
49 15 11
49 34 5
49 51 6
49 14 12
50 20 13
50 1 17
50 3 5
50 17 1
50 42 17
50 39 13
50 6 11
50 51 18
50 12 15
50 34 10
50 52 10
50 43 4
50 19 5
50 11 4
50 14 11
50 8 0
50 26 6
50 53 7
50 0 10
50 25 9
50 54 11
50 29 10
50 48 0
50 24 7
50 10 13
50 41 8
50 33 16
50 18 1
50 13 3
50 2 17
50 9 7
50 44 8
50 45 2
50 55 2
50 16 16
50 27 6
50 15 7
50 49 17
50 28 7
50 47 8
50 46 5
50 37 5
50 5 4
50 32 17
50 57 10
50 30 18
50 22 13
50 35 5
50 38 12
50 31 4
50 36 5
50 23 10
50 56 4
50 7 9
50 4 0
50 40 3
50 58 17
50 21 3
51 53 6
51 10 13
51 42 17
51 58 4
51 41 17
51 38 12
51 5 11
51 1 1
51 47 7
52 9 3
52 28 4
52 19 4
52 1 4
52 43 14
52 39 11
52 25 3
52 33 13
52 0 7
52 57 1
52 37 3
52 58 10
52 13 10
52 2 13
52 42 9
52 6 13
53 38 14
53 16 11
53 58 16
53 8 6
53 44 8
53 43 10
53 40 11
53 41 14
53 18 5
53 9 5
53 12 16
53 24 9
53 50 11
53 15 18
53 33 1
53 48 14
53 19 8
53 54 9
53 2 15
53 22 5
53 46 16
53 4 2
53 14 15
53 47 14
53 32 3
53 10 13
53 1 13
53 36 13
53 31 11
53 52 2
53 28 13
53 51 9
53 23 15
53 56 8
53 26 17
53 6 6
53 39 17
53 55 0
53 0 14
53 42 9
53 20 0
53 25 11
53 5 6
53 57 4
53 49 8
53 11 13
53 29 16
53 37 5
53 30 1
53 27 15
53 17 9
53 3 12
54 40 5
54 17 17
54 28 4
54 43 3
54 24 10
54 49 16
54 51 9
54 14 17
54 8 8
54 33 11
54 7 4
54 34 4
54 13 18
54 2 10
54 30 14
54 58 16
54 41 16
54 36 3
54 52 12
54 27 1
54 22 8
54 12 12
54 35 17
54 26 13
55 30 10
55 14 18
55 4 10
55 39 12
55 43 10
55 53 18
55 37 7
55 45 12
55 28 15
55 24 10
55 35 10
55 44 4
55 46 6
55 11 2
55 3 14
55 10 2
55 48 3
55 20 0
55 42 0
55 38 11
55 56 0
55 0 5
55 17 18
55 18 0
55 5 15
55 26 8
55 19 5
55 36 14
55 16 10
55 25 8
55 47 6
55 51 6
56 27 0
56 55 16
56 2 3
56 26 6
56 51 7
56 6 6
56 24 0
56 11 7
56 12 5
56 31 0
56 47 16
56 16 11
56 29 1
56 19 8
56 5 16
56 45 12
56 1 6
56 25 6
56 28 3
57 45 18
57 38 10
57 3 4
57 41 6
57 46 16
57 0 0
57 24 18
57 14 10
57 50 0
57 51 9
57 35 12
57 18 5
57 42 5
57 13 17
57 55 10
57 20 11
57 5 9
57 29 0
57 26 18
57 16 5
57 56 13
57 27 17
57 40 1
57 25 8
57 53 17
57 12 4
57 36 1
57 44 2
57 1 15
57 22 3
57 32 15
57 11 1
57 17 5
57 2 14
57 37 8
57 54 3
57 48 8
57 58 15
57 28 0
57 39 1
57 30 12
57 15 8
57 52 14
57 6 13
57 43 2
57 19 13
58 50 18
58 25 18
58 21 15
58 46 3
58 14 13
58 12 16
58 6 8
58 41 16
58 34 15
