73
2374
false
0 63 13
0 48 5
0 16 2
0 29 3
0 32 9
0 17 14
0 70 14
0 25 4
0 30 13
0 18 8
0 26 5
0 50 0
0 67 17
0 61 3
0 72 6
0 4 3
0 38 11
0 15 4
0 13 14
0 20 4
0 2 2
0 64 15
0 28 10
0 54 6
0 5 17
0 47 1
0 22 4
0 31 6
0 6 12
0 57 15
1 69 6
1 2 2
1 56 10
1 32 15
1 57 7
1 31 2
1 66 18
1 9 14
1 63 8
1 55 16
1 71 5
1 25 12
1 6 7
1 38 17
1 46 16
1 64 11
1 3 4
1 70 8
1 23 4
1 44 1
1 72 18
2 54 2
2 30 17
2 22 10
2 20 16
2 6 5
2 5 11
2 61 12
2 3 12
2 33 13
2 17 13
2 64 6
2 26 8
2 55 10
2 67 11
2 57 4
2 69 15
2 32 13
2 63 2
2 16 9
2 34 0
2 25 3
2 40 12
2 42 14
2 60 17
2 13 0
2 49 0
2 38 11
2 29 4
2 7 8
2 47 11
2 0 14
2 39 15
2 31 8
2 62 14
2 50 4
2 65 11
2 37 7
2 9 3
2 72 2
2 48 2
2 68 9
2 46 9
2 36 4
2 66 3
2 12 5
2 53 4
2 23 5
2 18 16
2 58 5
2 35 12
2 70 15
2 71 1
2 11 13
2 43 18
2 44 5
2 28 7
3 35 14
3 24 12
3 51 6
3 70 17
3 43 5
3 21 12
3 15 17
3 54 18
3 59 10
3 61 13
3 56 12
3 66 13
3 7 11
3 11 11
3 22 12
3 47 13
3 48 7
3 57 17
3 33 12
3 13 9
3 10 5
3 40 3
3 52 10
3 2 4
3 16 11
3 8 14
3 65 5
3 50 7
3 0 10
3 23 14
3 25 14
3 29 12
3 64 6
3 39 5
3 5 1
3 46 12
3 17 15
3 19 18
3 71 3
3 14 16
3 38 5
3 31 17
3 20 1
3 28 5
3 27 16
3 1 4
4 72 7
4 52 8
4 1 8
4 33 12
4 57 1
4 10 12
4 30 11
4 53 17
4 34 11
4 54 5
4 69 3
4 5 12
4 70 5
4 59 18
4 9 11
4 26 3
4 23 15
4 0 2
4 48 14
4 8 13
4 18 6
4 13 14
4 3 2
4 43 1
4 17 5
4 35 7
4 60 0
4 12 13
4 19 3
4 39 11
4 21 13
4 14 4
4 37 2
4 22 18
4 41 1
4 58 8
4 56 18
4 63 6
4 51 17
4 42 6
4 11 4
4 20 9
4 45 8
4 68 18
4 67 2
4 24 2
4 40 7
4 66 6
4 6 3
4 25 3
4 62 5
4 31 13
4 49 18
4 29 2
5 55 16
5 26 11
5 4 5
5 6 0
5 63 7
5 66 9
5 14 0
5 24 5
5 60 5
5 35 18
5 23 9
5 15 7
5 29 0
5 31 4
5 57 7
5 43 15
5 17 16
5 20 6
5 54 4
5 70 10
5 48 1
5 27 13
5 36 2
5 67 4
5 59 2
5 21 11
5 2 10
5 45 4
5 32 16
5 33 8
5 11 14
5 40 18
5 68 17
5 22 17
5 9 0
5 12 15
5 8 15
5 56 12
5 37 15
5 16 12
5 13 3
5 49 3
5 65 18
5 53 5
5 10 0
5 30 7
5 51 6
5 72 7
5 39 17
5 19 4
6 12 17
6 49 0
6 33 8
6 36 11
6 54 11
6 39 16
6 1 13
6 27 5
6 50 8
6 10 1
6 69 11
6 44 13
6 56 3
6 11 8
6 41 16
6 21 8
6 14 1
6 34 2
6 29 11
6 2 4
6 46 12
6 64 8
6 28 10
6 57 16
6 8 15
6 37 11
6 43 16
6 51 9
6 48 8
6 32 0
6 45 16
6 40 17
6 35 3
6 62 5
6 72 5
6 58 0
6 5 13
6 16 12
6 71 18
6 66 3
7 3 6
7 43 2
7 71 18
7 14 12
7 18 16
7 57 11
7 44 4
7 16 7
8 13 13
8 45 14
8 47 5
8 5 14
8 1 2
8 43 16
8 59 2
8 20 1
8 34 3
8 16 2
8 2 2
8 26 16
8 37 12
9 72 18
9 53 5
9 67 15
9 47 7
9 29 1
9 50 13
9 34 14
9 55 14
9 63 6
9 15 2
9 1 1
9 33 17
9 19 0
9 10 7
9 42 18
9 23 9
9 30 4
9 45 10
9 66 13
9 52 9
9 70 1
9 21 14
9 2 15
9 27 15
9 32 0
9 17 13
9 7 16
9 51 10
9 22 15
9 48 4
9 28 15
9 41 11
9 58 15
9 69 16
9 64 3
9 43 11
9 24 0
9 16 12
9 12 5
9 8 18
9 35 3
9 59 4
9 13 1
9 11 16
9 14 12
9 68 15
9 18 4
9 46 1
9 31 1
9 3 0
9 62 16
9 37 2
9 54 5
9 38 16
9 36 6
9 39 15
10 36 15
10 23 2
10 71 4
10 17 18
10 35 0
10 49 5
10 44 9
10 27 16
10 8 8
10 39 3
11 66 0
11 69 12
11 61 1
12 28 17
12 20 10
12 71 14
12 63 7
12 27 0
12 6 7
12 9 18
12 19 11
12 53 5
12 22 7
13 45 10
13 56 0
13 67 3
13 12 0
13 46 7
13 8 3
13 30 3
13 68 6
13 63 12
13 0 3
13 69 6
13 41 2
13 4 15
13 40 16
13 35 15
13 44 17
13 2 11
13 31 4
13 49 8
13 43 1
13 58 9
13 66 9
13 22 3
13 5 11
13 39 0
13 26 10
13 20 0
13 19 9
13 1 1
13 57 17
13 29 8
13 70 15
13 6 1
13 32 9
13 28 7
13 62 2
13 36 5
13 54 7
13 37 11
13 10 13
13 16 3
13 53 4
13 65 10
13 34 8
13 71 3
13 9 14
13 27 4
13 23 6
13 42 15
13 72 11
13 60 13
13 61 14
13 48 3
13 21 12
13 33 14
13 3 9
13 50 14
13 7 8
13 18 1
13 64 8
13 11 18
13 38 10
13 14 0
13 25 10
13 59 1
13 47 18
13 17 17
13 24 10
14 48 5
14 49 12
14 6 9
14 42 3
14 51 1
14 55 1
14 28 12
14 45 5
14 46 7
14 13 6
14 23 1
14 59 14
14 53 3
14 70 4
14 68 12
14 18 8
14 5 1
14 11 17
14 41 12
14 60 17
14 24 9
14 22 7
14 65 4
14 2 3
14 50 5
14 57 10
14 54 17
14 35 7
14 4 9
14 19 2
14 20 9
14 43 18
14 32 3
14 30 5
14 63 1
14 67 11
14 15 14
14 10 18
14 36 8
14 7 1
14 69 13
14 27 17
14 29 17
14 21 10
14 3 4
14 8 12
14 1 11
14 12 18
14 71 6
14 66 1
14 62 16
14 37 18
14 31 1
14 38 2
14 52 4
14 17 2
16 29 1
16 40 4
16 39 12
16 47 6
17 53 16
17 57 16
17 14 17
17 30 2
17 60 18
17 58 4
17 63 10
17 45 6
17 21 16
17 61 9
17 27 17
17 16 4
17 62 12
17 22 6
17 13 14
17 5 14
17 70 16
17 12 9
17 47 8
17 40 6
17 48 1
17 1 1
17 23 9
17 18 10
17 42 15
17 0 7
17 11 10
17 51 7
17 52 1
17 32 1
17 64 14
17 38 8
17 46 2
17 37 11
17 26 1
17 69 12
17 71 11
17 36 6
17 10 12
17 28 12
17 50 13
17 35 3
17 15 8
17 65 14
17 2 7
17 7 5
17 3 1
17 34 8
18 48 6
18 42 1
18 61 13
18 6 13
18 49 10
18 26 13
18 29 14
18 45 5
18 71 0
18 9 7
18 72 16
18 67 6
18 7 8
18 58 17
18 40 2
18 22 10
18 38 8
18 44 5
18 20 12
18 64 9
18 57 17
18 11 2
18 69 18
18 41 6
18 37 14
18 66 14
18 51 4
18 62 16
18 33 7
18 27 2
18 63 11
18 14 9
18 46 12
18 31 14
18 68 0
18 17 0
18 24 9
18 53 4
18 0 2
18 32 17
18 28 6
18 21 11
18 2 6
18 30 9
18 5 11
18 10 10
18 60 9
18 52 5
18 55 1
18 47 3
18 70 11
18 19 17
18 8 14
18 16 15
18 1 16
18 43 7
18 12 11
18 25 14
18 4 1
18 3 10
18 35 16
18 39 14
18 50 1
18 54 16
18 56 5
18 36 14
19 20 14
19 54 12
19 0 8
19 59 16
19 53 14
19 1 18
19 45 12
19 2 16
19 58 1
19 40 9
19 39 15
19 63 13
19 41 4
19 12 8
19 67 5
19 60 9
19 48 7
19 64 6
19 43 4
19 37 0
19 15 0
19 72 3
19 44 3
20 18 13
20 44 9
20 7 17
20 61 15
20 70 15
20 34 11
20 46 1
20 47 15
20 26 14
20 69 1
20 36 16
20 43 0
20 12 15
20 3 8
20 5 6
20 11 14
20 59 13
20 71 8
21 51 9
21 35 18
21 31 3
21 66 6
21 14 2
21 42 11
21 25 15
21 72 9
21 40 8
21 52 13
21 23 10
21 44 0
21 15 3
21 65 9
21 11 1
22 62 7
22 67 10
22 3 4
22 6 14
22 11 2
22 49 16
22 53 15
22 55 17
22 15 13
22 24 9
22 59 6
22 48 1
22 18 1
22 51 14
22 42 7
22 4 16
22 26 3
22 52 14
22 20 10
22 60 7
22 63 12
22 65 5
22 64 5
22 39 8
22 57 13
22 31 3
22 37 8
22 21 5
22 30 14
22 27 1
22 17 18
22 68 2
23 62 8
23 70 16
23 68 1
23 39 3
23 48 11
23 11 5
23 3 12
23 16 11
23 26 2
23 55 7
23 53 6
23 10 7
23 47 14
23 71 9
23 2 2
23 36 12
23 43 7
23 35 3
23 33 12
23 38 15
23 42 11
23 66 8
24 20 11
24 15 8
24 64 12
24 48 4
24 46 18
24 1 17
24 6 9
24 58 11
24 28 1
24 7 5
24 62 14
24 69 10
24 52 5
24 54 0
24 60 7
24 38 10
24 47 0
24 21 11
24 8 4
24 11 16
24 13 14
24 9 7
24 56 11
24 57 18
24 23 5
24 3 2
24 29 4
24 39 16
24 65 0
24 14 6
24 41 18
24 61 16
24 16 9
25 57 5
25 66 11
25 26 8
25 24 17
25 4 6
25 33 3
25 1 16
25 61 5
25 27 3
26 14 13
26 67 17
26 45 8
26 0 16
26 46 5
26 32 11
26 2 11
26 70 6
26 21 3
26 55 10
26 33 0
26 16 11
26 44 13
26 19 2
26 6 3
26 25 1
26 53 7
26 10 18
26 9 10
26 3 12
26 57 13
26 43 14
26 12 11
26 29 1
26 69 9
26 52 17
26 48 13
26 5 7
26 39 8
27 42 17
27 3 17
27 52 9
27 14 14
27 70 9
27 2 16
27 40 11
27 6 3
27 5 11
27 4 7
27 68 2
27 39 4
27 44 11
27 46 11
27 67 10
27 15 8
27 55 18
27 10 15
27 48 3
28 34 0
28 50 0
28 14 5
28 46 13
28 70 15
28 9 12
28 56 9
28 35 8
28 47 15
28 33 1
28 57 18
28 5 9
28 26 14
28 41 15
28 1 2
28 10 4
28 59 10
28 22 15
28 45 8
28 24 11
28 16 11
28 51 7
28 44 3
28 67 17
28 69 5
28 39 10
29 64 3
29 5 9
29 31 0
29 72 10
29 47 15
29 19 15
29 22 6
29 60 0
29 4 12
29 0 10
29 28 3
29 36 3
29 51 14
29 46 12
29 3 1
29 16 4
29 23 4
29 15 2
29 49 16
29 17 9
30 5 9
30 42 2
30 71 1
30 18 4
30 31 5
30 51 16
30 4 5
30 33 9
30 20 8
30 19 16
30 38 12
30 64 10
30 17 4
30 7 3
30 40 0
30 52 10
30 12 15
30 53 1
30 11 1
30 55 16
30 69 7
30 10 16
31 12 17
31 69 1
31 59 7
31 43 10
31 8 11
32 2 4
32 52 10
32 28 12
32 31 14
32 42 12
33 54 18
33 18 17
33 38 17
33 63 3
33 24 4
33 53 3
33 15 6
33 59 13
33 20 10
33 9 18
33 28 0
33 25 2
33 47 0
33 11 7
33 48 12
33 35 13
33 0 6
33 61 16
33 60 12
33 56 17
33 7 16
33 4 13
33 65 2
33 6 4
33 29 4
33 68 5
33 40 16
33 21 12
33 66 5
33 31 4
33 50 8
33 39 4
33 72 13
33 46 4
33 69 5
33 45 16
33 37 10
33 14 17
33 22 6
33 42 10
33 26 14
33 55 5
33 51 18
33 44 0
33 64 0
33 36 2
33 10 13
33 27 12
33 67 17
33 5 6
33 70 14
33 13 1
33 8 17
33 17 6
33 52 3
33 41 5
33 12 15
33 32 3
33 43 0
33 3 5
33 30 11
33 23 6
33 71 14
33 34 2
33 62 6
33 19 5
33 49 9
33 57 16
33 16 6
33 58 15
33 2 16
33 1 17
34 0 0
34 27 13
34 6 15
34 26 5
34 13 8
34 1 0
34 45 17
34 17 4
34 12 13
34 41 14
34 23 17
34 46 10
34 35 16
34 40 17
34 24 18
34 9 9
34 61 2
34 15 5
34 18 10
34 54 9
34 43 7
34 70 5
34 53 3
34 19 11
34 8 9
34 65 7
34 31 11
34 10 15
34 38 6
34 32 16
34 55 14
34 49 8
34 11 10
34 4 1
34 52 8
34 42 0
34 51 1
34 58 7
34 37 10
34 21 13
34 36 8
34 29 0
34 64 7
34 7 11
34 56 0
34 68 4
35 33 15
35 64 6
35 15 4
35 70 15
35 47 9
35 6 7
35 30 18
35 41 10
35 20 17
35 57 13
35 67 0
35 32 0
35 31 1
35 63 5
35 2 15
35 58 17
35 22 10
35 66 10
35 38 6
35 11 16
35 26 11
35 4 1
35 25 2
35 61 14
35 51 14
35 40 3
35 52 7
35 65 5
35 45 12
35 3 12
35 69 6
35 72 2
35 54 4
35 43 0
35 46 12
35 10 5
35 0 1
35 7 13
35 18 13
35 36 1
35 23 4
35 17 17
35 55 6
35 56 17
35 12 13
35 29 0
35 14 8
35 49 2
35 50 16
35 34 10
35 68 18
36 64 9
36 24 1
36 51 14
36 12 16
36 66 9
36 15 5
36 4 8
36 45 9
36 18 9
36 30 4
37 24 11
37 15 9
37 44 0
37 52 17
37 33 10
37 45 9
37 38 11
37 58 5
37 39 3
37 30 0
37 40 17
37 67 15
37 55 3
37 43 4
37 6 17
37 47 11
37 35 18
37 56 10
37 20 13
37 59 11
37 5 7
37 10 15
37 8 10
37 64 6
37 11 12
37 36 18
37 16 3
37 32 2
37 63 11
37 34 12
37 31 9
37 60 6
37 28 2
37 17 15
37 49 16
37 21 13
37 12 12
37 48 1
37 50 4
37 46 9
37 42 17
37 71 0
37 70 17
37 19 15
37 57 8
37 23 18
37 26 15
37 72 0
37 62 11
37 65 15
37 22 10
37 68 2
37 54 10
37 29 2
37 66 17
37 51 4
37 61 10
37 0 16
37 25 7
37 69 7
37 27 11
37 13 6
37 18 14
37 9 11
37 4 10
37 53 2
37 41 10
38 21 14
38 50 5
38 65 0
38 16 3
38 40 18
38 60 18
38 39 18
38 67 7
38 14 3
38 15 7
38 58 5
38 0 6
38 71 12
38 24 1
38 7 18
38 44 7
38 54 9
38 59 5
38 1 5
38 49 12
38 5 12
38 42 7
38 6 6
38 62 0
38 23 18
38 63 6
38 48 17
38 46 12
38 12 10
38 3 14
38 69 12
38 31 2
38 27 15
38 22 11
38 36 2
38 45 0
38 43 8
38 55 11
38 32 15
38 68 4
38 10 7
38 47 17
38 19 15
38 30 14
38 51 9
38 34 17
38 9 16
38 28 11
38 25 7
38 26 16
38 13 1
38 35 3
38 41 11
38 8 16
38 53 5
38 61 13
38 2 0
38 4 18
38 57 1
38 33 16
38 17 1
38 37 4
38 64 1
38 29 14
38 70 15
40 46 11
40 29 9
40 30 6
40 61 7
40 36 2
40 18 9
40 13 17
40 53 2
40 33 15
40 55 15
40 9 16
40 22 15
40 16 5
40 71 10
40 52 0
40 57 5
40 64 18
40 59 5
40 70 18
40 25 4
40 69 17
40 32 15
40 3 11
40 21 8
40 65 8
40 24 16
40 23 6
40 35 16
40 4 8
40 31 8
40 56 1
40 37 13
40 8 5
40 6 10
40 26 10
40 66 9
40 41 12
40 51 3
40 27 5
40 43 18
40 62 8
40 45 16
40 58 15
40 60 1
40 42 10
40 54 6
40 67 15
40 47 3
40 0 1
40 14 0
40 38 6
40 1 14
40 11 7
40 34 15
40 10 14
40 17 12
40 12 1
40 2 5
40 63 16
40 48 2
41 63 12
41 22 5
41 53 1
41 32 8
41 1 15
41 35 15
41 34 15
41 64 10
41 14 12
41 8 14
41 61 4
41 26 6
41 50 10
41 66 17
41 0 5
41 27 8
41 67 0
41 60 3
41 71 6
41 20 9
41 6 12
41 9 13
41 47 15
41 38 10
41 48 8
41 4 14
41 2 16
41 5 4
41 18 0
41 15 12
41 37 16
41 16 12
41 13 5
41 40 17
41 54 10
41 45 16
41 36 1
41 28 0
41 56 11
41 21 3
41 33 10
41 65 9
41 25 9
41 31 4
41 72 5
41 43 7
41 11 9
41 59 14
41 51 5
41 10 6
41 68 4
41 17 9
41 49 4
41 62 4
41 12 5
41 3 4
41 42 2
41 58 17
41 7 18
41 44 15
42 33 8
42 58 15
42 14 2
42 15 16
42 56 18
42 34 4
42 0 10
42 8 2
42 66 6
42 50 18
42 62 2
42 41 13
42 70 5
42 16 12
42 18 0
42 64 5
42 38 0
42 24 4
42 47 2
42 59 10
42 40 13
42 53 14
42 36 4
42 17 6
42 4 9
42 67 15
42 3 6
42 5 8
42 29 18
42 49 2
42 32 0
42 72 16
42 6 6
42 9 1
42 11 3
42 2 17
42 60 18
42 12 5
42 22 5
42 52 6
42 1 18
42 20 16
42 31 0
42 30 4
42 28 1
42 65 13
42 63 1
42 25 17
42 13 10
42 39 7
42 23 12
42 57 17
42 21 8
42 61 14
42 51 15
42 48 5
42 10 13
42 71 16
42 7 1
42 45 0
42 68 9
42 19 9
42 69 0
43 24 1
43 64 15
43 72 13
43 68 10
43 22 16
43 20 6
43 46 11
43 37 10
43 58 9
43 33 0
43 18 18
43 70 8
43 39 2
43 35 0
43 65 10
43 52 12
43 69 1
43 44 14
43 16 8
43 62 2
43 17 8
43 31 12
43 6 18
43 54 17
43 0 8
43 63 6
43 49 10
43 71 13
43 34 0
43 15 4
43 9 10
44 64 8
44 11 7
44 14 12
44 26 7
44 5 15
44 36 10
44 62 6
44 48 13
44 24 1
44 49 18
45 2 8
45 7 1
45 41 18
45 54 15
45 11 3
45 25 14
45 59 15
45 18 14
45 31 6
45 35 13
45 34 5
45 30 5
45 9 2
45 62 9
45 8 16
45 10 12
45 53 4
45 5 18
45 13 17
45 20 5
45 28 9
45 70 8
45 37 3
46 72 13
46 34 0
46 58 5
46 9 17
46 3 16
46 36 11
46 5 7
46 16 16
46 25 3
46 38 11
46 43 17
46 29 7
46 21 4
46 15 5
46 26 12
46 53 11
46 71 12
46 2 16
46 49 11
46 59 2
46 32 10
46 1 1
46 50 13
46 10 9
46 37 13
46 11 17
46 19 13
46 70 8
46 62 3
46 61 8
46 68 11
46 28 14
46 39 18
46 0 18
46 66 6
46 14 9
46 6 16
46 63 10
46 23 11
46 12 9
46 30 16
46 42 12
46 44 8
46 48 9
46 64 3
46 27 5
46 69 3
46 18 15
46 24 1
46 57 4
46 45 6
46 52 15
46 13 1
46 65 5
46 67 18
46 56 9
46 51 14
46 8 10
46 54 14
46 17 16
46 4 4
46 55 4
46 31 13
46 41 1
46 60 13
46 33 15
46 7 9
46 35 8
46 40 13
46 20 8
46 47 9
46 22 10
47 50 13
47 1 9
47 71 6
47 69 6
47 44 12
47 31 18
47 64 1
47 48 4
47 72 6
47 53 6
47 41 3
47 13 9
47 65 1
47 55 9
47 35 1
47 12 16
47 52 0
47 7 11
47 66 2
47 10 0
47 42 18
47 16 12
47 29 15
47 2 2
47 24 11
47 61 18
47 8 5
47 67 12
47 62 4
47 28 3
47 0 13
47 27 3
47 63 11
47 9 6
47 59 18
47 40 2
47 49 16
47 4 15
47 37 13
47 32 0
47 33 9
47 19 3
47 11 13
47 58 14
47 54 13
47 34 2
47 51 2
47 36 7
47 46 4
47 57 18
48 27 10
48 7 4
48 57 6
48 19 16
48 64 13
48 59 9
48 53 1
48 20 15
48 18 16
48 33 0
48 9 2
48 39 1
48 34 4
48 16 5
48 32 11
48 17 3
48 65 0
48 40 18
48 36 16
48 58 14
48 31 18
48 0 17
48 4 16
48 24 16
48 12 3
48 43 7
49 29 8
49 34 6
49 64 9
49 14 13
49 8 12
49 48 15
49 18 7
49 11 4
49 1 3
49 66 0
50 17 5
50 70 2
50 33 2
50 66 16
50 22 8
50 1 10
50 37 3
50 65 2
50 63 6
50 44 9
50 19 16
50 43 11
50 9 4
50 35 10
50 34 15
50 14 7
50 57 12
50 41 0
50 32 14
50 54 7
50 56 9
50 28 6
50 46 15
50 4 14
50 7 7
50 18 10
50 59 8
50 0 14
50 21 2
50 51 10
50 24 14
50 16 15
50 38 9
50 6 11
50 3 10
50 27 0
50 15 1
51 48 14
51 23 13
51 22 4
51 67 13
51 63 4
51 39 3
51 31 1
51 61 14
51 44 17
51 56 13
51 10 16
51 21 8
51 5 0
51 55 8
51 59 2
52 8 7
52 35 8
52 20 2
52 22 15
52 19 18
52 51 4
52 38 5
52 69 18
52 61 0
52 33 15
52 56 15
52 32 7
52 27 6
52 18 12
52 7 4
52 50 9
52 28 2
52 23 5
52 49 15
52 39 9
52 55 4
52 66 4
52 48 9
52 0 7
52 2 1
52 71 8
52 44 15
52 15 4
52 29 16
52 14 6
52 17 7
52 9 11
52 37 16
52 42 0
52 11 10
52 25 1
52 47 5
52 68 7
52 30 1
52 26 7
52 70 6
52 5 5
52 3 13
52 64 7
52 41 10
52 67 15
52 16 9
52 59 18
52 45 1
52 13 16
52 10 14
52 46 13
52 43 11
52 24 9
52 40 1
52 34 2
53 23 6
53 51 16
53 46 8
53 21 9
53 55 15
53 10 9
53 16 5
53 33 13
53 54 18
53 67 16
53 5 3
53 50 17
54 51 13
54 18 3
54 12 5
54 9 10
54 30 16
54 29 2
54 7 8
54 15 0
54 2 1
54 57 9
54 23 6
54 14 0
54 24 17
54 34 16
54 58 18
54 50 11
54 33 14
54 53 18
54 48 0
54 38 13
54 21 3
54 61 11
54 71 3
54 70 13
54 25 7
54 63 6
54 28 11
54 45 12
54 11 12
54 46 17
54 43 16
55 48 17
55 44 14
55 69 4
55 52 16
55 63 5
55 37 7
55 11 2
55 58 18
55 12 17
55 30 13
56 1 3
56 61 9
56 39 10
56 27 11
56 20 5
56 4 3
56 72 5
56 26 5
56 47 3
56 6 18
56 64 14
56 32 11
56 21 12
56 5 15
56 2 2
57 14 6
57 55 6
57 33 6
57 65 3
57 40 10
57 42 11
57 59 4
57 35 8
57 10 12
57 11 0
57 69 13
57 43 9
57 67 11
57 5 7
57 1 8
57 22 2
57 49 14
57 7 12
57 3 16
57 25 12
57 52 7
57 56 18
57 58 5
57 34 18
57 15 8
57 24 5
57 9 2
57 47 6
57 66 15
57 23 10
57 8 1
57 64 4
57 44 2
57 70 4
57 48 15
58 41 17
58 1 10
58 14 8
58 62 7
58 24 9
58 13 12
58 59 9
58 37 6
58 48 2
58 28 17
58 22 18
58 40 2
58 35 14
58 3 4
58 70 6
58 4 2
58 11 2
58 56 2
59 42 11
59 8 11
59 20 8
59 35 1
59 19 14
59 67 13
59 25 4
59 71 10
59 28 13
59 62 1
59 15 0
59 49 13
59 3 15
59 61 1
59 17 0
59 37 8
59 40 16
59 72 1
59 65 0
59 33 8
59 38 11
59 29 8
59 45 7
59 39 12
59 52 2
59 12 13
59 53 4
59 27 7
59 43 6
59 56 15
59 46 9
59 4 9
59 47 10
59 36 7
59 68 5
59 48 14
59 24 2
59 1 8
59 51 11
59 23 11
59 7 13
59 58 8
59 69 11
59 13 2
60 22 4
60 1 17
60 25 18
60 20 10
60 2 16
60 17 18
60 71 16
60 18 15
60 70 5
60 46 2
60 49 1
60 0 2
60 23 15
60 59 1
60 43 12
60 16 14
60 66 12
60 68 10
61 54 4
61 53 17
61 68 15
61 62 17
61 7 8
61 28 18
61 32 18
61 40 5
61 6 12
61 65 15
61 51 5
61 14 8
61 35 7
61 1 1
61 3 13
61 22 13
61 16 2
61 48 4
61 52 5
61 19 6
61 12 4
61 23 11
61 36 17
61 15 10
61 4 1
61 49 18
61 50 6
61 63 0
61 67 7
61 31 18
61 44 18
61 21 15
61 5 5
61 72 9
61 69 11
61 24 7
61 13 4
61 57 2
61 34 6
61 46 14
61 66 14
61 9 12
61 39 9
61 8 4
61 27 18
61 55 5
61 60 5
61 43 2
61 0 5
61 56 9
61 37 5
61 17 15
62 8 4
62 65 3
62 7 18
62 15 7
62 66 0
62 47 0
62 6 9
62 30 6
62 60 6
62 53 0
62 43 6
62 5 9
62 20 7
62 50 0
62 51 12
62 57 7
62 72 15
62 0 2
62 3 8
62 28 15
62 26 5
63 6 2
63 65 0
63 37 17
63 27 7
63 0 15
63 17 3
63 47 18
63 35 5
63 45 0
63 11 15
63 68 12
63 4 17
63 21 5
63 20 6
63 51 10
63 60 11
63 33 8
63 50 7
63 71 13
63 52 2
63 44 16
64 34 17
64 65 7
64 40 4
64 5 3
64 1 15
64 23 0
64 49 16
64 47 8
64 21 8
64 72 18
64 27 1
64 69 13
65 61 6
65 4 10
65 41 15
65 51 3
65 12 8
65 27 4
65 42 8
65 71 14
65 63 16
65 47 17
65 40 0
65 52 12
65 55 15
65 49 11
65 30 15
65 23 14
65 67 18
65 53 11
65 6 11
65 9 14
65 34 5
65 56 4
65 11 4
65 22 13
65 43 17
65 18 11
65 44 1
65 24 6
66 2 5
66 39 6
66 63 16
66 21 14
66 17 2
66 0 15
66 5 8
66 48 13
66 36 0
66 65 10
66 7 1
66 37 12
66 68 17
66 22 12
66 62 17
66 69 10
66 52 18
66 11 8
66 28 5
66 41 1
66 13 3
66 25 3
66 30 14
66 45 16
66 40 10
66 72 7
66 15 9
66 50 4
66 12 5
66 47 11
66 38 17
66 32 0
66 53 9
66 59 8
66 51 3
66 1 3
66 18 16
66 26 11
66 42 13
66 54 18
66 35 8
66 3 3
66 8 16
66 14 17
66 56 8
66 9 17
66 34 16
66 29 16
66 4 5
66 67 17
66 64 0
66 55 5
66 70 15
66 16 4
66 6 9
66 71 3
66 24 11
66 27 13
66 23 18
66 31 17
66 46 8
66 49 10
66 58 2
66 20 8
66 44 13
66 33 14
66 57 3
67 18 10
67 59 17
67 32 5
67 61 0
67 11 4
67 27 0
67 53 17
67 51 1
67 34 18
67 20 3
67 16 7
67 4 3
67 15 6
67 35 16
67 22 0
67 36 15
67 14 7
67 54 1
67 39 2
67 31 12
67 1 15
67 5 6
67 63 1
67 7 12
67 62 3
67 50 15
67 65 6
67 44 10
67 17 14
67 28 1
67 52 15
67 25 15
67 69 4
67 19 1
67 49 9
67 57 13
67 40 2
67 24 16
67 41 17
67 66 3
67 9 6
67 26 18
67 48 5
67 8 5
67 55 16
67 13 12
67 38 4
67 0 7
67 29 9
67 72 9
67 56 16
67 37 4
67 45 1
67 23 4
67 21 2
67 2 0
67 30 10
67 58 9
67 10 3
67 68 2
67 71 15
67 3 15
67 47 14
67 70 6
67 12 9
67 6 4
67 43 3
67 33 15
67 64 3
67 42 15
67 60 17
67 46 12
68 54 4
68 27 6
68 50 9
68 4 4
68 24 0
68 43 4
68 19 1
68 49 13
68 13 12
68 41 5
68 25 5
68 60 5
68 64 8
68 63 4
68 37 13
68 38 12
68 71 13
68 59 3
68 72 15
68 58 17
68 51 6
68 15 9
68 7 3
68 70 2
68 56 14
68 61 1
68 53 0
69 23 1
69 47 0
69 15 8
69 44 0
69 36 3
69 19 13
69 7 7
69 4 3
69 41 16
69 32 18
69 37 15
69 54 5
69 57 0
69 39 2
69 6 5
69 40 5
69 63 9
69 38 18
69 42 14
69 33 18
69 71 18
69 48 14
69 72 16
69 24 11
69 66 5
69 16 0
69 22 17
69 70 8
69 0 3
69 31 2
69 61 14
69 27 2
69 25 8
69 9 6
69 46 16
69 13 1
69 52 14
69 62 2
69 49 17
69 65 1
69 28 4
69 8 16
69 12 9
69 21 17
69 3 15
69 60 8
69 59 4
69 18 10
69 35 9
69 58 7
69 43 17
69 67 9
69 20 15
69 14 6
69 51 10
69 55 3
69 5 2
69 29 11
69 34 18
69 50 15
69 45 3
69 53 12
69 2 1
70 47 5
70 60 17
70 18 6
70 59 17
70 16 5
70 21 10
70 2 12
70 42 16
70 14 13
70 34 4
70 9 2
70 23 3
70 25 11
70 0 9
70 4 3
70 58 3
70 72 17
71 42 12
71 61 17
71 8 18
71 67 3
71 44 14
71 65 2
71 33 18
71 19 7
71 57 12
71 31 14
71 10 8
71 66 7
71 45 2
71 30 2
71 40 18
71 6 5
71 34 13
71 13 2
71 56 14
71 29 5
71 5 5
71 63 2
71 37 3
71 35 2
71 7 17
71 21 14
71 41 13
71 39 10
71 28 6
71 18 12
71 55 6
71 43 17
71 69 2
71 59 17
71 22 5
71 62 7
71 16 6
71 3 5
71 0 4
71 48 15
71 49 5
71 12 1
71 58 11
71 60 17
72 0 9
72 45 4
72 8 18
72 2 6
72 61 1
72 37 9
72 7 16
72 22 6
72 28 16
72 57 13
72 35 6
72 50 7
72 16 6
72 13 13
72 56 9
72 9 6
72 25 10
72 20 7
72 32 18
72 26 0
72 62 11
72 68 13
72 65 13
72 31 17
72 70 9
72 12 8
