85
3671
false
0 18 6
0 24 0
0 76 18
0 53 16
0 1 13
0 71 17
0 80 6
0 62 8
0 34 13
0 66 3
0 27 8
0 21 1
1 4 14
1 51 15
1 45 9
1 56 5
1 2 14
1 25 4
1 43 6
1 40 5
1 50 3
1 70 18
1 78 14
1 11 0
1 27 15
1 32 17
1 33 12
1 31 11
1 72 5
1 42 10
1 75 12
1 64 0
2 61 6
2 27 4
2 69 3
2 13 14
2 68 0
2 10 3
2 14 7
2 49 10
2 28 14
2 81 8
2 3 7
2 40 15
2 24 17
2 37 3
2 33 9
2 66 0
2 67 12
2 55 12
2 72 1
2 77 5
3 80 9
3 2 4
3 84 3
3 54 8
3 13 10
3 30 15
3 40 2
3 17 3
3 64 15
3 62 14
3 6 16
3 41 6
3 55 10
3 9 11
3 53 8
3 76 12
3 21 17
3 28 5
3 70 5
3 49 10
3 20 9
3 65 14
3 56 15
3 52 13
3 77 3
3 71 9
3 24 4
3 63 4
3 4 3
3 12 1
3 78 12
3 0 11
3 44 4
3 22 7
3 34 5
3 16 1
3 83 8
3 10 1
3 1 17
3 29 1
3 19 11
3 7 7
3 69 1
3 23 0
3 15 9
3 45 3
3 75 8
3 66 5
3 31 17
3 39 14
3 59 5
3 26 9
3 57 8
3 36 17
3 25 0
3 42 6
3 8 3
3 5 17
3 33 11
3 50 12
3 11 18
3 58 12
3 32 5
3 79 18
3 82 5
3 73 7
3 46 8
3 81 11
3 35 0
3 37 0
3 61 14
3 27 2
3 60 0
3 48 10
3 18 7
3 14 12
3 51 1
3 38 18
3 43 0
3 74 6
4 71 16
5 57 3
5 6 11
5 40 9
6 67 3
6 78 11
6 76 5
6 58 1
7 41 12
7 0 8
7 30 1
7 6 9
7 21 11
7 59 15
7 66 9
7 68 7
7 36 14
7 61 14
7 1 0
7 16 2
7 4 13
7 44 5
7 9 6
8 81 7
8 32 11
8 55 8
8 29 2
8 51 14
8 18 10
8 48 3
8 23 16
8 50 7
8 56 6
8 62 9
8 24 6
8 44 12
8 57 18
8 69 6
8 37 2
8 13 12
8 0 15
8 83 6
8 39 10
8 70 15
8 53 16
8 68 11
8 61 4
8 42 5
8 67 16
8 58 8
8 31 9
8 43 0
8 26 2
8 47 9
8 14 15
8 66 11
8 35 3
8 15 15
8 21 7
8 17 11
8 64 4
8 38 15
8 46 7
8 80 13
8 1 17
8 22 3
8 6 10
8 4 12
8 9 5
8 82 17
8 40 9
8 79 12
8 28 11
8 19 7
8 2 9
8 30 17
8 41 16
8 54 3
8 59 12
8 75 10
8 71 6
8 52 10
8 12 12
8 84 9
8 73 15
8 3 11
8 45 13
8 11 15
8 34 14
8 78 14
8 72 2
8 33 4
9 44 0
9 60 1
9 82 12
9 16 17
9 29 18
9 49 2
9 21 5
9 11 15
9 84 15
9 5 18
9 15 8
9 74 12
9 39 14
9 68 4
9 58 12
9 73 14
9 32 12
9 56 4
9 8 15
9 80 6
9 78 5
9 18 17
9 35 16
9 48 2
9 41 3
9 19 14
9 4 8
9 66 10
9 65 10
9 40 7
9 23 9
9 7 8
9 83 1
9 37 9
9 25 8
9 13 10
9 28 10
9 0 8
9 79 5
9 43 11
9 14 17
9 1 9
9 22 15
9 47 16
9 67 4
9 33 3
9 55 1
9 63 13
9 26 15
9 30 0
9 50 0
9 36 16
9 46 5
9 76 6
9 10 17
9 71 8
9 61 6
9 34 1
9 31 8
10 64 13
10 25 12
10 3 9
10 23 17
10 22 2
10 43 4
10 70 9
10 46 12
10 9 5
10 11 7
10 77 2
10 41 17
10 61 4
10 26 1
10 24 2
10 18 3
10 68 7
10 67 1
10 49 0
10 40 8
10 32 2
10 79 6
10 38 14
10 78 18
10 44 3
10 52 13
10 28 14
10 42 12
10 33 0
10 15 9
10 12 15
10 55 1
10 82 4
10 20 8
10 84 8
10 8 7
10 74 13
10 29 7
10 57 3
10 13 5
10 30 14
10 69 3
10 71 5
10 36 13
10 4 2
10 1 10
10 54 11
10 27 3
10 66 2
10 5 1
10 65 17
10 17 1
11 10 11
11 2 3
11 1 13
11 47 10
11 77 4
11 27 8
11 29 10
11 9 15
11 19 7
11 22 8
11 39 8
11 14 17
11 3 8
11 48 14
11 68 6
11 63 12
11 8 0
11 40 10
12 69 17
12 50 1
12 43 16
12 4 12
12 39 1
12 48 14
12 36 9
12 74 5
12 44 4
12 32 13
12 25 17
12 79 14
12 68 1
12 51 3
12 84 18
12 63 18
12 8 1
12 75 18
12 54 10
12 2 14
12 55 11
12 82 11
12 46 7
12 10 2
12 77 0
12 70 17
12 19 3
12 40 6
12 28 1
12 26 13
12 23 15
12 64 7
12 24 0
12 59 13
12 52 11
12 47 2
12 29 0
12 21 3
12 81 17
12 71 7
12 31 18
12 1 8
12 20 0
12 60 1
12 22 14
12 61 0
12 72 7
12 7 12
12 42 6
12 9 9
12 13 6
12 58 5
12 27 10
12 76 11
12 80 1
12 6 1
12 30 13
12 34 9
12 49 0
12 35 15
12 11 10
12 56 6
12 45 0
12 78 13
12 16 4
12 65 18
12 5 8
12 33 9
12 57 12
12 66 6
12 67 17
12 3 6
12 0 1
12 41 18
12 73 10
12 53 9
12 62 16
12 15 1
12 37 18
12 83 5
12 17 11
12 18 9
12 14 9
12 38 2
13 46 2
13 29 13
13 23 12
13 0 12
13 64 13
13 7 17
13 40 12
13 38 1
13 51 7
13 59 11
13 41 3
14 29 4
14 40 0
14 59 3
14 6 18
14 81 1
14 60 14
14 39 12
14 67 10
14 44 17
14 38 7
14 79 17
14 13 17
14 30 0
14 19 2
14 3 13
14 74 2
14 61 3
14 41 12
14 54 5
14 37 7
14 45 17
14 46 10
14 65 2
14 0 7
14 83 9
14 75 0
14 52 10
14 15 8
14 2 8
14 76 3
14 8 15
14 32 10
14 34 18
14 36 14
15 74 16
15 3 4
15 39 16
15 36 6
15 72 0
15 23 4
15 34 1
15 78 13
15 8 13
15 63 11
15 70 3
15 37 14
15 6 4
16 0 7
16 24 6
16 38 6
16 21 10
16 74 2
16 53 8
16 64 12
16 63 18
16 6 2
16 43 3
16 1 15
16 75 4
16 58 0
16 59 16
16 5 4
16 72 14
16 41 8
16 27 5
16 84 12
16 2 6
16 37 11
16 26 5
16 7 12
16 19 12
16 76 7
16 33 13
16 25 15
16 28 1
16 8 18
16 67 6
16 78 15
16 51 0
16 49 15
16 62 7
16 4 9
16 82 12
17 31 3
17 9 18
17 28 2
17 51 18
17 72 6
17 34 11
17 42 4
17 47 7
17 45 18
17 22 4
17 14 8
17 76 2
17 66 0
17 24 10
17 73 8
17 10 0
17 25 1
17 62 7
17 30 3
17 38 1
17 40 17
17 61 12
17 84 7
17 77 18
17 74 12
17 4 8
17 39 11
17 15 8
17 3 6
17 8 13
17 49 17
17 64 18
17 23 11
17 59 8
17 60 6
17 44 11
17 13 18
17 26 14
17 27 15
17 18 0
17 6 2
17 71 0
17 70 6
17 53 13
17 11 17
17 5 11
17 80 10
17 37 15
17 82 9
17 68 11
17 56 1
17 54 7
17 57 11
17 35 13
17 75 6
17 58 9
17 1 14
17 67 2
17 83 14
17 69 1
17 19 5
17 32 7
17 48 12
17 65 6
17 63 15
17 41 1
17 46 14
17 43 9
17 12 14
17 78 16
17 55 5
17 2 3
17 16 9
17 21 16
17 7 0
17 79 16
17 81 14
18 26 13
18 12 15
18 71 9
18 76 11
18 54 10
18 9 9
18 11 12
18 80 7
18 41 12
18 3 14
18 4 0
18 27 14
18 46 1
18 48 4
18 75 0
18 17 2
18 73 10
18 68 0
18 25 11
18 53 18
18 84 9
18 51 0
18 1 8
18 49 18
18 59 9
18 55 8
18 42 1
18 36 2
18 40 16
18 0 13
18 82 1
18 65 9
18 52 0
18 2 8
18 45 11
19 61 18
19 59 16
19 12 2
19 53 9
19 52 12
19 5 0
19 32 10
19 79 4
19 22 0
19 20 4
19 44 1
19 47 4
19 75 10
19 10 0
19 49 0
19 81 14
19 39 7
19 4 7
19 55 4
19 42 6
19 50 11
19 51 9
19 63 8
19 37 15
19 17 4
19 83 4
19 21 2
19 1 7
19 48 18
19 58 3
19 38 2
19 8 12
19 36 15
19 27 17
19 0 0
19 25 14
19 57 3
19 28 3
19 13 2
19 16 2
19 67 3
19 30 18
19 70 7
19 62 6
19 14 2
19 11 9
19 9 11
19 66 4
19 60 18
19 64 15
19 72 7
19 73 7
19 43 7
19 84 0
19 46 8
19 31 3
19 41 9
19 24 9
19 23 13
19 26 0
19 65 10
19 40 11
19 29 2
19 68 17
19 7 0
19 35 2
19 54 4
19 15 1
19 6 7
19 80 17
19 34 9
21 11 11
21 4 8
21 55 16
21 23 12
21 44 4
21 59 9
21 12 13
21 31 17
21 8 2
21 53 11
21 15 3
22 51 4
22 28 16
22 54 8
22 21 11
22 1 9
22 3 18
22 67 17
22 55 4
22 0 16
22 70 8
22 83 2
22 80 2
22 76 16
22 39 15
22 41 14
22 47 0
22 72 2
22 18 0
22 73 12
22 59 0
22 81 12
22 62 12
22 4 6
22 63 3
22 49 12
22 69 11
22 61 8
22 53 13
22 13 7
22 38 4
22 15 13
22 10 0
22 27 3
22 44 3
22 52 7
22 75 13
22 37 17
22 20 3
22 2 4
22 48 13
22 60 2
22 79 13
22 84 16
22 65 14
22 30 2
22 82 15
22 42 13
22 56 9
22 77 2
22 58 0
22 35 14
22 7 15
22 57 1
22 19 3
22 23 17
22 78 6
22 71 5
22 31 8
22 17 3
22 33 10
22 34 5
22 32 6
23 6 17
23 1 9
23 20 3
23 48 17
23 24 0
23 50 9
23 59 1
23 9 2
23 56 15
23 39 1
24 23 18
24 22 1
24 3 15
24 76 4
24 56 18
24 65 6
24 31 16
24 19 3
24 67 7
24 63 11
24 84 3
24 34 3
24 62 4
24 13 18
24 6 0
24 69 10
24 64 14
24 43 15
24 25 10
24 77 11
24 39 12
24 59 17
24 49 10
24 78 11
24 72 5
24 61 0
24 33 6
24 21 10
24 8 14
24 37 9
24 44 11
24 0 9
24 15 3
24 54 1
24 57 14
24 48 4
24 71 6
24 70 14
24 5 12
24 26 0
24 80 11
24 12 17
24 50 17
24 29 6
25 56 17
25 15 15
25 38 12
25 6 11
25 74 12
25 5 2
25 73 10
25 36 11
25 51 16
25 54 16
25 63 17
25 33 5
25 55 8
25 46 3
25 79 16
25 0 9
25 59 10
25 67 3
25 18 3
25 1 1
25 44 11
25 7 9
25 10 7
25 24 17
25 69 16
25 19 6
25 66 4
25 50 12
25 57 6
25 43 1
25 77 2
25 62 5
25 23 16
25 70 13
25 42 7
25 28 18
25 47 2
25 76 6
25 39 2
25 37 10
25 34 9
25 48 10
25 61 14
25 22 4
25 8 12
25 49 16
25 26 14
25 68 4
25 52 15
25 17 8
25 13 12
25 60 0
25 72 16
26 71 9
26 7 16
26 69 1
26 22 1
26 83 8
26 58 11
26 14 13
26 52 1
26 29 8
26 19 2
26 57 4
26 60 17
26 78 15
26 30 6
26 0 8
26 15 14
26 73 3
26 40 0
26 5 11
26 35 16
26 2 3
26 16 12
26 62 1
26 47 11
26 23 17
26 39 6
26 24 17
26 46 17
26 75 0
26 66 2
26 9 5
26 76 16
26 4 0
26 17 13
26 33 15
26 64 7
26 65 5
26 51 1
26 70 17
26 28 9
26 56 15
26 38 16
26 67 12
26 41 4
26 77 13
26 82 2
26 81 15
26 61 17
26 68 15
27 83 17
27 11 15
27 54 1
27 40 13
27 80 7
27 59 9
27 82 5
27 65 11
27 68 12
27 77 10
27 12 18
27 70 6
27 72 2
27 63 3
27 30 15
27 36 1
27 52 3
27 47 3
27 45 0
27 46 5
27 42 12
27 38 0
27 31 4
27 4 8
27 3 4
27 34 7
27 26 9
27 64 0
27 37 7
27 23 4
27 62 14
27 14 17
27 43 9
27 41 8
27 79 11
27 73 4
27 28 9
27 84 3
27 61 6
27 22 2
27 18 2
27 49 3
27 33 7
27 24 4
27 1 0
27 16 1
27 44 16
27 75 9
27 29 8
27 66 10
27 13 0
27 6 5
27 60 17
27 21 12
27 71 3
27 58 14
27 78 4
27 69 8
28 64 3
28 63 12
28 50 2
28 81 5
28 34 10
28 68 18
28 73 9
28 29 0
28 40 11
28 74 17
28 22 4
28 48 4
28 14 11
28 84 9
28 10 2
28 23 8
28 18 14
28 43 7
28 78 2
28 41 7
28 35 10
28 4 16
28 21 5
28 37 17
28 1 15
28 51 4
28 75 1
28 76 14
28 8 14
28 62 12
28 2 11
28 83 7
28 54 12
28 26 8
28 19 11
28 49 3
28 20 12
28 33 17
28 61 11
29 31 5
29 12 15
29 54 3
29 81 15
29 35 10
29 17 6
29 62 1
29 15 16
29 73 18
29 27 8
29 60 13
29 24 15
29 48 13
29 61 18
29 83 12
29 71 18
29 19 13
29 38 3
29 6 3
29 13 15
29 32 17
29 57 12
29 11 1
29 79 6
29 72 17
29 25 1
29 23 5
29 37 3
29 50 14
29 56 2
29 22 16
29 59 9
29 16 11
29 39 18
29 67 17
29 26 3
29 40 12
29 33 8
29 65 7
29 75 14
29 51 13
29 52 4
29 41 4
29 58 13
29 47 16
29 74 11
29 9 15
29 45 9
29 82 10
29 0 15
29 63 7
29 77 16
29 69 3
29 3 13
29 30 7
29 70 4
29 34 13
29 80 13
29 18 12
29 53 6
29 46 9
29 4 14
29 8 0
29 7 8
29 10 11
29 14 0
29 20 5
29 5 9
29 49 0
29 66 14
29 68 10
29 21 8
29 28 14
29 78 7
29 43 11
29 44 17
29 1 3
29 42 6
29 55 11
29 2 17
29 36 16
29 84 8
29 64 9
30 36 5
30 35 5
30 0 15
30 15 17
30 18 17
30 61 2
30 9 9
30 52 13
30 83 16
30 23 16
30 51 12
30 33 2
30 66 5
30 40 9
30 69 6
30 37 17
30 3 13
30 25 13
30 1 5
30 21 13
30 60 12
30 34 11
30 63 6
30 7 6
30 80 15
30 68 7
30 48 6
31 74 10
31 59 17
31 1 7
31 75 7
31 27 13
31 43 7
31 9 10
31 29 17
31 72 15
31 44 4
31 8 9
31 32 17
31 56 8
31 84 7
31 50 3
31 81 8
31 41 2
31 62 13
31 20 5
31 63 1
31 52 2
31 51 3
31 2 16
31 42 5
31 22 6
31 39 9
31 57 17
31 46 4
31 55 1
31 26 3
31 10 6
31 19 9
31 66 16
31 34 0
31 12 18
31 35 16
31 23 15
31 13 15
31 5 18
31 61 1
31 15 10
31 60 8
31 6 6
31 14 11
31 82 1
31 24 4
31 48 4
31 33 2
31 0 6
31 69 8
31 45 8
31 73 2
31 17 13
31 83 0
31 49 9
31 4 13
31 28 2
31 76 9
31 18 0
31 58 18
31 68 14
31 67 17
31 7 10
31 54 0
31 80 16
32 20 5
32 24 15
32 38 5
32 57 4
32 64 12
32 52 5
32 34 15
32 74 7
32 40 10
32 8 7
32 65 8
32 48 10
32 51 2
32 45 7
32 12 2
32 36 1
32 22 7
32 82 4
32 53 12
32 21 0
32 55 5
32 79 8
32 50 6
32 0 12
32 44 12
32 72 1
32 4 17
32 10 5
32 67 15
32 80 9
32 15 8
32 70 5
32 81 14
32 56 10
32 3 1
32 54 6
32 69 17
32 30 18
32 71 17
32 31 5
32 66 13
32 76 14
32 2 0
32 6 3
32 75 17
32 42 15
32 60 7
32 13 4
32 47 12
32 7 7
32 23 9
32 62 5
32 46 15
32 84 5
32 41 15
32 35 0
32 19 1
32 37 15
32 63 4
32 29 13
32 43 2
32 5 15
32 73 10
32 9 10
33 62 10
33 8 13
33 15 0
33 72 8
33 24 1
33 60 10
33 31 4
33 18 6
33 66 5
33 51 2
33 46 1
33 10 12
33 47 12
33 22 14
33 6 4
33 9 6
33 32 11
33 25 17
33 5 10
33 13 0
33 71 3
33 14 17
33 74 16
33 68 1
33 36 11
33 73 3
33 53 12
33 23 13
33 0 12
33 43 17
33 34 3
33 82 16
33 12 14
33 70 4
33 39 16
33 61 5
33 4 14
33 19 0
33 28 16
33 83 15
33 35 12
33 59 16
33 56 3
33 49 15
33 45 14
33 30 5
33 63 12
33 58 3
34 1 18
34 58 18
34 40 18
34 4 12
34 57 7
34 46 11
34 41 6
34 55 14
34 77 7
34 3 12
34 18 11
34 20 4
34 19 18
34 36 7
34 74 7
34 26 15
34 69 3
34 66 10
34 44 13
34 21 14
34 54 5
34 82 18
34 14 0
34 67 11
34 13 11
34 12 16
34 59 7
34 31 8
34 51 15
34 24 12
34 72 6
34 62 4
34 78 9
34 25 11
34 17 15
34 61 12
34 49 12
34 52 8
34 29 17
34 83 18
34 8 12
34 43 8
34 42 8
34 48 6
34 22 12
34 38 18
34 7 6
34 53 9
34 81 11
34 79 15
34 6 2
34 39 17
34 65 6
34 84 3
34 2 15
34 11 4
34 32 10
36 23 16
36 68 15
36 64 5
36 56 5
36 33 0
36 72 13
36 73 0
36 53 13
36 62 7
36 1 14
36 54 3
36 67 5
36 55 15
36 40 18
36 81 9
36 66 3
36 59 9
36 61 10
36 29 6
36 78 8
36 15 18
36 37 3
36 38 5
36 80 7
36 27 15
36 74 4
36 44 4
36 7 18
36 5 9
36 50 0
36 31 16
36 28 18
36 48 5
36 49 8
36 69 7
36 84 7
36 24 6
36 45 16
36 32 10
36 43 10
36 75 12
36 39 2
36 11 11
36 0 5
36 18 5
36 47 8
36 60 11
36 30 13
36 79 5
36 51 13
36 63 9
36 71 3
36 52 11
36 82 9
36 46 3
36 70 14
36 3 17
36 10 9
36 19 9
36 21 15
36 25 13
36 9 18
36 26 7
36 17 4
36 16 10
36 34 0
36 22 16
36 35 2
37 10 10
37 56 1
37 3 8
37 78 10
37 54 1
37 50 4
37 74 18
37 38 2
37 42 15
37 65 9
37 58 12
37 29 1
37 35 16
37 80 1
37 76 10
37 26 7
37 41 16
37 30 3
37 57 0
37 28 0
37 39 16
37 34 2
37 13 3
37 32 15
37 19 11
37 68 10
37 71 7
37 1 3
37 11 15
37 84 17
37 21 15
37 55 18
37 4 0
37 66 8
37 6 8
37 62 10
37 12 13
37 60 14
37 45 1
37 27 2
37 15 16
37 75 1
37 20 2
37 0 18
37 64 12
37 69 9
37 5 6
37 72 4
37 40 13
37 24 18
37 8 15
37 25 3
37 17 3
37 31 15
37 47 11
37 36 5
37 59 0
37 52 16
37 77 15
37 18 12
37 9 9
37 43 10
37 33 4
37 48 9
37 67 3
37 51 12
37 70 13
37 49 16
37 53 8
37 82 9
37 81 17
37 23 9
37 73 8
37 83 16
37 22 16
37 44 5
37 63 17
37 16 15
38 5 2
38 76 6
38 42 1
38 12 6
38 74 2
38 0 6
38 64 16
38 17 3
38 27 0
38 24 1
38 46 15
38 20 9
38 10 18
38 19 11
38 4 14
38 75 3
38 54 11
38 77 4
38 84 11
38 70 12
38 44 3
38 26 18
38 39 13
38 32 7
38 66 11
38 18 13
38 50 13
38 16 17
38 73 16
38 48 13
38 61 4
38 55 18
38 62 4
38 65 7
38 11 8
38 7 0
38 35 3
38 49 6
38 60 6
38 63 15
38 57 1
38 47 15
38 67 4
38 37 10
38 36 0
38 9 11
38 52 13
38 34 11
38 13 3
38 28 13
38 72 11
38 22 15
38 51 9
38 78 5
38 83 10
38 21 2
38 43 16
38 82 18
38 14 14
38 53 18
38 45 14
38 33 17
38 69 9
38 79 18
39 50 2
39 43 8
39 16 11
39 14 10
39 54 9
39 68 15
39 76 13
39 34 4
39 44 11
39 28 7
39 81 13
39 4 8
39 60 13
39 32 1
39 84 12
39 70 7
40 70 13
40 0 0
40 10 18
40 69 10
40 72 9
40 76 5
40 16 15
40 60 18
40 78 18
40 80 8
40 29 6
40 83 2
40 77 2
40 43 18
40 31 11
40 49 12
40 19 5
40 56 14
40 22 9
40 59 0
40 45 14
40 35 11
40 61 3
40 74 15
40 38 2
40 42 18
41 73 10
41 12 7
41 17 14
41 19 0
41 69 12
41 15 12
42 63 5
42 66 3
42 7 18
42 55 18
42 50 6
42 35 1
42 61 9
42 41 3
42 2 1
42 49 15
42 16 5
42 17 2
42 74 4
42 47 3
42 58 13
42 23 6
42 60 13
42 56 4
42 33 2
42 14 2
42 29 17
42 69 16
42 73 9
42 45 13
42 52 13
42 48 9
42 53 12
42 84 10
42 57 16
42 6 9
42 10 2
42 64 0
42 31 8
42 19 5
42 79 8
42 83 16
42 75 18
42 24 1
42 54 3
42 70 6
42 3 5
42 51 13
42 38 15
42 36 7
42 13 15
42 68 9
42 18 14
42 26 10
42 43 5
42 9 14
42 1 2
42 62 2
42 20 17
42 67 15
42 4 4
42 46 11
42 72 10
42 22 16
42 78 12
42 32 16
42 71 8
42 65 15
42 5 10
42 15 3
42 80 2
42 21 17
42 37 12
42 34 5
42 27 10
42 40 7
42 25 10
42 11 3
42 30 8
43 55 15
43 62 4
43 66 10
43 69 0
43 84 13
43 67 5
43 34 17
43 48 14
43 7 13
43 77 11
43 63 18
43 22 8
43 50 4
43 61 16
43 80 1
43 38 1
43 25 16
43 14 14
43 70 4
43 76 15
43 16 10
44 21 3
44 84 0
44 74 13
44 70 6
44 79 16
44 20 0
44 28 11
44 6 18
44 61 1
44 78 16
44 7 18
44 19 11
44 65 9
44 50 15
44 41 4
44 12 4
44 59 8
44 30 15
44 15 12
44 51 14
44 49 2
44 39 18
44 75 2
44 11 4
44 32 1
44 46 7
44 23 11
44 10 5
44 48 0
44 16 18
44 45 4
44 80 3
44 38 18
44 9 6
45 5 10
45 2 8
45 22 7
45 49 7
45 77 15
45 4 3
45 51 17
45 25 7
45 7 11
45 18 16
45 71 3
45 54 2
45 13 17
45 31 4
45 34 1
45 15 4
45 65 4
45 70 18
45 20 11
45 52 14
45 58 2
45 84 1
45 61 17
45 83 4
45 47 11
45 62 13
45 76 16
45 24 9
45 29 12
45 26 3
45 43 10
45 42 3
45 78 1
45 59 13
45 39 1
45 68 14
45 36 13
45 73 12
45 8 4
45 72 11
45 19 7
45 17 12
45 38 18
45 27 8
45 14 7
45 35 2
45 75 2
45 79 15
45 64 16
45 30 5
45 55 7
45 53 17
45 37 9
45 11 8
45 57 1
45 48 18
45 40 1
45 33 7
45 21 15
45 23 4
45 67 15
45 46 6
45 41 2
45 82 9
45 80 9
47 77 2
47 18 17
47 4 7
47 32 16
47 53 9
47 15 0
47 45 15
47 24 18
47 8 0
47 10 11
47 33 16
47 71 2
47 43 1
47 9 17
47 75 17
47 17 0
47 3 13
47 2 6
47 5 7
47 48 15
47 52 15
47 37 8
47 68 16
47 56 12
47 40 16
47 41 7
47 36 12
47 58 9
47 51 18
47 7 7
47 82 5
47 60 16
47 42 9
47 25 14
47 64 4
47 19 5
47 16 9
47 29 1
47 34 1
47 0 16
47 54 7
47 38 9
47 57 5
47 79 17
47 31 5
47 46 9
47 73 0
47 11 18
47 28 16
47 27 7
47 65 18
47 61 7
47 22 14
47 83 7
47 76 12
47 12 0
47 63 4
47 67 15
47 21 15
47 35 6
47 66 17
47 30 1
47 69 6
47 26 1
47 44 4
48 29 3
48 46 10
48 9 11
48 72 10
48 53 4
48 54 2
48 74 18
48 4 6
48 8 4
48 61 0
48 63 13
48 14 8
48 43 12
48 84 0
48 2 11
48 34 4
48 28 15
48 75 16
48 57 11
48 82 1
48 21 3
48 52 16
48 79 18
48 42 13
48 77 16
48 83 17
48 40 13
48 69 15
48 38 17
48 76 10
48 27 8
48 73 4
48 59 7
48 66 15
48 58 5
48 0 14
48 1 8
48 45 10
48 24 18
48 47 9
48 15 5
48 65 9
48 49 5
48 51 5
48 13 10
48 62 4
48 39 7
48 35 0
48 7 2
48 3 13
48 78 18
48 67 4
48 11 6
48 19 4
48 5 13
48 31 3
48 41 14
48 81 16
48 6 17
48 23 14
48 44 1
48 56 6
48 33 1
48 30 18
48 16 8
49 60 9
49 21 4
49 39 5
49 0 8
49 5 4
49 37 0
49 24 11
49 76 7
49 82 10
49 30 3
49 59 5
49 47 13
49 43 9
49 4 17
49 38 7
49 81 12
49 64 2
50 65 10
50 23 12
50 24 3
50 13 5
50 15 6
50 47 3
50 62 15
50 54 11
50 58 17
50 21 13
50 75 5
50 81 16
50 20 16
50 74 1
50 42 15
50 16 7
50 79 10
50 5 4
50 46 16
50 60 2
50 45 4
50 77 3
50 39 6
50 7 2
50 49 3
50 38 0
50 73 11
50 53 3
50 55 10
50 31 17
50 35 13
50 25 8
50 52 11
50 78 10
50 71 15
50 6 6
50 37 16
50 11 18
50 63 17
50 33 15
50 18 0
50 57 4
50 3 2
50 56 8
50 84 16
50 8 9
50 2 13
50 66 5
50 44 5
50 80 2
50 30 7
50 82 14
50 41 8
50 36 6
50 19 9
50 76 4
50 69 15
50 43 3
50 0 18
50 64 4
50 68 16
51 65 1
51 52 14
51 79 11
51 12 4
51 55 4
51 4 14
51 78 4
51 11 18
51 74 17
51 3 14
51 49 9
51 28 13
51 9 18
51 63 6
51 43 12
51 18 7
51 56 8
51 64 16
51 23 6
51 72 0
51 16 1
51 58 3
51 48 2
51 1 15
51 83 1
51 14 18
51 38 8
51 53 14
51 30 13
51 66 3
51 19 0
51 40 16
51 17 6
51 84 8
51 20 2
51 13 15
51 0 8
51 77 5
51 10 5
52 71 5
52 49 0
52 38 9
52 22 10
52 28 13
52 78 10
52 74 10
52 42 18
52 47 15
52 21 7
52 7 3
52 70 9
52 80 13
52 11 1
52 61 10
52 76 16
52 6 4
52 29 5
52 40 9
52 18 15
52 4 4
52 45 12
52 84 12
52 81 14
52 20 3
52 55 4
52 15 6
52 10 7
52 16 6
52 54 4
52 67 13
52 48 0
52 34 2
52 26 11
52 65 15
52 64 9
52 27 9
52 14 5
52 59 6
52 63 6
52 36 11
52 57 17
52 25 2
52 37 18
52 12 14
52 53 9
52 79 13
52 51 1
52 24 7
52 66 2
52 58 8
52 3 0
52 43 0
52 75 7
52 2 1
52 13 12
52 33 3
52 56 0
52 32 4
52 23 9
52 30 2
52 39 0
52 35 5
52 19 13
52 41 15
52 72 5
52 9 4
52 69 14
52 68 13
52 82 3
52 31 14
52 77 17
52 60 18
52 62 5
52 50 2
52 0 2
52 5 9
52 17 2
52 46 7
52 44 11
52 8 14
52 73 1
53 39 13
53 82 12
53 49 7
53 70 18
53 73 14
53 4 4
53 64 13
53 46 14
53 78 17
53 30 16
53 14 8
53 47 2
53 36 17
53 57 15
53 66 6
53 45 7
53 8 6
53 50 9
53 54 10
53 60 15
53 6 2
53 29 18
53 11 5
53 55 13
53 51 0
53 83 8
53 27 12
53 44 15
53 81 8
53 7 16
53 62 16
53 52 5
53 12 6
53 23 7
53 71 4
53 63 14
53 3 11
53 75 9
53 31 1
53 80 5
53 19 15
53 10 14
53 15 14
53 41 14
53 43 10
53 24 18
53 0 12
53 61 16
53 34 10
53 21 8
53 40 13
53 65 7
53 35 16
53 69 15
53 38 6
53 74 3
53 5 14
53 28 12
53 2 2
53 1 5
54 62 17
54 71 15
54 67 18
54 74 10
54 31 15
54 46 15
54 4 4
54 81 9
54 6 15
54 63 14
54 29 14
54 34 6
54 69 2
54 28 18
54 66 4
54 0 6
54 26 13
54 65 1
54 48 6
54 10 2
54 24 15
54 20 18
54 45 3
54 83 5
54 72 16
54 77 15
54 73 7
54 30 13
54 27 3
54 35 12
54 8 8
54 33 11
54 55 2
54 70 17
54 25 6
54 42 10
54 16 18
54 22 11
54 47 12
54 32 13
54 15 12
54 19 1
54 68 17
54 12 1
54 3 8
54 1 16
54 21 0
55 79 9
55 23 1
55 73 1
55 76 16
55 28 18
55 34 6
55 0 0
55 65 16
55 59 3
55 60 18
55 30 14
55 50 6
55 45 10
55 2 13
55 1 1
55 74 10
55 4 16
55 41 17
55 18 17
55 57 3
55 47 3
55 81 11
55 48 10
55 14 9
55 13 6
55 36 10
55 69 15
55 12 15
55 58 18
55 24 6
55 39 16
55 67 11
55 21 8
55 52 11
55 54 15
55 10 3
55 83 13
55 25 10
55 70 14
55 49 12
55 31 7
55 11 4
55 62 0
55 6 1
55 5 0
55 40 10
55 15 11
56 42 6
56 48 10
56 63 16
56 8 14
56 11 17
56 74 1
56 60 16
56 70 1
56 73 3
56 4 11
56 24 15
56 35 10
56 0 16
56 80 4
56 55 10
56 38 13
56 28 14
56 66 13
56 61 16
56 16 5
56 23 18
56 76 4
56 44 18
56 15 8
56 49 0
56 82 0
56 72 12
56 65 12
56 39 17
56 68 9
56 50 14
56 52 13
56 51 8
56 10 18
56 41 18
56 57 0
56 71 13
56 5 14
56 59 2
56 2 7
56 33 12
56 6 2
56 84 4
56 40 11
56 7 15
56 18 3
56 29 3
56 14 16
56 37 4
56 69 18
56 26 5
56 47 1
56 19 14
56 36 11
56 77 13
56 62 11
56 32 4
56 17 11
56 81 1
56 79 8
56 27 3
56 64 6
56 9 8
56 83 4
56 43 3
56 58 4
56 1 1
56 12 5
56 13 13
56 53 16
56 31 11
56 30 7
56 67 11
56 25 18
56 45 0
56 22 3
56 34 0
56 78 12
56 46 4
56 3 15
56 54 16
56 75 8
56 20 18
57 80 2
57 14 9
57 10 16
57 54 18
57 4 17
57 77 18
57 18 0
57 8 8
57 20 10
57 55 6
57 45 15
57 39 10
57 27 9
57 63 15
57 29 3
57 66 5
57 75 16
57 17 16
57 25 17
57 41 18
57 81 9
57 28 6
57 58 6
57 32 14
57 76 7
57 38 11
57 34 15
57 26 18
57 79 9
57 0 5
57 33 8
57 51 11
57 37 16
57 36 4
57 9 17
57 70 7
57 35 5
57 50 0
57 67 6
57 19 4
57 46 8
57 69 17
57 71 10
57 15 9
57 7 7
57 44 17
57 2 14
57 72 8
57 21 6
57 65 10
58 66 10
58 64 13
58 6 11
58 45 4
58 69 16
58 11 9
58 68 7
58 84 11
58 79 13
58 24 10
58 28 1
58 35 18
58 78 5
58 49 1
58 18 10
58 71 16
58 46 17
58 73 16
58 3 11
58 50 17
58 8 11
58 75 16
58 77 12
58 23 3
58 59 11
58 21 17
58 1 2
58 26 9
58 14 1
58 38 12
58 55 11
58 4 1
58 83 15
58 33 9
58 20 13
58 9 5
58 42 1
58 57 13
58 63 1
58 43 16
58 60 13
59 16 9
59 62 4
59 47 9
59 77 14
59 30 12
59 34 5
59 84 14
59 81 5
59 78 10
59 51 8
59 7 14
59 31 5
59 66 15
59 0 1
59 71 4
59 54 15
59 22 0
59 68 5
59 4 6
59 53 2
59 33 4
59 65 6
59 76 12
59 29 3
59 25 4
60 51 9
60 71 11
60 68 11
60 74 3
60 82 8
60 63 2
60 29 8
60 79 4
60 1 18
60 6 8
60 41 6
60 66 6
60 48 9
60 84 10
60 55 1
60 77 5
60 22 14
60 47 17
60 57 3
60 46 10
60 27 13
60 75 11
60 10 5
60 18 15
60 50 1
60 26 0
60 30 1
60 0 3
60 78 1
60 34 18
60 83 14
60 64 16
60 49 11
60 43 2
60 72 12
60 21 6
60 42 17
60 8 11
60 53 6
60 11 4
60 33 14
60 36 14
60 61 18
60 14 8
60 12 5
60 67 14
60 19 10
60 70 9
60 28 18
60 59 4
60 5 5
60 40 8
60 38 11
60 81 13
60 44 14
60 25 5
60 76 17
60 2 15
60 15 17
60 24 8
60 3 18
60 23 5
60 56 7
60 69 3
60 58 9
60 35 17
61 81 13
61 30 3
61 2 12
61 28 9
61 40 7
61 60 16
61 55 3
61 18 17
61 75 15
61 39 0
61 1 12
61 7 1
61 11 11
61 37 15
61 67 14
61 49 17
61 32 16
61 53 15
61 8 8
61 57 16
61 72 2
61 77 6
61 46 16
61 71 1
61 43 1
61 16 11
61 15 18
61 51 9
61 69 8
61 70 5
61 63 3
61 26 5
61 19 3
61 59 3
61 65 9
61 42 11
61 84 3
61 6 11
61 35 18
61 27 6
61 17 13
61 56 0
61 82 11
61 68 16
61 74 7
61 64 11
61 22 6
61 44 1
61 50 16
61 0 4
61 4 14
61 45 3
61 24 0
61 10 11
61 54 16
61 25 12
61 36 8
61 29 5
61 23 18
62 1 3
62 26 12
62 5 0
62 16 4
62 42 14
62 45 10
62 30 8
62 81 4
62 32 5
62 55 5
62 23 3
62 34 5
62 43 9
62 40 18
62 37 8
62 8 10
62 13 8
62 69 5
62 60 15
62 11 4
62 74 15
62 66 12
62 84 5
62 19 2
62 4 7
62 18 2
62 38 1
62 21 2
62 7 7
62 53 5
62 63 6
62 76 7
62 17 2
62 28 11
62 14 2
62 57 0
62 46 16
62 52 5
62 77 11
62 78 16
62 80 5
62 56 2
62 47 9
62 64 14
63 39 2
63 4 11
63 44 4
63 69 9
63 11 18
63 76 9
63 26 10
63 45 5
63 54 18
63 30 9
63 6 2
63 47 12
63 28 8
63 5 5
63 80 0
63 51 11
63 15 0
63 46 11
63 20 2
64 31 18
64 71 2
64 73 17
64 1 15
64 59 3
64 32 0
64 60 11
64 33 9
64 74 14
64 23 6
64 44 12
64 30 14
64 65 2
64 81 4
64 63 0
64 76 12
64 50 9
64 20 12
64 26 16
64 13 15
64 56 4
64 22 10
64 2 12
64 52 0
64 38 5
64 80 13
64 11 2
64 8 14
64 72 15
64 27 13
64 35 9
64 55 5
64 75 10
64 61 11
64 84 12
64 28 8
64 51 12
64 0 3
64 49 6
64 53 9
64 46 12
64 54 6
64 83 15
64 45 5
64 39 10
64 19 14
64 34 1
64 67 13
64 43 14
64 58 13
64 10 4
64 12 16
64 7 9
64 21 6
64 15 1
64 36 9
64 29 15
64 18 16
64 78 16
64 42 2
64 68 15
64 47 17
64 14 14
64 24 12
64 82 8
64 66 8
64 3 12
64 25 13
64 57 3
64 40 10
64 4 10
64 62 13
64 5 9
64 9 3
64 79 4
64 17 13
64 48 4
64 6 12
64 70 4
65 8 7
65 71 6
65 52 8
65 53 14
65 0 13
65 80 4
65 35 3
65 9 1
65 49 9
65 19 10
65 57 6
65 24 1
65 28 3
65 76 2
65 16 6
65 55 14
65 38 10
65 22 9
65 60 11
65 66 4
65 37 18
65 29 6
65 15 9
65 1 12
65 6 15
65 73 11
65 36 8
65 61 4
65 63 0
65 11 0
65 64 14
65 56 8
65 40 1
65 5 8
65 7 9
65 20 4
65 12 1
65 67 12
65 48 3
65 62 18
65 83 8
65 70 16
65 2 4
65 25 5
65 46 12
65 81 6
65 82 0
65 17 7
65 84 4
65 45 12
65 41 7
65 58 7
65 34 17
66 16 1
66 17 15
66 57 17
66 3 3
66 83 5
66 33 14
66 67 15
66 10 6
66 24 2
66 59 12
66 62 2
66 48 2
66 9 10
66 22 9
66 79 8
66 60 11
66 44 3
66 42 7
66 0 2
66 46 12
66 40 6
66 21 18
66 77 12
66 56 16
66 18 12
66 5 6
66 82 15
66 4 5
66 73 2
66 12 4
66 75 14
66 43 6
66 2 17
66 76 0
66 80 0
66 26 2
66 70 13
66 25 5
66 23 5
66 28 9
66 19 13
66 50 4
66 29 16
66 27 10
66 78 14
66 39 16
66 51 5
66 41 7
66 36 1
66 34 11
66 84 14
66 6 9
66 32 15
66 37 11
66 7 12
67 50 5
67 6 17
67 41 9
67 22 3
67 9 3
67 56 5
67 45 3
67 59 10
67 10 2
67 4 18
67 76 10
67 58 16
67 81 7
67 47 17
67 5 17
67 77 18
67 83 12
67 43 7
67 37 8
67 34 9
67 24 13
67 16 17
67 29 15
67 84 10
67 49 4
67 17 9
67 60 3
67 52 16
67 75 17
67 74 7
67 53 16
67 65 16
67 14 10
67 28 18
67 36 17
67 2 15
67 46 6
67 12 18
67 48 14
67 61 15
67 33 12
67 30 8
67 13 15
67 54 11
67 3 17
67 19 5
67 25 4
67 20 9
67 32 11
67 15 10
67 64 14
67 71 1
67 7 1
67 51 10
67 72 4
68 53 1
68 52 9
68 4 17
68 50 6
68 29 4
68 48 16
68 27 10
68 58 8
68 46 3
68 35 7
68 5 17
68 42 0
68 24 14
68 80 3
68 54 13
68 49 11
68 15 1
68 12 13
68 64 5
68 9 16
68 1 10
68 55 2
68 65 2
68 16 5
68 84 6
68 56 12
68 82 11
68 2 8
68 41 5
68 73 0
68 67 18
68 75 0
68 78 4
68 81 5
68 69 3
68 19 8
68 13 7
68 76 2
68 8 15
68 34 12
68 45 18
68 26 10
68 83 8
68 21 7
68 57 13
68 3 12
68 28 12
68 11 7
68 0 10
68 7 11
68 70 0
68 44 10
68 62 2
68 51 8
68 6 5
68 74 15
68 61 4
68 30 2
68 14 8
68 31 18
68 17 5
68 20 9
68 33 16
68 22 3
68 25 6
68 37 3
68 36 15
68 10 14
68 43 17
69 80 17
69 53 9
69 19 15
69 37 7
69 63 12
69 62 10
69 12 14
69 26 17
69 52 10
69 5 10
69 50 6
69 38 15
69 30 1
69 54 15
69 72 4
69 32 11
69 20 5
69 40 13
69 48 7
69 7 7
69 56 7
69 83 10
69 14 16
69 82 15
69 41 9
69 49 1
69 11 18
69 21 10
69 18 2
69 42 17
69 75 1
69 25 2
69 44 10
69 55 1
69 16 4
69 46 7
69 27 2
69 58 3
69 15 9
69 6 17
69 31 16
69 57 10
69 76 11
69 68 15
69 67 17
69 81 5
69 9 7
69 73 12
69 71 13
69 4 17
69 34 0
69 28 4
69 65 18
69 51 15
69 61 2
69 17 1
69 0 16
69 84 12
69 33 1
69 79 3
69 3 14
69 8 3
69 70 5
69 64 0
69 39 5
69 10 11
69 66 7
69 35 8
69 2 5
69 45 4
69 29 0
69 22 10
69 78 7
69 13 8
69 1 3
69 59 4
69 60 2
69 47 5
69 36 16
70 23 17
70 71 18
70 64 9
70 46 1
70 63 4
70 62 11
70 32 16
70 56 3
70 47 8
70 39 1
70 83 14
70 13 9
70 8 10
70 1 14
70 4 14
70 82 18
70 65 3
70 44 11
70 7 6
70 37 7
70 17 13
71 37 5
71 21 15
71 76 0
71 44 15
71 8 13
71 69 16
71 46 9
71 11 11
71 68 16
71 50 15
71 3 9
71 32 4
71 59 11
71 13 6
71 17 7
71 60 1
71 73 18
71 55 13
71 42 13
71 9 16
71 82 5
71 47 9
71 39 18
71 29 7
71 56 13
71 38 1
71 67 2
71 52 11
71 23 9
71 58 7
71 24 0
71 6 16
71 35 13
71 43 5
71 84 3
71 30 3
71 33 18
71 49 0
71 83 11
71 48 4
71 16 3
71 51 2
71 20 9
71 79 5
71 66 4
71 64 16
71 12 13
71 2 12
71 7 0
71 28 6
72 66 9
72 15 3
72 43 18
72 62 14
72 25 15
72 44 17
72 0 4
73 24 18
73 66 4
73 51 4
73 32 9
73 1 6
73 82 0
73 83 3
73 22 9
73 20 4
73 2 4
73 21 2
73 41 10
73 26 10
73 43 5
73 48 11
73 42 16
73 55 6
73 23 4
73 28 17
73 37 9
73 14 4
73 57 14
73 36 8
73 33 13
73 65 4
73 67 15
73 78 8
73 54 16
73 49 12
73 80 1
74 27 4
74 50 10
74 69 5
74 33 11
74 9 0
74 24 12
74 53 6
74 31 15
74 59 15
74 54 2
74 83 13
74 13 16
74 22 7
74 38 11
74 15 14
74 35 6
74 48 8
74 41 13
74 66 17
74 17 13
74 70 5
74 19 11
74 21 3
74 26 17
74 40 13
74 49 5
74 60 6
74 55 10
74 56 6
74 61 3
74 73 0
74 32 5
74 62 11
74 77 6
74 67 11
74 47 15
74 20 0
74 37 3
74 10 16
74 18 1
74 57 0
74 81 8
74 23 11
74 7 16
74 42 6
74 78 8
74 72 16
74 80 0
74 30 9
74 28 7
74 65 14
74 4 17
74 29 0
74 68 16
74 76 2
74 36 8
74 51 18
74 71 9
74 5 17
74 45 7
74 79 9
74 3 17
74 58 13
74 0 14
74 12 3
74 75 12
74 25 7
74 39 7
74 82 0
74 16 12
74 8 10
74 11 6
74 84 3
74 14 4
74 2 3
74 64 18
74 52 3
74 6 12
75 42 13
75 41 2
75 67 9
75 68 3
75 64 12
75 31 17
75 72 7
75 76 10
75 26 1
75 62 16
75 28 7
75 18 10
75 22 9
75 5 10
75 73 15
75 1 4
75 38 18
75 69 15
75 52 3
75 45 2
75 17 16
75 70 8
75 58 18
75 9 9
76 27 3
76 68 14
76 74 3
76 59 0
76 58 7
76 78 0
76 24 2
76 6 8
76 20 11
76 60 8
76 70 6
76 34 17
76 64 11
76 71 0
76 62 1
76 41 4
76 17 18
76 69 18
76 44 1
76 79 14
76 46 3
76 22 10
76 67 9
76 52 15
76 80 0
76 31 9
76 40 1
76 0 13
76 57 5
76 54 3
76 72 18
76 14 10
76 53 5
76 29 13
76 8 3
76 32 6
76 4 9
76 66 0
76 55 18
76 81 5
76 42 12
76 56 4
76 39 8
76 5 13
76 45 1
76 16 8
76 26 6
76 15 17
76 84 5
76 63 7
76 43 15
76 12 18
76 25 12
76 2 16
76 36 7
76 37 11
76 1 13
76 28 12
76 3 4
76 18 4
76 49 8
76 77 16
76 82 5
77 64 14
77 19 14
77 74 7
77 68 3
77 10 12
77 79 4
77 72 8
77 16 14
77 56 18
77 37 13
77 58 12
77 82 3
77 5 16
77 36 7
77 67 12
77 18 16
77 8 4
77 59 16
77 21 0
77 27 14
77 40 6
77 75 16
77 35 8
77 71 2
78 22 6
78 81 16
78 4 14
78 27 6
78 7 5
78 56 7
78 30 15
78 19 6
78 55 6
78 42 13
78 12 15
78 69 0
78 41 11
78 13 1
79 9 17
79 16 4
79 58 8
79 67 1
79 36 9
79 33 15
79 78 0
79 50 13
79 72 11
79 80 17
79 42 2
79 48 4
79 6 15
79 53 12
79 83 16
79 29 5
79 25 11
79 1 1
79 23 15
79 18 5
79 37 1
79 32 11
79 63 8
79 77 15
79 66 4
79 54 12
79 65 13
79 35 18
79 57 6
79 68 18
79 38 9
79 31 8
79 4 0
79 22 12
79 30 14
79 73 0
79 26 11
79 19 10
79 55 16
79 17 1
79 12 7
79 2 17
79 51 7
79 84 0
79 61 14
79 69 5
79 39 9
79 21 3
79 28 4
79 49 15
79 15 8
79 10 2
79 13 4
79 62 4
80 63 14
80 60 11
80 75 5
80 82 9
80 42 7
80 53 17
80 34 18
80 71 18
80 11 3
80 55 11
80 67 13
80 62 14
80 15 13
80 41 14
80 1 4
80 13 3
80 5 11
80 28 2
80 64 2
80 7 11
80 43 2
80 83 17
80 65 7
80 49 3
80 81 3
80 57 6
80 23 17
80 45 14
80 22 17
80 16 10
80 14 11
80 46 16
80 38 17
80 26 16
80 30 15
80 56 3
80 2 14
80 17 5
80 19 3
80 12 8
80 59 2
80 52 14
80 78 1
80 84 15
80 33 17
80 69 3
80 20 16
80 8 2
80 66 14
80 27 11
80 76 3
80 70 0
80 10 13
80 29 3
81 9 14
81 36 9
81 1 1
82 24 13
82 41 0
82 77 1
82 30 2
82 59 10
82 43 7
82 4 8
82 9 10
82 12 6
82 38 1
82 79 0
82 81 6
82 34 15
82 75 13
82 25 9
82 7 18
82 13 1
82 18 2
82 33 11
82 40 13
82 16 3
83 67 11
83 69 17
83 6 15
83 7 18
83 76 3
83 66 10
83 79 13
83 41 17
83 59 3
83 74 10
83 20 15
83 84 18
83 52 7
83 61 10
83 16 15
83 30 2
83 2 4
83 81 8
83 25 9
83 12 0
83 45 16
83 57 2
83 43 15
83 8 7
83 54 2
83 44 11
83 18 11
83 1 12
83 82 0
83 33 15
83 26 13
83 50 1
83 63 13
83 17 9
83 14 1
83 0 15
83 51 9
83 78 8
83 5 15
83 71 4
83 27 1
83 29 0
83 35 8
83 34 9
83 31 9
83 75 3
83 11 0
83 60 14
83 37 18
83 49 13
83 9 11
83 22 0
83 56 7
83 65 14
83 64 9
83 32 7
83 53 13
84 25 17
84 9 0
84 18 14
84 45 18
84 71 14
84 36 1
84 35 9
84 38 7
84 20 8
84 29 8
84 81 2
84 8 14
84 17 13
84 76 7
84 79 9
84 75 12
84 83 13
84 15 7
84 72 15
84 52 2
84 7 18
84 37 16
84 59 5
84 47 15
84 56 4
84 23 11
84 78 10
84 26 12
84 40 15
84 44 3
84 58 18
84 13 2
84 12 6
84 69 7
84 64 2
84 21 0
84 5 5
84 70 12
84 19 3
84 6 18
84 65 17
84 28 5
84 24 8
84 80 15
84 30 11
84 77 5
84 67 3
84 14 4
84 73 16
84 3 14
84 2 6
84 32 5
84 42 16
84 33 9
84 31 2
84 63 9
84 41 17
84 74 7
84 55 4
84 57 18
84 0 12
84 62 3
84 39 9
84 48 14
84 27 5
84 66 6
84 68 4
84 1 11
84 16 7
84 61 16
84 46 15
84 82 2
84 10 4
84 50 1
84 49 11
84 4 15
