87
3747
false
0 69 6
0 44 0
0 75 18
1 45 9
1 64 9
1 52 3
1 57 14
1 33 12
1 46 5
1 53 17
1 12 9
1 58 14
1 3 15
1 67 9
1 51 5
1 35 14
1 31 4
1 82 13
1 17 18
1 23 0
1 44 15
1 37 17
1 19 17
1 36 12
1 69 11
1 13 5
1 75 10
1 47 12
1 27 1
1 84 3
1 73 0
1 42 10
1 63 15
1 32 5
1 9 1
2 23 7
2 34 18
2 78 3
2 29 17
2 77 9
2 84 0
2 81 12
2 36 13
2 62 12
2 9 1
2 40 15
2 59 5
2 52 8
2 28 7
2 58 13
2 14 10
2 64 17
2 27 3
2 17 15
2 56 5
2 74 5
2 6 12
2 10 14
2 31 9
2 20 3
2 24 12
2 57 13
2 61 11
2 4 14
2 73 7
2 21 8
2 63 3
2 54 12
2 67 12
2 79 1
2 71 18
2 12 17
2 13 10
2 45 18
2 37 6
2 3 7
2 80 16
2 60 8
2 48 2
2 38 0
2 41 12
2 0 16
2 86 8
2 75 12
2 51 15
2 83 13
2 85 2
2 50 17
2 19 2
2 15 0
2 8 12
2 16 18
2 5 9
2 65 2
2 43 5
2 18 4
2 26 4
2 82 6
2 33 5
2 1 14
2 72 3
2 46 1
2 32 3
2 55 3
3 31 5
3 27 10
3 54 12
3 10 10
3 23 5
3 9 11
3 71 5
3 70 14
3 67 18
3 76 3
3 11 9
3 41 13
3 47 15
3 53 8
3 36 7
3 65 6
3 8 0
3 52 8
3 25 11
3 20 2
3 37 2
3 14 2
3 24 6
3 72 13
3 33 0
3 81 16
4 82 13
4 61 15
4 51 3
4 49 8
4 73 12
4 34 17
4 67 3
4 83 8
4 26 16
4 6 17
4 3 10
4 86 6
4 63 12
4 12 14
4 42 8
4 76 9
4 48 5
4 62 9
4 30 5
4 64 14
4 15 18
4 8 18
4 27 1
4 77 15
4 37 7
4 0 3
4 50 2
4 36 9
4 78 5
4 85 3
4 75 5
4 16 2
4 74 5
4 58 1
4 19 9
4 1 9
4 44 2
4 29 15
4 39 12
4 17 12
4 21 7
4 55 16
4 32 0
4 24 7
4 57 7
4 56 18
4 41 1
4 28 8
4 66 4
4 35 13
4 7 10
5 35 3
5 19 7
5 82 9
5 56 3
5 79 0
5 46 5
5 78 12
5 20 10
5 6 6
5 12 6
5 32 6
5 24 4
5 72 2
5 65 1
5 40 0
5 7 13
5 69 0
5 29 5
5 59 15
5 66 0
5 68 13
5 64 2
5 62 3
5 21 2
5 9 12
5 51 10
5 39 18
5 0 18
5 70 14
5 49 5
5 27 8
5 84 13
5 11 1
5 55 13
5 8 3
5 74 6
5 22 8
5 77 3
5 44 9
5 54 17
5 28 2
5 47 9
5 16 12
5 33 8
5 37 9
5 50 11
5 41 15
5 15 9
5 57 4
5 30 5
5 14 7
5 71 6
5 75 8
5 52 11
5 17 4
5 25 7
5 60 15
5 36 14
5 61 8
5 45 3
5 48 12
5 81 0
5 1 9
6 24 11
6 68 4
6 69 5
6 44 9
6 43 5
6 62 4
6 46 16
6 8 8
6 26 9
6 85 6
6 38 2
6 77 0
6 71 2
6 57 9
6 0 1
6 19 12
6 70 16
6 56 11
6 2 10
6 76 3
6 58 15
6 20 7
6 53 11
6 48 13
6 42 16
6 61 17
6 47 11
6 1 7
6 82 15
6 21 15
6 31 13
6 14 4
6 75 3
6 9 10
6 28 12
6 60 15
6 23 9
6 45 12
6 16 7
6 41 10
6 10 11
6 5 3
6 86 12
6 66 10
6 63 12
6 29 1
6 40 3
6 3 12
6 83 9
6 54 15
6 72 18
6 33 13
6 52 16
6 12 9
6 30 8
6 13 14
6 49 18
6 27 7
6 25 5
6 84 14
6 64 2
6 59 4
6 67 9
6 81 12
6 55 15
6 32 6
6 7 4
6 15 0
6 18 18
6 65 2
6 36 14
6 74 6
6 80 10
7 35 4
7 27 3
7 49 14
7 25 13
7 66 1
7 64 5
7 57 13
7 53 18
7 76 2
7 8 15
7 79 0
7 75 5
7 51 14
7 39 0
7 16 11
7 33 6
7 37 3
8 16 1
8 83 7
8 55 10
8 0 7
8 74 5
8 85 10
8 56 0
8 75 9
8 57 6
8 47 5
8 82 9
8 81 0
8 59 9
8 22 15
8 80 9
8 41 12
8 53 4
8 43 15
9 35 1
9 6 8
9 81 0
9 69 0
9 82 0
9 58 15
9 36 11
9 57 5
9 23 2
9 19 5
9 15 1
9 60 18
9 75 5
9 29 6
9 18 3
9 28 6
9 46 4
9 24 2
9 33 10
10 83 7
10 50 1
10 43 0
10 56 8
10 30 2
10 42 6
10 8 11
10 52 16
10 47 14
10 81 18
10 33 13
10 11 6
10 44 14
10 12 6
10 58 14
10 34 12
10 24 9
10 17 15
10 38 1
10 31 4
10 70 7
10 14 8
11 8 7
11 43 14
11 49 2
11 60 8
11 12 18
11 41 16
11 67 9
11 7 3
11 5 4
11 17 11
11 86 6
11 38 5
11 34 9
11 84 3
11 36 17
11 80 13
11 54 13
11 47 17
11 71 4
11 28 13
11 25 10
11 14 5
11 64 17
11 74 17
11 77 17
11 61 2
11 72 3
11 82 11
11 1 8
11 50 12
11 0 3
11 78 10
11 42 4
11 32 8
11 62 15
11 66 17
11 18 8
11 69 14
11 39 12
11 58 0
11 81 1
11 59 10
11 27 9
11 37 16
11 52 12
11 70 9
11 79 5
11 65 3
11 51 3
12 27 8
12 2 18
12 77 1
12 49 18
12 68 10
12 74 14
12 24 11
12 42 11
12 35 7
12 17 3
12 47 17
12 30 2
12 82 0
12 0 17
12 23 3
12 85 6
12 1 11
12 21 18
12 32 16
12 43 12
12 4 3
12 5 15
12 44 0
12 62 13
12 3 12
12 81 11
12 20 2
12 18 10
12 73 2
12 6 3
12 16 10
12 13 17
12 66 17
12 40 9
12 59 18
12 57 14
12 29 3
12 28 14
12 34 0
12 75 11
12 54 7
12 8 12
12 11 0
12 22 7
12 37 12
12 50 6
12 76 10
12 33 13
12 48 9
12 52 6
12 38 8
12 41 15
12 78 17
12 31 12
12 60 2
12 36 10
12 26 9
12 56 0
12 53 0
12 9 8
12 70 15
12 63 12
13 83 7
13 24 18
13 59 16
13 44 3
13 67 17
13 2 0
13 72 11
13 66 7
13 64 15
13 52 3
13 10 2
13 34 1
13 48 2
13 80 6
13 5 3
13 26 7
13 65 14
13 51 10
13 7 7
13 12 8
13 86 10
14 52 13
14 22 14
14 10 17
14 74 15
14 63 6
14 55 6
14 6 12
14 9 16
14 83 13
14 40 5
14 27 17
14 64 5
15 45 3
15 55 11
15 46 14
15 70 7
15 83 0
15 21 3
15 12 14
15 82 0
15 35 10
15 65 11
15 11 12
16 81 7
16 31 15
16 29 13
16 54 2
16 45 2
16 80 4
16 30 15
16 78 5
16 18 15
16 34 0
16 71 0
16 73 9
16 35 12
16 32 11
16 1 12
16 55 9
16 64 4
16 48 15
16 13 9
16 44 5
16 47 5
16 7 1
16 86 1
16 10 16
16 77 13
16 19 11
16 59 15
16 39 16
16 28 5
16 75 10
16 21 14
16 70 1
16 69 6
16 46 14
16 57 9
16 23 7
16 27 16
16 58 17
16 24 4
16 20 12
16 41 9
16 76 16
16 37 14
16 49 18
16 9 12
16 33 8
16 53 9
16 84 1
16 5 11
16 0 6
16 62 2
16 17 14
16 4 17
16 25 3
16 50 2
16 74 15
16 6 18
16 8 11
16 60 5
16 82 7
16 66 8
16 22 4
16 26 10
16 67 12
16 42 4
16 68 1
16 43 6
16 79 3
16 12 16
16 3 0
16 65 3
16 56 17
16 11 14
16 72 1
17 26 15
17 72 2
17 9 12
17 20 12
17 1 13
17 50 17
17 44 12
17 52 1
17 64 11
17 73 3
17 49 15
17 66 17
17 62 3
17 58 18
17 65 5
17 7 0
17 67 12
17 32 5
17 74 13
17 40 13
17 39 18
17 75 14
17 41 14
17 59 3
17 4 1
17 48 14
17 80 6
17 51 10
17 56 8
17 34 10
17 77 16
17 22 5
17 45 15
17 63 8
17 16 17
17 69 12
17 0 15
17 25 15
17 35 18
17 68 7
17 13 5
17 54 12
17 81 4
17 30 18
17 27 17
17 37 10
17 46 15
17 55 4
17 47 8
17 61 16
17 18 6
17 15 0
17 24 13
17 85 16
17 57 11
17 76 3
17 84 4
17 71 7
17 78 2
17 29 4
17 5 7
17 38 14
17 12 17
17 6 15
17 36 4
17 60 16
17 82 5
17 21 5
17 23 9
17 33 8
17 83 8
17 10 5
17 3 11
17 2 14
17 14 14
17 70 3
18 48 6
18 12 15
18 67 13
18 82 14
18 31 11
18 53 10
18 46 14
18 66 18
18 28 16
18 11 12
18 13 18
18 1 16
18 81 6
18 44 17
18 83 14
18 35 8
18 41 9
18 69 11
18 79 9
18 50 3
18 5 6
18 8 0
18 20 11
18 36 1
18 3 4
18 43 0
18 72 12
18 39 12
18 49 4
18 58 9
18 0 1
18 64 14
18 68 1
18 85 3
18 24 3
18 9 2
19 40 13
19 79 11
19 29 14
19 80 10
19 66 0
19 84 3
19 81 1
19 73 0
19 15 2
19 52 11
19 69 0
19 78 18
19 54 6
19 33 13
19 3 7
19 1 10
19 36 15
19 4 12
19 42 6
19 76 9
19 43 18
19 86 11
19 63 1
19 41 7
19 72 9
19 53 6
19 62 6
19 25 13
19 31 6
19 10 4
19 30 5
19 34 13
19 7 13
19 83 4
19 64 14
19 51 17
19 85 3
19 45 1
19 56 18
19 18 7
19 12 2
19 46 6
19 17 15
19 55 1
19 13 11
19 82 9
19 49 15
19 22 7
19 74 12
19 20 16
19 35 13
19 77 17
19 68 8
19 37 11
19 5 8
19 60 18
19 26 3
19 44 9
19 47 4
19 71 13
19 6 10
19 38 16
19 75 2
19 61 13
19 50 16
19 11 14
19 48 9
19 24 13
19 59 1
19 32 6
19 39 2
19 28 12
19 23 9
19 70 16
19 57 7
19 67 18
19 0 7
19 8 8
20 32 5
20 16 13
20 85 10
20 46 8
20 83 12
20 52 13
20 54 2
20 77 11
20 55 17
20 9 8
20 21 7
20 14 2
20 38 4
20 31 2
20 7 8
20 43 12
20 0 12
20 6 8
20 58 4
20 74 1
20 51 6
20 4 13
20 62 2
20 81 18
20 25 0
20 68 10
20 13 9
20 5 17
20 80 13
20 44 8
20 2 0
20 34 16
20 75 11
20 82 3
20 63 18
20 61 12
20 37 15
20 79 12
20 53 2
20 56 0
20 19 1
20 24 17
20 23 18
20 78 5
20 64 15
20 84 8
20 17 5
20 48 11
20 22 18
20 39 13
20 10 11
20 1 12
20 12 16
20 47 12
20 28 16
20 40 13
20 73 13
20 69 10
20 65 18
20 76 1
20 42 14
20 70 1
20 36 17
20 27 18
20 29 12
20 3 5
20 67 12
20 50 16
20 57 9
20 66 14
20 33 0
20 8 0
20 11 11
20 49 13
20 72 17
20 45 10
20 30 0
20 18 13
20 71 1
20 59 5
20 35 15
20 26 7
20 86 3
20 60 12
21 37 10
21 19 9
21 38 17
21 50 10
21 32 14
21 58 15
21 75 4
21 11 12
21 54 17
21 77 0
21 8 1
21 51 14
21 28 16
21 45 14
21 83 17
21 29 3
21 47 17
21 30 4
21 68 5
21 31 0
21 61 6
21 52 15
21 42 12
21 7 5
21 27 9
21 41 10
21 62 10
21 4 16
21 80 4
21 10 13
21 15 2
21 67 7
22 42 15
22 39 6
22 78 17
22 25 14
22 17 3
22 73 11
22 41 6
22 47 16
22 65 3
22 50 12
22 86 1
22 20 18
23 22 16
23 28 18
23 81 18
23 79 15
23 4 11
23 50 3
23 12 1
23 29 14
23 70 8
23 36 8
23 30 17
23 14 11
23 17 17
23 5 14
23 8 18
23 18 13
23 6 9
23 11 12
23 26 17
23 2 5
23 27 3
23 74 17
23 31 17
23 86 8
23 20 14
23 67 9
23 80 1
23 53 1
23 21 3
23 15 13
23 37 8
23 34 18
23 7 16
23 48 13
23 63 8
23 42 17
23 39 15
23 84 1
23 76 7
23 58 5
23 59 12
23 52 6
23 38 11
23 56 2
23 35 3
23 45 15
23 44 3
23 57 12
23 25 0
23 85 4
23 33 8
23 16 16
23 64 11
23 24 10
23 72 17
23 3 9
23 73 8
23 83 11
23 62 4
23 69 4
23 46 3
23 43 0
23 40 12
23 0 16
23 55 0
23 60 14
23 32 14
23 61 0
23 68 10
23 77 4
23 75 12
23 82 2
23 49 12
23 54 8
23 71 1
23 78 8
23 47 18
23 19 10
23 1 17
23 10 9
23 9 4
24 21 17
24 42 3
24 57 8
24 77 17
24 9 0
24 12 13
24 2 13
24 20 6
24 39 9
24 83 11
24 81 18
24 60 10
24 80 15
24 14 14
25 35 10
25 81 16
25 30 11
25 0 9
25 3 16
25 13 15
25 77 9
25 43 12
25 32 10
25 36 5
25 33 15
25 78 7
25 59 17
25 23 12
25 17 10
25 54 9
25 24 4
25 49 10
25 34 10
25 82 7
25 12 16
25 39 6
25 2 13
25 11 7
25 61 4
25 57 13
25 58 10
25 40 11
25 63 18
25 15 13
25 64 0
25 18 7
25 72 3
25 71 0
25 53 8
25 19 6
25 48 1
25 28 8
25 7 0
26 22 11
26 34 0
26 25 18
26 38 18
26 71 11
26 33 16
26 76 18
26 2 11
26 68 7
26 21 7
26 63 4
26 42 4
26 3 12
26 15 15
26 61 12
26 51 11
26 60 8
26 5 7
26 79 3
26 46 11
26 47 12
26 55 8
26 37 14
26 52 1
26 11 0
26 28 17
26 74 9
26 64 4
26 29 12
26 10 16
26 14 10
26 69 0
26 17 14
26 16 13
26 9 13
26 53 3
26 49 6
26 72 14
26 41 8
26 73 10
26 19 18
26 66 11
26 80 17
26 75 13
26 24 17
26 12 17
26 59 15
26 32 1
26 83 1
26 18 6
26 36 9
26 13 4
26 1 14
26 85 16
26 23 16
26 40 0
26 67 6
26 43 10
26 81 10
26 48 11
26 0 4
26 78 12
26 70 6
26 77 14
27 5 1
27 66 16
27 1 18
27 80 18
27 81 8
27 38 0
27 36 8
27 47 0
27 34 13
27 2 18
27 64 14
27 84 17
27 70 14
27 67 14
27 57 2
27 33 6
27 20 1
28 58 1
28 4 15
28 20 15
28 44 13
28 2 2
28 55 3
28 13 9
28 21 1
28 51 3
28 50 9
28 69 8
28 86 9
28 30 8
28 10 14
28 23 12
28 37 2
28 16 18
28 38 13
28 73 18
28 1 14
28 82 7
28 62 10
28 85 0
28 18 8
28 64 18
28 36 15
28 56 7
28 33 16
28 59 2
28 14 15
28 15 14
28 75 7
28 31 12
28 49 11
28 67 15
28 12 17
28 71 16
28 41 6
28 52 15
28 7 0
28 25 9
28 70 17
28 27 15
28 0 7
28 78 3
28 43 13
28 79 3
28 74 10
28 5 9
28 39 0
28 45 17
28 19 5
28 60 12
28 72 13
28 46 14
28 35 9
28 6 2
28 81 5
28 24 0
28 57 12
28 9 13
28 80 13
28 84 18
29 19 9
29 25 3
29 17 0
29 9 0
29 61 10
29 70 13
29 38 18
29 20 2
29 27 12
29 77 4
29 13 6
29 23 2
29 76 5
29 50 4
29 4 9
29 72 10
29 80 5
29 14 2
29 2 1
29 7 11
29 86 17
29 42 9
29 78 17
29 79 4
29 40 17
29 73 13
29 33 0
29 58 12
29 53 8
29 64 18
29 10 3
29 71 2
29 5 15
29 66 11
29 68 4
29 41 7
29 28 9
29 21 11
29 49 16
29 46 4
29 60 18
29 12 16
29 8 14
29 45 10
29 37 9
29 35 3
29 6 15
29 16 11
29 75 17
29 82 10
29 52 6
29 18 12
29 34 8
30 66 13
30 80 12
30 58 11
30 37 4
30 84 6
30 3 6
30 50 15
30 71 7
30 18 3
30 9 6
30 79 0
30 49 16
30 61 13
30 28 10
30 43 16
30 5 16
30 69 9
30 2 11
30 68 1
30 35 2
30 25 1
30 83 15
30 12 3
30 77 18
30 45 9
30 23 17
30 8 11
30 64 15
30 40 1
30 78 0
30 70 4
30 72 13
30 31 12
30 67 2
30 57 3
30 55 9
30 24 12
30 63 7
30 60 6
30 56 11
30 75 5
30 22 14
30 15 15
30 46 9
31 10 18
31 2 16
31 73 6
31 16 15
31 43 15
31 20 8
31 57 18
31 56 1
31 35 10
31 24 8
31 66 6
31 18 18
31 32 15
31 84 16
31 14 15
31 26 1
31 81 4
31 7 0
31 72 12
31 22 4
31 82 2
31 9 2
31 64 12
31 83 12
31 5 4
31 29 6
31 48 17
31 17 8
31 85 13
31 54 8
31 53 2
31 30 15
31 44 0
31 27 13
31 70 2
31 51 2
31 80 2
31 55 11
31 47 18
31 42 14
31 6 9
31 49 6
31 61 1
31 74 14
31 46 16
31 37 7
31 11 5
31 69 16
31 86 16
31 58 18
31 41 12
31 67 17
31 21 5
31 23 3
31 78 16
31 79 12
31 60 8
31 40 0
31 1 9
31 65 11
31 4 4
31 45 7
31 52 4
31 38 12
31 3 15
31 28 8
32 75 15
32 29 14
32 19 5
32 50 5
32 39 13
32 36 9
32 58 4
32 35 0
32 18 10
32 0 1
32 86 10
32 7 2
32 51 13
32 73 6
32 31 17
32 74 15
32 65 4
32 34 3
32 6 16
32 52 13
32 56 12
32 8 2
32 84 7
32 27 11
32 38 7
32 62 5
32 10 3
32 48 11
32 15 12
32 26 10
32 24 3
32 82 11
32 64 0
32 55 1
32 83 15
32 23 17
32 41 18
32 67 18
32 85 18
32 4 17
32 16 10
32 21 17
32 30 10
32 14 2
32 33 6
32 17 15
32 66 3
32 53 3
32 12 18
32 78 1
32 9 3
32 37 6
32 44 12
32 76 4
32 47 15
32 63 16
32 40 15
32 81 10
32 28 17
32 70 17
32 59 9
32 61 0
32 68 3
32 5 16
33 42 8
33 44 12
33 27 17
33 39 18
33 51 11
33 29 11
33 11 15
33 74 12
33 22 4
33 63 12
33 23 13
33 66 9
33 41 16
33 54 2
33 85 3
33 35 15
33 47 1
33 38 0
33 36 7
33 40 11
33 48 15
33 0 1
33 55 6
33 37 6
33 75 0
33 34 9
33 71 18
33 6 4
34 42 12
34 20 7
34 45 11
34 35 6
34 50 14
34 39 7
34 71 11
34 36 4
34 27 18
34 38 14
34 82 7
34 41 7
34 59 15
34 78 3
34 53 3
34 49 10
34 5 13
34 6 12
34 80 5
34 23 0
34 12 11
34 70 16
34 19 6
34 11 7
34 73 8
34 84 4
34 55 6
34 37 18
34 69 9
34 18 11
34 48 15
34 57 13
34 72 10
34 85 12
34 64 18
34 68 12
34 79 8
34 32 17
34 46 6
34 3 18
34 16 9
34 61 6
34 51 15
34 29 2
34 44 2
34 2 3
34 75 17
34 1 4
34 66 7
34 62 5
34 81 15
34 17 18
34 28 9
34 63 10
34 77 18
34 4 7
34 47 15
34 56 4
34 86 18
34 43 7
34 8 12
34 25 16
34 7 10
34 33 16
34 52 2
34 83 9
34 40 9
34 31 11
34 26 2
34 67 1
34 13 11
34 14 8
34 65 15
34 54 15
35 75 0
35 65 1
35 12 15
35 57 16
35 9 11
35 14 18
35 11 11
35 38 8
35 24 13
35 73 12
35 61 11
35 70 15
35 44 2
35 67 16
35 74 9
35 54 7
35 19 16
35 45 17
35 43 9
35 25 6
35 52 2
35 26 14
35 55 10
35 30 10
36 5 6
36 11 4
36 10 2
36 4 5
36 9 6
36 37 10
36 17 7
36 77 2
36 78 7
36 69 18
36 38 8
36 25 2
36 6 10
36 80 1
36 0 4
36 28 13
36 46 4
36 20 0
36 3 1
36 15 11
36 27 1
36 49 7
36 48 11
36 82 5
36 86 14
36 23 0
36 65 17
36 85 10
36 74 4
36 19 14
36 40 5
36 59 4
36 54 7
36 58 9
36 47 3
36 79 13
36 22 5
36 42 11
36 18 15
36 68 9
36 56 17
36 13 15
36 75 8
36 24 2
36 70 17
36 12 11
36 64 15
36 2 5
36 73 0
36 76 12
36 71 9
36 34 6
36 14 18
36 50 8
36 7 4
36 30 6
36 63 14
36 1 18
36 39 4
36 44 7
36 43 9
36 51 9
37 52 8
37 13 14
37 56 11
37 50 1
37 86 4
37 61 3
37 58 2
37 79 15
37 77 0
37 62 7
37 55 0
37 75 17
37 42 9
37 8 16
37 53 3
37 71 15
37 19 18
37 78 5
37 85 18
37 69 17
37 16 4
37 51 4
37 60 9
37 76 8
37 7 6
37 2 10
37 68 8
37 20 5
37 84 12
37 31 16
37 6 18
37 39 15
38 83 0
38 79 15
38 78 5
38 2 15
38 22 7
38 43 14
38 27 11
38 3 16
38 7 3
38 69 18
38 31 9
38 81 17
38 52 4
38 13 18
38 68 18
38 4 5
38 6 5
38 41 7
38 86 15
38 59 6
38 85 9
38 11 2
38 21 4
38 76 8
38 58 0
38 64 14
39 68 0
39 65 5
39 62 13
39 23 18
39 81 15
39 51 6
39 66 15
39 78 3
39 61 4
39 26 0
39 2 8
39 14 17
39 25 9
39 31 4
39 46 9
39 69 17
39 38 11
39 85 8
39 57 15
39 20 13
39 18 1
39 71 1
39 3 2
39 63 18
39 45 2
39 77 10
39 5 6
39 55 7
39 27 17
39 43 6
39 58 16
39 74 16
39 7 12
39 41 6
39 86 15
39 35 1
39 48 0
39 53 12
39 33 4
39 22 8
39 67 8
39 28 2
39 17 13
39 32 14
39 84 1
39 30 15
39 54 14
39 50 5
39 40 0
39 21 8
39 73 4
39 59 1
39 44 13
39 16 4
39 9 7
39 10 8
39 13 16
39 0 10
40 51 8
40 24 10
40 32 11
40 52 5
40 49 0
40 53 16
40 34 2
40 20 2
40 19 12
40 76 16
40 33 18
40 57 14
40 23 18
40 15 14
40 4 17
40 84 11
40 71 10
40 17 15
40 58 12
40 13 14
40 45 9
40 21 0
40 56 7
40 60 3
40 3 11
40 62 18
40 7 3
40 29 15
40 64 7
40 11 4
40 10 4
40 44 11
40 59 7
40 48 9
40 12 18
40 72 17
40 28 10
40 46 16
40 2 7
40 83 9
40 77 13
40 9 8
40 50 12
40 42 11
40 22 13
40 75 9
40 70 8
40 81 18
40 78 8
40 41 6
40 14 2
40 69 18
40 79 16
40 37 5
40 38 15
40 55 2
40 39 18
40 8 5
40 31 6
40 18 9
40 27 15
40 73 2
40 35 9
40 36 12
40 0 16
40 25 8
40 80 9
40 6 0
40 68 14
40 5 10
40 65 4
40 67 16
40 82 8
40 63 14
40 74 0
40 61 1
41 73 12
41 6 1
41 14 17
41 11 4
41 42 7
41 74 12
41 22 13
41 59 13
41 67 9
41 13 16
41 64 5
41 10 6
41 46 6
41 4 9
41 23 6
41 66 9
42 64 10
42 52 10
42 34 5
42 66 2
42 32 3
42 36 17
42 71 17
42 7 7
42 0 2
42 56 15
42 48 8
42 29 12
42 82 1
42 33 15
42 49 2
42 57 12
42 58 5
42 62 7
42 19 0
42 41 9
42 27 9
42 35 4
42 9 17
42 72 14
42 11 12
42 23 14
42 50 17
42 4 4
42 17 5
42 54 4
42 84 10
42 26 18
42 47 5
42 30 3
42 8 12
42 51 14
42 67 15
42 21 18
43 75 3
43 64 10
43 54 9
43 72 4
43 47 7
43 11 2
43 34 11
43 12 17
43 0 15
43 62 15
43 44 3
43 16 10
43 67 15
43 37 4
43 5 10
43 85 0
43 61 13
43 46 5
43 40 14
43 26 13
43 21 11
43 27 18
43 49 1
43 82 18
43 59 16
43 13 14
43 45 4
43 60 15
43 50 2
43 76 14
43 32 15
43 38 3
43 42 17
43 52 10
43 74 5
43 4 12
43 3 12
43 22 15
43 84 4
43 6 5
43 30 7
43 53 0
43 25 0
43 58 15
43 55 12
43 8 8
43 78 3
43 41 0
43 66 6
43 51 8
43 36 13
43 31 0
43 1 5
43 23 4
43 39 7
43 33 15
43 65 3
43 7 10
43 68 6
43 69 4
43 56 4
43 70 12
43 77 1
43 83 4
43 81 12
43 19 16
43 24 9
44 67 12
44 64 5
44 59 7
44 69 9
44 51 11
44 82 12
44 74 14
44 36 14
44 48 0
44 83 3
44 49 5
44 39 16
44 11 9
44 7 14
44 15 8
44 2 11
44 25 10
44 72 10
44 4 13
44 27 12
44 79 7
44 23 0
44 16 10
44 56 15
44 73 18
44 60 7
44 70 0
44 46 3
44 63 14
44 43 8
44 18 0
44 0 3
44 80 3
44 32 18
44 84 16
44 29 4
44 40 12
44 5 6
44 55 13
44 9 6
44 14 8
44 33 17
44 38 14
44 52 13
44 20 4
44 47 7
44 78 1
44 54 17
44 19 8
44 12 5
44 13 1
44 81 17
44 21 1
44 8 10
44 71 13
44 75 2
44 68 6
44 6 6
44 86 1
44 10 8
44 45 5
44 53 18
44 50 12
44 58 7
44 62 7
44 77 7
44 22 12
44 65 15
44 41 0
44 1 7
44 17 16
44 30 17
44 31 16
44 61 11
44 26 18
44 57 6
44 85 17
44 35 16
44 76 11
44 28 12
45 85 16
45 78 14
45 22 12
45 61 8
45 82 16
45 68 18
45 7 0
45 56 4
45 35 2
45 58 3
45 19 8
45 53 14
45 49 7
45 59 16
45 30 1
45 42 1
45 69 7
45 71 18
45 62 4
45 47 6
45 46 17
45 21 12
45 67 1
45 31 5
45 34 15
45 72 6
45 13 6
45 48 17
45 36 1
45 17 17
45 8 18
45 14 5
45 24 14
45 23 0
45 4 18
45 57 1
45 15 8
45 66 6
46 75 4
46 13 0
46 14 13
46 29 8
46 48 16
46 60 12
46 3 0
46 83 11
46 42 4
46 41 15
46 49 16
46 71 11
46 54 1
46 64 3
46 52 16
46 11 18
46 23 16
46 77 16
46 78 10
46 58 13
46 5 15
46 6 17
46 81 10
46 43 8
46 17 12
46 85 4
46 50 7
46 15 0
46 82 1
46 31 4
46 1 15
46 28 5
46 26 18
46 21 5
46 4 9
46 45 5
46 40 5
46 72 6
46 84 10
46 19 7
46 57 7
47 2 16
47 76 15
47 34 3
47 43 5
47 37 10
47 48 8
47 54 14
47 44 3
47 64 14
47 21 1
47 22 1
47 86 15
47 56 11
47 10 5
47 46 9
47 53 8
47 61 17
47 16 9
47 33 11
47 36 5
47 58 15
47 67 9
47 24 1
47 19 12
47 8 7
47 84 2
47 38 4
47 65 5
47 80 7
47 31 15
47 60 10
47 72 4
47 27 9
47 45 4
47 73 8
47 20 0
47 69 11
47 40 3
47 7 5
47 5 13
47 26 3
47 9 2
47 14 11
47 1 3
47 39 15
47 23 18
47 74 12
47 41 10
47 28 9
47 12 11
48 5 15
48 81 7
48 10 10
48 85 8
48 16 5
48 22 4
48 25 16
48 15 2
48 14 4
48 72 3
48 75 6
48 1 13
48 67 2
48 31 9
48 76 0
48 62 18
48 40 11
48 71 16
48 49 13
48 26 17
48 9 13
48 46 8
48 17 11
48 0 16
48 59 10
48 24 15
48 19 11
48 32 6
48 77 16
48 51 13
48 53 9
48 50 18
48 83 11
48 70 0
48 13 4
48 78 2
48 68 6
48 21 8
48 69 5
48 47 10
48 44 7
48 61 6
48 55 9
48 86 4
48 33 14
48 41 3
48 18 0
48 43 4
48 7 9
48 4 16
49 45 1
49 61 14
49 42 11
49 14 4
49 16 4
49 73 14
49 15 4
49 56 18
49 3 3
49 67 17
49 2 14
49 55 2
49 83 9
49 69 13
49 5 18
49 38 6
49 34 12
49 35 7
49 50 8
49 29 12
49 70 16
49 22 4
49 72 9
49 8 6
49 71 0
49 53 1
49 31 3
49 1 2
49 47 6
49 17 1
49 59 12
49 84 18
49 58 8
49 86 14
49 78 10
49 32 6
49 51 3
51 73 3
51 36 16
51 60 6
51 19 8
51 39 12
51 16 2
51 69 4
51 46 6
51 45 18
52 37 7
52 59 14
52 70 8
52 56 5
52 83 5
52 7 0
52 80 9
52 35 13
52 79 10
52 84 10
52 14 18
52 36 15
52 23 3
52 48 9
52 27 13
52 20 14
52 54 3
52 1 10
52 46 16
52 57 4
52 49 5
52 25 0
52 29 9
52 31 3
52 75 12
52 26 0
52 60 14
52 62 3
52 69 4
52 82 6
52 74 7
52 34 6
52 41 4
52 65 13
52 18 0
53 41 1
53 45 12
53 11 0
53 19 3
53 47 6
53 52 6
53 22 2
53 7 0
53 60 16
53 82 16
53 62 2
53 50 6
53 85 7
53 4 0
53 36 13
53 75 11
53 63 17
53 5 14
53 61 11
53 18 16
53 78 14
53 83 5
53 40 5
53 65 7
53 58 2
53 38 8
53 31 2
53 27 17
53 68 11
53 48 16
53 42 0
53 28 17
53 30 10
53 57 17
53 14 10
53 3 4
53 39 3
53 81 9
53 79 12
53 74 5
53 37 8
53 46 16
53 35 18
53 13 3
53 10 2
53 44 5
53 54 10
53 33 16
53 73 2
53 9 5
53 66 1
53 29 11
53 26 4
53 72 3
53 23 10
53 17 10
54 83 11
54 42 16
54 78 17
54 34 2
54 7 13
54 4 4
54 31 15
54 25 5
54 43 14
54 3 0
54 86 13
54 22 5
54 10 12
54 71 1
54 72 9
54 16 5
54 76 2
54 60 13
54 63 3
54 47 18
54 59 17
55 7 10
55 14 0
55 12 4
55 27 13
55 10 11
55 47 15
55 4 6
55 72 0
55 81 17
55 2 14
55 57 3
55 65 17
55 18 13
55 13 5
55 30 0
55 78 8
55 73 16
55 5 8
55 52 13
56 12 9
56 22 7
56 72 7
56 64 16
56 37 13
56 39 16
56 36 6
56 34 1
56 11 9
56 38 5
56 85 15
56 49 7
56 0 11
56 80 7
56 4 16
56 86 10
56 79 2
56 35 5
56 53 15
56 28 4
56 2 6
56 3 13
56 44 14
56 69 12
56 68 14
56 30 9
57 23 13
57 66 13
57 84 6
57 15 7
57 67 16
57 24 15
57 45 14
57 49 14
57 5 15
57 4 16
57 78 12
57 33 5
57 72 7
57 56 6
57 31 0
57 64 12
57 0 13
57 70 12
57 50 6
57 6 1
57 77 11
57 86 1
57 52 15
57 29 2
57 80 9
57 38 8
57 75 18
57 82 18
57 14 10
57 26 5
57 32 12
57 44 0
57 35 3
57 42 4
57 69 14
57 63 11
57 19 15
57 47 3
57 73 3
57 43 11
57 37 17
57 28 14
57 7 15
57 22 10
57 11 11
57 25 6
57 8 1
57 85 4
57 2 16
57 39 17
57 79 15
57 3 16
57 12 1
57 83 11
57 17 18
57 16 14
57 10 7
57 34 3
57 76 4
57 55 0
57 21 13
57 53 12
58 0 15
58 46 8
58 36 6
58 69 13
58 37 7
58 43 6
58 33 16
58 55 14
58 56 15
58 54 7
58 40 17
58 76 8
58 73 2
58 77 10
58 2 11
58 8 1
58 16 2
58 24 0
58 51 18
58 18 10
58 3 12
58 85 10
58 7 7
58 4 0
58 84 4
58 28 14
58 53 6
58 22 11
58 68 12
58 59 18
58 42 3
58 17 2
58 80 11
58 82 16
58 39 0
58 70 11
58 45 10
58 1 14
58 47 0
58 65 13
58 11 17
58 86 0
58 83 14
58 62 18
58 48 13
58 30 5
58 25 12
58 20 4
58 38 3
58 35 17
58 79 0
58 67 9
58 44 0
58 60 15
58 41 0
58 5 10
58 6 16
59 77 14
59 8 1
59 58 13
59 45 12
59 32 9
59 44 6
59 83 2
59 24 18
59 70 3
59 52 1
59 6 6
59 80 8
59 26 9
59 50 15
59 54 18
59 3 14
59 9 11
59 13 7
59 5 1
59 25 2
59 74 14
59 22 12
59 64 2
59 11 17
59 63 5
59 18 15
59 56 12
59 16 18
60 19 10
60 39 15
60 86 15
60 78 4
60 73 9
60 30 15
60 66 14
60 21 14
60 65 6
60 44 2
60 56 18
60 63 4
60 17 6
60 55 13
60 2 1
60 10 6
60 79 2
60 85 0
60 24 18
60 76 3
60 71 10
60 33 11
60 82 15
61 77 13
61 33 13
61 29 7
61 83 5
61 51 8
61 71 9
61 74 11
61 59 5
61 63 8
61 37 0
61 30 2
61 9 3
61 79 7
61 19 11
61 69 18
61 24 6
61 13 5
61 3 5
61 39 1
61 45 2
61 11 10
61 7 17
61 68 3
62 3 3
62 6 1
62 4 16
62 54 7
62 26 8
62 84 12
62 68 12
62 29 3
62 82 2
62 25 13
62 22 0
62 17 3
62 50 2
62 58 13
62 15 17
62 20 9
62 9 15
62 57 8
62 76 12
62 23 9
62 14 14
62 21 4
62 49 0
62 32 9
62 53 1
62 80 2
62 73 8
62 13 13
62 27 3
62 43 16
62 69 14
62 31 9
62 5 1
62 12 18
62 60 16
62 1 10
62 67 6
62 81 13
62 65 9
62 8 1
62 74 14
62 42 12
62 36 15
62 47 8
62 52 4
62 30 9
62 11 0
62 51 11
62 63 17
62 35 15
62 10 16
62 78 1
62 19 17
62 72 15
62 83 4
62 34 10
62 61 16
62 75 10
62 44 13
62 59 5
62 79 4
62 37 16
62 77 12
62 71 12
62 33 9
62 41 6
62 64 3
62 55 18
62 56 4
62 0 11
62 2 15
62 7 1
62 40 5
62 18 6
62 24 12
62 66 18
62 70 8
62 38 10
62 46 2
62 86 6
62 48 15
62 85 13
62 16 6
62 39 6
63 29 10
63 55 14
63 53 5
63 83 7
63 81 5
63 37 9
63 46 15
63 27 12
63 65 6
63 67 14
63 77 2
63 22 4
63 8 10
63 26 2
63 4 5
63 51 12
63 21 16
63 85 8
63 18 3
63 75 3
63 30 13
63 49 2
63 15 9
63 73 16
63 31 18
63 59 17
63 52 18
63 9 0
63 16 8
63 72 10
63 60 15
63 38 10
63 40 9
63 79 16
63 71 16
63 70 18
63 33 14
63 23 11
63 36 9
63 6 15
63 28 9
63 74 8
63 47 11
63 57 5
63 0 4
63 80 9
63 1 4
63 76 5
63 56 0
63 34 14
63 20 6
63 42 9
63 24 4
63 41 8
63 62 9
63 86 2
63 78 10
63 35 17
63 13 9
63 2 7
63 61 9
63 3 6
63 66 13
63 54 7
63 64 5
63 44 2
63 11 18
63 39 14
63 12 18
63 7 0
63 58 1
63 43 14
63 69 15
63 5 9
63 14 14
63 50 6
63 32 1
63 68 15
63 48 8
63 82 3
63 10 11
64 40 14
64 83 10
64 47 12
64 56 10
64 79 18
64 63 9
64 7 14
64 50 18
64 16 4
64 46 5
64 44 11
64 39 1
64 12 2
64 84 5
64 35 18
64 57 8
64 25 13
64 36 11
64 9 5
64 30 13
64 48 15
64 32 14
64 78 5
64 8 7
65 47 12
65 76 6
65 59 10
65 78 3
65 52 2
65 3 16
65 19 17
65 12 13
65 55 14
65 37 17
65 29 12
65 38 5
65 42 3
65 41 17
65 57 2
65 71 18
65 14 5
65 54 4
65 25 0
65 43 7
65 60 17
65 0 12
65 35 8
65 56 0
65 40 13
65 61 8
65 53 12
65 69 17
65 10 7
65 16 17
65 15 0
65 48 3
65 23 12
65 4 9
65 18 7
65 6 16
65 30 17
65 32 9
65 68 15
65 58 0
66 26 8
66 34 17
66 60 15
66 54 11
66 53 6
66 64 17
66 32 7
66 44 3
66 76 0
66 19 3
66 48 0
66 29 16
66 0 10
66 18 6
66 67 14
66 72 2
66 43 5
66 52 6
66 41 5
66 2 0
66 8 5
66 75 5
66 9 8
66 21 3
66 31 3
66 4 0
66 86 13
66 35 13
66 14 13
66 84 17
66 24 13
67 77 0
67 44 6
67 56 12
67 74 15
67 51 6
67 82 1
67 34 11
67 58 14
67 19 16
67 35 5
67 43 7
67 47 11
67 42 6
67 76 1
67 3 0
67 14 18
67 38 12
67 75 16
67 27 6
67 6 4
67 86 14
67 7 16
67 57 3
67 64 16
67 4 10
67 40 4
67 71 12
67 30 9
67 9 9
67 72 16
67 79 3
67 10 4
67 85 12
67 32 13
67 26 15
67 1 6
67 5 12
67 66 1
67 46 5
67 49 14
67 55 13
67 54 18
67 15 0
67 36 6
67 39 2
67 80 2
67 28 3
67 45 2
67 52 7
67 29 0
67 53 13
67 22 17
67 8 10
67 61 7
67 68 12
67 0 16
67 18 1
67 63 9
67 78 2
67 37 15
67 59 13
67 31 14
67 83 13
68 80 5
68 71 11
68 34 2
68 57 9
68 46 14
68 41 3
68 5 2
68 26 2
68 7 10
68 28 5
68 81 13
68 4 5
68 39 16
68 15 0
68 72 9
68 60 15
68 75 5
68 50 11
68 64 17
68 58 3
68 14 18
68 56 2
68 18 17
68 52 15
68 11 3
68 66 0
68 17 9
68 23 12
68 6 14
68 47 2
68 61 4
68 44 7
68 36 15
68 22 11
68 73 16
68 19 15
68 79 2
68 29 12
68 16 16
68 21 13
68 77 12
68 31 16
68 65 5
68 51 10
68 67 11
68 38 8
68 3 8
68 48 3
68 85 5
68 84 13
68 54 16
68 33 16
68 69 1
68 20 0
68 13 13
68 86 5
69 63 15
69 33 1
69 43 5
69 17 16
69 57 4
69 41 4
69 54 3
69 10 12
69 18 18
69 48 15
69 86 11
69 51 3
69 73 16
69 53 3
69 72 10
69 74 6
69 40 10
69 25 8
69 66 3
69 30 7
69 16 18
69 27 3
69 28 15
69 56 10
69 52 13
70 5 4
70 48 5
70 29 6
70 2 4
70 57 2
70 9 15
70 30 15
70 59 4
70 33 11
70 14 2
70 20 2
70 38 15
70 63 10
70 27 15
70 61 17
70 79 12
70 58 14
70 84 10
70 73 8
70 49 11
70 43 8
70 76 13
70 82 3
70 12 12
70 37 17
70 32 12
70 66 1
70 83 17
70 75 8
70 78 13
70 17 6
71 60 14
71 3 3
71 14 16
71 7 15
71 51 18
71 57 11
71 33 15
71 58 18
71 39 2
71 26 5
71 50 17
71 9 9
71 53 3
71 10 7
72 63 3
72 66 9
72 16 7
72 12 0
72 46 15
72 48 4
72 26 0
72 75 13
72 38 13
72 54 0
72 56 2
72 83 12
72 42 18
72 27 13
72 15 5
72 37 12
72 79 15
72 30 3
72 84 3
72 47 12
72 80 10
72 62 5
72 36 2
72 71 11
72 32 4
72 58 14
72 44 0
72 17 4
72 70 14
72 65 4
72 50 10
72 69 16
72 76 18
72 59 3
72 6 12
72 35 7
72 31 18
72 64 5
72 13 0
72 9 17
72 53 3
72 14 10
72 74 11
72 40 13
72 39 8
72 29 6
72 57 17
72 23 13
72 19 4
72 25 13
72 67 18
72 41 4
72 33 1
72 3 10
72 60 1
72 78 14
72 2 2
72 20 1
72 73 9
72 61 6
72 45 15
72 5 15
73 68 8
73 59 4
73 62 0
73 86 2
73 55 0
73 40 14
73 45 8
73 23 1
73 67 6
73 2 3
73 27 1
73 54 9
73 65 3
73 17 1
73 10 3
73 22 1
73 15 12
73 7 14
73 47 6
73 11 3
73 3 8
73 56 16
73 19 4
73 8 2
73 53 12
73 79 18
73 72 16
73 52 15
73 0 8
73 75 3
73 57 12
73 32 0
73 9 4
73 6 12
73 1 3
73 44 15
73 14 7
73 60 17
73 37 16
73 41 14
73 21 16
73 46 17
73 42 17
73 74 2
73 70 9
73 5 10
74 19 2
74 27 10
74 31 9
74 42 8
74 18 11
74 57 3
74 59 7
74 75 2
74 76 14
74 58 12
74 61 6
74 73 7
74 15 12
74 0 18
74 60 12
74 33 16
74 29 15
74 53 6
74 23 15
74 5 2
74 11 15
74 6 4
74 82 8
74 9 6
74 8 17
74 36 14
74 54 14
74 81 0
74 49 2
74 80 5
74 72 4
74 50 5
74 55 8
74 43 13
74 44 4
74 45 10
74 16 16
74 12 14
74 32 5
74 7 7
74 86 1
74 68 11
74 78 15
74 1 0
74 63 10
74 34 4
74 25 18
74 14 7
74 4 5
74 85 12
74 21 5
74 51 5
74 41 14
74 17 16
74 10 1
74 35 14
74 28 4
74 65 10
74 64 18
74 3 3
74 40 15
74 37 17
74 79 10
74 71 16
74 46 16
74 69 13
74 20 17
74 83 5
74 24 16
74 70 12
74 22 9
74 52 2
74 67 12
74 39 3
74 77 14
74 48 4
74 2 8
75 1 13
75 59 14
75 63 11
75 61 7
75 41 1
75 5 7
75 9 10
75 80 17
75 69 10
75 30 15
76 82 9
76 25 9
76 34 12
76 27 13
76 13 11
76 30 11
76 1 15
76 9 2
76 50 7
76 22 10
76 32 10
76 45 12
76 5 0
76 64 10
76 23 6
76 61 11
76 52 5
76 35 5
76 79 14
76 10 15
76 69 4
76 14 2
76 58 17
76 83 12
76 67 3
76 80 8
76 49 1
76 17 8
76 42 16
76 6 18
76 54 5
76 73 15
76 84 16
76 37 15
76 46 4
76 70 14
76 48 9
76 39 7
76 0 14
76 38 15
76 71 16
76 2 12
76 26 13
77 23 7
77 64 2
77 32 3
77 60 11
77 26 3
77 84 11
77 47 13
77 86 15
77 39 14
77 35 7
77 20 5
77 3 16
77 42 18
77 53 2
77 52 8
77 75 5
77 73 18
77 25 6
77 66 6
77 15 8
77 50 12
77 55 4
77 12 4
77 4 8
77 27 4
77 11 5
77 82 18
77 79 5
77 68 7
77 80 4
77 46 2
77 63 10
77 49 16
77 41 13
77 16 12
78 27 17
78 69 16
78 47 3
78 62 17
78 25 3
78 35 16
78 31 3
78 50 14
78 13 10
78 5 1
78 54 1
78 85 9
78 81 14
78 43 16
78 34 2
78 10 15
78 83 9
78 65 17
78 41 5
78 1 1
78 61 7
78 59 3
78 9 16
78 37 7
78 74 16
78 58 7
78 44 9
78 71 8
78 20 13
78 11 0
78 56 2
78 68 10
78 52 5
78 48 18
78 18 9
78 42 15
78 45 0
78 23 11
78 53 17
78 80 17
78 14 4
78 16 13
78 2 3
78 4 7
78 24 11
78 0 9
78 79 10
78 57 9
78 38 14
78 77 12
78 19 0
78 84 12
78 46 16
78 3 6
78 8 18
78 63 10
78 40 16
78 64 3
78 76 10
78 29 10
78 55 10
78 75 10
78 39 13
78 82 18
78 28 12
78 7 11
78 66 0
78 6 8
78 60 18
78 86 5
78 17 2
78 12 15
78 26 18
78 32 11
78 72 16
78 73 8
78 21 8
78 22 14
78 70 14
78 36 12
78 30 4
78 51 10
79 8 4
79 27 17
79 30 14
79 60 2
79 33 15
79 2 7
79 81 16
79 11 13
79 35 5
79 50 5
79 26 9
79 31 3
79 55 3
79 21 18
79 24 0
79 71 4
79 65 11
79 1 3
79 47 16
79 39 5
79 64 5
79 36 3
79 85 7
79 43 4
79 14 16
79 68 17
79 78 3
79 66 13
79 6 12
79 12 0
79 49 6
79 82 0
80 18 3
80 6 18
80 4 14
80 73 15
80 15 17
80 67 7
80 55 3
80 54 11
80 75 17
80 48 5
80 74 13
80 41 6
80 27 8
80 23 12
81 28 4
82 52 6
82 21 5
82 86 16
82 1 0
82 65 18
82 18 16
82 24 12
82 81 2
82 23 11
82 38 12
82 48 1
82 27 6
82 5 8
82 34 2
82 9 9
82 80 11
82 17 13
82 4 16
82 20 9
82 41 9
82 30 18
82 79 12
82 61 14
82 35 18
82 33 6
82 10 4
82 62 4
82 56 10
82 68 5
82 2 11
82 53 6
82 54 15
82 32 2
82 29 7
82 28 11
82 74 14
82 25 13
82 31 17
82 78 13
82 19 5
82 15 13
82 11 12
82 73 6
82 8 16
82 70 10
82 55 7
82 3 10
82 72 5
82 85 6
82 0 11
82 83 10
82 43 16
82 22 11
82 37 6
82 14 8
82 76 8
82 57 9
82 58 16
82 39 18
82 13 3
82 47 14
82 6 12
82 75 18
82 50 4
82 36 0
82 44 7
82 51 11
82 67 13
82 64 16
82 71 12
82 45 1
82 63 3
82 84 2
82 66 6
82 77 12
83 18 18
83 2 2
83 37 13
83 67 16
83 20 2
83 43 7
83 38 1
83 68 18
83 50 15
83 23 4
83 54 0
83 5 8
83 39 3
83 0 8
83 64 3
83 56 2
83 52 17
83 19 16
83 85 8
83 1 11
83 57 5
83 71 9
83 26 16
83 49 12
83 8 12
83 30 6
83 44 12
83 28 9
83 65 5
83 36 12
83 78 5
83 21 0
83 58 17
83 45 13
83 77 13
83 24 5
83 74 4
83 12 13
83 34 16
83 14 3
83 16 16
83 47 11
83 25 13
83 69 0
83 11 15
83 6 9
83 10 0
83 46 5
83 53 15
83 55 8
83 15 13
83 9 16
83 60 8
83 33 13
83 41 1
83 22 9
83 62 11
83 73 12
83 13 3
83 59 12
83 75 17
83 80 8
83 32 11
83 35 3
83 7 0
83 72 9
83 66 1
83 79 3
83 40 11
83 51 16
83 31 9
83 63 7
83 4 2
83 84 6
83 70 16
83 82 2
83 86 6
84 40 7
84 42 9
84 5 1
84 41 6
84 60 13
84 12 13
84 82 7
84 28 5
84 75 3
84 76 9
84 46 18
84 13 0
85 67 9
85 31 6
85 55 2
85 11 1
85 78 3
85 44 4
85 26 12
85 19 3
85 72 15
85 75 11
85 50 10
85 6 6
85 10 15
85 9 6
85 51 5
85 47 7
85 38 7
85 43 11
85 68 18
85 7 10
85 34 5
85 62 10
85 37 3
85 46 5
85 76 13
85 52 1
85 27 5
85 14 12
85 63 16
85 79 0
85 35 16
85 54 17
85 49 1
85 3 16
85 8 1
85 5 7
85 36 15
85 33 13
85 74 4
85 86 5
85 84 9
85 48 7
85 66 8
85 82 7
85 17 3
85 58 8
85 70 18
85 16 13
85 40 16
85 4 18
85 56 16
85 59 8
85 71 7
85 53 8
85 13 9
85 30 12
85 41 12
85 80 17
85 39 8
85 15 15
85 25 13
85 61 11
85 73 17
86 27 7
86 14 14
86 11 7
86 78 11
86 18 8
86 83 1
86 8 2
86 15 7
86 51 10
86 32 6
86 75 10
86 72 3
86 56 11
86 43 3
86 13 16
86 3 8
86 36 1
86 55 6
86 69 18
86 80 3
86 58 1
86 38 18
86 2 4
86 9 1
86 64 4
86 44 16
86 85 3
86 35 8
86 59 17
86 84 14
86 65 18
86 5 16
86 31 0
86 76 1
86 28 0
86 10 17
86 40 2
86 53 16
86 46 6
86 29 13
86 21 5
86 25 2
86 0 8
86 49 0
86 70 7
86 54 9
86 4 7
86 26 10
86 12 14
86 48 11
86 47 9
86 41 3
86 7 8
86 20 2
86 16 17
86 62 14
86 34 11
86 1 17
86 50 8
86 19 1
86 74 8
86 71 16
86 73 1
86 61 16
86 63 15
86 52 0
86 23 6
86 67 8
