88
3927
false
0 35 17
0 69 12
0 46 16
0 80 3
0 5 6
0 61 13
0 56 15
0 81 11
0 68 16
0 36 3
0 2 6
0 39 15
0 9 0
0 82 17
0 85 11
0 29 1
0 26 9
0 10 9
0 7 9
0 25 6
0 67 10
0 78 10
0 20 13
0 23 10
0 37 15
0 38 7
0 66 18
0 17 4
0 43 16
0 30 18
0 27 8
0 84 17
0 24 8
0 55 11
0 40 16
0 59 4
0 72 2
0 77 5
0 83 1
0 34 11
0 65 15
0 70 16
0 53 3
0 33 2
1 51 14
1 45 2
1 25 16
1 59 17
1 75 11
1 58 18
1 50 1
1 8 5
1 71 8
1 49 4
1 63 4
1 84 14
1 7 3
1 28 12
1 85 8
1 70 9
1 29 16
1 69 3
1 37 3
1 35 17
1 19 5
1 0 10
1 23 2
1 36 10
1 30 12
1 48 18
1 15 2
1 13 0
1 43 13
1 52 3
1 38 16
1 46 10
1 67 18
1 47 17
1 61 18
1 2 7
1 78 5
1 14 13
1 42 11
1 62 15
1 66 12
1 3 12
1 32 1
1 11 8
1 18 16
1 68 11
1 4 3
1 20 4
1 6 17
1 31 11
1 26 1
1 82 4
1 27 12
1 77 16
1 22 7
1 83 18
1 33 2
1 65 11
1 41 2
1 34 6
1 16 6
1 12 4
1 60 10
1 10 17
1 72 2
1 24 16
1 9 4
1 64 3
1 76 6
1 44 16
1 57 4
1 21 2
1 73 0
2 14 15
2 66 7
2 1 14
2 9 17
2 63 15
2 22 0
2 15 1
2 67 14
2 31 3
2 53 9
2 32 7
2 30 2
3 7 7
3 36 8
3 47 13
3 27 11
3 37 7
3 15 8
3 28 3
3 40 8
3 42 18
3 69 3
3 65 16
3 71 7
3 2 4
3 79 9
3 61 0
3 32 0
3 38 13
3 62 2
3 81 0
3 8 0
3 1 5
3 86 7
3 26 10
3 25 15
3 19 8
4 16 11
4 10 0
4 47 5
4 76 5
4 50 13
4 30 2
4 37 17
4 71 10
4 58 4
4 28 2
4 49 13
4 51 13
4 45 8
4 31 6
4 35 2
4 83 17
4 21 13
4 40 13
4 3 5
4 12 8
4 42 1
4 67 4
4 61 13
4 7 10
4 11 3
4 55 7
4 38 13
4 25 13
4 1 17
4 53 1
4 2 15
4 69 7
4 84 7
4 68 0
5 42 12
5 2 7
5 64 3
5 78 16
5 23 1
5 18 1
5 36 12
5 14 16
5 16 17
5 27 15
5 53 12
5 24 8
5 49 13
5 15 7
5 58 4
5 30 15
5 67 15
5 45 6
5 35 13
5 87 11
5 60 15
5 22 18
5 75 12
5 70 8
5 29 13
5 26 9
5 84 14
5 85 11
5 56 12
5 21 9
5 32 3
5 57 9
5 80 17
5 7 7
5 65 1
5 81 13
5 62 0
5 39 0
5 50 5
5 25 12
5 48 13
5 55 7
5 37 0
5 54 8
5 28 16
5 1 13
5 43 4
5 33 0
5 47 17
5 68 15
5 6 10
5 0 11
5 41 10
5 61 16
5 83 3
5 73 1
5 8 13
5 38 15
5 72 4
6 79 1
6 37 12
6 68 9
6 8 15
6 9 16
6 15 9
6 2 14
6 24 11
6 77 4
6 69 3
6 19 16
6 71 4
6 25 9
6 10 16
6 41 13
6 78 12
6 52 9
6 31 12
6 12 4
6 28 1
6 14 10
6 17 16
6 64 13
6 56 18
6 36 5
6 67 7
6 84 7
6 3 15
6 13 13
6 23 18
6 76 3
6 62 10
6 65 5
6 34 13
6 83 4
6 11 5
6 53 0
6 43 13
6 73 13
6 44 13
6 7 4
6 80 1
6 70 11
6 42 15
6 85 3
6 39 13
6 57 7
6 61 2
7 86 1
7 23 9
7 32 7
7 29 17
7 24 8
7 76 6
7 22 11
7 72 16
7 82 18
7 51 2
7 69 14
7 26 16
7 77 9
7 39 11
7 71 4
7 80 1
7 56 1
7 31 0
7 84 8
7 64 6
7 46 10
7 79 10
7 8 10
7 17 8
7 21 10
7 11 2
7 70 17
7 41 11
7 6 9
7 65 1
7 36 15
7 48 14
7 4 14
7 57 8
7 49 12
7 45 3
7 63 15
7 3 7
8 40 4
8 65 16
8 82 5
8 78 8
8 3 1
8 64 4
8 58 17
8 49 0
8 87 11
8 0 14
8 69 16
8 12 7
8 50 17
8 76 13
8 19 13
8 6 10
8 18 12
8 22 11
8 75 7
8 47 1
8 41 2
8 27 13
8 72 16
8 17 3
9 19 13
9 24 17
9 31 18
9 68 0
9 70 13
9 51 5
9 74 17
9 27 8
9 12 15
9 42 13
9 76 12
9 29 15
9 47 9
9 4 14
9 45 3
9 38 15
9 82 8
9 69 7
9 0 10
9 73 13
10 59 13
10 16 0
10 33 4
10 30 18
10 73 8
10 36 2
10 76 5
10 71 14
10 77 18
10 0 17
10 12 3
10 35 7
10 3 12
10 53 9
10 75 0
10 58 2
10 60 1
10 1 5
10 18 18
10 84 11
10 56 2
10 57 17
10 15 2
10 47 6
10 39 6
10 72 5
10 40 14
10 51 11
10 82 4
10 7 5
10 19 0
10 28 11
10 48 6
10 87 4
10 79 18
10 52 11
10 14 1
10 63 14
10 25 14
10 54 16
10 41 7
10 69 5
10 27 8
10 21 1
10 55 17
10 8 12
10 38 10
10 67 14
10 13 12
10 22 17
10 70 17
10 42 10
10 34 5
10 50 11
10 62 17
10 29 12
10 20 0
10 31 8
10 80 7
10 37 2
10 23 6
10 64 9
10 74 3
10 68 4
10 83 3
11 52 10
11 45 8
11 19 12
11 80 18
11 33 11
11 0 2
11 58 12
11 12 3
11 17 0
11 34 12
11 74 18
11 31 10
11 37 17
11 57 1
11 84 3
11 36 15
11 59 3
11 78 3
11 4 11
11 2 17
11 28 6
11 23 1
11 41 16
11 87 14
11 77 13
11 5 12
11 81 18
11 65 18
11 40 7
11 56 13
11 72 7
11 66 13
11 10 18
11 24 5
11 3 18
11 55 8
11 70 4
11 32 8
11 30 3
11 85 6
11 60 1
11 6 0
11 25 9
11 22 17
11 69 12
11 48 2
11 26 3
11 62 7
11 14 8
11 75 0
11 51 17
11 21 16
11 54 5
11 42 5
11 86 18
11 53 1
11 39 0
11 61 1
11 44 7
11 63 4
11 8 13
11 15 7
11 71 5
11 82 17
11 50 8
11 38 6
11 68 18
11 64 9
11 16 11
12 61 0
12 82 9
12 24 18
12 44 15
12 6 0
12 5 10
12 18 12
12 63 17
12 64 0
12 75 2
12 36 3
12 42 10
12 20 10
12 76 15
12 19 5
12 72 14
12 35 1
12 16 9
12 53 5
12 38 11
12 14 10
12 48 16
12 73 5
12 43 5
12 55 7
12 10 4
12 62 6
12 84 6
12 67 10
12 8 3
12 26 17
12 66 17
12 27 6
12 30 9
12 71 13
12 81 12
12 23 18
12 86 1
12 57 15
12 29 5
12 79 10
12 15 8
12 47 10
12 46 15
12 70 14
12 77 1
13 14 18
13 18 2
13 68 13
13 72 11
13 54 5
13 81 10
13 15 4
13 61 3
13 51 8
13 47 3
13 7 14
13 85 1
13 42 8
13 80 18
13 70 8
13 63 8
13 75 10
13 17 5
13 67 5
13 39 5
13 32 10
13 4 4
13 27 9
13 20 1
13 77 18
13 2 13
13 59 11
13 64 16
13 78 11
13 35 13
13 62 0
13 31 12
13 84 0
13 36 15
13 87 3
13 34 13
13 33 2
13 12 18
13 11 10
13 71 1
13 45 2
13 73 5
13 82 10
13 74 17
13 23 17
13 48 15
13 24 2
14 30 8
14 33 2
14 41 10
14 81 15
14 51 16
14 2 18
14 60 9
14 84 7
14 1 0
14 17 18
14 49 16
14 0 4
14 63 1
14 39 17
14 5 8
14 22 9
14 45 11
14 32 18
14 35 0
14 61 14
14 57 3
14 13 6
14 86 12
14 4 6
14 15 14
15 74 8
15 73 12
15 8 10
15 19 18
15 5 4
15 49 4
15 52 4
15 39 2
15 76 6
15 63 10
15 40 17
15 30 6
15 79 2
15 71 15
15 6 18
15 4 12
15 65 16
15 70 17
15 59 1
15 61 2
15 9 13
15 32 16
15 25 18
15 1 16
15 38 8
15 46 7
15 35 13
15 11 11
15 78 3
15 67 17
15 22 7
15 83 5
15 60 6
15 27 13
15 86 13
15 82 7
15 55 0
15 80 17
16 84 10
16 27 17
16 82 1
16 62 8
16 17 3
16 69 8
16 78 2
16 65 11
16 79 4
16 25 6
16 71 11
16 55 16
16 0 15
16 6 12
16 42 2
16 75 12
16 8 0
16 29 15
16 38 8
16 67 14
16 76 14
16 70 15
16 85 16
16 72 16
16 52 18
16 80 12
17 14 11
17 77 15
17 26 0
17 62 13
17 40 5
17 65 15
17 87 13
17 52 11
17 18 15
17 32 12
17 6 2
17 85 15
17 60 2
17 19 0
17 70 11
17 28 16
17 38 0
17 25 17
17 57 7
17 66 18
17 68 10
17 58 12
17 10 15
17 82 18
17 80 8
17 4 18
17 43 17
17 86 10
17 12 7
17 73 3
17 45 4
17 63 12
17 83 2
17 67 13
17 55 16
17 0 7
17 11 1
17 64 16
17 9 0
17 29 10
17 36 8
17 22 13
17 42 11
17 5 10
17 47 4
17 48 14
17 20 4
17 13 13
17 54 3
17 34 0
17 50 2
17 56 5
17 7 11
17 31 3
17 49 9
18 68 2
18 72 6
18 42 6
18 57 7
18 56 13
18 12 15
18 63 17
18 44 3
18 19 9
18 3 6
18 35 17
18 83 3
18 8 4
18 27 2
18 29 18
18 61 1
18 33 8
18 84 15
18 69 10
18 81 8
18 50 9
18 28 14
18 76 12
18 73 3
18 64 12
18 80 7
18 53 17
18 70 8
18 51 14
18 6 6
18 52 4
18 36 14
18 58 13
18 22 15
18 60 10
18 39 9
18 55 16
18 23 9
18 13 13
18 48 12
18 41 9
18 62 15
18 24 11
18 67 5
18 11 5
18 79 0
18 34 1
18 85 18
18 59 15
18 86 3
18 4 18
18 10 1
18 54 14
18 82 0
18 45 16
18 87 11
18 49 13
18 9 2
18 37 13
18 40 7
18 77 11
18 21 1
18 2 16
18 74 8
18 46 10
18 65 5
18 7 4
18 78 16
18 14 16
18 20 18
18 25 7
18 38 14
18 26 9
18 66 0
18 1 1
18 32 10
18 16 6
18 75 18
18 5 14
18 30 7
18 0 5
18 47 3
18 43 6
18 71 11
19 51 6
19 77 10
19 70 10
19 67 8
19 55 9
19 84 6
19 8 11
19 22 18
19 2 5
19 32 15
19 41 10
19 28 0
19 75 8
19 82 13
19 76 11
19 15 14
19 65 3
19 59 7
19 46 0
19 78 17
19 9 0
19 27 9
19 43 15
19 6 5
19 16 4
19 58 10
19 37 15
19 25 8
19 12 2
19 48 17
19 45 5
19 85 10
19 86 2
19 64 5
19 50 18
19 69 8
19 11 18
19 42 15
19 57 2
19 33 7
19 54 5
19 60 6
19 63 9
19 79 11
19 72 1
19 80 11
19 39 11
19 81 1
19 44 13
19 87 1
19 35 15
19 13 10
19 38 0
19 68 12
19 53 1
19 61 11
19 21 15
19 14 1
19 3 3
19 10 6
19 29 1
19 40 1
19 52 6
19 74 2
19 49 1
19 31 14
19 20 10
19 7 3
19 66 17
19 5 9
19 1 17
19 26 8
19 47 5
19 34 4
20 80 7
20 84 12
20 19 4
20 34 6
20 62 0
20 67 0
20 4 1
20 64 11
20 16 1
20 71 2
20 7 4
21 63 15
21 11 3
21 43 2
21 82 7
21 8 18
21 81 13
21 84 16
21 7 10
21 72 6
21 22 4
21 6 12
21 53 7
21 27 1
21 16 12
21 47 10
21 69 10
21 1 18
21 62 0
21 75 14
21 54 18
21 29 1
21 78 7
21 74 14
21 56 13
21 9 17
21 3 7
21 50 12
21 83 2
21 68 16
21 32 5
21 15 15
21 65 3
21 17 6
21 70 6
21 52 7
21 73 9
21 39 5
21 55 13
21 2 9
21 37 3
21 46 15
21 5 3
21 36 14
21 4 9
21 79 16
21 86 1
21 10 9
21 23 2
21 58 15
21 41 13
21 28 17
21 51 1
21 13 8
21 80 18
22 11 2
22 70 4
22 26 3
22 85 8
22 24 0
22 20 2
22 65 8
22 60 4
22 73 18
22 3 6
22 39 1
22 48 3
22 37 9
22 45 1
22 43 12
22 30 18
22 49 10
22 57 8
22 40 2
22 56 2
22 36 13
22 80 7
22 82 17
22 18 13
22 29 10
22 78 17
22 27 13
22 2 5
22 81 5
22 67 11
22 31 12
22 41 2
22 63 4
22 44 11
22 51 10
22 34 15
22 5 10
22 0 5
22 52 15
22 54 15
22 21 4
22 15 16
22 83 1
22 75 14
22 9 7
22 4 10
22 58 10
22 28 11
22 62 2
22 53 16
22 33 10
22 1 16
22 84 18
22 59 4
22 47 5
23 68 12
23 16 0
23 3 13
23 85 14
23 54 0
23 50 14
23 43 6
23 52 18
23 83 9
23 72 3
23 14 17
23 22 6
23 8 0
23 29 13
23 40 0
23 32 8
23 80 4
23 74 5
23 82 17
23 56 16
23 39 11
23 64 14
23 26 14
23 9 4
23 34 6
23 20 6
23 58 0
23 13 7
23 33 10
23 38 3
23 66 14
23 55 13
23 81 15
23 2 1
23 62 17
23 1 7
23 69 15
23 7 9
23 36 4
23 45 18
23 73 6
23 53 4
23 11 10
23 41 13
23 10 6
23 76 5
23 48 6
23 79 11
23 37 16
23 78 10
23 86 7
23 24 6
23 67 14
23 27 5
23 71 4
24 25 6
24 27 7
24 23 10
24 84 1
24 21 5
24 80 5
24 56 7
24 29 6
24 36 3
24 57 10
24 81 17
24 28 8
24 49 15
24 48 14
24 5 9
24 34 14
24 43 4
24 1 17
24 15 13
24 26 17
24 62 16
24 61 3
24 79 5
24 35 17
24 8 4
24 18 7
24 38 1
24 14 13
24 78 12
24 51 16
24 42 0
24 17 6
24 19 12
24 55 3
24 66 9
24 39 17
24 22 18
24 70 14
24 74 13
24 64 17
24 60 0
24 76 16
24 86 6
24 30 16
24 47 8
24 68 3
24 7 3
24 59 10
24 13 14
24 77 2
24 12 15
24 69 17
24 87 12
24 40 9
24 33 18
24 52 8
25 55 2
25 24 18
25 69 14
25 17 5
25 0 1
25 21 10
25 77 10
25 61 5
25 30 2
25 52 13
25 23 7
25 41 16
25 63 18
25 59 0
25 72 2
25 47 4
25 46 17
25 62 4
25 27 1
25 15 5
25 64 15
25 74 12
25 33 2
25 66 9
25 75 4
25 11 12
25 54 3
25 26 17
25 9 18
25 20 12
25 4 15
25 22 4
25 37 16
25 43 16
25 3 1
25 83 6
25 10 2
25 40 8
25 18 14
25 44 14
26 28 7
26 45 3
26 72 8
26 69 9
26 62 16
26 57 5
26 29 12
26 33 9
26 32 5
26 24 3
26 50 12
26 22 18
26 18 12
26 49 18
26 11 10
26 56 1
26 31 7
26 13 12
26 35 9
26 66 5
26 64 2
26 41 11
26 38 1
26 42 6
26 51 6
26 85 16
26 81 11
26 86 5
26 48 13
27 36 5
27 16 3
27 43 9
27 23 11
27 41 3
27 55 13
27 80 1
27 38 15
27 18 7
27 86 12
27 53 7
27 76 5
27 71 18
27 11 14
27 60 16
27 77 11
27 7 8
27 22 4
27 28 8
27 20 16
27 74 10
27 24 17
27 33 0
27 4 10
27 31 2
27 58 10
27 82 16
27 50 0
27 57 2
27 63 3
27 52 9
27 85 9
27 87 14
27 29 7
27 83 12
27 30 11
27 32 0
27 0 7
27 1 12
27 47 6
27 19 15
27 54 12
27 39 15
27 2 12
27 42 9
27 65 9
27 37 4
27 81 0
27 8 2
27 35 9
27 46 10
27 72 6
27 40 4
27 84 12
27 48 4
27 5 15
27 14 7
28 63 16
28 8 16
28 51 18
28 9 14
28 56 14
28 82 13
28 71 9
28 87 2
28 43 15
28 33 10
28 26 3
28 27 7
28 7 13
28 84 1
29 81 15
29 27 7
29 0 8
29 66 17
29 56 7
29 5 14
29 57 2
29 48 17
29 24 8
29 53 12
29 83 12
29 74 17
29 45 5
29 61 18
29 63 3
29 37 6
29 7 14
29 34 15
29 77 6
29 17 18
29 3 16
29 10 17
29 75 7
29 15 12
29 32 5
29 4 14
29 13 6
29 46 3
29 62 16
29 28 17
29 40 1
29 78 10
29 85 13
29 26 16
29 60 5
29 72 7
29 19 16
29 42 9
29 35 4
29 65 15
29 8 6
29 50 5
30 58 2
30 46 11
30 36 18
30 81 17
30 87 9
30 82 12
30 66 3
30 61 11
30 60 14
30 73 11
30 59 8
30 68 7
30 11 11
30 6 3
30 0 17
30 42 18
30 50 7
30 51 6
30 41 12
30 7 14
30 3 8
30 86 6
30 56 18
30 13 14
30 62 1
30 57 18
30 15 7
30 38 4
30 20 5
30 10 8
30 47 10
31 45 16
31 28 7
32 56 16
32 31 3
32 54 7
32 81 9
32 36 14
32 53 7
32 33 9
32 37 15
32 10 0
32 4 4
32 44 12
32 28 5
32 68 1
32 76 15
32 82 4
32 8 14
32 69 2
32 83 16
32 11 7
32 58 0
32 7 18
32 87 13
32 71 1
32 64 12
32 86 11
32 5 8
32 16 5
32 30 12
32 85 11
32 78 6
32 35 12
32 60 12
32 48 13
32 57 10
32 77 7
32 75 3
32 63 9
32 74 6
32 43 4
32 47 3
32 2 14
32 79 13
32 70 12
32 22 8
32 14 11
32 38 6
32 9 13
32 73 12
32 15 6
32 25 12
32 50 2
32 41 2
32 59 10
32 1 10
32 13 7
32 80 13
32 40 12
32 67 8
32 0 11
32 23 3
32 6 2
32 55 7
32 26 10
32 29 4
32 12 4
32 61 7
32 52 5
32 66 4
32 49 2
32 42 14
32 51 15
32 72 18
32 27 3
32 65 14
32 84 14
32 24 15
32 20 13
33 60 14
33 55 7
33 18 12
33 50 1
33 68 9
33 16 4
33 41 17
33 8 17
33 4 8
33 21 7
33 82 5
33 74 3
33 83 8
33 77 7
33 66 10
33 2 7
33 26 2
33 1 15
33 56 2
33 79 3
33 38 14
33 81 4
33 65 6
33 86 6
33 39 3
34 17 11
34 16 9
34 85 0
34 56 12
34 68 6
34 36 12
34 75 12
34 73 3
34 55 15
34 65 6
34 59 8
34 57 4
34 53 17
34 45 7
34 3 4
34 28 3
34 44 10
34 24 14
34 19 17
34 83 9
34 0 1
34 21 5
34 49 0
34 64 0
34 60 9
34 2 3
34 80 6
34 4 16
34 26 1
34 77 16
34 40 11
34 9 6
34 23 12
34 42 2
34 7 11
34 29 17
34 70 3
34 10 2
34 13 7
34 86 2
34 67 6
34 58 13
34 43 17
34 54 10
34 74 17
34 30 4
34 8 0
34 71 13
34 31 7
34 63 15
34 11 10
34 18 10
34 22 2
34 52 7
34 35 8
34 1 3
34 50 12
34 62 17
34 81 0
34 33 4
34 69 11
34 61 16
34 82 9
35 54 6
35 32 12
35 50 5
35 64 12
35 87 6
35 16 18
35 25 9
35 84 12
35 78 14
35 12 5
35 24 3
35 71 11
35 65 6
35 6 3
35 23 12
35 80 12
35 30 14
35 46 2
35 34 16
35 41 14
35 81 10
35 76 2
35 79 18
35 47 12
35 0 3
35 40 14
35 72 8
35 26 14
35 85 5
35 36 2
35 13 10
35 55 1
35 31 10
35 33 11
35 18 12
35 9 2
35 4 3
35 52 14
35 67 9
35 20 3
35 29 1
35 68 16
35 3 3
35 63 7
35 62 3
35 22 14
35 58 5
35 48 10
35 21 0
35 77 0
35 56 2
35 60 5
35 74 16
35 51 0
35 83 17
35 73 5
35 53 12
35 2 4
35 8 7
35 7 17
35 82 17
35 44 5
35 1 18
35 17 3
35 42 16
35 43 10
35 69 12
35 27 12
35 38 7
35 57 1
36 15 5
36 83 9
36 18 5
36 11 8
36 50 3
36 21 8
36 54 8
36 3 4
36 31 4
36 19 2
36 0 1
36 37 18
36 22 4
36 12 4
36 71 8
36 68 14
36 29 1
36 85 7
36 34 6
36 67 16
36 25 16
36 16 0
36 76 0
36 70 12
36 66 1
36 80 2
36 60 15
36 45 16
36 53 10
36 5 10
36 35 12
36 51 14
36 4 7
36 65 5
36 14 6
36 75 6
36 74 10
36 40 11
36 87 14
36 32 3
36 17 7
36 52 8
36 86 0
36 78 11
36 1 9
36 44 12
36 82 13
36 73 10
36 63 13
36 26 0
36 72 7
36 41 7
36 77 10
36 61 8
36 81 16
36 79 4
36 43 0
36 64 15
36 23 12
36 30 12
36 6 6
36 69 16
36 13 6
36 42 5
36 27 1
37 82 16
37 40 9
37 44 12
37 81 9
37 31 13
37 64 14
37 54 1
37 61 3
37 14 0
37 19 18
37 70 8
37 39 1
37 36 9
37 86 8
37 50 15
37 8 17
37 43 6
37 4 9
37 77 13
37 87 15
37 28 2
37 24 0
37 3 0
37 17 9
37 79 9
37 7 2
37 21 13
37 62 1
37 30 8
37 76 2
37 22 12
37 45 6
37 35 18
37 51 17
37 29 17
37 53 0
37 25 7
37 52 13
37 42 6
37 10 6
37 6 10
37 34 11
37 56 6
37 58 10
37 85 1
37 67 5
37 68 18
37 78 12
37 0 10
37 15 12
37 75 18
37 71 18
37 47 17
37 41 17
37 49 2
37 74 11
37 9 10
37 83 14
37 72 6
37 55 12
37 57 2
37 27 9
37 5 4
37 46 1
37 20 14
37 1 17
37 38 2
37 65 3
37 26 10
37 80 14
37 60 1
37 84 10
37 23 12
37 18 2
37 16 6
37 33 0
37 11 16
37 73 6
37 12 18
37 66 0
37 2 6
37 48 6
37 63 6
37 59 13
38 19 3
38 49 9
39 61 9
39 86 6
39 0 10
39 75 14
39 11 2
40 80 0
40 13 9
40 3 1
40 60 7
40 37 2
40 81 1
40 45 10
40 43 2
40 59 16
40 7 10
40 48 9
40 16 8
40 64 15
40 75 2
40 8 14
40 1 0
40 24 6
40 12 8
40 27 2
40 0 3
40 10 12
40 19 2
40 50 2
40 72 17
40 39 18
40 42 6
40 65 5
40 29 2
40 67 5
40 35 15
40 25 9
40 38 0
40 63 8
40 86 8
40 82 13
40 56 12
40 66 14
40 55 9
40 21 18
40 44 8
40 47 7
40 15 12
40 49 10
40 87 17
40 36 11
40 62 11
40 51 6
41 73 11
41 87 17
41 12 7
41 14 15
41 53 18
41 79 1
41 84 1
41 65 1
41 83 3
41 0 7
41 27 4
41 68 17
41 63 14
41 4 14
41 3 8
41 85 6
41 75 2
41 25 5
41 60 15
41 34 15
41 51 3
41 2 9
41 36 12
41 81 12
41 49 4
41 55 0
41 57 10
41 71 9
41 72 2
41 19 15
41 86 3
41 54 18
41 21 18
41 70 11
41 18 5
41 24 5
41 45 5
41 44 15
41 69 10
41 1 9
41 39 3
41 22 18
41 52 8
41 82 12
41 31 8
41 8 6
41 64 2
41 5 1
41 80 11
41 40 1
41 46 14
41 9 9
41 32 3
41 77 4
41 78 0
41 67 16
41 56 9
41 17 3
41 38 3
41 29 17
41 66 3
41 33 0
41 6 8
41 43 15
41 30 1
41 15 3
41 50 12
41 28 2
41 26 8
41 37 6
41 7 8
41 48 12
41 58 11
41 76 11
42 60 18
42 19 1
42 41 15
43 69 8
43 48 8
43 1 5
43 37 13
43 76 1
43 51 4
43 9 10
43 54 7
43 42 5
43 81 16
43 26 10
43 17 0
43 60 13
43 12 12
43 4 8
43 53 6
43 64 18
43 72 11
43 13 11
43 35 8
43 6 7
43 52 2
43 27 2
43 77 15
43 66 18
43 0 10
43 39 6
43 85 15
43 74 0
43 80 7
43 40 1
43 58 0
44 72 6
44 52 6
44 9 14
44 16 6
44 17 17
44 86 1
44 34 15
44 12 17
44 49 10
44 10 6
44 36 6
44 61 7
44 1 18
44 2 4
44 7 17
44 84 11
44 80 1
44 24 17
44 4 2
44 23 8
44 59 18
44 50 18
44 29 8
44 63 17
44 19 0
44 56 4
44 25 3
44 45 10
44 31 1
44 3 8
44 83 10
45 55 13
45 82 4
45 23 5
45 33 13
45 28 7
45 86 1
45 77 16
45 64 12
45 17 3
45 32 5
45 46 3
45 36 2
45 19 5
45 8 15
45 13 11
45 74 9
45 80 4
45 73 16
45 57 5
45 42 10
45 37 6
45 58 12
45 60 11
45 50 15
45 67 12
45 40 12
45 81 10
45 63 16
45 54 12
45 69 4
45 39 11
45 25 12
45 27 10
45 71 18
45 65 8
45 15 6
45 21 7
45 62 11
45 51 18
45 20 15
45 22 13
45 48 0
45 70 1
46 14 7
46 41 12
46 29 11
46 31 13
46 47 9
46 81 15
46 0 12
46 79 5
46 58 1
46 71 2
46 19 12
46 83 2
46 27 0
46 33 5
46 43 12
46 13 3
46 65 11
46 68 4
46 8 15
46 39 4
46 84 17
46 15 1
46 35 6
46 36 10
46 53 16
46 73 6
46 17 8
46 38 15
46 11 10
46 56 12
46 76 12
46 60 14
46 32 5
46 82 10
46 66 2
46 25 1
46 3 3
47 8 9
47 25 16
47 48 18
47 35 2
47 7 0
47 78 1
47 9 14
47 54 3
47 14 13
47 6 4
47 26 12
47 12 9
47 62 15
47 71 0
47 20 7
47 46 11
47 66 14
47 5 1
47 76 3
47 32 9
47 73 1
47 61 7
47 77 1
47 87 2
47 16 17
47 86 14
47 10 12
47 57 17
47 69 5
47 42 12
47 36 10
47 72 14
47 51 16
47 31 3
47 84 9
47 38 7
47 63 7
47 65 6
47 33 9
47 85 10
47 56 16
47 15 5
47 17 16
47 0 4
47 82 7
47 53 11
47 4 18
47 67 0
47 24 10
47 70 0
47 34 0
47 3 13
47 2 8
47 19 6
47 79 14
47 23 7
47 37 15
47 29 16
48 46 9
48 10 8
48 36 15
48 60 5
48 65 7
48 79 12
48 8 4
48 55 8
48 45 16
48 11 15
48 73 1
48 28 14
48 85 17
48 19 10
48 77 16
48 83 17
48 39 18
48 87 9
48 68 2
48 44 11
48 32 10
48 33 7
48 43 0
48 5 0
48 21 13
48 81 18
48 18 17
48 1 10
48 86 12
48 63 13
48 6 10
48 74 2
48 53 12
48 56 15
48 76 9
48 52 1
48 72 11
48 40 10
48 37 0
48 7 12
48 75 2
48 15 7
48 51 3
48 0 1
48 4 14
48 29 2
48 26 6
48 67 11
48 59 5
48 23 15
48 69 9
48 64 16
48 14 8
48 41 4
48 70 4
48 31 13
48 17 10
48 16 10
48 47 3
48 35 10
48 2 10
48 27 14
48 42 1
48 25 2
48 49 7
48 61 11
48 54 12
48 71 10
48 57 1
48 13 9
49 9 18
49 62 18
49 67 14
49 65 13
49 19 16
49 55 11
49 31 4
49 48 15
49 68 11
49 24 18
49 74 17
49 14 2
49 58 10
49 2 16
49 54 16
49 11 18
49 42 10
49 70 4
49 15 5
49 3 4
49 82 15
49 79 13
49 30 6
49 0 3
49 35 8
49 18 5
49 77 0
49 50 3
50 17 14
50 16 13
50 28 9
50 51 8
50 53 10
50 79 2
50 11 1
50 62 11
50 60 5
50 0 3
50 4 12
50 48 18
50 18 6
50 56 6
50 35 10
50 6 8
50 37 2
50 33 5
50 84 16
50 82 16
50 85 15
50 41 3
50 24 3
50 68 8
50 81 8
51 29 15
51 84 5
51 73 4
51 10 6
51 11 3
51 39 16
51 42 18
51 28 16
51 40 0
51 86 0
51 69 9
51 47 6
51 56 7
51 74 8
51 14 12
51 53 16
51 62 6
51 6 14
51 49 16
51 0 8
51 63 17
51 81 15
51 36 15
51 66 8
51 44 3
51 31 0
51 78 10
51 64 10
51 4 17
51 55 7
51 17 13
51 7 15
51 57 13
51 87 18
51 85 18
51 5 5
51 72 16
51 45 13
51 25 5
51 16 10
51 67 4
51 26 10
51 68 14
51 80 14
51 70 13
51 75 15
51 9 16
51 50 16
51 76 12
51 13 1
51 33 17
51 24 7
51 8 4
51 34 10
51 19 11
51 58 1
51 21 6
51 20 9
51 37 10
51 27 3
51 65 11
51 48 10
51 30 11
51 35 2
51 77 17
51 23 18
51 3 2
51 83 9
51 15 4
51 43 16
51 82 3
51 59 2
51 41 4
51 60 5
51 22 10
51 61 15
51 12 5
51 32 6
51 1 7
52 21 14
52 3 6
52 9 15
52 57 16
52 47 3
52 61 17
52 42 6
52 86 11
52 46 6
52 83 0
52 59 9
52 79 0
52 14 18
52 15 15
52 18 12
52 6 16
52 11 16
52 23 1
52 39 7
52 36 7
52 72 5
52 73 4
52 43 8
52 64 13
52 45 3
52 81 13
52 49 16
52 82 0
52 67 3
52 29 15
52 2 4
52 35 1
52 54 8
52 20 17
52 5 14
52 50 2
52 27 1
52 24 12
52 32 16
52 19 12
52 63 2
52 17 15
52 85 4
52 33 16
52 26 2
52 13 6
52 65 11
52 66 1
52 60 18
52 78 10
52 10 8
52 53 1
52 25 2
52 56 6
52 41 0
52 77 6
52 74 17
52 68 9
52 55 15
52 34 8
52 0 6
52 80 5
52 75 11
52 62 16
52 44 13
52 22 3
52 87 16
52 31 8
52 1 16
52 84 12
52 37 17
52 69 12
52 28 13
52 48 9
52 4 1
53 38 12
53 35 4
53 45 1
53 76 0
53 86 12
53 11 4
53 42 5
53 73 5
53 83 15
53 8 15
53 37 6
53 68 4
53 41 8
53 33 0
53 12 9
53 31 18
53 4 11
53 47 18
53 67 16
53 9 15
53 18 11
53 13 7
53 28 6
53 30 1
53 60 5
53 0 8
53 64 4
53 22 9
53 48 1
53 75 10
53 6 0
53 3 8
53 50 15
53 39 15
53 65 16
53 70 1
53 36 16
53 74 4
53 81 10
53 84 16
53 55 13
53 87 1
53 69 18
53 34 13
53 15 2
53 77 7
53 58 14
53 62 7
53 26 3
53 10 17
53 49 13
53 14 16
53 5 6
53 51 9
53 52 3
53 71 4
53 24 14
53 44 17
53 56 10
53 40 16
53 32 17
53 21 18
53 43 0
53 63 16
53 17 5
53 54 0
53 16 12
53 1 18
53 20 7
53 25 0
53 85 14
54 84 14
54 71 11
54 12 11
54 1 2
54 80 16
54 69 13
54 33 18
54 21 18
54 22 14
54 8 10
54 17 4
54 25 6
54 46 12
55 15 6
55 16 1
55 38 1
55 87 3
55 82 12
55 63 5
55 23 2
55 50 4
55 11 17
55 42 1
55 20 3
55 78 15
55 66 4
55 58 6
55 25 5
55 53 14
55 13 13
55 54 3
55 56 3
55 21 9
55 31 1
55 30 8
55 48 3
55 57 4
55 51 6
55 52 12
55 19 1
55 67 6
55 4 16
55 28 7
55 0 11
55 14 3
55 69 18
55 68 1
55 12 4
55 77 6
55 7 3
55 29 4
55 64 17
55 17 1
55 45 1
55 62 3
55 35 10
55 22 8
55 43 10
55 74 9
55 9 0
55 3 16
55 61 5
55 6 8
55 36 2
55 2 13
55 34 10
55 76 14
55 37 8
55 27 10
55 84 18
55 8 0
55 1 14
55 33 4
55 39 7
55 46 14
55 44 15
55 60 10
55 32 10
55 80 18
55 26 13
55 59 4
55 49 10
55 85 2
55 75 17
55 83 5
55 47 6
55 73 8
55 40 15
56 72 5
56 66 7
56 79 11
56 83 18
56 4 8
56 42 10
56 80 8
56 58 11
56 76 16
56 20 5
56 52 1
56 33 9
56 85 10
56 60 18
56 34 15
56 32 10
56 26 3
56 21 4
56 5 9
56 78 5
56 55 1
56 70 15
56 37 10
56 53 13
56 64 7
56 45 12
56 69 14
56 16 8
56 3 8
56 47 7
56 25 4
56 8 12
56 35 14
56 54 14
56 36 8
56 6 10
56 30 2
56 11 15
56 73 10
56 9 6
56 40 17
56 7 5
56 48 6
56 71 1
56 29 2
56 63 12
56 18 16
57 28 4
57 34 12
57 10 10
57 45 5
57 39 7
57 63 2
57 74 8
57 43 6
57 33 15
57 31 1
57 79 2
57 64 11
57 22 4
57 66 6
57 58 17
57 75 4
57 5 13
57 9 11
57 35 17
57 68 8
57 26 14
57 56 6
57 60 15
57 47 18
57 32 12
57 52 18
57 13 7
57 44 4
57 42 0
57 61 18
57 76 10
57 36 12
57 15 4
57 55 18
57 59 9
57 49 4
57 6 9
57 19 1
57 62 13
57 48 18
57 70 11
57 51 17
57 16 4
57 85 16
57 27 11
57 40 17
57 4 14
57 23 4
57 53 10
57 37 15
57 20 9
57 80 3
57 81 12
57 71 16
57 83 3
57 14 18
57 1 17
57 78 3
57 21 11
57 72 0
57 41 4
57 38 4
57 7 5
57 12 1
57 0 12
57 77 8
57 29 18
57 11 0
57 69 1
57 54 16
57 17 3
57 87 11
57 3 12
57 86 7
57 50 5
57 24 14
57 25 7
58 50 16
58 84 2
58 6 0
58 61 8
58 23 5
58 14 7
58 82 6
58 69 6
58 56 9
58 22 2
58 59 13
58 25 5
58 27 2
58 42 12
58 18 4
58 60 11
58 17 1
58 7 12
58 66 7
58 26 17
58 63 3
58 45 0
58 49 9
58 53 18
58 85 7
58 52 1
58 78 1
58 65 12
58 21 9
58 75 0
58 29 8
58 62 5
58 10 10
58 24 16
58 32 6
58 33 16
58 41 9
58 31 17
58 83 14
58 34 16
58 47 4
58 40 6
58 12 1
58 87 11
58 38 5
58 43 16
58 71 13
58 13 13
59 56 4
59 5 5
59 40 6
59 20 2
59 68 15
59 25 1
59 58 1
59 0 10
59 37 3
59 71 17
59 86 18
59 64 0
59 73 8
59 1 18
59 47 14
59 14 9
59 6 1
59 21 4
59 65 2
59 4 9
59 80 13
59 76 16
59 11 9
59 8 7
59 49 2
60 32 6
60 27 8
60 58 6
60 5 0
60 82 13
60 21 3
60 11 11
60 43 18
60 53 16
60 57 0
60 83 9
60 31 5
60 64 7
60 39 12
60 48 12
60 81 11
60 74 1
60 54 11
60 36 2
60 28 16
60 55 6
60 14 7
60 68 4
60 35 2
60 44 10
60 70 1
60 56 11
60 13 1
60 12 11
60 15 8
60 10 1
60 23 17
60 38 3
60 45 15
60 22 13
60 6 16
60 18 11
60 19 2
60 67 11
60 8 5
60 42 17
60 46 1
60 51 6
60 84 14
60 41 17
60 26 3
60 50 6
60 20 11
60 66 2
60 69 17
60 2 18
60 30 5
60 61 0
60 34 16
60 77 14
60 85 14
60 17 5
60 65 9
60 63 3
61 48 8
61 40 18
61 0 13
61 10 16
61 54 5
61 81 11
61 15 1
61 14 9
61 7 6
61 83 17
61 80 17
61 70 6
61 35 5
61 69 3
61 31 4
61 76 8
61 13 4
62 80 5
62 5 1
62 77 13
62 34 18
62 40 11
62 73 2
62 51 17
62 25 4
62 71 14
62 87 8
62 39 9
62 29 13
63 46 11
63 31 4
63 22 18
63 84 10
63 56 17
63 24 0
63 14 3
63 55 10
63 70 14
63 62 17
63 3 11
63 44 1
63 82 0
63 43 9
63 12 17
63 21 18
63 29 6
63 52 0
63 67 17
63 51 2
63 8 16
63 1 14
63 23 13
63 57 2
63 0 17
64 52 9
64 84 16
64 58 11
64 19 6
64 36 8
64 48 10
64 22 14
64 44 4
64 1 17
64 46 1
64 30 5
64 39 6
64 9 5
64 75 1
64 18 13
64 27 15
64 49 10
64 53 15
64 43 6
64 79 18
64 20 8
64 37 15
64 62 14
64 8 1
64 35 16
64 23 2
64 38 16
64 68 9
64 82 16
64 45 1
64 13 2
64 72 10
64 32 2
64 33 16
64 67 2
64 85 9
64 74 10
64 56 6
64 76 1
64 28 9
64 63 15
64 14 8
64 71 10
64 10 4
64 65 13
64 15 11
64 29 11
64 4 17
64 12 16
64 51 16
64 0 9
64 3 9
64 86 4
64 40 15
64 31 17
64 57 4
64 73 7
64 6 1
64 83 8
64 26 11
64 25 10
64 5 4
64 2 12
64 77 3
64 54 18
64 47 7
64 24 11
64 78 16
64 66 2
64 42 18
64 87 5
64 11 13
64 81 7
64 70 11
64 69 7
64 34 0
64 21 16
64 61 16
64 60 2
64 80 13
64 59 1
65 44 3
65 4 13
65 60 8
65 40 6
65 70 7
66 38 15
66 32 14
66 69 15
66 81 1
66 70 13
66 43 7
66 28 10
66 11 12
66 30 5
66 24 2
66 20 5
66 51 8
66 18 4
66 63 2
66 37 18
66 78 14
66 65 16
66 55 6
66 46 12
66 29 14
66 84 5
66 44 18
66 12 11
66 58 15
66 2 10
67 51 8
67 79 5
67 44 14
67 40 18
67 32 7
67 86 16
67 84 5
67 39 15
67 33 8
67 34 13
67 69 6
67 21 0
67 77 15
67 65 16
67 54 1
67 20 1
67 62 10
67 43 0
67 4 15
67 27 15
67 19 18
67 82 6
67 30 4
67 70 1
67 71 7
67 3 17
67 56 17
67 35 9
67 25 11
67 66 3
67 78 14
67 49 0
67 23 17
67 59 1
67 11 16
67 64 13
67 6 15
67 48 10
68 48 5
68 56 9
68 57 10
68 61 11
68 82 8
68 26 16
68 41 8
68 79 5
68 67 14
68 13 1
68 63 11
68 25 5
68 19 0
68 59 12
68 28 7
68 33 15
68 85 8
68 36 3
68 45 15
68 24 7
68 0 18
68 83 8
68 54 10
68 18 3
68 66 15
68 2 14
68 86 15
68 10 14
68 12 2
68 46 15
68 31 13
68 76 17
68 43 2
68 27 2
68 20 16
68 64 6
68 37 10
68 32 4
68 23 0
68 87 18
68 74 4
68 81 1
68 3 11
68 30 2
68 47 13
68 16 17
68 15 16
68 42 9
68 60 2
68 78 2
68 75 15
69 13 0
69 76 11
69 6 9
69 57 0
69 53 12
69 47 14
69 7 16
69 39 13
69 80 0
69 73 12
69 58 17
69 32 5
69 0 7
69 46 1
69 38 4
69 70 5
69 18 3
69 49 18
69 14 4
69 71 16
69 22 5
69 54 15
69 52 2
69 2 15
69 24 13
69 75 11
69 55 11
69 84 10
69 62 0
69 60 15
69 44 8
69 41 8
69 67 9
69 28 8
69 72 3
69 23 6
69 3 7
69 37 11
69 63 10
69 12 6
69 21 5
69 77 1
69 56 5
69 31 16
69 29 3
69 17 0
69 64 15
69 9 0
69 45 17
69 78 18
69 30 1
69 79 3
69 74 7
69 34 13
69 48 16
69 19 18
70 40 5
70 6 9
70 12 12
70 61 16
70 14 0
70 83 15
70 20 18
70 64 15
70 25 15
70 46 10
70 48 0
70 31 4
70 49 16
70 22 10
70 45 17
70 57 12
70 16 1
71 49 18
71 24 11
71 1 5
71 32 14
71 8 6
71 66 14
71 11 7
71 58 4
71 33 13
71 51 6
71 43 12
71 2 11
71 54 6
71 26 7
71 80 5
71 85 17
71 45 13
71 77 3
71 21 5
71 29 3
71 69 10
71 7 1
71 62 1
71 53 1
72 21 4
72 40 17
72 68 14
72 60 6
72 44 3
72 63 17
72 24 16
72 45 17
72 79 4
72 71 9
72 41 0
72 10 1
72 9 13
72 19 13
72 53 8
72 62 13
72 65 5
72 47 16
72 39 13
72 50 0
72 20 3
72 73 13
72 23 2
72 51 8
72 11 17
72 67 10
72 31 12
72 57 14
72 26 14
72 12 13
72 22 18
72 6 4
72 80 17
72 36 12
72 7 2
72 34 12
72 82 2
72 84 5
72 76 6
72 4 7
72 48 14
72 29 13
72 14 14
72 70 17
72 37 2
72 38 2
72 74 0
72 15 6
72 77 17
72 55 18
72 69 15
72 78 18
72 86 0
72 87 8
72 30 18
72 49 17
73 54 15
73 13 5
73 38 17
73 72 16
73 48 3
73 39 15
73 36 15
73 4 10
73 5 10
73 80 14
73 37 9
73 67 10
73 47 9
73 29 10
73 76 15
73 42 1
73 65 12
73 30 13
73 7 13
73 15 11
73 57 6
73 35 1
73 86 13
73 77 8
73 79 4
73 21 13
73 78 7
73 87 16
73 69 11
73 62 2
73 26 1
73 14 17
73 71 6
73 43 5
73 70 1
73 51 16
73 60 4
73 63 5
73 85 3
73 49 7
73 8 5
73 81 8
73 25 9
73 17 13
74 19 5
74 70 6
74 10 17
74 64 18
74 15 2
74 61 17
74 16 2
74 84 7
74 42 3
74 40 13
74 31 16
74 65 10
74 53 8
74 59 1
74 81 8
74 22 11
74 51 4
74 26 4
74 83 7
74 62 5
74 58 1
74 24 1
74 49 6
74 37 12
74 2 6
74 48 15
74 8 4
74 86 3
75 79 2
75 66 9
75 34 2
75 41 10
75 83 9
75 85 0
75 39 17
75 37 6
75 15 8
75 19 10
75 28 2
75 51 13
75 23 6
75 4 12
75 3 6
75 42 9
75 6 1
75 7 8
75 71 6
75 64 16
75 65 16
75 9 8
75 74 5
75 5 10
75 76 0
75 61 11
75 69 5
75 44 10
75 48 5
75 18 0
75 13 18
75 26 0
75 35 4
75 62 5
75 20 6
75 86 2
75 60 7
75 25 2
75 0 5
75 45 11
75 47 17
75 29 18
75 84 8
75 1 7
75 31 11
75 50 6
75 68 17
75 24 18
75 49 13
75 14 14
75 8 8
75 32 14
75 67 10
75 52 12
75 82 7
75 46 2
75 2 2
75 63 18
75 87 17
75 16 2
75 78 7
75 73 4
75 11 13
75 81 14
75 40 18
75 27 6
75 70 10
75 30 6
75 36 16
75 43 2
75 33 5
75 22 9
75 57 4
75 80 6
75 58 5
75 12 17
75 21 4
75 77 13
75 53 10
75 72 4
75 38 0
75 10 11
75 17 2
76 43 0
76 35 12
76 11 11
76 12 15
76 0 6
76 55 16
76 33 18
76 61 1
76 7 14
76 17 17
76 82 12
76 15 9
76 36 11
76 81 8
76 50 14
76 45 17
76 19 1
76 10 16
76 46 14
76 1 7
76 68 0
76 39 11
76 60 5
76 67 9
76 14 9
76 57 16
76 32 13
76 74 15
76 80 1
76 59 8
76 77 3
76 49 5
76 75 1
76 44 3
76 30 1
76 62 9
76 29 9
76 72 7
76 41 18
76 54 18
76 34 5
76 8 13
76 5 8
76 78 6
76 13 7
76 47 8
76 38 0
76 6 1
76 85 11
76 28 3
76 22 2
76 79 6
76 25 17
76 65 1
76 16 9
76 26 1
77 11 18
77 32 2
77 1 1
77 35 4
77 48 7
77 72 4
77 6 11
77 10 15
77 43 13
77 27 7
77 13 15
77 51 16
77 81 10
77 69 13
77 62 6
77 78 11
77 46 7
78 12 5
78 39 11
78 49 7
78 80 12
78 83 14
78 56 6
78 1 12
78 15 4
78 84 1
78 77 18
78 59 18
78 0 10
78 48 13
78 52 3
78 54 13
78 51 4
78 5 12
78 55 4
78 66 12
78 64 17
78 87 1
78 79 16
78 35 15
78 18 17
78 20 3
78 30 0
78 43 15
78 36 12
78 65 12
78 53 2
78 4 5
78 63 11
78 38 13
78 19 9
78 9 13
78 25 17
78 29 0
78 57 6
78 8 7
78 28 16
78 21 6
78 41 7
78 31 17
78 33 11
78 23 15
78 61 17
78 6 18
78 3 1
78 58 9
78 22 15
78 10 8
78 72 17
78 26 6
78 11 14
78 82 1
78 34 16
78 81 15
78 60 5
78 7 5
78 32 11
78 76 10
78 44 13
79 5 2
79 27 8
79 42 0
79 9 18
79 28 14
79 75 9
79 84 12
79 50 11
79 1 18
79 15 4
79 48 6
79 73 12
79 78 4
79 40 8
79 82 17
79 70 12
79 51 17
79 63 17
79 41 8
79 37 10
79 14 0
79 56 4
79 87 17
79 57 6
79 68 8
79 45 4
79 64 15
79 12 9
79 86 8
79 16 0
79 33 9
79 8 15
79 21 18
79 77 15
79 61 11
79 3 16
79 26 14
79 10 4
79 47 11
79 7 13
79 19 10
79 22 5
79 81 18
80 78 15
80 12 7
80 76 4
80 69 7
80 66 13
80 24 2
80 79 4
80 87 0
80 19 12
80 60 1
80 8 13
80 57 4
80 53 7
80 14 8
80 9 11
80 72 0
80 16 11
80 59 1
80 13 12
80 5 0
80 27 4
80 7 13
80 34 4
80 17 6
80 4 5
80 1 1
80 30 7
80 65 14
80 2 12
80 37 4
80 62 18
80 40 7
80 29 14
80 75 1
80 15 5
80 44 18
80 46 11
80 67 2
80 33 3
80 10 2
80 85 0
80 28 6
80 35 11
80 41 5
80 47 13
80 77 5
80 42 18
80 45 15
80 52 14
80 31 18
80 39 3
80 38 15
80 21 15
80 70 4
80 64 0
80 54 17
80 18 3
80 56 3
80 81 5
80 26 6
80 51 14
80 6 2
80 74 17
80 71 16
80 84 0
80 58 3
80 0 12
80 20 4
80 73 0
80 63 17
80 68 0
81 32 18
81 86 11
81 66 18
81 73 13
81 54 17
81 12 13
81 44 16
81 25 10
81 17 16
81 3 15
81 45 2
81 24 15
81 34 1
81 30 10
81 20 17
81 46 12
81 48 3
81 37 5
81 71 18
81 4 15
81 85 2
81 52 2
81 68 8
81 82 16
81 62 3
81 27 16
81 9 13
81 33 12
81 69 13
81 7 18
81 75 6
81 77 18
81 13 12
81 60 7
81 47 1
81 87 2
81 26 6
81 63 9
81 65 13
81 40 12
81 18 5
81 1 10
81 74 16
81 53 10
81 2 7
81 50 4
81 64 8
81 14 13
81 58 8
81 21 4
81 51 1
81 49 17
81 79 6
81 76 11
81 11 14
81 38 16
81 19 13
81 57 8
81 10 2
81 36 12
81 72 3
81 70 17
82 11 9
82 6 12
82 12 9
82 66 18
82 51 6
82 75 0
82 41 11
82 43 12
82 72 0
82 20 10
82 27 17
82 3 6
82 70 7
82 19 12
82 87 17
82 78 15
82 64 14
82 15 6
82 26 11
82 86 14
82 30 5
82 52 13
82 13 6
82 62 6
82 49 8
82 8 3
82 21 15
82 29 1
82 22 7
82 80 6
82 54 2
82 36 14
82 46 9
82 9 1
82 0 4
82 1 2
82 61 0
82 10 5
82 25 5
82 69 13
82 40 6
82 38 5
82 16 3
82 33 10
82 57 4
82 18 3
82 56 6
82 48 15
82 83 17
82 14 11
82 45 3
82 55 2
82 39 9
82 34 7
82 23 8
82 35 10
82 81 16
82 65 9
82 68 17
82 85 9
82 77 15
83 14 17
83 81 17
83 67 1
83 82 15
83 24 4
83 71 8
83 84 8
83 54 5
83 36 11
83 33 4
83 73 5
83 56 14
83 72 6
83 50 8
83 57 10
83 75 16
83 41 3
83 15 14
83 42 12
83 26 14
83 49 3
83 48 3
83 10 8
83 85 1
83 66 16
83 65 14
83 21 5
83 43 3
83 27 16
83 79 6
83 64 12
83 55 18
83 46 10
83 80 0
83 1 9
83 45 9
83 47 17
83 52 4
83 32 11
83 76 10
83 16 15
83 59 5
83 74 3
83 28 0
83 60 5
83 31 12
83 2 18
83 62 3
83 23 3
83 29 1
83 5 12
83 44 6
83 17 18
83 40 18
83 11 7
83 86 7
83 38 9
83 30 17
83 25 2
83 0 8
83 68 2
83 6 14
83 51 1
83 20 14
83 35 15
83 70 18
83 9 1
83 39 5
83 22 0
83 12 0
83 8 15
83 53 16
83 58 10
83 3 14
83 37 13
83 7 18
83 61 15
83 77 1
83 78 13
83 69 6
83 34 1
83 19 17
84 32 1
84 41 13
84 58 9
84 38 12
84 71 4
84 24 18
84 66 18
84 43 3
85 11 10
85 35 10
85 54 7
85 22 0
85 26 7
85 55 4
85 6 10
85 0 14
85 13 16
85 81 1
85 84 15
85 27 15
85 72 13
85 21 3
85 32 18
85 47 10
85 64 7
85 8 14
85 80 16
85 4 8
85 18 4
85 37 4
85 15 4
85 31 17
85 34 8
85 40 17
85 41 8
85 70 0
85 2 15
85 44 9
85 83 3
85 68 16
85 7 8
86 43 11
86 66 5
86 13 7
86 12 9
86 31 2
86 68 9
86 28 9
86 76 13
86 71 10
86 64 10
86 69 12
86 20 18
86 46 13
86 45 6
86 63 14
86 11 17
86 48 13
86 14 15
86 36 15
86 30 12
86 0 14
86 55 2
86 32 13
86 73 0
86 53 17
86 65 3
86 3 7
86 18 18
86 70 4
86 22 11
86 84 13
86 75 9
86 35 2
86 52 17
86 72 3
86 62 11
86 40 9
86 49 14
86 5 17
86 67 7
86 80 9
86 83 4
86 60 1
86 37 3
86 19 2
86 34 9
86 27 5
86 9 13
86 21 9
86 78 8
86 33 16
86 50 13
86 44 12
86 61 3
86 15 11
86 81 14
86 41 2
86 57 10
86 7 2
86 1 8
86 82 1
86 26 16
86 85 11
86 25 11
86 17 0
86 58 9
86 29 17
86 4 13
86 42 11
86 79 6
86 38 2
86 24 8
86 51 17
86 16 11
86 87 6
86 6 18
86 47 18
86 2 15
86 74 9
86 23 16
86 10 12
87 65 5
87 40 1
87 66 1
87 36 5
87 86 1
87 82 15
87 3 15
87 69 8
87 35 9
87 85 0
87 20 7
87 62 13
87 64 1
87 72 11
87 7 2
87 30 1
87 53 10
87 24 4
87 78 0
87 13 9
87 43 11
87 10 10
87 38 3
87 60 9
87 83 12
87 76 11
87 9 2
87 1 10
87 2 7
