99
5025
false
0 3 4
0 63 2
0 37 0
0 2 11
0 39 11
0 54 12
0 55 6
0 85 5
0 97 0
0 16 0
0 53 3
0 57 2
0 14 8
0 68 12
0 71 18
0 45 10
0 38 14
0 49 2
0 12 17
0 56 18
0 34 7
0 95 15
0 65 13
0 73 12
0 46 5
0 41 18
0 13 5
0 42 3
0 78 8
0 74 11
0 67 8
0 10 4
0 19 16
0 52 16
0 15 0
0 79 11
0 35 15
0 88 16
0 29 2
0 81 15
0 5 4
0 82 7
0 18 13
0 62 8
0 66 14
0 50 14
0 11 16
0 86 15
0 47 11
0 51 5
0 9 15
0 90 1
0 70 13
0 69 18
0 21 13
0 24 12
0 94 7
0 6 11
0 43 11
0 96 7
0 1 2
0 32 8
0 72 7
0 26 14
0 22 13
0 4 6
0 7 7
0 87 18
0 33 15
0 61 1
0 27 8
0 36 15
0 93 14
0 25 11
0 60 9
0 31 12
0 44 18
0 75 1
0 98 7
0 89 10
0 23 3
0 58 11
0 80 8
0 64 13
0 59 16
0 8 5
0 91 5
1 88 18
1 52 1
1 84 9
1 56 9
1 36 14
1 4 0
1 45 16
1 31 6
1 35 13
1 27 14
1 0 17
1 46 12
1 98 9
1 95 4
1 42 4
1 50 17
1 75 9
1 57 2
1 92 8
1 58 12
1 32 9
1 30 0
1 63 18
1 69 1
1 74 15
1 61 15
1 94 18
1 68 17
1 54 14
1 49 3
1 25 12
1 8 5
1 72 14
1 70 8
1 6 18
1 38 6
1 79 7
1 65 4
1 2 4
1 12 6
1 22 13
1 93 18
1 7 3
1 82 0
1 71 14
1 90 9
1 83 14
1 73 2
1 19 17
1 47 4
1 80 16
1 97 9
1 87 0
1 9 17
1 51 6
1 11 1
1 77 11
1 18 8
1 60 13
1 64 5
1 21 1
1 34 9
1 78 9
1 91 4
1 43 7
1 3 3
1 41 0
1 26 4
1 5 9
1 40 0
1 67 13
1 23 5
1 62 3
1 20 6
1 85 9
1 37 2
1 96 11
1 33 14
1 14 12
1 44 8
1 55 6
1 13 3
1 29 14
1 10 2
1 15 14
1 76 12
1 24 6
1 59 10
1 89 1
2 5 11
2 62 0
2 84 17
2 58 11
2 22 9
2 55 12
2 56 3
2 46 14
2 88 3
2 89 9
2 96 11
2 28 3
2 14 0
2 25 1
2 41 16
2 36 13
2 77 8
2 67 8
2 47 11
2 82 18
2 70 2
2 1 0
2 42 3
2 86 11
2 32 17
2 16 4
2 59 18
2 3 12
2 50 6
2 10 1
2 43 16
2 98 12
2 44 16
2 4 15
2 63 17
2 69 5
3 20 3
3 25 9
3 62 7
3 54 3
3 26 10
3 30 15
3 88 9
3 16 17
3 53 6
3 18 13
3 15 1
3 39 15
3 14 18
3 34 11
3 69 17
3 91 15
3 23 0
3 5 17
3 75 7
3 13 7
3 9 16
3 97 10
3 36 9
3 2 4
3 93 18
3 81 17
3 61 9
3 64 13
3 66 9
3 70 4
3 79 3
3 92 10
3 37 1
3 1 12
3 86 8
3 22 16
3 67 0
3 47 15
3 44 13
3 87 9
3 31 17
3 24 17
3 73 17
3 78 12
3 42 15
3 10 17
3 90 9
3 35 0
3 68 3
3 12 15
3 7 14
3 48 16
3 32 13
3 19 2
3 46 2
3 83 2
3 60 17
3 27 4
3 11 15
3 76 13
3 29 17
3 63 0
3 59 3
3 43 16
3 50 8
3 40 2
4 26 6
4 62 16
4 95 17
4 56 2
4 19 0
4 84 15
4 79 1
5 93 13
5 77 3
5 70 9
5 43 5
5 53 14
5 30 5
5 23 14
5 81 9
5 36 10
5 64 2
5 72 10
5 24 3
5 95 6
5 80 9
5 75 9
5 59 13
5 3 16
5 44 7
5 11 2
5 19 1
5 69 17
5 51 4
5 66 12
5 20 18
5 2 18
5 47 7
5 58 6
5 42 1
5 4 15
5 91 18
5 12 11
5 94 6
5 83 4
5 74 4
5 60 16
5 16 0
5 89 4
5 84 9
5 90 18
5 21 11
5 76 1
5 41 4
5 13 10
5 10 10
5 67 11
5 57 14
5 7 8
5 39 14
5 25 2
5 22 7
5 40 16
5 46 17
6 46 3
6 30 17
6 53 10
6 61 14
6 58 12
6 74 7
6 84 2
6 16 0
6 23 17
6 63 12
6 11 16
6 49 4
6 43 4
6 31 2
6 69 10
6 54 13
6 64 11
6 80 5
6 44 18
6 87 0
6 96 2
6 12 1
6 32 5
6 35 2
6 45 7
6 91 0
6 2 7
6 14 11
6 8 15
6 60 12
6 42 11
6 40 17
6 95 13
6 59 14
6 98 0
6 93 12
6 52 13
6 75 16
6 25 13
6 83 16
6 62 11
6 76 6
6 4 7
6 28 16
6 55 10
6 13 2
6 89 10
6 34 17
6 72 15
6 88 13
6 50 0
6 79 4
6 94 12
6 56 6
6 10 8
6 26 16
6 86 4
6 65 4
6 48 4
6 24 5
6 57 15
6 18 3
6 20 17
6 33 4
6 3 7
6 70 12
6 97 13
6 9 5
6 17 0
6 7 9
6 90 13
6 51 11
6 29 2
6 81 10
6 92 14
6 5 14
6 41 16
6 21 17
6 0 13
6 68 11
6 47 18
6 78 7
6 73 8
6 39 9
6 82 1
6 77 5
6 67 3
6 85 4
6 37 9
6 36 3
6 15 10
6 1 18
6 22 14
7 39 6
7 42 4
7 30 12
7 67 15
7 20 10
7 23 4
7 88 9
7 11 0
7 37 7
7 82 18
7 89 8
7 92 2
7 40 5
7 12 7
7 55 15
7 27 7
7 87 10
7 84 13
7 85 12
7 95 16
7 56 13
7 0 13
7 26 17
7 17 2
7 25 12
7 46 6
7 77 8
7 33 5
7 69 12
7 61 0
7 76 8
7 14 15
7 70 7
7 9 0
7 74 13
7 62 10
7 66 8
7 91 17
7 49 9
7 6 5
7 94 18
7 68 3
7 4 10
7 44 0
7 53 6
7 79 5
7 24 9
7 59 0
7 43 10
7 47 7
7 83 11
7 15 0
7 57 9
7 28 8
7 73 11
7 64 11
7 22 13
7 10 13
7 81 9
8 80 16
8 49 0
8 60 17
8 18 5
8 41 11
8 13 0
8 48 5
8 51 17
8 5 14
8 68 11
8 86 11
8 57 6
8 82 4
8 6 0
8 93 12
8 70 16
9 28 1
9 64 7
9 87 16
9 88 15
9 98 1
9 52 1
9 45 6
9 94 9
9 3 10
9 65 15
9 17 18
9 14 8
9 86 11
9 29 13
9 36 15
9 83 14
9 61 17
9 19 6
9 80 3
9 12 2
9 21 1
9 4 14
9 30 18
9 27 1
9 51 1
9 71 6
9 44 11
9 55 12
9 53 1
9 70 13
9 89 6
9 16 0
9 6 11
9 33 5
9 10 0
9 66 3
9 43 8
9 34 15
9 50 7
9 20 14
9 23 1
9 92 10
9 77 13
9 0 0
9 97 18
9 79 18
9 13 7
9 31 2
9 91 6
9 82 8
9 60 3
9 49 16
9 38 5
9 58 1
9 67 9
10 32 3
10 52 13
10 31 18
10 73 2
10 0 13
10 85 4
10 28 8
10 30 18
10 96 3
10 60 1
10 61 17
10 48 9
10 29 13
10 21 14
10 68 13
10 43 7
10 6 1
10 19 13
10 23 7
10 98 7
10 83 5
10 17 1
10 12 14
10 8 17
10 15 8
10 72 7
10 42 13
10 74 6
10 79 5
10 59 1
10 47 3
10 33 2
10 53 0
10 5 3
10 35 10
10 46 15
10 94 1
10 49 14
10 81 3
10 2 10
10 70 0
10 39 0
10 78 2
10 76 7
10 26 14
10 77 1
10 18 18
10 95 14
10 92 8
10 65 14
10 67 3
11 77 17
11 24 16
11 53 17
11 86 11
11 50 3
11 57 12
11 10 17
11 93 6
11 76 0
11 66 14
11 61 0
11 75 4
11 6 12
11 44 9
11 67 12
11 82 16
11 0 4
11 12 12
11 23 17
11 80 6
11 87 9
11 25 0
11 65 12
11 5 11
11 69 4
11 89 2
11 29 9
11 3 3
11 51 6
11 79 7
11 18 0
11 28 5
11 92 13
11 55 14
11 14 5
11 81 12
11 22 8
11 71 8
11 72 2
11 32 13
11 88 6
11 38 11
11 8 9
11 70 16
11 84 10
11 96 0
11 54 2
11 59 1
11 39 2
11 47 6
11 46 16
11 30 9
11 83 4
11 13 1
11 85 17
11 91 2
11 58 11
11 40 0
11 48 13
11 33 10
11 95 18
11 90 18
11 78 12
11 60 14
11 42 2
11 37 7
11 34 7
11 4 9
11 1 2
12 37 17
12 15 9
12 93 13
12 22 9
12 52 7
12 67 16
12 56 18
12 83 13
12 30 10
12 18 5
12 5 4
12 25 9
12 43 15
12 35 2
12 31 3
12 61 13
12 26 5
12 80 6
12 79 18
12 48 13
12 49 6
12 60 3
12 85 15
12 68 16
12 94 8
13 67 1
13 91 2
13 52 6
13 17 14
13 65 18
13 3 1
13 77 13
13 5 8
13 42 6
13 46 2
13 33 1
13 76 16
13 49 6
13 34 7
13 18 9
13 79 3
13 72 4
13 54 16
13 70 18
13 82 3
13 25 2
13 74 13
13 48 4
13 14 8
13 80 6
13 86 13
13 56 18
13 47 8
13 12 13
13 26 17
13 75 12
13 83 13
14 36 1
14 24 11
14 63 15
14 83 12
14 91 10
14 2 0
14 32 6
14 37 12
14 81 13
14 64 16
14 94 18
14 28 18
14 30 0
14 66 14
14 39 0
14 10 15
14 25 18
14 65 0
14 40 6
14 98 8
14 33 16
14 76 7
14 41 6
14 57 14
14 5 2
14 67 10
14 20 14
14 31 0
14 93 4
14 16 14
14 73 7
14 1 11
14 15 9
14 87 9
14 7 9
14 58 5
14 18 14
14 78 0
14 82 2
15 91 15
15 30 10
15 16 15
15 22 5
15 69 8
15 2 1
15 9 12
15 1 9
15 83 0
15 14 4
15 82 18
15 18 2
15 12 5
15 53 8
15 24 16
15 74 8
15 60 18
15 44 17
15 84 18
15 64 16
15 98 14
15 21 7
15 94 15
15 73 3
15 38 8
15 56 15
15 28 5
15 88 12
15 3 10
15 46 6
15 93 12
15 72 14
15 97 5
15 87 6
15 50 8
15 75 16
15 76 0
15 59 18
15 49 6
15 35 14
15 34 5
15 92 10
15 32 16
15 36 2
15 0 9
15 61 4
15 43 7
15 52 2
15 4 18
15 58 17
15 81 11
15 67 7
15 39 9
15 42 8
15 79 8
15 23 13
15 66 10
15 62 1
15 17 7
15 55 6
15 85 10
15 37 16
15 71 11
15 20 12
15 29 15
15 65 8
15 96 8
15 90 4
15 70 9
15 26 14
15 19 6
15 33 6
15 7 7
15 47 1
15 51 17
15 68 17
15 8 17
15 57 12
15 6 14
15 54 10
15 45 14
15 25 11
15 78 14
15 77 3
15 40 17
15 89 18
15 48 7
15 11 8
15 5 3
15 27 7
15 86 18
15 80 1
16 65 2
16 60 10
16 59 9
16 57 7
16 31 6
16 8 17
16 81 8
16 25 8
16 93 13
16 9 11
16 3 7
16 43 0
16 96 5
16 92 8
16 29 8
16 32 6
16 28 13
16 62 16
16 97 4
16 30 6
16 79 9
16 77 11
16 19 8
16 4 16
16 11 6
16 42 11
16 78 14
16 88 6
16 68 2
16 73 9
16 20 1
16 13 4
16 23 5
16 61 5
16 44 4
16 56 12
16 55 6
16 5 4
16 69 2
16 15 12
16 14 11
16 6 8
16 66 12
16 21 12
16 54 8
16 52 1
16 48 5
16 18 4
16 86 1
16 70 11
16 24 17
16 12 3
16 83 3
16 37 7
16 36 11
16 47 4
16 98 3
16 33 3
16 76 3
16 74 13
16 41 7
16 10 15
16 45 5
16 71 9
16 0 7
16 82 1
16 7 17
16 64 6
16 2 2
16 95 8
16 67 1
16 75 15
16 80 2
16 89 7
16 35 4
16 51 0
16 58 15
16 27 8
16 40 3
16 90 15
16 46 4
16 72 1
16 91 5
16 17 16
16 38 16
16 22 9
16 94 11
16 63 0
16 84 14
16 34 14
16 49 18
16 87 0
16 39 12
16 85 8
16 53 6
16 26 7
16 1 5
16 50 15
17 3 3
17 77 7
17 14 12
17 96 7
17 92 14
17 46 13
17 87 13
17 23 12
17 58 17
17 83 2
17 88 11
17 20 6
17 28 13
17 76 16
17 16 16
17 82 12
17 70 4
17 32 3
17 73 16
17 18 5
17 63 17
17 5 7
17 81 6
17 41 14
17 85 6
17 31 2
17 43 13
17 51 6
17 38 13
17 4 6
17 95 13
17 53 17
17 68 12
17 78 0
17 8 16
17 90 2
17 9 4
17 45 12
17 10 1
17 44 9
17 15 9
17 55 6
17 61 12
17 89 2
17 0 6
17 7 18
17 19 12
17 26 7
17 94 17
17 97 18
17 80 18
17 64 9
17 34 16
17 35 14
17 56 4
17 27 11
17 25 0
17 6 5
17 37 9
17 40 18
17 2 13
17 52 5
17 84 11
17 67 2
17 65 8
17 91 2
17 66 17
17 74 14
17 22 16
17 42 8
17 30 12
17 71 17
17 50 9
17 75 0
17 47 12
17 69 12
17 39 16
17 1 18
17 13 12
17 86 5
17 36 5
17 33 16
17 11 1
17 54 7
17 79 1
17 29 7
17 72 10
17 21 10
17 49 0
17 12 8
17 24 6
17 57 15
17 62 15
18 37 4
18 85 11
18 25 15
18 56 17
18 49 17
18 0 15
18 9 8
18 43 11
18 80 7
18 95 10
18 39 10
18 52 16
18 24 6
18 41 13
18 46 11
18 11 18
18 51 15
18 30 6
18 57 0
18 19 6
18 61 18
18 23 18
18 96 4
18 47 9
18 35 17
18 90 7
18 73 9
18 74 11
18 58 2
18 53 12
18 64 16
18 6 3
18 32 13
18 50 16
18 68 10
18 48 8
18 72 5
18 14 7
18 5 2
18 98 4
19 97 16
19 55 5
19 65 2
19 75 11
19 62 16
19 22 5
19 96 7
19 40 10
19 6 1
19 87 7
19 11 5
19 98 12
19 43 9
19 30 9
19 68 8
19 95 1
19 71 12
19 80 10
19 16 9
19 89 1
19 54 12
19 3 8
19 66 9
19 27 0
19 4 11
19 51 9
19 7 18
19 81 6
19 73 13
19 57 17
19 48 18
19 5 8
19 61 10
19 47 13
19 82 4
19 90 3
19 32 1
19 41 5
19 83 9
19 76 9
19 72 5
19 49 9
19 77 18
19 15 15
19 1 6
19 64 1
19 28 3
19 63 2
19 18 15
19 42 4
19 85 8
19 93 5
19 78 9
19 45 17
19 31 2
19 53 17
19 25 0
19 10 14
19 67 14
19 33 10
19 70 17
19 2 3
19 91 0
19 36 7
19 35 4
19 60 16
19 14 9
19 56 14
19 12 13
19 86 16
19 50 14
19 92 1
19 44 17
19 13 12
19 79 9
19 17 0
19 34 5
19 21 14
19 26 4
19 59 3
19 84 16
19 46 8
19 52 11
19 38 17
19 20 12
19 39 1
19 8 0
19 88 17
19 24 8
19 0 15
20 12 1
20 17 6
20 88 6
20 55 8
20 63 18
20 54 12
20 13 12
20 57 8
20 2 3
20 59 17
20 84 15
20 18 5
20 34 12
20 38 6
20 33 14
20 80 18
20 66 12
20 97 16
20 48 14
20 16 18
20 11 11
20 82 8
20 31 11
20 6 12
20 29 14
20 52 2
20 93 17
20 51 15
20 89 8
20 58 13
20 22 7
20 26 18
20 7 3
20 19 16
20 70 12
20 94 1
21 10 5
21 5 3
21 11 6
21 1 10
21 61 6
21 72 1
21 78 12
21 58 15
21 76 3
21 12 11
21 66 18
21 55 5
21 30 8
21 24 10
21 63 11
21 16 2
21 26 18
21 92 16
21 37 5
21 79 10
21 80 1
21 44 4
21 65 16
21 29 14
22 10 16
22 33 18
22 80 17
22 75 15
22 64 8
22 49 4
22 89 17
22 69 5
22 1 4
22 74 12
22 35 15
22 67 4
22 62 9
22 48 3
22 5 6
22 28 17
22 59 2
22 0 14
23 82 15
23 50 17
23 94 4
23 1 3
23 31 4
23 38 4
23 40 14
23 4 9
23 11 7
23 78 12
23 88 14
23 27 2
23 39 9
23 55 2
23 10 14
23 71 0
23 42 9
23 29 15
23 2 8
23 69 2
23 85 14
23 0 13
23 32 18
23 92 16
23 58 9
23 83 9
23 22 18
23 13 3
23 80 17
23 30 10
23 76 0
23 74 14
23 73 1
23 45 18
23 96 18
23 8 4
23 35 1
23 16 18
23 24 17
23 63 15
23 54 4
23 75 9
23 12 15
23 21 13
23 49 5
23 91 1
23 53 13
23 34 4
23 81 18
23 5 8
23 7 15
23 97 10
23 41 13
23 59 16
23 93 7
23 56 10
23 33 1
23 48 13
24 72 11
24 50 2
24 54 13
24 88 16
24 82 5
24 60 18
24 70 4
24 20 13
24 64 17
24 90 4
24 40 12
24 55 12
24 1 17
24 62 3
24 59 10
24 91 17
24 75 5
24 89 2
24 22 13
24 2 8
24 10 9
24 3 1
24 46 2
24 44 13
25 59 7
25 95 14
25 43 0
25 67 5
25 73 14
25 35 0
25 17 2
25 98 2
25 65 13
25 53 6
25 11 18
25 84 15
25 57 11
25 68 4
25 88 12
25 6 8
25 18 12
25 46 14
25 22 11
25 82 16
25 29 17
25 89 8
25 79 13
25 51 0
25 77 1
25 39 0
25 75 7
25 3 12
25 96 16
25 58 17
25 26 1
25 90 9
25 34 1
25 91 13
25 2 7
25 66 8
25 10 11
25 7 17
25 1 11
25 55 9
25 44 3
25 47 13
25 63 18
25 83 14
25 80 7
25 13 0
25 28 2
25 21 17
25 0 0
25 40 7
25 15 2
25 71 3
25 48 17
25 49 14
25 52 15
25 5 6
25 86 7
25 61 9
25 97 1
25 54 6
25 56 14
25 74 11
25 93 15
25 24 2
25 20 18
25 33 1
25 85 11
25 27 1
25 94 2
25 45 16
25 36 0
25 62 14
25 19 10
25 78 3
25 69 18
25 4 2
25 14 0
25 41 2
25 32 4
25 8 8
25 70 17
25 12 17
25 81 6
25 87 14
25 31 9
25 38 14
25 72 11
25 76 16
25 50 7
25 9 2
26 71 2
26 7 13
26 28 18
26 31 10
26 80 12
26 84 15
26 22 13
26 34 15
26 55 0
26 13 4
26 21 5
26 59 2
26 73 7
26 53 16
26 15 1
27 79 2
27 55 3
27 80 15
27 0 15
27 36 12
27 64 11
27 95 8
27 38 0
27 20 0
27 74 7
27 86 12
27 69 1
27 41 11
27 9 6
27 25 9
27 53 4
27 5 17
27 63 11
27 87 14
27 93 16
27 6 14
27 37 11
27 77 2
27 44 7
27 7 0
28 87 4
28 4 5
28 11 16
28 10 10
28 45 7
28 35 13
28 66 3
28 40 11
28 29 2
28 47 13
28 25 3
28 95 4
28 93 2
28 52 15
28 44 16
28 86 3
28 59 11
28 91 14
28 94 8
28 88 11
28 5 7
28 74 1
28 19 1
28 0 7
28 84 8
28 51 4
28 9 1
28 16 15
28 68 1
28 97 3
28 30 4
28 69 1
28 23 15
28 26 13
28 81 8
28 33 9
28 54 13
28 43 2
28 12 5
28 50 13
28 31 10
28 70 5
28 98 18
28 62 15
28 24 15
28 37 12
28 27 14
28 34 6
28 82 13
28 78 15
28 22 13
28 60 2
28 6 12
28 63 2
28 38 1
28 46 10
28 76 18
28 36 10
28 17 5
28 92 18
28 65 2
28 41 12
28 13 18
28 2 6
28 67 8
28 21 11
28 15 16
28 96 13
28 53 13
28 72 1
28 71 4
28 58 11
29 2 3
29 63 13
29 33 2
29 10 17
29 88 15
29 67 3
29 95 15
29 3 14
29 71 7
29 37 9
29 87 16
29 61 8
29 21 14
29 64 8
29 45 5
29 85 14
29 9 2
29 14 17
29 34 15
29 51 1
29 79 17
29 77 5
29 12 6
29 25 16
29 52 11
29 81 16
29 94 16
29 93 11
29 16 13
29 32 5
29 53 0
29 8 13
29 5 0
29 13 16
29 68 16
29 57 15
29 11 2
29 4 11
29 27 1
29 17 13
29 55 5
29 70 6
29 72 18
29 65 18
29 73 15
29 28 4
29 7 5
29 92 11
29 26 6
29 20 15
29 49 14
29 40 8
29 0 16
29 19 0
29 76 4
29 22 13
29 60 8
29 41 12
29 56 18
29 1 10
29 35 2
29 83 17
29 23 7
29 50 11
29 6 7
29 39 2
29 96 12
29 30 6
29 18 18
29 48 2
29 86 8
29 38 11
29 97 4
29 54 16
29 75 17
29 98 18
29 15 15
29 47 6
29 74 1
30 19 3
30 17 3
30 74 7
30 18 8
30 32 6
30 46 17
30 34 5
30 43 12
30 97 4
30 20 9
30 50 7
30 83 8
30 31 17
30 75 13
30 35 4
30 67 15
30 91 7
30 76 10
30 58 14
30 92 9
30 59 14
30 87 15
30 93 13
30 16 11
30 23 17
30 2 15
30 14 12
30 96 2
30 27 17
30 44 9
30 42 14
30 72 6
30 90 14
30 10 8
30 40 15
30 64 12
30 56 16
30 94 10
30 11 13
30 48 11
30 57 2
30 12 3
30 1 10
30 88 17
30 55 0
30 21 13
30 3 15
30 85 5
31 74 2
31 92 2
31 54 1
31 87 16
31 67 1
31 69 11
31 40 5
31 47 14
31 44 2
31 36 6
31 85 15
31 98 16
31 28 7
31 76 10
31 27 2
31 66 6
31 2 9
31 3 12
31 11 18
31 72 2
31 96 8
31 88 8
31 95 11
31 93 14
31 75 14
31 52 2
31 26 13
31 20 4
31 68 16
31 18 0
31 60 15
31 91 16
31 39 2
31 82 7
31 90 9
31 7 11
31 43 6
31 17 0
31 23 10
31 42 5
31 45 13
31 19 11
31 37 13
31 22 5
31 25 8
31 56 6
31 65 18
31 89 6
31 38 14
31 34 3
31 15 4
31 59 2
31 16 7
31 46 14
31 97 4
31 86 1
31 10 9
31 51 2
31 9 12
31 62 7
31 12 2
31 14 9
31 5 17
31 13 15
31 41 0
31 63 10
31 57 0
31 32 3
31 24 0
31 78 3
32 24 9
32 64 9
32 21 16
32 55 14
32 14 15
32 79 15
32 62 18
32 50 12
32 47 5
32 75 11
32 56 14
32 77 14
32 3 7
32 66 12
32 85 9
32 0 0
32 76 17
32 8 4
32 74 13
32 18 4
32 36 9
32 40 5
32 67 14
32 61 6
32 88 17
32 26 4
32 13 9
32 46 18
32 28 5
32 86 13
32 48 4
32 83 6
32 57 18
32 2 17
33 8 9
33 16 10
33 96 11
33 45 7
33 44 17
33 69 16
33 6 16
33 97 13
33 26 8
33 48 16
33 81 1
33 5 16
33 87 4
33 19 4
33 38 8
33 64 18
33 37 18
33 21 5
33 27 6
33 15 8
33 54 14
33 76 6
33 88 0
33 41 15
33 59 13
33 53 8
33 55 1
33 90 11
33 47 11
33 32 13
33 14 6
33 4 16
33 79 8
33 68 12
33 63 4
33 94 1
33 46 3
33 91 4
33 80 5
33 50 6
33 7 15
33 30 8
33 83 8
33 73 0
33 18 4
33 43 8
33 58 13
33 86 15
33 25 2
33 31 17
33 49 1
33 85 11
33 40 8
33 92 15
33 36 10
33 13 11
33 39 3
33 29 8
33 66 6
33 77 11
33 0 14
33 89 17
33 98 1
33 1 13
33 52 10
33 95 6
33 72 5
33 57 10
34 14 3
34 75 17
34 81 17
34 83 14
34 22 15
34 23 14
34 1 11
34 69 18
34 9 13
34 29 6
34 13 18
34 78 12
34 28 8
34 0 17
34 45 4
34 48 0
34 73 18
34 46 8
34 17 9
34 98 15
34 59 8
34 11 13
34 32 9
34 25 14
34 82 17
34 2 18
34 20 9
34 44 16
34 52 7
34 70 17
34 8 0
34 24 0
34 74 18
34 6 13
34 30 7
34 88 8
34 54 11
34 84 15
34 95 10
34 71 2
34 27 15
34 51 4
34 80 6
34 4 10
34 77 13
34 38 15
34 56 15
34 42 18
34 94 1
34 58 6
34 79 12
34 31 3
34 76 11
34 86 4
34 96 18
34 39 17
34 47 3
34 19 8
35 72 13
35 86 0
35 57 14
35 58 13
35 40 17
35 48 12
35 0 0
35 12 12
35 78 13
35 2 0
35 8 15
35 79 11
35 88 4
35 74 10
35 41 10
35 33 11
35 50 8
35 7 15
35 19 2
35 39 10
35 93 18
35 23 1
35 25 14
35 54 15
35 32 14
35 47 16
35 13 10
35 63 2
35 95 8
35 49 1
35 87 12
35 20 0
35 10 12
35 52 13
35 64 12
35 29 3
35 26 13
35 98 8
35 18 7
35 46 6
35 76 12
35 1 14
35 5 9
35 38 15
35 3 5
35 96 16
35 4 3
35 83 6
35 53 13
35 43 16
35 81 1
35 16 16
35 6 12
35 60 16
35 77 5
35 66 3
35 24 6
35 71 16
35 70 12
35 36 18
35 28 10
35 80 1
35 67 9
35 91 11
35 9 18
35 89 4
35 14 17
35 73 15
35 68 3
35 45 11
35 92 1
35 85 8
35 75 15
35 62 13
35 15 11
35 94 15
35 69 9
35 90 10
35 65 7
35 21 17
35 22 10
35 27 5
35 34 14
35 82 9
35 51 0
35 44 10
35 97 1
35 31 12
35 11 16
35 17 16
35 55 15
35 59 10
36 10 14
36 15 7
36 52 4
36 62 6
36 24 6
36 71 12
36 47 11
36 13 17
36 75 4
36 32 10
36 87 18
36 80 8
36 70 5
36 65 11
36 0 7
36 45 9
36 6 11
36 78 4
36 69 17
36 90 17
36 98 5
36 4 8
36 86 2
36 31 9
36 46 5
36 14 15
36 34 4
36 42 11
36 43 12
36 26 8
36 79 15
36 64 6
36 84 15
36 21 11
36 35 9
36 51 6
36 74 16
36 1 18
36 92 1
36 5 16
36 28 9
36 53 5
36 12 11
36 48 16
36 23 9
36 27 18
36 17 12
36 3 8
36 77 10
36 82 3
36 11 10
37 19 14
37 64 12
37 73 9
37 88 4
37 61 16
37 56 7
37 75 14
37 29 15
37 5 10
37 0 16
37 35 15
37 84 12
37 77 16
37 26 12
37 51 18
37 43 2
37 18 13
37 33 14
37 1 1
37 8 5
37 13 9
37 34 0
37 40 9
37 32 17
37 21 7
37 85 13
37 83 7
38 20 3
38 35 4
38 28 12
38 87 17
38 37 18
38 47 2
38 45 5
38 83 8
38 27 10
38 8 13
38 81 17
38 19 10
38 72 0
38 18 8
38 14 15
38 41 2
38 62 10
38 93 9
38 11 9
38 61 2
38 71 0
38 80 0
38 36 12
38 68 12
38 57 15
38 29 3
38 69 4
38 13 8
38 67 16
38 22 4
38 65 2
38 75 17
38 44 8
38 3 11
38 21 10
38 25 4
38 9 2
38 63 3
38 4 2
38 98 11
38 40 15
38 52 7
38 1 11
38 76 14
38 59 2
38 73 4
38 95 15
38 58 16
38 82 16
38 42 6
38 92 13
38 31 11
38 97 17
38 51 1
38 48 9
38 7 3
38 78 11
38 5 17
38 56 9
38 33 15
38 39 15
38 10 18
38 16 17
38 70 7
38 43 8
38 15 14
38 88 12
38 77 7
38 96 10
38 12 8
38 6 2
39 63 14
39 11 2
39 25 18
39 12 14
39 15 15
39 72 15
39 26 8
39 93 5
39 36 15
39 87 8
39 56 9
39 1 4
39 80 5
39 92 2
39 54 2
39 59 6
39 98 7
39 91 5
39 66 9
39 78 7
39 31 3
39 74 12
39 29 0
39 83 2
39 57 2
39 0 13
39 18 14
39 55 15
39 58 14
39 35 13
39 94 10
39 22 7
39 46 4
39 73 0
39 53 1
39 95 16
39 44 3
39 6 17
39 71 4
39 34 0
39 14 14
39 50 7
39 3 15
39 41 13
39 70 1
39 69 3
39 21 4
39 32 9
39 90 4
39 19 18
39 17 1
39 48 1
39 51 9
39 49 13
39 23 9
39 96 13
39 5 9
39 30 13
39 43 12
39 60 13
39 9 9
39 8 18
39 81 9
39 76 12
39 62 12
39 13 16
39 4 2
39 97 8
39 68 0
39 10 3
39 64 5
39 2 0
39 61 3
39 89 10
39 84 5
39 82 4
39 67 8
39 38 1
39 79 11
39 88 17
39 20 16
39 7 5
39 40 5
39 28 12
39 42 0
39 52 12
39 85 1
39 65 0
39 16 7
39 77 12
39 47 12
40 16 0
40 75 17
40 59 18
40 60 17
40 1 8
40 26 12
40 2 17
40 8 18
40 52 6
40 78 15
40 4 8
40 66 12
40 41 3
40 79 11
40 15 15
40 61 3
40 94 11
40 37 8
40 21 17
40 34 17
40 10 6
40 42 5
40 84 8
40 50 4
40 18 9
40 72 13
40 31 11
40 28 8
40 63 15
40 30 16
40 69 17
40 97 17
40 80 9
40 46 18
40 29 2
40 7 17
40 9 3
40 65 16
40 48 7
40 49 5
40 87 16
40 33 17
40 12 2
40 47 8
40 54 7
40 64 17
40 6 1
40 81 8
40 23 1
40 51 16
40 39 11
40 86 18
40 92 11
40 58 0
40 67 15
40 83 3
40 43 10
40 73 4
40 68 2
40 98 6
40 57 12
40 76 1
40 71 9
40 35 17
40 96 3
40 24 12
40 17 1
40 56 2
40 27 16
40 25 11
40 14 4
40 85 4
40 88 12
40 44 14
40 11 1
40 82 15
40 55 1
40 0 15
40 32 13
40 93 13
40 89 13
40 3 2
40 13 5
40 95 7
40 19 12
40 22 1
40 91 6
40 38 1
40 45 6
40 53 11
40 74 4
40 36 3
40 62 16
40 20 1
40 5 1
41 16 10
42 0 13
42 71 7
42 81 16
42 6 3
42 98 9
42 29 18
42 55 7
42 22 5
42 31 14
42 14 14
42 95 16
42 87 0
42 72 15
42 44 18
42 35 14
42 63 0
42 90 15
42 7 10
42 76 9
42 16 16
42 32 10
42 4 4
42 88 5
42 86 13
42 52 18
42 91 3
42 83 13
42 56 12
42 58 18
42 74 6
42 15 3
42 28 11
42 33 6
42 73 1
42 45 11
42 92 13
42 5 10
42 11 3
42 69 0
42 24 4
42 47 17
42 19 17
42 54 7
42 65 18
42 50 13
42 20 2
42 3 10
42 82 8
42 21 4
42 26 4
43 13 15
43 33 15
43 37 2
43 64 10
43 0 1
43 24 7
43 15 17
43 8 12
43 46 18
43 35 8
43 2 8
43 74 4
43 12 8
43 39 3
43 91 8
43 89 12
43 19 16
43 66 12
43 67 12
43 18 6
43 82 3
43 6 12
43 57 5
43 27 9
44 95 18
44 2 5
44 38 5
44 72 15
44 39 9
44 29 16
44 82 2
44 61 10
44 21 12
44 11 0
44 88 0
44 22 9
44 45 12
44 34 1
44 47 5
44 14 14
44 96 0
44 66 17
44 0 1
44 54 15
44 18 7
44 46 16
44 43 5
44 10 6
44 48 13
44 67 15
44 91 7
44 16 18
44 33 11
44 94 5
44 36 14
44 78 12
44 50 0
44 68 17
44 1 3
44 55 0
44 58 8
44 75 6
44 57 10
44 90 2
44 53 5
44 65 4
44 12 12
44 24 4
44 87 13
44 73 7
44 98 13
44 28 7
44 93 9
44 40 9
44 81 15
44 42 15
44 7 18
44 63 1
44 30 6
44 62 7
44 92 8
44 25 16
44 37 14
44 84 17
44 60 3
44 20 0
44 5 11
44 59 2
44 76 16
44 23 5
44 79 1
44 97 11
44 64 6
44 27 17
44 26 4
44 80 14
45 7 12
45 43 12
45 65 6
45 33 6
45 25 12
45 80 15
45 13 2
45 18 7
45 87 17
45 41 1
45 78 5
45 30 6
45 85 17
45 90 1
45 14 8
45 62 6
45 16 5
45 49 9
45 54 0
45 28 5
45 21 11
45 39 2
45 66 18
45 58 18
45 20 10
45 69 12
45 75 12
45 52 16
45 24 12
45 76 6
45 95 0
45 92 1
45 3 13
45 82 0
45 1 0
45 19 3
45 32 9
45 23 1
45 63 11
45 50 13
45 53 0
45 71 17
45 88 12
45 96 1
46 76 18
46 22 4
46 79 7
46 97 10
46 3 9
46 44 10
46 91 8
46 10 0
46 7 18
46 25 8
46 41 5
46 88 6
46 64 15
46 17 17
46 61 1
46 14 9
46 16 14
46 63 7
46 72 8
46 54 3
46 24 7
46 58 6
46 5 11
46 40 17
46 13 17
46 57 16
46 6 0
46 73 13
46 55 16
46 49 8
47 6 17
47 13 4
47 70 14
47 81 11
47 2 6
47 78 9
47 86 17
47 89 18
47 5 17
47 96 11
47 97 18
47 62 5
47 4 15
47 94 12
48 3 16
48 28 3
48 90 18
48 42 5
48 29 15
48 46 11
48 54 12
48 93 5
48 10 15
48 62 1
48 24 3
48 2 18
48 98 4
48 71 14
48 81 7
48 37 2
48 61 13
48 18 15
48 36 9
48 7 8
48 9 17
48 67 2
48 16 10
48 85 12
48 1 14
48 49 4
48 11 0
48 51 10
48 78 18
48 65 3
48 80 6
48 66 3
48 8 4
48 75 7
48 30 13
48 6 16
48 21 18
48 57 18
48 31 1
48 52 4
48 15 14
48 70 6
48 19 2
48 26 4
48 94 17
48 43 15
48 35 6
48 22 4
48 96 7
48 55 6
48 95 10
48 88 2
48 73 12
48 25 17
48 32 12
48 68 8
48 47 4
48 76 16
48 0 3
48 33 6
48 20 16
48 86 18
48 87 10
48 45 6
48 97 14
49 22 6
49 82 18
49 89 16
49 25 16
49 64 17
49 34 2
49 93 6
49 88 18
49 45 4
49 51 8
49 58 17
49 62 9
49 24 6
49 92 11
49 32 17
49 84 9
49 15 0
49 78 4
49 40 11
49 6 9
49 38 14
49 1 13
49 50 18
49 46 16
49 97 14
49 87 2
49 68 1
49 83 18
49 12 16
49 0 11
49 23 8
49 48 10
49 54 10
49 43 10
49 13 14
49 47 13
49 35 5
49 3 18
49 39 17
49 73 18
49 67 16
49 63 18
49 55 3
49 66 16
49 60 1
49 52 15
49 7 5
49 71 3
49 11 1
49 8 15
49 90 13
49 20 11
49 31 7
49 98 3
49 56 14
49 94 18
49 53 16
49 70 18
49 21 1
49 75 4
49 28 13
49 81 11
49 74 9
49 19 7
49 41 0
49 57 8
49 26 7
49 4 12
49 69 2
49 37 17
49 85 11
49 27 17
49 96 9
50 57 2
50 53 7
50 70 14
50 51 1
50 14 2
50 38 12
50 25 11
50 11 10
50 92 7
50 13 17
50 71 0
50 48 3
50 68 5
50 49 0
50 19 5
50 78 14
50 66 15
50 62 9
50 1 7
50 63 8
50 41 3
50 52 6
50 31 18
50 79 6
50 23 8
50 89 0
50 29 6
50 24 15
50 34 6
50 54 16
50 0 3
50 3 3
50 2 3
50 96 12
50 35 7
50 44 12
50 26 13
50 39 3
50 69 0
50 77 10
50 28 16
50 98 11
50 6 10
50 93 6
50 86 2
50 64 7
50 83 9
50 90 16
50 95 12
50 87 15
50 60 14
50 75 18
50 88 16
50 59 7
50 12 15
50 9 18
50 16 12
50 67 2
50 42 8
50 18 11
50 81 4
50 27 18
50 17 12
50 55 7
50 22 13
50 15 2
50 97 13
50 4 8
50 45 14
50 20 18
50 58 18
50 91 9
50 36 6
50 43 10
50 82 10
50 94 3
50 74 10
50 47 13
50 61 7
50 80 0
50 73 17
50 40 7
50 30 3
50 5 16
50 85 8
50 21 9
50 33 1
51 95 8
51 54 2
51 77 1
51 56 10
51 94 0
51 53 9
51 52 10
51 32 10
51 84 2
51 4 10
51 19 10
51 57 1
51 18 11
51 30 6
51 86 0
51 59 8
51 1 7
51 27 1
51 9 14
51 17 6
51 67 7
51 79 6
51 91 3
51 33 15
51 15 18
51 31 2
51 35 10
51 61 5
51 83 7
51 29 7
51 16 16
51 13 12
51 93 9
51 96 5
51 37 1
51 88 16
51 42 14
51 3 6
51 38 15
51 28 2
51 63 1
51 39 9
51 65 14
51 75 5
51 10 8
51 98 12
51 48 3
51 85 16
51 78 9
51 76 17
51 58 6
51 43 11
51 7 8
51 46 17
51 47 7
51 71 9
51 72 9
51 2 7
51 68 14
51 60 13
51 73 1
51 64 14
51 44 7
51 89 16
51 21 17
51 69 18
51 92 14
51 34 10
51 81 18
51 0 10
51 24 11
51 11 0
51 6 17
51 14 1
51 80 8
51 36 2
51 22 18
51 25 8
51 87 18
51 41 2
51 90 8
51 26 14
51 8 7
51 50 8
51 23 8
51 55 8
51 49 9
51 97 6
51 82 15
51 40 6
51 5 2
51 45 7
51 66 7
51 12 15
51 20 11
51 70 2
52 73 12
52 3 15
52 67 11
52 47 6
52 49 13
52 74 12
52 54 13
52 53 12
52 70 13
52 92 11
52 56 3
52 83 10
52 30 5
52 89 14
52 45 12
52 8 9
52 46 6
52 1 16
52 86 17
52 43 9
52 40 7
52 32 3
52 37 5
52 88 9
52 15 7
52 19 6
52 64 3
52 98 12
52 75 11
52 6 9
52 97 0
52 85 16
52 79 6
52 57 13
52 38 14
52 16 4
52 13 7
52 76 16
52 93 7
52 90 17
52 29 8
52 26 8
52 9 3
53 31 15
53 75 4
53 54 6
53 61 5
53 80 12
53 52 17
53 2 9
53 68 11
53 82 8
53 3 4
53 46 4
53 37 14
53 50 16
53 8 17
53 98 17
53 12 5
53 88 10
53 87 7
54 19 15
54 70 2
54 22 8
54 18 1
54 44 0
54 66 14
54 74 1
54 47 7
54 73 4
54 2 7
54 16 4
54 93 4
54 30 1
54 41 5
54 57 11
54 8 9
54 46 17
54 88 18
54 33 1
54 55 10
54 89 0
54 69 12
54 94 11
54 45 9
54 91 8
54 52 13
54 25 14
54 15 0
54 4 0
54 37 16
54 11 0
54 48 3
54 63 8
54 13 7
54 97 5
54 92 17
54 79 10
54 60 6
54 50 2
54 58 2
54 98 4
54 36 17
54 75 3
54 56 14
54 77 7
54 61 13
54 26 14
54 85 6
54 76 12
54 24 2
54 84 5
54 68 10
54 1 7
54 7 6
54 34 1
54 38 9
54 12 6
54 9 17
54 20 6
54 32 12
54 14 6
54 81 18
54 35 11
54 43 9
54 51 16
54 78 16
54 62 11
54 0 3
54 3 15
54 49 15
54 27 17
54 10 15
55 2 12
55 60 18
55 93 2
55 41 10
55 91 17
55 66 3
55 15 14
55 84 1
55 33 0
55 36 13
55 92 8
55 59 3
55 23 18
55 82 0
55 80 6
55 63 4
55 12 5
55 77 7
55 46 4
55 68 4
55 98 6
55 79 2
55 9 6
55 57 15
55 54 5
55 53 17
55 62 9
55 39 18
55 32 5
55 72 16
55 5 8
55 94 17
55 95 18
55 52 16
55 7 14
55 10 14
55 86 11
55 34 8
55 18 18
55 58 5
55 27 9
55 4 12
55 47 0
55 56 14
55 89 9
55 76 14
55 19 4
57 11 15
57 36 9
57 2 18
57 79 8
57 16 11
57 13 13
57 91 8
57 26 10
57 82 13
57 66 0
57 89 9
57 48 1
57 28 7
57 14 7
57 62 10
57 94 9
57 83 15
57 71 9
57 92 2
57 30 2
57 64 18
57 15 14
57 80 7
57 40 11
57 47 16
57 19 9
57 60 5
57 73 8
57 77 10
57 98 14
57 59 13
57 31 3
57 23 9
57 81 18
57 22 18
57 39 12
57 95 1
57 8 3
57 84 8
57 1 1
57 12 1
57 34 5
57 51 1
57 55 15
57 96 7
57 3 8
57 88 16
57 58 16
57 85 9
58 24 14
58 20 11
58 13 15
58 10 18
58 5 11
58 47 17
58 91 5
58 57 5
58 70 7
58 61 13
58 66 3
58 55 18
58 92 5
58 6 11
59 52 9
59 70 0
59 57 15
59 74 8
59 49 15
59 50 3
59 58 8
59 8 16
59 51 0
59 15 1
59 16 3
59 2 13
59 80 10
59 26 6
59 9 18
59 78 17
59 30 17
59 96 16
59 56 17
59 38 4
59 71 12
59 60 14
59 67 18
59 65 11
59 55 7
59 41 14
59 43 12
59 73 13
59 93 0
59 62 0
59 90 11
59 28 10
59 44 14
59 45 15
59 31 6
59 39 4
59 22 3
59 66 18
59 18 11
59 6 6
59 17 18
59 14 2
59 91 3
59 79 1
59 76 15
59 54 1
59 46 14
59 64 7
59 95 18
59 86 17
59 48 6
59 94 13
59 63 11
59 84 6
59 34 0
59 23 2
59 47 14
59 97 0
59 72 7
59 3 9
59 29 6
59 42 4
59 13 5
59 4 17
59 25 10
59 98 10
60 7 1
60 5 0
60 9 2
60 38 4
60 62 3
60 96 14
60 24 0
60 6 11
60 42 6
60 46 12
60 11 9
60 16 7
60 67 7
60 65 0
60 75 1
60 48 18
60 14 4
60 79 10
60 94 16
60 33 14
60 89 8
60 54 12
60 68 8
60 56 15
60 18 13
60 27 2
60 52 15
60 74 15
60 58 8
60 45 1
60 15 11
60 36 16
60 22 13
60 43 6
60 77 5
60 35 13
60 40 12
60 87 4
60 12 3
60 4 9
60 47 3
60 90 17
60 71 2
60 19 0
60 32 11
60 1 1
60 8 14
60 25 7
60 31 1
60 61 18
60 70 7
60 78 3
60 28 14
60 29 15
60 53 10
60 55 1
60 81 3
60 0 18
60 69 9
60 13 15
60 80 14
60 51 18
60 34 4
60 26 18
60 95 5
60 63 3
60 17 18
60 86 2
60 41 18
60 10 7
61 37 3
61 10 18
61 4 15
61 53 0
61 67 0
61 70 4
61 14 1
61 80 18
61 64 5
61 6 2
61 24 6
61 98 8
61 63 12
61 19 5
61 93 13
61 1 6
61 25 10
61 74 13
61 77 6
61 85 8
61 12 5
61 16 18
61 34 13
61 78 10
61 21 15
61 26 9
61 27 9
61 92 9
61 71 4
61 79 0
61 88 16
61 56 14
61 48 14
61 20 14
61 22 16
61 0 8
61 72 5
61 89 12
61 31 9
61 28 8
61 47 9
61 73 18
61 65 11
61 59 11
61 41 0
61 51 17
61 52 6
61 60 11
61 54 15
61 81 11
61 84 11
61 44 12
61 96 12
61 66 9
61 17 15
61 3 7
62 65 11
62 81 3
62 64 1
62 96 10
62 16 14
62 89 0
62 80 5
62 51 0
62 75 13
62 5 0
62 25 9
62 48 12
62 52 15
62 3 10
62 47 18
62 56 6
62 11 12
62 2 1
62 24 14
62 54 4
62 98 6
62 35 12
62 79 0
62 67 17
62 73 18
62 50 2
62 41 9
62 32 16
62 69 14
62 31 15
62 93 12
62 49 4
62 58 17
62 72 17
62 14 16
62 39 5
62 61 18
62 20 7
62 21 11
62 84 7
62 91 2
62 6 5
63 18 12
63 19 3
63 56 11
63 13 8
63 83 8
63 70 11
63 47 14
63 89 18
63 60 13
63 98 17
63 52 4
63 16 1
63 90 13
63 71 15
63 59 13
63 23 7
63 29 7
63 28 10
63 9 1
63 94 9
63 17 17
63 8 3
63 91 12
63 22 4
63 4 2
63 14 15
63 73 17
63 78 16
63 36 0
63 53 6
63 1 2
63 31 4
64 4 10
64 29 13
64 17 7
64 23 12
64 1 8
64 9 15
64 68 8
64 32 4
64 60 1
64 89 14
64 26 10
64 40 7
64 13 3
64 15 5
64 93 4
64 24 0
64 96 2
64 8 13
64 19 8
64 88 12
64 72 0
64 31 6
64 47 12
64 74 17
64 84 6
64 28 3
64 63 15
64 46 15
65 36 8
65 95 12
65 67 0
65 12 2
65 93 12
65 96 10
65 9 5
65 60 15
65 8 3
65 79 16
65 85 0
65 92 2
65 38 4
65 16 9
65 6 7
65 94 11
65 28 2
66 5 8
66 34 0
66 2 10
66 21 0
66 72 4
66 58 15
66 37 18
66 77 18
66 43 16
66 9 6
66 73 16
66 3 3
66 63 2
66 96 1
66 0 2
66 54 13
66 44 5
66 16 15
66 6 3
66 89 13
66 87 18
66 67 18
66 95 6
66 25 12
66 93 16
66 42 3
66 23 4
66 97 14
66 40 6
66 64 4
66 15 3
66 1 4
66 53 5
66 74 4
66 4 11
66 55 0
66 49 4
66 57 8
66 79 16
66 69 6
66 84 9
66 39 15
66 35 0
66 62 7
66 48 6
66 88 17
66 68 10
66 11 2
66 45 14
66 46 4
66 31 4
66 50 1
66 70 13
66 65 6
67 44 2
67 91 2
67 52 18
67 18 1
67 79 1
67 8 18
67 47 7
67 2 12
67 19 8
67 88 3
67 26 8
67 11 12
67 24 10
67 23 6
67 77 17
67 33 15
67 31 2
67 43 14
67 39 6
67 21 10
67 72 16
67 3 12
67 27 3
67 17 11
67 12 13
67 5 12
67 95 1
67 65 12
67 0 15
68 19 15
68 38 2
68 94 5
68 90 13
68 59 0
68 69 16
68 28 16
68 25 11
68 4 12
68 27 1
68 3 18
68 5 8
68 49 2
68 23 7
68 16 9
68 46 2
68 33 5
68 81 7
68 42 9
68 32 12
68 56 17
68 54 12
68 12 10
68 92 7
68 71 10
68 11 16
68 77 10
68 62 13
68 9 12
68 79 5
68 64 15
68 67 11
68 87 6
68 6 18
68 40 10
68 96 6
68 55 6
68 51 16
68 66 1
68 7 2
68 78 8
68 36 13
68 84 3
68 45 10
68 65 2
68 8 12
68 72 5
68 30 2
68 15 4
68 53 5
68 2 15
68 95 11
68 91 18
68 0 16
68 76 3
68 29 8
68 86 17
68 20 17
68 70 13
68 1 5
68 37 5
68 14 7
68 61 8
68 83 7
68 88 9
68 93 11
68 10 13
68 63 15
68 80 5
68 35 9
68 39 9
68 44 2
68 57 1
68 73 14
69 95 2
69 80 4
69 43 16
69 1 16
69 9 18
69 12 5
69 7 15
69 45 0
69 83 9
69 90 9
69 49 8
69 66 6
69 73 11
69 44 6
69 82 8
69 17 15
69 74 14
69 58 4
69 52 7
69 13 17
69 76 8
69 88 18
69 98 0
69 2 8
69 79 17
69 14 14
69 35 12
69 67 9
69 6 17
69 48 7
69 94 7
69 81 14
69 36 6
69 55 9
69 24 1
69 84 11
70 86 11
70 28 16
70 81 9
70 89 16
70 45 2
70 84 8
70 94 8
70 71 0
70 72 11
70 53 11
70 34 14
70 93 4
70 74 15
70 11 3
70 58 1
70 24 18
70 43 1
70 96 8
70 15 2
70 32 9
70 61 5
70 40 11
70 48 6
70 66 13
70 6 6
70 50 6
70 69 12
70 85 12
70 64 2
70 22 8
70 39 18
71 46 3
71 56 9
71 0 10
71 95 12
71 28 15
71 61 2
71 31 10
71 62 4
71 18 14
71 8 1
71 49 17
71 44 7
71 76 0
71 21 5
71 73 11
71 86 4
71 10 15
71 83 15
71 2 1
71 85 16
71 72 14
71 37 9
71 80 11
71 15 1
71 69 1
71 91 9
71 14 8
71 33 18
71 13 11
71 24 9
71 43 6
71 47 2
71 64 14
71 42 0
71 3 17
71 79 13
71 58 12
71 88 17
71 40 15
71 45 17
71 59 8
72 83 17
72 7 6
72 69 14
72 90 17
72 81 10
72 76 7
72 57 10
72 39 11
72 89 9
72 13 15
72 80 1
72 28 18
72 17 14
72 91 15
72 98 1
72 58 8
72 18 8
72 65 7
72 12 2
72 45 13
72 52 13
72 61 4
72 4 17
72 84 1
72 19 12
72 73 4
72 60 0
72 46 4
72 37 12
72 36 14
72 30 4
72 22 8
72 92 3
72 42 13
72 33 17
72 47 4
72 71 12
72 55 12
72 26 18
72 5 13
72 94 16
72 15 16
72 23 7
72 25 13
72 88 14
72 32 5
72 43 14
72 20 7
72 70 3
72 38 17
72 14 6
72 82 3
72 93 18
72 87 12
72 29 16
72 63 1
72 68 12
72 50 16
72 96 9
72 35 14
72 24 15
72 40 13
72 41 12
72 85 11
72 34 13
72 97 18
72 74 5
72 67 17
72 66 15
72 16 7
72 48 9
72 11 1
72 1 7
72 44 14
72 21 2
72 6 17
72 86 18
72 64 18
72 59 6
72 27 2
72 75 3
72 10 15
72 62 14
72 54 3
72 79 15
72 2 13
72 95 8
72 0 3
72 77 13
72 78 5
72 3 13
72 56 13
72 9 11
72 53 7
72 31 13
72 8 9
72 49 7
72 51 3
73 25 17
73 23 3
73 14 8
73 97 3
73 57 6
73 27 9
73 87 11
73 10 10
73 85 5
73 69 8
73 93 16
73 70 16
73 89 3
73 46 14
73 92 11
73 91 15
73 40 13
73 96 17
73 98 4
73 6 12
73 39 15
73 28 8
73 75 1
73 15 17
73 2 15
73 43 2
73 74 8
73 55 0
73 8 3
73 5 14
73 48 17
73 20 1
73 30 15
73 38 15
73 34 0
73 42 6
73 65 0
74 97 12
74 60 0
74 82 0
74 50 12
74 5 0
74 75 2
74 52 1
74 67 5
74 71 1
74 73 6
74 4 13
74 96 16
74 24 15
74 83 5
74 55 16
74 35 18
74 58 4
74 98 5
74 59 12
74 42 16
74 69 8
74 70 7
74 65 10
74 90 5
74 61 4
74 88 10
74 87 13
74 80 12
74 47 9
74 81 15
74 86 9
74 25 9
74 92 6
74 10 13
74 77 15
74 93 11
74 29 18
74 63 2
74 94 10
74 49 7
74 95 16
74 20 10
74 19 8
74 3 13
74 41 18
74 9 7
74 7 9
74 57 4
74 91 0
74 40 6
74 31 18
74 15 10
74 84 4
74 34 11
74 72 12
74 53 4
74 2 11
74 33 1
74 36 6
74 76 6
74 85 0
74 54 4
74 44 12
74 66 4
74 39 2
74 27 12
74 38 5
74 30 6
74 28 9
74 26 4
74 18 8
74 12 16
74 48 12
74 21 9
74 22 15
74 1 4
74 16 5
74 6 8
74 14 5
75 93 1
75 21 5
75 4 8
75 46 18
75 84 16
75 15 14
75 43 3
75 5 4
75 0 16
75 6 5
75 95 6
75 58 3
75 90 4
75 71 12
75 67 14
75 42 17
75 64 14
75 92 6
75 29 16
75 56 7
75 7 9
75 22 8
75 24 7
75 3 4
75 88 15
75 91 15
75 57 7
75 10 11
75 23 18
75 14 16
75 2 15
75 85 16
75 63 7
75 52 0
75 9 15
75 30 10
75 66 2
75 70 3
75 81 11
75 97 17
75 89 4
75 41 12
75 74 14
75 73 13
75 8 5
75 25 16
75 82 7
75 13 12
76 34 9
76 94 16
76 61 8
76 18 4
76 90 10
76 95 16
76 51 14
76 96 15
76 78 4
76 74 17
76 24 5
76 67 4
76 1 1
76 86 1
76 6 5
76 14 10
76 30 17
76 68 12
76 71 13
76 5 1
76 25 0
76 36 5
76 7 16
76 55 14
76 48 6
76 83 2
76 49 2
76 46 9
76 69 16
76 27 14
76 57 4
76 38 9
76 82 2
76 97 12
76 40 7
76 65 18
76 60 5
76 35 4
76 39 13
76 28 15
76 70 17
76 42 13
76 23 17
76 66 4
76 72 14
76 43 6
76 11 9
76 2 0
76 16 0
76 12 0
76 54 10
76 75 10
76 80 12
76 32 14
76 26 2
76 64 11
76 93 8
76 92 0
76 22 1
76 91 13
76 52 5
76 9 14
76 59 10
76 31 4
76 29 18
76 15 5
76 63 16
76 58 16
76 53 3
76 62 4
76 17 11
76 56 12
76 21 0
76 88 11
76 45 7
76 8 17
76 98 2
76 89 7
76 79 7
76 84 12
76 37 14
76 0 9
77 86 9
77 72 3
77 92 5
77 14 12
77 70 16
77 24 3
77 78 12
77 46 9
77 94 13
77 60 9
77 21 12
78 34 8
78 18 14
78 73 6
78 1 11
78 91 12
78 27 5
78 4 3
78 51 15
78 45 10
78 12 17
78 44 16
78 93 16
78 71 10
78 10 14
78 7 10
78 20 18
78 90 7
78 42 16
78 85 5
78 23 15
78 13 2
78 74 11
78 15 15
78 55 8
78 86 17
78 46 18
78 28 3
78 43 1
78 17 16
78 66 0
78 84 3
78 2 10
78 39 10
78 9 16
78 31 2
78 61 11
78 63 6
78 14 17
78 92 15
78 16 12
78 88 9
78 52 15
78 11 8
78 97 12
78 35 8
79 90 0
79 45 9
79 30 15
79 80 16
79 46 15
79 92 5
79 29 9
79 31 13
79 34 18
79 42 12
79 95 3
79 51 7
79 11 10
79 83 5
79 27 18
79 7 11
79 84 10
79 9 4
79 97 4
79 65 6
79 56 16
79 37 2
79 40 15
79 73 14
79 48 14
79 62 4
79 17 4
79 36 13
79 60 1
79 89 5
79 26 5
79 33 5
79 32 18
79 76 13
79 41 18
79 3 9
79 81 1
79 1 12
79 0 16
79 2 18
79 5 1
79 14 2
79 20 3
79 67 2
79 94 11
79 13 7
79 70 13
79 15 5
79 72 13
79 66 5
79 63 10
79 68 9
79 85 11
79 21 12
79 91 12
79 52 10
79 22 4
79 39 15
79 82 17
79 6 5
79 59 1
79 57 2
79 69 4
79 87 1
79 86 16
79 88 18
79 78 15
79 8 2
79 74 2
79 24 7
79 50 1
79 49 13
79 10 12
79 53 15
79 61 1
79 19 13
79 55 16
79 18 9
80 68 15
80 91 16
80 4 11
80 97 3
80 54 15
80 60 12
80 41 3
80 83 4
80 23 8
80 94 16
80 25 15
80 36 0
80 29 17
80 30 10
80 44 0
80 2 9
80 45 11
80 46 18
80 17 13
80 31 4
80 3 14
80 89 2
80 59 7
80 71 7
80 63 14
80 70 10
80 58 5
80 84 6
80 57 0
80 82 12
80 90 12
80 13 6
80 87 7
80 42 6
80 33 0
80 20 13
80 81 7
80 38 0
80 11 3
80 9 15
80 43 2
80 61 7
80 5 2
80 32 8
80 1 7
80 21 13
80 79 2
80 75 13
80 40 14
80 86 1
80 73 10
80 14 2
80 55 17
80 26 4
80 78 18
80 92 7
80 56 10
80 37 1
80 15 7
81 50 13
81 96 7
81 20 8
81 52 4
81 31 15
81 6 6
81 41 1
81 67 10
81 68 5
81 76 3
81 57 4
81 65 4
81 89 7
81 10 7
81 30 11
81 27 17
81 11 0
81 54 2
81 48 15
81 47 11
81 36 2
81 16 4
81 5 9
81 40 0
81 70 15
81 46 3
81 63 10
81 3 11
81 49 6
81 78 14
81 80 12
81 42 9
81 33 5
81 92 1
81 79 16
81 71 10
82 50 7
82 1 14
82 87 1
82 84 5
82 41 11
82 94 13
82 23 15
82 92 13
82 78 5
82 26 12
82 11 8
82 90 8
82 21 5
82 61 10
82 18 12
82 58 1
82 49 13
82 32 11
82 63 3
82 47 10
82 7 2
82 20 18
82 73 7
82 45 12
82 24 18
82 64 16
82 83 9
82 51 9
82 79 6
82 88 13
82 89 10
82 22 17
82 48 11
82 28 15
82 14 2
82 74 8
82 59 16
82 97 1
82 9 5
82 37 14
82 38 0
82 27 15
82 54 17
82 72 15
83 81 15
83 64 6
83 71 0
83 24 16
83 21 6
83 53 2
83 3 9
83 58 0
83 66 15
83 25 4
83 65 2
83 14 10
83 70 0
83 90 8
83 18 13
83 91 3
83 72 5
83 31 13
83 17 12
83 95 18
83 49 14
83 84 4
83 8 7
83 61 9
83 40 5
83 76 5
84 71 7
84 32 17
84 28 18
84 17 16
84 61 15
84 2 10
84 3 9
84 11 8
84 94 14
84 80 6
84 62 16
84 90 0
84 50 18
84 87 9
84 6 8
84 30 5
84 88 18
84 43 17
84 1 5
84 22 4
84 75 16
84 26 0
85 91 2
85 3 14
85 60 14
85 57 18
85 26 11
85 40 0
85 17 14
85 59 0
85 42 14
85 8 15
85 70 17
85 75 17
85 74 6
85 84 8
85 97 12
85 73 11
85 14 7
85 29 7
85 15 14
85 33 12
85 63 13
85 45 16
85 56 11
85 87 10
85 34 7
85 39 7
85 86 14
85 18 4
85 9 12
85 81 5
85 82 9
85 69 12
85 6 7
85 46 11
85 79 8
85 48 14
85 52 14
85 12 8
85 78 12
85 37 4
85 61 10
85 77 6
85 50 9
85 35 10
85 54 17
85 1 18
85 4 7
85 27 2
85 98 1
85 67 8
85 89 0
85 2 1
85 71 13
85 36 10
85 31 1
85 95 16
85 21 10
85 28 13
85 55 13
85 92 15
85 38 1
85 58 14
85 19 2
85 30 1
85 51 11
85 44 0
85 24 18
85 25 11
85 22 16
85 32 12
86 6 2
86 94 11
86 60 13
86 14 1
86 45 3
86 71 13
86 48 7
86 80 9
86 43 7
86 41 4
86 79 15
86 95 5
86 1 3
86 89 14
86 3 18
86 39 1
86 97 14
86 57 16
86 23 14
86 8 11
86 11 17
86 84 14
86 38 9
86 72 1
86 12 14
86 67 11
86 40 12
86 47 8
86 24 16
86 66 16
86 90 16
86 78 16
86 81 15
86 9 9
86 91 17
86 17 14
86 61 13
86 25 17
86 16 9
86 70 15
86 56 9
86 69 4
86 29 6
86 7 5
86 37 13
86 75 5
86 32 9
86 22 6
86 59 10
86 51 15
86 87 4
86 52 12
87 29 1
87 61 5
87 43 14
87 48 13
87 5 13
87 90 15
87 68 17
87 12 4
87 40 11
87 46 1
87 70 4
87 89 5
87 62 12
87 97 12
87 16 2
87 0 5
87 28 13
87 19 10
87 83 9
87 15 14
87 72 9
87 39 18
87 86 18
87 54 15
87 67 4
87 95 14
87 17 15
87 71 8
87 30 6
87 36 3
87 47 5
87 6 10
87 76 13
87 92 3
87 33 18
87 66 18
87 31 8
87 93 3
87 14 13
87 23 5
87 11 5
87 74 10
87 7 5
87 82 5
87 73 6
87 44 1
87 57 2
87 21 18
87 22 9
87 56 7
87 27 9
87 69 15
87 1 9
87 9 11
87 75 0
87 55 18
87 2 3
87 85 12
87 26 14
87 84 1
87 59 6
87 49 11
87 8 14
87 3 3
87 32 4
87 77 16
87 42 13
87 65 7
87 91 18
87 20 14
87 50 6
87 79 0
87 24 8
87 10 2
87 53 0
87 96 18
87 81 1
87 58 4
87 34 0
87 78 0
87 94 13
87 38 2
87 80 6
87 35 1
87 63 17
88 61 6
88 89 18
88 3 10
88 32 11
88 97 2
88 46 10
88 90 3
88 38 10
88 36 0
88 51 13
88 23 13
88 0 16
88 2 8
88 87 10
88 18 15
88 50 15
88 71 4
88 91 5
88 73 1
88 86 14
88 59 14
88 58 14
88 69 12
88 17 0
88 85 4
88 63 8
88 92 16
88 37 5
88 70 16
88 21 2
88 93 2
88 30 8
88 94 7
88 49 8
88 81 4
88 75 11
88 25 16
88 47 16
88 60 18
88 57 11
88 8 4
88 82 3
88 52 14
88 54 18
88 20 17
88 68 4
88 77 6
88 9 10
88 4 0
88 95 16
88 13 2
89 46 18
89 23 11
89 42 10
89 77 12
89 84 15
89 75 0
89 11 4
89 5 15
90 14 3
90 26 18
90 0 2
90 16 1
90 53 18
90 44 18
90 17 2
90 45 13
90 98 0
90 30 3
90 38 8
90 58 2
90 84 18
90 1 4
90 41 18
90 24 12
90 8 18
90 47 12
90 95 7
90 25 7
90 4 16
90 60 15
90 2 14
90 87 4
90 78 10
90 35 4
90 68 0
90 67 7
90 70 5
90 22 18
90 29 16
90 51 4
90 72 1
90 61 1
90 5 8
90 56 5
90 91 6
90 23 18
90 92 12
90 54 9
90 86 4
90 11 4
90 65 16
90 52 15
90 37 12
90 7 8
90 79 10
90 43 10
90 66 1
90 19 18
90 34 1
90 42 12
90 74 17
90 73 14
90 39 6
90 96 14
90 81 9
90 27 3
90 18 3
90 75 17
90 83 3
90 48 10
90 88 1
90 80 13
90 63 9
90 89 6
90 9 8
90 12 13
90 28 4
90 62 15
90 20 1
90 40 9
90 71 12
90 64 1
90 3 1
90 33 6
90 76 11
90 94 5
90 10 3
90 15 15
90 59 2
90 85 11
90 13 7
90 82 1
90 97 2
90 21 6
90 49 17
90 57 11
91 3 6
91 45 9
91 32 1
91 77 18
91 21 17
91 38 3
91 74 12
91 9 9
91 23 5
91 24 7
91 85 9
91 0 6
91 43 9
91 86 18
91 59 9
91 56 5
91 54 12
91 80 2
91 75 16
91 76 12
91 28 8
91 25 16
91 72 16
91 34 8
91 17 9
91 90 9
91 50 4
91 83 1
91 64 10
91 5 7
91 97 13
91 31 3
91 71 2
91 35 5
91 82 6
91 92 9
91 26 18
91 44 16
91 67 15
91 48 16
91 33 7
91 69 14
91 14 13
91 65 17
91 8 12
91 16 4
91 39 14
91 55 8
91 15 18
91 2 5
91 1 0
91 22 1
91 6 18
91 4 5
91 41 13
91 84 6
91 63 17
91 49 1
91 61 15
91 53 16
91 73 14
92 48 7
92 85 11
92 7 16
92 32 17
92 14 12
92 33 1
92 34 8
92 45 15
92 55 10
92 28 11
92 71 12
92 31 4
92 39 0
92 56 5
92 42 17
92 41 10
92 83 8
92 69 15
92 88 18
92 29 8
92 11 5
92 5 5
92 58 9
92 54 14
92 25 0
92 43 1
92 62 5
92 19 13
92 66 7
92 24 6
92 59 17
92 8 14
92 35 6
92 68 7
92 82 7
92 1 9
92 57 10
92 87 12
92 60 16
92 51 1
92 6 16
92 9 7
92 89 10
92 77 12
92 15 10
92 91 10
92 76 0
92 74 13
92 50 11
92 79 17
92 18 4
92 47 18
92 40 3
92 38 3
92 23 12
92 13 12
92 4 12
92 84 9
92 3 4
92 20 11
92 26 8
92 97 17
92 27 10
92 10 7
92 0 1
92 21 18
92 12 9
92 17 13
92 49 11
92 44 15
92 22 8
92 67 14
92 86 2
92 30 12
92 78 15
92 63 7
92 90 9
92 64 17
92 98 11
92 73 7
92 36 4
92 94 15
93 41 2
93 15 3
93 39 12
94 38 6
94 19 0
94 96 6
94 16 6
94 84 4
94 44 5
94 12 12
94 8 2
94 33 4
94 57 15
94 72 0
95 51 15
95 59 1
95 39 11
95 85 18
95 15 9
95 28 8
95 78 10
95 7 0
95 46 13
95 19 14
95 61 9
95 20 6
95 21 15
95 80 8
95 54 1
95 9 1
95 49 11
95 30 4
95 27 5
95 72 15
95 55 16
95 4 1
95 37 8
95 96 6
95 38 18
95 91 0
95 88 8
95 13 14
95 26 17
95 42 17
95 10 1
96 30 18
96 73 2
96 23 7
96 46 18
96 55 17
96 33 16
96 35 14
96 48 0
96 81 10
96 54 4
96 17 2
96 72 14
96 24 13
96 14 10
96 74 2
96 31 14
96 79 5
96 75 2
96 97 7
96 57 0
96 37 12
96 4 15
96 82 9
96 21 10
96 36 4
96 10 10
96 95 12
96 78 6
96 87 3
96 13 11
96 93 7
96 86 9
96 92 15
96 40 13
96 85 9
96 60 7
96 70 12
96 94 11
96 88 8
96 67 17
96 25 4
96 49 4
96 51 10
96 47 2
96 1 4
96 3 18
96 77 9
97 98 9
97 58 12
97 23 13
97 44 14
97 88 7
97 28 3
97 9 13
97 31 1
97 30 15
97 49 12
97 41 10
97 2 18
97 48 8
97 51 17
97 91 15
97 14 0
97 57 7
97 94 15
97 74 0
97 43 2
97 96 11
97 63 16
97 40 6
97 70 3
97 62 1
97 82 9
97 13 7
97 34 10
97 83 8
97 92 0
97 5 3
97 8 15
97 72 5
97 1 18
97 19 18
97 42 17
97 60 14
97 26 12
97 17 9
97 93 6
97 78 3
97 81 16
97 38 13
97 68 3
97 55 13
97 37 10
97 80 16
97 18 10
97 39 8
98 79 6
98 30 9
98 43 0
98 10 18
98 74 11
98 1 15
98 81 14
98 25 13
98 95 12
98 7 10
98 80 7
98 44 4
