10
true
0 9 3447
0 5 3452
0 1 3456
0 4 3465
0 8 3465
0 4 3465
0 2 3473
0 8 3474
0 1 3481
0 9 3481
1 4 3486
1 5 3490
1 0 3491
1 8 3492
1 7 3494
1 5 3498
1 9 3499
1 4 3503
1 2 3510
2 6 3518
2 9 3525
2 3 3529
2 4 3536
2 4 3536
2 1 3543
2 8 3547
2 7 3555
3 2 3558
3 6 3564
3 7 3572
3 0 3576
3 1 3582
4 2 3583
4 9 3588
4 6 3591
4 5 3599
4 8 3604
4 0 3609
4 1 3612
4 0 3617
4 6 3625
4 2 3630
4 8 3634
5 0 3642
5 1 3646
5 8 3648
5 2 3656
5 9 3665
5 1 3674
6 4 3677
6 9 3678
6 5 3681
6 7 3682
7 8 3685
7 6 3689
7 5 3690
7 0 3695
7 2 3698
7 1 3705
7 4 3710
7 5 3710
7 4 3715
7 9 3724
7 1 3725
7 3 3731
7 6 3731
7 0 3735
8 3 3740
8 0 3744
8 7 3752
8 6 3754
8 1 3759
9 6 3768
9 2 3775
9 8 3779
9 7 3788
9 3 3794
9 5 3797
9 8 3797
9 3 3800
9 2 3806
9 1 3812
9 6 3816
