26
true
0 8 78308
0 25 78314
0 18 78314
0 13 78321
0 22 78324
0 2 78326
0 6 78331
0 15 78333
0 20 78340
0 17 78341
0 9 78350
0 19 78357
0 4 78359
0 14 78367
0 12 78370
0 13 78372
0 8 78375
0 20 78383
0 2 78387
0 21 78395
0 10 78395
0 25 78404
0 23 78408
0 14 78417
0 5 78418
0 6 78423
0 22 78424
0 19 78432
0 17 78438
0 11 78441
1 16 78448
1 15 78450
1 24 78453
1 8 78455
1 18 78461
1 17 78461
1 25 78462
1 11 78466
1 19 78475
1 21 78479
1 3 78484
1 7 78492
1 6 78497
1 16 78498
1 2 78502
1 18 78511
1 25 78520
1 11 78529
1 20 78535
1 7 78544
1 6 78552
1 19 78554
1 8 78558
1 10 78559
1 13 78566
1 12 78572
1 4 78581
2 12 78583
2 15 78584
2 21 78592
2 11 78595
2 10 78595
2 5 78599
2 3 78607
2 25 78611
2 19 78614
2 12 78614
2 18 78622
2 0 78626
2 4 78634
2 14 78634
2 10 78637
2 8 78640
2 7 78647
2 1 78647
2 13 78653
2 16 78657
2 24 78663
3 13 78666
3 7 78670
3 16 78672
3 22 78673
3 23 78680
3 1 78685
3 21 78692
3 6 78697
3 2 78704
3 9 78706
3 11 78710
3 20 78716
3 12 78719
3 19 78719
3 0 78724
3 20 78726
3 15 78735
3 10 78741
3 9 78747
3 24 78755
3 12 78759
3 17 78761
3 1 78770
3 8 78779
3 22 78782
3 21 78789
3 0 78795
3 16 78795
3 18 78796
3 13 78805
3 6 78812
4 16 78815
4 18 78819
4 5 78819
4 15 78825
4 13 78828
4 3 78837
5 6 78842
5 15 78846
5 13 78851
5 12 78852
5 1 78854
5 20 78858
5 8 78865
5 22 78865
5 9 78874
5 4 78880
5 19 78884
5 2 78886
5 14 78886
5 21 78886
5 19 78888
5 23 78892
5 16 78901
5 13 78907
5 15 78913
5 25 78914
5 18 78919
5 7 78924
6 11 78927
6 14 78934
6 2 78943
6 9 78946
6 10 78952
6 3 78961
6 17 78961
6 12 78962
6 25 78971
6 1 78976
6 0 78978
6 16 78982
6 7 78991
6 15 78991
6 20 78993
6 13 78994
6 22 78999
6 24 79006
6 17 79014
6 11 79020
6 18 79028
6 4 79029
6 3 79035
6 23 79039
6 24 79042
6 2 79045
6 10 79051
6 15 79059
6 12 79060
6 19 79062
6 22 79068
6 16 79077
6 1 79083
6 14 79087
6 13 79090
6 0 79095
7 20 79102
7 21 79110
7 10 79116
7 8 79123
7 5 79129
7 11 79131
7 22 79132
7 14 79134
7 24 79139
7 16 79147
7 4 79149
7 21 79156
7 10 79156
7 17 79162
7 20 79167
7 16 79170
7 1 79171
7 18 79178
7 8 79181
7 2 79189
7 11 79197
8 11 79202
8 25 79210
8 17 79211
8 10 79217
8 5 79224
8 20 79230
8 7 79236
8 9 79237
8 6 79245
9 3 79253
9 0 79260
9 2 79267
9 24 79274
9 13 79281
9 1 79284
9 16 79290
9 15 79292
9 21 79300
9 22 79305
9 20 79311
9 2 79320
9 18 79328
9 3 79332
9 7 79335
9 4 79343
9 10 79348
10 24 79353
10 19 79356
10 0 79360
10 4 79366
10 21 79368
10 18 79368
10 6 79376
10 2 79380
10 14 79380
10 23 79385
10 1 79394
10 5 79401
10 20 79403
10 12 79411
10 13 79412
10 1 79412
10 17 79414
10 21 79423
10 19 79424
10 3 79426
11 20 79430
11 21 79439
11 1 79441
11 17 79450
11 5 79454
11 7 79456
11 15 79457
11 22 79461
11 25 79467
11 24 79473
11 23 79478
11 0 79487
11 18 79487
11 13 79496
11 3 79501
11 19 79504
11 12 79507
11 4 79516
11 24 79525
11 25 79530
11 20 79536
11 16 79537
11 7 79542
11 14 79547
11 9 79555
11 13 79557
11 22 79564
11 18 79569
12 14 79574
12 11 79578
12 19 79580
12 4 79583
12 22 79584
12 24 79588
12 18 79593
12 4 79601
12 0 79610
12 10 79619
12 1 79621
12 7 79622
12 11 79628
12 22 79635
12 3 79644
13 10 79650
13 19 79659
13 8 79661
13 0 79661
13 12 79664
13 4 79671
14 19 79679
14 8 79684
14 3 79690
14 25 79697
14 11 79697
14 24 79702
14 22 79707
14 4 79708
14 1 79709
14 0 79716
14 10 79725
14 23 79732
14 21 79738
14 18 79738
14 13 79739
14 11 79748
14 2 79752
14 16 79755
14 5 79761
14 22 79770
14 21 79774
14 1 79782
14 18 79785
14 4 79793
14 12 79800
14 8 79804
14 7 79809
14 20 79811
14 6 79813
14 23 79816
15 2 79820
15 1 79821
15 16 79822
15 6 79830
16 10 79836
16 12 79844
16 7 79845
16 2 79850
16 17 79850
17 0 79857
17 9 79859
17 18 79863
17 14 79872
17 2 79874
17 8 79876
17 4 79882
17 13 79884
17 3 79884
17 16 79892
17 15 79892
17 22 79895
17 4 79904
17 10 79907
17 6 79914
17 8 79922
17 1 79930
17 12 79933
17 16 79938
17 25 79943
17 0 79943
17 3 79951
17 20 79959
18 9 79967
18 16 79974
18 6 79975
18 25 79983
18 20 79986
18 5 79992
18 21 79999
18 0 80006
18 2 80006
18 3 80011
18 10 80012
18 15 80016
18 0 80023
18 6 80027
18 16 80030
18 25 80038
18 4 80042
18 17 80042
18 22 80048
18 3 80053
18 15 80062
18 10 80070
19 21 80072
19 13 80080
19 20 80083
19 0 80091
19 15 80097
19 17 80104
19 8 80113
19 25 80113
19 1 80116
19 10 80119
19 18 80126
19 2 80131
19 9 80140
19 24 80148
19 14 80155
19 17 80157
19 23 80165
19 11 80165
19 3 80169
19 5 80178
19 1 80187
19 2 80191
19 21 80197
19 12 80201
19 8 80203
19 9 80210
19 18 80216
19 14 80217
20 6 80218
20 9 80223
21 16 80229
21 15 80237
21 14 80241
21 10 80244
21 7 80245
21 11 80251
21 9 80257
21 4 80266
21 19 80271
21 6 80274
21 22 80282
21 1 80287
21 24 80287
22 9 80290
22 0 80294
22 5 80297
22 13 80304
22 3 80311
22 17 80315
22 7 80321
22 1 80324
23 11 80325
23 21 80327
23 14 80332
23 18 80335
23 19 80335
23 24 80342
23 13 80348
23 5 80348
23 15 80354
23 2 80356
23 17 80361
23 9 80361
23 20 80361
24 1 80369
24 14 80375
24 2 80380
24 25 80380
24 20 80387
24 13 80387
25 13 80389
25 5 80393
25 11 80393
25 20 80393
25 2 80401
25 21 80403
25 4 80405
25 16 80411
25 17 80415
25 18 80423
25 15 80424
25 9 80427
25 14 80432
25 6 80441
25 12 80449
25 3 80458
25 10 80460
25 7 80461
25 1 80470
25 5 80473
25 2 80480
25 23 80482
25 12 80486
25 24 80492
25 20 80492
25 17 80500
25 9 80503
25 21 80508
25 16 80516
25 13 80519
25 19 80523
25 0 80528
25 6 80532
25 7 80534
25 14 80543
