28
true
0 6 99896
0 23 99902
0 4 99902
0 21 99909
0 18 99912
0 12 99914
0 2 99919
0 25 99927
0 15 99929
0 27 99931
0 19 99936
0 9 99937
1 24 99942
1 27 99949
1 23 99952
1 14 99954
1 6 99962
1 0 99965
1 5 99967
1 10 99970
1 12 99970
1 17 99978
1 12 99980
1 10 99985
1 9 99991
1 16 100000
1 0 100004
1 5 100007
1 25 100009
1 17 100015
1 24 100016
1 22 100023
1 2 100030
1 18 100031
2 14 100035
2 7 100040
2 24 100046
2 27 100048
2 9 100048
2 8 100056
2 22 100062
2 3 100062
2 19 100063
2 20 100072
2 15 100079
2 4 100088
2 19 100089
2 9 100097
2 24 100102
2 12 100108
2 23 100112
2 20 100112
2 27 100119
2 3 100128
2 7 100128
2 0 100135
3 14 100143
3 9 100146
3 24 100150
3 5 100151
3 22 100155
3 0 100156
4 7 100156
4 12 100157
4 16 100166
4 24 100168
4 26 100175
4 19 100176
6 15 100182
6 12 100187
6 10 100188
6 14 100196
6 25 100200
6 17 100205
6 11 100212
6 23 100218
6 2 100220
6 26 100224
6 18 100232
7 10 100232
7 5 100236
7 1 100237
7 25 100246
7 2 100255
7 18 100259
7 22 100263
7 12 100269
7 4 100274
7 11 100279
7 26 100285
7 16 100290
7 13 100291
7 15 100293
7 27 100295
7 6 100302
7 12 100305
7 10 100305
7 22 100309
7 27 100310
7 6 100312
7 19 100315
7 24 100319
7 14 100328
7 3 100328
7 13 100334
7 0 100338
7 18 100341
7 8 100350
7 25 100350
7 17 100357
7 20 100363
8 16 100363
8 14 100364
8 5 100373
8 3 100380
8 7 100389
8 10 100389
8 13 100395
8 21 100395
8 18 100396
8 9 100404
8 26 100409
8 9 100413
8 1 100418
8 15 100424
8 25 100426
8 0 100430
8 2 100437
8 18 100437
8 11 100444
8 17 100448
8 19 100452
8 3 100454
8 16 100463
9 1 100465
9 23 100469
9 24 100478
9 20 100485
9 17 100491
9 19 100497
9 13 100501
9 3 100506
9 21 100512
9 4 100521
9 25 100523
9 12 100526
9 11 100527
9 26 100528
9 12 100531
9 27 100540
9 1 100548
9 4 100556
9 24 100556
9 11 100561
9 21 100564
9 8 100570
9 18 100578
9 20 100583
9 16 100590
9 17 100595
9 15 100601
9 2 100609
9 22 100610
10 22 100613
10 16 100613
10 17 100621
10 13 100621
10 26 100627
10 6 100635
10 9 100640
10 20 100649
10 21 100656
10 14 100662
10 25 100666
10 1 100672
10 18 100680
10 11 100680
10 27 100682
10 4 100689
10 3 100697
10 8 100701
10 22 100708
10 2 100714
10 5 100722
10 6 100722
10 20 100730
10 7 100732
10 4 100737
10 15 100741
10 18 100748
10 3 100754
10 17 100754
10 25 100758
10 8 100766
10 13 100774
10 27 100779
10 1 100780
11 6 100789
11 3 100795
11 18 100800
11 0 100803
11 23 100805
11 22 100808
11 14 100810
11 21 100813
11 20 100820
11 12 100827
11 1 100834
11 17 100837
11 7 100843
11 13 100845
11 9 100853
11 26 100858
11 10 100866
11 25 100874
11 22 100877
11 26 100886
11 19 100892
11 2 100898
11 3 100905
11 10 100909
11 13 100916
11 5 100916
11 0 100916
11 4 100919
11 6 100919
11 16 100925
11 12 100925
11 7 100930
11 21 100937
12 8 100941
12 14 100948
12 11 100955
12 18 100958
12 15 100967
12 3 100974
12 25 100981
12 7 100990
12 27 100992
12 24 100994
12 21 101003
12 16 101008
12 2 101009
12 1 101010
12 0 101014
12 1 101020
12 8 101026
12 23 101031
12 13 101040
12 11 101045
12 2 101053
12 10 101053
12 3 101058
12 5 101062
12 21 101067
12 25 101070
12 22 101073
12 19 101082
13 12 101086
13 7 101087
13 25 101091
13 14 101095
13 27 101103
13 15 101105
13 26 101112
13 22 101117
13 10 101120
13 17 101125
13 21 101131
13 26 101136
13 27 101140
13 11 101142
13 14 101145
13 4 101146
13 0 101150
13 24 101155
13 2 101158
13 20 101167
13 6 101176
13 3 101178
14 1 101178
14 21 101184
14 8 101191
14 3 101200
15 5 101204
15 2 101205
15 9 101209
15 24 101215
15 20 101217
15 22 101224
16 3 101232
16 9 101241
16 20 101250
16 27 101257
16 4 101265
16 25 101267
16 11 101269
17 1 101270
17 22 101277
17 20 101286
17 21 101293
17 25 101297
17 6 101299
17 27 101307
17 7 101316
17 14 101325
17 2 101334
17 11 101334
17 5 101340
17 3 101345
17 0 101345
17 11 101350
17 24 101356
17 25 101364
17 14 101367
17 26 101376
17 13 101384
17 12 101391
17 2 101395
17 9 101395
17 7 101399
17 16 101407
17 8 101414
17 3 101414
17 6 101417
18 11 101418
18 8 101419
18 4 101427
19 2 101433
19 20 101441
19 27 101442
19 16 101447
19 1 101447
19 21 101447
19 5 101448
19 14 101454
19 8 101456
19 4 101458
19 22 101464
19 1 101466
19 13 101466
19 24 101474
19 0 101482
19 12 101485
20 8 101488
20 10 101495
20 26 101503
20 5 101511
20 6 101514
20 2 101522
21 6 101525
21 5 101525
21 24 101534
21 8 101534
21 16 101534
21 9 101542
21 0 101549
21 7 101556
21 19 101562
21 11 101569
21 1 101571
21 12 101571
21 27 101572
21 17 101576
21 3 101581
21 14 101583
21 2 101586
21 19 101594
21 20 101598
21 23 101598
21 8 101604
21 14 101605
21 5 101614
21 24 101616
21 1 101624
21 26 101632
21 25 101634
21 6 101642
21 13 101649
21 4 101657
21 18 101660
21 15 101669
21 3 101678
21 22 101685
21 7 101687
22 6 101692
22 13 101701
22 7 101709
22 25 101711
22 1 101712
22 16 101717
22 4 101722
22 20 101727
22 10 101736
22 9 101739
22 15 101739
22 17 101744
22 18 101749
22 11 101754
22 21 101762
22 8 101771
22 0 101780
22 3 101786
22 16 101795
22 6 101796
22 5 101801
22 3 101805
22 23 101808
22 27 101814
22 10 101820
22 7 101828
22 4 101832
22 9 101838
22 25 101844
22 0 101853
22 17 101858
22 18 101865
22 21 101869
24 27 101872
24 26 101876
24 13 101879
24 11 101886
24 7 101889
24 16 101894
24 9 101897
24 25 101904
24 5 101911
24 0 101917
24 2 101920
24 15 101920
24 1 101925
24 14 101932
24 19 101938
24 4 101939
24 22 101941
24 23 101946
24 6 101946
24 3 101954
24 4 101960
24 9 101963
24 26 101963
24 27 101968
24 16 101976
24 13 101978
24 25 101982
24 11 101982
24 20 101982
24 18 101990
24 19 101992
24 10 101994
24 22 102000
24 6 102006
24 17 102007
24 1 102010
24 12 102018
25 0 102027
25 1 102029
25 14 102036
25 3 102043
25 19 102046
25 6 102053
25 21 102055
25 10 102059
25 18 102065
25 20 102073
25 16 102080
25 12 102085
25 27 102094
25 11 102098
25 23 102101
25 5 102103
25 19 102108
25 2 102117
25 11 102123
25 0 102127
25 12 102133
25 14 102133
25 4 102135
25 3 102141
25 9 102150
25 26 102151
25 21 102156
25 5 102164
25 7 102166
25 13 102167
25 10 102175
25 1 102180
25 27 102180
25 20 102188
25 22 102188
25 8 102189
25 24 102196
25 16 102203
26 21 102203
26 10 102204
26 5 102206
26 14 102213
26 24 102217
26 8 102218
26 2 102222
26 12 102222
26 9 102226
26 17 102233
26 18 102235
26 15 102240
26 2 102247
26 19 102247
26 24 102251
26 4 102257
26 23 102261
26 14 102264
26 6 102273
26 8 102275
26 27 102282
26 20 102282
26 21 102289
26 22 102289
26 12 102295
26 9 102302
26 3 102305
27 15 102311
27 3 102314
27 25 102319
27 26 102319
27 7 102322
27 16 102327
27 13 102336
27 6 102337
27 12 102340
27 24 102348
27 14 102356
27 9 102361
27 8 102365
27 16 102370
27 23 102375
27 20 102376
27 5 102380
27 4 102380
27 17 102383
27 2 102383
27 3 102390
27 12 102392
27 6 102399
27 14 102406
