29
true
0 14 110872
0 9 110878
0 24 110878
0 17 110885
0 7 110888
0 25 110890
0 28 110895
0 27 110903
0 21 110905
0 18 110907
1 7 110910
1 21 110918
1 0 110923
1 6 110930
1 4 110933
1 9 110935
1 25 110943
1 2 110949
1 22 110954
1 14 110962
1 13 110968
1 17 110972
1 27 110980
1 8 110980
1 12 110989
1 7 110995
1 21 110999
1 9 111008
1 13 111010
1 2 111013
1 11 111017
1 22 111019
1 10 111026
1 23 111029
2 25 111034
2 6 111040
2 3 111042
2 28 111051
2 5 111053
3 12 111059
3 23 111059
3 10 111060
3 8 111064
4 16 111071
4 23 111080
4 17 111081
4 14 111089
4 26 111094
4 7 111100
4 13 111104
4 12 111111
4 8 111120
4 22 111127
4 27 111133
4 25 111136
4 28 111138
4 16 111139
4 18 111147
4 9 111148
4 1 111148
4 0 111156
4 8 111164
5 27 111171
5 1 111172
5 20 111175
5 12 111175
5 22 111179
5 3 111187
5 21 111191
5 11 111196
5 17 111203
5 7 111209
5 24 111211
5 9 111219
5 1 111225
5 18 111229
5 15 111229
6 14 111230
6 0 111239
6 12 111248
6 23 111252
6 9 111256
6 18 111262
6 26 111267
6 25 111272
6 21 111278
7 25 111280
7 18 111287
7 13 111292
7 17 111293
7 26 111298
7 0 111299
7 8 111301
7 16 111305
7 24 111311
7 2 111317
7 27 111320
7 20 111320
7 23 111325
8 6 111329
8 0 111338
8 9 111338
8 7 111347
8 3 111347
8 23 111347
8 27 111355
8 11 111364
8 5 111369
8 4 111375
8 10 111382
8 22 111382
8 14 111382
8 1 111383
8 23 111392
8 19 111399
8 22 111408
8 2 111408
8 24 111414
8 4 111421
8 0 111424
8 25 111425
8 13 111428
8 28 111436
8 9 111441
8 17 111442
8 18 111447
9 17 111449
9 23 111453
9 13 111460
10 3 111464
10 4 111473
10 8 111477
10 13 111484
10 22 111493
10 5 111500
10 0 111505
10 23 111514
10 6 111520
10 13 111529
10 1 111530
10 0 111535
10 26 111540
10 19 111545
10 15 111551
10 8 111560
11 17 111563
11 5 111569
11 22 111578
11 15 111578
11 24 111579
11 1 111588
11 8 111593
11 19 111595
11 10 111599
11 7 111604
11 25 111607
11 13 111609
11 26 111610
11 4 111612
11 26 111619
11 22 111624
11 6 111627
11 13 111627
11 10 111633
11 1 111636
11 9 111639
11 21 111639
11 12 111647
11 27 111647
11 14 111653
11 19 111661
11 16 111663
11 15 111672
11 8 111674
11 5 111680
12 23 111686
12 21 111690
12 26 111693
12 22 111698
12 18 111700
12 25 111708
12 3 111711
12 28 111715
12 11 111719
12 16 111722
13 3 111724
13 8 111725
13 9 111727
13 17 111732
13 4 111740
13 25 111742
13 28 111749
14 20 111756
15 3 111762
15 9 111767
15 6 111768
15 19 111775
15 18 111783
15 27 111790
15 14 111793
15 24 111801
15 21 111802
15 20 111811
15 11 111817
15 26 111823
15 18 111824
15 0 111832
15 8 111835
15 24 111843
15 13 111850
15 10 111858
15 9 111860
15 20 111867
15 27 111870
15 16 111877
15 19 111883
16 21 111888
16 20 111894
17 19 111902
17 28 111906
17 14 111909
17 15 111917
17 0 111922
17 11 111922
17 1 111927
17 20 111930
17 25 111934
17 2 111942
17 9 111944
17 7 111948
17 27 111953
17 18 111962
17 0 111967
17 28 111973
17 22 111977
17 21 111984
17 4 111984
17 3 111989
17 20 111996
17 9 112005
17 10 112007
17 13 112009
17 7 112010
17 25 112012
18 3 112019
18 5 112022
18 21 112030
18 9 112037
18 17 112040
18 0 112043
18 12 112051
18 16 112060
18 26 112060
18 28 112065
18 2 112069
18 7 112076
18 4 112085
18 25 112087
18 28 112096
18 12 112105
18 19 112114
18 16 112120
18 24 112124
18 1 112125
18 15 112133
18 9 112138
18 14 112146
18 13 112148
18 25 112155
18 21 112160
18 4 112163
19 21 112169
19 9 112174
19 6 112179
19 24 112179
19 11 112187
19 20 112193
20 28 112198
20 8 112201
20 21 112209
20 19 112215
20 3 112217
20 24 112218
20 15 112227
20 1 112229
20 17 112238
20 23 112242
20 4 112243
20 12 112247
20 25 112253
20 6 112255
20 14 112262
20 13 112270
20 7 112279
20 26 112286
20 11 112286
20 27 112291
20 28 112293
20 11 112302
20 7 112310
20 4 112312
20 17 112313
20 1 112318
20 18 112319
20 5 112321
20 12 112329
20 8 112338
20 16 112338
20 10 112338
20 19 112339
20 27 112344
20 24 112344
20 14 112350
20 3 112350
21 10 112351
21 28 112359
21 7 112366
21 6 112373
21 1 112379
21 2 112386
21 24 112390
21 20 112398
21 27 112398
21 5 112401
21 19 112402
21 14 112403
21 4 112403
21 3 112403
21 8 112408
21 17 112413
21 4 112414
21 11 112420
21 18 112422
21 10 112426
21 19 112430
21 8 112438
21 15 112445
21 16 112447
21 27 112455
21 25 112458
21 13 112467
21 23 112473
21 0 112473
21 5 112482
21 2 112484
21 17 112484
21 7 112488
21 12 112493
21 9 112493
22 19 112501
22 4 112502
23 9 112509
23 6 112510
23 13 112518
23 20 112525
23 28 112526
23 26 112533
23 11 112535
23 15 112535
23 21 112536
23 2 112537
23 14 112541
23 4 112545
23 7 112548
23 5 112552
23 27 112553
23 13 112562
23 1 112564
23 6 112572
23 26 112580
23 28 112589
23 12 112592
23 22 112599
23 24 112608
23 19 112617
23 17 112617
23 5 112620
24 19 112625
24 3 112634
24 11 112642
24 23 112649
24 7 112656
24 9 112658
24 5 112666
24 18 112666
24 21 112675
24 20 112684
24 0 112684
24 28 112693
24 16 112698
24 2 112703
24 13 112711
24 26 112720
24 5 112722
24 20 112728
24 4 112737
24 9 112746
24 14 112747
24 19 112748
24 18 112753
24 23 112757
25 19 112763
25 22 112770
25 0 112775
25 15 112782
25 12 112791
25 24 112796
25 7 112799
26 3 112806
26 13 112810
26 18 112819
26 21 112822
26 27 112826
26 19 112829
26 28 112836
26 14 112843
26 7 112847
26 11 112853
26 9 112860
26 22 112867
26 17 112872
26 6 112875
26 24 112880
26 15 112887
26 5 112890
26 12 112896
26 9 112898
26 13 112903
26 16 112907
26 24 112912
26 23 112918
26 8 112923
26 14 112923
26 2 112928
26 18 112931
26 27 112935
26 22 112935
26 10 112935
26 11 112940
26 20 112944
26 12 112950
26 21 112954
27 11 112955
27 14 112962
27 10 112962
27 2 112968
27 25 112976
27 17 112980
27 13 112989
27 1 112991
27 22 112992
27 6 113001
27 19 113005
27 8 113014
27 0 113018
27 12 113022
27 5 113022
27 7 113030
27 2 113033
27 3 113038
27 11 113046
27 10 113049
27 25 113053
27 6 113059
27 12 113067
27 13 113072
27 20 113073
27 1 113079
27 23 113085
27 4 113089
27 14 113091
27 5 113097
28 16 113103
28 15 113106
28 19 113111
28 18 113114
