30
true
0 13 120682
0 6 120688
0 15 120695
0 6 120698
0 22 120698
1 15 120706
1 12 120709
1 2 120716
1 13 120717
1 18 120725
1 29 120732
1 7 120735
1 20 120737
1 24 120745
1 8 120751
1 3 120756
1 22 120764
1 23 120770
1 10 120774
1 17 120782
1 5 120791
1 26 120797
1 4 120806
1 13 120807
1 2 120812
1 23 120818
1 14 120819
1 12 120826
1 18 120833
1 26 120834
1 3 120840
1 17 120845
1 6 120854
1 22 120857
1 29 120857
1 28 120861
1 19 120861
1 21 120866
1 9 120875
1 7 120879
1 25 120880
2 28 120886
2 5 120888
2 16 120889
2 14 120893
2 20 120902
2 17 120911
2 9 120920
2 10 120926
2 27 120935
2 18 120938
2 13 120940
2 3 120941
2 24 120949
2 1 120950
2 0 120956
2 21 120964
2 19 120972
2 22 120974
2 27 120975
2 28 120978
2 23 120984
2 15 120988
2 11 120996
2 18 120999
2 4 121002
2 3 121009
2 26 121009
2 12 121017
3 4 121023
3 8 121027
3 10 121027
3 13 121031
3 23 121032
3 7 121041
3 0 121050
3 16 121054
3 14 121056
3 5 121059
3 26 121061
3 6 121062
3 12 121067
3 27 121076
3 25 121077
3 11 121084
3 4 121089
3 12 121096
3 22 121097
3 7 121099
3 24 121102
3 26 121102
3 16 121106
3 21 121106
3 15 121113
3 23 121121
3 14 121123
3 29 121132
4 6 121141
4 26 121141
4 28 121141
4 24 121149
4 23 121151
4 19 121160
4 20 121169
4 15 121175
4 3 121181
4 27 121188
5 16 121188
5 20 121188
5 14 121189
5 9 121198
5 21 121205
5 0 121212
5 28 121212
5 3 121218
5 27 121218
5 26 121219
5 6 121224
5 23 121228
5 17 121233
5 1 121239
5 15 121241
5 8 121245
5 2 121252
5 24 121252
5 7 121259
5 19 121263
5 16 121272
5 17 121276
5 12 121278
5 22 121278
5 9 121278
5 4 121278
5 27 121284
5 29 121290
5 11 121291
5 26 121296
6 25 121301
6 9 121304
6 27 121312
6 19 121321
6 7 121324
6 12 121330
6 23 121339
6 11 121339
6 26 121340
6 2 121343
6 29 121348
6 28 121350
6 8 121354
6 0 121358
6 13 121358
6 17 121359
6 15 121361
6 27 121368
6 25 121376
6 3 121382
6 20 121390
6 26 121391
6 16 121394
6 4 121394
6 13 121402
6 0 121402
6 21 121410
6 28 121411
6 5 121413
6 9 121422
6 17 121424
6 19 121428
6 8 121432
7 0 121437
7 2 121437
7 28 121444
8 18 121448
8 4 121454
8 24 121461
8 3 121467
8 17 121469
8 6 121470
8 22 121470
8 5 121474
8 12 121476
8 7 121480
8 20 121487
8 26 121487
8 5 121493
8 23 121498
8 0 121507
8 21 121511
8 27 121517
8 13 121523
8 28 121532
8 17 121540
8 3 121549
8 7 121557
8 1 121558
9 6 121567
9 17 121573
9 26 121578
9 23 121579
9 22 121587
9 3 121588
9 18 121590
9 7 121593
9 28 121600
9 12 121607
9 27 121614
9 15 121621
9 21 121623
9 8 121631
9 25 121637
9 18 121646
9 23 121650
9 3 121656
9 8 121662
9 5 121669
9 0 121673
9 25 121680
9 13 121680
9 14 121680
9 16 121683
9 12 121691
9 10 121693
9 6 121693
9 4 121699
9 15 121704
9 29 121710
9 20 121715
10 16 121717
10 4 121725
10 7 121726
10 20 121729
10 22 121732
10 19 121737
10 29 121744
10 11 121753
10 3 121755
10 4 121757
10 24 121758
10 9 121767
10 2 121772
11 14 121779
11 2 121780
11 17 121781
11 24 121784
11 6 121792
11 16 121799
11 25 121802
11 9 121805
11 5 121813
11 18 121822
11 4 121822
11 13 121827
11 23 121829
11 3 121833
11 29 121837
11 15 121846
11 26 121850
11 4 121858
11 24 121863
11 27 121871
11 15 121873
11 6 121880
11 26 121885
11 13 121891
11 25 121900
11 16 121906
11 12 121906
11 18 121907
11 28 121910
11 14 121918
11 10 121927
11 19 121934
11 2 121941
12 6 121943
12 27 121948
12 29 121950
12 9 121954
12 16 121955
12 4 121957
12 0 121959
12 3 121967
12 7 121974
12 18 121982
12 25 121991
12 19 121998
12 22 122003
12 2 122004
12 19 122005
12 8 122012
12 29 122013
12 17 122018
12 24 122019
12 18 122021
12 28 122024
12 9 122030
12 0 122032
12 21 122032
12 14 122036
13 6 122039
13 15 122045
13 10 122054
13 5 122058
13 16 122061
13 28 122061
13 23 122063
13 29 122064
13 8 122064
13 17 122064
13 24 122071
15 10 122078
15 25 122082
15 12 122090
15 22 122097
15 13 122097
15 20 122100
15 26 122104
15 21 122105
15 14 122106
15 24 122114
15 8 122120
15 2 122125
15 21 122125
15 0 122132
15 1 122134
15 26 122138
15 22 122147
15 14 122149
15 2 122157
15 6 122162
15 12 122169
15 20 122171
15 18 122179
15 9 122179
15 28 122183
15 13 122183
16 3 122189
16 27 122189
16 18 122198
16 12 122201
17 18 122206
17 4 122209
17 25 122209
17 0 122218
17 8 122218
17 22 122226
17 10 122227
17 27 122231
17 1 122238
17 28 122242
17 23 122249
17 26 122250
17 7 122255
17 12 122262
17 5 122266
17 1 122271
17 4 122273
17 27 122277
17 24 122285
17 2 122288
17 25 122296
17 9 122296
17 18 122302
17 26 122303
17 15 122308
17 29 122316
17 22 122321
17 8 122329
17 13 122331
17 19 122339
17 3 122346
18 28 122353
18 16 122356
18 23 122361
18 27 122370
18 14 122379
18 19 122379
18 7 122382
18 26 122385
18 2 122391
18 17 122400
18 24 122405
18 29 122414
18 22 122421
18 21 122423
18 15 122431
18 5 122431
18 9 122440
18 13 122449
18 21 122449
18 24 122458
18 15 122464
18 25 122467
18 19 122475
18 14 122484
18 28 122486
18 29 122493
18 16 122499
18 1 122508
18 11 122511
18 5 122517
18 26 122524
18 6 122528
19 23 122535
19 21 122540
19 16 122547
19 6 122556
19 15 122561
19 8 122564
20 28 122571
20 25 122575
20 10 122584
20 27 122587
20 24 122591
20 29 122594
20 13 122601
20 11 122608
20 23 122612
20 15 122618
20 1 122621
20 17 122622
20 2 122628
20 25 122636
20 23 122639
20 5 122639
20 9 122644
20 0 122651
20 21 122657
20 13 122657
20 26 122657
20 2 122660
20 15 122669
20 14 122669
21 6 122675
21 12 122680
21 13 122680
21 0 122687
21 5 122687
21 8 122690
21 2 122697
21 4 122706
21 20 122712
21 10 122718
21 24 122722
21 26 122730
21 9 122734
21 16 122742
21 27 122743
21 11 122750
21 23 122750
21 25 122756
21 19 122764
21 28 122772
21 4 122781
21 9 122783
21 12 122790
21 17 122799
21 7 122802
21 14 122809
21 2 122815
21 24 122815
21 6 122816
21 18 122816
22 28 122821
22 23 122830
22 5 122834
22 1 122837
22 29 122841
22 16 122846
22 4 122851
22 12 122852
22 15 122858
22 19 122859
22 26 122863
22 20 122869
22 24 122869
22 25 122875
22 9 122881
22 21 122884
22 8 122887
22 2 122890
22 1 122898
22 28 122901
22 9 122906
22 11 122906
22 6 122914
22 8 122916
22 10 122920
22 7 122920
22 21 122928
22 17 122928
22 13 122929
22 20 122929
22 3 122931
22 14 122938
22 4 122940
22 2 122944
22 12 122952
22 27 122952
23 8 122953
23 5 122960
23 13 122962
23 22 122969
23 27 122975
23 17 122975
23 2 122979
23 6 122988
23 24 122996
23 28 123005
23 10 123007
23 3 123014
23 4 123014
23 7 123021
23 20 123021
23 16 123028
23 0 123035
23 15 123041
23 9 123044
23 25 123049
23 22 123049
23 7 123053
23 11 123056
23 19 123059
23 26 123060
23 27 123068
23 13 123074
23 28 123074
23 5 123082
23 14 123084
23 12 123085
23 4 123087
23 0 123087
24 4 123087
24 29 123094
24 8 123096
25 5 123098
25 7 123105
25 1 123107
25 2 123116
25 6 123120
25 26 123121
25 9 123123
25 11 123125
25 29 123130
25 24 123139
25 20 123144
25 27 123145
25 28 123148
25 21 123153
25 8 123156
25 14 123161
25 16 123167
25 29 123173
25 4 123178
25 17 123184
25 15 123186
25 9 123193
25 11 123198
25 2 123200
25 20 123201
25 27 123205
25 0 123210
26 0 123217
26 7 123225
26 25 123229
26 1 123229
26 4 123238
26 17 123244
26 9 123249
26 19 123255
26 21 123263
26 3 123264
26 6 123272
26 13 123278
26 15 123279
26 28 123287
26 22 123292
26 12 123295
26 23 123304
26 25 123307
26 5 123310
26 19 123314
26 10 123322
26 0 123323
26 21 123323
26 20 123328
26 4 123336
26 17 123340
26 12 123348
26 22 123349
26 9 123358
26 27 123360
26 2 123368
26 28 123376
26 3 123378
26 13 123380
27 16 123385
27 25 123393
27 2 123394
28 7 123402
28 2 123402
28 8 123408
28 23 123411
28 25 123413
28 12 123422
28 26 123422
28 29 123428
28 13 123432
28 19 123439
28 24 123440
28 21 123440
28 16 123446
28 16 123454
28 7 123462
28 0 123469
28 4 123472
28 22 123473
28 17 123477
28 14 123483
28 29 123485
28 9 123489
28 12 123495
28 20 123501
28 11 123510
28 26 123519
29 26 123524
29 17 123528
29 25 123529
29 11 123538
29 2 123539
29 14 123544
29 27 123544
29 24 123553
29 12 123553
29 1 123553
29 23 123553
29 0 123559
29 9 123565
29 16 123573
29 3 123579
29 20 123583
29 21 123591
29 1 123595
29 20 123595
29 18 123598
29 16 123601
29 0 123610
29 19 123611
29 10 123614
29 21 123619
29 13 123620
29 22 123624
29 9 123624
29 2 123626
29 26 123635
29 3 123637
29 11 123640
29 8 123643
29 6 123649
