32
true
0 10 147736
0 15 147742
0 16 147742
0 21 147749
0 18 147752
0 28 147754
0 30 147759
0 29 147767
0 20 147770
0 4 147777
0 9 147780
0 17 147788
0 19 147795
0 11 147798
0 2 147800
0 7 147805
0 6 147808
0 26 147812
0 13 147820
0 14 147825
0 25 147831
0 29 147835
0 30 147844
0 27 147845
0 4 147850
0 6 147854
0 1 147856
0 23 147864
0 2 147868
0 19 147873
0 28 147879
0 31 147881
0 10 147883
0 22 147887
0 18 147896
0 11 147901
0 24 147910
0 15 147915
0 17 147922
1 8 147927
1 16 147933
1 31 147937
1 0 147937
1 23 147944
1 7 147944
1 25 147953
1 26 147961
1 12 147965
1 5 147973
1 27 147974
1 11 147974
1 4 147975
1 3 147983
1 2 147990
1 19 147991
1 20 147996
1 10 147997
1 30 148005
1 21 148009
1 5 148014
1 27 148021
1 7 148027
1 2 148029
1 26 148037
1 14 148043
1 22 148043
1 12 148046
1 9 148055
1 6 148064
1 16 148064
1 8 148066
1 28 148066
1 23 148071
1 17 148073
1 31 148082
2 25 148089
2 10 148094
2 18 148101
2 16 148102
2 5 148104
2 9 148108
2 20 148111
2 7 148112
2 6 148117
2 19 148120
2 12 148124
2 22 148133
2 11 148138
2 4 148144
2 21 148150
2 28 148154
2 26 148158
2 19 148160
2 31 148169
2 15 148174
2 22 148177
2 12 148184
2 29 148186
2 20 148186
2 10 148187
2 1 148196
2 25 148196
2 27 148205
2 30 148205
2 13 148211
2 8 148214
3 11 148217
3 21 148226
3 8 148235
3 26 148240
3 6 148247
3 28 148248
3 0 148253
3 24 148261
3 22 148263
3 11 148267
4 25 148271
4 8 148280
4 7 148284
4 12 148286
4 3 148288
4 0 148297
4 5 148299
5 30 148299
5 11 148306
5 16 148313
5 25 148319
5 31 148320
5 12 148325
5 28 148330
5 1 148335
5 21 148338
5 22 148345
5 24 148354
5 27 148357
5 0 148360
5 27 148360
5 26 148361
5 20 148364
5 29 148369
5 28 148371
5 16 148375
5 22 148379
5 23 148384
5 1 148387
5 0 148393
5 10 148401
5 31 148407
5 12 148412
6 17 148417
6 14 148420
6 26 148420
6 22 148421
6 27 148427
7 12 148427
7 17 148435
7 8 148435
7 30 148436
7 18 148444
7 1 148449
7 21 148458
7 29 148460
7 14 148469
7 25 148475
7 0 148479
7 13 148482
7 28 148487
7 22 148487
7 3 148495
7 6 148499
7 22 148506
7 18 148512
7 13 148520
7 2 148520
7 29 148524
7 26 148527
7 28 148529
7 25 148536
7 0 148536
7 31 148542
7 30 148545
7 4 148554
7 5 148558
7 9 148564
7 16 148573
7 15 148578
7 27 148586
7 23 148588
8 15 148594
8 14 148599
8 0 148602
8 3 148604
8 6 148607
8 11 148608
8 26 148610
8 9 148613
8 25 148615
8 31 148622
8 23 148627
8 18 148628
8 2 148635
8 0 148643
8 15 148649
8 6 148657
8 9 148665
8 17 148669
8 13 148672
8 22 148680
8 14 148685
9 0 148689
9 28 148695
9 27 148697
9 2 148697
9 14 148705
9 12 148705
9 8 148705
9 21 148710
9 15 148719
9 24 148719
9 29 148726
9 20 148730
9 22 148737
9 7 148744
9 11 148753
9 25 148762
9 3 148763
9 17 148766
9 24 148770
9 21 148779
9 28 148784
9 3 148793
9 10 148800
9 14 148801
9 1 148802
9 16 148806
9 17 148812
9 31 148817
9 27 148822
9 26 148830
9 25 148834
9 2 148837
9 15 148846
9 11 148853
9 5 148856
9 19 148860
10 22 148869
10 15 148878
10 29 148884
10 4 148888
10 23 148889
10 5 148893
10 0 148898
10 26 148903
10 2 148909
10 30 148914
10 6 148917
10 26 148918
10 7 148927
10 18 148932
10 11 148936
10 8 148936
10 15 148944
10 25 148950
11 31 148958
11 9 148962
11 4 148962
11 17 148968
11 13 148975
11 19 148976
11 30 148985
11 20 148987
11 7 148996
11 22 149005
11 26 149011
11 9 149015
11 4 149021
11 12 149023
11 17 149031
11 25 149038
11 27 149046
11 16 149051
11 15 149057
11 13 149064
11 8 149069
12 19 149071
12 7 149080
12 17 149088
12 28 149097
12 9 149104
12 29 149108
12 14 149110
12 11 149118
12 13 149124
12 30 149124
12 31 149125
12 10 149132
12 2 149136
12 21 149142
12 3 149147
12 23 149151
12 4 149154
12 10 149154
12 3 149156
12 1 149157
12 30 149165
12 16 149172
12 14 149179
12 26 149179
12 17 149184
12 28 149186
12 15 149189
12 7 149195
12 11 149196
12 24 149197
12 0 149205
12 2 149213
13 27 149214
13 16 149219
13 5 149219
14 22 149226
14 27 149228
15 0 149230
15 17 149234
15 12 149238
15 24 149246
15 4 149251
15 18 149258
15 22 149260
15 8 149268
15 13 149268
15 10 149272
15 19 149272
15 5 149278
15 22 149286
15 17 149294
15 14 149297
15 30 149302
15 23 149307
15 18 149307
15 27 149315
15 2 149317
15 0 149317
15 9 149325
15 20 149332
15 12 149333
15 3 149341
16 21 149348
16 10 149349
16 5 149356
16 17 149358
16 24 149361
16 7 149366
16 6 149367
16 29 149371
16 22 149378
16 30 149382
16 2 149384
16 19 149392
16 4 149396
16 12 149402
16 15 149407
16 17 149416
16 8 149418
16 0 149426
16 24 149429
16 11 149437
16 14 149440
16 23 149442
16 2 149449
16 13 149454
16 27 149463
16 12 149472
16 15 149472
16 21 149475
16 6 149478
16 29 149487
17 7 149494
17 15 149503
17 20 149511
17 5 149513
17 24 149518
17 12 149523
17 10 149532
17 29 149541
17 11 149541
17 30 149550
17 25 149556
17 31 149559
17 15 149568
17 30 149572
17 29 149580
17 12 149589
17 27 149595
17 16 149604
17 26 149605
17 1 149610
17 19 149613
18 10 149620
18 8 149626
18 28 149632
18 27 149639
18 21 149644
18 13 149650
18 25 149655
18 3 149663
18 1 149667
18 22 149674
18 17 149678
18 12 149687
18 19 149690
18 10 149694
18 1 149697
18 7 149704
18 3 149707
18 23 149713
19 9 149718
19 27 149719
19 11 149721
19 20 149726
19 14 149729
19 29 149734
19 22 149743
19 2 149750
19 3 149756
19 21 149756
19 1 149762
19 18 149765
19 31 149765
19 16 149771
19 30 149773
19 5 149776
19 10 149776
19 3 149781
19 0 149789
19 21 149791
19 17 149795
19 15 149795
19 28 149795
19 2 149803
19 8 149807
19 24 149807
19 22 149815
19 29 149819
19 13 149820
19 23 149820
20 5 149828
20 26 149836
20 4 149845
20 29 149847
20 31 149848
20 1 149855
20 21 149857
20 28 149857
20 22 149858
20 8 149866
20 12 149873
20 3 149876
20 15 149880
20 24 149881
20 27 149890
20 31 149892
20 22 149896
20 17 149898
20 15 149903
20 2 149912
20 3 149918
20 0 149922
20 4 149928
20 14 149928
20 18 149933
20 1 149942
20 21 149945
20 9 149953
20 23 149955
20 13 149963
20 29 149972
21 12 149980
21 18 149982
21 0 149986
21 29 149986
21 31 149987
21 16 149994
21 3 149995
21 22 149995
21 14 149996
21 6 150003
21 8 150005
21 25 150007
21 30 150011
21 13 150015
21 9 150015
21 8 150016
21 29 150019
21 22 150021
21 15 150026
21 6 150033
21 2 150040
21 20 150042
21 14 150044
21 16 150053
21 31 150061
21 1 150068
22 14 150071
22 17 150075
22 16 150082
22 25 150086
22 26 150086
22 9 150093
22 28 150100
22 31 150100
22 27 150105
22 14 150114
22 23 150119
22 29 150121
22 4 150124
22 7 150128
22 9 150129
23 1 150132
23 27 150138
24 17 150146
24 9 150152
24 22 150152
24 4 150157
24 5 150165
24 12 150170
24 23 150175
24 21 150184
24 29 150188
24 1 150191
24 14 150191
24 19 150198
24 20 150200
24 26 150207
24 2 150214
24 27 150215
24 0 150224
24 30 150225
24 15 150234
24 13 150236
24 21 150241
24 1 150248
24 12 150253
24 9 150254
24 11 150255
24 31 150263
24 22 150268
24 28 150274
24 27 150280
24 7 150284
24 25 150290
24 29 150292
24 3 150299
24 10 150301
24 16 150307
25 21 150311
25 23 150311
25 3 150317
25 0 150318
25 12 150325
25 22 150331
25 29 150335
25 4 150339
25 19 150346
25 24 150355
25 31 150361
25 7 150369
25 9 150375
25 16 150378
25 8 150383
25 4 150388
25 2 150390
25 31 150399
25 22 150404
25 13 150409
25 5 150418
25 0 150418
25 21 150419
25 16 150419
25 11 150423
25 27 150430
25 24 150432
25 18 150434
25 3 150443
25 17 150445
25 28 150453
26 5 150455
26 28 150458
26 14 150460
26 18 150465
26 13 150473
26 4 150474
26 10 150481
26 2 150483
26 20 150489
26 9 150492
26 6 150494
26 1 150500
26 19 150506
26 25 150510
26 7 150517
26 17 150518
26 22 150524
26 16 150533
26 27 150539
26 29 150547
26 17 150551
26 5 150553
26 3 150560
26 24 150560
26 14 150566
26 23 150568
26 6 150570
26 8 150570
26 28 150577
26 19 150583
26 11 150592
26 30 150597
26 21 150598
26 15 150602
26 1 150609
26 22 150613
26 13 150615
27 4 150618
27 2 150618
27 6 150627
27 18 150635
27 21 150641
28 22 150645
28 17 150653
28 10 150653
28 2 150661
28 7 150667
28 4 150676
28 0 150685
28 31 150685
28 23 150686
28 13 150689
28 1 150691
28 14 150700
28 6 150702
28 24 150708
28 29 150711
28 26 150713
28 3 150716
28 27 150722
28 30 150730
28 6 150738
28 29 150742
28 24 150744
28 4 150747
28 0 150749
28 8 150758
28 22 150767
28 12 150773
28 10 150778
28 5 150787
28 16 150795
28 31 150802
28 30 150808
28 14 150817
28 20 150817
28 19 150817
28 27 150818
30 20 150826
30 25 150829
30 18 150837
30 23 150844
31 3 150848
31 23 150857
31 18 150861
31 17 150863
31 13 150863
31 24 150864
31 0 150870
31 14 150877
31 9 150885
31 27 150887
31 6 150893
31 10 150901
31 11 150906
31 12 150909
31 9 150912
31 2 150916
31 25 150917
31 13 150919
31 14 150924
31 6 150924
31 23 150927
31 30 150932
31 26 150939
31 17 150944
31 20 150952
31 3 150957
31 1 150965
