33
true
0 30 161546
0 6 161552
0 26 161552
0 21 161559
0 1 161565
0 13 161565
0 22 161570
0 32 161575
0 9 161577
0 14 161582
0 25 161583
0 12 161591
0 29 161598
0 16 161601
0 24 161605
0 15 161613
1 3 161618
1 16 161626
1 23 161632
1 8 161632
1 20 161639
1 9 161647
1 15 161647
1 32 161656
1 17 161662
1 24 161666
2 22 161667
2 11 161672
2 14 161678
2 32 161679
2 0 161686
2 12 161693
3 2 161696
3 11 161700
3 29 161705
3 20 161711
3 30 161713
3 12 161722
4 19 161730
4 26 161739
4 7 161748
4 18 161753
4 6 161762
4 22 161766
4 23 161771
4 20 161778
4 1 161784
4 2 161786
4 32 161790
4 17 161799
4 14 161808
4 0 161808
4 24 161815
4 31 161823
4 29 161827
4 9 161828
4 16 161832
4 15 161833
4 17 161833
4 25 161834
4 14 161843
4 16 161845
4 3 161846
4 6 161854
4 27 161857
4 29 161857
4 9 161861
4 20 161869
4 12 161872
4 19 161877
4 15 161883
4 30 161891
4 5 161895
4 28 161895
4 22 161898
4 23 161905
4 21 161905
4 32 161911
5 19 161915
5 22 161921
5 1 161926
5 32 161931
5 14 161933
5 24 161934
5 15 161939
5 0 161948
5 23 161955
5 31 161960
5 18 161967
5 28 161968
5 4 161970
5 1 161974
5 12 161977
5 2 161977
5 10 161981
6 25 161986
6 21 161989
6 16 161993
6 0 162002
6 27 162007
6 1 162013
6 11 162019
6 28 162027
6 7 162031
6 31 162035
6 32 162037
6 13 162046
6 26 162051
6 18 162054
6 3 162061
6 29 162063
6 20 162063
6 9 162064
6 10 162064
6 17 162067
6 17 162074
6 20 162077
6 11 162078
6 24 162081
6 15 162089
6 30 162095
6 32 162099
6 2 162100
6 13 162105
6 23 162113
6 8 162115
6 12 162115
6 4 162122
6 31 162126
6 16 162135
6 25 162137
6 19 162139
6 1 162148
6 26 162155
6 14 162160
6 10 162160
7 14 162166
7 32 162167
7 5 162172
7 9 162177
7 25 162182
7 27 162185
7 21 162192
7 4 162201
7 16 162204
7 18 162210
7 26 162219
7 11 162219
7 17 162220
7 8 162229
7 29 162234
7 1 162236
7 6 162236
7 15 162237
7 28 162246
7 14 162254
7 11 162255
7 15 162257
7 13 162264
7 22 162269
7 6 162275
7 20 162283
7 0 162289
7 19 162292
7 28 162292
7 8 162298
7 3 162306
7 32 162311
7 12 162320
7 26 162322
8 13 162326
8 19 162332
8 0 162340
8 23 162349
8 30 162349
8 18 162356
8 20 162356
8 25 162363
8 28 162371
8 31 162377
8 24 162384
8 6 162390
8 6 162396
8 32 162404
8 7 162404
8 20 162408
8 21 162411
8 24 162413
8 29 162420
8 12 162420
8 22 162426
8 14 162432
8 2 162437
8 31 162438
9 27 162444
9 16 162450
9 4 162459
9 32 162467
9 15 162476
9 26 162483
9 31 162484
9 29 162486
9 6 162495
9 20 162501
9 5 162506
9 17 162507
9 28 162515
9 24 162516
9 0 162518
9 19 162521
9 16 162528
9 24 162535
9 27 162542
9 23 162545
9 12 162552
9 29 162558
9 2 162565
9 11 162573
9 25 162579
9 14 162587
9 20 162595
9 3 162598
9 32 162607
10 15 162615
10 17 162620
10 27 162620
11 10 162623
11 8 162627
11 17 162633
11 27 162635
11 6 162635
11 18 162643
11 9 162643
11 7 162649
11 31 162654
11 20 162659
11 14 162665
11 2 162670
11 16 162676
11 26 162680
11 23 162687
11 30 162694
11 3 162696
11 13 162703
11 8 162712
11 3 162714
11 10 162716
11 15 162717
11 16 162719
11 12 162728
11 29 162732
11 2 162734
11 23 162735
11 32 162739
11 25 162745
11 5 162751
11 18 162754
11 20 162762
11 28 162766
11 30 162769
13 18 162776
13 7 162785
13 2 162787
13 3 162791
13 32 162795
13 5 162801
13 29 162805
13 27 162809
13 15 162814
13 0 162822
13 24 162824
13 23 162830
13 12 162836
13 4 162842
13 28 162848
13 10 162853
13 6 162857
13 7 162859
13 16 162862
13 18 162863
13 28 162867
13 3 162872
13 30 162876
13 19 162885
13 8 162892
13 31 162901
13 21 162903
13 11 162905
13 24 162909
13 5 162918
13 4 162920
14 27 162923
14 10 162930
14 11 162939
14 9 162947
14 7 162956
14 19 162965
14 12 162973
14 13 162975
14 8 162976
14 4 162977
14 32 162984
14 25 162991
14 27 162995
14 21 163003
14 16 163012
14 26 163021
14 31 163030
14 30 163032
14 12 163041
14 9 163041
14 2 163050
14 29 163056
15 19 163065
15 20 163069
15 25 163072
15 16 163072
15 17 163074
15 23 163075
15 22 163083
16 23 163083
16 12 163090
16 18 163096
16 25 163103
16 10 163107
16 15 163115
16 11 163118
16 29 163118
16 28 163124
16 6 163125
16 20 163126
16 4 163126
16 8 163131
16 30 163133
16 26 163134
16 7 163139
16 0 163146
16 1 163148
16 27 163150
16 21 163154
16 5 163162
16 31 163164
16 27 163164
16 25 163172
16 22 163181
16 6 163189
16 1 163189
16 15 163193
16 21 163199
16 3 163207
16 30 163215
16 20 163215
16 8 163219
16 19 163224
16 13 163224
16 26 163226
16 18 163230
16 10 163234
16 32 163241
17 32 163248
17 31 163253
17 6 163260
17 5 163260
17 22 163265
17 4 163270
17 21 163274
17 9 163282
17 18 163287
17 9 163291
17 3 163300
17 15 163308
17 8 163314
17 0 163319
17 22 163328
17 1 163330
17 28 163338
18 6 163347
18 12 163355
18 15 163362
18 31 163370
18 13 163373
18 20 163378
18 21 163382
18 28 163391
18 16 163398
18 11 163401
18 10 163408
18 4 163412
18 7 163419
18 14 163428
18 3 163436
18 19 163438
18 23 163439
18 9 163444
18 29 163449
18 24 163454
18 30 163463
18 25 163466
18 2 163467
18 11 163471
18 15 163476
18 32 163481
18 3 163490
18 25 163494
18 31 163502
18 23 163511
18 21 163517
18 13 163526
18 16 163527
18 10 163531
18 26 163534
18 5 163540
18 28 163548
18 27 163552
18 6 163555
18 29 163556
18 22 163563
19 17 163568
19 10 163576
19 29 163580
19 4 163587
19 3 163587
19 25 163594
19 30 163598
19 7 163601
19 5 163602
19 15 163605
19 16 163610
19 18 163611
19 32 163616
19 8 163617
19 26 163619
19 31 163624
19 21 163627
19 20 163632
19 24 163632
19 0 163638
19 25 163638
19 12 163644
19 11 163647
19 9 163656
19 21 163660
19 6 163665
19 3 163673
19 29 163675
19 10 163675
19 31 163680
19 17 163683
19 8 163690
19 16 163690
19 13 163690
19 5 163692
20 17 163692
20 2 163700
20 15 163704
20 7 163712
20 24 163713
20 18 163716
20 16 163721
20 1 163729
20 25 163737
20 6 163746
20 27 163748
20 5 163749
20 4 163758
20 19 163762
20 12 163766
20 28 163773
20 31 163778
20 30 163783
20 29 163791
20 19 163794
20 14 163798
20 2 163804
20 7 163812
20 10 163817
20 3 163818
20 12 163824
20 31 163825
20 13 163831
20 8 163831
20 6 163835
20 1 163839
20 4 163845
20 0 163851
20 5 163854
20 32 163857
20 21 163862
20 17 163868
22 14 163875
22 26 163876
22 12 163884
22 17 163884
22 29 163887
22 25 163887
22 15 163895
22 3 163898
22 1 163902
22 8 163906
22 27 163908
22 20 163912
22 21 163916
22 0 163916
22 2 163921
22 32 163924
22 13 163926
22 16 163931
22 18 163937
22 26 163937
22 8 163939
22 24 163948
22 21 163956
22 31 163965
22 30 163965
22 16 163969
22 12 163976
22 10 163983
22 2 163983
22 4 163990
22 17 163990
22 15 163993
23 31 163993
23 32 163996
24 16 164001
24 2 164004
24 31 164007
24 29 164013
24 7 164020
24 8 164023
24 27 164031
24 30 164039
24 26 164047
24 14 164049
25 29 164054
25 9 164055
25 24 164058
25 28 164060
25 0 164060
25 7 164060
25 11 164067
25 16 164071
25 20 164076
25 17 164083
25 1 164085
25 18 164089
25 12 164090
25 30 164092
25 2 164097
25 18 164106
25 13 164106
25 16 164113
25 26 164117
25 28 164120
25 6 164125
25 5 164128
25 23 164133
25 22 164139
25 11 164145
25 10 164150
25 8 164157
25 0 164162
25 27 164171
25 29 164176
25 7 164178
25 1 164184
25 20 164185
25 15 164189
25 12 164189
26 27 164190
26 15 164197
26 19 164205
26 32 164210
26 7 164210
26 1 164219
26 17 164225
26 21 164230
26 22 164236
26 13 164237
26 8 164244
26 12 164245
26 6 164250
26 24 164258
26 16 164260
26 3 164262
26 27 164267
26 7 164276
26 14 164276
26 11 164276
26 3 164276
26 16 164280
26 6 164285
26 17 164289
26 15 164297
26 10 164298
26 13 164307
26 0 164314
26 8 164322
26 31 164330
26 9 164335
26 29 164335
26 5 164337
27 30 164343
27 16 164351
27 14 164351
27 20 164357
27 29 164360
27 21 164369
27 2 164369
27 31 164372
27 9 164381
27 4 164387
27 15 164388
27 0 164388
27 13 164394
27 1 164401
27 22 164409
27 25 164417
27 12 164424
27 25 164427
27 7 164428
27 2 164432
27 30 164436
27 29 164445
27 1 164454
27 3 164460
27 5 164466
27 17 164467
27 6 164473
27 19 164482
27 28 164490
27 14 164495
27 20 164499
27 23 164504
27 8 164505
27 32 164510
29 27 164519
29 0 164519
29 4 164519
29 23 164519
29 24 164525
29 20 164531
29 18 164534
29 8 164538
29 15 164546
29 25 164550
29 28 164558
29 3 164564
29 10 164564
29 19 164564
29 22 164567
29 5 164569
29 23 164578
29 9 164580
29 16 164581
29 2 164584
29 3 164590
29 27 164592
29 11 164600
29 14 164604
29 0 164606
29 32 164609
29 26 164611
29 20 164620
29 17 164625
29 7 164627
29 13 164631
29 10 164637
29 8 164637
30 22 164641
30 5 164646
30 10 164647
30 7 164654
30 21 164662
31 32 164666
31 19 164673
31 10 164680
31 16 164689
31 9 164693
31 0 164702
31 6 164702
31 17 164708
31 13 164715
31 23 164723
31 18 164730
31 4 164732
31 27 164738
31 11 164741
31 14 164747
31 28 164756
31 3 164758
31 20 164767
31 12 164772
31 2 164776
31 26 164783
31 29 164791
31 21 164793
31 27 164798
31 7 164807
31 19 164812
31 14 164817
31 8 164822
31 15 164827
31 4 164831
31 16 164832
31 12 164833
31 10 164838
31 3 164840
31 11 164840
31 1 164841
31 5 164848
31 28 164851
31 22 164855
32 23 164863
32 18 164865
32 8 164869
32 16 164869
32 3 164875
32 10 164882
32 11 164883
32 12 164887
32 31 164888
32 15 164889
32 17 164893
32 10 164901
32 30 164906
32 19 164913
32 28 164916
32 24 164918
32 9 164918
32 4 164921
32 26 164927
32 7 164928
32 25 164931
32 27 164935
