35
true
0 20 190586
0 16 190592
0 11 190592
0 2 190598
0 8 190604
0 12 190604
0 5 190609
0 18 190614
0 32 190617
0 27 190624
0 25 190627
0 6 190635
0 3 190640
0 34 190647
0 34 190655
0 3 190661
0 18 190666
0 32 190674
0 8 190680
0 33 190680
0 24 190687
0 7 190687
0 10 190696
0 11 190702
0 19 190706
0 9 190715
0 28 190716
0 2 190721
0 1 190725
0 6 190727
1 23 190734
1 11 190735
1 18 190741
1 34 190748
1 15 190750
1 6 190759
1 27 190762
1 9 190762
2 28 190766
2 31 190775
2 0 190784
2 26 190789
2 34 190798
2 29 190805
2 4 190814
2 5 190815
2 13 190821
2 12 190827
2 16 190831
2 15 190840
2 27 190849
2 14 190858
2 30 190864
2 22 190873
2 21 190881
2 23 190884
2 17 190888
2 33 190889
2 8 190893
2 28 190894
2 26 190901
2 30 190907
2 31 190915
2 19 190923
2 22 190925
2 1 190933
2 18 190936
2 5 190941
2 24 190942
2 9 190945
2 27 190948
2 16 190948
2 7 190956
3 4 190962
3 18 190966
3 10 190966
3 33 190970
3 8 190971
3 32 190980
3 30 190989
3 11 190993
3 15 190997
3 12 191003
3 25 191008
3 20 191012
3 6 191014
3 26 191015
3 2 191020
3 7 191029
3 1 191036
3 24 191041
3 27 191043
3 22 191045
3 17 191049
3 19 191052
3 31 191052
3 13 191053
3 0 191060
3 23 191068
3 14 191070
3 29 191079
3 10 191079
3 26 191088
3 11 191088
3 0 191092
3 4 191095
3 22 191104
3 30 191113
3 5 191119
3 33 191125
3 17 191132
3 27 191138
3 20 191142
3 1 191151
3 24 191152
3 7 191161
3 13 191167
4 28 191176
4 8 191185
4 26 191190
4 23 191194
4 22 191199
4 29 191200
4 31 191205
4 2 191213
4 24 191215
4 12 191219
4 5 191226
4 17 191235
4 34 191241
4 7 191243
4 30 191252
4 20 191259
4 9 191259
4 6 191266
4 11 191267
4 1 191272
4 10 191277
4 9 191280
4 16 191287
4 18 191296
4 12 191299
4 17 191305
4 3 191314
4 6 191314
4 26 191315
4 13 191324
4 15 191332
4 32 191340
4 24 191340
4 11 191345
4 14 191348
4 31 191350
4 33 191357
4 27 191362
4 2 191369
4 20 191377
4 8 191383
4 30 191391
4 1 191392
5 3 191400
5 13 191400
5 11 191401
5 8 191402
5 10 191404
5 4 191413
5 27 191415
5 21 191421
5 29 191427
5 28 191431
5 34 191434
5 20 191439
5 22 191439
5 18 191446
5 23 191450
5 9 191456
5 2 191459
5 1 191466
5 2 191472
5 26 191480
5 27 191480
5 34 191488
5 28 191490
5 32 191495
5 22 191499
5 25 191506
5 16 191506
5 10 191512
5 30 191521
5 11 191525
5 17 191531
5 18 191537
5 13 191546
5 1 191547
6 19 191554
6 31 191560
6 10 191566
6 33 191567
6 27 191575
6 23 191578
6 28 191580
6 7 191583
6 13 191590
6 12 191597
6 22 191604
6 17 191607
6 2 191614
6 25 191620
6 31 191628
6 4 191636
6 8 191639
6 19 191648
6 33 191654
6 23 191660
6 10 191667
6 20 191674
6 15 191678
6 5 191684
6 12 191692
6 0 191694
6 26 191694
7 4 191700
7 20 191705
7 17 191711
7 22 191715
7 28 191722
7 11 191729
7 25 191732
7 12 191735
7 14 191740
7 32 191749
8 4 191752
8 22 191756
8 17 191760
8 21 191769
8 14 191771
8 10 191780
8 2 191781
8 6 191783
8 19 191786
8 11 191794
8 16 191801
8 30 191804
8 18 191809
8 23 191817
8 34 191821
8 25 191824
8 19 191828
8 24 191835
8 5 191844
8 23 191846
8 18 191850
8 9 191854
8 4 191859
8 15 191865
8 26 191869
8 21 191870
8 25 191874
8 28 191878
8 27 191886
8 7 191892
8 12 191898
8 31 191901
9 14 191907
9 26 191912
9 20 191916
9 25 191918
9 0 191921
9 18 191922
10 9 191930
10 15 191938
10 28 191942
10 3 191942
10 4 191948
10 17 191950
10 1 191950
10 14 191956
10 22 191963
10 27 191972
10 16 191973
10 34 191975
10 31 191975
10 32 191978
10 8 191985
10 7 191994
10 23 192002
10 30 192011
10 6 192020
10 27 192027
10 25 192035
10 12 192040
10 26 192049
10 31 192057
10 22 192059
10 29 192060
10 19 192061
10 13 192063
10 34 192071
10 28 192080
10 21 192089
10 20 192091
10 24 192092
11 7 192101
11 9 192105
11 26 192111
11 3 192116
11 21 192116
11 4 192121
11 24 192127
11 18 192135
11 0 192138
11 12 192147
11 6 192155
11 33 192155
11 30 192159
11 2 192159
11 27 192164
11 22 192171
11 3 192171
11 20 192174
11 1 192178
11 31 192182
11 4 192190
11 10 192198
11 28 192203
11 16 192205
11 0 192206
11 5 192213
11 21 192215
11 9 192217
11 19 192221
12 4 192223
12 8 192229
12 15 192231
12 27 192231
12 32 192239
12 34 192239
12 13 192243
12 28 192243
12 19 192247
12 31 192254
12 5 192262
12 33 192264
12 30 192272
12 20 192276
12 18 192281
12 10 192290
12 17 192298
12 15 192299
12 23 192307
12 29 192308
12 32 192316
12 14 192319
12 31 192320
12 7 192325
12 2 192331
12 5 192334
12 21 192339
12 30 192343
12 27 192350
12 19 192358
12 13 192363
13 34 192367
13 9 192367
13 8 192373
13 21 192374
13 30 192379
13 24 192387
13 7 192392
13 33 192400
14 27 192409
14 13 192417
14 2 192419
14 33 192426
14 11 192429
14 20 192436
14 4 192440
14 24 192449
14 15 192456
14 28 192458
14 26 192465
14 34 192470
14 29 192479
14 13 192487
14 32 192489
14 22 192490
14 2 192495
14 18 192500
14 20 192505
14 24 192514
14 9 192517
14 1 192517
14 5 192523
14 15 192526
14 25 192535
14 28 192539
14 8 192541
14 29 192548
15 16 192557
15 13 192558
15 19 192563
15 31 192567
15 33 192572
15 6 192576
15 21 192583
15 11 192587
15 1 192590
15 7 192591
15 30 192597
15 32 192603
15 21 192612
15 10 192617
15 28 192620
15 4 192628
15 27 192633
15 34 192633
15 33 192637
16 18 192640
16 12 192641
16 7 192644
16 9 192649
16 28 192654
16 32 192655
16 6 192660
16 23 192663
16 15 192663
16 29 192668
16 0 192675
16 26 192681
16 33 192681
16 5 192690
16 34 192690
16 20 192699
16 11 192705
16 17 192710
16 8 192710
16 30 192717
16 13 192719
16 32 192723
16 4 192723
16 6 192723
16 11 192731
16 5 192733
16 24 192735
16 15 192741
16 34 192747
16 17 192748
16 21 192755
16 3 192755
16 20 192761
16 33 192769
16 14 192778
16 29 192780
16 7 192787
16 31 192794
16 12 192797
16 27 192806
16 25 192812
16 8 192812
17 33 192817
17 13 192826
17 25 192830
18 16 192833
18 4 192837
18 15 192843
18 10 192845
18 28 192849
18 5 192851
18 26 192856
18 34 192857
18 6 192863
18 19 192863
18 14 192863
18 7 192868
18 9 192877
18 30 192882
18 8 192885
18 27 192888
18 21 192896
18 13 192905
18 3 192907
18 2 192907
18 26 192908
18 3 192915
18 30 192922
18 33 192923
18 15 192923
18 1 192926
18 7 192930
18 32 192930
18 9 192932
18 16 192934
18 29 192936
18 28 192940
18 25 192941
18 14 192948
18 10 192955
18 23 192957
18 22 192962
18 12 192962
18 17 192966
19 13 192975
19 22 192975
19 27 192978
20 7 192985
20 29 192985
20 5 192991
20 2 192998
20 17 193001
20 30 193008
20 15 193014
20 24 193017
20 25 193022
20 12 193022
20 28 193025
20 27 193029
20 6 193032
20 14 193035
20 21 193041
20 11 193048
20 33 193051
20 31 193059
20 0 193067
20 10 193075
20 34 193077
20 23 193082
20 16 193091
20 9 193093
20 8 193097
20 15 193106
20 7 193114
20 12 193118
20 32 193123
20 22 193130
20 21 193132
20 27 193141
20 16 193145
20 31 193146
20 26 193155
20 1 193157
20 19 193162
20 24 193171
20 10 193176
20 11 193180
20 3 193183
20 0 193191
20 34 193196
20 14 193202
20 9 193207
20 4 193214
20 5 193216
22 12 193222
22 0 193223
22 27 193227
22 19 193227
22 15 193233
22 20 193234
22 30 193241
22 32 193249
22 21 193254
22 9 193255
22 10 193259
22 29 193266
22 1 193275
22 31 193276
22 8 193283
22 11 193291
22 33 193297
22 6 193305
22 28 193307
22 26 193309
22 24 193315
22 30 193318
22 5 193321
22 14 193325
22 20 193333
22 11 193334
22 19 193342
22 10 193349
22 9 193351
22 23 193353
22 1 193355
22 4 193364
22 17 193366
22 12 193374
22 8 193382
22 31 193387
22 15 193390
22 16 193395
22 26 193401
23 8 193403
23 30 193411
23 1 193414
23 5 193416
23 17 193425
23 0 193434
23 21 193437
23 24 193446
23 7 193452
23 34 193453
23 6 193453
23 3 193462
23 27 193468
23 13 193475
23 20 193482
23 14 193485
23 32 193486
23 14 193486
23 19 193492
23 9 193494
23 34 193498
23 12 193504
23 15 193510
23 21 193519
23 26 193528
23 17 193536
23 6 193541
23 27 193545
23 16 193550
23 11 193551
23 7 193552
23 30 193559
23 5 193563
23 29 193565
25 30 193565
25 6 193574
25 16 193580
25 18 193583
25 21 193587
25 5 193591
25 33 193592
25 9 193592
26 28 193595
26 6 193598
26 25 193607
26 5 193616
26 20 193619
26 33 193620
26 12 193624
26 24 193624
26 27 193626
26 16 193635
26 7 193637
26 23 193645
26 16 193651
26 13 193653
26 7 193661
26 11 193665
26 0 193667
26 21 193670
26 1 193672
26 9 193676
26 22 193685
26 34 193691
26 33 193693
26 20 193701
27 7 193709
27 2 193716
27 4 193722
27 21 193731
27 5 193735
27 15 193739
27 24 193744
27 11 193746
27 17 193748
27 23 193749
27 8 193753
27 22 193757
27 29 193759
27 9 193766
27 0 193766
27 12 193767
27 5 193773
27 3 193780
27 34 193787
27 18 193794
27 13 193796
27 21 193804
27 28 193809
27 14 193812
27 22 193816
27 1 193821
27 30 193825
27 15 193832
27 17 193839
27 20 193844
28 33 193853
28 0 193858
28 3 193863
28 25 193868
28 1 193873
29 18 193874
29 9 193875
29 8 193875
29 25 193879
29 2 193886
29 20 193893
29 31 193900
29 28 193907
29 27 193910
29 4 193910
29 19 193913
29 34 193919
29 33 193920
29 27 193928
29 13 193928
29 12 193934
29 2 193935
29 14 193936
29 20 193940
29 24 193942
29 21 193946
29 26 193951
29 9 193960
29 10 193968
29 25 193970
29 23 193973
30 17 193982
30 19 193985
30 28 193991
30 11 193991
30 33 193993
30 9 193997
30 14 194004
30 5 194011
30 15 194017
30 4 194019
30 6 194019
30 27 194027
30 18 194028
30 9 194032
30 8 194040
30 12 194041
30 1 194050
30 13 194056
30 28 194063
30 32 194072
30 5 194072
30 15 194074
30 31 194078
30 4 194081
30 27 194082
30 11 194085
31 12 194085
31 18 194085
31 15 194086
31 34 194093
31 2 194102
31 5 194109
31 11 194117
31 24 194117
31 7 194124
31 1 194129
31 8 194134
31 30 194134
31 13 194138
31 12 194141
31 18 194145
31 23 194153
31 22 194157
31 9 194160
32 24 194162
32 26 194163
32 10 194169
32 8 194178
32 3 194185
32 18 194190
32 33 194199
32 25 194203
32 15 194203
32 13 194212
32 17 194215
32 2 194223
32 12 194224
32 34 194225
32 0 194225
32 21 194233
32 16 194233
32 22 194233
32 3 194235
32 21 194238
32 11 194247
32 5 194249
32 18 194252
32 33 194259
32 0 194265
32 12 194274
32 8 194282
32 34 194282
32 6 194287
32 9 194288
32 19 194293
33 23 194296
33 8 194304
33 10 194304
33 11 194304
33 18 194304
33 13 194304
33 22 194308
33 14 194310
33 15 194317
33 12 194322
33 34 194327
33 17 194329
33 32 194330
33 11 194334
33 5 194340
33 23 194348
33 16 194353
33 10 194353
33 31 194362
33 27 194366
33 34 194372
33 25 194373
33 3 194378
34 32 194378
34 4 194385
34 6 194393
34 3 194402
34 23 194402
34 31 194403
34 8 194403
34 5 194408
34 20 194408
34 26 194417
34 14 194424
34 2 194426
34 21 194431
34 19 194435
34 17 194440
34 30 194447
34 28 194453
34 11 194458
34 1 194464
34 16 194469
34 24 194470
34 15 194472
34 31 194477
34 18 194478
34 19 194485
34 22 194494
34 32 194502
34 20 194508
34 7 194517
34 14 194525
34 11 194531
34 27 194535
34 8 194543
34 9 194547
34 30 194554
34 1 194562
34 4 194568
34 21 194572
34 29 194579
