39
true
0 21 264050
0 12 264056
0 5 264056
0 8 264062
0 22 264068
0 10 264068
0 32 264073
0 36 264076
0 20 264083
0 4 264084
0 9 264092
0 6 264099
0 15 264099
0 27 264107
0 25 264110
0 13 264112
0 8 264115
0 33 264123
0 28 264127
0 21 264129
0 14 264134
0 2 264143
0 36 264147
0 17 264150
0 26 264152
0 37 264155
0 20 264159
0 31 264161
0 32 264169
0 30 264175
0 11 264178
0 5 264182
1 2 264184
1 3 264193
1 37 264196
1 14 264196
1 22 264204
1 31 264210
1 4 264210
1 38 264211
1 11 264215
1 6 264224
1 34 264228
1 29 264233
1 32 264240
1 28 264246
1 18 264252
1 17 264256
1 8 264256
1 19 264265
1 21 264265
1 6 264272
1 11 264278
1 37 264281
1 35 264285
1 27 264286
1 34 264290
1 36 264291
1 26 264298
1 12 264304
1 33 264312
1 7 264320
1 25 264322
1 15 264323
1 28 264326
1 17 264332
1 18 264337
1 31 264338
1 16 264346
2 37 264349
2 6 264352
2 34 264355
2 38 264355
2 18 264363
2 0 264367
2 17 264375
2 27 264375
2 10 264378
2 20 264379
2 19 264388
2 33 264397
2 25 264397
2 11 264399
2 31 264399
2 26 264402
2 29 264404
2 9 264405
2 7 264406
2 8 264413
2 19 264418
2 15 264425
2 22 264426
2 10 264433
2 37 264437
2 35 264437
2 25 264441
2 33 264442
2 11 264444
2 21 264447
2 20 264449
2 27 264454
2 14 264454
2 13 264454
2 30 264462
2 24 264465
3 1 264474
3 8 264483
3 30 264489
3 36 264496
3 5 264498
3 31 264498
3 38 264498
3 29 264507
3 21 264508
3 22 264508
3 14 264517
3 19 264517
3 0 264523
3 18 264523
3 15 264529
3 26 264532
3 24 264540
3 6 264545
3 2 264549
3 26 264554
3 38 264555
3 19 264560
3 2 264568
3 8 264575
3 9 264575
3 13 264582
3 22 264586
3 16 264595
3 32 264599
3 15 264601
3 31 264603
3 21 264603
3 23 264608
3 0 264614
4 10 264620
4 8 264624
4 7 264629
4 38 264638
4 12 264644
4 18 264652
4 24 264659
4 33 264661
4 29 264670
4 17 264670
4 20 264672
4 31 264681
4 30 264689
4 2 264697
4 0 264701
4 14 264706
4 5 264709
4 35 264717
4 26 264718
4 9 264723
4 37 264730
4 25 264735
4 3 264741
4 22 264741
4 10 264749
4 1 264749
4 23 264755
4 15 264763
4 25 264764
4 32 264766
4 36 264775
4 2 264777
4 18 264783
4 28 264787
4 14 264793
4 20 264802
4 6 264802
4 0 264809
4 26 264809
4 7 264816
4 34 264824
4 21 264831
4 17 264838
4 9 264844
4 35 264852
4 24 264857
4 16 264865
4 30 264867
4 8 264874
5 29 264877
5 30 264877
5 1 264878
5 18 264885
5 34 264888
5 15 264896
5 11 264904
5 9 264913
5 35 264920
5 13 264921
5 10 264927
5 31 264934
5 20 264940
5 27 264943
5 19 264951
5 35 264954
5 3 264962
5 13 264969
5 29 264977
5 30 264979
6 0 264986
6 14 264989
6 9 264996
6 29 265002
6 15 265004
6 34 265012
6 22 265017
6 33 265023
6 32 265031
6 30 265034
6 17 265043
6 20 265049
6 36 265053
6 1 265060
6 26 265064
6 16 265067
6 18 265067
6 28 265071
6 1 265071
6 36 265076
6 14 265082
6 23 265087
6 25 265093
6 32 265100
6 15 265107
6 30 265109
6 21 265118
6 4 265127
6 38 265136
6 3 265138
6 22 265140
6 0 265141
6 11 265146
6 24 265155
6 5 265162
6 20 265163
6 2 265164
6 35 265168
7 11 265174
7 23 265179
7 27 265182
7 20 265190
7 28 265194
7 33 265197
7 0 265206
7 18 265215
7 29 265220
7 6 265223
7 12 265226
7 4 265235
7 37 265244
7 17 265250
7 8 265251
7 16 265259
7 9 265267
7 26 265273
7 38 265279
7 9 265285
7 25 265291
7 29 265296
7 19 265302
7 1 265307
7 24 265311
7 30 265311
7 28 265319
7 12 265325
7 16 265333
7 4 265336
7 17 265344
7 13 265353
7 10 265362
7 27 265364
7 14 265364
7 37 265370
7 22 265377
7 3 265386
7 6 265395
7 36 265401
7 32 265410
7 34 265412
9 21 265420
9 25 265427
9 6 265435
9 16 265444
9 10 265453
9 37 265460
9 0 265468
9 22 265473
9 17 265474
9 1 265475
9 26 265482
9 10 265491
9 5 265496
9 0 265497
9 24 265499
9 32 265507
9 38 265516
9 34 265525
9 30 265534
9 18 265534
9 11 265543
10 6 265544
10 3 265547
10 18 265553
11 17 265558
11 22 265564
11 1 265572
11 18 265575
11 15 265584
11 27 265592
11 32 265592
11 20 265592
11 6 265599
11 9 265605
11 31 265612
11 19 265616
11 25 265623
11 37 265623
11 35 265626
11 2 265630
11 29 265631
11 33 265631
11 23 265637
11 38 265645
11 7 265646
11 2 265651
11 30 265651
11 0 265651
11 24 265652
11 27 265658
11 9 265660
11 3 265664
11 36 265668
11 32 265676
11 13 265678
11 20 265680
11 21 265688
11 15 265688
11 28 265692
11 19 265692
11 10 265695
13 3 265704
13 15 265706
13 17 265706
13 14 265710
13 25 265715
13 27 265724
13 8 265726
13 1 265727
13 36 265735
13 33 265739
13 10 265746
13 16 265750
13 5 265757
13 22 265762
13 0 265769
13 2 265769
13 35 265770
13 11 265774
13 4 265779
13 16 265781
13 9 265785
13 3 265793
13 29 265796
13 25 265804
13 0 265813
13 6 265819
13 17 265820
13 18 265825
13 19 265827
13 23 265835
13 34 265837
14 20 265840
14 34 265842
14 19 265849
14 31 265852
14 2 265857
14 6 265866
14 8 265875
14 25 265875
14 1 265878
14 23 265881
14 38 265890
14 15 265895
14 22 265904
14 24 265912
14 28 265914
14 30 265916
14 36 265924
14 11 265924
14 29 265928
14 18 265937
14 5 265938
14 12 265947
14 21 265953
14 10 265961
14 17 265970
14 35 265977
14 31 265983
14 4 265991
14 13 266000
14 1 266001
14 6 266002
14 9 266007
14 25 266011
14 23 266018
14 15 266024
14 38 266030
14 11 266037
14 3 266042
14 7 266049
14 10 266055
14 32 266058
14 35 266066
14 24 266066
14 0 266070
14 5 266073
14 20 266074
14 12 266077
14 33 266083
14 29 266088
14 8 266090
15 1 266098
15 26 266101
16 36 266106
16 24 266113
16 0 266119
16 31 266119
16 15 266125
16 5 266128
16 21 266137
16 20 266137
16 18 266146
16 9 266152
16 35 266154
16 25 266154
16 33 266161
16 26 266161
16 13 266163
16 37 266163
16 7 266163
16 28 266171
16 8 266173
16 4 266175
16 3 266181
16 30 266185
16 15 266186
16 2 266193
16 32 266193
16 25 266199
16 37 266207
16 18 266211
16 3 266220
16 36 266222
16 20 266223
16 14 266232
16 31 266235
16 34 266244
16 17 266250
16 30 266251
16 33 266251
16 35 266254
16 21 266259
16 29 266267
16 13 266270
16 11 266275
16 19 266279
17 35 266284
17 27 266293
17 4 266299
17 2 266303
17 23 266309
17 15 266309
17 19 266311
17 16 266317
17 13 266326
17 20 266327
17 0 266332
17 38 266340
17 8 266343
17 34 266351
17 22 266354
17 33 266359
17 32 266359
17 31 266363
17 4 266363
17 33 266371
17 8 266371
17 28 266372
17 30 266380
17 36 266383
17 19 266387
17 10 266389
17 0 266391
17 29 266393
17 23 266397
17 12 266401
17 15 266401
17 32 266402
18 29 266405
18 25 266407
18 19 266412
18 37 266419
18 20 266426
18 11 266428
18 23 266430
18 9 266434
18 8 266437
18 1 266446
18 36 266446
18 22 266449
18 16 266449
18 4 266456
18 33 266456
18 23 266462
18 35 266462
18 38 266465
18 10 266472
18 24 266478
18 27 266481
18 31 266486
18 1 266486
18 11 266493
18 4 266498
18 32 266501
18 12 266502
18 14 266503
18 3 266511
18 22 266517
19 18 266525
19 9 266530
19 20 266534
19 36 266539
19 35 266544
19 24 266545
19 5 266549
19 29 266549
19 12 266552
19 25 266552
19 5 266559
19 14 266561
19 37 266568
19 26 266570
19 16 266577
19 31 266579
19 17 266588
19 33 266592
19 18 266593
20 38 266594
20 35 266603
20 29 266607
20 14 266614
20 28 266621
20 32 266625
20 7 266628
20 0 266633
20 23 266636
20 17 266642
20 15 266651
20 37 266656
20 8 266663
20 18 266668
20 33 266677
20 9 266681
20 2 266683
20 36 266688
20 13 266688
20 3 266688
20 15 266695
20 7 266701
20 33 266702
20 16 266706
20 32 266713
20 22 266722
20 17 266731
20 10 266732
20 12 266740
20 21 266741
20 18 266746
20 24 266754
20 28 266756
20 31 266762
20 19 266765
20 8 266771
20 34 266774
20 26 266777
20 38 266777
20 29 266777
20 30 266777
20 2 266782
21 17 266789
21 30 266791
21 38 266793
21 32 266795
21 27 266804
21 7 266806
21 1 266814
21 24 266819
21 18 266821
21 16 266824
21 11 266826
21 22 266831
21 13 266839
21 32 266840
21 25 266847
21 8 266849
21 14 266857
21 1 266860
21 2 266865
21 11 266867
21 24 266873
21 9 266882
21 34 266885
21 30 266894
22 35 266898
22 4 266899
22 37 266905
22 13 266913
22 28 266920
23 27 266927
23 30 266927
23 28 266931
23 26 266933
23 9 266940
23 1 266940
23 32 266946
23 8 266948
23 21 266952
23 25 266952
23 6 266959
23 35 266968
23 14 266977
23 33 266984
23 20 266989
23 11 266995
23 16 266996
23 24 266998
23 3 267002
23 33 267011
23 36 267011
23 31 267011
23 8 267011
23 30 267017
23 21 267023
23 15 267026
23 14 267030
23 5 267034
23 7 267038
23 32 267038
23 9 267041
23 34 267041
23 22 267041
23 10 267042
23 1 267045
23 37 267048
23 29 267057
23 12 267059
24 26 267068
24 18 267070
24 16 267071
24 23 267074
24 6 267080
24 13 267082
24 27 267083
24 15 267089
24 19 267095
24 13 267103
24 6 267107
24 17 267116
24 11 267119
24 32 267124
24 30 267129
24 7 267131
24 35 267138
24 37 267142
24 5 267142
25 1 267146
25 32 267151
25 18 267160
25 2 267162
25 28 267164
26 8 267168
26 7 267175
26 25 267180
26 12 267184
26 34 267193
26 21 267197
26 15 267206
26 27 267211
26 11 267219
26 3 267228
26 38 267236
26 0 267243
26 31 267245
26 32 267250
26 35 267253
26 18 267256
26 29 267265
26 33 267273
26 1 267273
26 2 267281
26 27 267286
26 21 267290
26 25 267299
26 7 267304
26 5 267309
26 8 267314
26 0 267319
26 34 267323
26 4 267324
26 36 267325
26 19 267325
26 32 267329
26 28 267336
26 13 267339
26 37 267347
26 15 267347
26 11 267351
26 20 267359
26 6 267361
26 35 267365
26 24 267371
26 17 267372
26 14 267373
27 0 267382
27 37 267383
27 36 267384
27 21 267393
27 20 267397
27 5 267398
27 16 267405
27 1 267408
27 15 267410
27 30 267410
27 31 267413
27 35 267419
27 10 267420
27 34 267423
27 16 267427
27 18 267431
27 36 267431
27 33 267434
27 28 267440
27 5 267442
27 8 267442
27 13 267450
27 26 267450
27 35 267451
27 1 267455
27 32 267462
27 29 267468
27 30 267474
28 35 267476
28 3 267477
28 18 267477
28 4 267482
28 25 267488
28 31 267492
28 16 267499
28 14 267502
28 19 267505
28 15 267512
28 8 267515
28 29 267516
28 32 267518
28 11 267526
28 10 267526
28 22 267527
28 2 267527
28 5 267531
28 21 267535
28 1 267542
28 12 267545
28 3 267549
28 5 267555
28 6 267555
28 10 267563
28 15 267571
28 0 267579
28 1 267582
28 32 267587
28 25 267587
28 33 267596
28 17 267599
28 27 267607
28 13 267614
28 8 267623
28 19 267623
28 18 267624
28 20 267631
28 14 267639
28 16 267642
28 36 267651
28 23 267652
28 9 267660
29 33 267667
29 24 267676
29 17 267684
29 10 267684
29 18 267692
29 31 267693
29 15 267697
29 26 267706
29 12 267713
29 37 267721
29 21 267721
29 20 267729
29 0 267731
29 12 267733
29 11 267740
29 24 267745
29 36 267749
29 1 267752
29 31 267754
29 35 267755
29 23 267759
29 27 267767
29 21 267773
29 6 267773
29 33 267779
29 32 267781
29 25 267790
29 37 267790
29 34 267798
29 17 267798
30 10 267807
30 29 267813
30 36 267822
30 24 267831
30 8 267831
30 23 267832
30 7 267832
30 20 267837
30 14 267838
30 1 267842
30 4 267843
30 13 267850
30 18 267851
30 17 267855
30 35 267862
30 31 267867
30 25 267868
30 37 267874
30 33 267879
30 5 267885
30 11 267890
30 32 267891
30 15 267896
30 38 267897
30 16 267900
30 4 267904
30 29 267906
30 32 267908
30 1 267917
30 31 267922
30 14 267924
30 23 267932
30 11 267938
30 16 267941
30 19 267944
30 34 267953
30 37 267958
30 24 267964
30 9 267973
30 27 267977
30 38 267982
30 21 267985
30 20 267986
30 25 267993
31 27 268001
31 14 268007
31 22 268008
31 3 268011
31 1 268020
31 30 268023
31 6 268031
31 15 268040
31 34 268040
31 24 268045
31 12 268048
31 33 268052
31 0 268052
31 16 268058
31 5 268063
31 28 268065
31 2 268069
31 10 268075
31 11 268076
31 38 268080
31 25 268086
31 36 268091
31 9 268095
31 30 268099
31 17 268103
31 22 268104
31 7 268109
31 2 268110
31 20 268118
31 28 268123
31 16 268124
31 8 268128
31 5 268136
31 3 268138
31 32 268140
31 25 268143
31 9 268145
31 38 268148
31 37 268148
31 0 268156
31 23 268159
31 1 268162
31 14 268169
31 6 268173
31 36 268175
32 12 268184
32 8 268186
32 20 268190
32 5 268199
32 26 268207
32 19 268215
32 33 268221
32 16 268226
32 34 268234
32 24 268238
32 25 268238
32 1 268246
32 9 268246
32 17 268251
32 23 268253
32 30 268257
32 12 268261
32 10 268267
32 11 268273
32 4 268273
32 6 268278
32 29 268284
32 19 268284
32 15 268285
32 7 268286
32 38 268294
32 13 268295
32 18 268303
32 2 268303
32 36 268303
32 21 268310
32 3 268319
33 35 268328
33 7 268332
33 26 268335
33 34 268342
33 31 268345
33 20 268346
33 3 268348
33 4 268353
33 37 268356
33 5 268356
33 24 268362
33 19 268369
34 31 268377
34 9 268380
34 11 268389
34 36 268392
34 0 268393
34 5 268401
34 8 268405
35 28 268412
35 15 268415
35 12 268416
35 36 268419
35 30 268426
35 21 268429
35 1 268432
35 22 268435
35 24 268438
35 27 268447
35 13 268451
35 4 268452
35 37 268453
35 10 268455
35 25 268455
35 16 268464
35 22 268472
35 31 268474
35 18 268481
35 3 268482
35 23 268487
35 28 268490
35 32 268495
35 9 268497
35 37 268498
35 21 268502
35 5 268502
35 17 268505
35 24 268512
35 7 268512
35 8 268512
35 11 268515
35 29 268515
35 27 268521
35 0 268524
36 26 268529
36 27 268530
36 32 268537
36 15 268543
36 19 268551
36 20 268557
36 22 268561
36 31 268562
36 11 268567
36 12 268572
36 2 268579
36 13 268582
36 24 268589
36 0 268593
36 14 268597
36 18 268597
36 33 268601
36 4 268604
36 35 268607
36 10 268615
36 5 268616
36 9 268623
36 30 268631
36 34 268639
36 10 268639
36 11 268644
36 19 268647
36 23 268654
36 33 268654
36 18 268657
36 32 268658
36 31 268664
36 24 268664
36 29 268673
36 35 268673
36 27 268677
36 14 268684
36 9 268693
36 0 268697
36 12 268700
36 3 268707
36 25 268707
36 15 268713
36 13 268717
36 7 268726
37 21 268732
37 27 268734
37 1 268738
37 3 268742
37 26 268751
37 11 268758
37 19 268766
37 0 268768
37 28 268768
37 8 268772
37 35 268781
37 15 268788
37 17 268795
37 14 268800
37 5 268806
37 20 268806
37 6 268813
37 10 268813
37 22 268821
37 23 268824
37 25 268827
37 30 268829
37 1 268838
37 29 268841
37 35 268846
37 30 268855
37 22 268855
37 12 268856
37 9 268860
37 21 268860
37 20 268864
37 6 268864
37 23 268871
37 31 268879
37 18 268885
37 28 268890
37 33 268893
37 17 268895
37 13 268904
37 11 268909
37 34 268916
37 7 268923
37 38 268929
37 8 268933
37 0 268933
37 2 268937
38 27 268941
38 4 268943
38 9 268943
38 11 268950
38 14 268958
38 1 268961
38 21 268961
38 31 268966
38 20 268973
38 28 268977
38 5 268977
38 30 268981
38 25 268981
38 24 268989
38 16 268989
38 7 268994
38 36 269001
38 15 269009
38 18 269015
38 0 269024
38 3 269031
38 23 269038
38 2 269040
38 20 269043
38 25 269047
38 8 269055
38 12 269056
38 14 269062
38 13 269068
38 32 269071
38 16 269075
38 17 269076
38 0 269084
38 10 269091
38 35 269095
38 18 269102
38 3 269110
38 27 269119
38 11 269123
38 37 269128
38 30 269133
38 1 269133
38 33 269136
38 28 269139
38 36 269143
