43
true
0 23 355045
0 16 355052
0 7 355061
0 34 355065
0 31 355065
0 30 355073
0 14 355080
0 41 355085
0 6 355088
0 28 355093
0 1 355098
0 35 355103
0 25 355107
0 5 355107
0 13 355116
0 8 355122
0 24 355123
0 18 355128
0 3 355131
0 40 355134
0 4 355138
0 2 355142
0 33 355149
0 32 355153
0 10 355162
0 23 355162
0 27 355167
0 3 355174
0 35 355182
0 2 355182
0 39 355186
0 37 355190
0 7 355199
0 22 355208
0 21 355215
0 14 355224
0 25 355224
0 13 355224
0 8 355224
0 42 355227
0 1 355235
0 33 355240
0 24 355245
0 6 355253
0 12 355260
0 38 355263
0 20 355272
0 18 355279
0 4 355287
0 16 355294
1 12 355294
1 32 355297
1 3 355304
1 5 355310
1 7 355319
1 18 355325
1 24 355331
1 21 355335
1 8 355342
1 26 355348
1 16 355348
1 20 355351
1 22 355358
1 9 355363
1 2 355371
1 23 355377
1 15 355385
1 31 355388
1 34 355393
1 4 355394
1 30 355400
1 41 355400
1 39 355401
1 38 355409
1 27 355418
1 40 355424
1 21 355425
1 29 355434
1 23 355441
1 16 355449
1 22 355456
1 15 355464
1 38 355471
1 18 355478
1 11 355482
1 32 355482
1 39 355489
1 40 355496
1 30 355499
1 2 355503
1 42 355510
1 41 355516
1 6 355521
1 19 355525
1 27 355529
1 10 355538
1 17 355542
1 4 355551
1 24 355556
1 20 355558
1 34 355562
2 17 355569
2 7 355572
2 28 355575
2 12 355582
2 25 355588
2 15 355596
2 34 355604
2 30 355610
2 11 355613
2 32 355619
2 42 355621
2 18 355627
2 37 355632
2 39 355640
2 12 355645
2 14 355653
2 6 355654
2 3 355654
3 10 355662
3 12 355669
3 35 355677
3 37 355683
3 15 355691
3 20 355700
3 30 355703
3 18 355709
3 41 355713
3 42 355722
3 29 355723
3 16 355726
3 23 355731
3 25 355731
3 17 355737
3 33 355740
3 2 355743
3 13 355748
3 5 355752
3 1 355757
3 9 355757
3 33 355762
3 20 355764
3 42 355766
3 19 355773
3 15 355782
3 28 355790
3 41 355798
3 7 355799
3 26 355805
3 27 355807
3 38 355807
3 21 355808
3 31 355809
3 13 355813
3 8 355818
3 17 355827
3 40 355829
4 12 355830
4 13 355838
4 15 355846
4 41 355850
4 2 355859
4 28 355860
4 34 355860
4 11 355866
4 6 355869
4 7 355869
4 35 355878
4 21 355878
4 36 355880
4 19 355888
4 14 355894
4 16 355896
4 18 355902
4 38 355911
4 33 355920
4 5 355923
4 1 355923
4 37 355929
4 23 355934
4 25 355941
4 8 355942
4 9 355950
4 19 355956
4 42 355960
4 1 355961
4 2 355964
4 5 355965
4 33 355967
4 21 355971
4 28 355979
4 31 355986
4 32 355991
4 18 355992
4 13 355998
4 38 356006
4 30 356014
4 26 356018
4 14 356021
4 39 356022
4 29 356027
4 22 356036
4 10 356037
4 36 356043
4 0 356047
5 1 356055
5 16 356059
5 40 356063
5 24 356064
5 17 356069
5 31 356073
5 12 356077
5 42 356085
5 41 356088
5 35 356096
5 26 356097
5 20 356105
5 9 356105
5 38 356105
5 18 356107
5 34 356110
5 28 356114
5 8 356122
5 3 356131
5 10 356140
5 25 356141
5 23 356143
5 37 356150
5 7 356152
5 15 356160
5 38 356169
5 3 356176
5 19 356183
5 23 356183
5 40 356183
5 31 356185
5 41 356188
5 13 356188
5 30 356196
5 22 356197
5 1 356205
5 8 356207
5 0 356211
5 34 356217
5 12 356218
5 25 356221
5 16 356222
5 11 356227
5 37 356231
5 26 356231
5 33 356240
6 28 356246
6 9 356251
6 33 356253
6 19 356261
6 31 356267
6 2 356271
6 38 356271
6 39 356277
6 7 356277
6 32 356283
6 42 356291
6 29 356300
6 18 356308
6 22 356312
6 11 356316
6 8 356316
6 25 356325
6 13 356326
6 41 356328
6 16 356337
6 42 356339
6 3 356342
6 35 356346
7 3 356353
7 15 356361
7 24 356369
7 14 356374
7 9 356376
7 30 356381
7 29 356384
7 0 356390
7 6 356394
7 28 356402
7 34 356407
7 18 356416
7 33 356425
7 25 356425
7 40 356426
7 16 356428
7 41 356437
7 42 356439
7 37 356445
7 17 356448
7 10 356452
7 14 356452
7 42 356461
7 36 356463
7 5 356467
7 3 356468
7 0 356474
7 21 356479
7 24 356479
7 30 356486
7 26 356491
7 34 356492
7 31 356499
7 17 356499
7 23 356501
7 41 356503
7 16 356508
7 11 356510
7 15 356516
7 2 356517
7 40 356521
8 27 356524
8 7 356529
8 10 356537
8 33 356540
8 22 356542
8 32 356546
8 30 356551
8 12 356559
8 3 356560
8 19 356561
8 21 356565
8 18 356568
8 39 356573
8 28 356575
8 41 356580
8 37 356580
8 1 356589
8 31 356593
8 23 356596
8 34 356602
8 12 356602
8 26 356604
8 4 356607
8 32 356610
8 0 356612
8 34 356619
8 18 356628
8 35 356632
8 33 356638
8 30 356646
8 36 356655
8 39 356663
8 37 356668
8 40 356670
8 7 356671
8 11 356674
8 41 356679
8 22 356681
8 6 356687
8 21 356696
8 14 356698
8 16 356703
8 38 356706
9 40 356714
9 26 356720
9 38 356729
9 41 356732
9 33 356735
9 17 356737
9 14 356738
9 2 356745
9 30 356745
9 11 356745
9 21 356749
9 0 356754
9 29 356761
9 23 356765
9 6 356771
9 22 356774
9 32 356783
9 3 356783
9 1 356789
9 37 356798
9 31 356802
9 27 356811
9 25 356811
9 42 356817
9 35 356824
9 7 356825
9 18 356832
9 13 356840
9 22 356848
9 1 356848
9 26 356855
9 17 356857
9 18 356862
9 14 356863
9 16 356871
9 25 356877
9 29 356879
9 12 356882
9 4 356885
9 32 356885
9 0 356890
9 15 356893
9 21 356901
9 37 356904
9 34 356909
9 30 356914
9 11 356917
9 19 356921
9 23 356926
9 20 356928
9 41 356932
9 13 356940
9 28 356949
11 10 356952
11 18 356955
11 13 356963
11 42 356964
11 31 356968
11 8 356977
11 20 356978
11 21 356981
11 2 356987
11 12 356991
11 25 357000
11 17 357007
11 6 357009
11 34 357015
11 28 357016
11 37 357019
11 9 357025
11 7 357025
11 1 357029
11 14 357031
11 0 357032
11 26 357035
11 38 357038
11 2 357043
11 1 357048
11 19 357048
11 29 357051
11 30 357052
11 10 357061
11 20 357064
11 12 357072
11 4 357077
11 34 357082
11 40 357087
11 21 357093
11 7 357096
11 27 357100
11 14 357100
11 15 357107
11 36 357112
11 5 357115
11 18 357120
11 6 357122
11 17 357128
11 22 357129
12 9 357136
12 42 357136
12 1 357144
12 38 357145
12 5 357153
12 22 357161
12 0 357170
12 39 357171
12 3 357179
12 37 357186
12 4 357189
12 36 357194
12 40 357202
12 20 357209
12 24 357218
12 41 357219
12 30 357228
12 35 357234
12 42 357243
12 35 357243
12 32 357247
12 21 357252
12 17 357258
12 28 357262
12 19 357267
12 7 357275
12 41 357282
12 4 357284
12 26 357284
12 29 357284
12 25 357292
12 23 357292
12 2 357297
12 39 357306
13 17 357310
13 9 357319
13 33 357323
13 2 357327
13 20 357329
13 3 357338
13 32 357341
13 15 357342
13 37 357344
13 12 357351
13 14 357352
13 27 357352
13 22 357357
13 23 357363
13 25 357367
13 34 357373
13 36 357375
13 26 357380
13 16 357383
13 35 357392
13 5 357392
13 39 357401
13 6 357409
13 40 357416
13 31 357416
13 33 357416
13 40 357418
13 3 357421
13 25 357427
13 1 357435
13 19 357439
13 6 357442
13 30 357447
13 23 357456
13 5 357465
13 24 357469
13 37 357469
13 12 357471
13 2 357472
13 18 357481
13 31 357485
13 29 357490
13 11 357493
13 41 357500
13 26 357506
13 35 357506
13 36 357512
13 27 357512
13 39 357516
13 7 357522
15 17 357524
15 19 357532
15 16 357534
15 7 357536
15 26 357545
15 31 357548
15 13 357553
15 42 357555
15 11 357556
15 38 357559
15 20 357568
15 6 357568
15 20 357574
15 27 357577
15 35 357581
15 25 357589
15 4 357591
15 24 357594
15 5 357598
15 30 357605
15 3 357614
15 32 357621
15 26 357628
15 33 357632
15 28 357640
15 40 357647
16 24 357651
16 36 357659
16 23 357665
16 35 357669
16 40 357678
16 22 357681
16 27 357684
16 15 357690
16 37 357692
16 6 357694
16 12 357700
16 18 357704
16 27 357713
16 12 357718
16 42 357724
16 2 357728
16 8 357735
16 0 357736
16 28 357742
16 9 357746
16 4 357747
16 11 357752
16 19 357753
16 36 357755
17 18 357757
17 3 357765
17 5 357773
17 25 357779
17 31 357788
17 24 357792
17 33 357797
17 30 357799
17 35 357802
17 37 357811
17 8 357813
17 39 357819
17 12 357827
17 2 357830
17 1 357836
17 10 357840
17 7 357842
17 40 357847
17 9 357850
17 36 357856
17 11 357856
17 29 357858
17 27 357862
17 6 357870
17 16 357870
17 22 357875
17 13 357883
17 21 357885
17 32 357886
17 22 357895
17 23 357899
17 26 357908
17 19 357911
17 40 357916
17 15 357923
17 14 357929
17 13 357932
17 36 357939
17 7 357939
17 21 357945
17 42 357946
17 0 357950
17 1 357952
17 24 357956
17 39 357962
17 5 357969
17 8 357972
17 3 357977
17 29 357984
17 37 357990
17 18 357993
17 12 357998
17 20 358000
17 9 358004
17 25 358013
17 30 358019
18 6 358024
18 20 358031
18 14 358040
18 16 358049
18 9 358057
18 13 358063
18 22 358072
18 12 358081
18 38 358087
18 42 358096
18 19 358101
18 36 358107
18 8 358113
18 33 358121
18 15 358125
18 29 358129
18 26 358136
18 41 358142
18 10 358149
18 35 358151
18 1 358156
18 6 358159
18 33 358162
18 38 358168
18 32 358170
18 9 358179
18 2 358187
18 17 358189
18 36 358197
18 10 358204
18 31 358212
18 7 358213
18 22 358217
18 11 358218
18 12 358226
18 0 358234
18 29 358239
18 20 358247
18 16 358247
18 4 358255
19 38 358262
19 23 358270
19 36 358275
19 1 358277
19 8 358283
19 33 358291
19 6 358294
19 3 358296
19 7 358299
19 40 358308
19 35 358311
19 20 358318
19 34 358327
19 15 358336
19 31 358342
19 9 358344
19 25 358348
19 32 358355
19 18 358355
19 11 358355
19 0 358363
19 39 358365
19 7 358374
19 25 358378
19 2 358384
19 6 358384
19 34 358386
19 40 358390
19 41 358399
19 32 358407
19 10 358411
19 38 358411
19 21 358412
19 8 358415
19 23 358418
19 36 358423
19 35 358428
19 17 358432
19 29 358438
19 5 358440
19 18 358449
19 30 358451
20 40 358453
20 6 358458
20 28 358464
20 29 358466
20 11 358474
20 18 358477
20 1 358485
20 5 358490
20 0 358498
20 2 358499
20 36 358500
20 26 358503
20 7 358505
20 38 358511
20 39 358516
20 17 358524
20 18 358532
20 6 358538
20 24 358539
21 25 358542
21 11 358547
21 30 358550
21 20 358553
21 18 358558
21 1 358559
21 0 358562
21 31 358565
21 6 358571
21 28 358578
21 39 358579
21 32 358586
21 8 358591
21 11 358593
22 36 358598
22 5 358606
22 16 358606
22 31 358609
22 2 358611
22 6 358612
22 1 358619
22 29 358627
22 10 358632
22 32 358638
22 40 358644
22 26 358646
22 14 358647
22 17 358651
22 3 358658
22 18 358663
22 12 358670
22 42 358677
22 21 358684
22 34 358685
22 35 358694
22 13 358694
22 39 358696
22 0 358704
22 11 358704
22 27 358710
22 2 358718
22 15 358724
22 8 358726
22 7 358732
22 28 358737
22 39 358745
22 6 358748
22 10 358750
22 42 358752
22 3 358760
22 26 358769
22 9 358774
22 20 358781
22 18 358789
22 0 358794
22 41 358797
22 14 358803
22 23 358803
22 19 358804
22 4 358810
22 36 358815
22 13 358821
22 12 358822
22 40 358828
22 33 358832
23 1 358835
23 25 358840
23 17 358849
23 34 358852
23 21 358856
23 14 358863
23 33 358869
23 3 358874
23 5 358874
23 13 358879
23 18 358879
23 40 358880
23 19 358882
23 11 358884
23 0 358886
23 37 358891
23 28 358899
23 7 358901
23 9 358905
23 10 358912
23 8 358919
23 20 358925
23 6 358926
23 4 358935
23 30 358936
23 41 358941
23 24 358948
23 36 358951
23 22 358954
23 24 358961
23 8 358969
23 20 358976
23 26 358980
23 28 358985
23 29 358989
23 6 358997
23 10 359000
23 39 359004
23 4 359005
23 40 359011
23 0 359017
23 3 359020
23 25 359027
23 34 359032
23 35 359035
23 1 359039
23 9 359042
23 32 359049
23 11 359051
23 5 359056
23 36 359065
23 13 359071
23 14 359071
23 21 359077
23 15 359080
24 2 359082
24 19 359091
24 0 359097
24 31 359106
24 9 359113
24 5 359115
24 42 359123
24 22 359132
25 19 359141
25 33 359141
25 5 359148
25 23 359154
25 21 359161
25 38 359168
25 18 359171
25 13 359179
25 30 359183
25 0 359190
25 37 359198
25 3 359203
25 22 359203
25 24 359209
25 29 359216
25 4 359220
25 36 359221
25 17 359230
25 26 359236
25 7 359239
25 0 359245
25 29 359252
25 17 359256
25 3 359260
25 5 359264
25 39 359265
25 37 359269
25 21 359272
25 33 359272
25 40 359280
25 34 359286
25 11 359286
25 7 359288
25 27 359293
25 2 359302
25 22 359303
26 39 359311
26 1 359313
26 11 359319
26 27 359321
26 38 359324
26 28 359327
26 14 359328
26 18 359329
26 35 359332
26 29 359333
26 36 359337
26 33 359344
26 4 359353
26 0 359360
26 23 359362
26 20 359368
26 42 359370
26 25 359377
26 13 359381
26 40 359388
26 12 359391
26 21 359399
26 41 359399
26 6 359402
26 16 359409
26 9 359412
26 40 359420
26 29 359420
26 16 359426
26 28 359429
26 3 359430
26 36 359435
26 33 359438
26 7 359441
26 39 359444
26 24 359448
26 21 359450
26 42 359452
26 5 359453
26 30 359459
26 9 359461
26 20 359468
26 37 359472
26 1 359478
26 4 359487
26 11 359492
26 17 359496
26 15 359502
26 14 359510
26 19 359511
27 23 359520
27 32 359521
27 36 359523
27 21 359530
27 9 359538
27 29 359538
27 10 359538
27 17 359541
27 3 359549
27 19 359558
27 26 359561
27 0 359562
27 39 359565
27 13 359570
27 6 359571
27 35 359571
27 5 359578
27 22 359581
27 40 359582
27 12 359586
27 2 359591
27 25 359599
27 42 359603
27 38 359612
27 30 359612
27 7 359617
27 0 359620
27 28 359621
27 5 359628
27 36 359632
27 37 359638
27 40 359644
27 22 359649
27 39 359654
27 35 359655
27 3 359664
27 18 359664
27 42 359671
27 15 359678
27 24 359678
27 12 359681
27 20 359685
27 21 359693
27 11 359698
27 38 359704
27 6 359705
27 33 359709
27 25 359710
27 1 359716
28 5 359725
28 40 359731
28 31 359735
28 34 359743
28 25 359748
28 17 359750
28 6 359754
28 15 359763
28 7 359770
28 35 359778
28 37 359784
28 9 359791
28 42 359799
28 10 359799
28 37 359804
28 20 359804
28 38 359807
28 33 359810
28 10 359811
28 24 359817
28 4 359822
28 32 359826
28 7 359826
28 22 359826
28 40 359830
28 36 359837
28 25 359841
28 2 359847
29 0 359851
29 18 359854
29 34 359863
29 24 359868
29 16 359876
29 30 359879
29 25 359884
29 26 359893
29 23 359898
29 28 359903
29 33 359909
29 7 359911
29 4 359919
29 2 359920
29 35 359921
29 37 359921
29 15 359927
29 17 359934
29 11 359940
29 22 359940
29 35 359945
29 23 359945
29 38 359949
29 25 359951
29 8 359951
29 1 359959
29 41 359960
29 14 359960
29 11 359965
29 16 359967
29 20 359976
29 27 359981
29 0 359984
29 21 359990
29 40 359998
29 10 360000
29 15 360002
29 32 360006
30 2 360014
30 21 360017
30 16 360024
30 15 360024
30 19 360030
30 11 360034
30 1 360039
30 39 360045
30 31 360050
30 41 360050
30 13 360053
30 42 360059
30 24 360061
30 37 360068
30 14 360069
30 18 360069
30 12 360072
30 33 360077
30 28 360080
30 29 360089
30 8 360096
30 17 360100
30 26 360103
30 42 360105
30 32 360105
30 10 360110
30 3 360119
30 4 360125
30 31 360129
30 36 360132
30 21 360138
30 19 360140
30 1 360147
30 28 360147
30 13 360148
30 40 360153
30 12 360162
31 18 360164
31 16 360169
31 27 360175
31 33 360182
31 41 360191
31 8 360192
31 42 360197
31 34 360206
31 38 360212
31 14 360219
31 4 360227
31 17 360229
31 11 360229
31 21 360232
31 0 360239
31 24 360243
31 34 360247
31 7 360255
31 37 360262
31 20 360264
31 19 360271
32 12 360277
32 6 360282
32 35 360285
32 30 360294
32 11 360295
32 21 360300
32 22 360304
33 42 360312
33 34 360313
33 27 360318
33 14 360318
33 5 360323
33 13 360329
33 37 360331
33 24 360338
33 25 360347
33 32 360352
33 19 360356
33 10 360360
33 22 360368
33 30 360373
33 8 360373
33 4 360375
33 1 360384
33 18 360386
33 6 360391
33 6 360394
33 5 360402
33 7 360409
33 17 360411
33 28 360412
33 23 360415
33 24 360420
33 15 360420
33 11 360427
33 31 360435
33 36 360440
33 12 360443
33 34 360443
33 21 360446
33 20 360448
33 10 360456
33 14 360458
33 2 360459
33 9 360466
34 35 360471
34 3 360474
34 40 360477
34 22 360482
34 8 360485
34 18 360489
34 31 360497
34 32 360503
34 25 360503
34 26 360508
34 23 360508
34 42 360511
34 27 360512
34 0 360513
34 16 360513
34 25 360519
34 18 360525
34 26 360526
34 17 360532
34 23 360538
34 4 360547
34 3 360552
34 2 360554
34 31 360557
34 30 360565
35 19 360568
35 22 360569
35 34 360573
35 40 360573
35 8 360575
35 14 360581
35 12 360582
35 31 360587
35 26 360587
35 17 360592
35 41 360593
35 28 360594
35 39 360599
35 10 360604
35 3 360612
35 20 360615
35 14 360623
35 40 360627
35 6 360629
35 16 360638
35 22 360638
35 27 360641
35 5 360647
35 15 360652
35 8 360656
35 25 360658
35 33 360658
35 42 360666
35 2 360670
35 23 360670
35 29 360678
36 4 360686
36 41 360691
36 13 360695
36 17 360695
36 12 360700
36 34 360708
36 22 360710
36 27 360713
36 7 360715
36 1 360721
36 29 360729
36 28 360737
36 8 360744
36 2 360745
36 3 360748
36 19 360752
36 11 360755
36 15 360756
36 21 360757
36 20 360758
36 18 360760
36 31 360764
36 38 360767
36 11 360769
36 16 360778
36 30 360786
36 18 360792
36 29 360792
36 41 360801
36 22 360801
36 32 360806
36 13 360809
36 34 360817
36 9 360818
36 40 360825
36 7 360826
36 20 360831
36 28 360835
36 17 360836
36 14 360838
36 37 360838
36 26 360845
36 35 360849
36 25 360853
37 26 360858
37 25 360858
37 15 360866
37 38 360873
37 4 360879
37 40 360881
37 34 360882
37 39 360885
37 41 360887
37 28 360891
37 11 360893
37 21 360902
37 29 360906
37 14 360907
37 1 360911
37 12 360918
37 9 360923
37 36 360927
37 19 360934
37 5 360939
37 13 360942
37 15 360948
37 9 360957
37 8 360960
37 4 360966
37 41 360974
37 10 360974
37 19 360981
37 29 360989
37 25 360992
37 24 360992
37 22 360993
37 26 360995
37 28 360999
37 18 361001
37 30 361002
37 17 361002
37 36 361007
37 31 361007
38 26 361015
38 29 361023
38 34 361030
38 12 361037
38 41 361039
38 5 361045
38 31 361053
38 39 361053
38 21 361055
39 29 361061
39 22 361068
39 28 361072
39 2 361077
39 0 361084
39 37 361092
39 16 361092
39 4 361092
39 40 361094
39 6 361101
39 3 361106
39 33 361108
39 42 361113
39 31 361120
39 32 361127
39 41 361129
39 19 361138
39 35 361140
39 3 361143
39 20 361150
39 4 361154
39 18 361157
39 25 361166
39 27 361169
39 17 361175
39 22 361176
39 1 361176
39 40 361176
39 7 361185
39 42 361189
39 32 361197
39 29 361206
39 19 361212
39 38 361221
39 15 361227
39 9 361235
40 26 361239
40 0 361245
40 33 361251
40 23 361254
40 41 361261
40 17 361263
40 19 361270
40 38 361274
40 11 361276
40 5 361280
40 4 361289
40 31 361297
40 3 361301
40 35 361302
40 16 361310
40 13 361317
40 10 361322
40 42 361322
40 21 361325
40 29 361325
40 35 361330
40 0 361337
40 37 361346
40 33 361354
40 23 361362
40 26 361366
40 27 361370
40 9 361373
40 10 361376
40 25 361384
40 42 361390
40 12 361390
40 2 361394
40 19 361395
40 20 361402
41 33 361404
41 21 361404
41 11 361406
41 30 361406
41 38 361409
41 26 361409
41 14 361415
41 32 361424
41 13 361426
41 7 361434
41 31 361436
41 34 361437
41 23 361439
41 10 361442
41 6 361448
41 28 361453
41 39 361456
41 18 361456
41 19 361463
41 8 361471
41 5 361471
41 24 361478
41 17 361480
41 3 361488
41 20 361488
41 25 361488
41 1 361495
41 15 361498
41 29 361502
41 42 361510
41 27 361516
41 31 361522
41 21 361530
41 12 361536
41 18 361544
41 4 361550
41 25 361551
41 34 361556
41 39 361563
41 35 361569
41 33 361572
41 38 361574
41 17 361577
41 13 361586
41 9 361590
41 32 361590
41 0 361594
41 24 361599
41 16 361602
41 20 361603
42 15 361611
42 5 361617
42 25 361625
42 24 361627
42 11 361627
42 21 361633
42 20 361637
42 4 361646
42 32 361653
42 26 361653
42 13 361661
42 28 361666
42 19 361673
42 8 361677
42 34 361684
42 40 361684
42 39 361684
42 7 361691
42 27 361693
42 6 361697
42 33 361702
42 35 361710
42 37 361715
42 9 361719
42 29 361722
42 31 361727
42 17 361731
42 2 361734
42 3 361739
42 14 361747
42 20 361747
42 18 361756
42 22 361762
42 29 361767
42 36 361771
42 28 361776
42 35 361779
42 32 361781
42 26 361781
42 6 361784
42 17 361792
42 12 361794
42 13 361802
42 33 361806
42 2 361813
42 37 361822
42 40 361827
42 7 361828
42 30 361828
42 34 361832
42 9 361838
42 38 361845
42 16 361848
42 23 361856
42 24 361863
42 8 361865
42 31 361866
