48
true
0 47 496577
0 14 496584
0 32 496593
0 28 496597
0 30 496605
1 13 496613
1 15 496613
1 43 496621
1 12 496624
1 20 496629
1 3 496631
1 7 496633
1 24 496638
1 5 496642
1 4 496642
1 35 496651
1 40 496657
1 18 496658
1 11 496664
1 19 496665
1 32 496669
1 8 496676
1 33 496680
1 16 496685
1 17 496689
1 38 496695
1 26 496700
1 9 496704
1 0 496704
1 41 496709
1 30 496717
1 47 496717
1 46 496721
1 22 496725
1 0 496734
1 39 496743
1 27 496751
1 41 496754
1 8 496756
1 16 496761
1 26 496766
1 35 496772
1 31 496776
1 25 496778
1 20 496782
1 5 496782
1 18 496791
1 12 496795
1 23 496802
1 7 496810
1 15 496817
1 33 496826
1 17 496833
1 19 496841
1 47 496849
1 43 496850
1 46 496851
1 22 496854
1 36 496861
1 28 496863
1 11 496869
1 30 496876
2 20 496883
2 5 496888
2 30 496894
2 32 496894
2 42 496897
2 13 496904
3 11 496912
3 14 496919
3 28 496923
3 33 496928
3 42 496935
3 45 496944
3 16 496945
3 32 496950
3 21 496953
3 47 496959
3 26 496965
3 0 496965
3 12 496966
3 34 496974
3 6 496981
3 13 496986
3 30 496991
3 15 496993
3 23 496993
3 31 497002
3 36 497011
3 25 497017
3 46 497024
3 17 497031
3 44 497034
3 8 497038
3 20 497038
3 41 497043
3 2 497047
3 30 497054
3 42 497060
3 20 497065
3 39 497068
3 28 497069
3 38 497078
3 35 497086
3 5 497095
3 9 497100
3 47 497109
3 4 497118
3 11 497119
3 26 497121
3 32 497121
3 21 497127
3 27 497134
3 25 497138
3 7 497145
3 0 497153
3 18 497155
3 8 497164
3 17 497165
3 33 497171
3 12 497180
3 6 497185
3 24 497192
4 15 497197
4 18 497205
4 45 497206
4 14 497215
4 28 497221
4 39 497229
4 33 497236
4 10 497244
4 7 497250
5 4 497251
5 17 497251
5 31 497260
5 2 497261
5 8 497265
5 37 497270
5 25 497274
5 3 497276
5 13 497282
5 0 497286
5 24 497292
5 27 497298
5 15 497301
5 46 497306
5 12 497310
5 21 497318
5 35 497324
5 22 497324
5 11 497332
5 40 497334
5 34 497337
5 28 497346
5 14 497350
5 36 497358
5 12 497364
5 0 497367
5 31 497367
5 37 497368
5 10 497369
5 18 497373
5 17 497378
5 28 497387
5 29 497391
5 26 497392
5 40 497393
5 45 497401
5 33 497402
5 36 497402
5 13 497406
5 11 497407
5 27 497415
5 22 497423
5 43 497428
5 34 497431
6 23 497431
6 41 497431
6 32 497433
6 38 497442
6 42 497448
6 2 497453
6 29 497459
6 7 497468
6 22 497477
6 26 497486
6 15 497491
6 12 497491
6 25 497498
6 14 497502
6 10 497509
6 33 497515
6 39 497524
6 15 497532
6 2 497539
6 40 497539
6 0 497548
6 17 497548
6 9 497549
6 19 497554
6 22 497557
6 32 497562
6 4 497570
6 45 497575
7 5 497576
7 13 497582
7 47 497590
7 39 497598
7 18 497606
7 11 497614
8 46 497614
8 11 497621
8 25 497628
8 38 497633
8 12 497642
8 5 497643
8 3 497643
8 30 497646
8 18 497646
8 28 497653
8 42 497657
8 20 497663
8 26 497669
8 1 497673
8 47 497677
8 22 497684
8 4 497693
8 19 497701
8 40 497702
8 23 497710
8 16 497710
8 39 497710
8 6 497718
8 35 497718
8 32 497725
8 17 497733
8 7 497742
8 34 497751
8 24 497760
8 2 497761
8 34 497770
8 0 497770
8 17 497770
8 36 497777
8 27 497779
8 38 497788
8 28 497795
8 35 497802
8 2 497810
8 10 497819
8 12 497828
8 33 497835
8 16 497844
8 46 497845
8 41 497845
8 26 497848
8 6 497856
8 25 497860
8 24 497869
8 20 497873
8 7 497876
8 1 497885
8 15 497890
8 5 497893
8 39 497900
8 47 497904
8 43 497906
8 4 497911
9 27 497918
9 40 497918
9 42 497926
9 18 497935
9 35 497935
9 23 497941
9 43 497941
9 37 497947
9 38 497955
9 20 497955
10 5 497955
10 20 497961
10 36 497963
10 38 497963
10 2 497964
10 9 497966
10 37 497975
10 22 497984
10 21 497990
10 26 497991
10 1 497996
10 28 497998
10 45 498004
10 3 498012
10 19 498015
10 18 498016
10 11 498021
10 30 498027
10 32 498036
10 8 498041
10 34 498050
10 25 498051
10 24 498060
10 43 498060
10 47 498061
10 37 498065
10 24 498074
10 33 498076
10 15 498078
10 22 498084
10 5 498086
10 18 498088
10 7 498097
10 21 498099
10 8 498107
10 2 498113
10 0 498118
10 4 498124
10 3 498126
10 29 498135
10 39 498136
10 30 498143
10 19 498152
10 44 498159
10 13 498161
10 28 498163
10 1 498165
10 6 498169
11 23 498170
11 8 498175
11 37 498178
11 36 498186
11 34 498189
11 5 498191
11 29 498195
11 19 498200
11 13 498208
11 10 498209
11 43 498210
11 28 498217
11 20 498223
11 21 498229
11 25 498234
11 4 498236
11 16 498241
11 47 498247
11 47 498256
11 8 498264
11 13 498270
11 37 498277
11 44 498280
11 7 498280
11 36 498285
11 6 498287
11 20 498290
11 9 498293
11 4 498295
11 25 498302
11 41 498305
11 17 498313
11 26 498322
11 1 498328
11 30 498336
11 18 498345
12 35 498354
12 13 498362
12 14 498369
12 39 498371
12 19 498371
12 11 498376
12 4 498384
12 22 498390
12 1 498399
12 31 498401
12 9 498408
12 23 498413
12 47 498422
12 7 498430
12 33 498437
12 44 498437
12 46 498440
12 28 498443
12 16 498445
12 42 498446
12 29 498449
12 30 498453
12 5 498454
12 27 498459
12 43 498465
12 40 498470
12 6 498479
12 21 498487
12 36 498493
12 5 498502
12 43 498502
12 24 498508
12 40 498508
12 2 498514
12 16 498521
12 11 498525
12 23 498534
12 0 498541
12 47 498549
12 46 498555
12 17 498564
12 4 498573
12 7 498581
12 41 498581
12 26 498588
12 18 498594
12 20 498596
12 21 498599
12 6 498599
12 29 498602
12 19 498602
12 10 498609
12 3 498615
12 35 498616
13 44 498619
13 33 498626
13 9 498630
13 40 498635
13 25 498637
13 30 498641
13 19 498647
13 43 498653
13 37 498658
13 27 498666
13 4 498666
13 12 498675
13 42 498675
13 46 498678
13 35 498681
13 26 498681
13 17 498682
13 18 498689
13 20 498697
13 29 498705
13 36 498705
13 41 498712
13 31 498721
13 21 498728
13 34 498730
13 3 498736
13 10 498745
13 38 498749
13 24 498753
13 26 498757
13 32 498760
13 30 498767
13 0 498767
13 37 498775
13 27 498782
13 36 498785
13 12 498788
13 19 498793
13 17 498798
13 3 498798
13 2 498801
13 29 498808
13 41 498817
13 11 498820
13 5 498828
13 4 498833
13 28 498838
13 9 498843
13 39 498850
13 10 498852
13 43 498856
13 31 498856
13 15 498865
13 33 498867
13 47 498869
13 40 498871
13 20 498877
13 18 498881
13 1 498890
14 47 498894
14 38 498894
14 20 498901
14 15 498909
14 18 498916
14 33 498919
14 37 498921
14 40 498928
14 44 498935
14 5 498942
14 6 498949
14 4 498950
14 41 498956
14 43 498961
14 29 498965
14 21 498970
14 22 498973
14 36 498976
14 10 498985
14 30 498992
14 12 499000
14 8 499007
14 4 499016
14 10 499024
14 2 499031
14 5 499033
14 3 499033
14 11 499037
14 40 499046
14 23 499050
14 16 499054
14 30 499056
14 32 499065
14 45 499068
14 29 499075
14 27 499084
14 31 499093
14 21 499093
14 43 499100
14 33 499106
14 44 499108
14 35 499114
14 41 499116
14 15 499116
14 19 499121
14 13 499125
14 17 499127
14 1 499135
14 6 499136
15 2 499136
15 16 499139
15 46 499139
16 12 499140
16 1 499145
17 47 499153
17 25 499157
17 14 499161
17 39 499163
17 41 499168
17 37 499172
17 29 499176
17 6 499176
17 8 499182
17 31 499184
17 47 499192
17 42 499192
17 26 499197
17 21 499200
17 16 499207
17 8 499213
17 18 499217
17 36 499223
18 19 499229
18 0 499235
18 29 499235
18 16 499237
18 30 499239
18 10 499247
18 34 499253
18 32 499259
18 2 499266
18 20 499274
18 4 499278
18 43 499279
18 1 499288
18 45 499291
18 11 499296
18 6 499298
18 40 499299
18 15 499304
18 31 499313
18 12 499313
18 9 499319
18 35 499323
18 24 499331
18 7 499335
18 37 499336
18 5 499340
18 47 499343
18 15 499346
18 34 499352
18 28 499360
18 29 499367
18 44 499370
18 5 499374
18 35 499382
18 1 499388
18 26 499392
18 4 499398
18 23 499407
18 14 499410
18 3 499413
18 24 499419
18 39 499421
18 46 499427
18 0 499431
18 38 499437
18 22 499441
18 45 499450
18 2 499451
18 32 499455
19 29 499458
19 23 499462
19 35 499469
19 9 499471
19 13 499471
19 8 499472
19 2 499475
19 30 499484
19 22 499486
19 38 499487
19 28 499489
19 17 499497
19 36 499502
19 42 499504
19 18 499507
19 41 499516
19 12 499518
19 3 499519
19 12 499527
19 37 499529
19 8 499535
19 46 499539
19 1 499547
19 18 499555
19 26 499559
19 3 499564
19 39 499564
19 10 499570
19 11 499570
19 40 499572
19 23 499579
19 30 499583
19 36 499591
19 41 499591
20 17 499593
20 7 499594
20 31 499596
20 4 499605
20 2 499613
20 14 499617
20 43 499620
20 27 499627
20 39 499629
20 37 499635
20 15 499638
20 47 499645
20 22 499645
20 21 499651
20 23 499651
20 41 499651
20 18 499651
20 8 499653
20 33 499657
20 35 499663
20 10 499670
20 30 499673
20 9 499680
20 45 499688
20 36 499694
20 26 499702
20 1 499703
20 5 499708
20 3 499717
20 42 499717
20 16 499720
20 6 499725
20 11 499730
20 29 499736
20 19 499738
20 21 499738
20 25 499746
20 3 499746
20 23 499750
20 18 499756
20 34 499764
20 27 499773
20 9 499779
20 37 499779
20 12 499786
20 46 499789
20 36 499797
20 10 499801
20 47 499809
20 5 499816
20 40 499823
20 26 499831
20 32 499836
21 27 499839
21 9 499845
21 41 499848
21 12 499852
21 5 499859
21 14 499859
22 26 499866
22 20 499874
22 33 499879
22 2 499885
22 21 499890
22 16 499891
22 35 499897
22 27 499905
22 38 499913
22 19 499917
22 47 499925
23 28 499927
23 0 499936
23 20 499944
23 9 499948
23 24 499953
23 25 499958
23 32 499961
23 33 499967
23 18 499974
23 27 499980
23 44 499984
23 6 499987
23 19 499990
23 7 499991
23 21 499999
23 15 500006
23 47 500013
23 37 500017
23 39 500023
23 35 500027
23 1 500034
23 43 500037
23 42 500037
23 26 500040
23 10 500041
23 30 500048
23 36 500048
23 16 500050
23 5 500054
23 41 500063
23 37 500071
23 22 500075
23 42 500075
23 13 500077
23 15 500079
23 24 500085
23 18 500093
23 17 500101
23 41 500108
23 11 500112
23 25 500115
23 6 500118
23 12 500127
23 32 500132
23 39 500141
23 30 500142
23 40 500146
23 10 500154
23 20 500159
23 21 500167
23 36 500172
23 4 500179
23 7 500185
23 19 500193
23 43 500201
23 9 500203
23 8 500206
23 29 500206
23 34 500208
23 38 500216
24 42 500224
24 37 500225
24 40 500227
24 19 500230
24 15 500232
24 17 500236
24 7 500236
24 25 500242
24 26 500243
24 47 500250
24 39 500259
24 11 500268
24 32 500271
24 13 500280
24 23 500287
24 5 500288
24 46 500291
24 10 500299
24 18 500299
24 12 500302
24 4 500302
24 30 500303
24 3 500310
24 34 500318
24 44 500323
24 2 500325
24 16 500330
24 33 500334
24 29 500342
24 33 500350
24 19 500358
24 31 500361
24 42 500363
24 25 500369
24 29 500370
24 16 500373
24 44 500375
24 5 500383
24 46 500392
24 30 500394
24 34 500395
24 4 500401
24 28 500406
24 40 500415
24 3 500420
24 21 500420
24 8 500423
24 45 500425
24 13 500427
24 22 500435
24 36 500442
24 47 500449
24 15 500458
24 32 500465
24 35 500470
24 23 500471
24 2 500471
24 20 500477
25 9 500483
25 44 500491
25 22 500492
25 21 500498
25 12 500502
25 33 500510
25 5 500517
25 43 500525
25 42 500528
25 20 500532
25 41 500539
25 37 500544
25 11 500544
25 24 500549
25 1 500549
25 15 500550
25 36 500552
25 46 500557
25 40 500559
25 3 500564
25 32 500569
25 18 500577
25 2 500584
25 38 500587
25 23 500594
25 45 500603
25 29 500608
25 33 500617
25 31 500620
25 35 500620
25 13 500626
25 37 500631
25 45 500635
25 7 500636
25 15 500643
25 27 500650
25 47 500658
25 4 500665
25 34 500669
25 32 500673
25 0 500681
25 1 500690
25 14 500698
25 17 500704
25 24 500713
25 28 500716
25 21 500718
25 36 500723
25 42 500726
25 2 500726
25 39 500732
25 9 500733
25 41 500735
25 3 500736
25 46 500737
26 23 500743
26 13 500743
26 4 500751
26 0 500756
26 36 500758
26 25 500766
26 34 500769
26 37 500770
27 47 500772
27 17 500781
27 32 500787
27 30 500796
27 16 500803
27 36 500805
27 15 500813
27 23 500816
27 9 500823
27 3 500832
27 42 500837
27 35 500840
27 38 500845
27 19 500850
27 43 500852
27 28 500855
27 39 500859
27 46 500866
27 5 500874
27 18 500879
27 37 500879
27 42 500885
27 5 500892
27 44 500900
27 20 500901
27 3 500901
27 22 500907
27 33 500907
27 15 500916
27 11 500923
27 1 500924
27 0 500928
27 39 500931
27 14 500934
27 6 500942
27 40 500946
27 30 500949
27 34 500949
28 8 500952
28 11 500958
28 30 500958
28 23 500960
28 5 500965
28 41 500966
28 13 500972
28 1 500977
28 21 500984
28 3 500986
28 14 500988
28 7 500994
28 27 500996
28 37 500999
28 25 500999
28 47 501006
28 43 501015
28 31 501019
28 42 501019
28 17 501024
28 6 501033
28 32 501034
28 20 501040
28 22 501049
28 10 501056
28 19 501063
28 22 501063
28 42 501065
28 4 501065
28 8 501068
28 41 501069
28 23 501077
28 1 501086
28 46 501089
28 20 501098
28 40 501107
28 0 501116
28 35 501121
28 6 501126
28 2 501129
28 10 501135
28 31 501136
28 7 501137
28 34 501139
28 18 501145
28 3 501147
28 25 501154
28 27 501158
28 24 501164
28 5 501173
28 21 501178
28 14 501187
29 41 501194
29 16 501200
29 43 501200
29 6 501203
29 5 501204
29 18 501212
29 42 501214
29 23 501223
29 4 501224
29 39 501231
29 7 501239
29 47 501239
29 40 501240
29 3 501241
29 19 501250
29 37 501250
29 27 501251
29 25 501254
29 17 501257
29 2 501257
29 38 501262
29 13 501265
29 20 501266
29 33 501270
29 45 501275
29 42 501281
29 21 501285
29 41 501289
29 15 501291
29 44 501291
29 25 501294
29 35 501302
29 39 501305
29 34 501307
29 6 501314
29 18 501319
29 27 501324
29 14 501325
29 9 501334
29 10 501343
29 20 501351
29 32 501356
29 47 501359
29 8 501361
29 31 501369
29 37 501374
29 46 501381
29 4 501387
29 12 501389
29 2 501395
29 13 501399
29 11 501405
30 40 501411
30 5 501413
30 47 501419
30 6 501419
30 34 501426
30 16 501430
30 23 501434
30 20 501438
30 27 501447
30 3 501454
30 8 501462
30 36 501468
30 22 501472
30 45 501474
30 31 501481
30 46 501484
30 26 501493
30 37 501501
30 44 501506
30 12 501506
30 29 501512
30 0 501517
30 47 501521
30 17 501521
30 43 501521
30 38 501521
30 42 501525
30 14 501530
30 27 501538
30 22 501546
30 8 501552
30 23 501556
30 39 501559
30 45 501568
30 44 501573
30 7 501575
30 16 501578
30 15 501584
30 1 501590
30 2 501595
30 6 501600
30 34 501604
30 36 501611
30 11 501616
31 2 501616
31 36 501625
31 14 501630
31 41 501636
31 10 501636
31 46 501638
31 11 501644
31 28 501648
31 20 501650
31 0 501656
31 42 501658
31 16 501658
31 18 501663
31 9 501665
31 43 501667
31 47 501672
31 8 501675
31 35 501677
31 32 501685
31 4 501689
31 34 501691
31 26 501699
31 6 501702
31 12 501709
31 24 501713
31 22 501717
31 37 501718
31 24 501720
31 47 501722
31 22 501723
31 26 501727
31 1 501727
31 42 501728
31 30 501731
31 35 501735
31 37 501739
31 44 501744
31 39 501748
31 41 501757
31 2 501760
31 15 501760
31 21 501767
31 9 501774
31 0 501781
31 12 501785
31 29 501788
31 11 501794
31 13 501798
31 23 501804
31 34 501810
31 18 501812
31 20 501819
31 27 501823
31 16 501823
31 45 501824
31 32 501829
31 43 501838
32 13 501840
32 10 501845
32 25 501851
32 4 501858
32 23 501867
32 29 501868
32 47 501873
32 36 501882
32 33 501889
32 24 501892
32 21 501893
32 37 501900
32 18 501902
32 11 501902
32 7 501905
32 30 501908
32 37 501910
32 40 501914
32 13 501920
32 14 501926
32 33 501931
32 7 501935
32 9 501944
32 15 501950
32 26 501954
32 18 501962
32 24 501962
32 11 501970
32 16 501970
32 29 501975
32 44 501981
33 38 501988
33 26 501997
33 34 502002
33 14 502008
33 22 502010
33 10 502014
33 5 502020
33 21 502025
33 30 502026
33 37 502027
33 20 502030
33 18 502032
33 15 502034
33 44 502039
33 24 502048
33 35 502052
33 11 502055
33 46 502055
33 41 502057
33 25 502058
33 3 502063
33 28 502066
33 43 502066
33 34 502073
33 35 502081
33 4 502086
33 13 502086
33 42 502089
33 25 502089
33 37 502091
33 17 502099
33 0 502101
33 40 502109
33 9 502110
33 10 502113
33 45 502122
33 20 502122
33 30 502125
33 2 502130
34 38 502133
34 6 502141
34 28 502147
34 11 502147
34 18 502152
34 26 502152
34 2 502153
34 5 502158
34 3 502160
34 47 502161
34 10 502161
34 40 502166
34 20 502169
34 33 502172
34 40 502178
34 41 502184
34 24 502193
34 13 502198
34 38 502207
34 9 502209
34 25 502212
34 0 502220
34 3 502221
34 5 502229
34 15 502234
34 22 502243
34 18 502243
34 26 502243
34 28 502250
34 44 502258
35 47 502263
35 26 502269
35 0 502271
35 27 502276
35 21 502277
35 19 502278
35 46 502280
35 17 502284
35 23 502284
35 24 502288
35 1 502288
35 40 502291
35 30 502297
35 18 502300
36 33 502300
36 7 502303
36 40 502309
36 9 502314
36 19 502318
36 38 502320
36 17 502320
36 28 502328
36 30 502331
36 1 502335
36 0 502335
36 8 502343
36 24 502352
36 42 502356
36 11 502361
36 6 502370
36 14 502375
36 47 502383
36 31 502385
36 43 502394
36 44 502402
36 44 502406
36 15 502414
36 21 502421
36 11 502422
36 1 502425
36 31 502429
36 47 502435
36 4 502440
36 13 502448
36 29 502449
36 19 502452
36 6 502455
36 5 502463
36 2 502468
36 42 502471
36 37 502480
36 24 502483
36 3 502492
36 10 502500
36 26 502506
36 7 502515
36 32 502515
36 12 502520
36 23 502523
37 2 502531
37 45 502533
37 7 502542
37 27 502548
37 22 502548
37 29 502551
37 46 502555
37 14 502556
37 42 502556
37 3 502564
37 26 502573
37 31 502582
37 35 502590
37 30 502595
37 9 502599
37 33 502604
37 8 502604
37 25 502611
37 4 502617
37 12 502619
37 0 502622
37 34 502625
37 17 502627
37 39 502636
37 16 502639
37 28 502643
37 5 502647
37 19 502652
37 21 502657
37 20 502665
37 43 502667
37 0 502672
37 29 502675
37 13 502681
37 38 502684
37 41 502690
37 11 502698
37 22 502706
37 2 502714
37 25 502717
37 36 502718
37 8 502718
37 3 502719
37 9 502721
37 30 502725
37 1 502726
37 46 502726
37 24 502731
37 27 502739
37 17 502747
37 18 502754
37 45 502756
38 0 502761
38 16 502761
38 22 502763
38 26 502767
38 27 502774
38 46 502778
38 13 502783
38 15 502790
38 35 502798
38 43 502798
38 30 502798
38 41 502800
38 19 502807
38 11 502811
38 7 502813
38 10 502821
38 33 502821
38 39 502828
38 40 502835
38 4 502840
38 13 502841
38 12 502847
38 22 502850
38 6 502857
38 19 502861
38 21 502864
38 9 502866
38 32 502869
38 11 502875
38 30 502882
38 15 502885
38 26 502887
38 42 502891
38 29 502896
38 2 502900
38 23 502908
38 0 502914
38 17 502915
39 46 502923
39 45 502929
39 26 502937
39 14 502937
39 33 502940
39 11 502947
39 8 502949
39 25 502949
39 44 502953
39 28 502956
39 2 502957
39 9 502960
39 40 502968
39 24 502972
39 41 502976
39 43 502984
39 36 502992
39 27 502996
39 5 502996
39 29 502998
39 23 503003
39 32 503010
39 21 503019
39 17 503019
39 20 503025
39 22 503034
39 12 503038
39 30 503043
39 19 503045
39 37 503046
39 15 503053
39 40 503062
39 2 503070
39 36 503070
39 35 503074
39 7 503082
39 41 503084
39 17 503084
39 47 503085
39 28 503093
39 8 503097
39 16 503106
39 3 503109
39 38 503117
39 11 503119
39 0 503123
39 42 503131
39 1 503132
39 22 503139
39 25 503145
39 23 503150
40 41 503156
40 26 503158
40 43 503158
40 24 503163
40 22 503165
40 10 503169
40 25 503175
40 46 503183
40 42 503185
40 17 503189
40 8 503198
40 36 503206
40 44 503213
40 19 503219
40 34 503228
40 20 503234
40 12 503236
40 45 503242
40 14 503250
40 27 503257
40 37 503258
40 7 503265
40 31 503271
40 11 503276
40 33 503285
40 39 503290
40 15 503292
40 4 503301
40 16 503302
40 18 503311
40 47 503319
40 19 503323
40 13 503329
40 16 503337
40 46 503344
40 22 503348
40 5 503353
40 9 503356
40 34 503358
40 32 503361
40 21 503369
40 42 503371
40 26 503376
40 36 503376
40 10 503382
40 43 503383
40 2 503390
40 12 503392
40 28 503394
40 35 503401
40 25 503405
40 7 503413
40 27 503421
40 6 503425
42 12 503426
42 0 503431
42 9 503439
42 35 503444
42 46 503446
42 47 503449
42 27 503456
42 43 503457
42 19 503460
42 21 503466
42 30 503474
42 15 503474
42 6 503483
42 31 503489
42 0 503494
42 20 503498
42 4 503503
42 28 503512
42 9 503518
42 26 503524
42 5 503527
43 10 503534
43 3 503536
43 22 503544
43 2 503548
43 42 503555
43 25 503564
43 23 503568
43 7 503573
43 19 503580
43 24 503584
43 20 503587
43 34 503590
43 9 503592
43 15 503599
43 18 503602
43 0 503605
43 7 503613
43 46 503620
43 40 503625
43 36 503626
43 34 503632
43 17 503633
43 31 503639
43 5 503647
43 39 503654
43 21 503660
43 33 503668
44 40 503668
44 25 503673
44 0 503675
44 47 503683
44 42 503691
44 6 503698
44 46 503700
44 7 503708
44 1 503712
44 29 503712
44 17 503721
44 8 503725
44 10 503726
44 12 503727
44 24 503735
44 31 503736
44 34 503745
44 13 503753
44 39 503761
44 36 503761
44 16 503764
44 26 503764
44 5 503770
44 20 503770
44 47 503779
44 6 503779
44 39 503785
44 19 503790
44 27 503799
44 5 503803
44 22 503807
44 9 503811
44 25 503815
44 7 503818
44 32 503827
44 38 503835
44 36 503843
44 35 503848
44 18 503848
44 23 503856
44 28 503857
44 15 503865
44 0 503869
44 14 503874
44 4 503876
44 30 503877
45 19 503884
45 43 503884
45 3 503887
45 22 503890
45 8 503893
45 27 503896
45 23 503902
45 46 503910
45 41 503915
45 5 503924
45 12 503931
45 11 503931
45 13 503938
45 32 503942
45 18 503947
45 33 503956
45 0 503964
45 1 503971
45 31 503978
45 25 503984
45 39 503989
45 6 503991
45 20 503992
45 8 503996
45 21 504002
45 11 504003
45 35 504004
45 26 504011
45 15 504014
45 0 504019
45 32 504021
45 31 504022
45 36 504026
45 18 504035
45 41 504036
45 7 504038
45 3 504045
45 9 504046
45 43 504047
45 22 504052
45 1 504053
46 8 504055
46 24 504057
46 28 504059
46 42 504064
46 29 504067
46 16 504069
46 33 504072
46 1 504076
46 45 504079
46 31 504080
46 34 504080
46 27 504080
46 37 504080
46 38 504080
46 20 504086
46 10 504093
46 30 504094
46 39 504097
46 11 504106
46 25 504111
46 22 504113
46 40 504121
46 43 504130
46 17 504138
46 4 504146
46 7 504146
46 9 504149
46 18 504152
46 40 504155
46 22 504160
46 19 504167
46 44 504172
46 1 504173
46 29 504177
46 32 504186
46 20 504194
46 41 504194
46 37 504194
46 16 504202
46 39 504207
46 11 504211
46 27 504216
46 28 504217
46 2 504225
46 38 504226
46 36 504233
46 31 504241
46 24 504241
46 8 504250
46 17 504258
47 1 504265
47 6 504266
47 22 504273
47 26 504280
47 32 504289
47 8 504292
47 39 504293
47 16 504298
47 35 504304
47 36 504312
47 5 504313
47 46 504314
47 15 504314
47 2 504315
47 44 504317
47 20 504323
47 18 504326
47 10 504329
47 25 504338
47 7 504338
47 3 504339
47 37 504346
47 13 504347
47 28 504348
47 15 504355
47 7 504364
47 29 504371
47 27 504372
47 40 504378
47 26 504387
47 42 504394
47 19 504395
47 1 504397
47 12 504398
47 33 504405
47 46 504406
47 16 504413
47 31 504418
47 21 504422
47 18 504429
47 41 504429
47 35 504430
47 43 504438
