49
true
0 5 529603
0 37 529610
0 25 529619
0 36 529623
0 6 529631
0 18 529636
0 30 529643
0 48 529651
0 14 529654
0 11 529659
0 44 529661
0 34 529663
0 1 529668
0 40 529677
0 28 529686
0 39 529692
0 15 529696
0 45 529699
0 6 529703
0 3 529706
0 19 529710
0 26 529714
0 9 529721
0 21 529725
0 8 529730
0 11 529739
0 47 529743
0 10 529749
0 17 529757
0 12 529762
0 23 529762
0 42 529767
0 46 529771
0 36 529777
0 13 529786
0 34 529789
1 13 529793
1 5 529796
1 7 529798
1 24 529798
1 42 529804
1 46 529809
1 15 529814
1 37 529822
1 6 529830
1 41 529838
1 44 529845
1 11 529852
1 10 529859
1 30 529868
1 29 529871
1 47 529872
1 0 529874
1 35 529882
1 36 529883
1 8 529884
1 28 529892
1 48 529900
1 31 529902
1 15 529908
1 44 529917
1 41 529923
1 34 529929
1 42 529936
1 38 529941
1 28 529947
1 23 529947
1 37 529950
1 29 529957
1 0 529965
1 4 529972
1 48 529976
1 35 529984
1 19 529987
1 6 529988
1 43 529993
1 40 529996
1 8 530002
1 21 530002
1 11 530002
1 5 530004
1 27 530009
2 41 530014
2 45 530023
2 36 530032
2 20 530039
2 26 530047
2 5 530054
2 23 530062
2 44 530069
2 39 530076
2 34 530079
2 14 530079
2 22 530079
2 30 530086
2 16 530093
2 43 530098
3 39 530102
3 31 530109
3 2 530113
3 13 530118
3 12 530122
3 19 530130
3 20 530139
3 10 530143
3 18 530152
3 4 530157
3 35 530166
3 37 530175
3 24 530176
3 6 530178
3 32 530178
3 42 530181
3 40 530188
3 22 530191
3 34 530194
3 47 530202
3 29 530204
3 25 530207
3 21 530208
3 39 530214
3 15 530216
3 2 530222
3 34 530227
3 30 530234
3 0 530239
3 33 530247
3 36 530256
3 19 530264
3 17 530264
3 48 530273
3 9 530282
3 16 530282
3 35 530289
3 7 530297
3 14 530306
3 25 530309
3 23 530313
3 37 530322
3 20 530326
3 44 530328
3 31 530334
3 8 530337
4 13 530340
4 32 530345
4 33 530349
4 12 530357
4 16 530363
4 19 530363
4 10 530371
4 29 530373
4 14 530376
4 42 530382
4 37 530382
4 2 530390
4 39 530396
4 26 530402
4 44 530411
4 22 530420
4 42 530427
4 12 530428
4 46 530432
4 6 530437
4 13 530446
4 44 530450
4 34 530451
4 43 530452
4 30 530460
4 29 530461
4 16 530461
4 14 530465
4 38 530466
4 47 530467
4 41 530475
4 10 530476
5 13 530481
5 28 530484
5 23 530493
5 26 530493
5 6 530493
5 25 530495
5 0 530503
5 8 530509
5 39 530509
5 17 530511
5 27 530517
5 31 530526
5 29 530535
5 40 530538
5 2 530540
5 3 530545
5 45 530551
5 27 530558
5 8 530564
5 39 530573
5 19 530581
5 0 530587
5 38 530591
5 21 530591
5 17 530596
6 4 530600
6 37 530608
6 24 530615
6 41 530620
6 28 530621
6 47 530622
6 7 530629
6 32 530636
6 46 530644
6 10 530651
6 22 530659
6 25 530659
6 15 530660
6 2 530662
6 1 530663
6 18 530670
6 0 530676
6 44 530683
6 45 530691
6 42 530693
6 44 530697
6 30 530702
6 18 530703
6 40 530710
6 17 530719
6 9 530727
6 32 530733
6 46 530738
6 13 530738
6 47 530738
6 11 530740
6 12 530740
6 38 530747
6 31 530748
6 29 530757
6 39 530766
6 35 530775
6 21 530783
6 0 530785
6 14 530785
6 24 530790
7 41 530790
7 3 530790
7 10 530797
7 35 530805
7 26 530814
7 24 530816
7 47 530823
7 28 530832
7 13 530833
7 14 530833
7 27 530835
7 44 530839
7 19 530848
7 40 530852
7 33 530855
7 42 530864
7 48 530869
7 29 530872
7 23 530877
7 21 530881
7 43 530885
7 32 530887
7 30 530893
7 39 530898
7 36 530900
7 34 530908
7 6 530914
7 12 530918
7 11 530918
7 17 530924
7 46 530924
7 23 530930
7 20 530938
7 26 530938
7 39 530947
7 37 530953
7 8 530955
7 43 530955
7 11 530956
7 41 530958
7 47 530967
7 16 530976
7 1 530978
7 6 530981
7 33 530986
7 22 530990
7 10 530996
7 12 531003
7 42 531011
7 17 531019
7 0 531024
7 21 531025
7 2 531027
7 44 531033
7 45 531037
7 3 531045
7 14 531050
7 28 531051
7 35 531060
7 4 531060
8 40 531069
8 45 531074
8 25 531076
8 33 531082
8 44 531085
8 19 531089
8 2 531089
8 35 531098
8 17 531098
8 29 531106
8 1 531108
8 10 531114
8 43 531117
8 25 531119
8 40 531127
8 41 531136
8 7 531137
8 26 531144
8 32 531153
8 1 531160
8 43 531160
8 38 531165
8 39 531167
8 2 531168
9 10 531175
9 31 531184
10 9 531192
10 12 531195
10 47 531197
10 3 531201
10 19 531206
10 44 531214
10 45 531215
10 14 531223
10 22 531227
10 42 531230
10 33 531231
10 31 531233
10 5 531235
10 27 531240
10 20 531240
10 30 531246
10 8 531255
10 27 531263
10 3 531268
10 16 531272
10 29 531275
10 12 531275
10 31 531280
10 5 531280
10 39 531288
10 21 531291
10 14 531293
11 33 531296
11 26 531301
11 36 531309
11 5 531309
11 2 531318
11 18 531322
11 28 531331
11 19 531339
11 44 531348
11 16 531356
11 29 531363
11 45 531365
11 22 531370
11 47 531372
11 42 531376
11 4 531377
11 7 531384
11 10 531389
11 17 531394
11 34 531403
11 1 531411
11 13 531418
11 21 531418
11 37 531427
11 20 531430
11 0 531435
11 1 531442
11 3 531442
11 5 531442
11 35 531446
11 16 531451
11 26 531458
11 4 531463
11 25 531469
11 2 531475
11 32 531484
11 10 531487
11 14 531496
11 0 531496
11 24 531502
11 21 531511
11 13 531511
11 31 531517
11 18 531521
11 30 531527
11 34 531534
11 9 531537
11 7 531538
11 17 531545
11 6 531553
11 46 531555
11 33 531559
11 45 531568
12 14 531573
12 18 531574
12 25 531582
12 35 531590
12 38 531596
12 41 531605
12 27 531609
12 4 531612
12 30 531612
12 6 531613
12 8 531616
12 44 531624
12 46 531628
12 20 531634
12 36 531639
12 17 531644
12 5 531648
12 47 531653
12 16 531659
12 2 531665
12 22 531670
12 13 531678
12 21 531678
12 7 531687
12 0 531693
12 30 531696
12 28 531698
12 14 531698
12 39 531699
12 31 531706
12 41 531714
12 8 531722
12 3 531730
12 47 531730
12 15 531731
12 25 531738
12 48 531742
12 11 531742
12 38 531745
13 0 531749
13 41 531751
13 44 531751
13 33 531753
13 28 531755
13 10 531757
13 47 531766
13 29 531767
13 2 531773
13 27 531773
13 38 531778
13 31 531783
13 19 531783
13 8 531786
13 35 531787
13 14 531796
13 1 531799
13 3 531807
13 12 531812
13 41 531817
13 4 531824
13 6 531827
13 45 531831
13 10 531831
13 29 531839
13 39 531848
13 27 531853
13 9 531856
13 38 531861
13 24 531863
13 34 531866
13 20 531870
13 7 531871
13 46 531877
13 37 531881
13 0 531881
13 17 531888
13 43 531896
14 35 531904
14 1 531913
15 28 531921
16 9 531923
16 29 531926
16 4 531931
16 1 531939
16 12 531939
16 28 531943
16 30 531949
16 6 531958
16 2 531958
16 5 531963
16 36 531972
16 10 531973
16 15 531981
16 44 531984
16 25 531987
16 34 531990
16 3 531994
16 11 532001
16 23 532010
16 46 532014
16 24 532014
16 27 532022
16 32 532027
16 22 532036
16 39 532039
16 21 532048
16 13 532056
16 43 532059
16 27 532061
16 20 532068
16 21 532069
16 36 532076
16 8 532085
16 37 532090
16 39 532096
16 31 532100
16 2 532105
16 6 532114
16 11 532114
16 43 532114
16 33 532119
16 4 532123
16 12 532128
16 19 532130
16 26 532131
16 41 532139
16 0 532146
16 34 532152
16 25 532160
16 24 532164
16 9 532165
16 44 532170
16 1 532175
16 28 532179
16 45 532181
16 17 532185
16 14 532189
16 35 532195
17 15 532204
17 29 532208
17 21 532210
17 4 532215
17 2 532218
17 45 532225
17 27 532231
17 32 532231
17 47 532231
17 42 532236
17 14 532244
17 34 532245
17 3 532251
17 43 532253
17 16 532261
17 12 532267
17 11 532273
17 44 532280
17 30 532284
17 9 532285
17 36 532290
17 24 532295
17 0 532297
17 5 532301
17 25 532310
17 33 532315
17 44 532323
17 20 532328
17 42 532334
17 31 532338
17 47 532340
17 7 532343
17 23 532347
17 9 532354
17 18 532363
17 1 532370
17 11 532377
17 36 532383
17 21 532386
18 12 532390
18 29 532395
18 44 532397
18 34 532401
18 24 532408
18 9 532412
18 23 532417
18 15 532421
18 7 532430
18 16 532432
18 28 532438
18 11 532440
18 37 532446
18 42 532447
18 46 532452
18 5 532453
18 13 532455
18 12 532455
18 46 532462
18 41 532466
18 45 532467
18 9 532468
18 34 532473
18 0 532475
18 38 532475
18 25 532481
18 33 532483
18 3 532485
18 22 532491
20 21 532495
20 13 532500
20 23 532502
20 31 532505
20 16 532513
20 7 532522
20 34 532528
20 36 532536
20 2 532539
20 29 532543
20 47 532547
20 28 532554
20 5 532556
20 33 532560
20 11 532560
20 25 532563
20 48 532563
20 8 532572
20 40 532574
20 30 532582
20 45 532589
20 14 532591
20 24 532597
20 18 532601
20 10 532603
20 17 532604
20 37 532610
20 18 532610
20 40 532614
20 26 532623
20 43 532626
20 38 532633
20 29 532635
20 23 532641
20 11 532644
20 37 532651
20 10 532651
20 39 532657
20 5 532657
20 36 532657
20 15 532659
20 41 532663
20 12 532669
20 19 532671
20 24 532674
20 21 532683
20 47 532690
20 35 532698
20 8 532704
20 44 532706
20 1 532709
20 45 532711
21 15 532715
21 34 532724
21 28 532731
21 24 532740
21 2 532740
21 40 532748
21 1 532748
21 10 532754
21 45 532761
21 33 532768
21 41 532777
21 38 532778
21 32 532778
21 26 532784
21 1 532790
21 25 532796
21 5 532798
21 33 532798
21 45 532805
21 12 532809
21 16 532816
21 18 532823
21 43 532829
21 9 532836
21 10 532838
21 37 532843
21 20 532846
21 4 532851
21 0 532852
22 26 532861
22 39 532869
22 3 532876
22 6 532883
22 20 532891
22 0 532896
22 27 532902
22 41 532907
22 45 532908
22 38 532913
22 10 532921
22 19 532925
22 25 532934
22 12 532936
22 32 532945
22 17 532953
22 23 532961
22 30 532966
22 24 532968
22 16 532969
22 31 532969
22 13 532976
22 8 532982
22 5 532986
22 24 532989
22 41 532998
22 26 533001
22 12 533002
22 29 533010
22 1 533019
22 36 533028
22 21 533035
22 46 533036
22 40 533037
22 31 533042
22 18 533047
22 20 533053
22 3 533053
22 8 533057
22 32 533065
22 48 533067
22 42 533071
22 7 533072
22 4 533072
22 9 533074
22 2 533078
22 45 533087
22 28 533093
22 16 533098
23 14 533103
23 10 533104
23 3 533106
23 11 533108
23 20 533109
23 47 533112
23 5 533116
23 8 533119
23 15 533122
23 45 533123
23 29 533132
23 22 533141
23 21 533143
23 4 533144
23 9 533148
23 18 533153
23 39 533160
23 0 533168
23 38 533176
23 33 533178
23 24 533181
23 13 533189
23 29 533190
23 39 533191
23 11 533199
23 18 533207
23 13 533209
23 33 533215
23 42 533220
23 10 533228
23 41 533234
23 2 533240
23 44 533241
23 32 533243
23 17 533246
23 48 533248
23 6 533252
23 46 533257
23 34 533258
23 28 533265
23 1 533274
23 26 533283
23 21 533286
23 14 533287
24 16 533296
24 36 533297
24 32 533300
24 2 533305
24 1 533313
24 43 533317
24 9 533319
24 27 533321
24 30 533322
24 33 533328
24 44 533331
24 17 533337
24 12 533343
24 3 533344
24 23 533348
24 5 533353
24 22 533362
24 45 533369
24 46 533375
24 19 533380
24 40 533384
24 11 533392
24 43 533399
24 38 533401
24 36 533404
24 4 533413
24 41 533413
24 2 533415
24 18 533424
25 6 533424
25 18 533430
25 36 533438
25 4 533444
25 15 533450
25 2 533453
25 45 533458
25 48 533466
25 40 533469
25 24 533471
25 9 533473
25 39 533481
25 34 533488
25 14 533493
25 5 533500
25 35 533507
25 0 533512
25 27 533512
25 6 533515
25 19 533521
25 14 533527
25 15 533527
25 9 533528
25 22 533534
25 44 533539
25 0 533545
25 34 533553
25 16 533554
25 45 533560
25 3 533564
25 17 533572
25 24 533579
25 29 533587
25 35 533595
25 20 533595
25 23 533601
25 38 533606
25 11 533606
26 11 533607
26 45 533608
26 47 533610
26 14 533615
26 3 533617
26 42 533619
26 44 533624
26 27 533629
26 7 533637
26 22 533644
27 12 533648
27 1 533657
27 31 533658
27 18 533665
27 20 533671
27 44 533679
27 35 533680
27 32 533681
27 43 533682
27 25 533687
27 47 533694
27 23 533697
27 5 533700
27 45 533707
27 26 533715
27 37 533724
27 34 533728
27 10 533732
27 21 533734
27 48 533735
27 36 533744
27 5 533752
27 40 533758
27 32 533767
27 38 533770
27 0 533772
27 22 533778
27 28 533782
27 8 533786
27 1 533789
27 26 533796
27 12 533798
27 29 533799
27 20 533800
27 47 533801
28 17 533808
28 43 533814
28 8 533814
28 15 533822
28 31 533827
28 48 533829
28 7 533835
28 23 533844
28 20 533844
28 13 533853
28 29 533859
28 40 533868
28 32 533875
28 27 533882
28 12 533889
28 10 533898
28 25 533907
28 18 533912
28 5 533918
28 9 533927
28 30 533929
28 46 533937
28 4 533943
28 36 533948
28 38 533952
28 37 533959
28 2 533965
28 7 533969
28 27 533970
28 1 533979
28 41 533985
28 4 533988
28 26 533994
28 38 534001
28 37 534002
28 17 534008
28 18 534012
28 16 534015
28 32 534018
28 24 534018
28 6 534026
28 11 534026
28 23 534029
28 5 534035
28 10 534035
28 33 534037
28 39 534042
28 19 534051
28 2 534059
28 35 534061
28 13 534064
28 14 534068
28 3 534071
28 47 534072
29 24 534075
29 39 534076
29 8 534080
29 44 534087
29 41 534095
29 5 534097
30 24 534099
30 42 534103
30 18 534109
30 0 534111
30 19 534120
30 28 534122
30 22 534130
30 33 534137
30 48 534137
30 35 534139
30 8 534139
30 5 534142
30 43 534143
30 25 534151
30 39 534160
30 13 534165
30 45 534174
30 14 534183
30 38 534192
30 44 534194
30 15 534200
30 36 534202
30 34 534205
30 23 534214
30 10 534215
30 4 534217
30 13 534218
30 27 534224
30 45 534226
30 1 534233
30 29 534237
30 41 534243
30 18 534252
30 9 534257
30 22 534259
30 17 534261
30 40 534268
30 20 534269
30 32 534277
30 15 534278
30 4 534286
30 28 534286
30 34 534295
30 3 534296
30 12 534298
30 5 534305
30 44 534310
30 26 534310
30 19 534313
30 37 534321
30 42 534330
30 48 534333
31 4 534336
31 11 534339
31 40 534340
31 35 534341
31 37 534341
31 8 534346
31 47 534347
31 42 534351
31 15 534354
31 9 534355
31 6 534360
31 24 534366
31 22 534372
31 1 534381
31 17 534383
31 16 534383
31 33 534386
31 28 534394
31 5 534396
31 35 534403
31 27 534403
31 17 534406
31 10 534406
31 11 534407
31 28 534411
31 14 534411
31 40 534411
31 8 534414
31 2 534417
31 33 534421
31 47 534429
31 3 534429
31 42 534433
31 21 534440
31 46 534444
31 43 534448
31 22 534456
31 13 534462
32 8 534465
32 10 534471
32 24 534473
32 33 534479
32 48 534479
32 34 534486
32 40 534490
32 0 534494
32 5 534498
32 23 534501
32 15 534510
32 18 534512
32 35 534518
32 12 534525
32 31 534532
32 16 534532
32 25 534540
32 44 534545
32 37 534545
32 43 534548
32 4 534555
32 45 534561
32 10 534563
32 26 534568
32 25 534571
32 20 534572
32 38 534576
32 29 534584
32 41 534591
32 24 534595
32 4 534598
32 47 534604
32 40 534613
32 17 534620
32 46 534626
32 6 534631
32 42 534631
32 18 534637
32 14 534643
32 5 534649
32 27 534654
32 7 534659
32 36 534661
33 14 534662
33 29 534663
33 46 534663
33 0 534672
33 20 534677
33 7 534683
33 44 534683
33 41 534685
33 26 534691
33 5 534697
33 16 534699
33 27 534701
33 13 534707
33 15 534709
33 12 534709
33 6 534714
33 11 534716
33 18 534718
33 38 534726
33 31 534730
33 19 534733
33 17 534741
33 30 534743
33 32 534747
33 48 534749
33 24 534753
33 28 534759
33 36 534767
33 35 534769
33 43 534771
33 4 534771
33 40 534774
33 19 534780
33 10 534785
33 35 534788
33 23 534792
33 15 534796
33 47 534801
33 14 534805
33 44 534814
33 42 534817
33 28 534817
33 3 534824
33 30 534827
33 9 534828
33 24 534835
33 46 534842
33 39 534846
33 17 534849
33 37 534858
33 2 534867
33 5 534873
33 11 534875
33 29 534882
33 12 534889
33 32 534893
33 41 534894
33 7 534899
33 25 534908
33 27 534913
33 22 534915
33 18 534919
33 16 534924
33 38 534927
34 3 534930
34 40 534936
34 10 534945
34 12 534952
34 1 534960
34 31 534967
34 42 534974
34 45 534976
35 38 534980
35 1 534984
35 25 534992
35 19 534999
35 43 535001
35 37 535007
35 15 535013
35 23 535019
35 29 535022
35 3 535031
35 12 535032
35 32 535037
35 21 535039
35 36 535047
35 45 535048
35 20 535048
35 31 535055
35 10 535063
35 18 535065
35 28 535072
35 7 535074
35 30 535078
35 1 535078
35 26 535087
35 28 535095
35 24 535100
35 29 535105
35 18 535105
35 22 535107
35 5 535109
35 0 535111
35 21 535113
35 10 535118
35 42 535121
35 6 535121
35 12 535123
35 31 535124
35 20 535127
35 9 535132
35 46 535140
35 16 535140
35 44 535147
35 23 535155
35 34 535158
35 39 535158
36 32 535161
36 40 535165
36 1 535165
36 4 535171
36 37 535180
36 34 535189
36 45 535198
36 19 535203
36 10 535206
36 46 535209
36 3 535214
36 6 535217
36 12 535221
36 27 535229
36 33 535237
36 2 535237
36 11 535245
36 28 535249
36 35 535252
36 41 535253
36 17 535256
36 7 535256
36 5 535262
36 37 535268
36 40 535268
36 2 535271
36 44 535277
36 0 535283
36 13 535292
36 35 535297
36 29 535306
36 12 535308
36 39 535311
36 38 535319
36 7 535322
36 48 535327
36 42 535327
36 33 535327
36 16 535334
36 1 535335
36 20 535337
36 27 535337
36 10 535342
36 31 535347
37 4 535356
37 15 535357
37 17 535359
37 27 535363
37 31 535363
37 22 535367
37 40 535375
37 29 535379
37 6 535381
37 14 535390
37 39 535391
37 7 535391
37 1 535392
37 35 535393
37 25 535401
37 5 535404
37 13 535404
37 24 535409
37 44 535412
37 48 535416
37 21 535420
37 0 535426
37 26 535432
37 45 535437
37 24 535441
37 6 535441
37 44 535446
37 35 535449
37 11 535451
37 42 535454
37 25 535455
37 40 535461
37 38 535469
37 47 535473
37 22 535481
37 26 535488
37 29 535491
37 9 535495
37 15 535499
37 27 535507
37 16 535508
37 43 535509
37 13 535509
38 39 535513
38 9 535521
38 33 535526
38 15 535529
38 28 535538
38 40 535541
38 20 535547
38 0 535550
38 7 535556
38 31 535557
38 47 535565
38 3 535565
38 13 535568
38 26 535576
38 4 535584
38 16 535586
38 29 535595
38 32 535601
38 22 535601
38 25 535604
38 35 535608
38 10 535612
38 41 535621
38 30 535621
38 42 535626
38 46 535633
38 44 535637
38 37 535644
38 48 535649
38 11 535649
38 25 535656
38 9 535662
38 10 535670
38 22 535674
38 30 535676
38 28 535677
38 37 535683
38 6 535687
38 47 535689
38 35 535689
38 36 535693
38 7 535694
38 13 535698
38 46 535699
38 23 535702
38 11 535707
38 20 535711
38 16 535718
38 32 535725
38 21 535728
38 44 535729
38 4 535732
38 41 535735
38 0 535743
38 3 535743
38 12 535750
39 37 535751
39 8 535751
39 34 535757
39 6 535758
39 18 535760
39 19 535764
39 23 535772
39 11 535781
39 43 535782
39 0 535782
39 5 535791
39 45 535796
39 28 535804
39 26 535812
39 40 535819
39 27 535826
39 29 535828
39 41 535834
39 15 535834
39 12 535836
39 7 535840
39 42 535844
39 36 535851
39 22 535856
39 32 535863
39 46 535863
39 47 535867
39 9 535869
39 31 535877
39 7 535882
39 34 535891
39 21 535895
39 16 535898
39 11 535903
39 4 535904
39 6 535910
39 15 535913
39 40 535920
39 42 535927
39 5 535934
39 33 535936
39 0 535945
39 32 535952
39 19 535955
39 23 535955
39 24 535963
39 44 535967
39 38 535976
39 3 535978
39 36 535984
40 20 535990
40 3 535993
40 14 536000
40 34 536002
40 13 536009
40 17 536013
40 9 536015
40 22 536019
40 42 536028
40 0 536036
40 1 536040
40 35 536043
40 46 536044
40 6 536045
40 23 536045
40 44 536050
40 27 536059
40 30 536061
40 28 536066
40 12 536073
40 4 536082
40 21 536082
40 45 536088
40 34 536097
40 30 536101
40 10 536105
40 3 536108
40 33 536115
40 16 536122
40 18 536131
40 14 536139
40 5 536139
40 4 536143
40 24 536151
40 48 536153
40 19 536153
40 38 536160
40 11 536168
40 43 536172
40 37 536174
40 25 536174
40 15 536177
40 1 536185
40 39 536187
40 35 536189
41 31 536198
41 10 536207
41 11 536216
41 25 536223
41 6 536226
41 17 536232
41 14 536233
41 19 536239
41 39 536239
41 1 536247
41 7 536251
41 42 536258
41 46 536260
41 21 536268
41 33 536277
41 4 536286
41 12 536294
41 18 536301
41 44 536304
41 27 536308
41 32 536316
41 48 536322
41 43 536328
41 36 536336
41 38 536340
41 28 536345
41 9 536351
41 20 536359
41 45 536364
41 28 536373
41 34 536376
41 1 536379
41 4 536382
41 48 536391
41 42 536399
41 16 536403
41 47 536412
41 18 536419
41 2 536426
41 32 536426
41 3 536430
41 9 536435
41 6 536439
41 25 536444
41 30 536446
41 36 536452
41 35 536460
41 20 536462
41 39 536467
41 14 536467
41 37 536476
41 10 536480
41 8 536481
41 29 536483
41 31 536485
41 21 536490
41 26 536494
41 7 536501
41 44 536501
41 43 536501
41 13 536503
42 1 536507
42 28 536515
42 11 536523
42 8 536528
42 32 536535
42 43 536539
42 25 536540
42 45 536543
42 34 536548
42 15 536552
42 46 536555
42 21 536560
42 37 536562
42 33 536567
42 35 536573
42 5 536578
42 35 536582
42 21 536587
42 38 536596
42 32 536602
42 2 536608
42 20 536613
42 16 536618
42 29 536625
42 25 536627
42 1 536635
42 41 536639
42 9 536646
42 27 536650
42 43 536655
42 0 536662
42 39 536666
42 18 536670
43 1 536673
43 5 536675
43 38 536678
43 4 536678
43 0 536682
43 41 536687
43 33 536691
43 45 536694
43 32 536699
43 7 536700
43 24 536706
43 8 536707
43 48 536713
43 21 536722
43 25 536729
43 10 536735
43 14 536735
43 2 536740
43 6 536743
43 31 536745
43 37 536745
43 44 536747
43 34 536755
43 46 536759
43 20 536768
43 39 536769
43 16 536773
43 23 536780
43 16 536787
43 2 536794
43 44 536794
43 11 536802
43 37 536808
43 32 536814
43 9 536815
43 30 536821
43 1 536830
43 47 536830
43 14 536836
43 7 536837
43 13 536846
43 18 536850
43 31 536852
43 22 536856
43 15 536857
43 39 536863
43 48 536871
43 45 536875
43 10 536884
43 17 536884
43 0 536888
43 6 536892
43 25 536898
43 38 536903
43 5 536910
43 27 536914
43 3 536919
44 18 536922
44 1 536924
45 20 536927
45 23 536928
45 15 536936
45 10 536941
45 17 536946
45 11 536946
45 13 536953
45 21 536960
45 16 536960
45 24 536961
45 18 536970
45 35 536977
45 44 536984
45 41 536989
45 8 536994
45 25 536996
45 18 536998
45 16 536999
45 6 537000
45 5 537007
45 14 537015
45 48 537022
45 39 537029
45 13 537037
45 17 537039
45 10 537046
45 26 537050
45 30 537059
45 32 537060
45 7 537062
45 8 537069
45 40 537070
45 3 537077
45 47 537081
45 24 537084
46 14 537086
46 12 537094
46 2 537102
46 26 537106
46 45 537108
46 29 537111
46 8 537115
46 17 537124
46 48 537129
47 5 537132
47 38 537133
47 16 537139
47 9 537144
47 19 537149
47 33 537149
47 46 537155
47 35 537162
47 31 537163
47 15 537166
48 1 537172
48 47 537177
48 27 537179
48 21 537185
48 11 537190
48 23 537191
48 38 537196
48 10 537196
48 31 537199
48 6 537202
48 29 537205
48 26 537210
48 44 537217
48 0 537222
48 34 537231
48 32 537235
48 22 537244
48 5 537252
48 37 537259
48 12 537267
48 30 537272
48 17 537273
48 8 537274
48 40 537278
48 36 537279
48 20 537282
48 46 537290
48 2 537294
48 31 537303
48 36 537311
48 30 537312
48 47 537318
48 11 537320
48 34 537322
48 43 537330
48 14 537333
48 28 537334
48 40 537339
48 32 537345
48 39 537348
48 17 537354
48 12 537355
48 0 537355
48 9 537359
48 29 537365
48 6 537369
48 8 537372
48 27 537381
48 10 537388
48 24 537389
48 1 537390
