51
true
0 35 597789
0 32 597796
0 29 597805
0 4 597809
0 6 597817
0 37 597822
0 28 597829
0 21 597834
0 18 597837
0 27 597844
0 22 597849
0 45 597853
0 23 597857
0 7 597857
0 38 597866
0 16 597872
0 46 597876
0 42 597881
0 50 597884
0 13 597890
0 43 597891
0 47 597893
0 5 597900
0 1 597904
0 41 597913
0 20 597918
0 36 597918
0 23 597919
0 13 597921
0 18 597927
0 27 597935
0 14 597938
0 39 597941
0 29 597948
0 6 597957
0 1 597957
0 36 597957
0 45 597957
0 42 597960
0 34 597968
0 28 597970
0 41 597970
0 8 597978
0 43 597985
0 32 597992
0 33 597995
0 9 598002
0 2 598009
0 46 598018
0 44 598025
0 35 598027
0 11 598035
0 40 598039
0 37 598039
0 21 598047
0 49 598053
1 26 598060
1 14 598065
1 3 598071
1 12 598079
1 37 598080
1 29 598087
1 38 598095
1 27 598101
1 34 598106
1 23 598114
1 31 598117
1 43 598125
1 17 598131
1 47 598138
1 2 598139
1 44 598141
1 45 598149
1 18 598153
1 8 598153
1 32 598155
1 24 598160
1 4 598165
1 28 598166
1 50 598166
1 40 598175
1 15 598184
1 41 598186
1 33 598191
1 5 598198
1 13 598198
1 9 598205
1 35 598210
1 5 598212
1 6 598218
1 10 598222
1 38 598226
1 23 598231
1 49 598232
1 22 598240
1 47 598249
1 44 598257
1 36 598260
1 20 598261
1 11 598262
1 17 598264
1 29 598265
1 8 598271
1 15 598280
1 21 598286
1 27 598293
1 43 598297
1 41 598304
1 42 598312
1 3 598315
1 12 598317
1 14 598326
1 50 598327
1 30 598333
1 9 598335
1 18 598341
1 26 598347
1 4 598355
1 32 598363
1 46 598372
1 40 598378
2 43 598387
2 30 598387
2 25 598394
2 18 598395
2 40 598396
2 14 598396
2 4 598405
2 41 598406
2 5 598410
2 49 598415
2 46 598420
2 35 598420
2 24 598426
2 36 598432
2 41 598440
2 17 598440
2 13 598447
2 16 598452
2 5 598452
2 35 598460
2 7 598462
2 25 598465
2 42 598471
2 34 598471
2 20 598475
2 18 598483
2 33 598489
2 6 598492
2 1 598501
3 40 598507
3 7 598509
3 13 598510
3 12 598510
3 48 598519
3 38 598523
3 23 598524
3 22 598525
3 42 598532
3 30 598540
3 44 598547
3 24 598554
3 26 598563
3 10 598564
3 15 598564
3 16 598570
3 35 598573
4 30 598573
4 9 598577
4 45 598584
4 49 598585
4 50 598585
4 23 598588
4 11 598597
4 15 598603
4 20 598608
4 0 598617
4 10 598619
4 13 598628
4 2 598637
4 36 598642
4 48 598642
4 43 598649
4 41 598653
4 1 598660
4 3 598666
4 46 598674
4 22 598674
4 8 598674
4 21 598675
4 34 598677
4 31 598681
4 42 598688
4 39 598693
4 48 598694
4 23 598695
4 2 598702
4 46 598709
4 8 598717
4 28 598724
4 38 598732
4 42 598736
4 6 598739
4 31 598740
4 14 598742
4 45 598742
4 9 598743
4 0 598743
4 30 598746
4 15 598746
4 26 598752
4 44 598760
4 11 598764
4 49 598768
4 25 598773
4 13 598774
4 43 598782
4 7 598783
4 50 598783
5 29 598785
5 48 598788
5 11 598792
5 22 598799
5 41 598800
5 21 598803
5 4 598812
5 40 598814
5 38 598815
5 31 598823
5 12 598823
5 0 598830
5 17 598836
5 16 598836
5 48 598836
5 45 598843
5 24 598848
5 50 598856
5 7 598865
5 49 598867
5 44 598875
5 3 598882
5 34 598891
5 10 598892
5 20 598892
5 2 598895
5 26 598896
5 14 598900
5 47 598906
6 22 598909
6 19 598918
6 43 598927
6 38 598932
6 39 598939
6 41 598944
6 33 598948
6 36 598957
6 31 598964
6 35 598968
6 0 598974
6 25 598979
6 21 598981
6 28 598989
6 15 598995
6 13 598999
6 20 598999
6 17 599005
6 49 599005
6 34 599011
6 14 599011
6 46 599020
6 26 599026
6 42 599028
6 23 599028
6 2 599029
6 27 599031
6 25 599040
6 4 599049
6 41 599051
6 14 599054
6 7 599059
6 37 599063
6 24 599069
6 15 599076
6 35 599083
6 44 599091
6 34 599094
6 12 599095
6 29 599100
6 3 599106
6 11 599115
7 49 599124
7 31 599125
7 18 599134
7 47 599141
7 37 599141
7 29 599142
7 46 599146
7 42 599155
7 27 599157
7 30 599159
7 33 599168
7 35 599170
7 48 599172
7 39 599173
7 15 599176
7 17 599184
7 11 599186
7 44 599193
7 23 599201
7 38 599210
7 21 599211
7 3 599212
7 5 599212
7 22 599214
7 25 599216
7 28 599222
7 41 599223
7 8 599228
7 34 599231
7 32 599233
7 46 599236
7 38 599238
7 44 599242
7 32 599245
7 42 599252
7 40 599253
7 22 599254
7 10 599261
7 35 599267
7 45 599273
7 43 599278
7 47 599284
7 19 599292
7 24 599301
7 21 599306
7 11 599314
7 31 599321
7 23 599324
7 1 599329
7 36 599335
7 17 599337
7 6 599345
7 27 599347
7 25 599354
7 14 599363
7 8 599363
7 4 599369
7 3 599377
7 16 599385
7 2 599394
7 41 599401
8 20 599404
8 37 599409
8 35 599411
8 46 599415
8 7 599416
8 30 599423
8 12 599430
8 32 599435
8 26 599444
8 22 599453
8 24 599461
8 3 599467
8 0 599476
8 21 599478
8 50 599486
8 6 599491
8 47 599494
8 10 599503
8 40 599505
8 13 599505
8 26 599506
8 18 599511
8 12 599516
8 37 599520
8 7 599526
8 6 599535
8 32 599538
8 3 599547
8 25 599547
8 45 599553
8 5 599562
8 1 599562
8 2 599566
8 31 599572
8 50 599578
9 17 599582
9 32 599591
9 15 599598
9 47 599606
9 50 599614
9 25 599620
9 39 599624
9 37 599628
9 29 599637
9 43 599646
9 19 599654
9 27 599662
9 22 599670
9 16 599676
9 18 599685
9 0 599685
9 11 599688
9 2 599688
9 36 599693
9 46 599696
9 44 599704
9 34 599708
9 0 599714
9 32 599721
9 41 599722
9 21 599730
9 30 599737
9 27 599741
9 8 599747
9 28 599756
9 20 599762
9 40 599767
9 22 599773
10 17 599774
10 34 599778
10 11 599782
10 26 599788
10 21 599794
10 12 599797
10 38 599799
10 23 599799
10 50 599803
10 19 599803
10 39 599811
10 2 599819
10 18 599819
10 15 599820
10 40 599827
10 42 599830
10 3 599834
10 41 599837
10 26 599837
10 38 599838
10 19 599841
10 11 599845
10 18 599847
10 5 599847
10 12 599849
10 0 599851
10 44 599853
10 7 599862
10 37 599863
10 6 599869
11 21 599872
11 37 599877
11 8 599882
11 18 599882
11 38 599885
11 1 599886
11 44 599889
11 16 599890
11 33 599896
11 6 599898
11 3 599903
11 14 599909
11 24 599912
11 25 599916
11 30 599924
11 48 599933
11 29 599938
11 36 599941
11 31 599946
11 4 599948
11 2 599954
11 9 599958
11 10 599959
11 22 599966
11 29 599966
11 46 599974
11 14 599975
11 40 599983
11 30 599991
11 42 600000
11 1 600002
11 48 600008
11 5 600010
11 26 600017
11 20 600026
11 33 600033
11 25 600034
11 50 600043
11 44 600049
11 16 600058
11 7 600058
11 23 600059
11 10 600067
11 4 600070
11 9 600075
11 18 600083
11 28 600092
11 38 600094
12 45 600096
12 0 600104
12 11 600111
12 49 600120
12 7 600128
12 23 600135
12 17 600137
12 33 600137
12 47 600141
12 40 600150
12 50 600154
12 34 600158
12 15 600160
12 29 600169
12 30 600172
13 50 600179
13 16 600188
13 15 600197
13 46 600206
13 12 600206
13 19 600213
13 49 600214
13 34 600221
13 8 600223
13 2 600229
13 24 600229
13 0 600229
13 10 600234
13 14 600234
13 32 600239
13 23 600246
13 40 600247
13 6 600255
13 38 600262
13 41 600268
13 1 600270
13 22 600273
13 25 600277
13 47 600281
13 9 600283
13 20 600288
13 35 600297
13 24 600297
13 23 600299
13 50 600300
13 37 600309
13 9 600309
13 17 600314
13 15 600317
13 10 600324
13 26 600330
13 45 600334
13 48 600340
13 3 600345
13 0 600353
13 49 600354
13 36 600360
13 43 600364
13 31 600372
13 34 600378
13 44 600384
13 8 600391
13 5 600399
13 25 600403
13 46 600404
13 28 600413
13 14 600415
13 40 600419
13 39 600424
13 6 600430
13 22 600439
14 5 600447
14 29 600449
14 26 600452
14 49 600456
14 21 600463
14 23 600472
14 4 600479
14 45 600482
14 10 600488
14 32 600495
14 8 600498
14 17 600502
14 35 600510
14 43 600516
14 44 600520
14 13 600526
14 6 600530
14 19 600535
14 7 600539
14 36 600542
14 30 600548
14 27 600550
14 11 600556
14 25 600560
14 42 600561
14 46 600570
14 2 600571
14 20 600578
14 38 600585
14 31 600588
14 22 600595
14 0 600595
14 44 600601
14 9 600610
14 46 600612
14 5 600613
14 37 600615
14 17 600623
14 38 600631
14 43 600631
14 40 600639
14 15 600646
14 41 600654
14 22 600663
14 47 600669
14 36 600672
14 34 600676
14 7 600683
14 31 600685
14 6 600689
14 11 600698
14 23 600705
14 39 600708
14 27 600708
14 45 600712
14 33 600720
14 16 600722
14 1 600731
15 14 600735
15 6 600744
15 31 600747
15 27 600754
15 0 600756
15 45 600761
17 23 600764
17 31 600764
17 24 600770
17 38 600771
17 37 600775
17 6 600777
17 44 600786
17 8 600787
17 40 600795
17 46 600802
17 22 600808
17 12 600811
17 0 600812
17 42 600814
17 33 600821
17 2 600829
17 7 600830
17 26 600835
17 48 600835
17 24 600840
17 26 600845
17 8 600851
17 19 600853
17 42 600853
17 16 600861
17 2 600870
17 47 600878
17 5 600884
17 18 600893
17 20 600897
17 6 600906
17 43 600907
17 22 600907
17 46 600913
17 35 600919
17 27 600927
17 7 600931
17 11 600939
17 25 600948
17 36 600948
18 40 600955
18 39 600957
18 8 600962
18 14 600965
18 33 600968
18 48 600974
18 32 600977
18 50 600984
18 41 600984
18 20 600986
18 6 600994
18 45 600999
18 35 601005
18 9 601010
18 4 601011
18 17 601017
18 2 601025
18 13 601029
18 19 601038
18 22 601040
18 24 601049
18 23 601057
18 30 601061
18 0 601066
18 28 601071
18 5 601074
18 15 601082
18 26 601085
18 27 601088
18 7 601089
18 32 601090
18 15 601098
18 49 601107
18 50 601116
18 1 601123
18 40 601124
18 20 601128
18 9 601133
18 11 601133
18 3 601137
18 17 601140
18 2 601144
18 25 601145
18 39 601147
18 4 601148
18 7 601154
18 35 601162
18 8 601166
18 26 601171
18 36 601177
18 41 601177
18 6 601178
18 48 601184
18 5 601192
18 38 601199
18 47 601203
18 46 601206
18 33 601209
18 30 601210
19 49 601219
19 43 601221
19 24 601222
19 37 601226
19 39 601231
19 9 601238
19 34 601246
19 14 601251
19 31 601259
19 12 601264
19 1 601271
19 13 601278
19 17 601279
19 42 601282
19 15 601289
19 32 601289
19 50 601292
19 2 601292
19 28 601294
19 8 601302
19 10 601308
19 27 601309
19 25 601315
19 33 601320
19 18 601323
19 11 601326
19 38 601331
19 48 601339
19 3 601342
19 21 601348
19 34 601355
19 16 601364
19 38 601365
19 18 601370
19 1 601378
19 39 601378
19 6 601381
19 17 601383
19 12 601384
19 3 601391
19 22 601399
19 43 601404
19 35 601410
19 41 601410
19 27 601413
19 11 601413
19 46 601418
19 40 601427
19 9 601434
19 28 601440
19 42 601445
19 33 601452
19 0 601459
19 20 601465
19 13 601468
19 25 601474
19 44 601475
19 4 601478
19 47 601486
20 10 601492
20 50 601500
20 37 601506
20 3 601508
20 32 601514
20 17 601517
20 42 601522
20 16 601530
20 19 601531
20 2 601534
20 24 601538
20 38 601544
20 8 601551
20 0 601559
20 15 601568
20 14 601575
20 26 601580
20 27 601580
20 29 601581
20 45 601587
20 22 601588
20 49 601594
20 12 601595
20 46 601599
20 4 601600
20 48 601600
20 44 601603
20 39 601608
20 33 601616
20 41 601616
20 35 601623
20 9 601629
20 13 601634
20 39 601639
20 16 601639
20 0 601640
20 12 601642
20 22 601647
20 45 601649
20 35 601657
20 6 601663
20 9 601671
20 36 601673
20 5 601677
20 24 601686
20 40 601687
20 48 601694
20 42 601700
20 31 601701
20 7 601702
20 19 601707
20 8 601714
20 34 601717
20 43 601718
20 30 601725
20 15 601732
20 21 601738
20 25 601743
20 38 601747
20 28 601756
20 17 601762
20 3 601771
20 4 601774
21 49 601781
21 48 601786
21 36 601789
21 34 601791
21 8 601791
21 25 601794
21 24 601795
21 38 601797
21 6 601798
21 10 601799
21 37 601800
21 18 601803
21 45 601810
21 2 601816
21 7 601816
21 46 601824
21 12 601829
21 50 601830
21 32 601830
21 11 601832
21 47 601841
21 5 601847
21 14 601855
21 30 601863
21 9 601870
21 45 601875
21 47 601878
21 2 601883
21 34 601888
21 35 601895
21 50 601898
21 13 601901
21 37 601909
21 27 601913
21 39 601918
21 28 601922
21 8 601929
21 46 601935
21 17 601942
21 32 601950
21 36 601950
21 5 601958
21 41 601958
21 14 601961
21 49 601967
21 16 601974
21 33 601978
21 11 601986
21 30 601989
21 26 601992
21 12 601992
21 22 601996
21 43 601996
21 48 602003
22 11 602009
22 27 602009
22 41 602011
22 14 602016
22 47 602017
22 7 602023
22 10 602028
22 12 602035
22 9 602037
22 44 602039
22 1 602046
22 8 602049
24 9 602052
24 22 602053
24 33 602054
24 23 602057
24 5 602058
24 28 602062
24 42 602069
24 44 602077
24 10 602079
24 36 602085
24 11 602086
24 35 602092
24 48 602095
24 37 602104
24 12 602108
24 46 602110
25 17 602113
25 1 602120
25 31 602120
25 9 602122
25 43 602122
25 8 602125
25 50 602126
25 11 602134
25 34 602143
25 2 602152
25 37 602161
25 3 602170
25 17 602175
25 32 602177
25 14 602183
25 4 602185
25 28 602188
25 11 602197
25 27 602200
25 19 602204
25 36 602206
25 49 602208
26 24 602214
26 45 602216
26 28 602223
26 27 602227
26 3 602233
26 29 602242
26 48 602247
26 8 602251
26 46 602253
26 11 602255
26 47 602256
26 18 602262
26 25 602263
26 44 602264
26 21 602272
26 9 602274
26 32 602283
26 49 602284
26 17 602286
26 42 602293
26 13 602301
26 35 602301
26 4 602308
26 25 602309
26 12 602317
26 31 602326
26 6 602335
26 28 602338
26 24 602341
26 7 602346
26 22 602347
26 47 602347
26 8 602352
27 46 602355
27 50 602356
27 0 602360
27 34 602366
27 36 602371
27 14 602379
27 6 602385
27 21 602391
27 38 602395
27 48 602397
27 32 602402
27 3 602405
27 30 602406
27 41 602413
27 37 602415
27 15 602422
27 39 602422
27 24 602427
27 35 602428
27 29 602432
27 5 602432
27 44 602439
27 11 602441
27 19 602442
27 10 602451
27 4 602458
27 25 602464
27 47 602465
27 6 602467
27 29 602473
27 34 602481
27 46 602485
27 44 602493
27 26 602499
27 17 602507
27 30 602512
27 38 602521
27 18 602527
27 45 602531
27 5 602539
27 32 602544
27 33 602546
27 39 602555
27 9 602562
27 20 602564
27 31 602568
27 25 602574
27 11 602581
27 19 602588
27 49 602591
27 40 602600
27 24 602600
27 0 602606
27 43 602615
27 4 602622
27 12 602627
27 14 602627
28 14 602627
28 6 602631
28 35 602636
28 48 602644
28 19 602652
28 26 602658
28 20 602662
28 3 602665
28 30 602674
28 23 602679
28 27 602687
28 40 602689
28 19 602692
28 42 602698
28 31 602704
28 38 602709
28 30 602714
28 44 602720
28 11 602722
28 7 602730
28 9 602731
28 41 602731
28 12 602740
29 33 602747
29 35 602753
29 15 602753
29 32 602758
29 14 602758
29 37 602762
29 50 602764
29 13 602764
29 2 602772
29 41 602774
29 48 602779
29 24 602781
29 4 602790
29 42 602797
29 27 602805
29 36 602809
29 17 602813
29 44 602816
29 47 602824
29 30 602826
29 43 602828
29 20 602836
29 48 602839
29 12 602846
29 33 602846
29 37 602852
29 4 602856
29 31 602857
29 3 602859
29 26 602861
29 25 602862
29 8 602866
29 13 602872
29 34 602877
29 0 602880
29 38 602884
29 10 602884
29 23 602887
29 50 602890
29 21 602890
29 11 602897
29 41 602901
30 15 602908
30 13 602908
30 17 602913
30 5 602922
30 20 602928
30 22 602932
30 16 602935
30 45 602941
30 29 602943
30 37 602950
30 12 602953
30 33 602961
30 44 602964
30 9 602970
30 10 602975
30 14 602979
30 31 602981
30 49 602986
30 1 602992
30 37 602999
30 44 603008
30 35 603009
30 46 603014
30 17 603018
30 39 603024
30 23 603033
30 16 603040
30 9 603048
30 6 603050
30 14 603050
30 49 603053
30 50 603060
30 42 603063
31 23 603065
31 16 603072
32 37 603074
32 27 603078
32 17 603083
32 30 603088
32 43 603092
32 4 603099
32 45 603108
32 21 603114
32 47 603118
32 48 603126
32 15 603126
32 38 603134
32 13 603134
33 30 603142
33 50 603145
33 11 603147
33 4 603147
33 34 603152
33 14 603156
33 22 603156
33 1 603165
33 45 603173
33 48 603178
33 30 603178
33 16 603180
33 6 603182
33 24 603190
33 38 603195
33 0 603204
33 8 603207
34 7 603207
34 17 603209
34 22 603212
34 20 603212
34 39 603217
34 12 603218
34 25 603221
34 37 603221
34 40 603228
34 35 603236
34 1 603241
34 16 603241
34 18 603244
34 4 603244
35 3 603247
35 31 603251
35 34 603259
35 28 603261
35 6 603262
35 32 603268
35 48 603275
35 16 603283
35 9 603288
35 12 603291
35 21 603294
35 26 603299
35 25 603302
35 1 603306
35 0 603314
35 43 603320
35 23 603320
35 39 603325
35 29 603325
35 41 603325
35 49 603328
35 42 603329
35 24 603332
35 4 603332
35 36 603332
35 37 603338
35 50 603341
35 5 603345
35 19 603345
35 38 603348
35 22 603351
35 17 603355
35 10 603363
35 13 603364
35 39 603364
35 23 603364
35 1 603371
35 0 603372
35 41 603377
35 11 603383
35 36 603385
35 30 603390
35 33 603391
35 9 603400
35 32 603406
35 14 603410
35 5 603418
35 19 603418
35 49 603421
35 15 603427
35 16 603436
35 3 603436
35 13 603439
35 43 603445
35 50 603446
35 7 603454
35 26 603457
35 34 603465
35 40 603472
35 42 603472
35 8 603480
35 21 603489
35 12 603493
35 38 603498
35 6 603501
36 7 603504
36 40 603506
36 13 603515
36 45 603519
36 5 603521
36 18 603522
36 20 603525
36 44 603526
36 1 603529
36 38 603536
36 12 603540
36 14 603543
36 26 603552
36 33 603557
36 10 603560
36 0 603563
36 29 603564
36 6 603565
36 41 603567
36 35 603571
36 8 603574
36 23 603575
36 4 603583
36 39 603589
36 46 603598
36 21 603598
36 2 603606
36 29 603614
36 9 603616
36 28 603625
36 21 603631
36 7 603631
36 41 603634
36 4 603638
36 14 603642
36 18 603644
36 19 603653
36 38 603653
36 44 603662
36 34 603667
36 6 603674
36 45 603678
36 25 603685
36 35 603686
36 15 603690
36 1 603698
36 17 603702
36 11 603703
36 0 603705
36 22 603706
36 46 603707
36 10 603713
36 39 603717
36 48 603718
37 40 603722
37 3 603723
37 14 603727
37 31 603728
37 12 603731
37 48 603736
37 41 603744
37 49 603751
37 22 603758
37 18 603763
37 8 603766
37 25 603772
37 26 603775
37 33 603782
37 19 603782
37 17 603789
37 6 603790
37 13 603790
37 2 603790
37 50 603791
37 47 603799
37 21 603802
37 44 603808
37 39 603810
37 36 603812
37 43 603821
37 4 603822
37 28 603831
37 34 603840
37 10 603841
37 38 603848
37 9 603850
37 50 603856
37 39 603864
37 25 603864
37 35 603868
37 28 603874
37 23 603882
37 17 603889
37 42 603894
37 13 603895
37 40 603902
37 11 603910
37 33 603917
37 10 603926
37 3 603933
37 49 603938
37 26 603940
37 7 603945
37 12 603954
37 20 603958
37 34 603960
37 27 603966
37 29 603970
37 24 603973
37 22 603980
37 6 603982
37 4 603991
37 46 603997
37 45 604001
37 38 604006
37 5 604012
38 17 604020
38 8 604029
38 3 604035
38 40 604044
38 26 604050
38 1 604058
38 27 604064
38 2 604072
38 48 604078
38 18 604081
38 45 604086
38 9 604088
38 47 604095
38 44 604099
38 37 604102
38 21 604105
38 43 604113
38 30 604117
38 14 604121
38 19 604128
38 36 604136
38 21 604140
38 8 604140
38 20 604143
38 6 604143
38 26 604147
38 5 604154
38 2 604157
38 39 604165
38 9 604173
38 18 604175
38 0 604180
38 25 604182
38 1 604183
38 15 604191
38 23 604199
38 30 604199
38 47 604203
38 7 604211
38 37 604218
38 42 604225
39 1 604233
39 41 604237
39 20 604239
39 15 604239
39 3 604248
40 28 604254
40 14 604263
40 30 604265
40 34 604267
40 38 604276
40 47 604285
40 1 604294
40 25 604301
40 19 604307
40 20 604312
40 22 604319
40 23 604325
40 26 604327
40 13 604327
40 42 604332
40 16 604334
40 31 604338
40 46 604346
40 27 604348
40 5 604352
40 49 604352
40 17 604354
40 6 604358
40 24 604359
40 19 604365
40 25 604374
40 21 604380
41 49 604386
41 5 604394
41 21 604400
41 47 604408
41 42 604415
41 13 604420
41 18 604425
41 43 604432
41 28 604438
41 32 604443
41 20 604452
41 11 604455
41 27 604458
41 3 604461
41 10 604470
41 25 604471
41 9 604480
41 4 604484
41 22 604490
41 31 604498
41 19 604502
41 2 604507
41 39 604510
41 13 604512
41 35 604515
41 10 604516
41 36 604516
41 45 604518
41 44 604523
41 15 604523
41 1 604529
41 43 604530
41 17 604537
41 18 604539
41 22 604541
41 46 604547
41 14 604552
41 37 604556
41 40 604563
41 4 604571
41 34 604577
41 28 604577
41 33 604585
41 24 604589
41 42 604594
41 21 604595
42 14 604600
42 13 604607
42 40 604609
42 17 604612
42 0 604619
42 43 604620
42 36 604623
42 30 604625
42 33 604631
42 21 604639
42 15 604639
42 24 604646
42 31 604646
42 12 604648
42 2 604650
42 45 604653
42 35 604659
42 44 604664
42 50 604665
42 11 604667
42 34 604667
42 46 604673
42 1 604682
42 32 604686
42 16 604693
42 37 604697
42 28 604700
42 39 604702
42 24 604709
42 6 604712
42 48 604715
42 40 604723
42 16 604730
42 43 604730
42 41 604732
42 36 604736
42 29 604743
42 49 604752
42 46 604755
42 4 604764
42 2 604773
42 34 604776
42 18 604784
42 31 604789
42 39 604793
42 35 604801
42 21 604809
42 11 604809
42 7 604812
42 22 604813
42 5 604821
42 14 604821
42 20 604830
42 3 604836
42 50 604837
42 13 604838
42 26 604845
43 17 604852
43 6 604852
43 47 604860
43 26 604868
43 31 604874
43 14 604875
43 38 604881
43 5 604890
43 2 604890
43 39 604890
43 33 604896
43 31 604901
43 27 604910
43 20 604914
43 44 604916
43 19 604925
43 4 604930
43 15 604936
43 49 604941
43 14 604949
43 21 604957
44 38 604965
44 32 604966
44 10 604970
44 9 604974
44 0 604982
44 27 604988
44 45 604994
44 28 604996
44 36 604997
44 5 604997
44 46 605004
44 49 605009
44 21 605013
44 13 605016
44 8 605021
44 7 605022
44 41 605030
44 20 605035
44 35 605044
44 15 605051
44 19 605058
44 18 605062
44 42 605067
44 17 605070
44 11 605074
44 4 605075
44 25 605076
44 40 605077
44 30 605079
44 39 605081
44 24 605082
44 22 605083
44 20 605084
44 50 605086
44 15 605094
44 6 605103
44 27 605111
44 37 605113
44 9 605118
44 34 605119
44 30 605123
44 48 605132
44 2 605133
44 28 605135
44 24 605142
44 46 605143
44 41 605147
44 33 605150
44 7 605153
44 35 605155
44 0 605163
44 25 605165
44 17 605168
44 43 605172
44 36 605175
44 1 605179
44 13 605180
44 4 605185
44 5 605190
44 14 605194
44 23 605200
44 38 605201
44 26 605204
45 43 605209
45 10 605211
45 30 605217
45 40 605222
45 37 605223
46 6 605231
46 35 605232
46 21 605235
46 33 605238
46 4 605241
46 37 605246
46 10 605253
46 49 605262
46 41 605267
46 22 605269
46 43 605273
46 12 605280
46 8 605280
46 24 605289
46 20 605293
46 27 605298
46 1 605299
46 36 605303
46 7 605303
46 42 605310
46 34 605318
46 48 605318
46 47 605318
46 23 605326
46 22 605327
46 7 605333
46 25 605335
46 29 605337
46 8 605340
46 24 605341
46 10 605346
46 20 605352
46 21 605360
46 38 605361
46 37 605362
46 27 605362
46 33 605362
46 30 605366
46 13 605370
46 50 605376
46 36 605379
46 17 605382
46 26 605389
46 34 605394
46 2 605399
46 40 605404
46 45 605408
47 3 605415
47 13 605424
47 35 605431
47 28 605438
47 5 605446
47 40 605453
47 11 605462
48 28 605465
48 16 605468
48 45 605470
48 42 605475
48 19 605483
48 34 605486
49 0 605492
49 25 605497
49 12 605500
49 29 605508
49 13 605512
49 36 605517
49 41 605526
49 50 605527
49 34 605535
49 27 605538
49 30 605546
49 21 605549
49 18 605554
49 26 605554
49 14 605559
49 46 605568
49 24 605576
49 37 605578
49 15 605578
49 40 605585
49 24 605591
49 1 605592
49 0 605597
49 11 605598
49 50 605604
49 17 605613
49 20 605616
49 32 605621
49 45 605628
49 22 605630
49 19 605630
49 38 605635
49 6 605642
49 4 605648
49 30 605648
49 31 605657
50 16 605657
50 8 605662
50 21 605671
50 11 605674
50 34 605683
50 33 605691
50 42 605698
50 46 605706
50 18 605711
50 20 605720
50 0 605722
50 35 605731
50 39 605740
50 19 605747
50 6 605750
50 49 605751
50 1 605758
50 5 605765
50 29 605766
50 37 605770
50 7 605778
50 25 605787
50 38 605789
50 27 605792
50 9 605800
50 4 605800
50 42 605809
50 14 605814
50 31 605817
50 39 605824
50 1 605829
50 0 605835
50 34 605844
50 28 605849
50 2 605849
50 44 605857
50 32 605861
50 24 605866
50 47 605867
50 49 605869
50 27 605875
50 43 605882
50 48 605889
50 22 605892
50 7 605892
50 41 605901
50 21 605904
50 8 605911
50 18 605916
50 46 605917
50 33 605921
