52
true
0 43 632035
0 14 632042
0 24 632051
0 32 632055
0 50 632063
0 48 632068
0 25 632075
0 36 632080
0 4 632083
0 17 632090
0 31 632092
0 49 632101
0 29 632101
0 20 632108
0 23 632116
0 8 632121
0 34 632122
0 39 632126
0 27 632130
0 28 632134
0 45 632135
0 32 632139
0 5 632139
0 49 632143
0 24 632143
0 30 632148
0 22 632153
0 13 632157
0 4 632157
0 11 632164
0 46 632172
0 35 632172
0 38 632178
0 50 632186
0 43 632189
0 29 632192
0 20 632199
0 12 632208
0 21 632208
0 1 632211
0 34 632216
0 42 632221
0 36 632225
0 33 632225
0 18 632234
1 11 632241
1 16 632244
1 31 632251
1 25 632260
1 47 632268
1 48 632275
1 12 632282
1 37 632286
1 13 632287
1 30 632295
1 35 632303
1 41 632305
1 40 632311
1 3 632320
1 20 632326
1 7 632332
1 8 632339
1 21 632344
1 26 632350
1 4 632350
1 18 632353
1 45 632360
1 27 632368
1 10 632375
1 44 632379
1 29 632384
1 34 632391
1 9 632397
1 51 632404
1 12 632404
1 24 632405
1 26 632413
1 38 632420
1 37 632429
1 33 632434
1 22 632439
1 45 632440
1 3 632440
1 27 632449
1 36 632458
1 25 632464
1 47 632469
1 49 632475
1 29 632475
1 32 632475
1 0 632482
1 41 632489
1 11 632491
1 46 632497
1 50 632503
1 16 632508
1 15 632511
1 30 632511
1 42 632515
1 5 632524
1 17 632529
1 28 632538
1 7 632539
2 32 632539
2 33 632542
2 46 632549
2 37 632552
2 30 632555
2 1 632562
2 15 632568
2 24 632571
2 50 632573
2 40 632582
2 43 632585
2 9 632591
2 44 632600
2 14 632605
2 23 632613
2 11 632621
2 0 632630
2 41 632638
2 51 632638
2 38 632647
2 4 632656
2 5 632656
2 12 632657
2 49 632657
2 27 632666
2 10 632667
2 21 632671
2 17 632677
2 28 632681
2 23 632687
2 35 632690
2 50 632695
2 16 632699
2 13 632707
2 31 632713
2 42 632713
2 19 632721
2 0 632723
2 6 632726
2 37 632732
2 45 632732
2 10 632740
2 30 632741
2 48 632747
2 40 632750
2 7 632750
2 29 632751
2 11 632757
2 3 632759
2 28 632760
2 1 632760
2 21 632769
2 20 632773
2 46 632774
2 8 632775
2 33 632783
2 25 632784
2 4 632791
2 36 632798
2 43 632806
2 39 632814
2 38 632815
2 17 632816
2 15 632816
3 24 632818
3 21 632826
3 29 632832
3 50 632832
3 51 632834
3 17 632840
3 2 632849
3 15 632851
3 25 632851
3 37 632854
3 35 632856
3 38 632861
3 43 632867
3 0 632873
3 14 632880
3 49 632881
3 26 632888
3 36 632892
3 13 632893
3 11 632895
3 33 632899
3 9 632907
3 23 632912
3 22 632913
3 31 632921
3 39 632929
3 42 632936
3 23 632944
3 39 632948
3 4 632951
3 19 632952
3 31 632954
3 7 632954
3 17 632955
3 16 632961
3 47 632965
3 0 632969
3 51 632975
3 20 632983
3 30 632987
3 50 632991
3 2 632992
3 22 632997
3 27 633001
3 33 633005
3 12 633014
3 24 633022
3 5 633027
3 8 633027
3 26 633035
3 43 633035
3 28 633042
3 25 633050
3 46 633053
3 1 633059
3 21 633059
3 48 633068
4 20 633076
4 5 633078
4 0 633085
4 28 633087
4 23 633092
4 44 633098
4 30 633098
4 37 633098
4 47 633105
4 43 633105
4 38 633114
4 2 633116
4 33 633124
4 29 633131
4 24 633140
4 50 633141
4 41 633141
4 22 633144
4 10 633152
4 25 633156
4 16 633165
4 11 633168
4 45 633177
4 35 633182
4 21 633185
4 19 633190
4 9 633194
4 49 633194
4 11 633198
4 27 633200
4 22 633206
4 47 633213
4 44 633213
4 26 633221
4 42 633230
4 30 633237
4 12 633240
4 50 633248
4 24 633248
5 45 633248
5 36 633254
5 0 633256
5 46 633256
5 30 633257
5 22 633258
6 10 633267
6 33 633273
6 34 633274
6 29 633275
6 43 633281
6 14 633282
6 16 633284
6 41 633290
6 22 633297
6 24 633305
6 31 633308
6 50 633309
6 23 633311
6 19 633316
6 26 633322
6 12 633331
6 48 633336
6 51 633336
6 37 633337
6 28 633346
6 45 633351
6 35 633352
6 49 633356
6 25 633361
6 30 633362
6 40 633368
6 9 633370
6 46 633372
6 42 633373
6 21 633376
6 4 633376
6 8 633377
6 2 633383
6 1 633386
6 7 633388
6 41 633397
6 11 633398
6 18 633405
6 27 633405
6 33 633408
6 46 633408
6 43 633413
6 21 633415
6 22 633419
6 19 633424
6 39 633428
6 23 633435
6 15 633444
6 24 633452
6 2 633455
6 17 633457
6 45 633461
6 49 633464
6 48 633471
6 42 633472
6 12 633479
6 10 633482
6 32 633483
6 40 633489
6 25 633489
6 7 633495
6 1 633495
6 8 633498
6 20 633501
6 9 633506
7 20 633508
7 16 633516
7 37 633519
7 32 633521
7 25 633528
7 21 633531
7 35 633540
7 36 633540
7 5 633549
7 46 633553
7 12 633553
7 39 633556
7 26 633565
7 34 633567
7 51 633569
7 43 633569
7 23 633571
7 0 633575
7 2 633576
7 33 633583
7 45 633590
7 35 633595
7 19 633604
7 23 633612
7 37 633619
7 12 633619
7 26 633622
7 47 633622
7 21 633624
7 11 633630
7 34 633638
7 15 633645
7 9 633648
7 44 633657
7 20 633659
7 46 633664
7 51 633671
7 27 633676
8 40 633680
8 39 633686
8 22 633695
8 23 633698
8 45 633706
8 34 633708
8 24 633711
8 19 633716
8 2 633720
8 4 633729
8 26 633735
8 30 633741
8 9 633745
8 7 633749
8 47 633758
8 35 633765
8 3 633773
8 6 633779
8 20 633783
8 44 633790
8 32 633799
8 36 633800
8 12 633808
8 18 633814
8 38 633823
8 17 633827
8 21 633830
8 0 633831
8 15 633831
8 51 633835
8 43 633842
8 11 633850
8 49 633857
8 29 633861
8 16 633867
8 41 633876
8 26 633882
8 30 633887
8 31 633893
8 21 633898
8 7 633906
8 12 633906
8 18 633906
8 34 633909
8 23 633912
8 2 633920
8 46 633921
8 11 633925
8 1 633934
8 0 633942
8 38 633945
8 24 633951
8 48 633955
8 9 633962
8 45 633965
8 37 633969
8 4 633972
8 14 633981
8 27 633990
8 6 633994
8 22 633996
8 42 633996
8 20 633998
8 17 634000
8 15 634007
9 45 634014
9 46 634020
9 31 634023
9 13 634032
9 7 634035
9 51 634036
9 26 634042
9 41 634044
9 11 634049
9 21 634055
9 34 634058
9 39 634062
9 43 634062
9 12 634069
9 6 634074
9 10 634077
9 30 634082
9 12 634084
9 4 634090
9 47 634098
9 40 634098
9 15 634099
9 33 634105
9 44 634112
9 28 634112
9 37 634113
9 46 634121
9 7 634129
9 27 634138
9 13 634140
9 22 634146
9 36 634153
9 45 634160
9 51 634169
9 20 634177
10 1 634181
10 39 634187
10 21 634196
10 37 634205
10 26 634205
10 35 634210
10 40 634219
10 5 634224
10 16 634230
10 19 634234
10 7 634239
10 49 634247
10 38 634256
10 6 634263
10 31 634265
10 32 634273
10 44 634280
10 36 634289
10 18 634297
10 1 634302
10 26 634311
10 12 634314
10 32 634322
10 5 634329
10 40 634333
10 30 634335
10 44 634344
10 51 634350
10 9 634357
10 50 634366
10 3 634375
10 39 634384
10 45 634384
11 23 634389
11 45 634395
11 51 634399
11 14 634404
11 6 634413
11 36 634413
11 19 634413
11 17 634417
11 38 634424
11 49 634433
11 10 634440
11 5 634441
11 40 634449
11 7 634457
11 33 634457
11 2 634457
11 1 634461
11 2 634462
11 8 634463
11 41 634468
11 10 634473
11 42 634476
11 48 634480
11 36 634483
11 32 634488
11 17 634497
11 31 634506
11 14 634506
11 13 634508
11 15 634510
11 43 634518
12 13 634525
12 43 634525
12 51 634533
12 16 634535
12 28 634535
12 14 634535
13 47 634541
13 24 634547
13 38 634553
13 26 634557
13 50 634563
13 46 634567
13 12 634569
13 42 634577
13 4 634585
13 32 634589
13 23 634590
13 41 634599
13 25 634602
13 19 634607
13 34 634609
13 48 634610
13 11 634615
13 21 634620
13 4 634620
13 29 634626
13 40 634629
13 7 634633
13 8 634641
13 38 634643
13 3 634647
13 28 634654
13 17 634658
13 43 634661
13 47 634664
13 34 634670
14 4 634673
14 35 634681
14 47 634686
14 34 634687
14 6 634692
14 18 634694
14 22 634701
14 43 634705
14 49 634710
14 11 634714
14 12 634723
14 19 634725
14 38 634731
14 50 634733
14 30 634739
14 17 634748
14 25 634753
14 41 634759
14 23 634763
14 32 634770
14 2 634771
14 47 634777
14 24 634781
14 43 634782
14 31 634783
14 20 634788
14 21 634789
14 42 634796
14 0 634796
14 3 634802
14 5 634804
14 10 634806
14 9 634812
14 18 634821
14 38 634825
14 36 634830
14 46 634832
14 23 634839
14 45 634847
14 28 634856
15 9 634864
15 26 634867
15 40 634871
15 8 634878
15 30 634880
15 22 634884
15 36 634893
15 1 634893
15 47 634893
15 29 634895
15 0 634904
15 24 634908
15 43 634915
15 6 634919
15 28 634927
15 21 634927
15 23 634933
15 12 634938
15 2 634941
15 11 634950
15 46 634956
15 42 634964
15 16 634973
15 27 634976
15 3 634978
15 37 634984
15 45 634987
15 35 634995
15 33 634995
15 14 634995
15 17 634999
15 20 635007
15 22 635014
15 46 635017
15 18 635026
15 35 635029
15 11 635030
15 24 635032
15 36 635039
15 2 635047
15 13 635048
15 45 635053
15 14 635058
15 29 635060
15 4 635062
15 3 635066
15 43 635075
15 9 635082
15 28 635089
15 47 635093
15 30 635099
15 26 635107
15 7 635111
15 21 635120
15 12 635121
15 25 635121
15 39 635127
15 49 635133
15 1 635135
15 50 635135
15 31 635143
15 38 635149
15 5 635155
16 51 635158
16 29 635167
16 25 635172
16 18 635173
16 13 635175
16 10 635184
16 38 635184
16 19 635186
16 47 635194
16 21 635199
16 6 635205
16 49 635210
16 20 635211
16 31 635217
16 22 635225
16 41 635230
16 7 635238
16 11 635238
16 0 635247
16 36 635255
16 9 635259
16 40 635264
16 28 635267
16 2 635267
16 33 635270
16 4 635272
16 14 635280
16 3 635283
16 23 635284
16 34 635285
16 11 635293
16 40 635302
16 27 635311
16 22 635318
16 14 635319
16 0 635320
16 37 635327
16 7 635330
16 30 635330
16 48 635330
16 28 635338
16 31 635346
16 2 635347
16 41 635349
16 46 635356
16 23 635362
16 26 635370
16 17 635374
16 33 635383
16 38 635388
16 13 635390
16 18 635392
16 9 635395
16 21 635402
16 39 635406
16 25 635409
17 33 635415
17 35 635415
17 39 635417
17 21 635426
17 7 635428
17 6 635429
17 0 635433
17 27 635438
17 14 635445
17 30 635453
17 20 635458
17 37 635466
17 36 635468
17 49 635471
17 1 635479
17 47 635480
17 42 635481
17 15 635489
18 37 635491
18 48 635497
18 47 635502
18 16 635510
18 0 635516
18 46 635522
18 42 635523
18 7 635529
18 34 635532
18 49 635537
18 12 635540
18 47 635540
18 41 635546
18 30 635547
18 27 635554
18 43 635563
18 11 635572
18 0 635575
18 37 635584
18 33 635591
18 35 635600
18 49 635601
18 38 635604
18 15 635609
19 26 635617
19 28 635621
19 5 635623
19 20 635623
19 27 635632
19 49 635638
19 46 635641
19 9 635646
19 12 635651
19 24 635651
19 30 635654
19 1 635654
19 40 635658
19 29 635665
19 0 635672
19 4 635674
19 32 635678
19 21 635686
19 47 635694
19 11 635697
19 38 635699
19 51 635702
19 13 635708
19 33 635709
19 41 635711
19 36 635720
19 14 635729
19 42 635730
19 18 635738
19 34 635744
19 31 635750
19 23 635755
19 37 635755
19 10 635758
19 48 635762
19 18 635768
19 27 635777
19 37 635782
19 36 635789
19 31 635794
19 4 635801
19 35 635806
19 23 635806
19 46 635809
19 38 635815
19 28 635815
19 51 635821
19 0 635826
19 5 635832
19 8 635840
19 45 635845
19 6 635845
19 33 635853
19 1 635860
19 11 635868
19 29 635876
19 24 635879
19 25 635881
19 12 635882
19 20 635886
19 50 635895
19 40 635901
19 32 635903
20 1 635911
20 35 635917
20 50 635925
20 15 635927
20 19 635931
20 26 635940
20 45 635941
20 13 635946
20 6 635946
20 32 635953
20 47 635959
20 41 635968
20 27 635971
20 12 635976
20 18 635983
20 29 635987
20 43 635988
20 39 635995
20 48 636002
20 21 636006
20 24 636010
20 28 636018
20 25 636022
20 9 636028
20 48 636037
20 44 636040
20 33 636042
20 9 636048
20 3 636054
20 51 636058
20 18 636062
20 2 636063
20 23 636069
20 41 636070
20 24 636075
20 37 636080
20 1 636080
20 49 636089
20 47 636097
20 43 636102
20 36 636102
20 16 636107
20 21 636115
20 46 636118
20 25 636119
20 40 636126
20 29 636135
20 0 636141
20 22 636150
20 28 636157
21 51 636160
21 49 636167
21 23 636176
21 27 636176
21 11 636183
21 35 636189
21 41 636196
21 14 636199
21 28 636202
21 18 636211
21 12 636217
21 9 636225
21 25 636232
21 34 636238
21 4 636243
21 17 636245
21 48 636249
21 31 636249
21 45 636257
21 30 636257
21 13 636257
21 39 636266
21 26 636273
21 7 636280
21 2 636286
21 20 636290
21 47 636293
21 5 636294
21 22 636302
21 36 636306
21 10 636309
21 42 636314
21 27 636322
21 1 636329
21 18 636333
21 46 636340
21 24 636349
21 43 636358
21 29 636367
21 30 636368
21 17 636377
21 47 636386
21 6 636394
21 34 636396
21 51 636402
21 7 636404
21 49 636411
21 13 636411
21 23 636418
21 11 636422
21 50 636422
21 19 636430
21 12 636437
21 22 636439
21 36 636445
21 5 636452
21 41 636456
21 38 636463
21 4 636466
22 46 636466
22 2 636468
22 40 636468
22 44 636471
22 9 636472
22 47 636480
22 17 636489
22 6 636492
22 25 636500
22 20 636509
22 43 636514
22 26 636519
22 14 636522
22 10 636528
22 27 636529
22 31 636530
22 42 636530
22 35 636531
22 11 636533
22 5 636540
22 23 636544
22 16 636550
22 41 636559
22 50 636568
22 36 636571
22 33 636578
22 28 636579
22 2 636587
22 27 636588
22 7 636596
22 26 636596
22 40 636601
22 1 636607
22 37 636614
22 29 636617
22 12 636622
22 18 636629
22 41 636629
22 19 636632
22 21 636640
22 15 636649
22 17 636649
22 47 636652
22 31 636653
22 51 636656
22 25 636661
22 44 636667
22 5 636674
22 28 636675
22 46 636676
22 48 636683
22 16 636689
22 0 636689
22 42 636698
22 20 636707
22 8 636707
23 19 636715
23 13 636723
23 35 636727
23 48 636733
23 42 636733
23 43 636736
23 27 636736
23 31 636737
23 18 636746
23 8 636746
23 17 636753
23 3 636760
23 24 636760
23 12 636763
23 30 636767
23 50 636776
23 9 636776
23 11 636780
23 36 636787
23 16 636789
23 34 636795
23 49 636803
23 45 636807
23 22 636808
23 44 636811
23 4 636820
23 40 636826
23 2 636830
23 43 636838
23 32 636843
23 20 636845
23 44 636849
23 19 636858
23 15 636865
23 3 636867
23 30 636871
23 10 636877
23 46 636884
23 6 636891
23 17 636899
23 5 636899
23 37 636908
23 28 636908
23 7 636914
23 39 636917
23 24 636920
23 26 636926
23 8 636931
23 31 636935
23 33 636935
23 48 636939
23 51 636947
24 20 636955
24 6 636958
24 10 636962
24 47 636965
24 49 636974
24 4 636979
24 15 636987
24 2 636990
24 8 636996
24 51 637001
24 0 637001
24 19 637007
24 43 637011
24 26 637013
24 14 637017
24 16 637024
24 23 637029
24 7 637029
24 33 637035
24 31 637042
24 34 637042
24 42 637044
24 30 637050
24 44 637052
24 40 637052
24 22 637053
24 38 637061
24 39 637068
24 34 637075
24 49 637083
24 16 637086
24 48 637092
24 22 637100
24 11 637102
24 36 637110
24 0 637110
24 28 637112
24 20 637116
24 39 637118
24 13 637122
24 2 637128
24 6 637132
24 18 637137
24 7 637143
24 14 637148
24 4 637148
24 37 637148
24 17 637148
24 50 637149
24 26 637152
24 15 637156
24 42 637156
24 31 637160
24 9 637162
24 19 637162
24 29 637169
24 21 637172
24 1 637175
24 3 637177
24 35 637177
24 46 637182
25 33 637189
25 48 637198
25 24 637207
25 15 637213
25 34 637219
25 14 637221
25 31 637225
25 39 637228
25 44 637228
25 21 637229
25 23 637234
25 47 637243
25 43 637246
25 30 637254
25 27 637255
25 46 637259
25 41 637264
25 17 637265
25 13 637270
25 45 637274
25 16 637277
25 12 637281
25 36 637288
25 18 637295
25 29 637297
25 4 637301
25 19 637305
25 3 637313
25 23 637320
25 28 637327
25 20 637329
25 24 637333
25 40 637338
25 5 637341
25 38 637350
25 43 637351
25 21 637356
25 26 637358
25 6 637366
25 35 637374
25 37 637374
25 22 637381
25 9 637389
25 30 637392
25 14 637394
26 30 637403
26 42 637408
26 2 637414
26 38 637416
26 8 637425
26 0 637433
26 9 637438
26 10 637439
26 21 637440
26 36 637443
26 34 637445
26 39 637447
26 44 637452
26 16 637461
26 3 637465
26 27 637468
26 42 637468
26 1 637470
26 6 637473
26 34 637476
26 11 637481
26 25 637489
26 15 637492
26 48 637498
26 31 637506
26 12 637511
26 21 637511
26 13 637520
26 22 637527
26 16 637530
27 48 637532
27 32 637540
27 0 637542
27 13 637543
27 21 637549
27 17 637556
27 40 637556
27 19 637561
27 9 637567
27 1 637567
27 23 637572
27 12 637576
27 39 637584
27 42 637592
27 34 637597
27 14 637605
27 24 637609
27 34 637610
27 17 637615
27 3 637617
27 15 637618
27 4 637624
27 36 637629
27 44 637632
27 42 637633
27 47 637639
27 0 637642
27 19 637643
27 38 637652
27 5 637654
27 29 637657
27 8 637665
27 14 637670
27 9 637673
28 43 637678
28 38 637687
28 18 637687
28 8 637689
28 9 637695
28 16 637696
28 7 637701
28 42 637707
28 27 637712
28 15 637713
28 5 637722
28 3 637723
28 10 637725
28 1 637729
28 33 637729
28 24 637732
28 14 637738
28 42 637741
28 5 637748
28 0 637749
28 8 637755
28 9 637760
28 15 637764
28 30 637766
28 21 637766
28 38 637771
28 45 637778
28 22 637786
28 44 637794
28 40 637803
29 14 637808
29 3 637812
29 43 637812
29 50 637817
29 21 637820
29 34 637827
29 2 637827
29 37 637829
29 24 637830
29 31 637836
29 16 637844
29 0 637848
29 47 637856
29 1 637863
29 27 637864
29 41 637867
29 11 637871
29 4 637876
29 26 637885
29 13 637886
29 7 637891
29 49 637895
29 42 637897
29 14 637900
29 49 637909
29 16 637912
29 35 637921
29 18 637929
29 25 637935
29 24 637935
29 31 637944
29 32 637944
29 48 637949
29 15 637952
29 50 637960
29 21 637962
29 51 637971
29 28 637975
29 4 637976
29 45 637981
29 2 637985
29 22 637985
29 23 637993
29 10 637995
29 11 638002
29 30 638006
29 39 638013
30 9 638014
30 7 638018
30 44 638021
30 50 638022
30 41 638026
30 46 638027
30 48 638029
30 40 638030
30 28 638033
31 38 638039
31 33 638043
31 5 638045
31 48 638046
31 35 638046
31 39 638050
31 10 638051
31 45 638055
31 34 638056
31 27 638059
31 49 638064
31 36 638072
31 7 638079
31 26 638086
31 13 638089
31 29 638090
31 18 638098
31 17 638107
31 22 638107
31 8 638108
31 42 638108
31 50 638108
31 25 638111
31 16 638112
31 24 638112
31 19 638113
31 32 638117
31 40 638125
31 17 638126
31 29 638128
31 38 638137
31 25 638146
31 24 638151
31 15 638159
31 49 638167
31 21 638174
31 26 638181
31 41 638183
31 11 638189
31 36 638189
31 22 638191
31 18 638195
31 14 638199
31 32 638202
31 42 638206
31 45 638211
31 19 638218
31 43 638226
31 3 638226
31 5 638228
31 47 638235
31 16 638242
31 48 638247
31 37 638248
32 34 638251
32 42 638258
32 35 638262
32 37 638265
32 21 638274
32 40 638278
32 7 638287
32 19 638288
32 39 638288
32 2 638288
32 1 638296
32 6 638300
32 43 638308
32 18 638317
32 30 638323
32 14 638332
32 29 638338
32 50 638343
32 22 638347
32 0 638353
32 10 638358
32 23 638367
32 51 638374
32 4 638376
32 22 638383
32 20 638385
32 39 638389
32 25 638398
32 40 638406
32 28 638410
32 17 638414
32 37 638423
32 44 638424
32 33 638424
32 24 638429
32 49 638429
32 29 638431
32 11 638436
32 31 638443
32 43 638446
32 6 638454
32 46 638463
33 12 638467
33 23 638470
33 14 638477
33 9 638480
33 37 638488
33 15 638494
33 30 638496
33 7 638500
33 40 638501
33 21 638501
33 27 638502
33 16 638510
33 20 638514
33 36 638516
33 35 638516
33 25 638525
33 34 638533
33 24 638537
33 42 638545
33 3 638547
33 26 638554
33 51 638555
33 28 638558
33 41 638565
33 20 638568
33 38 638568
33 50 638575
33 32 638580
33 46 638582
33 18 638586
33 29 638592
33 10 638600
33 14 638602
33 42 638611
33 22 638620
33 24 638629
33 48 638637
33 44 638644
33 45 638647
33 2 638651
33 40 638659
33 0 638661
33 4 638670
33 26 638678
33 27 638685
33 17 638686
33 35 638693
33 51 638698
33 5 638707
33 43 638712
34 48 638721
34 17 638729
34 37 638733
34 49 638742
34 24 638749
34 30 638756
34 42 638756
34 46 638760
34 7 638765
34 50 638769
34 33 638774
34 29 638777
34 38 638785
34 13 638791
34 21 638799
34 10 638801
34 23 638807
34 8 638811
34 36 638820
34 22 638827
34 44 638829
34 12 638831
34 3 638836
34 30 638836
34 29 638843
34 36 638843
34 12 638843
34 26 638843
34 7 638851
34 44 638855
34 22 638859
34 43 638867
34 9 638875
34 13 638880
34 8 638887
34 35 638891
34 38 638892
34 21 638895
34 25 638899
34 27 638902
34 1 638908
34 18 638916
34 47 638916
34 6 638925
34 3 638931
34 24 638936
34 20 638938
34 33 638940
34 19 638943
34 14 638945
35 36 638950
35 41 638955
35 2 638962
35 31 638964
35 14 638972
35 18 638976
35 46 638983
35 13 638992
35 23 638996
35 39 639001
35 16 639005
35 21 639009
35 43 639015
35 11 639022
35 42 639027
35 27 639034
35 50 639037
35 0 639040
35 29 639043
35 19 639045
35 28 639052
35 13 639061
35 16 639064
35 15 639073
35 26 639082
35 27 639085
35 8 639086
35 36 639087
35 0 639087
35 17 639092
35 28 639095
35 6 639097
35 18 639097
35 1 639097
35 32 639100
35 34 639101
35 25 639101
35 39 639109
35 14 639110
35 37 639110
35 24 639118
35 23 639119
35 41 639126
35 22 639135
36 4 639142
36 16 639149
36 34 639149
36 0 639157
36 33 639163
36 18 639163
36 22 639165
36 21 639171
36 12 639171
36 15 639180
36 48 639180
36 26 639180
36 28 639189
36 50 639190
36 41 639195
36 45 639199
36 5 639201
36 44 639210
36 30 639215
36 38 639216
36 3 639222
36 37 639227
36 42 639235
36 2 639244
36 29 639252
36 20 639253
36 6 639257
36 23 639261
36 40 639262
36 10 639268
36 14 639269
36 35 639276
36 19 639276
36 39 639279
36 11 639281
36 7 639284
36 31 639290
36 2 639298
36 23 639299
36 51 639308
36 43 639308
36 21 639310
36 27 639310
36 41 639317
36 46 639321
36 0 639321
36 15 639324
36 49 639328
36 20 639329
36 19 639332
36 17 639338
36 47 639343
36 22 639345
36 4 639346
36 16 639347
36 42 639348
36 40 639350
36 11 639358
36 32 639360
36 35 639361
36 8 639365
36 28 639370
36 5 639371
37 39 639374
37 9 639377
37 28 639379
37 4 639387
37 36 639391
37 15 639393
37 33 639396
37 42 639400
37 30 639409
37 1 639414
38 29 639417
38 35 639418
38 10 639424
38 31 639424
38 25 639424
38 18 639424
38 36 639430
38 41 639436
38 3 639437
38 33 639440
38 9 639446
38 17 639451
38 30 639459
38 22 639464
38 33 639465
38 10 639470
38 28 639478
38 51 639478
38 21 639481
38 2 639484
38 44 639487
38 6 639492
38 15 639499
38 8 639504
38 12 639513
38 29 639518
38 16 639527
38 4 639535
38 5 639535
39 38 639535
39 0 639543
39 11 639548
39 51 639552
39 29 639552
39 31 639560
39 2 639568
39 42 639569
39 48 639576
39 18 639584
39 4 639588
39 8 639597
39 9 639605
39 44 639606
39 17 639612
39 27 639614
39 21 639616
39 25 639625
39 28 639630
39 46 639636
39 1 639637
39 22 639641
39 30 639642
39 22 639650
39 48 639652
39 4 639658
39 34 639661
39 14 639664
39 49 639673
39 40 639680
39 36 639685
39 51 639690
39 31 639699
39 21 639704
39 7 639711
39 47 639720
39 9 639727
39 16 639734
39 27 639742
39 42 639751
39 11 639752
39 37 639754
39 41 639759
39 25 639767
39 6 639768
39 35 639774
40 39 639775
40 13 639779
40 26 639786
40 32 639786
40 9 639786
40 29 639787
40 19 639795
40 20 639798
40 10 639806
40 43 639811
40 44 639816
40 25 639823
40 22 639830
40 27 639836
40 5 639838
40 17 639842
40 38 639850
40 23 639852
40 46 639852
40 14 639859
40 35 639865
40 7 639867
40 3 639868
40 33 639877
40 48 639880
40 37 639885
40 28 639892
40 18 639899
40 31 639902
40 22 639905
40 33 639905
40 14 639914
40 23 639923
40 44 639923
40 15 639931
40 7 639934
40 3 639943
40 49 639946
40 28 639951
40 25 639956
40 20 639965
40 46 639970
40 36 639979
40 2 639983
40 13 639990
40 5 639999
40 37 640000
40 19 640006
40 29 640013
40 50 640014
40 18 640021
40 10 640028
40 34 640029
40 16 640033
40 42 640036
40 24 640042
40 45 640046
40 38 640049
40 30 640050
40 51 640054
41 11 640061
41 0 640066
41 25 640072
41 47 640081
41 16 640086
41 37 640086
41 36 640092
41 46 640100
41 48 640104
41 17 640104
41 6 640106
41 18 640115
41 38 640116
41 27 640125
41 7 640130
41 3 640132
41 1 640139
41 33 640142
41 44 640149
41 29 640154
41 39 640159
41 34 640163
41 14 640171
41 19 640171
41 10 640178
41 5 640187
41 22 640191
41 13 640197
41 12 640205
41 35 640214
41 23 640220
41 44 640225
41 27 640226
41 51 640227
41 21 640229
41 28 640234
41 47 640238
41 31 640244
41 39 640250
41 8 640258
41 13 640266
41 15 640274
41 4 640275
41 20 640279
41 0 640282
41 17 640285
41 48 640293
41 2 640300
41 49 640302
41 7 640302
41 26 640307
41 25 640313
41 5 640318
41 43 640321
41 40 640325
41 33 640328
43 29 640332
43 32 640340
43 9 640344
43 20 640353
43 5 640360
43 51 640368
43 42 640376
43 25 640377
43 40 640386
43 44 640387
43 11 640390
43 23 640391
43 31 640400
43 8 640405
43 47 640412
43 10 640418
43 39 640427
43 35 640435
43 4 640442
43 12 640449
43 6 640456
43 24 640460
43 41 640467
43 0 640469
43 1 640478
43 38 640478
43 14 640480
43 17 640486
43 0 640488
43 4 640490
43 18 640497
43 1 640502
43 6 640506
43 41 640513
43 48 640518
43 5 640522
43 44 640526
43 20 640533
43 49 640536
43 33 640539
43 45 640541
43 11 640542
43 23 640548
43 29 640550
43 3 640557
43 46 640561
44 23 640568
44 9 640577
44 43 640586
44 11 640588
44 30 640596
44 39 640598
44 33 640602
44 47 640604
44 19 640607
44 32 640607
44 42 640610
44 40 640617
44 35 640622
44 36 640625
44 29 640633
44 28 640634
44 49 640636
44 3 640643
44 14 640643
44 27 640652
44 22 640654
44 46 640660
44 38 640668
44 6 640677
44 48 640684
44 10 640689
44 50 640691
44 17 640696
44 15 640703
44 45 640705
44 33 640708
44 3 640711
44 47 640714
44 18 640715
44 9 640719
44 51 640721
44 22 640722
44 32 640731
44 34 640735
44 24 640735
44 25 640738
44 40 640741
44 30 640745
44 10 640754
44 23 640755
44 6 640759
44 29 640763
44 17 640767
44 50 640768
44 21 640770
44 31 640771
44 39 640780
44 42 640789
44 12 640790
44 5 640797
44 0 640803
45 51 640804
45 49 640808
45 4 640810
45 23 640816
45 0 640817
45 1 640818
45 16 640818
45 41 640819
45 46 640820
45 11 640824
45 50 640833
45 36 640840
45 6 640845
45 18 640847
45 28 640852
45 47 640860
45 19 640863
45 27 640869
45 7 640878
45 2 640880
45 14 640882
45 37 640890
45 3 640892
45 43 640893
45 48 640902
45 40 640910
45 14 640911
45 21 640916
45 3 640924
45 35 640929
45 46 640934
45 11 640939
45 42 640940
45 41 640944
45 33 640945
45 6 640948
45 47 640956
45 34 640965
45 25 640965
45 16 640968
45 15 640973
45 31 640979
45 29 640984
45 51 640986
45 22 640992
45 23 640992
45 13 640997
45 17 640999
46 39 641006
46 36 641012
46 51 641012
47 21 641012
47 39 641018
47 27 641022
47 44 641025
47 4 641034
47 13 641037
47 11 641039
47 45 641042
47 25 641044
47 48 641050
47 50 641050
47 20 641053
47 29 641060
47 19 641064
47 10 641073
47 49 641076
47 14 641082
47 0 641082
47 3 641086
47 17 641094
47 38 641095
47 1 641102
47 51 641103
47 18 641105
47 5 641108
47 37 641110
47 2 641115
47 43 641124
47 15 641131
47 7 641131
47 35 641135
47 23 641135
47 42 641141
47 18 641142
47 3 641143
47 21 641148
47 48 641151
47 19 641160
47 46 641167
47 15 641175
47 13 641183
47 31 641184
47 22 641184
47 38 641192
47 8 641194
47 24 641200
47 11 641204
47 36 641208
47 9 641215
47 40 641215
47 29 641221
47 1 641224
47 41 641225
47 0 641227
47 34 641229
47 7 641229
47 14 641238
47 6 641242
47 16 641243
47 49 641252
47 51 641252
47 28 641252
48 43 641258
48 13 641265
48 9 641273
48 24 641276
48 41 641283
48 7 641291
48 3 641293
48 39 641293
48 44 641300
48 17 641308
48 38 641314
48 27 641316
48 11 641323
48 14 641323
48 19 641326
48 8 641333
48 16 641336
48 21 641337
48 1 641341
48 12 641341
48 42 641347
48 40 641352
48 2 641354
48 47 641354
48 22 641361
48 35 641370
48 31 641379
48 5 641383
48 0 641390
48 32 641393
48 2 641396
48 49 641400
48 5 641407
48 30 641412
48 32 641420
48 25 641420
48 3 641429
48 38 641438
48 0 641446
48 23 641451
48 42 641460
48 45 641464
48 34 641468
48 35 641473
48 39 641478
48 28 641480
48 33 641481
48 26 641486
48 18 641489
48 17 641495
48 44 641498
48 20 641501
48 40 641503
48 7 641508
48 14 641512
48 27 641517
48 41 641526
48 19 641531
49 12 641534
49 38 641541
49 21 641546
49 30 641553
49 33 641562
49 6 641563
49 29 641571
49 17 641573
49 4 641574
49 10 641578
49 26 641582
49 13 641588
49 51 641596
49 37 641597
49 20 641605
49 25 641612
49 14 641615
49 5 641616
49 24 641625
49 29 641634
49 22 641637
50 2 641643
50 11 641645
50 43 641650
50 27 641657
50 30 641660
50 38 641664
50 4 641669
50 6 641673
50 15 641676
50 40 641684
50 14 641689
50 3 641689
50 35 641691
50 7 641692
50 33 641692
50 29 641694
50 8 641702
50 10 641711
50 16 641713
50 45 641722
50 46 641727
50 20 641736
50 40 641738
50 31 641738
50 19 641740
50 32 641741
50 43 641743
50 36 641745
50 49 641749
50 0 641758
50 29 641766
50 3 641766
50 28 641770
50 47 641777
50 51 641782
50 44 641782
50 12 641783
50 21 641792
50 6 641796
50 15 641803
50 22 641804
50 4 641807
50 24 641810
51 1 641811
51 49 641819
51 17 641820
51 41 641829
51 16 641837
51 35 641845
51 10 641852
51 42 641856
51 20 641857
51 37 641861
51 12 641869
51 43 641869
51 34 641870
51 33 641871
51 4 641877
51 2 641878
51 46 641880
51 45 641884
51 28 641884
51 18 641886
51 21 641895
51 6 641904
51 39 641906
51 25 641915
51 14 641919
51 23 641923
51 0 641926
51 15 641930
51 46 641933
51 31 641934
51 7 641937
51 48 641940
51 11 641948
51 9 641952
51 0 641956
51 24 641965
51 47 641973
51 12 641979
51 42 641979
51 26 641984
51 23 641990
51 27 641994
51 2 641998
51 3 642000
51 20 642004
51 15 642004
51 35 642012
51 43 642016
51 18 642021
51 14 642030
51 32 642034
51 22 642034
51 38 642043
51 29 642048
51 36 642053
51 34 642054
