56
true
0 26 791754
0 9 791757
0 13 791759
0 38 791759
0 29 791760
0 49 791769
0 18 791777
0 20 791779
0 34 791785
0 35 791793
0 11 791801
0 7 791805
0 32 791806
1 9 791812
1 29 791814
1 30 791817
1 15 791822
1 36 791828
1 51 791828
1 19 791835
1 13 791835
1 23 791842
1 45 791845
1 26 791854
1 40 791858
1 12 791862
1 39 791864
1 0 791873
1 10 791880
1 42 791886
1 33 791892
1 7 791898
1 21 791898
1 24 791907
1 48 791908
1 38 791913
1 50 791918
1 4 791921
1 44 791923
1 8 791929
1 54 791930
1 45 791936
1 14 791944
1 53 791949
1 38 791953
1 44 791955
1 40 791964
1 8 791969
1 24 791971
1 18 791972
1 12 791978
1 31 791982
1 3 791984
1 30 791987
1 2 791989
1 17 791994
1 55 791999
1 37 792007
1 33 792010
1 46 792019
1 27 792023
1 4 792025
1 49 792032
1 29 792033
1 7 792042
1 34 792043
1 9 792044
1 35 792051
1 50 792060
1 13 792065
2 23 792066
2 22 792072
2 8 792076
2 50 792076
2 24 792084
2 15 792093
2 30 792101
2 49 792108
2 11 792116
2 16 792119
2 21 792123
2 4 792123
2 53 792124
2 20 792133
2 9 792142
2 14 792144
2 1 792144
2 52 792147
2 34 792153
2 44 792159
2 32 792166
2 45 792173
2 39 792174
2 19 792179
2 55 792184
2 32 792190
2 7 792192
2 41 792197
2 42 792201
2 28 792203
2 22 792204
2 5 792204
2 49 792211
2 15 792214
2 44 792220
2 20 792225
2 43 792226
2 47 792229
2 6 792234
2 23 792239
2 39 792244
2 24 792246
2 19 792250
2 48 792255
2 45 792257
2 54 792259
2 3 792268
2 31 792271
3 50 792273
3 21 792276
3 53 792276
3 42 792284
3 49 792286
3 28 792293
3 47 792302
3 19 792302
3 39 792309
3 4 792314
3 5 792320
3 29 792322
3 20 792323
3 38 792326
3 17 792330
3 0 792336
3 10 792342
3 6 792350
3 33 792350
3 15 792359
3 53 792368
3 32 792370
3 44 792378
3 34 792379
3 1 792380
3 50 792381
4 48 792382
4 14 792391
4 34 792395
4 27 792397
4 52 792398
4 30 792403
4 7 792408
4 3 792414
4 24 792418
4 8 792421
4 16 792425
4 53 792427
4 5 792429
4 0 792431
4 20 792440
4 19 792442
4 26 792447
4 6 792450
4 55 792458
4 29 792461
4 17 792463
4 25 792472
4 44 792474
4 39 792475
4 45 792475
4 27 792475
4 33 792481
4 45 792485
4 51 792488
4 14 792491
4 41 792500
4 16 792502
4 30 792507
4 5 792513
4 18 792513
4 15 792519
4 39 792524
4 6 792530
4 42 792530
4 35 792531
4 50 792535
4 29 792538
4 24 792543
4 19 792547
4 26 792547
4 17 792547
4 0 792547
4 21 792556
4 20 792559
4 34 792565
4 44 792570
4 9 792573
5 15 792576
5 48 792583
5 33 792583
5 1 792590
5 51 792593
5 41 792593
5 40 792598
5 52 792604
5 6 792611
5 47 792620
5 49 792623
5 16 792623
5 27 792627
5 37 792633
5 19 792639
5 26 792640
5 55 792645
5 22 792647
5 21 792656
5 31 792661
5 17 792662
5 0 792669
5 44 792677
5 4 792677
5 30 792677
5 34 792683
5 28 792690
5 43 792692
5 13 792696
5 25 792703
5 42 792712
5 36 792716
5 53 792717
5 39 792719
5 53 792719
5 22 792721
5 20 792728
5 35 792734
5 45 792743
5 19 792746
5 6 792754
5 9 792761
5 40 792770
5 46 792777
5 42 792785
5 34 792787
5 28 792796
5 3 792801
5 8 792807
5 41 792809
5 15 792809
5 44 792818
5 11 792820
5 49 792827
5 55 792832
5 26 792841
5 13 792843
5 31 792847
5 1 792849
5 48 792849
5 24 792850
5 39 792852
5 12 792857
5 43 792861
5 38 792869
5 29 792874
5 33 792879
5 50 792879
5 23 792883
6 44 792885
6 55 792887
6 43 792892
6 20 792898
6 1 792904
6 32 792913
6 39 792918
6 49 792924
6 23 792925
6 19 792927
6 42 792928
6 26 792931
6 15 792937
6 34 792945
6 36 792953
6 5 792957
6 12 792957
6 40 792964
6 46 792966
6 26 792975
6 20 792976
6 46 792983
6 29 792992
6 18 792998
6 39 792999
6 30 793002
6 11 793008
6 17 793016
6 7 793018
6 50 793019
6 45 793021
6 47 793030
6 31 793035
6 1 793039
6 34 793040
6 40 793044
6 38 793046
6 21 793054
6 51 793062
7 6 793068
7 17 793069
7 16 793071
7 46 793071
7 15 793078
7 0 793084
7 49 793090
7 11 793093
7 45 793094
7 14 793099
7 38 793107
7 22 793115
7 3 793115
7 9 793117
7 4 793123
7 48 793125
7 51 793125
7 50 793134
7 14 793135
7 34 793139
7 36 793142
7 48 793142
7 26 793150
7 24 793151
7 31 793157
7 18 793164
7 50 793173
7 55 793177
7 15 793177
7 12 793186
7 0 793188
7 4 793194
7 28 793202
7 43 793204
7 51 793213
7 6 793222
8 25 793230
8 18 793235
8 52 793240
8 7 793248
8 48 793253
8 16 793260
8 15 793262
8 6 793271
8 46 793274
8 13 793277
8 39 793279
8 17 793283
8 9 793283
8 24 793285
8 14 793289
8 47 793292
8 21 793301
8 38 793303
8 34 793305
8 5 793308
8 22 793309
8 11 793317
8 28 793325
8 2 793330
8 51 793335
8 50 793343
8 0 793343
8 33 793343
8 14 793351
8 4 793351
8 30 793355
8 51 793361
8 0 793365
8 36 793374
8 55 793377
8 35 793383
8 42 793391
8 25 793394
8 10 793400
8 45 793404
8 50 793413
8 1 793414
8 15 793420
8 19 793428
8 49 793434
8 21 793436
8 54 793441
8 9 793446
8 44 793449
8 28 793458
8 23 793467
8 17 793475
8 29 793476
8 38 793485
9 32 793492
9 15 793492
9 25 793496
9 44 793502
9 45 793502
9 46 793506
9 28 793512
9 42 793516
9 53 793521
9 23 793527
9 11 793534
9 5 793543
9 38 793551
9 47 793557
9 54 793558
9 55 793561
9 8 793561
9 35 793565
9 37 793571
9 16 793577
9 4 793581
9 0 793590
9 29 793592
9 22 793594
9 17 793601
9 30 793602
9 19 793611
9 50 793618
9 2 793619
9 48 793619
9 18 793622
9 34 793631
9 3 793633
9 41 793640
9 40 793641
9 48 793641
9 44 793641
9 22 793642
9 39 793644
9 45 793645
9 53 793648
9 52 793653
9 28 793657
9 33 793665
9 20 793672
9 15 793679
9 47 793679
9 21 793679
9 18 793682
9 17 793685
9 46 793689
9 55 793698
9 35 793705
9 25 793709
9 6 793718
9 13 793725
9 23 793730
9 7 793739
9 2 793745
9 8 793751
9 19 793760
9 37 793762
9 24 793769
9 31 793772
9 36 793774
9 38 793783
10 42 793789
10 8 793798
10 24 793802
10 53 793803
10 45 793805
10 34 793811
10 50 793812
10 21 793817
10 11 793819
10 26 793824
10 2 793832
10 41 793840
10 54 793847
10 27 793850
10 16 793859
10 36 793865
10 39 793870
10 25 793870
10 46 793872
10 40 793875
10 23 793883
10 21 793883
10 15 793886
10 12 793887
10 50 793887
10 22 793895
10 37 793900
10 2 793900
10 19 793909
10 55 793914
10 44 793922
10 13 793926
10 32 793926
10 0 793931
10 36 793939
10 53 793942
10 6 793947
11 40 793954
11 3 793958
11 24 793960
11 13 793969
11 52 793976
11 12 793978
11 26 793981
11 38 793984
11 43 793985
11 47 793993
11 39 794001
11 16 794003
11 7 794011
11 36 794015
11 10 794015
11 44 794024
11 2 794025
11 31 794029
11 29 794035
11 25 794037
11 51 794042
11 17 794042
11 53 794046
11 41 794047
11 8 794051
11 14 794057
11 54 794061
11 43 794067
11 37 794069
11 50 794074
11 26 794081
11 5 794088
11 53 794090
11 7 794096
11 49 794102
11 1 794110
11 32 794117
11 29 794119
11 22 794123
11 24 794131
11 35 794138
11 27 794140
11 9 794144
11 38 794147
11 55 794147
11 28 794150
11 15 794158
11 3 794158
11 16 794163
11 48 794172
11 47 794178
11 0 794186
11 2 794187
11 42 794187
11 14 794192
12 52 794192
12 40 794193
12 10 794194
12 44 794194
12 33 794195
12 20 794201
12 27 794208
12 5 794214
12 22 794216
12 1 794224
12 45 794233
12 47 794241
12 24 794244
12 17 794251
12 42 794259
12 3 794265
12 41 794267
12 13 794269
12 48 794272
12 55 794276
12 4 794284
12 38 794293
12 11 794302
12 8 794310
12 37 794314
12 14 794316
12 53 794323
12 35 794325
12 36 794329
12 28 794336
12 43 794340
12 19 794345
12 0 794345
12 14 794353
12 31 794358
12 39 794367
12 29 794367
12 49 794373
12 3 794374
12 48 794381
12 16 794384
12 6 794391
12 45 794396
12 53 794401
12 15 794409
12 40 794417
12 32 794426
12 30 794430
12 4 794435
12 41 794435
12 5 794444
12 24 794449
12 20 794452
12 11 794452
12 35 794456
12 42 794462
12 54 794466
12 10 794468
12 26 794469
13 8 794470
13 4 794477
13 5 794480
13 46 794488
13 18 794489
13 43 794490
13 29 794497
13 54 794500
13 32 794508
13 14 794509
13 44 794514
13 15 794517
13 7 794524
13 2 794529
13 22 794538
13 45 794540
13 47 794545
13 34 794554
13 21 794561
13 0 794562
13 35 794565
13 27 794570
13 42 794578
13 17 794579
13 36 794582
13 20 794588
13 24 794590
13 50 794592
13 33 794593
13 31 794599
13 39 794605
13 55 794606
13 23 794611
13 12 794613
13 40 794620
13 26 794626
13 46 794631
13 24 794636
13 41 794642
13 15 794645
13 27 794648
13 52 794657
13 21 794659
13 4 794664
13 12 794664
13 49 794667
13 48 794674
13 55 794681
13 37 794686
13 36 794689
13 25 794691
13 28 794694
13 33 794696
13 50 794696
13 5 794697
13 1 794699
13 32 794707
13 30 794714
13 16 794718
13 11 794725
13 9 794725
13 29 794734
13 22 794742
13 23 794742
13 0 794744
13 38 794751
13 39 794760
13 6 794763
13 2 794772
14 13 794776
14 40 794782
14 7 794791
14 53 794795
14 19 794800
14 37 794803
14 43 794808
14 30 794813
14 38 794821
14 36 794827
14 35 794830
14 47 794831
14 25 794840
14 31 794844
14 29 794851
14 42 794855
14 0 794856
14 41 794857
14 28 794861
14 24 794866
14 52 794868
14 34 794872
14 26 794879
14 18 794880
14 17 794881
14 2 794886
14 20 794888
14 6 794896
14 9 794898
14 4 794904
14 45 794907
14 34 794916
14 27 794922
14 8 794929
14 52 794931
14 37 794940
14 33 794941
14 24 794949
14 4 794957
14 30 794964
14 48 794969
14 41 794978
14 1 794985
14 43 794989
14 54 794990
14 2 794991
14 50 794999
14 7 795000
14 31 795006
14 46 795008
14 21 795016
14 25 795022
14 15 795024
14 51 795032
14 40 795033
14 32 795041
14 0 795041
14 38 795047
14 36 795050
14 6 795055
14 5 795059
14 26 795061
14 17 795061
14 16 795061
14 13 795069
15 30 795077
15 55 795081
15 12 795089
15 36 795093
15 21 795101
15 20 795108
15 8 795111
15 47 795117
15 7 795122
15 14 795128
15 53 795129
15 1 795129
15 43 795130
15 54 795138
15 39 795140
15 37 795147
15 34 795153
15 9 795159
15 10 795168
15 23 795173
15 27 795175
15 2 795178
15 11 795180
15 46 795184
15 19 795192
15 29 795197
15 17 795197
15 38 795204
15 52 795213
15 14 795217
15 27 795219
15 41 795224
15 19 795225
15 12 795225
15 53 795229
15 8 795238
15 47 795243
15 46 795243
15 42 795252
15 52 795259
15 3 795261
15 21 795263
15 34 795271
15 35 795272
15 10 795272
15 16 795275
15 43 795284
15 20 795290
15 31 795290
15 26 795292
15 9 795295
15 50 795304
15 37 795304
15 0 795307
15 55 795311
15 33 795317
15 22 795324
15 17 795330
15 4 795338
16 11 795340
16 18 795348
16 53 795357
16 48 795364
16 32 795371
16 1 795375
16 21 795377
16 25 795379
16 15 795382
16 41 795389
16 13 795392
16 37 795398
16 49 795399
16 30 795403
16 3 795405
16 54 795414
16 8 795418
16 31 795422
16 23 795428
16 44 795431
16 28 795437
16 43 795445
16 55 795451
16 5 795453
17 10 795455
17 30 795457
17 5 795466
17 40 795469
17 16 795474
17 26 795478
17 35 795478
17 45 795487
17 51 795488
17 32 795492
17 3 795498
17 18 795506
17 48 795509
17 43 795512
17 14 795518
17 2 795519
17 8 795524
17 9 795526
17 7 795532
17 54 795540
17 1 795549
17 53 795550
17 0 795550
17 28 795559
17 46 795565
17 36 795567
17 6 795569
17 41 795575
17 50 795578
17 13 795578
17 13 795583
17 0 795587
17 39 795587
17 38 795593
17 55 795597
17 46 795600
17 14 795604
17 31 795608
17 49 795613
17 54 795620
17 12 795625
17 7 795629
17 35 795629
17 5 795630
17 51 795637
17 47 795638
17 20 795639
17 10 795640
17 40 795646
17 23 795651
17 32 795656
17 29 795664
17 43 795671
17 19 795675
17 11 795675
17 2 795678
17 3 795683
17 48 795685
17 18 795688
17 22 795692
17 9 795693
17 8 795700
17 53 795709
17 41 795716
18 14 795725
18 51 795726
18 25 795731
18 50 795733
18 48 795733
18 34 795734
18 0 795736
18 31 795739
18 10 795744
18 36 795753
18 44 795756
18 45 795764
18 43 795764
18 46 795766
18 53 795775
18 29 795781
18 49 795788
18 20 795791
18 4 795797
18 42 795801
18 17 795808
18 54 795808
18 8 795811
18 11 795816
18 52 795819
18 27 795824
18 24 795824
18 8 795833
18 30 795842
18 17 795848
18 52 795853
18 33 795858
18 23 795864
18 1 795872
18 15 795875
18 3 795884
18 42 795886
18 9 795887
18 6 795893
18 34 795895
18 11 795903
18 27 795912
18 0 795912
18 35 795917
18 32 795919
18 13 795920
18 54 795926
18 22 795930
18 29 795931
18 46 795940
18 26 795945
18 49 795952
18 10 795952
18 41 795952
18 20 795952
18 4 795954
18 24 795954
18 40 795956
18 36 795957
18 43 795960
18 39 795967
19 13 795975
19 37 795983
19 10 795983
19 35 795983
19 22 795984
19 42 795988
19 34 795992
19 39 795993
19 54 795994
19 12 796002
19 11 796004
19 41 796009
19 55 796016
19 29 796020
19 40 796028
19 15 796035
19 4 796038
19 26 796045
19 31 796049
19 24 796054
19 43 796063
19 17 796069
19 14 796069
19 45 796069
19 2 796078
19 0 796081
19 41 796090
19 53 796094
19 5 796101
19 22 796102
19 34 796107
19 14 796112
19 2 796113
19 6 796118
19 48 796119
19 49 796128
19 17 796134
19 38 796143
19 42 796149
19 29 796149
19 11 796155
19 33 796164
19 44 796173
19 20 796175
19 31 796183
20 37 796189
20 15 796189
20 13 796190
20 23 796194
20 49 796200
20 27 796201
20 50 796208
20 16 796217
20 29 796226
20 18 796233
20 35 796240
20 25 796243
20 52 796252
20 33 796259
20 1 796263
20 46 796271
20 22 796274
20 9 796280
20 2 796284
20 44 796293
20 54 796302
20 5 796303
20 7 796311
20 26 796316
20 3 796317
20 51 796320
20 36 796328
20 19 796328
20 50 796333
20 48 796339
20 27 796343
20 12 796352
20 4 796357
20 5 796363
20 54 796372
20 34 796380
20 42 796386
20 46 796393
20 47 796400
20 25 796407
20 7 796409
20 1 796414
20 0 796414
20 30 796417
20 52 796423
20 11 796424
20 16 796431
20 49 796432
20 21 796435
20 44 796435
20 43 796439
20 36 796444
20 45 796450
20 38 796450
21 13 796455
21 41 796460
21 52 796460
21 18 796468
21 25 796476
21 26 796483
21 4 796491
21 30 796497
21 33 796504
21 15 796504
21 23 796512
21 6 796514
22 35 796520
22 16 796523
22 10 796532
22 47 796541
22 42 796544
22 29 796546
22 13 796551
22 34 796554
22 36 796559
22 45 796565
22 6 796569
22 5 796573
22 46 796573
22 49 796581
22 26 796581
22 17 796582
22 23 796584
22 16 796592
22 20 796594
22 38 796595
22 53 796598
22 1 796601
22 24 796601
22 11 796610
22 21 796613
22 10 796622
22 33 796628
23 29 796636
23 50 796640
23 32 796643
23 5 796644
23 4 796651
23 49 796659
23 35 796659
23 25 796667
23 33 796675
23 41 796676
23 45 796678
23 6 796686
23 2 796694
23 20 796701
23 0 796702
23 27 796704
23 17 796709
23 22 796717
23 28 796725
23 47 796725
23 51 796727
23 29 796734
23 1 796742
23 46 796750
23 52 796750
23 13 796753
23 37 796758
23 43 796766
23 20 796769
23 47 796771
23 40 796779
23 4 796787
23 38 796793
23 8 796801
23 26 796801
23 55 796803
23 53 796805
23 32 796809
23 27 796810
23 17 796814
23 18 796814
24 31 796818
24 55 796826
24 46 796835
24 42 796838
24 49 796842
24 51 796850
24 40 796857
24 10 796859
24 19 796861
24 5 796864
24 1 796873
24 41 796875
24 20 796877
24 30 796879
24 43 796882
24 21 796889
24 53 796893
24 35 796897
24 37 796899
24 28 796902
24 52 796905
24 16 796913
24 19 796917
24 1 796925
24 17 796929
24 45 796938
24 14 796939
24 29 796945
24 11 796949
24 0 796953
24 51 796956
24 31 796956
24 9 796964
24 25 796966
24 22 796967
25 18 796971
25 36 796976
25 15 796982
25 10 796989
25 7 796995
25 12 796999
25 51 797001
25 44 797003
25 28 797011
25 31 797018
25 3 797027
25 42 797029
25 32 797037
25 20 797042
25 23 797044
25 0 797052
25 49 797056
25 26 797057
25 38 797063
25 13 797069
25 16 797076
25 24 797078
25 55 797086
25 19 797089
25 27 797098
25 43 797105
25 34 797114
25 41 797117
25 8 797122
25 12 797131
25 27 797138
25 21 797141
25 11 797148
25 33 797152
25 46 797161
25 43 797165
25 37 797174
25 38 797174
25 55 797183
25 36 797183
25 30 797184
25 4 797191
25 24 797194
25 16 797195
25 18 797198
25 44 797203
25 6 797204
25 17 797212
25 42 797221
25 23 797221
25 14 797223
25 40 797223
25 51 797223
25 39 797231
25 8 797235
25 13 797243
26 32 797244
26 14 797247
26 20 797252
26 12 797256
26 51 797262
26 48 797268
26 30 797270
26 4 797277
26 29 797285
26 49 797285
26 0 797292
26 17 797293
26 39 797298
26 41 797305
26 43 797310
26 44 797313
26 3 797322
26 15 797326
26 11 797326
26 27 797335
26 52 797337
26 21 797341
26 50 797345
26 31 797350
26 13 797350
26 9 797353
26 18 797353
26 55 797361
26 16 797368
26 10 797372
26 43 797375
26 35 797380
26 23 797389
26 7 797395
26 51 797402
26 6 797404
26 28 797412
26 2 797412
26 0 797412
26 33 797416
26 48 797422
26 36 797428
26 42 797435
26 31 797443
26 34 797446
26 50 797451
26 46 797460
26 44 797464
26 30 797469
26 16 797469
26 53 797470
26 20 797475
26 11 797484
26 8 797489
26 19 797490
26 47 797497
26 5 797502
26 18 797505
26 3 797511
26 41 797520
26 32 797529
26 27 797533
26 49 797533
26 39 797539
27 25 797543
27 24 797548
27 37 797555
27 40 797558
27 7 797558
27 12 797567
27 49 797576
27 53 797581
27 52 797586
27 14 797594
27 31 797599
27 39 797604
27 47 797607
27 5 797607
27 10 797611
27 15 797615
27 29 797618
27 13 797624
27 4 797629
27 26 797629
27 7 797634
27 35 797640
27 16 797644
27 50 797646
27 9 797655
27 11 797655
27 54 797657
27 43 797659
27 33 797660
27 4 797662
27 15 797671
27 13 797680
27 31 797683
27 1 797687
27 37 797696
27 51 797703
27 18 797706
27 12 797713
27 29 797722
28 24 797724
28 55 797728
28 29 797733
28 36 797735
28 8 797744
28 23 797748
28 2 797750
28 21 797757
28 32 797763
28 6 797772
28 46 797779
28 54 797787
28 17 797788
28 5 797790
28 52 797796
28 43 797804
28 46 797810
28 14 797813
28 36 797819
28 43 797821
28 22 797821
28 35 797821
28 24 797827
28 21 797833
28 31 797841
28 32 797850
28 13 797859
28 40 797867
28 4 797875
28 17 797876
29 15 797880
29 11 797882
29 26 797882
29 52 797890
29 30 797894
29 16 797894
29 2 797896
29 4 797904
29 22 797904
29 54 797905
29 40 797906
29 35 797912
29 32 797918
29 33 797925
29 47 797928
29 49 797932
29 3 797938
29 51 797947
29 55 797952
29 21 797961
29 42 797970
29 8 797971
29 13 797973
29 48 797977
29 2 797981
29 16 797985
29 42 797994
29 9 798003
29 52 798004
29 34 798009
29 20 798014
29 35 798021
29 41 798030
29 24 798034
29 17 798042
29 54 798042
29 1 798046
29 33 798055
29 25 798061
29 12 798064
29 48 798071
29 27 798074
29 47 798082
29 44 798084
29 19 798085
29 30 798093
29 5 798097
30 40 798101
30 31 798110
30 14 798113
30 42 798113
30 35 798114
30 0 798119
30 8 798119
30 6 798125
30 4 798132
30 27 798133
30 5 798138
30 54 798139
30 18 798146
30 11 798152
30 7 798157
30 43 798159
30 41 798164
30 1 798173
30 37 798180
30 15 798181
30 21 798190
30 20 798190
30 26 798197
30 9 798200
30 3 798204
30 2 798206
30 24 798209
30 23 798218
30 36 798227
30 54 798234
30 41 798238
30 8 798241
30 21 798246
30 25 798248
30 39 798248
30 42 798251
30 11 798255
30 43 798260
30 46 798262
30 12 798269
30 31 798275
30 19 798278
30 7 798286
30 6 798293
30 5 798297
30 15 798306
30 40 798308
30 50 798315
30 49 798317
30 35 798318
31 40 798321
31 42 798321
31 1 798329
31 46 798333
31 0 798342
31 44 798344
31 52 798346
31 5 798351
31 4 798357
31 19 798360
31 7 798369
31 50 798372
31 6 798381
31 9 798387
31 34 798389
31 14 798393
31 53 798401
31 2 798401
31 3 798410
31 37 798413
31 23 798415
31 45 798418
31 21 798425
31 28 798433
31 18 798441
31 38 798444
31 39 798445
31 10 798454
31 24 798462
31 33 798471
31 12 798478
31 17 798485
31 24 798494
31 46 798501
31 44 798508
31 1 798516
31 2 798517
31 43 798520
31 28 798528
31 38 798535
31 36 798538
31 30 798540
31 12 798546
31 41 798550
31 50 798557
31 29 798560
31 42 798567
31 19 798570
31 8 798573
31 14 798582
31 22 798591
31 39 798598
31 32 798605
31 47 798609
31 11 798616
31 9 798618
31 23 798618
31 25 798626
31 51 798633
31 4 798640
31 37 798642
31 26 798651
31 45 798655
31 52 798661
31 17 798669
31 7 798675
31 10 798683
32 12 798684
32 50 798691
32 20 798695
32 8 798703
32 25 798709
32 49 798716
32 33 798716
32 9 798719
32 10 798721
32 46 798730
32 45 798739
32 13 798745
32 3 798750
32 30 798757
32 27 798758
32 43 798763
32 19 798770
32 47 798774
32 23 798782
32 1 798788
32 55 798790
32 44 798795
32 48 798797
32 39 798802
32 53 798810
32 38 798812
32 40 798820
32 31 798823
32 51 798826
32 11 798828
32 2 798833
32 29 798842
32 17 798847
32 15 798848
32 7 798856
32 1 798863
32 6 798869
32 38 798874
32 2 798876
32 47 798877
32 37 798880
32 12 798880
32 36 798882
32 19 798887
32 3 798887
32 30 798896
32 17 798903
32 20 798912
32 35 798912
32 21 798917
32 10 798918
32 16 798923
32 54 798924
32 7 798927
32 40 798932
32 0 798936
32 25 798941
32 5 798950
32 22 798951
32 11 798955
32 42 798956
32 4 798963
32 13 798968
32 18 798977
32 9 798985
32 28 798992
32 29 798997
32 8 799000
32 51 799002
33 36 799002
33 37 799004
33 53 799006
33 29 799007
33 47 799007
33 0 799008
33 22 799014
33 7 799022
33 16 799031
33 39 799034
33 44 799037
33 43 799043
33 31 799045
33 11 799053
33 45 799059
33 24 799068
33 15 799068
33 49 799068
33 28 799070
33 19 799073
33 42 799077
33 5 799083
33 25 799092
33 13 799098
33 9 799102
33 27 799103
33 41 799111
33 6 799118
33 34 799127
33 54 799136
33 20 799139
33 35 799141
33 38 799147
33 12 799153
33 43 799153
33 25 799160
33 23 799164
33 28 799173
33 55 799181
33 47 799184
33 7 799188
33 15 799191
33 24 799199
33 21 799200
33 14 799203
33 51 799207
33 41 799216
33 29 799225
33 53 799233
33 52 799242
33 1 799243
33 27 799244
33 46 799252
33 31 799253
33 2 799253
33 13 799262
33 9 799271
33 48 799271
33 8 799280
33 44 799281
33 18 799290
33 6 799297
34 3 799303
34 52 799306
34 13 799313
34 49 799320
34 14 799327
34 4 799335
34 12 799342
34 50 799349
34 30 799350
34 11 799350
34 40 799352
34 53 799353
34 6 799361
34 55 799368
34 32 799371
34 37 799374
34 54 799375
34 28 799384
34 19 799391
34 39 799396
34 35 799397
34 9 799406
34 21 799407
34 16 799409
34 0 799415
34 41 799417
34 38 799421
34 26 799426
34 23 799427
34 36 799429
34 27 799432
34 45 799440
34 1 799448
34 35 799455
34 12 799455
34 40 799464
34 45 799468
34 13 799470
34 41 799473
34 25 799481
34 1 799486
34 14 799494
34 6 799501
34 15 799508
34 54 799517
34 48 799518
34 27 799520
34 24 799525
34 10 799529
34 0 799529
34 47 799537
34 55 799539
34 9 799546
34 53 799554
34 7 799558
34 17 799565
34 5 799565
34 28 799567
34 19 799569
34 16 799569
34 8 799575
34 3 799577
34 22 799579
34 21 799580
34 11 799583
35 22 799589
35 31 799589
35 54 799593
35 42 799594
35 43 799597
35 25 799602
35 51 799611
35 50 799619
35 33 799623
35 40 799632
35 34 799635
35 6 799644
35 46 799646
35 17 799652
35 19 799658
35 38 799665
35 8 799668
35 7 799676
35 45 799680
35 32 799686
35 10 799688
35 13 799689
35 30 799693
35 11 799697
35 29 799704
35 55 799704
35 0 799712
35 3 799720
35 12 799723
35 4 799723
35 1 799726
35 52 799734
35 33 799738
35 25 799747
35 40 799755
35 5 799763
35 49 799763
35 38 799763
35 54 799765
35 32 799768
35 23 799777
35 6 799778
35 20 799778
35 45 799784
35 8 799791
35 29 799800
35 27 799806
35 39 799814
35 53 799821
35 16 799821
35 7 799824
35 42 799829
35 18 799829
35 12 799830
35 17 799835
35 21 799842
35 30 799850
35 10 799859
35 37 799867
36 23 799870
36 34 799879
36 26 799888
36 44 799892
36 18 799894
36 15 799901
36 20 799907
36 5 799911
36 0 799915
36 27 799916
36 53 799923
36 39 799928
36 29 799928
36 12 799933
36 16 799940
36 38 799940
36 46 799948
36 17 799955
36 13 799961
36 19 799965
36 33 799969
36 22 799969
36 1 799975
36 43 799975
36 32 799981
36 7 799988
36 15 799989
36 17 799997
36 46 800003
36 47 800012
36 11 800020
36 31 800023
36 8 800026
36 54 800034
36 29 800037
36 30 800038
36 13 800039
36 27 800039
36 4 800047
36 24 800056
36 28 800056
36 18 800058
36 38 800061
36 25 800062
36 53 800071
36 9 800076
37 35 800085
37 52 800085
37 54 800087
37 42 800088
37 6 800093
37 47 800093
37 21 800100
37 48 800109
37 2 800112
37 23 800119
37 29 800121
37 36 800122
37 4 800125
37 43 800127
37 13 800132
37 25 800139
37 46 800142
37 38 800143
37 53 800150
37 0 800154
37 11 800159
37 34 800163
37 20 800170
37 49 800172
37 28 800178
37 16 800179
37 12 800179
37 27 800188
37 17 800192
37 26 800199
37 10 800202
37 3 800206
37 18 800214
37 9 800220
37 31 800223
37 25 800225
37 48 800226
37 54 800227
37 1 800230
37 9 800234
37 26 800241
37 5 800249
37 24 800253
37 44 800253
37 31 800253
37 23 800258
37 41 800263
37 14 800272
37 10 800273
37 32 800276
37 30 800282
37 51 800283
37 50 800285
37 39 800288
37 15 800292
37 3 800298
37 7 800307
37 43 800312
37 12 800318
37 6 800325
37 20 800334
37 2 800336
37 34 800345
37 28 800346
37 4 800350
37 55 800354
37 45 800354
37 35 800356
37 18 800362
38 7 800364
38 47 800365
38 20 800372
38 30 800372
38 14 800376
38 26 800384
38 5 800387
38 55 800390
38 39 800399
38 48 800399
38 42 800404
38 16 800412
38 27 800420
38 45 800429
38 29 800435
38 46 800439
38 32 800439
38 53 800445
38 11 800445
38 2 800452
38 17 800453
38 10 800460
38 31 800461
38 25 800466
38 4 800475
38 33 800484
38 9 800490
38 21 800496
38 50 800499
38 3 800500
38 40 800508
38 28 800515
38 35 800523
38 33 800523
38 18 800525
38 3 800529
38 50 800536
38 53 800536
38 44 800544
38 29 800552
38 23 800553
38 8 800559
38 40 800563
38 17 800572
38 49 800575
38 51 800582
38 10 800591
38 0 800594
38 28 800602
38 22 800610
38 25 800618
38 47 800622
38 21 800627
38 39 800630
38 46 800635
38 43 800644
38 30 800652
38 4 800655
38 37 800663
38 26 800663
38 16 800664
38 20 800670
38 6 800672
38 5 800676
38 32 800682
38 36 800690
38 48 800698
38 12 800702
38 52 800711
39 46 800720
39 19 800727
39 13 800729
39 50 800732
39 30 800737
39 1 800742
39 37 800747
39 28 800750
39 42 800758
39 47 800763
39 0 800763
39 3 800770
39 27 800778
39 34 800781
39 54 800781
39 4 800787
39 26 800793
39 5 800802
39 2 800809
39 44 800814
39 10 800817
39 41 800824
39 22 800827
39 20 800836
39 21 800838
39 35 800838
39 32 800839
39 29 800848
39 7 800857
39 6 800860
39 11 800869
39 52 800873
39 38 800876
39 23 800879
39 33 800885
39 40 800889
39 53 800894
39 5 800897
39 55 800902
39 42 800910
39 11 800913
39 1 800913
39 4 800920
39 13 800920
39 52 800923
39 17 800927
39 14 800933
39 47 800939
39 24 800943
39 48 800943
39 22 800944
39 27 800949
39 41 800957
39 35 800966
39 20 800967
39 0 800974
39 54 800979
39 31 800985
39 6 800989
39 49 800995
39 25 801002
39 26 801010
40 51 801010
40 49 801011
40 46 801016
40 33 801017
40 43 801021
40 18 801023
40 19 801027
40 12 801031
40 28 801031
40 21 801038
40 17 801047
40 6 801054
40 54 801060
40 8 801066
40 37 801073
40 55 801075
40 27 801079
40 47 801083
40 16 801090
40 32 801092
40 52 801094
40 20 801103
40 22 801111
40 45 801112
40 1 801112
40 7 801115
40 13 801123
40 41 801131
40 35 801139
40 35 801142
40 38 801151
40 21 801154
40 52 801158
40 19 801166
40 55 801170
40 24 801170
40 54 801176
40 1 801181
40 33 801187
40 44 801193
40 14 801194
40 3 801198
40 16 801198
40 17 801205
40 48 801210
40 37 801210
40 46 801216
40 6 801216
40 41 801224
40 51 801225
40 34 801227
40 36 801234
40 39 801234
40 7 801243
40 10 801248
40 22 801252
40 15 801261
40 43 801261
40 27 801261
40 25 801266
40 50 801272
41 11 801275
41 1 801284
41 42 801284
41 29 801293
41 5 801301
41 36 801304
41 18 801313
41 49 801321
41 7 801329
41 53 801331
41 6 801340
41 14 801347
41 17 801351
41 19 801357
41 22 801361
41 8 801362
41 45 801363
41 51 801364
41 37 801368
41 48 801377
41 39 801381
41 32 801383
41 46 801383
41 50 801384
41 38 801393
41 28 801397
41 30 801398
41 0 801405
41 25 801408
41 4 801413
41 10 801416
41 33 801423
41 13 801424
41 29 801433
41 19 801441
41 23 801447
41 7 801453
41 46 801457
41 26 801461
41 32 801461
41 30 801461
41 2 801466
41 22 801474
41 3 801477
41 4 801478
41 52 801483
41 14 801488
41 28 801488
41 39 801497
41 21 801499
41 45 801500
41 43 801509
41 47 801512
41 36 801512
41 38 801512
41 40 801514
41 49 801522
41 44 801526
41 31 801527
41 33 801536
41 48 801539
41 5 801542
41 20 801550
41 1 801555
42 17 801562
42 8 801566
42 18 801569
42 30 801570
42 47 801573
42 6 801573
42 26 801580
42 46 801586
42 0 801589
42 4 801597
42 37 801603
42 48 801605
42 33 801614
42 28 801618
42 38 801621
42 1 801624
42 5 801631
42 27 801631
42 9 801636
42 10 801641
42 22 801641
42 2 801643
42 34 801645
42 55 801647
42 36 801647
42 39 801651
42 29 801659
42 19 801662
42 16 801670
42 21 801675
42 26 801683
42 55 801690
42 40 801694
42 29 801700
42 28 801709
42 8 801718
42 49 801719
42 18 801725
42 3 801729
42 20 801738
42 54 801740
42 16 801747
42 32 801749
42 5 801752
42 53 801757
42 24 801759
42 33 801765
42 19 801770
42 27 801776
42 10 801780
42 13 801784
42 35 801787
42 37 801788
42 38 801794
42 52 801794
42 31 801803
42 4 801807
42 41 801808
42 34 801809
42 46 801814
42 9 801814
43 22 801821
43 53 801822
43 7 801828
43 37 801830
43 11 801835
43 28 801839
43 55 801839
43 46 801843
43 50 801843
43 47 801844
43 31 801844
43 5 801849
43 52 801857
43 35 801866
43 34 801869
43 15 801876
43 19 801877
43 2 801882
43 42 801891
43 3 801898
43 44 801904
43 45 801906
43 39 801910
43 36 801914
43 16 801918
43 25 801924
43 0 801926
43 0 801935
43 48 801938
43 17 801943
43 18 801949
43 27 801950
43 34 801959
43 46 801965
43 16 801972
43 8 801981
43 15 801988
43 44 801991
43 19 801995
43 51 802004
43 11 802012
43 54 802012
43 10 802019
43 32 802022
43 55 802029
43 21 802029
43 4 802035
43 22 802042
43 53 802051
43 25 802051
43 26 802060
43 37 802064
43 47 802066
43 24 802073
43 9 802081
44 24 802089
44 30 802097
44 34 802100
44 0 802103
44 18 802105
44 29 802112
44 25 802121
44 17 802122
44 20 802124
44 1 802130
44 33 802138
44 43 802140
44 31 802141
44 45 802147
44 51 802153
44 14 802153
44 23 802153
44 4 802153
44 46 802156
44 53 802160
44 47 802162
44 19 802164
44 3 802167
44 6 802175
44 11 802178
44 39 802182
44 28 802182
44 40 802186
44 8 802194
44 52 802198
44 16 802203
44 41 802209
44 42 802214
44 21 802222
44 41 802228
44 40 802236
44 13 802237
44 9 802243
44 48 802243
44 34 802246
44 4 802247
44 22 802250
44 37 802250
44 2 802255
44 32 802256
44 1 802258
44 31 802266
44 45 802274
44 30 802280
44 33 802280
44 51 802283
44 27 802287
44 16 802294
44 0 802301
44 14 802306
44 25 802314
44 15 802320
44 3 802321
44 43 802324
44 6 802330
44 49 802335
44 7 802341
45 0 802348
45 39 802352
45 48 802353
45 37 802357
45 52 802357
46 26 802363
46 28 802367
46 0 802373
46 33 802374
46 48 802380
46 6 802387
46 12 802396
46 32 802396
46 1 802402
46 17 802403
46 20 802411
46 52 802418
46 38 802418
46 16 802419
46 3 802425
46 42 802432
46 49 802434
46 50 802434
46 47 802442
46 9 802447
46 11 802453
46 30 802459
46 18 802463
46 13 802466
46 22 802475
46 8 802483
46 25 802485
46 34 802487
46 4 802496
46 15 802500
46 41 802502
46 25 802508
46 2 802512
46 42 802515
46 51 802517
46 8 802526
46 52 802529
46 14 802535
46 53 802537
46 55 802540
46 24 802543
46 9 802544
46 31 802549
46 34 802553
46 22 802559
46 32 802563
46 41 802571
46 38 802573
46 39 802575
46 48 802581
46 26 802581
46 6 802582
46 43 802585
46 23 802591
46 5 802592
46 29 802592
46 49 802593
46 50 802595
46 36 802595
46 20 802602
46 1 802607
46 28 802614
46 15 802614
47 20 802617
47 30 802624
47 3 802633
47 54 802639
47 48 802642
47 32 802642
47 53 802650
47 33 802658
47 17 802658
47 26 802662
47 38 802665
47 41 802668
47 15 802675
47 42 802682
47 21 802691
47 52 802699
47 11 802703
47 46 802710
47 23 802717
47 22 802726
47 34 802733
47 4 802734
47 18 802743
47 55 802750
47 27 802751
47 45 802753
47 51 802758
47 16 802763
47 25 802766
47 5 802773
47 10 802776
47 14 802782
47 43 802787
47 41 802791
47 24 802793
47 44 802795
47 33 802799
47 34 802805
47 55 802814
47 45 802822
47 54 802826
47 20 802833
47 5 802836
47 4 802840
47 14 802849
47 15 802853
47 19 802860
47 29 802862
47 38 802866
47 18 802872
47 36 802880
47 8 802889
47 37 802897
47 35 802901
47 25 802906
47 48 802912
47 21 802912
47 31 802921
47 1 802922
47 50 802927
47 23 802936
47 51 802943
47 39 802952
47 52 802959
47 40 802962
47 10 802965
48 12 802965
48 25 802973
48 41 802973
48 19 802980
48 30 802981
48 6 802988
48 4 802991
48 2 802993
48 22 803002
48 35 803007
48 0 803015
48 27 803020
48 7 803022
48 46 803025
48 47 803029
48 54 803035
48 39 803041
48 26 803049
48 13 803050
48 20 803055
48 23 803059
48 1 803068
48 21 803074
48 32 803083
48 33 803085
48 11 803093
48 28 803094
48 16 803095
48 7 803103
48 24 803107
48 15 803115
48 41 803115
48 50 803124
48 12 803125
48 40 803132
48 32 803135
48 34 803136
48 51 803141
48 6 803146
48 45 803151
48 27 803151
48 52 803154
48 49 803154
48 4 803156
48 22 803156
48 43 803164
48 17 803169
48 1 803175
49 28 803180
49 52 803186
49 8 803192
49 32 803192
49 23 803193
49 0 803196
49 36 803200
49 11 803203
49 36 803206
49 47 803206
49 32 803215
49 46 803219
49 16 803220
49 23 803226
49 3 803228
49 2 803237
49 20 803239
49 54 803241
50 44 803244
50 39 803246
50 23 803251
50 17 803260
50 38 803268
50 33 803275
50 36 803276
50 32 803280
50 48 803287
50 3 803296
50 27 803304
50 35 803305
50 46 803308
50 55 803312
50 6 803317
50 13 803321
50 4 803327
50 11 803329
50 40 803332
50 51 803335
50 9 803338
50 19 803341
50 10 803345
50 52 803349
50 13 803355
50 51 803358
50 55 803359
50 31 803366
50 37 803367
50 45 803367
50 44 803370
50 43 803372
50 15 803379
50 26 803383
50 49 803384
50 53 803386
50 0 803391
50 6 803400
50 19 803405
50 17 803413
50 47 803417
50 21 803421
50 1 803426
50 39 803427
50 23 803431
51 22 803435
51 54 803435
51 17 803441
51 47 803448
51 55 803453
51 26 803455
51 53 803458
51 20 803459
51 9 803460
51 0 803467
51 14 803473
51 50 803476
51 35 803476
51 7 803484
51 44 803488
51 5 803490
51 39 803494
51 30 803497
51 4 803506
51 25 803509
51 8 803515
51 36 803521
51 31 803524
51 6 803525
51 27 803531
51 7 803537
51 15 803541
51 39 803542
51 28 803547
51 32 803549
51 36 803554
51 37 803558
51 41 803559
51 9 803565
51 30 803569
51 10 803577
51 17 803579
51 40 803588
51 21 803591
51 33 803599
51 29 803603
51 42 803605
51 23 803609
51 3 803609
52 37 803610
52 30 803614
52 4 803614
52 6 803619
53 7 803625
53 4 803632
53 52 803639
53 54 803646
54 2 803652
54 7 803655
54 26 803660
54 16 803663
54 30 803670
54 11 803676
54 0 803682
55 30 803687
55 53 803692
55 42 803700
55 26 803705
55 32 803711
55 50 803711
55 3 803711
55 49 803715
55 24 803721
55 27 803725
55 31 803726
55 45 803734
55 38 803740
55 46 803748
55 0 803750
55 40 803759
55 10 803759
55 43 803765
55 11 803774
55 7 803776
55 14 803780
55 8 803785
55 20 803794
55 19 803801
55 9 803806
55 13 803807
55 25 803816
55 6 803820
55 48 803824
55 39 803832
55 29 803838
55 44 803841
55 31 803848
55 41 803856
55 22 803861
55 12 803861
55 0 803867
55 26 803875
55 51 803882
55 23 803883
55 29 803890
55 27 803893
55 10 803895
55 39 803895
55 11 803900
55 46 803906
55 50 803909
55 42 803914
55 2 803914
55 53 803915
55 54 803923
55 8 803924
55 37 803924
55 13 803927
55 4 803932
55 9 803938
55 5 803942
55 14 803944
55 49 803946
55 36 803948
55 7 803953
55 3 803959
