59
true
0 15 932064
0 6 932067
0 40 932069
0 48 932069
0 12 932070
0 37 932079
0 29 932087
1 48 932093
1 39 932094
1 12 932101
1 11 932104
1 57 932112
1 8 932115
1 44 932121
1 9 932123
1 54 932126
1 2 932131
1 46 932137
1 6 932137
1 34 932144
1 13 932151
1 58 932154
1 26 932163
1 41 932167
1 18 932171
1 5 932173
1 14 932180
1 50 932187
1 28 932193
1 52 932199
1 7 932205
1 49 932214
1 10 932220
1 55 932225
1 23 932230
1 53 932236
1 29 932242
1 51 932243
1 3 932247
1 21 932253
1 36 932261
1 45 932265
1 42 932267
1 34 932276
1 2 932276
1 35 932276
1 54 932276
1 17 932276
1 8 932285
1 23 932287
1 46 932290
1 11 932292
1 9 932297
1 36 932299
1 27 932306
1 31 932312
1 10 932317
1 49 932317
1 29 932323
1 41 932326
1 30 932331
1 56 932340
1 24 932341
1 0 932342
1 15 932345
1 40 932353
1 37 932354
1 48 932354
1 13 932355
1 32 932361
1 38 932365
1 57 932365
1 47 932372
1 16 932380
1 43 932381
1 14 932387
1 6 932388
2 58 932391
2 9 932391
2 4 932396
2 35 932404
2 32 932406
2 27 932412
2 14 932418
2 49 932425
2 43 932426
2 23 932427
2 29 932432
2 55 932437
2 47 932441
2 51 932447
2 5 932449
2 56 932454
2 7 932456
2 8 932460
2 52 932460
2 13 932467
2 54 932470
2 39 932476
2 11 932485
2 17 932488
2 20 932495
2 50 932499
2 57 932508
2 44 932509
2 38 932513
2 18 932514
2 0 932523
2 53 932531
2 21 932534
2 53 932537
2 50 932545
2 13 932551
2 57 932553
2 52 932560
2 10 932569
2 20 932569
2 11 932576
2 22 932581
2 26 932587
2 8 932589
2 37 932595
2 9 932595
2 45 932596
2 12 932602
2 55 932610
2 33 932612
2 56 932617
2 35 932618
2 3 932621
2 30 932629
2 6 932633
2 40 932634
2 23 932635
2 42 932636
2 34 932638
2 54 932642
2 14 932645
2 4 932645
2 0 932645
2 32 932650
2 39 932658
2 31 932662
2 44 932664
2 19 932672
2 16 932680
2 5 932688
3 31 932695
3 40 932704
3 27 932713
3 30 932713
3 34 932722
3 4 932724
3 33 932725
3 45 932734
3 6 932739
3 50 932742
3 16 932743
3 47 932748
3 58 932752
3 7 932753
3 37 932753
3 11 932759
3 12 932764
3 46 932770
3 15 932770
3 55 932776
3 25 932781
3 51 932789
3 38 932789
3 26 932790
3 1 932794
3 49 932794
3 52 932802
3 21 932807
3 32 932811
3 29 932812
3 48 932815
3 43 932819
3 34 932826
3 31 932828
3 15 932833
3 21 932835
3 42 932842
3 8 932842
3 1 932849
3 26 932852
3 48 932860
3 5 932864
3 25 932872
3 58 932878
3 30 932885
3 0 932890
3 36 932894
3 35 932894
3 4 932898
3 32 932902
3 55 932908
3 28 932914
3 16 932919
3 14 932921
3 51 932928
3 50 932931
3 54 932932
3 18 932937
3 24 932938
3 56 932942
4 46 932942
4 51 932945
4 44 932951
4 8 932958
4 56 932960
4 38 932964
4 18 932971
4 40 932975
4 13 932975
4 34 932976
4 32 932978
4 33 932978
4 6 932980
4 30 932987
4 32 932993
4 21 933002
4 36 933005
4 18 933013
4 16 933022
4 3 933024
4 53 933026
4 6 933034
4 44 933040
4 40 933044
4 55 933047
4 7 933049
4 22 933057
4 58 933059
4 2 933068
4 14 933068
5 39 933077
5 32 933079
5 29 933086
5 9 933089
5 42 933094
5 38 933103
5 8 933105
5 2 933108
5 48 933113
5 54 933113
5 19 933118
5 35 933118
5 27 933118
5 6 933127
5 52 933127
5 1 933136
5 0 933144
5 14 933145
5 55 933150
5 57 933154
5 23 933161
5 15 933165
5 22 933169
5 50 933171
5 47 933176
5 20 933182
5 13 933191
5 53 933194
5 49 933195
5 37 933203
5 46 933205
5 43 933213
5 30 933216
5 58 933219
5 51 933227
5 21 933233
5 41 933235
5 25 933241
5 6 933241
5 15 933245
5 8 933252
5 9 933261
5 46 933267
5 2 933268
5 44 933271
5 56 933277
5 10 933286
5 39 933293
5 11 933297
5 7 933299
5 29 933308
5 32 933313
5 49 933320
5 52 933326
5 19 933334
5 12 933334
5 36 933337
5 33 933345
5 17 933346
5 13 933352
5 50 933357
5 34 933359
5 3 933359
5 24 933368
5 4 933369
5 31 933374
5 54 933382
5 58 933390
5 40 933393
5 48 933401
5 1 933405
5 27 933414
7 40 933423
7 52 933424
7 48 933428
7 21 933431
7 24 933431
7 49 933439
7 2 933440
7 28 933446
7 42 933453
7 50 933462
7 53 933466
7 8 933466
7 45 933475
7 13 933475
7 54 933483
7 1 933492
7 17 933493
7 3 933497
7 39 933499
7 55 933507
7 0 933512
7 18 933516
7 46 933519
7 47 933525
7 12 933525
7 5 933527
7 4 933534
7 15 933536
7 37 933539
7 10 933543
7 55 933544
7 5 933553
7 53 933560
7 29 933562
7 52 933566
7 19 933574
7 42 933575
7 26 933575
7 31 933578
7 9 933586
7 16 933594
7 51 933599
7 46 933604
7 48 933608
7 58 933609
7 23 933611
7 0 933615
7 28 933619
7 15 933625
7 57 933633
7 2 933642
7 56 933650
7 47 933654
7 34 933658
7 17 933667
7 41 933668
7 24 933669
7 32 933675
8 48 933679
8 57 933679
8 13 933684
8 43 933686
8 11 933687
8 6 933688
8 5 933697
8 29 933706
8 20 933715
8 58 933723
8 4 933724
8 19 933733
8 3 933740
8 32 933747
8 53 933747
8 55 933749
8 16 933758
8 22 933758
8 35 933760
8 31 933768
8 38 933773
8 24 933780
8 14 933780
8 34 933789
8 37 933795
8 42 933800
8 56 933805
8 17 933811
8 49 933815
8 27 933817
8 44 933826
8 54 933834
8 50 933840
8 41 933844
8 57 933848
8 56 933850
8 33 933858
8 16 933864
8 4 933873
8 47 933879
8 42 933881
8 17 933888
8 55 933893
8 18 933900
8 27 933901
8 3 933901
8 6 933901
8 1 933908
8 58 933913
8 2 933919
8 22 933922
8 12 933928
8 20 933936
8 19 933943
8 44 933943
8 37 933946
8 34 933949
8 23 933957
8 30 933962
8 46 933965
8 38 933970
8 36 933974
8 39 933983
8 54 933985
8 21 933990
8 10 933996
8 51 934005
8 9 934012
8 43 934016
9 22 934017
9 21 934024
9 28 934032
9 40 934032
9 3 934038
10 24 934039
10 34 934045
10 55 934054
10 38 934058
10 3 934059
10 58 934061
10 30 934067
10 33 934070
10 42 934077
10 56 934077
10 54 934082
10 13 934090
10 53 934090
10 27 934094
10 23 934097
10 39 934106
10 6 934106
10 43 934110
10 46 934113
10 32 934117
10 17 934123
10 29 934132
10 7 934135
10 1 934140
10 51 934140
10 54 934142
10 22 934142
10 21 934151
10 23 934157
10 47 934164
10 41 934165
10 16 934170
10 31 934178
10 15 934182
10 29 934184
10 40 934184
10 28 934187
10 58 934195
10 0 934200
10 27 934206
10 50 934213
10 12 934221
10 18 934224
10 52 934226
10 6 934230
10 37 934232
10 48 934234
10 30 934238
11 15 934241
11 29 934248
11 57 934250
11 35 934255
11 24 934257
11 25 934261
11 12 934269
11 3 934278
11 41 934279
11 47 934283
11 36 934289
11 6 934291
11 46 934296
11 18 934297
11 26 934301
11 27 934304
11 13 934313
11 49 934319
11 19 934327
11 50 934331
11 1 934337
11 38 934339
11 49 934344
11 8 934351
11 23 934358
11 33 934367
11 24 934373
11 55 934381
11 52 934388
11 9 934389
11 51 934393
11 40 934401
11 4 934408
11 6 934417
11 2 934422
11 36 934426
11 5 934426
11 41 934429
12 54 934436
12 33 934442
12 32 934448
12 28 934453
12 52 934459
12 22 934466
12 57 934469
12 21 934470
12 30 934479
12 40 934479
12 23 934483
12 51 934488
13 0 934494
13 16 934496
13 39 934496
13 40 934505
13 2 934513
13 24 934522
13 45 934523
13 55 934529
13 5 934534
13 56 934539
13 58 934540
13 50 934540
13 25 934540
13 52 934547
13 28 934555
13 10 934562
13 8 934571
13 19 934579
13 57 934581
13 4 934584
13 9 934588
13 46 934590
13 7 934590
13 48 934599
13 49 934607
13 21 934611
13 14 934614
13 18 934616
13 42 934623
13 12 934627
13 37 934634
13 27 934643
13 38 934643
13 11 934648
13 1 934653
13 2 934654
13 40 934661
13 41 934664
13 43 934671
13 46 934676
13 12 934685
13 5 934686
13 17 934694
13 33 934694
13 39 934702
13 50 934707
13 56 934710
13 22 934719
13 23 934727
13 6 934735
13 8 934743
13 30 934743
13 28 934747
13 24 934751
13 1 934755
13 4 934759
13 52 934765
13 36 934771
13 3 934773
13 29 934774
13 55 934780
13 26 934782
13 49 934785
13 38 934794
13 20 934794
13 53 934796
13 15 934797
13 10 934802
13 19 934809
14 52 934813
14 57 934822
14 28 934825
14 5 934831
14 38 934840
14 20 934847
14 23 934848
14 24 934851
14 51 934856
14 8 934864
14 48 934865
14 53 934868
14 12 934872
14 49 934872
14 2 934880
14 55 934881
14 42 934887
14 39 934894
14 50 934901
14 45 934904
14 7 934908
14 40 934917
14 13 934919
14 31 934925
14 29 934925
14 46 934926
14 54 934929
14 56 934933
14 26 934935
14 10 934935
14 36 934938
14 30 934943
14 44 934946
14 9 934948
14 35 934951
14 33 934953
14 32 934960
14 58 934964
14 46 934966
14 27 934974
14 7 934981
14 24 934985
14 33 934992
14 34 934995
14 25 935002
14 35 935009
14 13 935014
14 55 935017
14 4 935021
14 15 935023
14 44 935025
14 56 935032
14 22 935033
14 50 935033
14 32 935033
14 26 935033
14 2 935038
14 6 935042
14 48 935049
14 17 935052
14 16 935052
14 31 935057
14 45 935060
14 1 935066
14 49 935074
14 0 935080
14 18 935083
14 20 935091
14 39 935100
14 37 935101
14 40 935101
14 41 935105
14 43 935109
14 5 935114
14 23 935114
15 33 935121
15 5 935121
15 1 935126
15 21 935126
15 53 935130
15 42 935132
15 34 935136
15 56 935144
15 20 935149
15 46 935154
15 50 935162
15 19 935166
15 54 935172
15 55 935178
15 32 935183
15 37 935186
15 17 935195
15 49 935201
15 7 935208
15 14 935210
15 9 935219
15 23 935219
15 16 935227
15 38 935235
15 2 935239
15 57 935241
15 11 935244
15 17 935253
15 56 935253
15 23 935257
15 7 935265
15 38 935273
15 4 935280
15 48 935289
15 51 935291
15 32 935299
15 49 935302
15 36 935307
15 26 935316
15 25 935316
15 16 935325
15 33 935333
15 27 935333
15 58 935336
15 9 935344
15 35 935345
15 0 935349
15 3 935355
15 6 935362
15 13 935362
15 39 935362
15 41 935364
15 46 935365
16 24 935367
16 47 935370
16 33 935374
16 21 935380
16 28 935381
16 0 935381
16 53 935383
16 5 935392
16 11 935401
16 27 935401
16 9 935408
16 26 935408
16 39 935409
16 19 935417
16 54 935424
16 31 935430
16 35 935436
16 22 935437
16 46 935446
16 28 935448
16 7 935454
16 39 935454
16 8 935457
16 55 935465
16 57 935468
16 41 935475
16 12 935475
16 26 935475
16 25 935477
16 5 935485
16 27 935486
16 51 935486
17 5 935489
17 32 935490
17 29 935490
17 11 935494
17 23 935503
17 53 935508
17 22 935508
17 25 935516
17 36 935523
17 14 935525
17 28 935527
17 55 935530
17 3 935538
17 40 935542
17 4 935547
17 1 935547
17 16 935554
17 6 935557
17 2 935563
17 10 935572
17 46 935572
17 12 935572
17 52 935579
17 15 935584
17 18 935590
17 38 935596
17 43 935604
17 6 935610
17 41 935614
17 36 935621
17 53 935625
17 47 935630
17 32 935639
17 52 935646
17 29 935653
17 57 935657
17 48 935660
17 44 935661
17 39 935664
17 16 935665
17 18 935666
17 26 935673
17 28 935680
17 15 935685
17 51 935689
17 46 935691
17 31 935700
17 24 935704
17 27 935708
17 25 935708
17 7 935709
17 10 935712
17 11 935713
17 30 935720
17 56 935726
17 21 935732
17 58 935741
18 35 935745
18 46 935753
18 52 935757
18 25 935762
18 50 935763
18 3 935765
18 49 935771
18 5 935779
18 21 935782
18 58 935790
18 51 935790
18 57 935793
18 34 935797
18 42 935803
18 27 935805
18 24 935811
18 39 935819
18 30 935828
18 9 935834
18 15 935834
18 45 935838
18 48 935840
18 37 935844
18 56 935850
18 11 935853
18 44 935853
18 54 935857
18 6 935857
18 41 935859
18 0 935863
18 19 935863
18 10 935869
18 55 935873
18 22 935879
18 10 935882
18 23 935890
18 49 935890
18 11 935897
18 52 935898
18 27 935905
18 40 935909
18 9 935916
18 12 935917
18 44 935924
18 6 935925
18 53 935926
18 50 935926
18 32 935927
18 31 935936
18 42 935936
18 24 935941
18 34 935949
18 25 935956
18 16 935960
18 0 935968
18 13 935973
18 26 935981
18 29 935986
18 21 935987
18 36 935989
18 48 935998
18 33 936003
18 46 936010
18 4 936012
18 57 936014
19 25 936019
19 50 936027
19 26 936036
19 48 936039
19 37 936047
19 17 936050
19 30 936052
19 18 936061
19 45 936067
19 36 936074
19 12 936082
19 28 936084
19 56 936090
19 34 936098
20 48 936102
20 32 936102
20 53 936102
20 18 936107
20 12 936115
20 25 936117
20 8 936125
20 5 936130
20 37 936134
20 52 936140
20 57 936147
20 38 936147
20 15 936156
20 3 936165
20 42 936171
20 45 936176
20 19 936181
20 51 936188
20 43 936191
20 44 936200
20 13 936202
20 28 936203
20 56 936209
20 36 936216
20 41 936225
20 46 936225
20 24 936232
20 7 936238
20 47 936247
20 2 936254
20 35 936262
20 26 936262
20 22 936262
20 17 936262
20 58 936264
20 19 936269
20 2 936271
20 8 936272
20 21 936273
20 40 936273
20 54 936280
20 53 936281
20 41 936284
20 14 936292
20 6 936293
20 29 936294
20 12 936298
20 1 936302
20 24 936303
20 57 936304
20 0 936307
20 9 936308
20 16 936313
20 49 936320
20 46 936324
20 17 936332
20 45 936338
20 47 936338
20 42 936342
20 58 936342
20 18 936351
20 11 936357
20 44 936363
20 32 936365
20 56 936374
20 34 936381
20 48 936383
20 27 936383
20 36 936383
21 2 936392
21 15 936398
21 56 936407
21 5 936413
21 53 936420
21 31 936420
21 32 936429
21 19 936436
21 14 936436
21 9 936445
21 40 936447
21 18 936455
21 37 936462
21 22 936469
21 28 936474
21 12 936481
21 0 936484
21 46 936488
21 11 936496
21 10 936505
21 48 936513
21 47 936520
21 49 936523
21 30 936528
21 36 936528
21 22 936532
21 31 936540
21 17 936543
21 26 936549
21 40 936557
21 28 936559
21 50 936559
21 8 936559
21 10 936560
21 27 936568
21 16 936576
21 20 936582
21 41 936591
21 0 936594
21 53 936596
21 35 936598
21 18 936605
21 25 936614
21 9 936619
21 55 936626
21 14 936626
22 33 936634
22 43 936640
22 21 936647
22 4 936654
22 20 936663
22 35 936670
22 2 936672
22 41 936677
22 47 936677
22 58 936680
22 54 936686
22 36 936687
22 6 936694
22 44 936695
22 38 936698
22 56 936698
22 5 936702
22 16 936707
22 15 936712
22 39 936718
22 34 936724
22 13 936727
22 29 936731
22 40 936735
22 19 936740
22 45 936740
22 32 936748
22 33 936748
22 31 936750
22 7 936752
22 37 936755
22 1 936758
22 27 936758
22 49 936766
22 17 936768
22 36 936775
22 42 936783
22 35 936785
22 57 936794
22 46 936797
22 40 936799
22 21 936804
22 56 936807
22 38 936812
22 19 936818
22 50 936822
22 20 936829
22 23 936836
22 44 936836
22 5 936836
22 16 936837
22 58 936839
22 4 936847
22 14 936848
23 16 936855
23 43 936863
24 34 936872
24 7 936878
24 31 936887
24 10 936893
24 36 936901
24 1 936905
24 32 936908
24 14 936909
24 36 936916
24 22 936924
24 12 936924
24 20 936932
24 53 936940
24 56 936943
24 26 936945
24 25 936953
24 9 936961
25 24 936968
25 37 936969
25 45 936971
25 51 936976
25 4 936978
25 53 936985
25 29 936993
25 32 936994
25 58 937001
25 52 937008
25 1 937016
25 31 937016
25 53 937023
25 54 937024
25 23 937025
25 30 937032
25 28 937035
25 51 937037
25 38 937045
25 27 937053
25 41 937059
25 18 937067
25 52 937069
25 49 937071
26 21 937073
26 29 937077
26 48 937078
26 2 937082
26 7 937082
26 19 937089
26 57 937098
26 8 937104
26 18 937110
26 51 937119
26 49 937128
26 13 937135
26 46 937137
26 32 937139
26 58 937144
26 53 937153
26 6 937155
26 47 937161
26 31 937163
26 41 937165
26 15 937168
26 34 937175
26 56 937180
26 0 937183
26 45 937187
26 38 937189
26 17 937192
26 11 937197
26 50 937206
26 25 937214
26 37 937220
26 24 937220
26 5 937229
26 55 937237
26 22 937239
26 20 937245
26 16 937250
26 10 937255
26 9 937261
26 11 937265
26 0 937267
26 36 937269
26 22 937271
26 54 937278
26 8 937279
26 1 937283
26 23 937291
26 43 937297
26 34 937299
26 58 937307
26 7 937311
26 9 937312
26 21 937318
26 31 937324
26 29 937331
26 30 937333
26 56 937339
26 32 937342
26 49 937347
26 2 937354
26 38 937363
26 19 937368
26 42 937372
26 57 937377
26 16 937386
26 4 937391
26 37 937395
26 51 937399
26 3 937408
26 6 937408
26 44 937409
26 35 937409
26 18 937410
26 24 937413
26 53 937421
26 45 937425
26 28 937425
26 39 937434
27 50 937439
27 30 937439
27 1 937440
27 18 937448
27 3 937454
27 40 937457
27 17 937459
27 42 937467
27 47 937471
27 6 937480
27 33 937482
27 19 937490
27 16 937494
27 51 937499
27 31 937503
27 10 937512
27 54 937518
27 55 937520
27 25 937522
27 33 937529
27 49 937537
27 30 937537
27 48 937544
27 55 937553
27 22 937558
27 26 937567
27 12 937569
27 56 937576
27 6 937583
27 28 937588
27 4 937588
27 36 937593
27 23 937597
27 31 937601
27 13 937601
27 47 937601
27 3 937606
27 14 937606
27 37 937614
28 42 937619
28 1 937619
28 11 937628
28 4 937629
28 39 937631
28 38 937637
28 0 937638
28 27 937643
28 34 937648
28 31 937654
28 21 937661
28 24 937663
28 57 937667
28 46 937673
28 35 937676
28 15 937682
28 33 937686
28 43 937692
28 51 937699
28 14 937703
28 11 937707
28 49 937715
28 45 937717
28 17 937725
28 4 937727
28 12 937730
28 55 937734
29 2 937740
29 44 937741
29 54 937742
29 22 937749
29 30 937754
29 10 937759
29 37 937762
29 57 937769
29 50 937776
29 36 937785
29 21 937787
29 27 937792
29 43 937792
29 25 937797
29 4 937804
29 53 937804
29 39 937808
29 33 937813
29 41 937821
29 3 937828
29 6 937834
29 11 937840
29 13 937845
29 52 937850
29 0 937855
29 38 937860
29 24 937861
29 5 937865
29 40 937869
29 47 937875
29 1 937880
29 42 937881
29 17 937887
29 28 937891
29 48 937896
29 51 937901
29 57 937906
29 44 937914
29 24 937919
29 46 937924
29 14 937931
29 19 937935
29 55 937944
29 22 937944
29 52 937945
29 35 937948
29 37 937957
29 23 937959
29 56 937964
29 21 937972
29 31 937980
29 18 937988
29 9 937993
29 0 938001
29 39 938009
29 12 938017
29 30 938020
29 58 938025
29 49 938031
29 28 938039
29 5 938040
29 1 938046
29 34 938051
29 54 938051
29 53 938053
29 26 938061
29 40 938070
29 7 938079
29 4 938087
31 26 938090
31 14 938094
31 2 938098
31 54 938100
31 53 938100
31 9 938108
31 3 938108
31 46 938110
32 0 938118
32 30 938118
32 45 938120
32 53 938121
32 49 938127
32 47 938133
32 41 938142
32 13 938143
32 36 938147
32 10 938148
32 39 938149
32 23 938156
32 26 938158
32 31 938164
32 50 938165
32 28 938172
32 52 938176
32 38 938185
32 48 938189
32 25 938197
32 43 938204
32 15 938213
32 14 938217
32 5 938221
32 27 938222
32 6 938229
32 22 938231
32 17 938233
32 11 938234
32 8 938237
32 18 938244
32 42 938249
32 44 938251
32 55 938252
32 37 938260
32 15 938268
32 11 938272
32 33 938281
32 53 938284
32 55 938284
32 18 938285
32 2 938290
32 47 938290
32 48 938296
32 50 938303
32 4 938304
32 52 938310
32 30 938316
32 40 938323
32 24 938325
32 9 938330
32 25 938334
32 49 938341
32 57 938342
32 8 938347
32 54 938353
32 58 938362
32 21 938369
32 14 938374
32 45 938380
32 26 938383
32 38 938392
32 7 938399
32 29 938405
32 22 938414
32 1 938419
32 56 938422
32 27 938426
32 10 938431
32 0 938440
32 42 938448
33 36 938448
33 47 938452
33 23 938461
33 20 938463
33 40 938470
33 7 938472
33 49 938480
33 38 938480
33 43 938485
33 44 938488
33 32 938488
33 26 938497
33 0 938499
33 5 938508
33 18 938517
33 19 938519
33 46 938521
33 10 938526
33 27 938532
33 48 938535
33 8 938544
33 28 938550
33 4 938558
33 2 938564
33 17 938569
33 11 938572
33 39 938579
33 14 938581
33 15 938590
33 50 938598
33 1 938602
33 52 938604
33 25 938605
33 30 938608
33 22 938610
33 41 938611
33 30 938620
33 5 938627
33 53 938634
33 12 938643
33 55 938650
33 25 938657
33 3 938665
33 35 938666
33 31 938669
33 26 938677
33 58 938684
33 50 938687
33 34 938695
33 17 938701
33 19 938705
33 24 938712
33 39 938715
33 48 938720
33 57 938727
33 6 938730
33 9 938732
33 16 938735
33 45 938742
33 8 938746
33 46 938751
33 21 938754
33 29 938755
33 40 938755
33 18 938763
33 4 938764
33 13 938772
33 42 938777
33 10 938786
33 2 938790
33 20 938793
33 52 938796
33 51 938802
33 28 938810
34 45 938817
34 46 938821
34 48 938829
34 31 938835
34 24 938842
34 16 938842
34 3 938845
35 5 938845
35 22 938854
35 27 938863
35 57 938869
35 46 938874
35 54 938881
35 51 938888
35 1 938891
35 47 938898
35 16 938901
35 4 938904
35 23 938905
35 6 938906
35 25 938908
35 15 938912
35 40 938921
35 1 938926
35 53 938928
35 14 938936
35 5 938939
35 13 938945
35 0 938948
35 25 938950
35 6 938956
35 43 938959
35 34 938962
35 24 938965
35 32 938970
36 47 938971
36 7 938974
36 30 938979
36 28 938980
36 34 938981
36 39 938986
36 43 938992
36 37 938994
36 29 938994
36 8 938995
36 48 939002
36 33 939010
36 49 939018
36 13 939025
36 55 939034
36 15 939042
36 54 939048
36 19 939048
36 42 939048
36 45 939053
36 22 939053
36 30 939056
36 35 939064
36 9 939070
36 58 939073
36 26 939079
36 15 939088
36 23 939089
36 24 939094
36 39 939102
36 29 939111
36 20 939111
36 54 939112
36 37 939117
36 1 939124
36 8 939129
36 51 939138
37 41 939144
37 48 939144
37 20 939151
37 1 939154
37 57 939156
37 19 939162
37 13 939165
37 38 939170
37 58 939173
37 40 939174
37 53 939181
37 35 939188
37 51 939189
37 18 939191
37 43 939191
37 14 939200
37 26 939206
37 4 939209
37 56 939212
37 40 939218
37 20 939219
37 24 939222
37 9 939229
37 44 939237
37 8 939246
37 51 939254
37 47 939254
37 1 939258
37 14 939260
37 27 939263
37 22 939269
37 26 939270
37 34 939273
38 54 939277
38 28 939278
38 55 939286
38 46 939293
38 40 939302
38 56 939311
38 8 939320
38 33 939328
38 32 939329
38 4 939335
38 14 939335
38 10 939342
38 11 939346
38 17 939355
38 43 939363
38 52 939366
38 58 939368
38 11 939369
38 44 939372
38 17 939375
38 21 939384
38 53 939386
38 40 939395
38 4 939403
38 35 939412
38 47 939413
38 41 939414
38 30 939422
38 23 939423
38 16 939432
38 55 939432
38 9 939441
38 2 939450
38 31 939450
38 36 939459
38 49 939460
38 46 939467
38 48 939468
39 1 939471
39 28 939478
39 22 939486
39 52 939486
39 45 939494
39 16 939494
39 8 939502
39 5 939508
39 0 939511
39 47 939511
39 24 939513
39 9 939519
39 33 939526
39 54 939526
39 48 939529
39 13 939531
39 41 939540
39 36 939547
39 4 939556
39 20 939557
39 42 939566
39 35 939567
39 51 939567
39 43 939569
39 37 939573
39 46 939575
39 49 939578
39 19 939582
39 38 939587
39 27 939595
39 44 939603
39 31 939606
39 2 939614
39 6 939622
39 7 939627
39 45 939632
39 27 939636
39 20 939638
39 56 939643
39 11 939646
39 53 939655
39 33 939658
39 3 939659
39 8 939667
39 29 939674
39 1 939681
39 49 939690
39 52 939698
39 26 939698
39 31 939700
39 41 939706
39 48 939711
39 40 939717
39 44 939717
39 51 939725
39 25 939728
39 12 939736
39 47 939736
39 30 939743
39 42 939748
39 35 939754
39 38 939756
39 28 939758
39 18 939763
39 7 939766
39 32 939772
39 55 939774
39 19 939774
39 46 939783
39 23 939786
40 17 939789
40 7 939789
40 13 939794
40 8 939802
40 36 939806
40 14 939809
40 26 939814
40 11 939818
40 2 939825
40 6 939825
40 20 939831
40 31 939839
40 21 939841
40 34 939846
40 46 939853
40 53 939856
40 23 939857
40 28 939860
40 54 939869
40 10 939873
40 25 939874
40 50 939878
40 47 939882
40 12 939882
40 15 939885
40 44 939891
40 43 939893
40 27 939895
40 36 939903
40 7 939907
40 20 939916
40 33 939924
40 37 939932
40 25 939934
40 28 939936
40 32 939939
40 31 939940
40 44 939944
40 26 939944
40 1 939950
40 0 939957
40 39 939966
40 58 939972
40 48 939980
40 12 939987
40 34 939987
40 55 939990
40 17 939996
40 50 940004
40 56 940004
40 43 940004
40 11 940009
40 23 940018
40 24 940026
40 10 940035
40 21 940043
40 14 940044
40 19 940050
40 38 940059
40 27 940065
40 53 940072
41 37 940081
41 22 940085
41 25 940092
41 51 940097
41 20 940102
41 48 940102
42 50 940108
42 5 940108
42 4 940110
42 14 940119
42 8 940126
42 39 940132
42 57 940136
42 38 940140
42 16 940146
42 31 940151
42 32 940160
42 36 940168
42 21 940168
42 1 940172
42 22 940173
42 7 940176
42 10 940183
42 25 940189
42 13 940198
42 0 940206
42 49 940213
42 31 940215
42 8 940221
42 39 940226
42 40 940235
42 26 940236
42 19 940237
42 23 940237
42 2 940239
42 46 940247
42 4 940249
42 18 940257
42 16 940259
42 5 940262
42 56 940263
42 51 940263
42 24 940268
43 9 940270
43 38 940271
43 35 940280
43 45 940280
43 24 940282
43 30 940286
43 57 940294
43 33 940299
43 4 940302
43 37 940304
43 11 940310
43 8 940313
43 49 940318
43 48 940318
43 41 940324
43 27 940327
43 26 940332
43 29 940337
43 39 940340
43 0 940340
43 32 940342
43 52 940345
43 14 940349
43 51 940357
43 3 940363
43 15 940372
43 2 940373
43 55 940379
43 40 940388
43 31 940391
43 18 940394
43 36 940397
43 50 940400
43 5 940401
43 28 940403
43 22 940412
43 21 940416
43 46 940422
43 35 940424
43 18 940432
43 49 940433
43 1 940440
43 52 940440
43 53 940447
43 29 940447
43 9 940447
43 26 940455
43 7 940462
43 41 940463
43 19 940472
43 13 940481
43 56 940490
43 30 940490
43 55 940490
43 14 940498
43 24 940503
43 33 940509
43 12 940512
43 11 940516
43 25 940520
43 5 940527
43 3 940531
43 20 940536
43 28 940538
43 34 940545
43 27 940554
43 4 940562
43 42 940566
43 58 940573
43 45 940575
43 6 940578
43 54 940580
43 37 940584
43 57 940586
44 23 940592
44 2 940598
44 25 940602
44 28 940605
44 45 940608
44 55 940617
44 9 940617
44 10 940625
44 52 940631
44 32 940634
44 40 940639
44 33 940645
44 21 940651
44 56 940651
44 20 940657
44 38 940658
44 0 940660
44 47 940661
44 12 940670
44 49 940679
44 24 940680
44 5 940689
44 53 940694
44 51 940701
44 40 940708
44 46 940710
44 33 940718
44 2 940721
44 32 940722
44 14 940729
44 6 940729
44 26 940732
44 37 940740
45 28 940749
45 31 940749
45 58 940751
45 51 940755
45 54 940762
45 37 940762
45 48 940770
45 53 940778
46 38 940780
46 7 940780
46 14 940787
46 24 940794
46 32 940803
46 23 940812
46 39 940815
46 11 940823
46 13 940831
46 0 940839
46 30 940844
46 12 940844
46 50 940847
46 33 940852
46 34 940855
46 58 940856
46 4 940856
46 45 940858
46 25 940866
46 26 940874
46 54 940882
46 2 940891
46 43 940897
46 37 940900
46 51 940908
46 27 940914
46 6 940915
46 48 940924
46 8 940925
46 31 940930
46 56 940933
46 5 940942
46 10 940947
46 57 940952
46 35 940955
46 7 940964
46 43 940970
46 22 940975
46 34 940983
46 29 940992
46 32 940994
46 52 940997
46 26 940997
46 21 941003
46 20 941008
46 37 941014
46 58 941017
46 53 941017
46 44 941022
46 51 941026
46 9 941033
46 12 941035
46 45 941036
46 17 941042
46 25 941051
46 5 941057
46 15 941064
46 39 941068
46 33 941071
46 2 941073
46 47 941082
46 18 941086
46 40 941092
46 27 941099
46 10 941104
46 55 941113
46 0 941117
46 13 941122
46 42 941129
47 26 941136
47 28 941143
47 52 941147
47 35 941154
47 11 941162
47 57 941169
47 1 941171
47 17 941178
47 14 941178
47 43 941184
47 27 941189
47 51 941192
47 50 941198
47 8 941201
47 40 941202
47 16 941210
47 54 941218
47 6 941224
47 25 941224
47 9 941229
47 48 941230
47 29 941235
47 41 941238
47 56 941245
47 45 941253
47 55 941262
47 34 941265
47 16 941270
47 30 941271
47 31 941275
47 21 941277
47 27 941281
47 49 941285
47 45 941285
47 9 941292
47 25 941301
47 8 941307
47 5 941309
47 11 941316
47 51 941322
47 56 941329
47 48 941330
47 19 941334
47 41 941341
47 22 941347
47 2 941347
47 34 941351
47 29 941351
47 40 941351
47 52 941354
48 17 941362
48 33 941370
48 34 941375
48 2 941377
48 41 941380
48 10 941389
48 3 941392
48 58 941396
48 39 941404
48 45 941411
48 31 941413
48 51 941419
48 52 941420
48 19 941425
48 44 941425
48 14 941429
48 42 941430
48 43 941435
48 7 941437
48 16 941444
48 26 941450
48 53 941451
48 22 941451
48 19 941457
48 50 941457
48 20 941465
48 17 941466
48 14 941468
48 52 941474
48 0 941481
48 9 941481
48 28 941490
48 34 941495
48 25 941498
48 56 941507
48 4 941510
48 41 941517
48 7 941524
48 30 941524
48 15 941530
48 32 941539
49 18 941539
49 2 941544
49 41 941547
49 7 941551
49 32 941555
49 54 941556
49 11 941561
49 42 941568
49 23 941570
49 13 941579
49 37 941586
49 38 941590
49 27 941593
49 4 941597
49 44 941602
49 45 941603
49 8 941604
49 6 941605
49 17 941609
49 28 941613
49 12 941615
49 55 941615
49 3 941619
49 53 941623
49 35 941624
49 0 941631
49 40 941634
49 50 941639
49 21 941643
49 42 941650
49 6 941657
49 15 941658
49 52 941667
49 13 941672
49 18 941679
49 1 941685
49 47 941687
49 2 941687
49 0 941687
49 17 941692
49 19 941700
49 31 941703
49 45 941704
49 38 941709
49 39 941709
49 36 941718
49 14 941719
49 37 941728
49 11 941731
49 35 941731
49 43 941731
49 20 941733
49 25 941737
49 12 941742
50 28 941749
50 25 941752
50 42 941752
50 16 941760
50 58 941769
50 6 941778
50 18 941780
50 34 941785
50 46 941792
50 52 941792
50 37 941795
50 17 941801
50 43 941804
50 19 941804
50 48 941808
50 33 941816
50 0 941824
50 51 941830
50 4 941832
50 36 941841
50 39 941845
50 27 941846
50 23 941853
50 29 941853
50 24 941859
50 32 941864
50 15 941870
50 8 941872
50 53 941872
50 42 941879
50 36 941886
50 24 941889
50 38 941893
50 52 941899
50 19 941902
50 3 941906
50 45 941908
50 41 941916
50 16 941923
50 54 941924
50 46 941930
50 51 941939
50 57 941940
50 39 941940
50 7 941941
50 34 941950
50 10 941956
50 17 941958
50 49 941961
50 5 941963
50 43 941968
50 1 941971
50 26 941974
50 37 941980
50 13 941985
51 32 941992
51 55 941998
51 4 942001
51 7 942001
51 11 942008
51 36 942012
51 42 942014
51 2 942015
51 45 942021
51 14 942030
51 35 942031
51 10 942037
51 28 942038
51 20 942044
51 12 942046
51 45 942051
51 38 942055
51 31 942055
51 56 942059
51 37 942061
51 22 942064
51 42 942065
51 28 942074
51 46 942082
51 8 942091
51 21 942099
51 24 942106
51 12 942107
51 13 942112
51 0 942121
52 45 942127
52 31 942132
52 13 942139
52 19 942140
52 10 942145
52 12 942149
52 38 942149
52 33 942153
52 11 942159
52 18 942163
52 41 942172
52 16 942175
52 36 942180
52 56 942186
52 37 942187
52 35 942196
52 29 942202
52 22 942209
52 47 942218
52 7 942225
52 5 942228
52 8 942232
52 27 942241
52 46 942244
52 49 942250
52 42 942250
52 58 942253
52 11 942260
52 24 942261
52 43 942261
52 6 942262
52 44 942266
52 41 942273
52 13 942279
52 56 942283
52 46 942283
52 19 942292
52 1 942296
52 32 942298
52 48 942305
52 40 942313
52 51 942321
52 26 942321
52 17 942325
52 2 942325
52 30 942334
52 53 942335
52 58 942337
53 41 942343
53 58 942346
53 24 942349
53 27 942358
53 40 942363
53 6 942372
53 32 942372
53 9 942376
53 33 942376
53 45 942385
53 16 942388
53 5 942392
53 15 942394
53 4 942399
53 35 942402
53 44 942410
53 13 942413
53 26 942420
53 56 942424
53 36 942431
53 22 942435
53 2 942436
53 54 942441
53 8 942447
53 37 942452
53 20 942457
53 3 942457
53 11 942458
53 25 942464
53 7 942464
53 18 942467
53 31 942468
53 1 942470
53 28 942478
53 7 942486
53 0 942490
53 11 942499
53 43 942506
53 35 942509
53 12 942516
53 24 942520
53 8 942522
53 2 942524
53 28 942532
53 30 942539
53 18 942541
53 26 942550
53 55 942556
53 49 942557
53 10 942559
53 29 942562
53 41 942565
53 48 942570
53 31 942571
53 38 942573
53 58 942580
53 27 942584
53 33 942592
53 52 942592
53 47 942597
53 32 942601
53 23 942603
53 13 942604
53 14 942612
53 54 942616
53 45 942624
53 44 942625
54 42 942632
54 6 942634
54 29 942636
54 19 942636
54 34 942643
54 21 942651
54 24 942656
54 36 942662
54 43 942668
54 1 942672
55 51 942672
55 2 942672
55 11 942681
55 26 942681
55 6 942690
55 43 942699
55 42 942699
55 0 942699
55 13 942701
55 21 942704
55 46 942713
55 8 942720
55 32 942726
55 12 942730
55 52 942733
55 30 942735
55 57 942744
55 27 942747
55 39 942751
55 22 942752
55 58 942755
55 3 942760
55 19 942761
55 29 942767
55 9 942775
55 5 942782
55 15 942788
55 23 942792
55 7 942793
55 49 942796
55 28 942801
55 0 942801
55 37 942804
55 18 942811
55 35 942820
55 49 942826
55 26 942830
55 57 942831
55 56 942831
55 31 942839
55 45 942842
55 14 942848
55 34 942855
55 21 942864
55 23 942866
55 24 942868
55 7 942875
55 46 942878
55 12 942886
55 9 942889
55 11 942896
55 13 942897
55 51 942904
55 36 942906
55 38 942912
55 22 942915
55 17 942918
55 40 942922
55 39 942924
55 52 942927
55 41 942933
55 54 942937
55 43 942944
55 19 942952
56 52 942960
56 47 942969
56 17 942978
56 58 942985
56 0 942989
56 45 942990
56 1 942992
56 55 942997
56 12 943001
56 2 943007
56 49 943012
56 46 943012
56 23 943017
56 6 943020
56 39 943020
56 26 943023
56 7 943028
56 19 943030
56 14 943030
57 29 943034
57 3 943040
57 55 943049
57 9 943057
57 21 943063
57 44 943069
57 5 943078
57 14 943078
57 17 943087
57 45 943091
57 22 943098
57 58 943100
57 30 943104
57 49 943108
57 40 943110
57 52 943114
57 48 943117
57 42 943121
57 18 943125
57 1 943130
57 25 943136
57 28 943145
57 12 943150
57 19 943155
57 35 943162
57 6 943169
57 2 943170
57 53 943179
57 38 943185
57 43 943188
57 39 943188
57 10 943189
57 29 943190
57 5 943191
57 8 943197
57 9 943201
57 55 943205
57 31 943207
57 11 943212
57 25 943220
57 23 943227
57 49 943229
57 37 943234
57 52 943243
57 40 943249
57 15 943258
57 1 943266
57 12 943268
57 13 943275
57 22 943284
57 38 943290
57 45 943298
57 18 943300
57 17 943308
57 46 943308
57 32 943310
57 56 943311
57 19 943319
58 33 943322
58 54 943331
58 8 943335
58 14 943337
58 52 943345
58 42 943353
58 45 943359
58 36 943365
58 21 943367
58 1 943372
58 56 943377
58 20 943382
58 34 943382
58 38 943386
58 16 943388
58 6 943394
58 3 943403
58 22 943407
58 57 943408
58 18 943410
58 26 943412
58 4 943413
58 33 943416
58 25 943425
58 38 943430
58 9 943431
58 0 943436
58 54 943442
58 32 943448
58 51 943452
58 53 943461
58 5 943465
58 20 943468
58 19 943472
58 49 943475
58 30 943478
