63
true
0 37 1126907
0 33 1126911
0 61 1126915
0 53 1126919
0 30 1126919
0 59 1126923
0 43 1126928
0 36 1126932
0 39 1126939
0 19 1126941
0 40 1126946
0 18 1126954
0 26 1126956
0 21 1126959
0 27 1126965
0 14 1126965
0 15 1126969
0 41 1126969
0 38 1126969
0 10 1126975
0 51 1126976
0 52 1126978
0 3 1126978
0 60 1126982
0 16 1126983
0 23 1126992
0 37 1127001
0 13 1127007
0 38 1127010
0 26 1127013
0 9 1127013
0 56 1127017
0 6 1127017
0 10 1127021
0 43 1127030
0 29 1127034
0 30 1127041
0 40 1127048
0 32 1127048
0 59 1127051
0 53 1127060
0 35 1127065
1 32 1127072
1 40 1127081
1 58 1127086
1 45 1127090
1 12 1127097
1 56 1127106
1 23 1127109
1 7 1127111
1 10 1127114
1 62 1127121
1 54 1127126
1 51 1127128
1 57 1127131
1 60 1127137
1 38 1127142
1 59 1127142
1 30 1127148
1 22 1127149
1 48 1127155
1 27 1127162
1 49 1127167
1 61 1127167
1 14 1127169
1 13 1127177
1 28 1127180
1 3 1127182
1 33 1127186
1 24 1127186
1 18 1127186
1 11 1127194
1 39 1127199
1 16 1127201
1 5 1127206
1 36 1127208
1 21 1127214
1 4 1127219
1 15 1127220
1 52 1127226
1 31 1127235
1 22 1127240
1 50 1127242
1 51 1127246
1 40 1127253
1 13 1127259
1 60 1127263
1 61 1127270
1 59 1127278
1 53 1127283
1 30 1127284
1 5 1127288
1 21 1127288
1 20 1127289
1 46 1127289
1 11 1127297
1 26 1127297
1 18 1127297
1 15 1127297
1 10 1127302
1 43 1127302
1 16 1127307
1 17 1127309
1 38 1127310
1 36 1127315
1 54 1127319
1 49 1127328
1 33 1127328
1 39 1127335
1 57 1127337
1 7 1127339
1 44 1127341
1 58 1127346
1 19 1127355
1 12 1127358
1 2 1127365
1 23 1127365
2 8 1127374
2 22 1127379
2 32 1127381
2 9 1127385
2 0 1127385
2 36 1127393
2 18 1127394
2 39 1127398
2 42 1127402
2 43 1127408
2 33 1127408
2 51 1127408
2 46 1127410
2 11 1127415
2 47 1127423
2 16 1127429
2 52 1127430
2 7 1127436
2 48 1127443
2 1 1127443
2 53 1127447
2 0 1127451
2 59 1127458
2 5 1127466
2 26 1127473
2 28 1127482
2 19 1127489
2 47 1127495
2 6 1127495
2 16 1127504
2 23 1127508
2 43 1127513
2 48 1127519
2 12 1127520
2 35 1127529
2 3 1127531
2 1 1127531
2 46 1127538
2 30 1127539
2 49 1127545
2 55 1127551
3 23 1127551
3 40 1127551
3 12 1127554
3 36 1127561
3 30 1127562
3 14 1127568
3 39 1127577
3 33 1127583
3 43 1127590
3 8 1127598
3 27 1127603
3 55 1127611
3 50 1127618
3 2 1127619
3 41 1127619
3 34 1127626
3 9 1127626
3 22 1127629
3 59 1127633
3 20 1127641
3 52 1127646
3 38 1127650
3 19 1127651
3 26 1127652
3 61 1127658
3 18 1127659
3 49 1127659
3 48 1127660
3 58 1127665
3 5 1127669
3 27 1127678
3 51 1127681
3 37 1127687
3 38 1127695
3 32 1127696
3 46 1127704
3 31 1127709
3 14 1127718
3 13 1127726
3 11 1127735
3 0 1127739
3 28 1127743
3 21 1127752
3 8 1127759
3 29 1127767
3 44 1127773
3 19 1127777
3 42 1127784
3 2 1127791
3 40 1127798
3 24 1127802
3 55 1127804
3 6 1127812
3 39 1127815
3 36 1127821
3 53 1127823
3 16 1127831
3 4 1127834
4 17 1127834
4 18 1127840
4 42 1127843
4 5 1127847
4 23 1127853
4 40 1127861
4 58 1127865
4 54 1127874
4 33 1127878
5 4 1127885
5 15 1127893
5 54 1127901
6 54 1127903
6 12 1127909
6 1 1127915
6 36 1127922
6 32 1127926
6 15 1127928
6 14 1127930
6 52 1127932
6 62 1127932
7 27 1127934
7 10 1127939
7 51 1127941
7 44 1127950
7 15 1127959
7 54 1127965
7 5 1127973
7 42 1127979
7 28 1127981
7 24 1127989
7 37 1127991
7 38 1127992
7 34 1127997
7 47 1127998
7 13 1128006
7 26 1128006
7 22 1128014
7 46 1128020
7 59 1128020
7 16 1128029
7 20 1128038
7 12 1128039
7 50 1128042
7 33 1128043
7 34 1128050
7 19 1128051
7 35 1128054
7 30 1128063
7 22 1128072
7 51 1128075
7 53 1128078
7 4 1128082
7 38 1128091
7 61 1128093
7 49 1128101
7 16 1128105
7 13 1128112
7 57 1128118
7 28 1128123
7 45 1128128
7 46 1128135
7 5 1128141
7 40 1128141
7 6 1128145
7 24 1128148
7 39 1128154
8 58 1128159
8 22 1128167
8 4 1128176
8 46 1128184
8 16 1128193
8 25 1128197
8 60 1128199
8 41 1128200
8 61 1128205
8 15 1128206
8 47 1128213
8 29 1128218
8 12 1128222
8 59 1128227
8 15 1128232
8 23 1128237
8 31 1128240
8 5 1128245
8 10 1128247
8 53 1128254
8 12 1128258
8 24 1128266
8 22 1128271
8 25 1128274
8 58 1128280
8 38 1128288
8 50 1128290
8 44 1128297
9 8 1128300
9 50 1128304
9 29 1128309
9 3 1128309
9 56 1128318
9 21 1128323
9 6 1128324
9 61 1128326
9 45 1128335
9 15 1128339
9 53 1128341
9 19 1128341
9 30 1128343
9 55 1128345
9 52 1128352
9 2 1128359
9 35 1128364
9 42 1128370
9 34 1128376
9 40 1128383
9 4 1128387
9 0 1128393
9 27 1128393
9 8 1128395
9 47 1128399
9 38 1128400
9 2 1128405
9 6 1128405
9 46 1128409
9 31 1128410
9 19 1128413
9 50 1128417
9 30 1128426
9 57 1128427
9 60 1128436
9 53 1128438
9 14 1128443
9 25 1128452
9 16 1128460
9 11 1128465
9 22 1128467
9 54 1128467
9 7 1128471
9 23 1128473
10 19 1128476
10 58 1128483
10 18 1128492
10 9 1128496
10 52 1128501
10 60 1128505
10 15 1128506
10 51 1128509
10 40 1128513
10 31 1128519
10 12 1128526
10 26 1128528
10 56 1128536
10 50 1128537
10 8 1128542
10 34 1128548
10 17 1128556
10 7 1128563
10 41 1128568
10 48 1128576
10 3 1128582
10 43 1128589
10 46 1128589
10 23 1128598
10 54 1128605
10 24 1128612
10 4 1128616
10 14 1128623
10 38 1128632
10 26 1128634
10 22 1128641
10 11 1128641
10 3 1128645
10 60 1128648
10 47 1128654
10 30 1128659
10 4 1128663
10 31 1128665
10 16 1128673
10 17 1128676
10 1 1128682
10 57 1128685
10 23 1128689
10 49 1128695
10 33 1128702
10 28 1128710
10 7 1128710
10 29 1128718
10 55 1128719
10 21 1128720
10 37 1128720
10 62 1128728
10 15 1128737
10 58 1128739
10 9 1128739
10 0 1128741
11 31 1128750
11 36 1128753
11 39 1128756
11 4 1128759
11 32 1128760
11 37 1128769
11 2 1128771
11 30 1128775
11 9 1128784
11 51 1128788
11 19 1128792
11 14 1128800
11 42 1128806
11 49 1128813
11 29 1128814
11 10 1128822
11 5 1128830
11 7 1128831
11 61 1128834
11 59 1128837
11 40 1128844
11 41 1128850
11 28 1128857
11 57 1128866
11 28 1128873
11 5 1128880
11 43 1128887
11 31 1128889
11 51 1128889
11 53 1128897
11 56 1128903
11 50 1128910
11 58 1128910
11 36 1128919
11 34 1128924
11 12 1128931
11 32 1128939
11 41 1128947
11 19 1128947
11 37 1128952
11 23 1128957
11 33 1128966
11 48 1128970
11 52 1128973
11 54 1128981
11 61 1128986
11 15 1128988
11 22 1128989
11 25 1128993
11 39 1129001
11 21 1129009
11 46 1129016
11 6 1129021
13 55 1129021
13 58 1129026
13 23 1129028
13 38 1129034
13 25 1129034
13 2 1129039
13 39 1129048
13 29 1129053
13 17 1129058
13 7 1129064
13 26 1129070
13 12 1129077
13 43 1129079
13 11 1129085
13 57 1129090
13 3 1129095
13 24 1129100
13 32 1129105
13 37 1129109
13 41 1129117
13 53 1129122
13 1 1129131
13 16 1129131
13 34 1129139
13 10 1129142
13 48 1129147
13 61 1129155
13 28 1129162
13 54 1129163
13 0 1129168
13 5 1129170
13 19 1129171
13 56 1129180
13 20 1129189
13 28 1129191
13 41 1129197
13 7 1129204
13 35 1129211
13 25 1129220
13 12 1129223
13 62 1129228
13 21 1129230
13 33 1129239
13 32 1129245
13 0 1129250
13 24 1129253
13 48 1129257
13 49 1129263
13 18 1129270
13 26 1129279
13 59 1129287
13 45 1129289
13 31 1129294
13 30 1129302
13 39 1129311
13 38 1129319
13 61 1129324
13 47 1129328
13 57 1129337
14 41 1129337
14 21 1129340
14 6 1129341
14 44 1129348
14 42 1129353
14 38 1129356
14 54 1129361
14 49 1129368
14 5 1129373
14 35 1129373
14 39 1129381
14 1 1129388
14 13 1129389
14 53 1129397
14 31 1129405
14 60 1129405
14 56 1129410
14 8 1129411
14 34 1129412
14 3 1129416
14 52 1129416
14 22 1129417
14 61 1129419
14 15 1129421
14 24 1129422
14 37 1129425
14 51 1129425
14 48 1129434
14 36 1129437
14 19 1129444
14 27 1129444
14 32 1129452
14 29 1129453
14 0 1129461
14 26 1129470
14 54 1129475
14 62 1129478
14 19 1129478
14 45 1129482
14 16 1129490
14 33 1129492
14 52 1129494
14 39 1129500
14 7 1129503
14 4 1129505
14 57 1129514
14 18 1129522
14 1 1129529
14 5 1129537
14 49 1129540
14 31 1129546
14 30 1129555
14 34 1129558
14 9 1129563
14 2 1129565
14 10 1129571
14 61 1129579
14 42 1129587
14 35 1129591
14 20 1129593
14 36 1129599
14 38 1129607
14 25 1129609
14 11 1129614
14 3 1129619
14 29 1129625
14 28 1129634
14 60 1129639
14 41 1129640
14 22 1129648
14 53 1129652
14 43 1129659
14 32 1129665
15 13 1129669
15 32 1129675
15 9 1129682
15 60 1129690
15 55 1129690
15 10 1129699
15 48 1129706
15 14 1129708
15 5 1129709
15 44 1129711
15 3 1129711
15 41 1129713
15 58 1129721
15 52 1129722
15 38 1129730
15 45 1129739
15 11 1129742
15 56 1129742
15 31 1129750
15 29 1129757
15 1 1129764
15 46 1129765
15 4 1129773
15 58 1129776
15 34 1129781
15 42 1129787
15 33 1129789
15 44 1129796
15 48 1129801
15 37 1129806
15 3 1129812
15 32 1129816
15 39 1129816
15 38 1129823
15 28 1129829
15 41 1129832
15 24 1129834
15 5 1129837
16 47 1129844
16 17 1129853
16 41 1129862
16 28 1129867
16 22 1129871
16 20 1129877
16 30 1129884
16 55 1129890
16 38 1129898
16 57 1129898
16 26 1129901
16 52 1129907
16 35 1129912
16 36 1129918
16 19 1129921
16 1 1129922
16 37 1129928
16 9 1129935
16 33 1129938
16 51 1129939
16 46 1129946
16 59 1129949
16 10 1129949
16 24 1129951
16 61 1129959
16 34 1129968
16 4 1129977
16 45 1129985
16 62 1129993
16 13 1130001
16 60 1130008
16 58 1130015
16 43 1130023
16 42 1130029
16 14 1130029
16 42 1130032
16 30 1130038
16 34 1130040
16 8 1130045
16 21 1130049
16 31 1130050
16 20 1130059
16 43 1130068
16 46 1130075
16 28 1130075
16 53 1130082
16 29 1130086
16 23 1130092
16 39 1130097
16 36 1130106
16 40 1130112
16 44 1130121
16 41 1130122
16 7 1130125
16 4 1130126
16 62 1130129
16 49 1130138
16 58 1130141
16 33 1130147
16 48 1130153
16 57 1130155
16 52 1130155
16 9 1130163
16 5 1130164
17 32 1130171
17 42 1130171
17 40 1130178
17 12 1130187
17 4 1130190
17 21 1130192
17 23 1130199
17 0 1130208
17 48 1130208
17 45 1130211
17 15 1130211
17 3 1130220
17 52 1130222
17 20 1130231
17 36 1130237
17 60 1130246
17 33 1130249
17 29 1130252
17 49 1130261
17 59 1130269
17 14 1130273
17 7 1130279
17 39 1130288
17 55 1130294
17 61 1130296
17 62 1130297
17 6 1130300
17 8 1130303
17 41 1130307
17 38 1130310
17 24 1130312
17 56 1130321
17 19 1130328
17 31 1130328
17 54 1130332
17 46 1130339
17 23 1130341
17 48 1130348
17 25 1130351
17 34 1130352
17 29 1130354
17 5 1130362
17 59 1130363
17 2 1130363
17 52 1130364
17 33 1130369
17 32 1130369
17 9 1130374
17 14 1130383
17 53 1130390
17 8 1130394
17 54 1130400
17 24 1130402
17 10 1130403
17 12 1130412
17 40 1130420
17 57 1130425
17 55 1130430
17 44 1130439
17 42 1130447
17 18 1130449
17 35 1130457
17 41 1130461
17 1 1130468
17 61 1130472
17 6 1130475
17 19 1130483
17 38 1130492
17 31 1130495
18 37 1130496
18 36 1130501
18 27 1130506
18 10 1130509
18 1 1130518
18 13 1130525
18 61 1130534
18 51 1130539
18 49 1130544
18 21 1130546
18 11 1130546
19 35 1130548
19 54 1130556
19 22 1130559
19 7 1130562
19 16 1130562
19 5 1130567
19 32 1130567
19 15 1130567
19 10 1130567
19 50 1130575
19 29 1130584
20 31 1130587
20 41 1130587
20 16 1130594
20 4 1130595
20 23 1130601
20 13 1130604
20 17 1130609
20 12 1130610
20 7 1130614
20 53 1130615
20 47 1130622
20 27 1130622
20 8 1130626
20 22 1130627
20 51 1130633
20 52 1130642
20 2 1130648
20 44 1130653
20 61 1130660
20 40 1130668
20 56 1130672
20 15 1130681
20 36 1130685
20 29 1130687
20 26 1130693
20 32 1130699
20 5 1130699
20 62 1130702
20 54 1130708
20 10 1130708
20 58 1130717
20 43 1130724
20 21 1130733
20 3 1130741
20 28 1130747
20 9 1130753
20 39 1130756
20 59 1130756
20 34 1130762
20 29 1130769
20 13 1130777
20 45 1130782
20 39 1130788
20 41 1130795
20 30 1130800
20 5 1130807
20 19 1130810
20 3 1130811
20 21 1130812
20 47 1130818
20 56 1130821
20 18 1130830
20 49 1130834
20 26 1130839
20 48 1130839
20 43 1130841
20 54 1130848
20 11 1130853
20 2 1130859
20 22 1130865
20 1 1130868
20 28 1130869
20 31 1130869
20 44 1130874
20 58 1130874
20 52 1130875
20 25 1130878
20 9 1130879
20 23 1130882
20 24 1130883
20 0 1130886
20 36 1130888
20 37 1130895
20 15 1130895
20 38 1130904
20 16 1130908
21 37 1130917
21 11 1130925
21 38 1130930
21 27 1130939
21 10 1130943
21 13 1130950
21 36 1130951
21 12 1130955
21 2 1130961
21 3 1130968
21 20 1130969
21 19 1130970
21 52 1130978
21 7 1130979
21 22 1130984
21 58 1130984
21 47 1130987
21 54 1130992
21 45 1131000
21 6 1131001
21 46 1131005
21 49 1131005
21 57 1131012
21 1 1131012
21 59 1131017
21 42 1131023
21 61 1131030
21 16 1131033
21 23 1131036
21 56 1131040
21 0 1131047
21 11 1131055
21 54 1131064
21 51 1131070
21 13 1131074
21 25 1131077
21 1 1131085
21 50 1131086
21 37 1131091
21 0 1131098
21 2 1131100
21 38 1131106
21 10 1131112
21 53 1131113
21 49 1131120
21 28 1131126
21 36 1131132
21 6 1131137
21 19 1131137
21 26 1131140
21 47 1131146
21 5 1131148
21 34 1131149
21 52 1131152
21 16 1131160
21 30 1131167
21 43 1131172
21 41 1131178
21 4 1131181
21 22 1131190
21 7 1131191
21 46 1131200
21 62 1131204
21 44 1131211
21 48 1131214
21 59 1131221
22 30 1131225
22 0 1131226
22 61 1131226
22 16 1131226
22 27 1131231
22 50 1131231
22 26 1131239
22 31 1131244
22 19 1131244
22 28 1131252
22 42 1131261
22 15 1131263
22 48 1131269
22 21 1131270
22 37 1131276
22 3 1131276
22 46 1131285
22 18 1131290
22 14 1131291
22 13 1131293
22 49 1131300
22 20 1131301
22 5 1131303
22 20 1131311
22 44 1131312
22 8 1131314
22 12 1131318
22 56 1131324
22 55 1131324
22 36 1131331
22 32 1131333
22 28 1131336
22 6 1131340
22 7 1131349
22 34 1131356
22 14 1131364
22 60 1131373
22 57 1131374
22 59 1131381
22 0 1131386
22 5 1131386
22 27 1131389
23 59 1131396
23 50 1131402
23 41 1131405
23 1 1131412
23 10 1131414
23 38 1131414
23 24 1131417
23 61 1131426
23 55 1131429
23 48 1131433
23 62 1131436
23 56 1131437
23 26 1131439
23 34 1131448
23 2 1131451
23 42 1131453
23 12 1131454
23 20 1131457
23 33 1131464
23 29 1131470
23 19 1131474
23 18 1131483
23 43 1131489
23 59 1131496
23 39 1131503
23 18 1131512
23 32 1131518
23 36 1131519
23 50 1131526
23 35 1131534
23 25 1131537
23 47 1131543
23 8 1131546
23 44 1131554
23 6 1131562
23 0 1131568
23 3 1131570
23 22 1131572
23 1 1131572
23 27 1131576
23 54 1131576
23 40 1131577
23 45 1131585
23 12 1131593
23 20 1131597
23 41 1131603
23 37 1131609
23 46 1131612
24 52 1131613
24 40 1131616
24 39 1131625
24 8 1131630
24 56 1131638
24 61 1131644
24 26 1131651
24 3 1131651
24 4 1131656
24 50 1131662
24 0 1131667
24 18 1131669
24 60 1131677
24 21 1131678
24 27 1131682
24 30 1131686
24 17 1131692
24 41 1131693
24 45 1131700
24 47 1131702
24 30 1131710
24 41 1131713
24 12 1131715
24 56 1131715
24 2 1131721
24 14 1131727
24 52 1131728
24 32 1131728
24 42 1131737
24 49 1131744
24 61 1131753
24 50 1131759
24 58 1131766
24 19 1131766
24 60 1131773
24 27 1131782
24 37 1131785
24 51 1131787
25 1 1131788
25 56 1131790
25 60 1131795
25 61 1131802
25 18 1131803
25 46 1131806
25 49 1131815
25 55 1131821
25 11 1131829
25 6 1131834
25 43 1131842
25 24 1131849
25 30 1131850
25 6 1131858
25 26 1131867
25 16 1131867
25 58 1131870
25 41 1131878
25 47 1131883
25 37 1131891
25 10 1131893
25 57 1131902
25 0 1131911
25 9 1131917
25 11 1131919
25 53 1131922
25 8 1131922
26 20 1131927
26 44 1131934
26 18 1131939
26 1 1131941
26 5 1131944
26 3 1131947
26 34 1131949
26 60 1131952
26 59 1131955
26 53 1131958
26 13 1131963
26 61 1131967
26 9 1131973
26 25 1131975
26 0 1131979
26 36 1131979
26 47 1131980
26 49 1131986
26 21 1131994
26 2 1132002
26 20 1132006
26 45 1132007
26 16 1132007
26 29 1132010
26 37 1132014
26 31 1132021
26 30 1132023
26 52 1132029
26 61 1132038
26 34 1132039
26 7 1132039
26 38 1132045
26 24 1132051
26 25 1132056
26 15 1132059
26 36 1132063
26 58 1132072
26 22 1132074
26 1 1132080
27 13 1132085
27 20 1132087
27 19 1132096
27 1 1132102
27 46 1132103
27 3 1132108
27 0 1132115
27 43 1132122
27 29 1132126
27 8 1132132
27 24 1132135
27 25 1132142
27 26 1132143
27 53 1132146
27 21 1132152
27 41 1132158
27 23 1132167
27 22 1132175
27 28 1132184
27 49 1132186
27 51 1132190
27 42 1132192
27 32 1132197
27 6 1132203
27 5 1132212
27 58 1132213
27 30 1132219
27 2 1132222
27 36 1132225
27 54 1132234
27 43 1132240
27 24 1132242
27 5 1132248
27 14 1132251
27 62 1132252
27 53 1132255
27 3 1132256
27 32 1132260
27 1 1132268
27 57 1132270
27 8 1132275
27 44 1132283
27 60 1132288
27 34 1132289
27 19 1132294
27 12 1132300
27 15 1132303
27 49 1132306
28 11 1132314
28 56 1132319
28 38 1132327
28 40 1132335
28 46 1132338
28 25 1132342
28 44 1132350
28 9 1132352
28 58 1132359
28 15 1132361
28 2 1132366
28 55 1132371
28 42 1132380
28 39 1132385
28 62 1132386
28 43 1132393
28 20 1132399
28 60 1132399
28 40 1132406
28 58 1132410
28 19 1132416
28 14 1132421
28 8 1132422
28 56 1132422
28 31 1132427
28 13 1132429
28 27 1132430
28 57 1132432
28 33 1132440
28 35 1132447
28 42 1132454
28 16 1132461
28 24 1132468
28 32 1132474
28 59 1132483
29 9 1132487
29 20 1132487
29 62 1132489
29 48 1132497
29 4 1132499
29 44 1132501
29 2 1132507
29 49 1132512
29 23 1132520
29 26 1132528
29 43 1132530
29 17 1132534
29 51 1132537
29 8 1132545
29 61 1132545
29 18 1132545
29 5 1132552
29 46 1132560
29 54 1132564
29 25 1132564
29 45 1132565
29 53 1132565
29 16 1132570
29 1 1132577
29 21 1132578
29 41 1132580
29 33 1132580
29 6 1132586
29 12 1132594
29 36 1132598
29 57 1132605
29 39 1132613
29 27 1132621
29 8 1132630
29 37 1132630
29 28 1132639
29 11 1132643
29 7 1132652
29 3 1132659
29 47 1132665
29 39 1132670
29 51 1132675
29 20 1132681
29 30 1132688
29 31 1132697
29 0 1132705
29 1 1132709
29 35 1132716
29 16 1132718
29 13 1132722
29 43 1132724
29 58 1132724
29 34 1132732
29 55 1132739
29 50 1132742
29 24 1132749
29 5 1132757
29 48 1132762
29 22 1132769
29 36 1132774
29 61 1132783
29 27 1132784
29 23 1132785
29 57 1132785
29 17 1132792
29 45 1132795
29 41 1132801
30 12 1132810
30 9 1132819
30 21 1132827
30 31 1132836
30 55 1132837
30 45 1132846
30 48 1132854
30 8 1132863
30 6 1132869
30 28 1132876
30 46 1132880
30 52 1132887
30 57 1132894
30 5 1132899
30 26 1132901
30 51 1132901
30 7 1132908
30 38 1132908
30 50 1132909
30 4 1132914
30 54 1132922
30 20 1132928
30 1 1132937
30 60 1132943
30 53 1132952
30 23 1132961
30 34 1132963
30 59 1132967
30 16 1132968
30 3 1132972
30 19 1132975
30 24 1132976
30 27 1132977
30 43 1132986
30 14 1132991
30 8 1132996
30 32 1133003
30 20 1133010
30 51 1133014
30 15 1133020
30 57 1133022
30 58 1133025
30 23 1133025
30 5 1133031
30 36 1133040
30 17 1133046
30 22 1133053
30 33 1133054
30 43 1133055
30 13 1133059
30 29 1133065
30 25 1133066
30 21 1133066
30 26 1133070
30 55 1133071
30 50 1133075
30 40 1133076
30 34 1133077
30 45 1133082
30 11 1133085
30 0 1133091
30 1 1133097
30 61 1133104
30 4 1133112
30 18 1133119
30 14 1133119
30 35 1133128
30 59 1133132
30 44 1133134
30 6 1133137
30 53 1133140
31 35 1133144
31 11 1133150
31 56 1133153
31 19 1133158
31 24 1133160
31 59 1133161
31 44 1133161
31 14 1133162
31 17 1133162
31 29 1133163
31 3 1133172
31 16 1133177
31 43 1133182
31 6 1133184
31 18 1133188
32 7 1133197
32 16 1133205
32 62 1133213
32 44 1133216
33 40 1133220
33 48 1133227
33 42 1133232
33 22 1133240
33 51 1133247
33 37 1133249
33 59 1133258
34 16 1133266
34 50 1133270
34 54 1133278
34 48 1133278
34 22 1133282
34 59 1133283
34 35 1133284
34 38 1133291
34 6 1133292
34 49 1133294
34 19 1133296
34 23 1133298
34 13 1133307
34 21 1133315
34 33 1133318
34 15 1133318
34 61 1133318
34 6 1133325
34 36 1133328
34 33 1133330
34 62 1133332
34 28 1133337
34 38 1133346
34 51 1133351
34 57 1133355
34 60 1133360
34 3 1133362
34 39 1133364
34 11 1133371
34 50 1133377
34 41 1133384
34 47 1133390
34 5 1133397
34 15 1133406
34 7 1133410
34 43 1133414
35 26 1133423
35 21 1133430
35 0 1133434
35 38 1133438
35 20 1133445
35 15 1133449
35 14 1133452
35 52 1133459
35 17 1133461
35 46 1133461
35 13 1133465
35 54 1133468
35 44 1133476
35 7 1133478
35 34 1133480
35 8 1133489
35 25 1133494
35 29 1133497
35 36 1133498
35 58 1133503
35 40 1133503
35 1 1133504
35 19 1133509
35 3 1133518
35 37 1133525
35 16 1133530
35 60 1133537
35 43 1133543
35 51 1133551
35 50 1133552
35 22 1133553
35 45 1133558
35 32 1133565
35 5 1133571
35 18 1133580
35 48 1133586
35 41 1133591
35 61 1133595
35 12 1133596
35 33 1133605
35 62 1133613
35 59 1133617
35 55 1133621
35 24 1133621
35 5 1133625
35 7 1133634
35 4 1133639
35 55 1133639
35 15 1133644
35 13 1133649
35 60 1133653
35 50 1133653
35 40 1133661
35 48 1133662
35 25 1133666
35 20 1133673
35 49 1133678
35 54 1133682
35 62 1133683
35 31 1133685
35 36 1133686
35 45 1133688
35 34 1133692
35 14 1133700
35 52 1133700
35 61 1133705
35 44 1133711
35 38 1133719
35 26 1133723
35 16 1133731
35 28 1133731
35 41 1133733
35 11 1133739
35 18 1133741
35 21 1133746
35 27 1133750
35 33 1133752
35 8 1133757
35 17 1133763
35 58 1133772
35 9 1133772
35 51 1133779
36 6 1133781
36 54 1133781
36 21 1133782
36 45 1133783
36 23 1133792
36 31 1133799
36 1 1133807
36 16 1133816
36 34 1133821
36 0 1133822
36 58 1133822
36 12 1133830
36 20 1133839
36 26 1133842
36 43 1133849
36 53 1133855
36 44 1133855
36 14 1133861
36 49 1133865
36 9 1133868
36 25 1133870
36 10 1133875
36 56 1133879
36 3 1133881
36 39 1133883
36 30 1133887
36 37 1133887
36 21 1133896
36 0 1133896
36 60 1133902
36 38 1133905
36 57 1133910
36 1 1133911
36 48 1133916
36 54 1133919
36 18 1133923
36 52 1133931
36 6 1133939
36 14 1133942
36 13 1133948
36 49 1133957
36 58 1133962
36 62 1133966
36 47 1133971
36 20 1133971
36 41 1133974
37 1 1133980
37 57 1133983
37 61 1133984
37 20 1133989
37 3 1133994
37 4 1133996
37 42 1133997
37 5 1134003
37 19 1134005
38 13 1134012
38 19 1134021
38 26 1134029
38 1 1134034
38 22 1134042
38 23 1134048
38 41 1134055
38 25 1134056
38 27 1134063
38 30 1134067
38 32 1134071
38 9 1134080
38 31 1134089
38 51 1134093
38 4 1134097
38 59 1134106
38 58 1134112
38 40 1134116
38 33 1134125
38 15 1134133
38 31 1134138
38 26 1134142
38 59 1134148
38 41 1134149
38 9 1134156
38 25 1134156
38 0 1134165
38 5 1134168
38 7 1134175
38 35 1134176
38 20 1134178
38 50 1134180
38 56 1134184
39 22 1134185
39 40 1134193
39 58 1134201
39 2 1134210
39 42 1134214
39 50 1134214
39 52 1134215
39 56 1134222
39 34 1134228
39 61 1134233
39 47 1134242
39 35 1134246
39 17 1134249
39 59 1134253
39 12 1134255
40 33 1134259
40 22 1134262
40 58 1134267
40 56 1134272
40 28 1134274
40 0 1134282
40 52 1134286
40 24 1134294
40 20 1134302
40 41 1134307
40 31 1134308
40 16 1134311
40 27 1134320
40 30 1134321
40 47 1134325
40 39 1134329
40 59 1134329
40 25 1134332
40 2 1134341
40 8 1134344
40 36 1134344
40 55 1134353
40 60 1134362
40 44 1134363
40 10 1134366
40 42 1134366
40 53 1134375
40 6 1134384
40 15 1134389
40 3 1134395
40 18 1134403
40 9 1134412
40 37 1134420
40 37 1134420
40 56 1134424
40 25 1134431
40 28 1134435
40 3 1134440
40 12 1134448
40 26 1134448
40 30 1134449
40 17 1134455
40 16 1134460
40 59 1134462
40 15 1134468
40 55 1134477
40 23 1134479
40 24 1134479
40 4 1134484
40 44 1134484
40 60 1134486
40 0 1134494
40 54 1134501
40 53 1134503
40 47 1134507
40 43 1134511
40 35 1134513
40 61 1134521
40 41 1134529
40 42 1134533
40 29 1134542
40 52 1134549
40 39 1134555
41 38 1134558
41 60 1134562
41 11 1134569
41 17 1134577
41 25 1134582
41 55 1134583
41 32 1134590
41 29 1134597
42 7 1134602
42 46 1134609
42 14 1134612
42 40 1134621
42 43 1134621
43 57 1134623
43 1 1134628
43 50 1134629
43 27 1134634
43 7 1134640
43 16 1134644
43 13 1134646
43 35 1134646
43 33 1134646
43 56 1134651
43 8 1134657
43 18 1134659
43 55 1134661
43 44 1134670
43 17 1134677
43 58 1134677
43 11 1134684
43 39 1134689
43 9 1134690
43 61 1134692
43 12 1134692
43 46 1134698
43 45 1134705
43 53 1134710
43 4 1134716
43 47 1134717
43 29 1134723
43 38 1134723
43 35 1134730
43 23 1134737
43 56 1134737
43 11 1134741
43 0 1134749
43 13 1134750
43 20 1134753
43 53 1134758
43 14 1134761
43 27 1134763
43 10 1134765
43 30 1134770
43 8 1134777
43 28 1134784
43 2 1134790
43 31 1134797
44 42 1134797
44 39 1134797
44 15 1134805
44 59 1134808
44 41 1134817
44 16 1134818
44 18 1134819
44 4 1134824
44 55 1134827
44 5 1134828
44 11 1134836
44 36 1134840
44 37 1134846
44 50 1134855
44 6 1134860
44 13 1134863
44 28 1134864
44 30 1134867
44 46 1134869
44 31 1134870
44 51 1134871
44 42 1134871
44 27 1134872
44 39 1134872
44 15 1134878
44 61 1134886
44 48 1134887
44 40 1134895
44 8 1134901
44 30 1134903
44 17 1134908
44 10 1134908
44 19 1134916
44 1 1134925
44 57 1134934
44 13 1134935
45 22 1134940
45 26 1134943
45 44 1134951
46 29 1134952
46 50 1134959
46 54 1134964
46 58 1134970
46 35 1134973
46 56 1134978
46 40 1134979
46 27 1134987
46 9 1134988
46 34 1134990
46 6 1134996
46 47 1135004
46 33 1135007
46 32 1135010
46 2 1135019
46 31 1135022
46 25 1135027
46 18 1135028
46 36 1135036
46 14 1135036
46 61 1135036
46 13 1135043
46 22 1135050
46 60 1135054
46 39 1135060
46 3 1135067
46 8 1135069
46 20 1135072
46 28 1135073
46 11 1135073
46 56 1135078
46 25 1135081
46 21 1135081
46 50 1135089
46 11 1135091
46 54 1135095
46 4 1135098
46 22 1135102
46 40 1135108
46 37 1135117
46 58 1135123
46 3 1135123
46 31 1135125
46 61 1135133
46 60 1135136
46 35 1135136
46 20 1135136
46 19 1135140
46 38 1135142
46 7 1135149
46 30 1135154
46 9 1135155
46 47 1135164
46 42 1135168
46 12 1135170
46 45 1135179
46 24 1135182
46 43 1135190
46 36 1135195
47 29 1135200
47 54 1135204
47 41 1135213
47 30 1135221
47 5 1135227
47 58 1135232
47 24 1135232
47 53 1135240
47 9 1135242
47 19 1135242
47 45 1135242
47 23 1135251
47 59 1135255
47 13 1135255
47 52 1135259
47 1 1135262
47 42 1135268
47 40 1135272
47 49 1135281
47 6 1135282
47 7 1135286
47 25 1135292
47 16 1135296
47 44 1135296
47 35 1135301
47 33 1135305
47 32 1135314
47 8 1135321
47 15 1135327
47 23 1135334
47 36 1135343
47 5 1135343
47 54 1135351
47 12 1135358
47 1 1135359
47 56 1135362
47 42 1135362
47 16 1135367
47 22 1135367
47 51 1135375
47 39 1135381
47 27 1135383
47 60 1135385
47 45 1135385
47 57 1135390
47 0 1135399
47 48 1135403
47 55 1135409
47 10 1135413
47 50 1135419
47 25 1135425
47 6 1135425
47 11 1135434
47 13 1135443
47 58 1135444
47 52 1135448
47 18 1135457
48 24 1135457
48 1 1135460
48 60 1135467
48 19 1135475
48 17 1135480
48 47 1135486
48 44 1135492
48 2 1135492
48 42 1135497
49 53 1135503
49 27 1135511
49 3 1135519
49 37 1135524
49 48 1135532
49 29 1135537
49 58 1135537
49 44 1135545
49 0 1135551
49 7 1135555
49 23 1135556
49 39 1135558
49 46 1135560
49 59 1135564
49 26 1135568
49 52 1135571
49 61 1135574
49 4 1135582
49 12 1135582
49 41 1135589
49 36 1135598
49 28 1135606
49 1 1135609
49 55 1135610
49 50 1135616
49 31 1135624
49 21 1135633
49 10 1135637
49 3 1135642
49 33 1135651
49 53 1135659
49 34 1135668
49 24 1135676
49 38 1135684
49 42 1135692
49 13 1135699
49 12 1135701
49 60 1135706
49 16 1135712
49 6 1135720
49 1 1135725
49 35 1135732
49 5 1135737
49 27 1135740
49 26 1135748
49 2 1135756
49 43 1135757
49 23 1135758
49 37 1135765
50 26 1135774
50 52 1135783
50 4 1135788
50 25 1135790
50 54 1135791
50 34 1135795
50 16 1135803
50 29 1135812
50 1 1135816
50 32 1135821
51 36 1135824
51 57 1135831
51 39 1135832
51 6 1135841
51 11 1135841
51 62 1135850
51 3 1135856
51 20 1135864
51 10 1135864
51 37 1135865
51 0 1135873
51 5 1135877
51 42 1135880
51 58 1135888
51 8 1135893
51 15 1135896
51 21 1135900
51 45 1135904
51 35 1135912
51 43 1135915
51 55 1135923
51 1 1135932
51 34 1135933
51 31 1135942
51 40 1135947
51 19 1135950
51 52 1135959
51 54 1135965
51 60 1135967
51 38 1135974
51 56 1135977
51 27 1135978
51 4 1135986
51 47 1135989
51 31 1135994
51 13 1136003
51 54 1136009
51 58 1136012
51 12 1136016
51 19 1136024
51 18 1136025
51 57 1136029
51 38 1136037
51 46 1136041
51 29 1136044
51 39 1136046
51 34 1136048
51 3 1136054
51 35 1136058
51 33 1136058
51 22 1136062
51 21 1136071
51 26 1136076
51 2 1136080
51 14 1136084
51 42 1136090
51 9 1136099
51 16 1136101
51 5 1136109
51 36 1136117
51 15 1136120
52 24 1136123
52 18 1136132
52 31 1136141
52 45 1136141
52 14 1136145
52 23 1136147
52 58 1136150
52 11 1136155
52 46 1136162
52 42 1136167
52 21 1136167
52 5 1136169
52 6 1136174
52 49 1136181
52 35 1136185
52 4 1136192
52 20 1136193
52 59 1136196
52 32 1136198
52 2 1136202
52 29 1136208
52 25 1136208
52 13 1136211
52 30 1136216
52 10 1136224
52 38 1136231
52 17 1136240
52 8 1136243
52 55 1136249
52 12 1136258
52 33 1136266
52 7 1136270
52 56 1136272
52 22 1136279
52 44 1136280
52 36 1136287
52 15 1136290
52 9 1136295
52 16 1136296
52 38 1136303
52 3 1136303
52 17 1136306
52 31 1136310
52 12 1136310
52 13 1136314
52 37 1136323
52 59 1136331
52 61 1136332
52 15 1136334
52 8 1136342
52 29 1136351
52 2 1136353
52 46 1136361
52 6 1136362
52 43 1136370
52 50 1136371
52 22 1136372
52 42 1136380
52 41 1136388
52 11 1136393
52 35 1136396
52 19 1136400
52 36 1136401
52 39 1136406
52 7 1136411
52 55 1136412
52 4 1136420
52 47 1136427
52 26 1136434
52 27 1136437
52 0 1136441
52 23 1136445
52 51 1136450
52 34 1136459
52 10 1136465
52 32 1136467
53 26 1136468
53 24 1136470
53 5 1136476
53 57 1136480
53 34 1136483
53 61 1136483
53 60 1136487
53 20 1136495
53 0 1136502
53 30 1136503
53 42 1136509
53 13 1136509
53 22 1136515
53 62 1136522
53 45 1136531
53 60 1136536
53 57 1136542
53 5 1136545
53 38 1136552
53 4 1136553
53 1 1136560
53 10 1136562
53 16 1136569
53 31 1136572
53 0 1136573
53 42 1136576
53 61 1136578
54 59 1136587
54 10 1136588
54 33 1136596
54 43 1136602
54 24 1136607
54 11 1136607
54 53 1136616
54 4 1136618
54 34 1136624
54 31 1136633
54 7 1136635
54 5 1136640
54 51 1136648
54 44 1136656
54 26 1136659
54 50 1136667
54 28 1136671
54 14 1136673
54 49 1136677
54 16 1136679
54 55 1136682
54 2 1136685
54 32 1136692
54 41 1136694
54 23 1136698
54 9 1136700
54 18 1136703
54 28 1136703
54 43 1136707
54 37 1136709
54 5 1136709
54 55 1136716
54 6 1136724
54 1 1136726
54 50 1136734
54 59 1136741
54 2 1136750
54 17 1136751
54 10 1136755
54 29 1136756
54 47 1136760
54 33 1136763
54 48 1136768
54 62 1136772
54 25 1136778
54 53 1136784
54 57 1136786
55 51 1136787
55 40 1136788
55 43 1136789
55 14 1136797
55 35 1136799
55 6 1136803
55 26 1136808
55 9 1136815
55 60 1136816
55 49 1136820
55 16 1136829
55 27 1136831
55 42 1136838
55 31 1136844
55 36 1136846
55 10 1136849
55 44 1136857
55 39 1136863
55 28 1136867
55 32 1136867
55 54 1136876
55 45 1136876
55 61 1136877
55 33 1136885
55 8 1136885
55 57 1136893
55 15 1136901
55 22 1136904
55 40 1136913
55 11 1136917
55 14 1136917
55 12 1136918
55 27 1136923
55 33 1136926
55 60 1136929
55 18 1136933
55 0 1136935
55 46 1136944
55 2 1136949
55 39 1136956
55 31 1136958
55 53 1136966
55 26 1136973
55 19 1136976
55 28 1136978
55 20 1136986
55 24 1136995
55 21 1137000
55 7 1137007
55 30 1137008
55 23 1137012
55 52 1137018
56 51 1137021
56 1 1137024
56 48 1137033
56 54 1137038
56 60 1137046
56 36 1137051
56 3 1137054
56 15 1137056
56 16 1137060
56 6 1137063
56 24 1137070
56 45 1137077
56 25 1137081
56 32 1137081
56 9 1137087
56 11 1137087
56 46 1137096
56 47 1137097
56 22 1137101
56 29 1137110
56 5 1137118
56 23 1137120
56 59 1137120
56 2 1137121
56 58 1137127
56 28 1137128
56 41 1137131
56 34 1137135
56 59 1137142
56 49 1137142
56 24 1137144
56 54 1137150
56 16 1137151
56 43 1137160
56 4 1137168
56 18 1137172
56 9 1137179
56 15 1137184
56 39 1137193
56 33 1137195
56 60 1137196
56 30 1137203
56 10 1137208
56 21 1137209
56 52 1137211
56 50 1137218
56 41 1137220
56 28 1137227
56 46 1137228
56 13 1137230
56 38 1137234
56 23 1137243
56 47 1137246
56 61 1137247
56 53 1137251
56 11 1137256
56 0 1137258
58 29 1137261
58 0 1137270
58 12 1137277
58 22 1137277
58 11 1137281
58 62 1137290
58 7 1137299
58 46 1137304
58 27 1137308
58 31 1137317
58 50 1137317
58 32 1137322
58 30 1137323
58 61 1137327
58 25 1137331
58 43 1137338
58 45 1137344
58 9 1137349
58 51 1137355
58 49 1137359
58 47 1137364
58 6 1137373
58 5 1137379
58 52 1137382
58 15 1137391
58 3 1137394
58 53 1137402
58 18 1137403
58 21 1137408
58 34 1137414
58 39 1137414
58 24 1137415
58 10 1137415
58 48 1137421
58 1 1137421
58 13 1137425
58 16 1137432
58 33 1137432
58 19 1137434
58 57 1137439
58 2 1137441
58 39 1137445
58 43 1137446
58 11 1137450
58 25 1137453
58 31 1137456
58 23 1137461
58 54 1137463
58 44 1137470
58 12 1137475
58 56 1137483
58 5 1137484
58 61 1137484
58 10 1137484
58 35 1137490
58 29 1137494
58 38 1137502
58 4 1137509
58 3 1137513
58 60 1137516
58 37 1137516
58 62 1137525
58 28 1137534
58 33 1137536
58 30 1137544
58 55 1137553
58 21 1137558
58 51 1137565
58 49 1137574
58 6 1137578
58 13 1137580
58 57 1137584
58 36 1137592
58 32 1137592
58 52 1137593
58 47 1137602
59 39 1137604
59 14 1137606
59 8 1137611
59 5 1137612
59 54 1137612
59 12 1137617
59 16 1137624
59 43 1137632
59 47 1137633
59 18 1137634
59 38 1137635
59 7 1137644
59 3 1137649
59 62 1137655
59 28 1137660
59 31 1137669
59 55 1137675
59 0 1137682
59 45 1137689
59 50 1137693
59 40 1137696
59 15 1137699
59 56 1137703
59 2 1137708
59 34 1137708
59 57 1137716
59 17 1137723
59 19 1137729
59 52 1137731
59 54 1137734
59 11 1137743
59 6 1137750
59 26 1137750
59 39 1137754
59 62 1137763
59 41 1137767
59 42 1137771
59 49 1137771
59 2 1137779
59 47 1137787
59 14 1137790
59 4 1137796
59 60 1137797
59 30 1137798
59 33 1137805
59 10 1137810
59 43 1137817
59 8 1137823
59 7 1137828
59 25 1137828
59 55 1137832
59 32 1137838
59 16 1137842
59 18 1137848
60 47 1137857
60 53 1137858
60 35 1137860
60 37 1137869
60 3 1137875
60 58 1137879
60 52 1137881
60 1 1137890
60 9 1137897
60 62 1137906
60 8 1137912
60 40 1137914
60 41 1137916
60 20 1137917
60 45 1137919
60 33 1137927
60 55 1137931
60 27 1137934
60 4 1137943
60 43 1137952
60 18 1137958
60 17 1137964
60 10 1137967
60 24 1137974
60 0 1137974
60 19 1137975
60 22 1137975
60 36 1137980
60 51 1137983
60 58 1137989
60 52 1137992
60 56 1137999
60 25 1138001
60 29 1138008
60 30 1138008
60 59 1138016
60 0 1138017
60 42 1138019
60 7 1138020
60 6 1138022
60 2 1138022
60 1 1138028
60 32 1138036
60 12 1138039
60 49 1138045
60 31 1138051
60 18 1138060
60 40 1138068
60 39 1138068
60 61 1138071
60 45 1138074
60 50 1138081
60 44 1138089
60 11 1138098
60 41 1138101
61 60 1138108
61 18 1138111
61 27 1138112
61 5 1138118
61 15 1138127
61 51 1138129
61 52 1138132
61 46 1138140
61 0 1138145
61 43 1138147
61 47 1138155
61 31 1138155
61 2 1138163
62 4 1138171
62 51 1138175
62 17 1138183
62 33 1138191
62 57 1138194
62 25 1138200
