64
true
0 63 1174037
0 34 1174041
0 30 1174048
0 52 1174055
0 24 1174058
0 10 1174063
0 33 1174071
0 12 1174072
0 23 1174076
0 47 1174081
0 49 1174089
0 7 1174089
0 16 1174095
0 27 1174095
0 32 1174103
0 60 1174109
0 62 1174111
0 22 1174119
0 36 1174121
0 21 1174122
0 34 1174124
0 59 1174124
0 4 1174128
0 5 1174129
0 25 1174138
0 41 1174145
0 48 1174146
0 55 1174152
0 9 1174152
0 6 1174152
0 22 1174156
0 2 1174156
0 26 1174162
0 20 1174170
0 43 1174176
0 18 1174179
0 51 1174183
0 17 1174187
0 53 1174187
1 2 1174192
1 32 1174201
1 11 1174204
1 17 1174213
1 19 1174218
1 28 1174225
1 63 1174231
1 16 1174236
1 40 1174240
1 43 1174247
1 29 1174256
1 33 1174264
1 45 1174264
1 46 1174268
1 57 1174271
1 37 1174279
1 5 1174287
1 15 1174290
1 53 1174296
1 56 1174301
1 50 1174307
1 8 1174308
1 10 1174312
1 24 1174314
1 9 1174319
1 26 1174319
1 49 1174321
1 36 1174329
1 51 1174331
1 31 1174333
1 23 1174337
1 38 1174344
1 60 1174349
1 6 1174351
1 52 1174356
1 43 1174358
1 34 1174362
1 10 1174368
1 9 1174368
1 30 1174369
1 17 1174375
1 54 1174382
1 28 1174386
1 41 1174391
1 38 1174393
1 33 1174397
1 48 1174404
1 12 1174410
1 50 1174414
1 60 1174421
1 11 1174429
1 8 1174434
1 47 1174434
1 27 1174435
1 53 1174442
1 39 1174442
1 56 1174450
1 46 1174450
1 2 1174451
1 49 1174456
1 26 1174460
1 29 1174464
1 52 1174472
1 35 1174473
1 23 1174475
1 0 1174479
1 31 1174480
1 5 1174482
1 20 1174482
1 19 1174484
1 16 1174493
2 42 1174498
2 3 1174507
2 14 1174510
2 1 1174517
2 25 1174525
2 6 1174525
2 59 1174527
2 37 1174529
2 9 1174529
2 57 1174532
2 39 1174534
2 63 1174535
2 34 1174541
2 12 1174544
2 13 1174552
2 11 1174553
2 26 1174562
2 27 1174568
2 51 1174569
2 32 1174569
2 52 1174570
2 29 1174572
2 22 1174577
2 40 1174585
2 53 1174591
2 55 1174592
2 48 1174598
2 61 1174604
2 8 1174612
2 17 1174612
2 58 1174618
2 60 1174622
2 43 1174629
2 6 1174637
2 17 1174644
2 3 1174653
2 4 1174660
2 5 1174666
2 46 1174666
2 16 1174675
2 1 1174679
2 37 1174684
2 62 1174687
2 34 1174691
2 51 1174692
2 40 1174700
2 31 1174703
2 28 1174712
2 49 1174719
2 53 1174728
2 41 1174736
2 21 1174740
2 38 1174743
2 35 1174749
2 15 1174749
2 26 1174752
2 13 1174757
2 19 1174762
2 56 1174771
2 58 1174780
3 14 1174788
3 54 1174793
4 25 1174800
4 1 1174801
4 3 1174801
4 30 1174808
4 41 1174817
4 14 1174824
4 31 1174831
5 4 1174839
5 12 1174845
5 35 1174849
5 63 1174852
5 25 1174853
5 59 1174854
5 62 1174857
5 19 1174858
5 32 1174864
5 18 1174865
5 55 1174870
5 30 1174870
5 61 1174877
5 51 1174886
5 32 1174893
5 10 1174896
5 35 1174898
5 36 1174904
5 59 1174904
5 48 1174906
5 29 1174906
5 30 1174914
5 26 1174921
5 41 1174930
5 14 1174937
5 42 1174945
5 44 1174950
5 60 1174959
6 28 1174968
6 51 1174975
6 2 1174982
6 37 1174990
6 16 1174997
6 61 1175001
6 8 1175003
6 55 1175011
6 26 1175014
6 42 1175020
6 18 1175022
6 27 1175030
6 7 1175033
6 14 1175040
6 48 1175044
6 35 1175047
6 56 1175048
6 10 1175048
6 40 1175053
6 34 1175059
6 3 1175061
6 0 1175069
6 43 1175073
6 22 1175074
6 36 1175083
6 1 1175085
6 57 1175091
6 5 1175097
6 47 1175099
6 46 1175100
6 44 1175100
6 29 1175102
6 63 1175102
6 3 1175104
6 5 1175109
6 29 1175111
6 27 1175120
6 17 1175129
6 37 1175135
6 53 1175143
6 58 1175147
6 20 1175153
6 36 1175161
6 18 1175170
6 49 1175172
6 35 1175177
6 9 1175182
6 10 1175190
6 61 1175190
6 45 1175198
6 0 1175204
6 14 1175204
6 7 1175213
6 63 1175220
6 15 1175221
6 33 1175224
6 4 1175226
6 23 1175233
6 44 1175234
6 24 1175237
6 39 1175246
6 12 1175255
6 56 1175256
6 34 1175260
7 31 1175263
7 46 1175272
7 8 1175277
7 56 1175278
7 5 1175287
7 0 1175288
7 54 1175293
7 59 1175300
7 39 1175305
7 12 1175314
7 50 1175315
7 62 1175315
7 58 1175324
7 52 1175328
7 27 1175335
7 60 1175343
7 17 1175348
7 28 1175356
7 11 1175365
7 24 1175373
7 23 1175382
7 33 1175386
7 34 1175388
7 14 1175393
7 47 1175401
7 57 1175402
7 51 1175403
7 1 1175405
7 18 1175409
7 53 1175414
7 3 1175419
7 42 1175422
7 21 1175424
7 6 1175424
7 25 1175427
7 22 1175433
7 60 1175436
7 31 1175442
7 46 1175450
7 9 1175452
7 40 1175459
7 10 1175466
7 34 1175473
7 19 1175475
7 20 1175481
7 41 1175481
7 16 1175490
7 57 1175491
7 32 1175492
7 35 1175494
7 43 1175503
7 29 1175507
7 11 1175509
7 49 1175509
7 8 1175518
7 24 1175523
7 62 1175532
7 18 1175539
7 53 1175544
7 5 1175550
7 51 1175556
7 13 1175561
7 56 1175565
7 2 1175565
7 30 1175567
7 0 1175571
7 3 1175577
7 58 1175581
7 12 1175587
8 7 1175587
8 6 1175596
9 4 1175597
9 7 1175606
9 12 1175608
9 10 1175610
9 15 1175616
9 1 1175623
9 47 1175630
9 21 1175630
9 32 1175639
9 29 1175643
9 11 1175643
9 24 1175647
9 13 1175649
9 18 1175654
9 6 1175661
9 41 1175665
9 51 1175674
9 63 1175678
9 5 1175680
9 26 1175684
9 39 1175690
9 37 1175697
9 56 1175699
9 52 1175707
9 2 1175708
9 48 1175713
9 50 1175716
9 44 1175718
9 40 1175725
9 49 1175727
9 16 1175729
9 8 1175733
9 54 1175740
9 42 1175745
9 22 1175751
9 43 1175757
9 31 1175761
9 23 1175766
9 54 1175771
9 7 1175773
9 57 1175774
9 56 1175774
9 33 1175778
9 20 1175787
9 8 1175791
9 58 1175794
9 36 1175802
9 11 1175806
9 34 1175813
9 55 1175821
9 39 1175824
9 59 1175833
9 3 1175837
9 48 1175845
9 53 1175852
9 62 1175857
9 52 1175860
9 16 1175865
9 29 1175871
9 24 1175871
9 32 1175879
9 12 1175884
9 50 1175885
9 37 1175887
9 17 1175887
9 26 1175890
9 43 1175895
9 51 1175896
9 19 1175900
9 40 1175901
10 9 1175910
10 44 1175914
10 24 1175918
10 14 1175923
10 50 1175925
10 0 1175930
10 39 1175938
10 13 1175945
10 36 1175954
10 37 1175962
10 18 1175962
10 17 1175965
10 15 1175972
10 22 1175979
10 1 1175986
10 49 1175992
10 35 1175999
10 38 1176004
10 20 1176004
10 52 1176013
10 27 1176022
10 33 1176029
10 33 1176037
10 2 1176044
10 26 1176046
10 16 1176051
10 14 1176059
10 61 1176064
10 60 1176066
10 57 1176075
10 39 1176077
10 7 1176084
10 36 1176093
10 38 1176101
10 48 1176107
10 51 1176107
10 27 1176109
10 15 1176112
10 18 1176119
10 17 1176124
10 31 1176129
10 22 1176134
10 45 1176137
11 43 1176145
11 15 1176153
11 4 1176160
11 13 1176166
11 62 1176168
11 44 1176177
11 59 1176179
11 33 1176185
11 31 1176185
11 42 1176190
11 17 1176199
11 36 1176201
11 9 1176206
11 55 1176207
11 60 1176213
11 52 1176219
11 50 1176226
11 28 1176228
11 58 1176234
11 49 1176240
11 63 1176242
11 0 1176248
11 22 1176257
11 37 1176264
11 39 1176273
11 26 1176273
11 5 1176281
11 53 1176284
11 52 1176289
11 28 1176290
11 1 1176292
11 25 1176299
11 63 1176304
11 33 1176305
11 13 1176310
11 35 1176316
11 40 1176325
11 3 1176334
11 15 1176334
11 32 1176341
12 59 1176343
12 46 1176350
12 7 1176359
12 20 1176362
12 45 1176367
12 40 1176369
12 2 1176372
12 3 1176381
12 29 1176387
12 56 1176392
12 41 1176395
12 50 1176399
12 52 1176405
12 16 1176412
12 27 1176421
12 9 1176429
12 36 1176431
12 53 1176436
12 35 1176444
12 19 1176453
12 28 1176461
12 18 1176466
12 44 1176473
12 23 1176478
12 61 1176482
12 13 1176491
12 9 1176492
12 52 1176492
12 17 1176495
12 45 1176499
12 35 1176503
12 33 1176508
12 53 1176514
12 57 1176521
12 27 1176530
12 56 1176534
12 22 1176542
12 25 1176544
12 10 1176549
12 36 1176558
12 49 1176566
12 24 1176566
12 5 1176572
12 39 1176580
12 32 1176581
12 15 1176585
12 59 1176587
13 24 1176588
13 63 1176597
13 59 1176600
13 60 1176600
13 7 1176609
13 8 1176612
13 44 1176619
13 36 1176627
13 22 1176634
13 62 1176642
13 15 1176642
13 46 1176650
13 37 1176659
13 25 1176663
13 1 1176665
13 51 1176672
13 49 1176675
13 40 1176681
13 54 1176690
13 56 1176698
13 61 1176700
13 58 1176702
13 12 1176708
13 32 1176711
13 5 1176713
13 18 1176722
13 28 1176730
13 2 1176736
13 35 1176745
13 41 1176748
13 31 1176750
13 53 1176756
13 48 1176764
13 34 1176771
13 10 1176775
13 44 1176783
13 26 1176791
13 46 1176798
13 49 1176803
13 48 1176809
13 22 1176812
13 8 1176815
13 24 1176824
13 43 1176828
13 55 1176829
13 17 1176833
13 56 1176841
13 21 1176845
13 59 1176852
13 58 1176855
13 33 1176859
13 25 1176866
13 31 1176874
13 29 1176874
13 6 1176883
13 50 1176890
13 62 1176892
13 35 1176893
13 18 1176902
13 42 1176905
13 54 1176907
13 30 1176915
13 45 1176916
13 40 1176919
13 16 1176924
13 53 1176926
13 20 1176926
13 39 1176933
13 37 1176942
14 62 1176950
14 54 1176952
14 53 1176956
14 30 1176961
14 7 1176967
14 20 1176969
14 52 1176978
14 51 1176981
14 25 1176989
14 47 1176989
14 60 1176996
14 36 1177000
14 5 1177000
14 11 1177003
14 49 1177006
14 28 1177014
14 41 1177023
14 24 1177029
14 59 1177030
14 2 1177037
14 56 1177046
14 34 1177051
14 10 1177051
14 44 1177053
14 3 1177061
14 48 1177065
14 40 1177073
14 13 1177079
14 23 1177079
14 19 1177082
14 21 1177083
14 50 1177089
14 9 1177096
14 38 1177104
14 17 1177112
14 61 1177112
14 39 1177115
14 42 1177124
14 37 1177132
14 1 1177139
14 58 1177139
14 26 1177148
14 43 1177157
14 46 1177165
14 59 1177172
14 58 1177174
14 5 1177182
14 10 1177190
14 33 1177198
14 35 1177199
14 2 1177205
14 4 1177212
14 54 1177218
14 49 1177220
14 48 1177222
14 22 1177228
14 25 1177229
14 46 1177229
14 29 1177238
14 41 1177238
14 51 1177242
14 55 1177250
14 0 1177255
14 1 1177263
14 32 1177269
14 28 1177274
14 21 1177274
14 19 1177283
14 3 1177286
14 8 1177286
14 45 1177288
14 15 1177293
14 61 1177294
14 7 1177303
14 36 1177306
14 16 1177315
14 12 1177316
14 50 1177325
14 56 1177330
15 44 1177337
15 18 1177346
15 2 1177349
15 47 1177351
15 61 1177358
15 52 1177367
15 62 1177376
15 14 1177376
15 23 1177378
15 9 1177380
15 60 1177383
15 35 1177386
15 53 1177395
15 37 1177397
15 3 1177405
15 49 1177409
15 46 1177412
15 11 1177417
15 7 1177418
15 56 1177426
15 24 1177435
15 22 1177436
15 16 1177443
15 25 1177444
15 31 1177447
15 16 1177450
15 62 1177458
15 50 1177461
15 26 1177470
15 51 1177471
15 17 1177473
15 60 1177477
15 6 1177480
15 21 1177486
15 36 1177490
15 52 1177493
15 22 1177494
15 20 1177496
15 40 1177504
15 14 1177506
15 5 1177512
15 44 1177517
15 13 1177526
15 27 1177528
15 56 1177532
15 11 1177535
15 31 1177539
15 59 1177541
15 25 1177547
15 30 1177549
15 34 1177550
15 47 1177557
15 24 1177563
15 61 1177570
15 2 1177575
16 57 1177584
16 4 1177592
16 1 1177594
16 12 1177601
16 32 1177604
16 44 1177612
16 27 1177621
16 24 1177628
16 17 1177630
16 56 1177638
16 41 1177643
16 8 1177650
16 18 1177658
16 39 1177667
16 3 1177671
16 19 1177671
16 15 1177676
16 54 1177679
16 31 1177688
16 35 1177696
16 51 1177697
16 53 1177702
16 30 1177702
16 5 1177710
16 62 1177718
16 50 1177720
16 11 1177727
16 20 1177730
16 49 1177735
16 60 1177736
16 36 1177745
16 6 1177745
16 0 1177754
16 9 1177760
16 2 1177767
16 7 1177772
16 63 1177775
16 26 1177780
16 58 1177781
16 38 1177785
16 23 1177794
16 22 1177803
16 40 1177812
16 4 1177813
16 39 1177822
16 54 1177831
16 21 1177835
16 22 1177836
16 63 1177839
16 59 1177846
16 30 1177846
16 28 1177852
16 9 1177858
16 38 1177864
16 31 1177864
16 24 1177867
16 27 1177876
16 46 1177880
16 42 1177885
16 26 1177886
16 34 1177891
16 57 1177894
16 6 1177903
16 11 1177909
16 56 1177918
16 1 1177920
16 32 1177922
16 15 1177931
16 61 1177934
16 2 1177934
16 41 1177940
16 37 1177947
16 20 1177955
16 58 1177960
16 7 1177967
16 14 1177970
16 47 1177977
16 53 1177982
17 2 1177991
17 19 1177995
17 11 1178000
17 41 1178000
17 20 1178005
17 52 1178006
17 47 1178014
17 21 1178018
17 62 1178018
17 6 1178023
17 48 1178024
17 31 1178025
17 18 1178032
17 36 1178034
17 13 1178040
17 26 1178043
17 25 1178044
17 27 1178047
17 2 1178048
17 28 1178051
17 19 1178052
17 48 1178059
17 54 1178061
17 4 1178068
17 13 1178071
17 30 1178075
17 20 1178084
17 44 1178084
17 52 1178087
18 14 1178091
18 12 1178096
18 59 1178105
18 24 1178113
18 46 1178118
18 28 1178127
18 29 1178131
18 60 1178138
18 52 1178139
18 4 1178143
18 58 1178147
18 21 1178154
18 40 1178155
18 53 1178157
18 39 1178160
18 30 1178169
18 63 1178170
18 15 1178175
18 6 1178178
18 32 1178186
18 61 1178187
18 57 1178195
18 41 1178203
18 35 1178208
18 34 1178208
18 50 1178217
18 5 1178219
18 43 1178224
18 9 1178230
18 27 1178231
18 17 1178231
18 11 1178237
18 16 1178237
18 7 1178242
18 37 1178247
18 47 1178256
18 33 1178264
18 9 1178273
18 2 1178279
18 24 1178283
18 61 1178286
18 57 1178294
18 44 1178295
18 59 1178301
18 21 1178302
18 14 1178309
18 12 1178315
18 63 1178321
18 36 1178322
18 43 1178331
18 30 1178336
18 8 1178342
18 23 1178346
18 0 1178346
18 58 1178349
18 47 1178357
18 27 1178359
18 3 1178360
18 11 1178365
18 35 1178372
18 49 1178377
18 39 1178383
18 28 1178383
18 13 1178384
18 53 1178391
18 37 1178398
18 46 1178402
18 25 1178409
18 34 1178418
19 45 1178425
19 42 1178429
19 17 1178430
19 7 1178430
19 26 1178430
19 39 1178435
19 1 1178435
19 4 1178443
19 56 1178448
19 47 1178448
19 46 1178456
19 28 1178465
19 27 1178472
19 50 1178476
19 36 1178483
19 29 1178489
19 48 1178489
19 61 1178498
19 37 1178503
19 12 1178505
19 9 1178512
19 23 1178518
19 15 1178526
19 49 1178527
19 57 1178529
19 44 1178535
19 8 1178536
19 2 1178538
19 6 1178542
19 25 1178550
19 13 1178556
19 22 1178565
19 30 1178572
19 0 1178577
19 62 1178585
19 53 1178587
19 63 1178590
19 40 1178596
19 38 1178603
19 14 1178605
19 24 1178605
19 40 1178608
19 21 1178617
19 63 1178620
19 4 1178623
19 60 1178627
19 12 1178630
19 45 1178631
19 30 1178632
19 8 1178634
19 54 1178643
19 3 1178646
19 25 1178648
19 20 1178649
19 34 1178652
19 57 1178659
19 61 1178663
19 28 1178669
19 27 1178673
19 39 1178682
19 44 1178688
19 51 1178695
19 56 1178702
19 23 1178711
19 49 1178717
19 10 1178718
19 9 1178718
19 26 1178721
19 17 1178723
19 1 1178730
19 18 1178737
19 2 1178739
19 42 1178741
19 35 1178745
19 15 1178754
19 31 1178762
19 29 1178770
19 22 1178777
19 0 1178786
19 46 1178791
21 52 1178792
21 49 1178798
21 35 1178801
21 61 1178807
21 11 1178810
21 26 1178815
21 12 1178821
21 47 1178827
21 32 1178827
21 20 1178832
21 43 1178838
21 57 1178843
21 2 1178845
21 17 1178853
21 8 1178854
21 51 1178858
21 10 1178862
21 36 1178868
21 33 1178870
21 23 1178877
21 14 1178879
21 6 1178880
21 39 1178882
21 37 1178882
21 31 1178888
21 3 1178894
21 42 1178902
21 19 1178908
21 40 1178910
21 9 1178913
21 18 1178916
21 41 1178916
21 13 1178925
21 5 1178926
21 4 1178934
21 24 1178942
21 26 1178943
21 23 1178945
21 46 1178950
21 34 1178957
21 39 1178958
21 2 1178961
21 17 1178970
21 63 1178976
21 48 1178978
21 50 1178987
21 7 1178992
21 52 1179000
21 30 1179007
21 5 1179008
21 15 1179017
21 57 1179017
21 43 1179020
21 44 1179028
21 58 1179033
21 60 1179041
21 38 1179050
21 11 1179053
21 20 1179061
21 59 1179063
21 16 1179069
21 37 1179076
21 4 1179077
21 55 1179077
21 10 1179079
21 54 1179087
21 14 1179090
21 9 1179095
21 29 1179095
22 31 1179102
22 6 1179102
22 12 1179106
22 26 1179113
22 62 1179116
22 23 1179116
22 18 1179119
22 15 1179128
22 46 1179135
22 20 1179143
22 63 1179151
22 36 1179155
22 40 1179156
22 45 1179156
22 27 1179159
22 55 1179163
22 43 1179170
22 0 1179172
22 44 1179178
22 37 1179180
22 53 1179186
22 50 1179191
22 4 1179197
22 14 1179203
22 54 1179208
22 29 1179212
22 48 1179221
22 11 1179223
22 34 1179232
22 17 1179237
22 52 1179237
22 5 1179246
22 9 1179253
22 25 1179260
22 38 1179264
22 21 1179265
22 28 1179268
22 26 1179274
22 56 1179280
22 25 1179289
22 10 1179294
22 8 1179303
22 43 1179305
22 4 1179314
22 54 1179323
22 11 1179324
22 47 1179330
22 62 1179335
22 46 1179342
22 3 1179343
22 39 1179349
22 15 1179352
22 16 1179355
22 19 1179358
22 40 1179360
22 32 1179369
22 24 1179372
22 33 1179375
22 2 1179376
22 30 1179379
22 55 1179388
22 37 1179396
22 42 1179400
22 17 1179403
22 1 1179406
22 9 1179411
22 49 1179420
22 7 1179422
22 61 1179429
22 44 1179430
23 11 1179438
23 44 1179443
23 19 1179451
23 6 1179459
23 3 1179462
23 37 1179466
23 17 1179474
23 35 1179476
23 43 1179481
23 58 1179488
23 1 1179488
23 7 1179491
23 53 1179493
23 0 1179494
23 61 1179503
23 10 1179510
23 59 1179514
23 48 1179517
23 20 1179523
23 16 1179529
23 25 1179532
23 29 1179540
23 31 1179542
23 2 1179547
23 28 1179551
23 36 1179557
23 33 1179564
23 21 1179568
23 13 1179575
23 63 1179575
23 54 1179578
23 4 1179587
23 30 1179591
23 24 1179591
23 60 1179593
23 26 1179595
23 46 1179602
23 18 1179607
23 52 1179610
23 56 1179612
23 32 1179615
23 45 1179615
23 38 1179619
23 62 1179619
23 31 1179619
23 54 1179624
23 47 1179631
23 24 1179638
23 63 1179646
23 55 1179654
23 52 1179656
23 6 1179657
23 9 1179658
23 0 1179659
23 58 1179661
23 57 1179664
23 61 1179667
23 59 1179672
23 18 1179677
23 1 1179681
23 42 1179687
23 2 1179693
23 22 1179697
23 12 1179697
23 17 1179697
23 37 1179705
23 10 1179707
23 26 1179713
23 53 1179716
23 19 1179716
23 60 1179725
23 56 1179734
23 3 1179742
23 5 1179747
23 11 1179752
23 27 1179757
23 21 1179763
23 48 1179772
23 16 1179780
23 20 1179781
23 49 1179785
23 44 1179788
24 40 1179797
24 17 1179800
24 6 1179801
25 29 1179809
25 0 1179812
25 2 1179819
25 36 1179820
25 30 1179824
25 55 1179830
25 39 1179838
25 13 1179846
25 22 1179855
25 18 1179861
25 51 1179867
25 60 1179868
25 38 1179877
25 7 1179877
25 3 1179877
25 32 1179877
25 52 1179880
25 24 1179884
25 63 1179884
25 41 1179891
25 42 1179900
25 23 1179907
25 27 1179913
25 26 1179915
25 34 1179923
25 47 1179930
25 20 1179934
25 28 1179941
25 37 1179946
25 9 1179948
25 56 1179948
25 37 1179955
25 59 1179955
25 12 1179956
25 26 1179961
25 48 1179969
25 60 1179975
25 11 1179984
25 18 1179990
25 35 1179999
25 33 1180008
25 61 1180012
25 20 1180020
25 23 1180021
25 53 1180023
25 29 1180025
25 2 1180026
25 13 1180030
25 36 1180035
25 7 1180042
25 3 1180045
25 24 1180053
25 63 1180060
25 32 1180068
25 6 1180073
25 38 1180080
25 28 1180084
25 57 1180090
25 43 1180090
25 10 1180096
26 28 1180097
26 29 1180104
26 33 1180111
26 59 1180112
26 14 1180115
27 50 1180122
27 37 1180125
27 54 1180131
27 18 1180139
27 31 1180148
27 49 1180152
27 4 1180153
27 44 1180157
27 43 1180158
27 9 1180163
27 39 1180166
27 0 1180168
27 30 1180175
27 10 1180182
27 60 1180189
27 16 1180193
27 61 1180199
27 40 1180206
27 42 1180215
27 3 1180219
27 5 1180221
27 57 1180224
27 21 1180232
27 19 1180241
27 17 1180245
27 24 1180245
27 47 1180248
27 25 1180253
27 59 1180255
27 35 1180255
27 52 1180256
27 7 1180264
27 1 1180266
27 15 1180273
27 38 1180279
27 29 1180288
27 6 1180296
27 32 1180299
27 55 1180304
27 10 1180312
27 31 1180319
27 22 1180321
27 47 1180330
27 18 1180335
27 30 1180339
27 60 1180344
27 0 1180344
27 20 1180351
27 54 1180359
27 3 1180363
27 43 1180369
27 13 1180378
27 5 1180379
27 53 1180381
27 24 1180383
27 7 1180386
27 48 1180392
27 38 1180394
27 32 1180394
27 26 1180401
27 29 1180404
27 6 1180406
27 58 1180407
27 21 1180411
27 17 1180414
27 62 1180422
27 61 1180424
27 37 1180431
27 42 1180437
27 11 1180443
27 34 1180450
27 9 1180451
27 39 1180460
27 46 1180464
27 63 1180473
27 35 1180477
27 41 1180485
28 35 1180488
28 11 1180495
28 59 1180497
28 24 1180497
28 8 1180501
29 17 1180507
29 10 1180509
29 20 1180511
29 24 1180513
29 55 1180522
29 15 1180527
29 7 1180530
29 0 1180531
29 16 1180536
29 37 1180536
29 12 1180540
29 31 1180546
29 59 1180548
29 18 1180557
29 45 1180564
29 63 1180570
29 11 1180579
29 22 1180588
29 46 1180596
29 30 1180597
29 53 1180598
29 2 1180599
29 42 1180603
29 25 1180608
29 14 1180615
29 41 1180620
29 32 1180629
29 50 1180630
29 60 1180639
29 22 1180643
29 12 1180652
29 0 1180658
29 16 1180665
29 17 1180669
29 5 1180673
29 18 1180675
29 19 1180675
29 4 1180676
29 48 1180681
29 35 1180683
29 9 1180687
29 58 1180688
29 44 1180693
29 42 1180700
29 24 1180702
29 36 1180706
29 33 1180707
29 14 1180707
29 59 1180716
29 55 1180716
29 39 1180723
29 47 1180723
29 56 1180730
29 32 1180736
30 10 1180736
30 34 1180741
30 47 1180747
30 14 1180749
30 8 1180757
30 53 1180761
30 59 1180762
30 42 1180766
30 16 1180766
30 22 1180768
30 43 1180769
30 36 1180769
30 62 1180769
30 4 1180771
30 49 1180775
30 1 1180776
30 48 1180778
30 60 1180784
30 51 1180792
30 15 1180796
30 29 1180805
30 2 1180808
30 24 1180813
30 33 1180814
30 3 1180819
30 11 1180824
30 12 1180832
30 13 1180833
30 32 1180834
30 55 1180834
30 63 1180843
30 52 1180851
30 17 1180851
30 45 1180854
30 61 1180859
30 36 1180863
30 34 1180865
30 35 1180874
30 41 1180878
30 33 1180881
30 42 1180888
30 2 1180894
30 49 1180897
30 4 1180904
30 52 1180906
30 60 1180912
30 10 1180913
30 58 1180917
30 1 1180922
30 16 1180926
30 46 1180929
30 6 1180933
30 40 1180936
30 0 1180937
30 37 1180942
30 26 1180945
30 13 1180951
30 9 1180956
30 5 1180957
30 15 1180962
30 22 1180962
30 50 1180970
30 32 1180973
30 54 1180982
31 27 1180986
31 18 1180994
31 43 1180996
31 39 1180996
31 1 1181003
31 44 1181009
31 48 1181012
31 23 1181013
31 29 1181018
31 59 1181023
31 10 1181025
31 15 1181029
31 34 1181030
31 56 1181037
31 53 1181044
31 51 1181053
31 22 1181061
31 37 1181066
31 26 1181074
31 62 1181080
31 12 1181081
31 24 1181088
31 17 1181096
31 32 1181100
31 16 1181102
31 8 1181106
31 60 1181109
31 61 1181118
31 2 1181126
31 6 1181132
31 63 1181139
31 30 1181139
31 41 1181140
31 51 1181145
31 32 1181152
31 20 1181157
31 9 1181163
31 62 1181165
31 29 1181170
31 27 1181172
31 19 1181181
31 46 1181189
31 14 1181192
31 1 1181192
31 16 1181200
31 6 1181204
31 35 1181205
31 22 1181211
31 4 1181216
31 37 1181222
31 5 1181225
31 44 1181229
31 28 1181231
31 61 1181236
31 47 1181239
31 56 1181244
31 8 1181249
31 55 1181251
31 49 1181259
31 45 1181267
31 42 1181275
31 39 1181280
31 11 1181289
31 59 1181298
31 57 1181302
31 60 1181310
31 40 1181314
31 48 1181323
31 26 1181324
32 8 1181333
32 29 1181333
32 39 1181342
32 54 1181345
32 11 1181348
32 20 1181352
32 49 1181353
32 61 1181362
32 46 1181371
32 48 1181373
32 63 1181376
32 6 1181380
32 50 1181385
32 10 1181391
32 31 1181400
32 24 1181403
32 52 1181405
32 40 1181406
32 59 1181407
32 15 1181412
32 57 1181420
32 19 1181421
32 18 1181426
32 17 1181428
32 9 1181437
32 0 1181443
32 33 1181443
32 60 1181443
32 34 1181452
32 12 1181454
32 11 1181456
32 44 1181464
32 14 1181471
32 60 1181478
32 54 1181480
32 30 1181488
32 20 1181489
32 43 1181497
32 9 1181501
32 63 1181510
32 50 1181517
32 33 1181522
32 62 1181527
32 23 1181532
32 8 1181532
32 52 1181540
32 26 1181545
32 59 1181546
32 53 1181553
32 15 1181555
32 55 1181557
32 29 1181561
32 40 1181561
32 56 1181562
32 38 1181569
32 57 1181574
32 61 1181580
32 7 1181584
32 51 1181586
32 42 1181594
32 47 1181596
32 34 1181598
33 18 1181605
33 52 1181605
33 51 1181612
33 26 1181618
33 5 1181623
33 58 1181624
33 14 1181626
33 48 1181626
33 40 1181632
33 6 1181639
33 37 1181644
33 59 1181650
33 29 1181651
33 60 1181659
33 22 1181666
33 7 1181668
33 55 1181673
33 49 1181681
33 54 1181682
33 8 1181685
33 16 1181685
33 11 1181691
33 44 1181692
33 36 1181697
33 38 1181697
33 31 1181701
33 47 1181703
33 24 1181711
33 56 1181712
33 9 1181714
33 0 1181722
33 23 1181729
33 41 1181730
33 13 1181736
33 29 1181739
33 63 1181748
33 37 1181756
33 20 1181760
33 61 1181766
33 30 1181767
33 45 1181768
33 5 1181773
33 24 1181776
33 25 1181784
33 23 1181787
33 47 1181787
33 10 1181787
33 1 1181788
33 57 1181788
33 19 1181790
33 55 1181798
33 4 1181804
33 21 1181812
33 3 1181813
33 42 1181821
33 2 1181825
33 28 1181832
33 54 1181832
33 8 1181840
33 35 1181849
33 27 1181856
33 11 1181861
33 15 1181863
33 0 1181866
33 32 1181871
33 6 1181877
33 51 1181882
34 52 1181890
34 61 1181891
34 23 1181893
34 21 1181899
34 43 1181907
34 62 1181910
34 27 1181913
34 51 1181922
34 13 1181930
34 47 1181937
34 15 1181942
34 12 1181943
34 29 1181947
34 54 1181955
34 49 1181955
34 9 1181962
34 7 1181969
34 60 1181973
34 40 1181977
34 41 1181984
34 5 1181986
34 19 1181988
34 17 1181988
34 56 1181996
34 11 1181999
34 61 1182008
34 4 1182010
34 18 1182014
34 58 1182020
34 22 1182027
34 43 1182029
34 36 1182030
34 24 1182038
34 15 1182038
34 26 1182044
34 21 1182044
34 52 1182046
34 31 1182054
34 39 1182057
34 38 1182057
34 7 1182065
34 25 1182067
34 12 1182074
34 37 1182079
34 8 1182080
34 51 1182085
34 27 1182094
34 62 1182103
35 16 1182111
35 52 1182120
35 41 1182123
35 11 1182131
35 42 1182136
35 2 1182142
35 21 1182143
35 55 1182144
35 34 1182153
35 51 1182157
35 8 1182158
35 53 1182160
35 25 1182168
35 22 1182169
35 10 1182169
35 29 1182174
35 23 1182175
35 7 1182179
35 47 1182179
35 30 1182183
35 13 1182186
35 26 1182192
35 57 1182196
35 61 1182205
35 49 1182210
35 17 1182214
35 32 1182220
35 43 1182226
35 59 1182228
35 4 1182233
35 38 1182237
35 39 1182239
35 5 1182241
35 0 1182247
35 28 1182254
35 45 1182263
35 62 1182263
35 6 1182270
35 40 1182271
35 24 1182274
35 12 1182274
35 33 1182282
35 28 1182288
35 22 1182292
35 25 1182294
35 2 1182296
35 18 1182296
35 9 1182301
35 36 1182310
35 54 1182314
35 47 1182320
35 29 1182326
35 16 1182330
35 41 1182339
35 50 1182343
35 63 1182349
35 23 1182358
35 43 1182367
35 20 1182374
35 58 1182383
35 61 1182383
35 44 1182388
35 19 1182390
35 51 1182393
35 60 1182401
35 15 1182401
35 14 1182407
35 42 1182413
35 27 1182422
35 6 1182429
35 38 1182433
35 53 1182442
35 11 1182447
35 37 1182447
35 10 1182453
35 57 1182456
35 32 1182463
35 48 1182467
35 52 1182476
36 46 1182482
36 13 1182486
36 25 1182487
36 38 1182495
36 44 1182503
36 39 1182512
36 23 1182520
36 37 1182528
36 0 1182534
36 29 1182535
36 61 1182541
36 50 1182544
36 11 1182552
36 19 1182561
36 17 1182565
36 45 1182570
36 49 1182579
37 36 1182588
37 63 1182588
37 2 1182597
37 56 1182604
37 48 1182612
37 7 1182619
37 46 1182624
37 0 1182631
37 12 1182631
37 13 1182633
37 33 1182634
37 61 1182640
37 1 1182648
37 14 1182656
37 19 1182659
37 9 1182665
37 55 1182674
37 8 1182677
37 34 1182685
37 26 1182693
37 53 1182696
37 11 1182702
37 39 1182708
37 54 1182710
37 27 1182711
37 10 1182711
37 18 1182720
37 58 1182729
37 21 1182729
37 38 1182730
37 31 1182738
37 11 1182747
37 26 1182750
37 6 1182759
37 54 1182766
37 32 1182766
37 43 1182766
37 34 1182769
37 60 1182778
37 29 1182779
37 51 1182784
37 63 1182787
37 0 1182791
37 62 1182795
37 9 1182800
37 38 1182800
37 55 1182808
37 44 1182817
37 24 1182818
37 5 1182823
37 7 1182829
37 41 1182833
37 21 1182835
37 57 1182842
37 3 1182844
37 15 1182851
37 53 1182858
37 23 1182860
37 36 1182861
37 27 1182867
37 13 1182870
38 54 1182879
38 42 1182885
38 55 1182892
38 8 1182896
38 10 1182902
38 25 1182905
38 2 1182913
38 46 1182916
38 58 1182916
38 28 1182921
38 53 1182925
38 16 1182933
38 24 1182939
38 37 1182940
38 44 1182941
38 12 1182949
38 45 1182952
38 29 1182955
38 52 1182959
38 49 1182963
38 1 1182969
38 44 1182969
38 25 1182970
38 10 1182979
38 34 1182979
38 32 1182981
38 24 1182989
38 50 1182989
38 48 1182989
38 51 1182992
38 63 1182993
38 33 1183002
38 17 1183008
38 55 1183011
38 8 1183014
38 58 1183020
38 14 1183024
38 11 1183027
38 21 1183032
39 29 1183037
39 15 1183038
39 48 1183038
39 25 1183046
39 26 1183054
39 61 1183059
39 11 1183066
39 46 1183070
39 2 1183077
39 5 1183078
39 13 1183085
39 53 1183088
39 0 1183097
39 8 1183098
39 62 1183098
39 9 1183103
39 42 1183110
39 12 1183111
39 55 1183120
39 24 1183123
39 38 1183129
39 43 1183138
39 18 1183145
39 7 1183146
39 16 1183148
39 4 1183150
39 27 1183157
39 57 1183164
39 20 1183167
39 56 1183172
39 28 1183181
39 49 1183181
39 1 1183184
39 10 1183184
39 23 1183188
39 24 1183197
39 16 1183205
39 9 1183206
39 1 1183208
39 20 1183216
39 59 1183225
39 0 1183225
39 12 1183231
39 47 1183240
39 31 1183248
39 25 1183249
39 27 1183257
39 13 1183258
39 54 1183259
39 62 1183263
39 45 1183270
39 18 1183275
39 63 1183276
39 57 1183278
39 23 1183279
39 6 1183281
39 55 1183288
39 37 1183292
39 60 1183297
39 17 1183303
39 7 1183312
39 34 1183319
39 40 1183325
39 61 1183326
39 14 1183330
39 38 1183332
39 28 1183333
39 2 1183340
39 36 1183347
39 50 1183351
40 25 1183351
40 36 1183355
40 2 1183359
40 22 1183360
40 27 1183363
40 48 1183371
40 17 1183379
40 50 1183381
40 16 1183383
40 34 1183389
40 57 1183390
40 19 1183398
40 1 1183406
40 4 1183408
40 39 1183408
40 47 1183408
40 55 1183408
40 46 1183415
40 20 1183417
40 18 1183420
40 23 1183422
40 41 1183423
40 43 1183426
40 21 1183428
40 30 1183428
40 29 1183429
40 55 1183437
40 20 1183443
40 50 1183448
40 8 1183448
40 59 1183457
40 54 1183459
40 57 1183465
40 46 1183474
40 6 1183476
40 47 1183481
40 29 1183489
40 52 1183495
40 37 1183495
40 10 1183498
40 35 1183500
40 24 1183504
40 14 1183506
40 7 1183514
41 17 1183521
41 32 1183522
41 44 1183525
41 22 1183527
41 28 1183530
41 16 1183530
41 4 1183534
41 56 1183536
41 12 1183540
41 62 1183543
41 13 1183543
41 14 1183546
41 36 1183550
41 34 1183550
41 52 1183559
41 10 1183560
41 54 1183564
41 48 1183565
41 36 1183565
41 44 1183566
41 59 1183568
41 25 1183569
41 56 1183571
41 50 1183575
41 21 1183580
41 12 1183585
41 26 1183593
41 58 1183601
41 7 1183601
41 57 1183609
41 5 1183612
41 8 1183618
42 6 1183623
42 39 1183630
42 50 1183631
42 53 1183635
42 33 1183637
42 38 1183644
42 32 1183648
42 30 1183650
42 60 1183656
42 44 1183664
42 51 1183670
42 13 1183672
42 0 1183677
42 17 1183677
42 14 1183678
42 26 1183687
42 5 1183688
42 4 1183693
42 2 1183694
42 16 1183702
42 62 1183710
42 28 1183710
42 58 1183718
42 56 1183721
42 63 1183728
42 46 1183732
42 29 1183741
42 19 1183744
42 34 1183747
42 20 1183751
42 49 1183753
42 48 1183762
42 43 1183767
42 55 1183775
42 18 1183780
42 22 1183788
42 15 1183797
42 55 1183805
42 35 1183812
42 38 1183816
42 24 1183816
42 33 1183820
42 46 1183827
42 13 1183831
42 61 1183836
42 1 1183840
42 31 1183842
42 50 1183845
42 21 1183850
42 52 1183853
42 40 1183856
42 19 1183865
42 16 1183870
42 11 1183878
42 51 1183883
42 3 1183884
42 47 1183890
42 37 1183892
42 32 1183899
42 54 1183899
42 39 1183906
42 12 1183910
42 60 1183911
42 25 1183920
42 53 1183926
42 17 1183934
42 58 1183941
43 31 1183943
43 48 1183952
43 51 1183955
43 34 1183958
43 57 1183961
43 32 1183962
43 29 1183964
43 37 1183967
43 40 1183971
43 36 1183978
43 10 1183978
43 53 1183980
43 30 1183986
43 2 1183995
43 39 1184003
43 4 1184004
43 38 1184008
43 15 1184010
43 21 1184016
43 62 1184017
43 25 1184025
43 55 1184026
43 23 1184027
43 28 1184035
43 11 1184043
43 0 1184049
43 45 1184051
43 33 1184060
43 59 1184061
43 7 1184063
43 60 1184063
43 16 1184063
43 14 1184066
43 59 1184066
43 58 1184072
43 13 1184074
43 38 1184077
43 20 1184086
43 53 1184093
43 4 1184093
43 60 1184097
43 32 1184106
43 34 1184115
43 11 1184120
43 63 1184124
43 50 1184133
43 44 1184133
43 1 1184133
43 7 1184138
43 5 1184142
43 12 1184149
43 29 1184155
43 62 1184160
43 22 1184166
43 3 1184170
43 14 1184170
43 49 1184179
43 37 1184183
43 17 1184189
43 18 1184197
43 21 1184199
43 19 1184206
43 28 1184208
43 2 1184217
43 25 1184218
43 61 1184227
44 45 1184231
44 61 1184240
44 41 1184245
44 22 1184248
44 36 1184250
44 10 1184255
44 3 1184257
44 12 1184263
44 4 1184266
44 19 1184266
44 58 1184270
44 15 1184273
44 13 1184278
44 49 1184280
44 48 1184283
44 55 1184289
44 27 1184297
44 59 1184299
44 56 1184299
44 31 1184299
44 24 1184299
44 34 1184307
44 6 1184316
44 0 1184321
44 26 1184325
44 23 1184332
44 1 1184336
44 37 1184336
44 11 1184342
44 43 1184351
44 48 1184353
44 34 1184361
44 18 1184365
44 55 1184367
44 56 1184372
44 27 1184373
44 61 1184380
44 29 1184389
44 32 1184393
44 40 1184399
44 13 1184407
44 14 1184414
44 42 1184423
44 45 1184424
44 51 1184427
44 7 1184428
44 20 1184430
44 60 1184432
44 57 1184436
44 31 1184436
44 63 1184441
44 35 1184448
44 11 1184456
44 52 1184457
44 2 1184458
44 59 1184458
44 46 1184463
45 52 1184468
45 61 1184476
45 30 1184485
45 42 1184491
45 33 1184498
45 19 1184505
46 18 1184507
46 49 1184508
46 17 1184509
46 45 1184518
46 53 1184522
46 14 1184527
46 43 1184529
46 21 1184529
46 29 1184537
46 1 1184540
46 62 1184547
46 4 1184549
46 19 1184558
47 38 1184565
47 23 1184565
47 29 1184569
47 49 1184578
47 5 1184582
47 42 1184586
47 14 1184586
47 17 1184594
47 6 1184602
47 20 1184605
49 36 1184606
49 32 1184607
49 28 1184614
49 22 1184619
49 18 1184619
49 24 1184626
49 52 1184632
49 37 1184637
49 54 1184637
49 15 1184641
49 7 1184647
49 12 1184648
49 40 1184656
49 48 1184659
49 2 1184668
49 0 1184669
49 44 1184678
49 30 1184684
49 43 1184688
49 25 1184695
49 17 1184695
49 9 1184697
49 39 1184699
49 9 1184700
49 20 1184709
49 58 1184717
49 46 1184721
49 26 1184724
49 15 1184733
49 45 1184742
49 1 1184749
49 50 1184755
49 18 1184756
49 42 1184762
49 36 1184765
49 56 1184772
49 32 1184772
49 24 1184773
49 37 1184773
49 53 1184778
49 35 1184787
49 62 1184790
49 23 1184798
49 6 1184800
49 63 1184808
49 29 1184809
49 8 1184810
49 43 1184811
49 52 1184814
50 29 1184820
50 58 1184828
50 47 1184831
50 54 1184834
50 45 1184834
50 20 1184834
50 11 1184840
50 53 1184841
50 33 1184850
50 21 1184858
50 41 1184858
50 60 1184861
50 15 1184868
50 48 1184875
51 62 1184880
51 49 1184880
51 32 1184884
51 41 1184889
51 33 1184898
51 21 1184902
51 40 1184911
51 5 1184920
51 42 1184928
51 11 1184936
51 19 1184941
51 37 1184943
51 22 1184951
51 26 1184952
51 60 1184957
51 44 1184965
51 46 1184969
51 24 1184969
51 10 1184976
51 35 1184978
51 30 1184981
51 31 1184988
51 23 1184989
51 34 1184998
51 0 1184999
51 42 1184999
51 40 1184999
51 21 1185003
51 26 1185010
51 33 1185015
51 27 1185016
51 13 1185021
51 18 1185028
51 47 1185029
51 6 1185037
51 23 1185038
51 35 1185047
51 5 1185056
51 24 1185065
51 61 1185067
51 2 1185068
51 49 1185068
51 39 1185076
51 37 1185084
51 36 1185084
51 9 1185093
51 44 1185093
52 49 1185102
52 24 1185105
52 26 1185114
52 14 1185115
52 56 1185119
52 46 1185119
52 63 1185127
52 31 1185131
52 32 1185139
52 53 1185147
52 18 1185153
52 22 1185160
52 62 1185167
52 13 1185173
52 23 1185182
52 47 1185182
52 39 1185191
52 17 1185192
52 2 1185197
52 51 1185199
52 28 1185208
52 4 1185215
52 35 1185216
52 8 1185224
52 50 1185226
52 6 1185230
52 38 1185234
52 11 1185243
52 5 1185245
52 16 1185253
52 48 1185258
52 59 1185265
52 57 1185274
52 33 1185278
52 55 1185285
52 30 1185292
52 61 1185292
52 25 1185294
52 58 1185298
52 45 1185306
52 2 1185309
52 31 1185312
52 16 1185318
52 39 1185321
52 61 1185323
52 21 1185330
52 33 1185339
52 38 1185340
52 51 1185349
52 12 1185350
52 47 1185357
52 44 1185364
52 11 1185373
52 36 1185376
52 54 1185377
52 23 1185384
52 8 1185393
52 24 1185402
52 18 1185408
52 28 1185408
52 55 1185408
52 35 1185408
52 60 1185416
52 30 1185425
52 34 1185432
52 53 1185439
52 7 1185443
52 1 1185449
52 0 1185455
52 20 1185463
52 37 1185463
53 8 1185463
53 9 1185471
53 2 1185479
53 56 1185479
53 14 1185482
53 31 1185482
53 38 1185490
53 41 1185491
54 49 1185498
54 43 1185503
54 55 1185508
54 12 1185511
54 32 1185512
54 28 1185519
54 14 1185525
54 25 1185532
54 41 1185540
54 7 1185541
54 20 1185548
54 37 1185552
54 9 1185553
54 18 1185554
54 40 1185554
54 36 1185558
54 15 1185563
54 22 1185566
54 60 1185567
54 5 1185570
54 42 1185573
54 2 1185582
54 10 1185584
54 29 1185589
54 17 1185596
54 13 1185600
54 0 1185601
54 8 1185604
54 58 1185609
54 35 1185611
54 40 1185618
54 50 1185622
54 52 1185625
54 49 1185625
54 26 1185634
54 30 1185641
54 32 1185646
54 24 1185646
54 35 1185653
54 37 1185654
54 45 1185658
54 46 1185659
54 10 1185663
54 31 1185664
54 1 1185673
54 5 1185677
54 43 1185684
54 4 1185693
54 42 1185695
54 56 1185700
54 41 1185708
54 15 1185708
54 53 1185712
54 47 1185717
54 34 1185724
54 61 1185729
54 63 1185738
54 20 1185743
54 7 1185752
54 12 1185757
54 11 1185764
54 60 1185765
55 26 1185772
55 17 1185774
55 59 1185776
56 10 1185782
56 54 1185788
56 49 1185792
56 29 1185801
56 59 1185803
56 12 1185803
56 23 1185806
56 51 1185812
56 16 1185812
56 13 1185815
56 34 1185823
56 57 1185827
56 7 1185827
56 2 1185829
56 55 1185832
56 46 1185841
56 42 1185845
56 50 1185850
56 31 1185850
56 60 1185858
56 28 1185865
56 21 1185869
56 37 1185874
56 48 1185882
56 12 1185890
56 52 1185891
56 15 1185895
56 16 1185898
56 62 1185904
56 41 1185911
56 25 1185918
56 32 1185923
56 59 1185930
56 50 1185938
56 23 1185942
56 51 1185943
56 18 1185947
56 39 1185955
56 27 1185955
57 16 1185958
57 3 1185960
57 9 1185965
57 10 1185971
57 30 1185977
57 53 1185983
57 6 1185989
57 56 1185995
57 33 1186000
57 7 1186000
57 42 1186001
57 19 1186001
57 40 1186002
57 52 1186003
57 63 1186009
57 32 1186012
57 55 1186021
57 21 1186030
57 51 1186039
57 36 1186047
57 34 1186053
57 24 1186054
57 35 1186059
57 12 1186065
57 39 1186069
57 45 1186077
57 38 1186086
57 1 1186093
57 22 1186102
57 2 1186107
57 14 1186108
57 15 1186111
57 58 1186115
57 59 1186123
57 61 1186128
57 43 1186134
57 46 1186139
57 33 1186147
57 9 1186152
57 37 1186160
57 18 1186160
57 40 1186160
57 39 1186166
57 23 1186175
57 49 1186179
57 13 1186184
57 30 1186188
57 50 1186195
57 47 1186197
57 48 1186200
57 24 1186203
57 5 1186204
57 28 1186208
57 34 1186211
57 6 1186217
57 22 1186221
57 8 1186230
57 16 1186236
57 61 1186239
57 44 1186239
57 55 1186239
57 26 1186243
57 54 1186252
57 19 1186254
57 21 1186259
57 62 1186267
57 35 1186274
57 56 1186283
57 17 1186283
57 1 1186284
58 34 1186284
58 14 1186288
58 2 1186290
58 26 1186294
58 8 1186300
58 11 1186309
58 32 1186314
58 30 1186319
58 49 1186319
58 27 1186320
58 6 1186326
58 36 1186328
58 15 1186337
58 42 1186338
58 10 1186340
58 29 1186342
58 1 1186349
58 24 1186350
58 25 1186351
58 33 1186359
58 25 1186364
58 34 1186368
58 48 1186369
58 52 1186373
58 63 1186375
58 5 1186376
58 12 1186383
58 22 1186383
58 42 1186384
58 26 1186386
58 19 1186388
58 57 1186388
58 6 1186391
58 13 1186395
58 55 1186398
58 44 1186405
58 30 1186410
58 18 1186419
58 62 1186425
59 13 1186433
59 8 1186437
59 4 1186439
59 60 1186445
59 14 1186451
59 50 1186451
59 37 1186455
59 54 1186457
59 44 1186459
59 57 1186464
59 45 1186469
59 7 1186473
59 6 1186478
59 29 1186482
59 3 1186486
59 18 1186488
59 62 1186490
59 2 1186494
59 32 1186496
59 47 1186496
59 46 1186502
59 49 1186505
59 22 1186512
59 37 1186518
59 6 1186520
59 23 1186527
59 28 1186536
59 38 1186540
59 33 1186547
59 48 1186548
59 35 1186552
59 31 1186552
59 15 1186561
59 16 1186564
59 60 1186566
59 20 1186567
59 7 1186574
59 55 1186575
59 46 1186575
59 53 1186578
59 42 1186583
59 44 1186584
60 32 1186587
60 13 1186596
60 33 1186601
60 15 1186608
60 14 1186612
60 43 1186613
60 24 1186613
60 5 1186620
60 35 1186628
60 0 1186634
60 45 1186643
60 40 1186652
60 51 1186657
60 62 1186660
60 46 1186665
60 63 1186668
60 7 1186672
60 22 1186674
60 42 1186679
60 39 1186680
60 29 1186684
60 34 1186688
60 58 1186691
60 21 1186691
60 36 1186696
60 27 1186698
60 53 1186706
60 63 1186706
60 47 1186712
60 51 1186716
60 19 1186725
60 12 1186730
60 44 1186730
60 49 1186737
60 43 1186744
60 0 1186746
60 38 1186751
60 61 1186754
60 16 1186757
60 30 1186758
60 3 1186759
60 8 1186764
60 45 1186765
60 40 1186769
60 41 1186773
60 59 1186777
60 33 1186779
60 13 1186783
61 40 1186786
61 56 1186792
61 27 1186797
61 14 1186802
61 25 1186805
61 55 1186809
61 62 1186817
61 63 1186818
61 1 1186821
61 24 1186824
61 4 1186828
61 28 1186834
61 38 1186835
61 31 1186841
61 29 1186845
61 23 1186852
61 19 1186857
61 33 1186857
61 17 1186861
61 15 1186865
61 11 1186866
61 47 1186867
61 42 1186875
61 34 1186883
61 59 1186886
61 60 1186895
61 32 1186904
61 0 1186909
61 6 1186909
61 20 1186915
61 10 1186917
61 54 1186922
61 2 1186926
61 8 1186927
61 30 1186936
61 52 1186945
61 43 1186949
61 47 1186954
61 45 1186961
61 59 1186962
61 2 1186963
61 37 1186963
61 42 1186968
61 28 1186975
61 9 1186977
61 56 1186984
61 0 1186992
61 23 1186996
61 7 1187000
61 17 1187002
61 19 1187009
61 40 1187015
61 36 1187016
61 31 1187018
61 33 1187021
61 41 1187026
61 5 1187030
61 32 1187039
61 16 1187042
61 39 1187049
61 25 1187056
61 63 1187056
61 58 1187061
61 30 1187067
61 62 1187067
61 60 1187067
61 15 1187069
61 21 1187078
61 44 1187086
62 23 1187089
62 17 1187095
62 20 1187100
62 14 1187101
62 7 1187108
62 55 1187114
62 43 1187123
62 52 1187125
62 27 1187128
62 11 1187128
62 52 1187131
62 36 1187133
62 38 1187140
62 40 1187141
62 45 1187142
62 56 1187151
62 20 1187152
62 42 1187160
62 8 1187160
62 15 1187162
63 58 1187165
63 27 1187173
63 16 1187173
63 56 1187177
63 4 1187182
63 28 1187191
63 49 1187197
63 59 1187205
63 0 1187209
63 1 1187218
63 23 1187222
63 19 1187226
63 43 1187234
63 44 1187237
63 5 1187239
63 3 1187239
63 34 1187239
63 50 1187242
63 61 1187242
63 10 1187246
63 48 1187247
63 14 1187248
63 15 1187250
63 33 1187251
63 60 1187260
63 25 1187265
63 30 1187267
63 29 1187273
63 18 1187273
63 13 1187280
63 40 1187281
63 29 1187282
63 8 1187286
63 32 1187294
63 3 1187294
63 51 1187298
63 16 1187306
63 39 1187312
63 41 1187312
63 5 1187321
63 0 1187328
63 58 1187332
63 33 1187337
63 10 1187346
63 28 1187355
63 37 1187361
63 61 1187362
63 35 1187368
63 43 1187369
63 60 1187372
63 7 1187379
63 48 1187379
63 21 1187382
63 9 1187385
63 54 1187391
63 24 1187397
63 46 1187398
63 56 1187398
63 36 1187403
