68
true
0 67 1400521
0 36 1400525
0 2 1400529
0 17 1400533
0 11 1400533
0 33 1400537
0 35 1400542
0 44 1400546
0 57 1400553
0 12 1400555
0 51 1400560
0 29 1400568
0 43 1400568
0 4 1400574
0 15 1400574
0 14 1400574
0 40 1400578
0 42 1400578
0 30 1400578
0 62 1400584
0 37 1400585
0 52 1400591
0 7 1400591
0 24 1400595
0 53 1400596
0 49 1400605
0 61 1400612
0 32 1400613
0 55 1400619
0 21 1400619
0 66 1400619
0 48 1400625
0 38 1400629
0 8 1400638
0 10 1400641
0 54 1400650
0 50 1400659
0 46 1400664
0 37 1400667
0 25 1400672
0 33 1400679
0 1 1400681
0 43 1400688
0 8 1400697
0 64 1400702
0 60 1400706
0 55 1400713
0 5 1400714
0 12 1400717
0 10 1400719
0 46 1400722
0 41 1400729
0 17 1400737
0 56 1400746
0 29 1400752
0 52 1400757
0 18 1400763
0 48 1400769
0 14 1400776
0 34 1400776
0 53 1400778
0 20 1400786
0 61 1400795
0 39 1400797
0 59 1400799
0 44 1400799
0 30 1400806
0 16 1400808
0 32 1400813
0 6 1400820
1 48 1400825
1 60 1400833
1 19 1400835
1 2 1400839
1 46 1400845
1 21 1400845
1 9 1400847
1 45 1400852
1 12 1400852
1 8 1400856
1 29 1400861
1 33 1400869
1 56 1400873
1 61 1400881
1 18 1400885
1 64 1400892
1 7 1400900
1 0 1400905
1 28 1400906
1 46 1400911
1 54 1400912
1 15 1400913
1 21 1400920
1 19 1400920
1 32 1400920
1 60 1400926
1 14 1400928
1 42 1400935
1 56 1400943
1 33 1400948
1 43 1400948
1 4 1400953
1 10 1400954
1 18 1400960
1 6 1400966
1 35 1400967
1 39 1400972
2 0 1400976
2 57 1400985
2 63 1400985
2 51 1400992
2 64 1400994
2 12 1400995
2 28 1401003
2 44 1401012
2 33 1401014
2 37 1401015
2 5 1401021
2 41 1401026
2 45 1401034
2 58 1401034
2 11 1401036
2 42 1401037
2 24 1401040
2 67 1401049
2 6 1401054
2 55 1401056
2 16 1401059
2 49 1401067
2 53 1401068
2 1 1401072
2 35 1401078
2 31 1401079
2 56 1401079
2 7 1401079
2 29 1401080
2 42 1401083
2 18 1401088
2 8 1401096
2 45 1401102
2 51 1401103
2 28 1401109
2 50 1401116
2 43 1401116
2 41 1401116
2 36 1401120
2 3 1401127
2 10 1401134
2 47 1401135
2 48 1401142
2 13 1401148
2 58 1401148
2 0 1401157
2 49 1401161
2 39 1401165
3 14 1401166
3 63 1401170
3 10 1401179
3 21 1401181
3 15 1401181
3 42 1401190
3 43 1401197
3 33 1401206
3 17 1401214
3 28 1401221
3 48 1401227
3 29 1401236
3 50 1401236
3 55 1401236
3 58 1401239
3 51 1401246
3 5 1401247
3 35 1401253
3 64 1401262
3 39 1401268
3 49 1401275
3 34 1401283
4 49 1401292
4 44 1401295
4 33 1401296
4 3 1401296
4 50 1401303
4 21 1401312
4 30 1401319
4 55 1401326
4 0 1401334
4 20 1401340
4 45 1401343
4 35 1401346
4 17 1401347
4 27 1401348
4 58 1401351
4 15 1401351
4 63 1401358
4 56 1401358
4 26 1401358
4 39 1401361
4 54 1401364
4 43 1401366
4 48 1401372
4 13 1401372
4 22 1401380
4 2 1401387
4 5 1401396
4 57 1401400
4 48 1401406
4 39 1401412
4 55 1401417
4 11 1401422
4 53 1401422
4 45 1401429
4 54 1401433
4 31 1401440
4 34 1401446
4 52 1401451
4 32 1401457
4 29 1401459
4 40 1401461
4 18 1401465
4 36 1401467
4 7 1401467
4 27 1401467
4 50 1401473
4 63 1401476
4 17 1401482
4 56 1401490
4 22 1401496
4 46 1401501
4 33 1401509
4 61 1401510
4 62 1401517
4 24 1401520
4 0 1401527
4 47 1401529
4 23 1401531
4 25 1401533
4 21 1401535
4 15 1401535
5 47 1401537
5 9 1401542
5 57 1401544
5 43 1401553
5 65 1401562
5 13 1401568
5 54 1401571
5 62 1401575
5 4 1401581
5 32 1401589
5 50 1401598
5 53 1401600
5 35 1401605
5 41 1401610
5 58 1401618
5 29 1401618
5 18 1401622
5 36 1401630
5 38 1401635
5 59 1401641
5 37 1401650
5 7 1401657
5 39 1401658
5 11 1401658
5 26 1401663
5 19 1401670
5 48 1401671
5 52 1401674
5 55 1401678
5 28 1401679
5 33 1401683
5 6 1401687
5 42 1401696
5 17 1401698
5 15 1401706
5 9 1401710
5 7 1401717
5 3 1401723
5 23 1401727
5 19 1401736
5 11 1401741
5 51 1401747
5 47 1401753
5 31 1401757
5 66 1401761
5 64 1401765
5 4 1401773
5 45 1401778
5 8 1401786
5 55 1401795
5 58 1401802
5 35 1401807
5 50 1401815
5 24 1401817
5 57 1401818
5 34 1401823
5 54 1401824
5 52 1401831
5 40 1401835
6 44 1401840
6 29 1401845
6 35 1401850
6 58 1401853
6 57 1401855
6 2 1401855
6 65 1401858
6 42 1401859
6 38 1401865
6 41 1401870
6 52 1401873
6 46 1401875
6 17 1401877
6 43 1401881
6 33 1401884
6 10 1401888
6 45 1401897
6 24 1401905
6 31 1401914
6 13 1401914
6 7 1401915
6 18 1401922
6 63 1401927
6 40 1401932
6 60 1401941
6 66 1401947
6 39 1401949
6 0 1401954
6 19 1401961
6 34 1401968
6 55 1401975
6 1 1401981
6 23 1401987
6 59 1401994
6 51 1401995
6 0 1401999
6 14 1401999
6 18 1402003
6 58 1402005
6 32 1402014
6 11 1402022
6 7 1402028
6 2 1402032
6 4 1402038
6 55 1402047
6 31 1402047
6 34 1402056
6 3 1402056
6 29 1402057
6 57 1402065
6 12 1402071
6 66 1402072
6 64 1402077
6 9 1402086
6 65 1402087
6 8 1402096
6 44 1402098
6 43 1402098
6 20 1402102
6 21 1402104
6 26 1402109
6 49 1402115
6 67 1402121
6 41 1402130
6 38 1402133
6 63 1402142
6 28 1402143
6 37 1402145
6 15 1402151
6 5 1402158
6 52 1402160
7 34 1402161
7 4 1402166
7 13 1402172
7 31 1402180
7 17 1402189
7 65 1402191
7 28 1402193
7 12 1402197
7 11 1402197
7 45 1402197
7 3 1402197
7 38 1402203
7 22 1402212
7 11 1402216
7 39 1402221
7 40 1402225
7 33 1402232
7 2 1402241
7 15 1402243
7 36 1402250
7 4 1402259
8 42 1402263
8 67 1402266
8 28 1402274
8 35 1402278
8 18 1402285
8 31 1402293
8 63 1402296
8 51 1402305
8 15 1402312
8 32 1402314
8 2 1402320
8 29 1402327
8 40 1402330
8 10 1402335
8 16 1402338
8 37 1402344
8 19 1402352
8 52 1402360
8 4 1402368
8 64 1402377
8 27 1402379
8 49 1402381
8 57 1402381
8 13 1402388
8 5 1402390
8 21 1402390
8 47 1402396
8 7 1402404
8 36 1402413
8 12 1402414
8 25 1402423
8 56 1402427
8 24 1402431
8 22 1402436
8 26 1402442
8 60 1402451
8 58 1402453
8 33 1402455
8 57 1402457
8 55 1402460
8 11 1402465
8 38 1402466
8 9 1402466
8 5 1402468
8 24 1402476
8 41 1402482
8 3 1402491
8 21 1402498
8 53 1402506
8 46 1402513
8 26 1402515
8 40 1402520
8 54 1402528
8 37 1402533
8 0 1402535
8 33 1402544
8 17 1402549
8 2 1402556
8 19 1402564
8 48 1402564
8 51 1402564
8 7 1402566
8 39 1402569
8 25 1402574
8 1 1402576
8 43 1402580
8 67 1402588
8 34 1402596
8 22 1402601
8 62 1402603
8 56 1402612
8 66 1402613
8 14 1402618
8 16 1402623
8 59 1402624
9 46 1402624
9 62 1402628
9 23 1402634
9 0 1402636
9 50 1402642
9 49 1402648
9 32 1402653
9 21 1402658
9 36 1402662
9 56 1402670
9 7 1402675
9 1 1402678
9 25 1402682
9 16 1402687
9 8 1402694
9 3 1402702
9 39 1402709
9 60 1402710
9 6 1402717
9 57 1402726
9 55 1402728
9 27 1402731
9 41 1402738
9 45 1402743
9 25 1402748
9 24 1402750
9 56 1402751
9 60 1402760
9 35 1402769
9 47 1402769
9 20 1402776
9 52 1402777
9 7 1402784
9 50 1402784
9 29 1402793
9 16 1402796
9 40 1402798
10 57 1402807
10 13 1402808
11 40 1402813
11 17 1402816
11 30 1402820
11 20 1402826
11 12 1402833
11 19 1402842
11 41 1402845
11 60 1402845
11 50 1402846
11 35 1402854
11 51 1402863
11 53 1402867
11 28 1402869
11 61 1402871
11 33 1402878
11 49 1402882
11 57 1402891
11 24 1402898
11 21 1402900
11 36 1402902
11 9 1402903
11 2 1402910
11 62 1402919
11 5 1402925
11 45 1402932
11 4 1402937
11 43 1402937
11 46 1402945
11 1 1402947
11 31 1402953
11 37 1402961
11 39 1402968
11 8 1402970
11 42 1402973
11 52 1402974
11 3 1402982
11 0 1402983
11 64 1402984
11 13 1402991
11 47 1402992
11 5 1402995
11 59 1403003
11 36 1403006
11 3 1403015
11 56 1403018
11 12 1403025
11 44 1403033
11 46 1403040
11 10 1403048
11 27 1403057
11 28 1403059
11 49 1403068
11 37 1403072
11 21 1403074
11 2 1403079
11 15 1403082
11 60 1403088
11 38 1403089
11 58 1403095
11 48 1403098
11 29 1403100
11 34 1403109
11 61 1403118
11 20 1403119
11 22 1403125
11 19 1403134
11 4 1403139
11 40 1403141
11 14 1403145
11 52 1403154
11 50 1403158
11 26 1403160
12 20 1403162
12 18 1403169
12 13 1403174
12 25 1403182
12 4 1403188
12 67 1403194
12 65 1403200
12 27 1403204
12 43 1403205
12 54 1403209
12 57 1403213
12 36 1403221
12 9 1403225
12 24 1403232
12 22 1403235
12 37 1403239
12 38 1403245
12 21 1403252
12 39 1403260
12 1 1403260
12 50 1403269
12 55 1403277
12 31 1403278
12 6 1403287
12 34 1403290
12 46 1403292
12 2 1403300
12 29 1403304
12 64 1403309
12 26 1403312
12 44 1403312
12 14 1403320
12 3 1403327
12 30 1403334
12 45 1403335
12 52 1403337
12 7 1403346
12 60 1403350
12 61 1403357
12 53 1403365
12 48 1403371
12 47 1403371
12 34 1403376
12 64 1403377
12 59 1403384
12 53 1403390
12 4 1403393
12 39 1403395
12 2 1403398
12 67 1403401
12 18 1403408
12 49 1403417
12 16 1403426
12 22 1403431
12 44 1403435
12 40 1403441
12 26 1403448
12 60 1403452
12 0 1403452
12 62 1403455
12 66 1403463
12 19 1403463
12 51 1403466
12 65 1403473
12 13 1403481
12 37 1403488
12 14 1403496
12 20 1403496
12 45 1403496
12 21 1403496
12 9 1403496
12 57 1403504
12 32 1403504
12 10 1403511
12 29 1403519
12 56 1403521
12 63 1403529
12 3 1403538
12 58 1403546
12 27 1403553
12 33 1403561
12 41 1403569
12 50 1403575
13 10 1403581
13 5 1403583
13 24 1403585
13 18 1403591
13 33 1403592
13 44 1403592
13 9 1403601
13 37 1403601
13 43 1403605
13 55 1403613
13 60 1403618
13 28 1403622
13 20 1403628
13 36 1403633
13 46 1403636
13 15 1403640
13 51 1403643
13 4 1403643
13 45 1403645
13 48 1403648
13 25 1403651
13 23 1403656
13 41 1403657
13 40 1403666
13 19 1403669
13 17 1403675
13 26 1403676
13 62 1403678
13 2 1403678
13 53 1403686
13 57 1403694
13 12 1403695
13 66 1403704
13 49 1403706
13 21 1403713
13 32 1403720
13 42 1403729
13 47 1403731
13 52 1403740
13 7 1403740
13 61 1403748
13 50 1403757
13 31 1403759
13 58 1403768
13 38 1403774
13 61 1403783
13 9 1403792
13 33 1403794
13 51 1403797
13 42 1403802
13 50 1403805
13 3 1403814
13 37 1403819
13 24 1403827
13 44 1403836
13 2 1403837
13 16 1403844
13 53 1403845
13 11 1403848
13 12 1403854
13 67 1403862
13 4 1403864
13 49 1403870
13 39 1403871
13 1 1403873
13 64 1403877
13 14 1403879
13 47 1403881
13 18 1403882
13 20 1403884
13 52 1403892
13 48 1403893
13 28 1403893
13 7 1403894
13 40 1403901
13 10 1403905
13 34 1403906
14 39 1403913
14 36 1403919
14 33 1403926
14 12 1403932
14 55 1403933
14 57 1403942
14 44 1403950
14 9 1403952
14 29 1403960
14 5 1403964
14 52 1403972
14 23 1403981
14 0 1403988
14 41 1403990
14 40 1403993
14 51 1404001
14 45 1404001
14 43 1404009
14 6 1404012
14 63 1404013
14 47 1404013
14 61 1404018
14 49 1404022
14 17 1404031
14 3 1404039
14 27 1404040
14 31 1404042
14 7 1404044
14 58 1404044
14 65 1404052
14 34 1404054
14 11 1404061
14 16 1404064
14 59 1404064
14 48 1404073
14 22 1404081
14 56 1404090
14 46 1404097
14 32 1404098
14 15 1404104
14 18 1404105
14 42 1404112
14 61 1404114
14 51 1404118
14 36 1404127
14 40 1404128
14 55 1404137
14 22 1404146
14 41 1404150
14 5 1404155
14 45 1404162
14 15 1404170
14 66 1404170
14 59 1404170
14 26 1404178
14 0 1404185
14 12 1404186
14 64 1404189
14 31 1404198
14 47 1404207
14 34 1404211
14 62 1404216
14 33 1404216
14 1 1404219
14 6 1404228
14 38 1404235
14 28 1404237
14 35 1404241
14 49 1404243
14 56 1404251
14 60 1404255
14 27 1404260
14 17 1404263
14 57 1404270
14 58 1404272
14 7 1404281
14 16 1404283
14 63 1404290
14 53 1404295
14 3 1404302
14 37 1404307
14 46 1404310
14 29 1404317
16 43 1404322
16 38 1404326
16 55 1404328
16 59 1404335
16 24 1404340
16 14 1404346
16 10 1404351
16 60 1404352
16 29 1404357
16 61 1404363
16 34 1404370
16 35 1404376
16 46 1404385
16 50 1404385
16 21 1404392
16 5 1404393
16 7 1404396
16 6 1404397
16 56 1404400
16 39 1404401
16 8 1404408
16 31 1404414
16 0 1404420
16 37 1404423
16 30 1404427
16 40 1404436
16 18 1404436
16 20 1404438
16 57 1404440
16 12 1404448
16 51 1404451
16 11 1404453
16 28 1404453
16 33 1404461
16 23 1404470
16 2 1404472
16 1 1404472
16 45 1404478
16 64 1404479
16 9 1404485
16 65 1404486
16 38 1404487
16 59 1404495
16 51 1404496
16 17 1404497
16 31 1404497
16 1 1404497
16 22 1404500
16 33 1404505
16 30 1404514
16 58 1404515
16 15 1404519
16 41 1404519
16 32 1404519
16 24 1404519
16 39 1404524
16 4 1404531
16 10 1404536
16 55 1404543
16 18 1404546
16 23 1404548
16 3 1404554
16 44 1404557
16 62 1404566
16 27 1404571
16 5 1404576
16 11 1404585
16 28 1404590
16 26 1404595
16 20 1404599
16 53 1404602
16 37 1404610
16 52 1404611
16 21 1404616
16 63 1404618
17 60 1404622
17 4 1404623
17 33 1404630
17 23 1404636
17 49 1404642
17 12 1404647
17 24 1404647
17 10 1404647
17 3 1404648
17 58 1404654
17 59 1404656
17 11 1404657
17 61 1404660
17 15 1404668
17 47 1404669
17 1 1404674
17 21 1404679
17 35 1404685
17 44 1404685
17 5 1404686
17 67 1404695
17 57 1404704
17 41 1404711
17 66 1404715
17 65 1404723
17 14 1404732
17 39 1404735
17 63 1404738
17 37 1404745
17 26 1404754
17 32 1404760
17 36 1404767
17 62 1404775
17 48 1404779
17 55 1404779
17 52 1404787
17 51 1404796
17 9 1404798
17 13 1404801
17 40 1404809
17 19 1404810
17 8 1404812
17 2 1404813
17 3 1404821
17 37 1404822
17 49 1404824
17 36 1404828
17 20 1404834
17 61 1404834
17 6 1404841
17 62 1404843
17 47 1404852
17 53 1404854
17 34 1404858
17 41 1404866
17 25 1404872
17 26 1404881
17 39 1404887
17 59 1404889
17 57 1404895
17 1 1404901
17 12 1404906
17 50 1404913
17 44 1404922
17 23 1404923
17 21 1404931
17 32 1404931
17 31 1404933
17 38 1404937
17 2 1404937
17 63 1404944
17 52 1404947
17 24 1404951
17 60 1404954
17 33 1404960
17 5 1404960
17 30 1404969
17 35 1404976
17 18 1404984
17 67 1404993
17 13 1404997
17 28 1405006
17 15 1405015
17 56 1405020
17 55 1405029
17 65 1405035
17 58 1405036
18 57 1405036
18 12 1405036
18 41 1405036
18 0 1405038
18 44 1405046
18 33 1405053
18 30 1405060
18 53 1405066
18 32 1405068
18 38 1405069
18 34 1405070
18 60 1405072
18 31 1405080
18 67 1405089
18 36 1405090
18 26 1405098
18 45 1405106
18 2 1405113
18 47 1405119
18 37 1405120
18 19 1405123
18 49 1405129
18 43 1405132
18 42 1405137
18 4 1405143
18 48 1405143
18 52 1405148
18 7 1405154
18 15 1405154
18 40 1405157
18 36 1405157
18 13 1405160
18 52 1405162
18 8 1405164
18 2 1405164
18 17 1405166
18 63 1405173
18 46 1405175
18 11 1405183
18 49 1405186
18 47 1405188
18 21 1405188
18 27 1405194
18 23 1405200
18 4 1405201
18 54 1405201
18 32 1405210
18 45 1405217
18 25 1405223
18 39 1405230
18 1 1405230
18 7 1405235
18 57 1405244
18 60 1405247
18 56 1405255
18 62 1405256
18 66 1405258
18 50 1405265
18 55 1405266
18 33 1405267
18 31 1405276
18 28 1405284
19 15 1405293
19 63 1405293
19 8 1405301
19 21 1405304
19 51 1405312
19 31 1405321
20 62 1405324
20 43 1405330
20 42 1405332
20 7 1405341
20 32 1405349
20 66 1405358
20 11 1405366
20 51 1405372
20 26 1405374
20 36 1405375
20 63 1405377
20 24 1405383
20 25 1405388
20 57 1405395
20 67 1405402
20 52 1405403
20 9 1405403
20 44 1405405
20 50 1405409
20 53 1405416
20 65 1405416
20 49 1405419
20 31 1405426
20 34 1405428
20 10 1405435
20 45 1405439
20 67 1405439
20 30 1405442
20 35 1405451
20 18 1405458
20 44 1405466
20 26 1405470
20 28 1405471
20 17 1405471
20 43 1405474
20 0 1405481
20 24 1405483
20 14 1405487
20 13 1405489
20 63 1405490
20 22 1405490
20 49 1405496
20 4 1405498
20 32 1405504
20 9 1405510
20 59 1405519
20 52 1405528
20 47 1405529
20 36 1405530
20 48 1405534
20 5 1405542
21 37 1405547
21 4 1405547
22 67 1405552
22 33 1405559
22 65 1405566
22 18 1405570
22 4 1405579
22 44 1405579
22 1 1405586
22 17 1405591
22 23 1405595
22 13 1405597
22 36 1405606
22 60 1405608
22 37 1405613
22 50 1405618
22 57 1405621
22 10 1405627
22 40 1405636
22 26 1405645
22 27 1405646
22 31 1405652
22 53 1405658
22 11 1405665
22 63 1405672
22 64 1405673
22 47 1405673
22 9 1405681
22 20 1405683
22 56 1405692
22 42 1405692
22 57 1405695
22 14 1405696
22 66 1405699
22 23 1405700
22 63 1405704
22 13 1405712
22 58 1405716
22 40 1405717
22 1 1405722
22 25 1405725
22 20 1405730
22 37 1405733
22 61 1405742
22 56 1405747
22 16 1405747
22 51 1405749
22 49 1405755
22 12 1405756
22 27 1405765
22 62 1405771
22 65 1405774
22 36 1405780
22 0 1405783
22 7 1405784
22 8 1405793
22 26 1405800
22 50 1405807
22 67 1405812
22 2 1405819
22 43 1405819
22 33 1405819
23 25 1405823
23 43 1405830
23 57 1405836
23 65 1405843
23 42 1405843
23 55 1405850
23 60 1405854
23 58 1405860
23 26 1405865
23 35 1405866
23 28 1405866
23 11 1405868
23 34 1405873
23 31 1405875
23 64 1405881
23 17 1405888
23 22 1405895
23 59 1405902
23 8 1405908
23 67 1405914
23 18 1405914
23 10 1405920
23 12 1405922
23 33 1405930
23 24 1405932
23 30 1405939
23 36 1405939
23 1 1405944
23 52 1405947
23 6 1405949
23 13 1405953
23 56 1405957
23 20 1405966
23 62 1405966
23 11 1405969
23 15 1405975
23 9 1405976
23 20 1405977
23 64 1405983
23 6 1405987
23 58 1405996
23 59 1405998
23 53 1405998
23 10 1406003
23 31 1406010
23 25 1406013
23 19 1406014
23 26 1406016
23 67 1406016
23 17 1406020
23 22 1406026
23 2 1406032
23 14 1406038
23 54 1406038
23 4 1406045
23 0 1406047
23 46 1406055
23 24 1406064
23 5 1406067
23 16 1406076
23 44 1406085
23 52 1406094
23 27 1406102
23 49 1406107
23 39 1406112
23 35 1406117
23 34 1406122
23 29 1406128
23 60 1406137
23 7 1406139
24 49 1406140
24 43 1406149
24 16 1406150
24 9 1406154
24 28 1406156
24 33 1406156
24 32 1406165
24 45 1406168
24 30 1406169
24 31 1406176
24 66 1406182
24 47 1406182
24 7 1406184
24 14 1406188
24 51 1406194
24 15 1406202
24 21 1406210
24 42 1406219
24 58 1406225
24 60 1406226
24 54 1406235
24 67 1406235
24 35 1406235
24 21 1406241
24 18 1406248
24 28 1406251
24 20 1406257
24 56 1406260
24 6 1406269
24 13 1406278
24 65 1406286
24 17 1406295
24 7 1406301
24 49 1406308
24 2 1406312
24 11 1406313
24 66 1406321
24 19 1406328
24 40 1406332
24 63 1406339
24 60 1406346
24 53 1406351
25 32 1406359
25 18 1406360
25 31 1406369
25 16 1406373
25 43 1406381
25 17 1406381
25 44 1406389
25 20 1406396
25 21 1406398
25 34 1406403
25 37 1406406
25 23 1406411
25 56 1406419
25 10 1406422
25 45 1406424
25 53 1406426
25 30 1406430
25 5 1406431
25 38 1406436
25 48 1406441
25 59 1406448
25 11 1406451
25 41 1406453
25 40 1406462
25 54 1406467
25 12 1406473
25 35 1406473
25 63 1406475
25 4 1406484
25 50 1406489
25 29 1406492
25 19 1406492
25 42 1406498
25 61 1406507
25 33 1406514
25 65 1406521
25 51 1406522
25 3 1406530
25 27 1406536
25 49 1406537
25 41 1406537
25 2 1406541
25 0 1406542
25 45 1406543
25 62 1406551
25 7 1406551
25 8 1406558
25 37 1406563
25 67 1406566
25 39 1406569
25 26 1406576
25 52 1406576
25 13 1406585
25 16 1406592
25 66 1406599
25 18 1406599
25 21 1406607
25 57 1406616
25 32 1406623
25 9 1406626
25 53 1406634
25 43 1406643
25 22 1406647
25 65 1406653
25 5 1406657
25 63 1406659
25 15 1406659
25 24 1406660
25 55 1406664
25 61 1406665
25 51 1406673
26 5 1406675
26 47 1406682
26 18 1406688
26 37 1406697
26 10 1406705
26 48 1406713
26 39 1406716
26 14 1406721
26 66 1406725
26 65 1406732
26 62 1406740
26 7 1406747
26 51 1406756
26 42 1406761
26 6 1406765
26 12 1406770
26 16 1406770
26 8 1406771
26 46 1406772
26 54 1406779
26 21 1406780
26 11 1406786
26 64 1406795
26 20 1406803
26 32 1406803
26 34 1406812
26 41 1406820
26 36 1406823
26 30 1406825
26 52 1406825
26 59 1406833
26 49 1406836
26 38 1406838
26 46 1406839
26 37 1406843
26 17 1406846
26 23 1406848
26 56 1406857
26 66 1406865
26 29 1406870
26 2 1406873
26 57 1406880
26 34 1406886
26 19 1406892
26 18 1406899
26 13 1406900
26 50 1406902
26 48 1406905
26 67 1406910
26 25 1406915
26 24 1406916
26 33 1406924
26 12 1406925
26 11 1406932
26 51 1406934
26 20 1406934
26 39 1406937
26 22 1406937
26 32 1406945
27 23 1406950
27 59 1406953
27 0 1406954
27 64 1406959
27 57 1406959
27 20 1406960
27 62 1406966
27 14 1406974
27 35 1406981
27 45 1406983
27 51 1406988
27 30 1406995
27 19 1407001
27 43 1407007
27 66 1407008
27 21 1407009
27 24 1407015
27 31 1407022
27 49 1407029
27 6 1407030
27 22 1407034
27 13 1407039
27 11 1407044
27 56 1407053
27 60 1407062
27 2 1407066
27 12 1407075
27 18 1407077
27 9 1407084
27 28 1407089
27 34 1407091
27 48 1407097
27 33 1407101
27 5 1407110
27 25 1407114
27 50 1407115
27 61 1407117
27 53 1407121
27 7 1407121
27 54 1407129
27 55 1407133
27 24 1407140
27 15 1407141
27 58 1407143
27 48 1407149
27 16 1407155
27 7 1407163
27 26 1407163
27 22 1407168
27 11 1407174
27 42 1407176
27 56 1407184
27 25 1407188
27 19 1407189
27 2 1407193
27 36 1407201
27 44 1407208
27 17 1407212
27 32 1407212
27 6 1407213
27 66 1407218
27 3 1407222
27 59 1407222
27 34 1407227
27 60 1407236
27 21 1407245
27 54 1407248
27 5 1407248
27 1 1407249
27 45 1407250
27 37 1407251
27 20 1407259
27 4 1407268
27 23 1407269
27 0 1407276
27 14 1407281
27 29 1407281
27 41 1407284
27 57 1407289
27 64 1407293
27 31 1407302
27 61 1407306
27 13 1407310
28 62 1407315
28 17 1407315
28 25 1407321
28 36 1407325
28 8 1407328
28 58 1407329
28 6 1407333
28 45 1407338
28 40 1407342
28 66 1407344
28 33 1407346
28 44 1407349
28 56 1407350
28 1 1407355
29 23 1407356
29 16 1407363
29 1 1407368
29 53 1407373
29 25 1407374
29 22 1407379
29 65 1407382
29 58 1407386
29 30 1407394
29 20 1407402
29 4 1407405
29 14 1407411
29 46 1407417
29 7 1407418
29 3 1407422
29 2 1407430
29 11 1407432
29 61 1407439
29 32 1407445
29 47 1407446
29 49 1407451
29 33 1407452
29 15 1407458
29 48 1407458
29 63 1407462
29 38 1407463
29 12 1407470
29 21 1407477
29 31 1407486
29 50 1407494
29 57 1407502
29 56 1407502
29 0 1407510
29 53 1407514
29 7 1407514
29 9 1407523
29 26 1407523
29 8 1407527
29 36 1407534
29 19 1407537
30 31 1407537
30 18 1407538
30 40 1407541
30 37 1407543
30 34 1407546
30 33 1407555
30 46 1407563
30 61 1407568
30 10 1407572
30 54 1407578
30 38 1407579
30 64 1407588
30 47 1407588
30 14 1407588
30 17 1407589
30 3 1407594
30 43 1407594
30 5 1407600
30 52 1407604
30 12 1407607
30 11 1407611
30 51 1407613
30 59 1407622
30 1 1407631
30 44 1407631
30 63 1407637
30 41 1407645
30 4 1407646
30 25 1407652
30 2 1407652
30 65 1407656
30 55 1407659
30 0 1407664
30 36 1407669
30 32 1407672
30 50 1407676
30 60 1407678
30 23 1407682
30 9 1407691
30 39 1407692
30 47 1407696
30 13 1407700
30 8 1407708
30 12 1407712
30 33 1407720
30 5 1407720
30 21 1407724
30 26 1407725
30 7 1407727
30 57 1407728
30 24 1407729
30 17 1407737
30 43 1407742
30 60 1407746
30 53 1407747
30 38 1407756
30 32 1407758
30 3 1407761
30 46 1407766
30 62 1407772
30 9 1407780
30 0 1407782
30 51 1407789
30 56 1407796
30 1 1407805
30 6 1407805
30 28 1407806
30 23 1407807
30 14 1407813
30 61 1407815
30 52 1407818
30 55 1407820
30 37 1407820
30 45 1407823
30 11 1407827
30 40 1407829
30 49 1407830
30 20 1407832
30 50 1407835
30 16 1407838
30 31 1407840
30 39 1407844
30 59 1407850
31 38 1407858
31 16 1407863
31 6 1407866
31 57 1407870
31 41 1407871
31 0 1407872
31 58 1407877
31 47 1407882
31 12 1407882
31 43 1407890
31 50 1407894
31 19 1407899
31 65 1407906
31 51 1407908
31 27 1407915
31 7 1407920
31 24 1407927
31 10 1407930
31 59 1407934
31 60 1407935
31 66 1407942
31 1 1407943
31 45 1407948
31 53 1407954
31 4 1407957
31 40 1407965
31 62 1407973
31 54 1407982
31 39 1407985
31 3 1407987
31 22 1407989
31 14 1407996
31 33 1408004
31 13 1408004
31 20 1408009
31 9 1408014
31 37 1408020
31 2 1408022
31 51 1408029
31 7 1408032
31 52 1408032
31 25 1408033
31 44 1408041
31 50 1408048
31 67 1408050
31 27 1408052
31 26 1408059
31 35 1408063
31 33 1408071
31 43 1408073
31 41 1408077
31 46 1408082
31 18 1408091
31 34 1408093
31 64 1408098
31 42 1408098
31 32 1408105
31 15 1408112
31 61 1408118
31 24 1408122
31 17 1408129
31 40 1408134
31 4 1408134
31 58 1408140
31 3 1408147
31 37 1408148
31 13 1408151
31 65 1408152
31 45 1408160
31 16 1408164
31 28 1408166
31 53 1408175
31 63 1408180
31 21 1408188
32 21 1408191
32 2 1408193
32 0 1408194
32 37 1408195
32 5 1408195
32 47 1408197
32 7 1408205
32 38 1408205
32 4 1408211
32 65 1408219
32 27 1408220
32 26 1408222
32 66 1408226
32 8 1408233
32 53 1408239
32 58 1408247
32 59 1408256
32 3 1408263
32 19 1408266
32 49 1408275
32 48 1408277
32 29 1408278
32 18 1408285
32 20 1408290
32 13 1408293
32 31 1408298
32 23 1408299
32 52 1408307
32 25 1408308
32 55 1408310
32 41 1408316
32 39 1408324
32 30 1408327
32 27 1408330
32 15 1408335
32 60 1408338
32 67 1408343
32 4 1408344
32 1 1408348
32 14 1408356
32 61 1408358
32 0 1408363
32 33 1408370
32 9 1408376
32 10 1408380
32 56 1408384
32 17 1408391
32 21 1408393
32 46 1408396
32 48 1408397
32 62 1408397
32 12 1408402
32 29 1408405
32 44 1408407
32 22 1408409
33 14 1408416
33 35 1408418
33 44 1408419
33 20 1408427
33 43 1408427
34 66 1408434
34 38 1408438
34 16 1408441
34 19 1408444
34 46 1408444
34 28 1408444
34 43 1408452
34 2 1408453
34 26 1408459
34 65 1408468
34 39 1408470
34 59 1408479
34 27 1408488
34 55 1408492
34 11 1408499
34 8 1408507
34 61 1408510
34 42 1408515
34 21 1408516
34 7 1408517
34 10 1408526
34 22 1408530
34 56 1408531
34 40 1408536
34 54 1408537
34 24 1408539
34 13 1408544
34 63 1408545
34 30 1408547
34 4 1408554
34 53 1408562
34 18 1408565
34 49 1408574
34 27 1408574
34 41 1408579
34 51 1408581
34 9 1408585
34 52 1408591
34 6 1408600
34 12 1408609
34 48 1408614
34 56 1408614
34 24 1408619
34 46 1408623
34 63 1408632
34 47 1408634
34 57 1408636
34 15 1408643
34 61 1408645
34 16 1408649
34 35 1408653
34 45 1408661
34 21 1408661
34 19 1408661
34 1 1408666
34 60 1408666
34 29 1408674
34 66 1408679
34 62 1408681
34 54 1408681
34 25 1408686
34 5 1408692
34 40 1408697
34 49 1408703
34 44 1408707
34 33 1408716
34 26 1408719
34 14 1408720
35 20 1408727
35 42 1408736
35 41 1408744
35 33 1408744
35 8 1408749
35 11 1408751
35 30 1408757
35 60 1408760
36 45 1408767
36 56 1408775
36 59 1408775
36 43 1408781
36 58 1408787
36 11 1408787
36 19 1408792
36 1 1408798
36 60 1408806
36 66 1408810
36 9 1408819
36 32 1408826
36 33 1408826
36 34 1408834
36 3 1408838
36 66 1408842
36 52 1408845
36 49 1408848
36 40 1408855
36 60 1408859
36 20 1408868
36 5 1408872
36 18 1408875
36 37 1408876
36 38 1408884
36 10 1408891
37 43 1408900
37 6 1408907
37 18 1408911
37 60 1408914
37 29 1408915
37 10 1408921
37 21 1408926
37 15 1408935
37 41 1408939
37 61 1408944
37 33 1408953
37 36 1408962
37 23 1408962
37 42 1408971
37 17 1408979
37 50 1408986
37 26 1408991
37 52 1408998
37 2 1409001
37 22 1409006
37 45 1409012
37 5 1409020
37 54 1409028
37 39 1409031
37 49 1409037
37 11 1409046
37 20 1409049
37 64 1409051
37 14 1409057
37 13 1409065
37 8 1409072
37 39 1409078
37 3 1409084
37 61 1409088
37 45 1409090
37 62 1409099
37 19 1409099
37 10 1409099
37 66 1409108
37 21 1409114
37 14 1409123
37 15 1409132
37 54 1409135
37 2 1409142
37 51 1409151
37 31 1409159
37 40 1409166
37 43 1409175
37 18 1409184
37 34 1409191
37 20 1409191
37 67 1409191
37 29 1409193
37 32 1409202
37 55 1409210
37 57 1409211
37 11 1409215
37 56 1409219
37 50 1409223
37 33 1409228
37 46 1409228
37 35 1409237
38 24 1409246
38 62 1409250
38 43 1409258
38 1 1409263
38 49 1409271
38 11 1409277
38 9 1409281
38 33 1409283
38 21 1409290
38 46 1409293
38 27 1409295
38 19 1409302
38 3 1409305
38 5 1409306
38 52 1409314
38 67 1409322
38 35 1409328
38 63 1409334
38 29 1409337
38 20 1409341
38 6 1409342
38 47 1409346
38 48 1409354
38 28 1409358
38 25 1409361
38 54 1409369
38 42 1409372
38 22 1409372
38 44 1409377
38 12 1409385
38 64 1409391
38 52 1409396
38 11 1409404
38 3 1409406
38 14 1409415
38 51 1409420
38 9 1409428
38 0 1409429
38 33 1409435
38 4 1409444
38 41 1409446
38 15 1409454
38 56 1409462
38 28 1409466
38 36 1409470
38 55 1409473
38 7 1409474
38 29 1409483
38 49 1409489
38 31 1409492
38 24 1409495
38 22 1409501
38 54 1409505
38 27 1409508
38 53 1409513
38 45 1409520
38 23 1409521
38 32 1409521
38 17 1409529
38 6 1409537
38 25 1409542
38 19 1409549
38 46 1409553
39 25 1409556
39 51 1409563
39 27 1409570
39 19 1409579
39 40 1409588
39 48 1409589
39 30 1409597
39 14 1409598
39 57 1409601
39 65 1409606
39 20 1409612
39 1 1409618
39 23 1409621
39 36 1409624
39 10 1409630
39 59 1409639
39 26 1409646
39 47 1409655
39 28 1409657
39 56 1409659
39 29 1409666
39 5 1409667
39 55 1409674
39 15 1409678
39 66 1409685
39 67 1409685
39 33 1409688
39 24 1409692
39 4 1409697
39 32 1409701
39 34 1409704
39 50 1409706
39 12 1409715
39 9 1409717
39 46 1409725
39 0 1409726
39 61 1409735
39 63 1409743
39 34 1409747
39 5 1409754
39 30 1409757
39 65 1409761
39 64 1409762
39 35 1409767
39 26 1409772
39 59 1409776
39 50 1409778
39 63 1409785
39 53 1409789
39 52 1409794
39 37 1409800
39 3 1409804
39 8 1409808
39 56 1409814
39 7 1409823
39 2 1409827
39 24 1409828
39 28 1409834
39 46 1409838
39 21 1409839
39 14 1409846
39 36 1409853
39 66 1409857
39 9 1409857
39 62 1409861
39 49 1409868
39 67 1409870
39 38 1409876
39 0 1409878
39 18 1409885
39 47 1409893
39 57 1409901
39 16 1409904
39 31 1409904
39 55 1409904
39 58 1409911
39 12 1409913
39 51 1409920
40 21 1409921
40 27 1409924
40 5 1409926
40 22 1409926
40 23 1409929
40 19 1409938
40 54 1409938
40 24 1409940
40 59 1409948
40 42 1409953
40 66 1409955
40 25 1409961
40 26 1409970
40 61 1409974
40 38 1409976
40 7 1409981
40 14 1409989
40 44 1409997
40 50 1410000
40 48 1410008
40 35 1410010
40 15 1410012
40 28 1410016
40 62 1410018
40 0 1410021
40 30 1410028
40 13 1410034
40 31 1410036
40 52 1410036
40 56 1410038
40 2 1410044
40 12 1410052
40 36 1410058
40 51 1410065
40 58 1410073
40 55 1410075
40 65 1410077
40 45 1410083
40 53 1410085
40 8 1410086
40 32 1410086
40 9 1410087
40 0 1410089
40 22 1410093
40 29 1410098
40 20 1410103
40 2 1410111
40 38 1410119
40 52 1410120
40 37 1410128
40 53 1410131
40 30 1410133
40 25 1410138
40 58 1410139
40 57 1410143
40 63 1410152
40 32 1410156
40 49 1410164
40 44 1410170
40 10 1410172
40 8 1410180
40 55 1410186
40 41 1410188
40 35 1410191
40 42 1410191
40 50 1410200
40 45 1410201
40 51 1410207
40 67 1410213
40 26 1410220
40 62 1410228
40 36 1410230
40 43 1410237
40 19 1410242
40 5 1410246
41 5 1410249
41 8 1410253
41 17 1410255
41 12 1410264
41 23 1410269
41 15 1410272
41 19 1410280
41 22 1410285
41 50 1410293
41 3 1410302
41 43 1410310
41 7 1410317
41 34 1410321
41 44 1410321
41 45 1410325
41 63 1410331
41 9 1410340
41 26 1410344
41 57 1410349
41 35 1410351
41 62 1410354
41 36 1410363
41 24 1410366
41 40 1410369
41 55 1410378
41 29 1410381
41 0 1410388
41 65 1410391
41 47 1410392
41 4 1410394
41 31 1410400
41 42 1410407
41 66 1410409
41 40 1410414
41 4 1410414
41 14 1410414
41 43 1410417
41 44 1410426
41 13 1410427
41 64 1410431
41 5 1410439
41 34 1410441
41 15 1410441
41 24 1410450
41 27 1410453
41 58 1410456
41 21 1410459
41 9 1410468
41 61 1410471
41 0 1410475
41 53 1410475
41 18 1410480
41 54 1410487
41 20 1410488
41 33 1410496
41 25 1410503
41 52 1410504
41 39 1410506
41 65 1410512
42 21 1410513
42 57 1410521
42 55 1410522
42 15 1410522
42 49 1410524
42 38 1410531
42 4 1410531
42 40 1410537
42 13 1410539
42 25 1410548
43 11 1410551
43 8 1410551
43 62 1410555
43 2 1410564
43 42 1410567
43 32 1410570
43 61 1410570
43 36 1410577
43 18 1410582
43 66 1410584
43 30 1410593
43 14 1410601
43 53 1410609
43 31 1410614
43 45 1410622
43 28 1410630
44 36 1410639
44 54 1410648
44 3 1410653
44 51 1410657
44 2 1410666
44 28 1410666
44 67 1410671
44 48 1410672
44 43 1410676
44 21 1410680
44 4 1410687
44 33 1410693
44 47 1410699
44 38 1410704
44 66 1410706
44 52 1410711
44 17 1410720
44 62 1410726
44 45 1410730
44 7 1410739
44 34 1410742
44 50 1410750
44 6 1410751
44 12 1410756
44 24 1410758
44 57 1410758
44 41 1410763
44 46 1410772
44 5 1410773
44 13 1410773
44 42 1410780
44 26 1410780
44 63 1410780
44 30 1410785
44 25 1410786
44 22 1410790
44 16 1410793
44 63 1410796
44 13 1410801
44 61 1410803
44 4 1410806
44 23 1410812
44 7 1410820
44 43 1410822
44 60 1410822
44 47 1410825
44 8 1410831
44 58 1410835
44 20 1410841
44 54 1410850
44 42 1410858
44 29 1410860
44 12 1410861
44 57 1410865
44 33 1410868
44 64 1410869
44 0 1410878
44 30 1410887
44 27 1410893
44 6 1410897
44 24 1410905
44 3 1410907
44 65 1410908
44 5 1410915
44 36 1410919
44 28 1410925
44 38 1410932
44 49 1410933
44 59 1410942
44 45 1410942
45 48 1410944
45 44 1410949
45 10 1410954
45 59 1410957
45 12 1410957
45 31 1410962
45 47 1410969
45 19 1410977
45 28 1410978
45 16 1410978
45 27 1410986
45 63 1410986
45 57 1410988
45 7 1410989
45 37 1410997
45 18 1411006
45 10 1411012
45 61 1411019
45 23 1411026
45 33 1411030
45 42 1411033
45 1 1411034
45 29 1411043
45 41 1411047
45 34 1411052
45 50 1411059
45 22 1411068
45 6 1411075
45 19 1411081
46 32 1411083
46 67 1411092
46 65 1411096
46 47 1411105
46 29 1411109
46 25 1411118
46 9 1411122
46 38 1411126
46 22 1411126
46 21 1411134
46 2 1411142
46 8 1411145
46 48 1411151
46 20 1411152
46 60 1411153
46 49 1411157
46 13 1411163
46 28 1411167
46 17 1411169
46 30 1411172
46 61 1411172
46 39 1411176
46 42 1411183
46 44 1411189
46 17 1411195
46 21 1411201
46 59 1411203
46 12 1411211
46 19 1411211
46 26 1411220
46 34 1411226
46 48 1411228
46 61 1411235
46 65 1411235
46 41 1411237
46 20 1411237
46 27 1411239
46 52 1411241
46 37 1411242
46 36 1411251
46 66 1411259
46 18 1411262
46 14 1411265
46 63 1411274
46 25 1411283
46 33 1411290
46 39 1411296
46 0 1411302
46 67 1411310
46 51 1411317
46 16 1411317
47 53 1411318
47 52 1411319
47 55 1411320
47 3 1411329
47 22 1411335
47 43 1411336
47 15 1411344
47 54 1411346
47 13 1411350
48 47 1411358
48 1 1411359
48 16 1411361
48 11 1411362
48 5 1411364
48 19 1411364
48 21 1411370
48 6 1411378
48 63 1411381
48 2 1411384
48 29 1411384
48 52 1411384
48 43 1411390
48 33 1411391
48 61 1411392
48 62 1411394
48 17 1411398
48 51 1411405
48 24 1411412
48 44 1411420
48 49 1411429
48 60 1411432
48 64 1411436
48 41 1411441
48 29 1411450
48 57 1411454
48 52 1411463
48 23 1411465
48 42 1411468
48 55 1411476
48 19 1411481
48 61 1411483
48 18 1411491
48 62 1411491
48 3 1411499
48 27 1411499
48 32 1411507
48 0 1411509
48 6 1411517
49 50 1411520
49 67 1411527
49 63 1411528
49 30 1411528
49 17 1411536
49 11 1411536
49 44 1411537
49 22 1411537
49 40 1411537
49 57 1411541
50 63 1411550
50 15 1411555
50 59 1411558
50 41 1411564
50 35 1411565
50 3 1411565
50 36 1411574
50 7 1411575
50 49 1411578
50 65 1411587
50 52 1411596
50 51 1411603
50 55 1411612
50 2 1411613
50 54 1411614
50 39 1411620
50 30 1411621
50 22 1411630
50 38 1411639
50 44 1411639
50 21 1411648
50 20 1411648
50 33 1411655
50 25 1411655
50 45 1411655
50 23 1411657
50 8 1411661
50 46 1411664
50 14 1411669
50 42 1411673
50 24 1411678
50 4 1411684
50 31 1411690
50 53 1411696
50 21 1411703
50 16 1411704
50 19 1411707
50 45 1411707
50 67 1411712
50 26 1411714
50 5 1411716
50 47 1411717
50 20 1411725
50 6 1411727
50 58 1411731
50 30 1411732
50 1 1411735
50 37 1411737
50 44 1411745
50 40 1411750
50 35 1411757
50 17 1411766
50 49 1411770
50 51 1411777
50 61 1411780
50 24 1411783
50 42 1411790
50 54 1411798
50 53 1411800
50 15 1411805
50 29 1411811
50 22 1411815
50 34 1411819
50 23 1411828
50 48 1411834
50 7 1411837
50 8 1411843
51 37 1411852
51 43 1411858
51 55 1411865
51 31 1411873
51 39 1411876
51 63 1411883
51 20 1411890
51 59 1411899
51 4 1411907
51 66 1411908
51 25 1411912
51 40 1411921
51 61 1411921
51 42 1411927
51 26 1411936
51 1 1411940
51 30 1411946
51 8 1411955
51 56 1411964
51 66 1411971
51 27 1411971
51 14 1411971
51 52 1411971
51 28 1411973
51 58 1411982
51 15 1411990
51 63 1411997
51 31 1412004
51 39 1412008
51 9 1412014
51 59 1412014
51 53 1412014
52 56 1412022
52 9 1412022
52 19 1412030
53 41 1412038
53 26 1412046
53 44 1412046
53 34 1412049
53 39 1412049
53 38 1412057
53 5 1412058
53 18 1412065
53 59 1412068
53 67 1412069
53 29 1412073
53 31 1412077
53 63 1412085
53 51 1412093
53 8 1412100
53 3 1412107
53 60 1412112
53 1 1412112
53 9 1412116
53 21 1412117
53 30 1412118
53 64 1412118
53 12 1412122
53 32 1412127
53 47 1412128
53 4 1412136
53 25 1412142
53 49 1412145
53 43 1412146
53 22 1412149
53 62 1412151
53 7 1412160
53 37 1412160
53 65 1412164
53 24 1412165
53 20 1412168
53 48 1412170
53 55 1412176
53 47 1412178
53 15 1412178
53 31 1412180
53 14 1412180
53 56 1412183
53 49 1412183
53 58 1412192
53 6 1412199
53 36 1412204
53 64 1412204
53 61 1412211
53 3 1412219
53 46 1412225
53 7 1412227
53 0 1412235
53 22 1412240
53 65 1412245
53 34 1412246
53 63 1412253
53 52 1412262
53 30 1412264
53 33 1412272
53 51 1412272
53 16 1412273
53 39 1412277
53 1 1412280
53 17 1412289
53 21 1412295
53 5 1412299
53 59 1412308
53 41 1412312
54 63 1412314
54 19 1412322
54 27 1412325
54 45 1412333
54 50 1412340
54 33 1412342
54 23 1412344
54 17 1412344
54 60 1412346
54 16 1412349
54 2 1412354
54 29 1412355
54 22 1412361
54 14 1412368
54 21 1412373
54 46 1412373
54 52 1412380
54 5 1412383
54 58 1412386
54 64 1412391
54 34 1412399
54 15 1412402
54 42 1412411
54 3 1412416
54 8 1412418
54 12 1412425
54 9 1412429
54 1 1412434
54 64 1412442
54 20 1412450
54 4 1412451
54 15 1412455
54 21 1412459
54 12 1412468
54 7 1412477
54 19 1412485
54 11 1412488
54 3 1412488
54 10 1412495
54 46 1412503
54 31 1412504
54 58 1412508
54 41 1412517
54 26 1412526
54 44 1412534
54 49 1412535
54 40 1412542
54 2 1412548
54 66 1412554
54 35 1412557
54 34 1412557
54 36 1412560
54 60 1412566
54 39 1412573
54 25 1412577
54 51 1412577
54 8 1412578
55 26 1412580
55 27 1412583
55 21 1412586
55 1 1412589
55 47 1412595
55 52 1412603
55 22 1412609
55 59 1412618
55 23 1412622
55 2 1412624
55 12 1412627
55 51 1412631
55 31 1412635
55 8 1412640
55 38 1412644
55 61 1412647
55 45 1412656
55 42 1412665
55 30 1412670
55 35 1412676
55 62 1412677
55 17 1412683
55 32 1412692
55 41 1412697
55 24 1412698
55 63 1412704
55 11 1412707
55 4 1412716
55 9 1412724
55 58 1412724
55 33 1412724
55 65 1412729
55 14 1412730
55 3 1412737
55 16 1412742
55 37 1412747
55 18 1412747
55 43 1412749
55 64 1412752
55 15 1412759
55 29 1412763
55 46 1412766
55 20 1412768
55 30 1412770
55 65 1412772
55 48 1412778
55 13 1412781
55 64 1412781
55 46 1412783
55 15 1412783
55 62 1412783
55 8 1412785
55 19 1412790
55 18 1412795
55 24 1412796
55 2 1412802
55 52 1412809
55 51 1412809
55 49 1412809
55 25 1412809
55 9 1412810
55 28 1412818
55 11 1412820
55 4 1412820
55 58 1412820
55 66 1412824
55 44 1412825
55 7 1412825
55 56 1412830
55 14 1412835
55 37 1412835
55 27 1412837
55 42 1412843
55 31 1412851
55 60 1412854
55 0 1412860
55 16 1412867
55 57 1412875
55 29 1412880
55 23 1412882
55 20 1412889
55 67 1412897
55 54 1412900
55 45 1412904
55 10 1412911
56 11 1412919
56 42 1412927
56 55 1412929
56 53 1412929
56 54 1412932
56 9 1412936
56 19 1412939
56 48 1412946
56 29 1412955
56 58 1412964
56 10 1412970
56 8 1412979
56 6 1412985
56 38 1412992
56 32 1412994
56 28 1413000
56 46 1413006
56 26 1413006
56 37 1413010
56 62 1413012
56 12 1413014
56 17 1413019
56 57 1413024
56 23 1413028
56 22 1413033
56 5 1413037
57 14 1413043
57 46 1413045
57 31 1413045
57 36 1413054
57 56 1413056
57 43 1413056
57 38 1413062
57 17 1413065
57 18 1413072
57 49 1413078
57 66 1413080
57 7 1413087
57 4 1413096
57 42 1413100
57 9 1413107
57 32 1413108
57 3 1413112
57 51 1413112
57 19 1413121
57 24 1413124
57 16 1413125
57 20 1413127
57 61 1413130
57 41 1413138
57 47 1413139
57 21 1413143
57 0 1413144
57 40 1413145
57 15 1413147
57 27 1413148
57 1 1413153
57 34 1413157
57 67 1413158
57 12 1413158
57 25 1413165
57 6 1413171
57 26 1413180
57 45 1413180
57 58 1413185
57 23 1413188
57 10 1413196
57 62 1413201
57 52 1413209
57 48 1413211
57 24 1413219
57 43 1413222
57 34 1413226
57 48 1413231
57 55 1413233
57 65 1413241
57 11 1413241
57 35 1413245
57 67 1413254
57 56 1413259
57 40 1413259
57 33 1413266
57 15 1413273
57 23 1413275
57 16 1413277
57 18 1413282
57 45 1413285
57 28 1413288
57 10 1413289
57 47 1413290
57 9 1413297
57 44 1413302
57 32 1413303
57 64 1413307
57 37 1413311
57 36 1413312
57 60 1413315
57 0 1413318
57 49 1413320
57 62 1413323
57 59 1413329
57 1 1413332
57 30 1413340
57 2 1413343
57 52 1413347
57 17 1413351
57 4 1413357
57 29 1413358
57 58 1413361
57 39 1413368
57 25 1413368
57 66 1413377
57 27 1413381
57 3 1413382
58 30 1413390
58 47 1413396
58 24 1413402
58 31 1413405
59 25 1413411
59 63 1413419
59 51 1413419
59 48 1413424
59 42 1413424
59 28 1413430
59 34 1413435
59 9 1413443
59 41 1413443
59 62 1413451
59 37 1413453
59 31 1413460
59 67 1413465
59 14 1413471
59 19 1413476
59 15 1413481
59 65 1413488
59 7 1413489
59 49 1413490
59 22 1413490
59 11 1413494
59 21 1413496
59 60 1413503
59 52 1413505
59 4 1413506
59 16 1413513
59 18 1413522
59 17 1413524
59 24 1413530
59 8 1413531
59 1 1413532
59 5 1413535
59 39 1413536
59 58 1413544
59 64 1413547
59 32 1413553
59 44 1413556
59 46 1413556
59 36 1413561
59 49 1413564
59 22 1413570
59 12 1413574
59 33 1413579
59 0 1413586
59 39 1413592
59 52 1413598
59 63 1413601
59 20 1413605
59 3 1413613
59 47 1413616
59 65 1413625
59 16 1413632
59 29 1413640
59 26 1413645
59 53 1413649
59 7 1413649
59 4 1413652
59 10 1413659
59 8 1413660
59 13 1413661
59 28 1413670
59 32 1413671
59 6 1413679
59 50 1413684
59 64 1413690
59 54 1413693
59 48 1413699
59 25 1413703
59 37 1413709
59 43 1413717
59 15 1413720
59 67 1413728
59 40 1413731
59 55 1413731
60 39 1413734
60 42 1413743
60 54 1413747
60 4 1413748
60 22 1413749
60 67 1413751
60 34 1413757
60 50 1413758
60 41 1413759
60 57 1413763
60 31 1413768
60 29 1413773
60 14 1413775
60 37 1413781
60 11 1413786
60 26 1413792
60 18 1413797
60 21 1413805
60 35 1413812
60 43 1413818
60 12 1413822
60 32 1413830
60 20 1413834
60 24 1413842
60 62 1413851
60 0 1413859
60 53 1413868
60 40 1413874
60 6 1413878
60 7 1413879
60 66 1413888
60 49 1413889
60 13 1413890
60 3 1413896
60 15 1413897
60 36 1413900
60 23 1413907
60 52 1413907
60 45 1413916
60 44 1413922
60 59 1413930
60 48 1413935
60 25 1413938
60 28 1413947
60 44 1413948
60 57 1413949
60 14 1413949
60 13 1413953
60 4 1413955
60 66 1413961
60 42 1413969
60 32 1413977
60 31 1413983
60 23 1413987
60 45 1413995
60 3 1414003
60 33 1414009
60 59 1414016
60 56 1414017
60 46 1414020
60 62 1414028
60 65 1414034
60 52 1414041
60 34 1414049
60 24 1414058
60 64 1414065
60 47 1414067
60 25 1414076
60 36 1414082
60 54 1414088
60 35 1414088
60 7 1414097
60 10 1414101
60 41 1414110
60 8 1414112
60 38 1414112
60 30 1414113
60 12 1414119
60 18 1414124
60 29 1414133
60 55 1414133
61 6 1414138
61 63 1414145
61 65 1414146
61 62 1414147
61 36 1414150
61 67 1414156
61 27 1414157
61 51 1414158
61 55 1414163
61 60 1414168
61 7 1414174
61 48 1414181
61 35 1414189
61 18 1414196
61 54 1414196
61 29 1414201
61 46 1414207
61 21 1414207
61 57 1414210
61 15 1414211
61 64 1414219
61 10 1414221
61 29 1414226
61 51 1414226
61 58 1414228
61 20 1414235
61 23 1414242
61 57 1414249
61 43 1414256
61 47 1414261
61 4 1414270
61 59 1414279
61 14 1414288
61 22 1414293
61 56 1414299
61 8 1414299
61 17 1414301
61 55 1414302
61 53 1414309
62 16 1414314
62 44 1414323
62 5 1414331
62 18 1414332
62 47 1414338
62 38 1414344
62 40 1414351
62 32 1414356
62 28 1414359
62 25 1414361
62 13 1414368
62 11 1414372
62 59 1414376
62 0 1414383
62 20 1414392
62 31 1414399
62 35 1414404
62 46 1414407
62 17 1414416
62 60 1414424
62 24 1414430
62 52 1414439
62 1 1414445
62 10 1414451
62 39 1414454
62 67 1414458
62 14 1414466
62 8 1414468
62 65 1414472
62 66 1414474
62 34 1414477
62 45 1414486
62 26 1414493
62 29 1414496
62 9 1414504
62 52 1414504
62 2 1414510
62 25 1414512
62 20 1414516
62 32 1414523
62 13 1414525
62 38 1414529
62 29 1414535
62 54 1414535
62 4 1414538
62 7 1414544
62 34 1414547
62 55 1414556
62 39 1414558
62 48 1414561
62 64 1414568
62 21 1414577
62 23 1414583
62 42 1414589
62 67 1414591
62 18 1414598
62 19 1414605
62 14 1414614
62 17 1414621
62 49 1414622
62 61 1414626
62 56 1414629
62 10 1414637
62 53 1414639
62 30 1414642
62 43 1414644
62 66 1414645
62 22 1414653
62 24 1414656
62 65 1414665
62 60 1414669
62 16 1414669
63 57 1414675
63 34 1414677
63 37 1414683
63 30 1414688
63 36 1414690
64 41 1414690
64 16 1414699
64 30 1414708
64 2 1414715
64 5 1414724
64 25 1414726
64 50 1414733
64 12 1414739
64 44 1414742
64 52 1414750
64 26 1414754
64 22 1414760
64 37 1414760
64 23 1414769
64 51 1414773
64 67 1414776
64 34 1414782
64 10 1414783
64 39 1414792
64 24 1414801
64 9 1414809
64 13 1414817
64 62 1414820
64 48 1414821
64 37 1414821
64 62 1414822
64 27 1414823
64 57 1414829
64 10 1414835
64 18 1414836
64 28 1414838
64 8 1414844
64 50 1414851
64 4 1414860
64 51 1414860
64 65 1414868
64 67 1414874
64 33 1414875
64 25 1414882
64 60 1414891
64 24 1414898
64 43 1414898
64 46 1414907
64 16 1414909
64 44 1414913
64 54 1414915
64 36 1414924
65 29 1414929
65 63 1414938
65 28 1414945
65 64 1414950
65 15 1414959
65 56 1414967
65 43 1414974
65 2 1414977
65 40 1414981
65 33 1414982
65 45 1414987
65 14 1414996
65 8 1414998
65 37 1415005
65 23 1415007
65 8 1415007
65 26 1415013
65 59 1415015
65 49 1415019
65 57 1415026
65 62 1415026
65 17 1415028
65 1 1415033
65 22 1415035
65 56 1415036
65 4 1415039
65 28 1415041
65 47 1415047
65 12 1415047
65 58 1415053
66 30 1415062
66 18 1415069
66 31 1415074
66 44 1415079
66 45 1415087
66 61 1415089
66 35 1415092
66 59 1415101
66 37 1415109
66 22 1415110
66 13 1415112
66 67 1415118
66 12 1415127
66 25 1415135
66 56 1415136
66 26 1415139
66 50 1415143
66 9 1415152
66 40 1415156
66 34 1415162
66 39 1415170
66 53 1415174
66 28 1415183
66 12 1415191
66 5 1415194
66 29 1415200
66 61 1415200
66 39 1415201
66 3 1415203
66 9 1415206
66 27 1415211
66 44 1415220
66 53 1415229
66 11 1415238
66 33 1415244
66 2 1415249
66 45 1415255
66 65 1415261
66 4 1415262
66 7 1415270
66 60 1415277
66 47 1415280
66 48 1415289
67 47 1415291
67 57 1415299
67 28 1415308
67 25 1415311
67 56 1415314
67 8 1415318
67 60 1415326
67 42 1415327
67 48 1415335
67 43 1415337
67 52 1415339
67 0 1415345
67 27 1415350
67 16 1415354
67 1 1415361
67 49 1415363
67 35 1415366
67 61 1415372
67 24 1415376
67 0 1415380
67 50 1415387
67 7 1415396
67 18 1415402
67 57 1415408
