71
true
0 58 1589600
0 39 1589603
0 28 1589603
0 33 1589604
0 51 1589608
0 25 1589614
0 3 1589621
0 62 1589621
0 18 1589624
0 22 1589629
0 13 1589636
0 68 1589645
0 9 1589649
0 19 1589657
0 56 1589657
0 64 1589661
0 20 1589664
0 47 1589664
0 46 1589672
0 37 1589680
0 27 1589688
0 43 1589689
0 42 1589694
0 65 1589699
0 4 1589707
0 5 1589709
0 15 1589710
0 49 1589714
0 55 1589716
0 29 1589718
0 63 1589727
0 69 1589727
0 59 1589732
0 12 1589735
0 57 1589739
0 60 1589745
0 23 1589749
0 66 1589756
0 40 1589760
0 48 1589763
0 17 1589766
0 14 1589770
0 44 1589779
0 10 1589785
0 67 1589790
0 43 1589797
0 46 1589798
0 37 1589801
0 17 1589806
0 34 1589815
0 21 1589815
0 19 1589822
0 57 1589823
0 3 1589827
0 40 1589830
0 35 1589837
0 8 1589846
0 10 1589848
0 26 1589854
0 2 1589858
0 30 1589859
0 61 1589865
0 41 1589873
0 39 1589882
0 16 1589887
0 42 1589887
0 28 1589894
0 56 1589900
0 51 1589908
0 69 1589914
0 53 1589914
0 44 1589922
0 15 1589929
0 12 1589932
0 11 1589938
0 23 1589943
0 47 1589951
0 13 1589953
0 52 1589955
0 66 1589956
0 70 1589962
0 68 1589970
0 31 1589978
0 38 1589983
1 3 1589984
1 0 1589984
1 64 1589993
1 28 1589997
1 52 1589997
1 31 1589998
1 5 1590002
1 48 1590011
1 36 1590020
1 61 1590025
1 53 1590025
1 41 1590027
1 63 1590030
1 20 1590039
1 7 1590039
1 58 1590042
1 12 1590044
1 15 1590044
1 55 1590052
1 60 1590056
1 35 1590063
1 21 1590064
1 57 1590064
1 13 1590064
1 17 1590070
1 65 1590076
1 70 1590080
1 37 1590086
1 51 1590090
1 38 1590090
1 56 1590091
1 18 1590097
1 50 1590099
1 42 1590101
1 70 1590103
1 37 1590108
1 47 1590108
1 25 1590116
1 19 1590120
1 68 1590126
1 54 1590134
1 64 1590141
1 33 1590143
1 32 1590147
1 61 1590155
1 27 1590161
1 39 1590169
1 67 1590170
1 5 1590172
1 53 1590180
1 60 1590183
1 14 1590190
1 52 1590191
1 24 1590199
2 19 1590201
2 12 1590207
2 35 1590210
2 20 1590210
2 51 1590215
2 13 1590224
2 45 1590226
2 1 1590231
2 55 1590231
2 68 1590240
2 49 1590243
2 26 1590252
2 31 1590253
2 67 1590257
2 17 1590261
2 58 1590265
2 63 1590274
2 50 1590276
2 43 1590285
2 23 1590286
2 30 1590288
2 9 1590290
2 57 1590290
2 5 1590296
2 20 1590297
2 40 1590299
2 14 1590300
2 22 1590307
2 19 1590314
2 56 1590319
2 7 1590326
2 26 1590332
2 66 1590336
2 69 1590341
3 6 1590342
3 65 1590346
3 70 1590353
3 17 1590354
3 37 1590356
3 68 1590361
3 47 1590367
3 13 1590371
3 69 1590377
3 23 1590386
3 32 1590395
3 58 1590400
3 56 1590400
3 30 1590406
3 60 1590412
3 36 1590419
3 25 1590428
3 12 1590432
3 40 1590433
3 63 1590439
3 28 1590448
3 18 1590452
3 55 1590459
3 52 1590467
3 27 1590470
3 34 1590473
3 33 1590473
3 7 1590475
3 59 1590482
3 4 1590484
3 20 1590493
3 39 1590501
3 10 1590510
3 35 1590518
3 31 1590523
3 44 1590528
3 48 1590534
3 14 1590536
3 5 1590536
3 40 1590540
3 37 1590541
3 12 1590545
3 18 1590545
3 54 1590549
3 61 1590549
3 70 1590556
3 29 1590562
3 48 1590565
3 8 1590572
3 42 1590575
3 64 1590576
3 30 1590584
3 66 1590584
3 25 1590587
3 60 1590591
3 15 1590600
3 58 1590608
3 52 1590609
3 43 1590613
3 36 1590622
3 46 1590629
3 56 1590630
3 26 1590635
3 41 1590641
3 1 1590648
3 11 1590657
3 67 1590662
3 7 1590670
3 0 1590679
3 38 1590686
3 65 1590686
3 21 1590692
3 57 1590696
3 44 1590703
3 63 1590709
3 14 1590711
4 29 1590720
4 2 1590725
4 67 1590725
4 45 1590732
4 49 1590737
4 46 1590743
4 62 1590745
4 13 1590748
4 63 1590755
4 48 1590763
4 14 1590766
4 26 1590773
4 15 1590773
4 57 1590779
4 18 1590781
4 22 1590789
4 34 1590796
4 0 1590799
4 47 1590804
4 35 1590805
4 23 1590812
4 6 1590817
4 30 1590824
4 44 1590826
4 60 1590826
4 56 1590831
4 43 1590836
4 59 1590842
4 53 1590849
4 54 1590854
4 19 1590855
4 69 1590863
4 21 1590866
4 20 1590874
4 27 1590880
4 7 1590887
4 31 1590889
4 66 1590891
4 25 1590894
4 41 1590902
4 55 1590905
4 70 1590911
4 39 1590911
4 34 1590917
4 13 1590921
4 64 1590924
4 15 1590927
4 49 1590927
4 52 1590931
4 23 1590932
4 60 1590932
4 16 1590933
4 58 1590938
4 2 1590939
4 42 1590943
4 37 1590943
4 62 1590951
4 53 1590959
4 29 1590964
4 33 1590973
4 54 1590974
4 51 1590983
4 69 1590987
4 66 1590992
4 12 1591000
4 17 1591009
4 41 1591015
4 43 1591018
4 65 1591019
4 30 1591022
4 0 1591029
4 18 1591037
4 26 1591043
4 10 1591047
4 5 1591047
4 48 1591047
4 68 1591056
4 14 1591062
4 35 1591068
4 11 1591073
5 61 1591075
5 24 1591081
5 32 1591089
5 57 1591098
5 41 1591100
5 7 1591105
5 33 1591113
5 20 1591115
5 11 1591122
5 28 1591130
5 21 1591138
5 56 1591146
5 68 1591151
5 22 1591160
5 37 1591161
5 23 1591166
5 55 1591175
5 27 1591176
5 64 1591180
5 69 1591182
5 29 1591183
5 19 1591188
5 6 1591194
5 17 1591197
5 45 1591199
5 26 1591206
5 9 1591210
5 25 1591214
5 57 1591217
5 10 1591224
5 62 1591231
5 49 1591233
5 44 1591236
5 25 1591240
5 67 1591243
5 4 1591248
5 13 1591257
5 26 1591259
5 51 1591262
5 12 1591265
5 47 1591270
5 38 1591275
5 34 1591282
5 11 1591287
5 15 1591293
5 18 1591293
5 43 1591294
5 16 1591294
5 21 1591299
5 9 1591308
5 61 1591312
5 54 1591321
5 46 1591327
5 39 1591330
5 69 1591338
5 58 1591342
5 42 1591343
5 60 1591346
5 48 1591355
6 11 1591361
6 64 1591363
6 70 1591364
6 8 1591368
6 29 1591371
6 25 1591371
6 26 1591380
6 69 1591385
6 46 1591391
6 36 1591392
6 35 1591400
6 43 1591402
6 68 1591408
6 56 1591410
6 30 1591410
6 1 1591416
6 17 1591419
6 57 1591425
6 28 1591425
6 0 1591425
6 49 1591425
6 53 1591431
6 51 1591432
6 23 1591435
6 22 1591444
6 27 1591451
6 2 1591455
6 38 1591464
6 58 1591468
6 34 1591468
6 21 1591471
6 47 1591472
6 66 1591479
6 32 1591483
6 16 1591490
6 40 1591499
6 42 1591502
6 3 1591509
6 5 1591515
6 45 1591517
6 26 1591518
6 54 1591526
6 52 1591530
6 39 1591530
6 35 1591530
6 25 1591537
6 15 1591537
6 40 1591543
6 29 1591548
6 65 1591556
6 22 1591562
6 31 1591569
6 34 1591576
6 51 1591576
6 13 1591584
6 67 1591589
6 68 1591592
6 41 1591596
6 30 1591598
6 8 1591600
6 28 1591608
6 60 1591617
6 12 1591625
6 24 1591629
6 62 1591630
6 36 1591632
6 2 1591633
6 61 1591640
6 37 1591642
6 43 1591650
6 57 1591654
6 49 1591655
6 53 1591660
6 19 1591668
6 46 1591672
6 70 1591672
6 21 1591674
6 58 1591677
6 1 1591685
7 17 1591692
7 69 1591698
7 2 1591703
7 47 1591705
7 43 1591705
7 0 1591705
7 67 1591708
7 70 1591708
7 22 1591708
7 38 1591712
7 50 1591717
7 63 1591726
7 25 1591731
7 66 1591740
7 59 1591742
7 58 1591750
7 9 1591753
7 65 1591754
7 30 1591762
7 6 1591767
7 33 1591775
7 21 1591777
7 44 1591785
7 26 1591794
7 61 1591794
7 54 1591794
7 41 1591796
7 37 1591800
7 62 1591809
7 48 1591814
7 45 1591821
7 60 1591824
7 49 1591826
7 40 1591828
7 42 1591829
7 51 1591829
7 16 1591833
7 49 1591840
7 37 1591842
7 47 1591842
7 63 1591850
7 8 1591852
7 50 1591859
7 42 1591864
7 20 1591871
7 67 1591872
7 6 1591874
7 10 1591876
7 19 1591881
7 38 1591887
7 24 1591890
7 41 1591897
7 58 1591897
7 15 1591900
7 40 1591907
7 45 1591911
7 51 1591918
7 68 1591926
7 26 1591935
7 30 1591935
7 48 1591940
7 60 1591941
7 57 1591942
7 61 1591946
7 66 1591954
7 1 1591954
7 46 1591959
7 53 1591961
7 16 1591970
7 33 1591972
7 0 1591978
7 21 1591987
8 57 1591992
8 60 1592000
8 20 1592003
8 39 1592004
8 44 1592007
8 56 1592008
8 3 1592011
8 55 1592013
8 7 1592015
8 37 1592018
8 33 1592021
8 32 1592030
8 53 1592034
8 10 1592042
8 31 1592047
8 65 1592051
8 51 1592053
8 30 1592054
8 5 1592056
8 53 1592062
8 31 1592065
8 2 1592072
8 22 1592072
8 70 1592079
8 51 1592086
8 66 1592089
8 23 1592089
8 42 1592096
8 18 1592105
8 21 1592112
8 5 1592116
8 29 1592124
8 61 1592133
8 46 1592140
8 33 1592149
8 47 1592149
8 9 1592156
8 27 1592165
9 30 1592171
9 2 1592171
9 15 1592180
9 4 1592182
9 60 1592183
9 27 1592184
9 51 1592191
9 28 1592196
10 17 1592205
10 55 1592210
10 16 1592210
10 43 1592213
10 1 1592217
10 9 1592226
10 41 1592231
10 33 1592238
10 3 1592245
10 20 1592253
10 53 1592255
10 54 1592259
10 8 1592267
10 68 1592272
10 15 1592279
10 21 1592281
10 13 1592290
10 46 1592293
10 57 1592302
10 58 1592302
10 22 1592310
10 61 1592311
10 4 1592317
10 66 1592324
10 29 1592331
10 35 1592335
10 67 1592339
10 30 1592346
10 36 1592346
10 49 1592355
10 27 1592362
10 28 1592362
10 37 1592364
10 45 1592368
10 69 1592372
10 61 1592374
10 48 1592376
10 55 1592384
10 14 1592391
10 49 1592392
10 15 1592397
10 46 1592398
10 56 1592400
10 33 1592403
10 31 1592407
10 0 1592415
10 63 1592415
10 17 1592424
10 1 1592425
10 36 1592428
10 9 1592433
10 29 1592434
10 59 1592440
10 24 1592443
10 58 1592446
10 21 1592446
10 12 1592450
10 32 1592459
10 40 1592461
10 30 1592462
10 20 1592466
10 39 1592469
10 51 1592475
10 8 1592478
10 60 1592482
10 7 1592491
11 41 1592495
11 38 1592498
11 23 1592500
11 40 1592503
11 66 1592512
11 20 1592512
11 29 1592521
11 10 1592525
11 27 1592529
11 49 1592529
11 7 1592534
11 45 1592534
11 6 1592540
11 48 1592549
11 65 1592553
11 5 1592554
11 60 1592561
11 50 1592566
11 19 1592567
11 46 1592573
11 69 1592578
11 17 1592579
11 35 1592588
11 57 1592593
11 24 1592593
11 22 1592602
11 8 1592605
11 12 1592611
11 1 1592620
11 67 1592620
11 30 1592622
11 59 1592622
11 16 1592630
11 15 1592638
11 9 1592646
11 44 1592651
11 70 1592653
11 51 1592657
11 4 1592659
11 25 1592667
11 16 1592669
11 27 1592669
11 15 1592677
11 66 1592684
11 1 1592686
11 37 1592690
11 61 1592699
11 68 1592700
11 6 1592709
11 26 1592713
11 20 1592714
11 69 1592718
11 33 1592722
11 58 1592724
11 30 1592726
11 14 1592735
11 54 1592737
11 34 1592743
11 10 1592748
11 56 1592755
11 43 1592762
11 31 1592768
11 59 1592770
11 41 1592779
11 23 1592785
11 55 1592788
11 32 1592789
11 3 1592791
11 2 1592797
11 48 1592804
11 21 1592804
11 63 1592811
11 24 1592815
11 19 1592822
12 38 1592822
12 49 1592828
12 66 1592832
12 57 1592839
12 68 1592843
12 17 1592849
12 27 1592851
12 16 1592854
12 31 1592860
12 1 1592862
12 64 1592868
12 8 1592869
12 50 1592875
12 60 1592882
12 47 1592883
12 51 1592888
12 55 1592891
12 61 1592900
12 37 1592909
12 21 1592914
12 33 1592923
12 41 1592926
12 35 1592927
12 3 1592929
12 53 1592935
12 46 1592941
12 23 1592948
12 18 1592950
12 34 1592957
12 9 1592959
12 38 1592964
12 16 1592971
12 21 1592979
12 29 1592986
12 42 1592988
12 1 1592994
12 67 1593003
12 19 1593005
12 15 1593009
12 6 1593009
12 49 1593011
12 28 1593017
12 62 1593020
12 52 1593020
12 61 1593026
12 43 1593029
12 32 1593037
12 70 1593042
12 60 1593047
12 48 1593056
12 25 1593057
12 69 1593064
12 14 1593068
12 3 1593070
13 26 1593076
13 46 1593085
13 35 1593090
13 40 1593091
13 3 1593095
13 63 1593097
13 45 1593104
13 25 1593113
13 52 1593117
13 4 1593126
13 34 1593130
13 10 1593137
13 51 1593144
13 14 1593152
13 33 1593157
13 16 1593157
13 56 1593160
13 17 1593167
13 57 1593171
13 63 1593174
13 0 1593175
13 14 1593178
13 49 1593181
13 18 1593189
13 11 1593196
13 22 1593197
13 47 1593199
13 46 1593199
13 36 1593201
13 69 1593201
13 26 1593204
13 33 1593207
13 34 1593213
13 35 1593216
13 8 1593224
13 40 1593232
13 29 1593237
13 7 1593240
13 2 1593247
14 49 1593256
14 25 1593260
14 52 1593267
14 21 1593267
14 68 1593271
14 32 1593278
14 29 1593285
14 55 1593293
14 0 1593296
14 5 1593301
14 11 1593305
14 34 1593310
14 12 1593318
14 53 1593325
14 44 1593333
14 10 1593334
14 43 1593337
14 56 1593337
14 27 1593344
14 13 1593344
14 54 1593346
14 18 1593347
14 46 1593350
14 33 1593350
14 23 1593350
14 36 1593359
14 63 1593367
14 15 1593376
14 61 1593377
14 7 1593382
14 3 1593390
14 31 1593390
14 4 1593396
14 47 1593403
14 9 1593410
14 65 1593414
14 64 1593422
14 60 1593430
14 16 1593431
14 3 1593435
14 49 1593435
14 44 1593435
14 62 1593435
14 33 1593442
14 43 1593451
14 58 1593457
14 13 1593464
14 68 1593464
14 35 1593465
14 30 1593470
14 51 1593476
14 57 1593478
14 53 1593478
14 39 1593483
14 25 1593492
14 38 1593493
14 10 1593493
14 21 1593493
14 11 1593498
14 45 1593499
14 15 1593502
14 4 1593509
14 65 1593513
14 5 1593519
14 24 1593524
14 29 1593525
14 31 1593527
14 70 1593536
14 66 1593542
14 23 1593546
14 52 1593548
14 17 1593552
14 41 1593552
15 3 1593553
15 62 1593561
15 46 1593564
15 56 1593565
15 17 1593567
15 23 1593572
15 13 1593581
15 69 1593589
15 49 1593597
15 58 1593600
15 66 1593604
15 2 1593607
15 17 1593609
15 25 1593612
15 7 1593621
15 50 1593630
15 57 1593633
15 42 1593635
15 39 1593641
15 58 1593643
16 31 1593646
16 49 1593649
16 19 1593657
16 32 1593658
16 58 1593660
16 4 1593665
16 0 1593670
16 56 1593674
16 40 1593681
16 57 1593684
16 30 1593687
16 68 1593688
16 66 1593692
16 61 1593694
16 35 1593700
16 51 1593708
16 1 1593711
16 55 1593713
16 25 1593720
16 62 1593728
17 43 1593736
17 64 1593738
17 38 1593739
17 52 1593746
17 5 1593746
17 39 1593754
17 65 1593760
17 35 1593764
17 6 1593765
17 11 1593771
17 34 1593778
17 61 1593785
17 31 1593789
18 38 1593789
18 57 1593794
18 60 1593796
18 4 1593804
18 37 1593813
18 29 1593816
18 34 1593819
18 20 1593824
18 66 1593827
18 0 1593830
18 51 1593834
18 21 1593843
18 9 1593852
18 30 1593856
18 59 1593861
18 42 1593864
18 41 1593869
18 7 1593873
18 70 1593878
18 69 1593884
18 33 1593885
18 61 1593887
18 44 1593887
18 25 1593893
18 15 1593899
18 43 1593900
18 45 1593906
18 53 1593913
18 58 1593918
18 27 1593920
18 36 1593925
18 22 1593928
18 51 1593929
18 8 1593936
18 59 1593936
18 7 1593939
18 57 1593939
18 66 1593943
18 25 1593947
18 42 1593949
18 26 1593957
18 53 1593958
18 50 1593966
18 5 1593970
18 46 1593979
18 27 1593982
18 17 1593984
18 13 1593984
18 9 1593987
18 68 1593989
18 45 1593998
18 29 1593999
18 37 1593999
18 69 1593999
18 24 1593999
18 70 1594004
18 3 1594009
18 16 1594018
18 43 1594018
18 41 1594026
18 62 1594032
18 2 1594038
18 65 1594038
18 19 1594046
18 55 1594049
19 15 1594051
19 67 1594056
19 40 1594063
19 43 1594070
19 58 1594079
19 57 1594081
19 30 1594084
19 37 1594088
19 55 1594092
19 50 1594096
19 32 1594104
19 46 1594109
19 13 1594117
19 2 1594118
19 6 1594120
19 31 1594128
19 4 1594130
19 59 1594139
19 62 1594143
19 64 1594148
19 52 1594149
19 17 1594157
19 47 1594163
19 11 1594164
19 3 1594173
19 23 1594177
19 28 1594181
19 66 1594189
19 21 1594196
19 22 1594201
19 35 1594206
19 65 1594215
19 48 1594221
19 36 1594225
19 67 1594226
19 45 1594227
19 5 1594235
19 46 1594242
19 12 1594248
19 52 1594257
19 64 1594266
19 15 1594271
19 41 1594275
19 32 1594283
19 27 1594288
19 70 1594292
19 62 1594294
19 26 1594297
20 68 1594304
20 41 1594305
20 63 1594314
20 37 1594318
20 58 1594326
20 64 1594332
20 18 1594336
20 47 1594340
20 48 1594348
20 66 1594353
20 16 1594358
20 3 1594360
20 13 1594360
20 54 1594361
20 28 1594365
20 2 1594370
20 43 1594378
20 60 1594386
20 52 1594391
20 36 1594399
20 65 1594407
20 7 1594412
20 30 1594415
20 32 1594418
20 62 1594424
20 17 1594428
20 23 1594437
20 31 1594442
20 67 1594443
20 1 1594452
20 53 1594458
20 12 1594465
20 11 1594465
20 9 1594465
20 15 1594465
20 49 1594468
20 26 1594475
20 70 1594477
20 8 1594483
20 10 1594484
20 19 1594487
20 4 1594496
20 14 1594503
20 25 1594512
20 6 1594513
20 60 1594515
20 1 1594519
20 62 1594523
20 11 1594523
20 65 1594529
20 27 1594533
20 28 1594540
20 52 1594542
20 47 1594547
20 30 1594553
20 53 1594558
20 56 1594558
20 69 1594566
20 13 1594567
20 19 1594567
20 42 1594569
20 48 1594575
20 0 1594576
20 21 1594581
20 35 1594590
20 17 1594597
20 46 1594605
20 59 1594612
20 40 1594612
20 31 1594613
20 41 1594620
20 9 1594621
20 12 1594630
20 7 1594633
20 15 1594639
20 4 1594641
20 49 1594647
20 36 1594647
20 10 1594648
20 18 1594657
20 45 1594661
20 33 1594664
20 3 1594666
20 70 1594672
20 34 1594674
20 23 1594681
21 32 1594688
21 44 1594696
21 37 1594701
21 11 1594701
21 23 1594707
21 31 1594711
21 7 1594719
21 34 1594725
21 48 1594725
21 41 1594728
21 39 1594734
21 1 1594735
21 63 1594737
21 66 1594740
21 60 1594742
21 14 1594744
21 45 1594750
21 49 1594751
21 67 1594751
21 27 1594757
21 59 1594758
21 38 1594759
21 15 1594761
21 27 1594761
21 7 1594763
21 26 1594771
21 19 1594773
21 59 1594773
21 3 1594782
21 20 1594785
21 70 1594794
21 32 1594801
21 25 1594810
21 28 1594816
21 38 1594824
21 34 1594830
21 62 1594835
21 37 1594842
21 8 1594844
21 58 1594847
21 12 1594850
21 1 1594857
21 23 1594863
21 0 1594867
21 65 1594876
22 15 1594876
22 30 1594877
22 31 1594885
23 24 1594890
23 4 1594898
23 62 1594902
23 27 1594904
23 5 1594905
23 50 1594910
23 65 1594913
23 68 1594919
23 6 1594924
23 10 1594929
23 18 1594932
23 34 1594933
23 28 1594941
23 21 1594946
23 32 1594952
23 44 1594956
23 8 1594960
23 49 1594965
23 45 1594972
23 17 1594980
23 25 1594980
23 45 1594989
23 62 1594990
23 43 1594991
23 64 1594995
23 70 1595002
23 69 1595003
23 17 1595005
23 14 1595012
23 41 1595018
23 4 1595019
23 53 1595026
23 58 1595032
23 8 1595040
23 2 1595043
23 19 1595050
23 26 1595053
23 50 1595060
24 55 1595060
24 17 1595065
24 41 1595073
24 21 1595076
24 16 1595081
24 63 1595083
24 70 1595088
24 48 1595097
24 34 1595098
24 25 1595102
24 18 1595104
24 67 1595109
24 14 1595112
24 64 1595112
24 51 1595114
24 59 1595120
24 10 1595120
24 6 1595129
24 0 1595135
24 61 1595139
24 23 1595141
24 30 1595148
24 66 1595157
24 68 1595165
24 40 1595171
24 12 1595176
24 47 1595179
24 45 1595187
24 58 1595192
24 40 1595200
24 51 1595209
24 65 1595213
24 61 1595216
24 37 1595221
24 30 1595222
24 38 1595229
24 70 1595230
24 41 1595235
24 62 1595236
24 21 1595238
24 15 1595241
24 67 1595249
24 14 1595252
24 31 1595256
24 50 1595262
24 26 1595265
24 9 1595269
24 29 1595270
24 48 1595276
24 46 1595280
24 0 1595285
24 10 1595290
24 11 1595293
24 66 1595297
24 22 1595300
24 28 1595309
24 59 1595315
24 1 1595324
25 16 1595326
25 46 1595334
25 14 1595334
25 60 1595340
25 14 1595340
25 17 1595347
25 22 1595349
25 20 1595355
25 31 1595355
25 67 1595363
26 42 1595366
26 30 1595371
26 44 1595377
26 41 1595377
26 7 1595384
26 55 1595385
26 32 1595388
26 17 1595391
26 19 1595400
27 30 1595409
27 15 1595410
27 4 1595412
27 1 1595415
27 38 1595421
27 54 1595426
27 0 1595432
27 36 1595433
27 65 1595442
27 69 1595445
27 66 1595451
27 19 1595452
27 28 1595456
27 31 1595463
27 68 1595468
27 29 1595473
27 25 1595476
27 66 1595481
27 38 1595482
27 69 1595491
27 31 1595494
27 26 1595496
27 56 1595503
27 7 1595510
27 9 1595517
27 58 1595520
27 12 1595529
27 6 1595534
27 42 1595541
27 11 1595548
27 10 1595554
27 59 1595557
27 19 1595563
27 62 1595570
27 29 1595570
28 15 1595575
28 21 1595583
28 36 1595592
28 6 1595601
28 43 1595604
28 70 1595607
29 36 1595615
29 42 1595616
29 28 1595617
29 61 1595618
29 65 1595625
29 32 1595632
29 7 1595632
29 23 1595633
29 40 1595639
29 43 1595644
29 9 1595647
29 66 1595647
29 46 1595653
29 16 1595659
29 63 1595668
29 35 1595668
29 38 1595676
29 15 1595683
29 62 1595692
29 55 1595698
29 5 1595704
29 33 1595712
29 6 1595718
29 64 1595722
29 52 1595723
29 11 1595724
29 18 1595727
29 44 1595731
29 19 1595733
29 17 1595737
29 12 1595738
29 4 1595747
29 9 1595753
29 51 1595760
29 68 1595761
29 15 1595761
29 23 1595769
29 32 1595775
29 45 1595780
29 46 1595785
29 54 1595789
29 2 1595796
29 21 1595805
29 50 1595807
29 33 1595812
29 61 1595814
29 66 1595817
29 37 1595822
29 64 1595825
29 35 1595834
29 28 1595837
29 70 1595839
29 67 1595843
29 59 1595844
29 52 1595844
29 34 1595853
29 42 1595860
29 39 1595864
29 18 1595870
30 56 1595873
30 41 1595874
30 32 1595874
30 7 1595877
30 57 1595883
30 67 1595890
30 31 1595898
30 8 1595898
30 53 1595901
30 38 1595910
30 19 1595919
30 44 1595920
30 69 1595920
30 10 1595924
30 18 1595933
30 64 1595939
30 1 1595947
30 48 1595947
30 3 1595950
30 54 1595953
30 45 1595956
30 9 1595962
30 58 1595963
31 26 1595963
31 56 1595971
31 5 1595976
31 42 1595982
31 52 1595985
31 23 1595990
31 11 1595996
31 64 1595996
31 47 1595997
31 25 1595999
31 37 1596005
31 40 1596009
31 58 1596014
31 13 1596022
31 3 1596023
31 68 1596029
31 20 1596037
31 32 1596038
31 21 1596045
31 55 1596050
31 25 1596056
31 19 1596059
31 63 1596066
31 66 1596072
31 35 1596074
31 4 1596078
31 45 1596079
31 67 1596087
31 26 1596088
31 34 1596097
32 66 1596098
32 59 1596098
32 37 1596103
32 27 1596112
32 52 1596112
32 39 1596118
32 13 1596124
32 36 1596126
32 20 1596135
32 44 1596142
32 3 1596144
32 61 1596145
32 54 1596152
32 29 1596158
32 30 1596158
32 17 1596164
32 4 1596170
32 43 1596175
32 9 1596184
32 21 1596190
32 34 1596195
32 56 1596199
32 5 1596199
32 7 1596205
32 19 1596209
32 42 1596212
32 17 1596214
32 7 1596215
32 47 1596217
32 37 1596218
32 27 1596223
32 26 1596230
32 29 1596231
32 23 1596233
32 5 1596236
32 45 1596241
32 59 1596249
32 34 1596249
32 48 1596257
32 49 1596265
32 18 1596268
32 35 1596271
32 69 1596278
32 56 1596281
32 43 1596289
32 52 1596298
32 3 1596304
33 54 1596310
33 59 1596313
33 52 1596318
33 45 1596322
33 51 1596326
33 29 1596329
33 47 1596335
33 11 1596342
33 18 1596346
33 15 1596353
33 35 1596359
33 38 1596364
33 53 1596372
33 46 1596377
33 67 1596379
33 37 1596383
33 23 1596388
33 64 1596396
33 42 1596400
33 60 1596408
33 70 1596417
33 2 1596418
33 55 1596422
33 48 1596431
33 49 1596431
33 29 1596439
33 60 1596440
33 38 1596443
33 69 1596450
33 61 1596454
33 66 1596463
33 64 1596465
33 32 1596470
33 26 1596475
33 44 1596481
33 14 1596488
33 37 1596494
33 62 1596501
33 24 1596503
33 54 1596506
33 43 1596510
33 67 1596514
33 34 1596521
33 3 1596521
33 56 1596528
33 4 1596528
33 51 1596537
33 55 1596544
33 6 1596548
33 19 1596557
34 37 1596564
34 64 1596569
35 15 1596577
35 49 1596584
35 46 1596590
35 60 1596590
35 22 1596594
35 29 1596597
35 20 1596603
36 31 1596611
36 48 1596618
36 5 1596624
36 40 1596633
36 28 1596639
36 16 1596648
36 7 1596656
36 25 1596660
36 22 1596668
36 15 1596671
36 12 1596674
36 9 1596683
36 14 1596684
36 8 1596690
36 32 1596699
36 54 1596708
36 23 1596717
36 11 1596720
36 69 1596725
36 39 1596727
36 58 1596727
36 61 1596728
36 37 1596732
36 20 1596737
36 56 1596739
36 35 1596741
36 27 1596744
36 26 1596753
36 68 1596755
36 65 1596758
36 46 1596765
36 29 1596772
36 34 1596777
36 47 1596785
36 43 1596791
36 13 1596800
36 70 1596809
36 5 1596814
36 61 1596823
36 51 1596827
36 66 1596833
36 45 1596836
36 55 1596841
36 30 1596850
36 37 1596859
36 42 1596865
36 16 1596873
36 19 1596881
36 12 1596883
36 6 1596884
36 64 1596890
36 46 1596899
36 7 1596900
36 1 1596904
36 53 1596910
36 22 1596915
36 23 1596917
36 35 1596925
36 29 1596932
36 21 1596940
36 44 1596944
36 38 1596949
36 14 1596954
36 24 1596961
36 62 1596962
36 18 1596962
36 69 1596963
36 11 1596968
36 63 1596976
36 17 1596976
36 25 1596977
36 40 1596985
36 13 1596986
37 4 1596988
37 69 1596991
37 6 1597000
37 55 1597000
37 40 1597004
37 64 1597012
37 41 1597013
37 24 1597017
38 68 1597017
38 64 1597023
38 44 1597024
38 46 1597027
38 18 1597035
38 15 1597042
38 3 1597043
38 50 1597050
38 33 1597056
38 61 1597056
38 19 1597062
38 17 1597062
38 23 1597065
38 24 1597074
38 8 1597075
38 25 1597084
38 34 1597089
38 10 1597094
38 28 1597098
38 9 1597102
38 51 1597107
38 14 1597114
38 48 1597117
38 42 1597119
38 5 1597122
38 53 1597127
38 6 1597131
38 40 1597136
38 26 1597136
38 60 1597144
38 20 1597151
38 63 1597156
38 36 1597157
38 48 1597159
38 13 1597166
38 14 1597170
38 40 1597175
38 9 1597180
38 39 1597184
38 66 1597185
38 34 1597188
38 58 1597193
38 6 1597195
38 32 1597203
38 37 1597203
38 53 1597207
38 59 1597212
38 69 1597212
38 67 1597217
38 70 1597219
38 24 1597222
38 26 1597226
38 57 1597230
38 27 1597239
38 47 1597242
38 18 1597247
38 25 1597247
38 61 1597255
38 29 1597259
38 12 1597267
38 62 1597269
38 49 1597269
39 25 1597270
39 4 1597275
39 34 1597284
39 54 1597287
39 53 1597295
39 5 1597299
39 57 1597300
40 3 1597301
40 35 1597301
40 64 1597306
40 8 1597312
40 68 1597321
40 2 1597327
40 27 1597331
40 0 1597333
40 24 1597338
40 26 1597340
40 60 1597348
40 5 1597356
40 42 1597365
40 59 1597366
40 63 1597369
40 31 1597373
40 17 1597381
40 32 1597386
40 57 1597388
40 22 1597389
40 34 1597396
40 6 1597404
40 45 1597411
40 55 1597412
40 62 1597412
40 1 1597416
40 28 1597422
40 39 1597426
40 36 1597434
40 66 1597436
40 9 1597441
40 13 1597447
40 27 1597452
40 18 1597458
40 3 1597458
40 28 1597466
40 1 1597468
40 25 1597470
40 54 1597473
40 34 1597474
40 7 1597476
40 38 1597482
40 52 1597484
40 15 1597484
40 4 1597487
40 20 1597489
40 35 1597497
40 45 1597503
40 2 1597510
40 53 1597513
40 37 1597522
40 50 1597528
40 0 1597533
40 23 1597537
40 69 1597539
40 46 1597548
40 62 1597556
40 26 1597560
40 14 1597562
40 68 1597564
40 41 1597571
40 56 1597580
40 66 1597588
40 36 1597588
40 31 1597591
40 21 1597594
40 22 1597597
41 32 1597599
41 8 1597606
41 18 1597611
41 51 1597616
41 47 1597621
41 45 1597629
41 20 1597633
41 19 1597642
41 60 1597650
41 3 1597653
41 42 1597656
41 52 1597660
41 31 1597663
41 56 1597667
41 58 1597667
41 43 1597672
41 66 1597681
41 46 1597687
41 36 1597692
41 27 1597701
41 12 1597703
41 55 1597703
41 29 1597710
41 16 1597719
41 61 1597728
41 64 1597737
41 63 1597743
41 50 1597749
41 13 1597751
41 35 1597755
41 1 1597757
41 48 1597761
41 69 1597764
41 44 1597765
41 39 1597765
41 22 1597767
41 9 1597771
41 67 1597772
41 34 1597778
41 40 1597780
41 30 1597789
41 20 1597797
41 68 1597798
41 29 1597806
41 21 1597813
41 64 1597813
41 7 1597817
41 31 1597822
41 35 1597822
41 38 1597824
41 65 1597827
41 32 1597833
41 6 1597833
41 59 1597840
41 51 1597842
41 42 1597846
41 70 1597853
41 18 1597854
41 63 1597855
41 5 1597857
41 44 1597865
41 39 1597873
41 67 1597875
41 58 1597881
41 55 1597889
41 3 1597895
41 8 1597897
41 22 1597900
41 13 1597903
41 50 1597912
41 12 1597913
41 48 1597919
41 0 1597924
41 40 1597929
41 36 1597936
41 34 1597941
41 10 1597946
42 63 1597953
42 33 1597960
42 22 1597962
42 49 1597962
42 16 1597968
42 58 1597970
42 50 1597973
42 47 1597974
42 3 1597974
42 9 1597982
42 12 1597988
42 61 1597994
43 21 1598002
43 47 1598006
43 55 1598012
43 66 1598021
43 33 1598024
43 53 1598031
44 36 1598035
44 67 1598036
44 35 1598039
44 42 1598041
44 52 1598041
44 60 1598050
44 3 1598052
44 8 1598060
44 45 1598068
44 54 1598077
44 27 1598084
44 51 1598084
44 15 1598087
44 30 1598088
44 17 1598093
44 65 1598097
44 49 1598102
44 5 1598102
44 16 1598103
44 14 1598110
44 4 1598114
44 28 1598119
44 12 1598121
44 7 1598121
44 56 1598124
44 20 1598125
44 39 1598125
44 32 1598132
44 43 1598137
44 10 1598138
44 55 1598139
44 33 1598139
44 21 1598144
44 6 1598148
44 66 1598156
44 40 1598157
44 21 1598159
44 16 1598167
44 31 1598174
44 48 1598178
44 9 1598180
44 6 1598185
44 0 1598190
44 12 1598193
44 13 1598202
44 52 1598202
44 62 1598206
44 46 1598215
44 24 1598223
44 58 1598228
44 8 1598237
44 49 1598239
44 43 1598248
44 47 1598252
44 54 1598256
44 7 1598257
44 41 1598258
44 20 1598263
44 67 1598270
44 30 1598270
44 22 1598270
44 39 1598272
44 34 1598281
44 35 1598289
44 33 1598297
44 40 1598301
44 63 1598301
44 10 1598310
44 27 1598313
44 64 1598320
44 60 1598329
44 69 1598337
44 45 1598346
44 66 1598347
44 23 1598355
44 28 1598361
44 50 1598362
44 29 1598370
45 30 1598377
45 34 1598379
45 59 1598388
45 65 1598393
45 16 1598397
45 64 1598405
45 10 1598405
45 18 1598410
45 50 1598415
45 66 1598422
45 60 1598428
45 70 1598433
45 9 1598435
45 69 1598444
45 17 1598448
45 12 1598457
45 43 1598461
45 47 1598468
45 24 1598471
45 40 1598475
45 62 1598482
45 32 1598488
45 37 1598491
45 53 1598499
45 23 1598500
45 34 1598503
45 68 1598505
45 52 1598508
45 19 1598508
45 22 1598511
45 6 1598512
45 51 1598514
45 18 1598520
45 15 1598523
45 69 1598523
45 57 1598524
45 3 1598529
45 47 1598537
45 43 1598539
45 4 1598548
46 38 1598550
46 0 1598550
46 56 1598555
46 24 1598563
46 27 1598571
46 18 1598576
46 29 1598582
46 15 1598589
46 8 1598594
46 20 1598594
46 64 1598600
46 34 1598604
46 54 1598612
46 31 1598616
46 9 1598619
46 44 1598619
46 57 1598620
46 36 1598623
46 7 1598632
46 10 1598635
46 61 1598640
46 21 1598649
46 4 1598650
46 50 1598654
46 45 1598655
46 39 1598656
46 22 1598665
46 41 1598673
46 13 1598680
46 14 1598680
46 11 1598684
46 40 1598692
46 35 1598695
46 2 1598696
46 5 1598700
46 28 1598701
46 68 1598702
46 60 1598711
46 42 1598711
46 41 1598718
46 23 1598722
46 70 1598725
46 43 1598726
46 8 1598727
46 0 1598727
46 66 1598730
46 47 1598731
46 3 1598735
46 27 1598736
46 32 1598737
46 30 1598746
46 19 1598746
46 13 1598747
46 39 1598756
46 34 1598760
46 68 1598767
46 40 1598768
46 59 1598774
46 36 1598776
46 4 1598784
46 55 1598788
46 31 1598789
46 6 1598793
46 54 1598799
46 33 1598807
46 67 1598816
46 51 1598818
46 18 1598822
46 11 1598825
46 9 1598832
46 37 1598838
46 2 1598844
46 25 1598848
46 10 1598852
46 53 1598857
47 31 1598864
47 51 1598873
47 10 1598878
47 69 1598886
47 64 1598887
47 0 1598891
47 6 1598891
47 46 1598895
47 48 1598903
47 13 1598908
47 4 1598909
47 32 1598915
47 62 1598920
47 7 1598926
47 19 1598928
47 43 1598935
47 58 1598935
47 68 1598942
47 57 1598950
47 65 1598957
47 56 1598959
47 16 1598966
47 53 1598973
47 17 1598973
47 26 1598976
47 61 1598981
47 45 1598989
47 40 1598990
47 38 1598991
47 21 1599000
47 59 1599001
47 23 1599010
47 61 1599015
47 10 1599017
47 3 1599022
47 57 1599030
47 0 1599031
47 28 1599038
47 7 1599042
47 19 1599043
47 68 1599045
47 16 1599054
47 66 1599061
47 18 1599069
47 12 1599078
47 36 1599087
47 33 1599087
47 70 1599091
47 8 1599099
47 48 1599103
47 22 1599112
47 15 1599120
47 37 1599120
47 35 1599122
47 63 1599124
47 54 1599129
47 14 1599137
47 56 1599143
48 13 1599152
48 9 1599161
48 63 1599164
48 20 1599167
48 50 1599167
48 22 1599173
48 53 1599178
48 38 1599182
48 49 1599191
48 66 1599195
48 14 1599200
48 44 1599201
48 42 1599206
48 62 1599214
48 59 1599223
48 35 1599232
48 26 1599237
48 19 1599238
48 67 1599245
48 33 1599248
48 46 1599252
48 16 1599254
48 43 1599258
48 69 1599258
48 0 1599262
48 68 1599263
48 51 1599271
48 5 1599276
48 70 1599283
48 38 1599289
48 52 1599297
48 22 1599297
48 39 1599298
48 60 1599299
48 27 1599302
48 69 1599305
48 62 1599307
48 49 1599307
48 14 1599315
48 10 1599317
48 23 1599319
48 11 1599319
48 24 1599319
48 13 1599324
48 35 1599328
48 55 1599330
48 57 1599334
48 36 1599338
48 56 1599340
48 2 1599345
49 5 1599351
49 64 1599354
49 65 1599355
49 17 1599355
49 34 1599362
49 27 1599362
49 30 1599364
49 9 1599364
49 28 1599369
49 36 1599376
49 46 1599377
49 40 1599381
49 59 1599381
49 52 1599383
49 4 1599389
49 56 1599389
49 51 1599392
49 55 1599392
49 53 1599401
49 13 1599404
49 44 1599408
49 0 1599412
49 29 1599419
49 63 1599426
49 12 1599433
49 24 1599434
49 25 1599434
49 47 1599442
49 70 1599444
49 31 1599453
49 2 1599454
49 60 1599458
49 35 1599459
49 48 1599463
49 22 1599466
49 26 1599475
49 57 1599479
49 42 1599483
49 8 1599491
49 4 1599493
49 0 1599500
49 53 1599508
49 51 1599508
49 34 1599511
49 41 1599512
49 2 1599513
49 15 1599514
49 39 1599514
49 3 1599518
49 6 1599527
49 14 1599536
49 42 1599539
49 62 1599545
49 32 1599548
49 35 1599555
49 48 1599564
49 25 1599573
49 65 1599582
49 69 1599591
49 61 1599597
49 18 1599605
49 27 1599608
49 24 1599613
49 38 1599614
49 12 1599618
49 44 1599618
49 67 1599621
49 50 1599625
49 17 1599626
49 16 1599626
49 55 1599633
49 21 1599639
49 22 1599646
49 31 1599649
49 58 1599652
49 26 1599656
49 43 1599657
49 7 1599660
49 20 1599669
49 56 1599675
49 13 1599684
49 11 1599690
49 28 1599691
50 35 1599700
50 70 1599706
50 15 1599707
50 44 1599715
50 40 1599715
50 19 1599720
50 58 1599729
50 46 1599730
50 62 1599739
50 33 1599740
50 30 1599741
50 8 1599749
50 1 1599756
50 6 1599760
50 55 1599763
50 25 1599769
50 27 1599769
50 69 1599776
50 16 1599785
50 67 1599789
50 22 1599794
50 60 1599798
50 36 1599802
50 26 1599808
50 52 1599811
50 53 1599811
50 12 1599815
50 14 1599815
50 65 1599821
50 5 1599827
50 2 1599832
50 21 1599836
50 49 1599840
50 31 1599848
50 20 1599853
50 38 1599855
50 7 1599859
50 17 1599865
50 0 1599873
50 23 1599874
50 32 1599874
50 48 1599876
50 10 1599883
50 59 1599884
50 52 1599889
50 3 1599897
50 40 1599900
50 65 1599905
50 36 1599909
50 18 1599910
50 62 1599915
50 0 1599922
50 54 1599927
50 70 1599936
50 57 1599940
50 66 1599946
50 27 1599953
50 25 1599959
50 4 1599960
50 7 1599962
50 5 1599962
50 15 1599970
50 2 1599973
50 13 1599974
50 33 1599976
50 43 1599981
50 60 1599990
50 12 1599995
50 31 1599998
50 47 1600007
50 53 1600014
50 34 1600015
50 67 1600016
50 28 1600017
50 55 1600023
50 49 1600029
51 66 1600029
51 26 1600038
51 17 1600039
51 41 1600041
51 70 1600048
51 22 1600048
51 28 1600052
51 44 1600054
51 20 1600058
51 37 1600067
51 60 1600070
51 1 1600075
51 11 1600078
51 6 1600086
51 5 1600094
51 61 1600100
51 29 1600104
51 46 1600107
51 55 1600109
51 25 1600116
51 47 1600123
51 18 1600130
51 9 1600137
51 13 1600141
51 15 1600146
51 53 1600150
51 23 1600157
51 16 1600159
51 63 1600165
51 0 1600170
51 14 1600177
51 54 1600183
51 32 1600183
51 40 1600192
51 69 1600198
51 42 1600198
51 46 1600203
51 1 1600208
51 33 1600214
51 68 1600215
51 26 1600217
51 34 1600226
51 25 1600234
51 32 1600237
51 44 1600238
51 37 1600245
51 63 1600252
51 6 1600255
51 16 1600257
51 45 1600257
51 35 1600259
51 39 1600259
51 65 1600261
51 8 1600266
51 14 1600273
51 58 1600277
51 64 1600285
51 40 1600289
51 61 1600292
51 9 1600295
51 57 1600297
51 66 1600298
51 50 1600300
51 15 1600301
51 13 1600305
51 38 1600314
52 53 1600316
52 47 1600321
52 16 1600330
52 65 1600337
52 21 1600341
52 31 1600342
52 56 1600342
52 0 1600351
52 54 1600352
52 51 1600354
52 60 1600362
52 19 1600364
52 69 1600367
52 43 1600367
52 66 1600372
52 18 1600374
52 62 1600380
52 9 1600380
52 7 1600388
52 40 1600394
52 10 1600399
52 11 1600400
53 11 1600402
53 34 1600403
53 48 1600410
53 46 1600418
53 68 1600419
53 32 1600419
53 8 1600422
53 30 1600422
53 16 1600429
53 25 1600435
53 24 1600441
53 2 1600443
53 37 1600444
53 7 1600449
53 50 1600453
53 38 1600457
53 16 1600460
53 45 1600467
53 6 1600467
53 9 1600468
53 4 1600472
53 48 1600474
53 70 1600479
53 38 1600487
53 62 1600488
53 52 1600489
53 12 1600490
53 68 1600496
53 41 1600502
53 13 1600511
53 44 1600520
53 46 1600528
53 61 1600531
53 36 1600538
54 0 1600539
54 66 1600546
54 61 1600551
54 65 1600559
54 48 1600565
54 28 1600572
54 5 1600575
54 57 1600576
54 10 1600584
54 11 1600587
54 27 1600590
54 8 1600590
54 21 1600592
54 33 1600594
54 56 1600596
54 34 1600605
54 47 1600608
54 37 1600614
54 25 1600616
54 16 1600620
54 64 1600629
54 13 1600630
54 23 1600630
54 2 1600630
54 29 1600638
54 14 1600647
54 40 1600653
54 43 1600658
54 44 1600658
54 9 1600666
54 45 1600672
54 53 1600675
54 38 1600679
54 18 1600686
54 19 1600693
54 41 1600693
54 42 1600701
54 15 1600701
54 24 1600705
54 67 1600706
54 7 1600712
54 7 1600720
54 0 1600728
54 26 1600731
54 56 1600740
54 53 1600749
54 20 1600750
54 62 1600756
54 27 1600758
54 52 1600764
54 9 1600765
54 65 1600765
54 12 1600769
54 61 1600776
54 16 1600785
54 42 1600787
54 1 1600794
54 17 1600800
54 70 1600806
54 55 1600813
54 13 1600814
54 67 1600820
54 43 1600822
54 23 1600827
54 30 1600830
54 37 1600832
54 31 1600840
54 66 1600842
54 8 1600845
54 10 1600847
54 19 1600847
54 45 1600853
54 2 1600856
54 15 1600860
54 44 1600860
54 41 1600862
54 32 1600863
54 22 1600872
54 38 1600878
54 46 1600878
54 59 1600878
54 29 1600881
54 64 1600885
54 34 1600891
55 50 1600896
55 69 1600899
55 8 1600902
55 58 1600905
55 6 1600908
55 64 1600913
55 21 1600914
55 68 1600916
55 3 1600923
55 57 1600928
55 19 1600936
55 63 1600942
55 12 1600942
55 27 1600945
55 36 1600952
55 46 1600959
55 42 1600967
55 25 1600968
55 48 1600969
55 17 1600974
55 39 1600981
55 67 1600982
55 30 1600985
55 3 1600990
55 16 1600991
55 60 1600996
55 41 1601004
55 61 1601010
55 67 1601016
55 31 1601018
55 40 1601027
55 34 1601031
55 51 1601033
55 13 1601033
55 29 1601040
55 15 1601040
55 0 1601040
55 9 1601045
55 59 1601051
55 37 1601051
55 56 1601055
55 24 1601057
55 45 1601065
56 20 1601069
56 37 1601072
56 25 1601077
56 35 1601077
56 10 1601086
57 51 1601092
57 26 1601100
57 2 1601106
57 64 1601110
57 31 1601116
57 43 1601117
57 53 1601117
57 44 1601124
57 34 1601127
57 65 1601135
57 28 1601137
57 49 1601144
57 41 1601151
57 27 1601153
57 16 1601154
57 17 1601161
57 50 1601165
57 52 1601170
57 39 1601178
57 60 1601183
57 42 1601190
57 52 1601196
57 69 1601200
57 9 1601200
57 10 1601200
57 18 1601208
57 43 1601208
57 31 1601210
57 34 1601219
57 66 1601221
57 45 1601221
57 64 1601221
57 36 1601227
57 56 1601230
57 40 1601236
57 6 1601245
58 62 1601247
58 7 1601249
58 49 1601255
58 52 1601258
58 30 1601263
58 65 1601263
58 22 1601267
58 17 1601273
58 32 1601279
58 33 1601288
58 50 1601291
58 16 1601293
58 10 1601295
58 24 1601303
58 41 1601308
58 1 1601316
58 35 1601325
58 69 1601332
58 25 1601333
58 26 1601341
58 13 1601345
58 45 1601347
58 56 1601351
58 18 1601357
58 39 1601366
58 12 1601375
58 28 1601377
58 40 1601377
58 20 1601378
58 27 1601380
58 34 1601389
58 37 1601398
58 42 1601401
58 6 1601403
58 51 1601410
58 48 1601412
58 36 1601421
58 23 1601428
58 52 1601433
58 1 1601436
58 53 1601442
58 9 1601451
58 24 1601455
58 21 1601460
58 31 1601466
58 51 1601467
58 17 1601471
58 28 1601474
58 60 1601478
58 64 1601485
58 55 1601490
58 29 1601491
58 37 1601493
58 0 1601500
58 56 1601509
58 42 1601515
58 32 1601519
58 59 1601523
58 14 1601530
58 7 1601533
58 65 1601539
58 20 1601542
58 46 1601545
58 15 1601554
58 13 1601554
58 19 1601558
58 4 1601561
58 33 1601565
58 63 1601567
58 10 1601574
58 68 1601579
58 38 1601588
58 43 1601596
58 49 1601598
59 22 1601602
59 64 1601608
59 0 1601608
59 32 1601609
59 55 1601612
59 47 1601616
59 8 1601625
59 58 1601626
59 35 1601634
59 49 1601643
59 43 1601643
59 41 1601646
59 30 1601648
59 4 1601649
59 69 1601651
59 31 1601658
59 27 1601667
59 20 1601671
59 28 1601679
59 33 1601688
59 6 1601697
59 2 1601704
59 11 1601711
59 65 1601711
59 5 1601720
59 70 1601729
59 54 1601730
59 3 1601731
59 53 1601736
59 61 1601745
59 13 1601748
59 25 1601754
59 18 1601758
59 1 1601764
59 63 1601773
59 26 1601779
59 69 1601788
59 17 1601794
59 45 1601803
59 34 1601803
59 58 1601806
59 9 1601810
59 67 1601813
59 24 1601820
59 53 1601828
59 47 1601836
59 16 1601840
59 32 1601849
59 4 1601855
59 55 1601858
59 5 1601860
59 10 1601868
59 29 1601869
59 3 1601878
59 26 1601881
59 68 1601887
59 36 1601893
59 52 1601895
59 38 1601896
59 51 1601897
59 18 1601905
59 60 1601912
59 30 1601917
59 25 1601926
59 43 1601930
59 35 1601936
59 49 1601941
59 65 1601947
59 64 1601947
59 14 1601951
60 50 1601952
60 23 1601958
60 21 1601958
60 11 1601966
60 35 1601966
60 30 1601975
60 12 1601981
60 36 1601984
60 41 1601993
60 70 1601998
60 25 1602001
60 47 1602008
60 29 1602013
60 34 1602015
60 40 1602020
60 63 1602029
60 56 1602038
60 32 1602044
60 37 1602046
60 51 1602050
60 65 1602052
60 1 1602053
60 61 1602054
60 22 1602060
60 16 1602069
60 38 1602076
60 62 1602084
60 31 1602092
60 28 1602095
60 13 1602100
60 3 1602100
60 44 1602105
60 19 1602108
60 33 1602108
60 39 1602113
60 42 1602121
60 45 1602130
60 4 1602136
60 52 1602139
60 59 1602146
60 58 1602154
60 9 1602163
60 43 1602164
60 33 1602173
60 51 1602173
60 53 1602177
60 64 1602183
60 30 1602190
60 25 1602198
60 63 1602207
60 7 1602208
60 3 1602215
60 19 1602222
60 1 1602222
60 21 1602230
60 62 1602230
60 40 1602239
60 65 1602246
60 37 1602254
60 46 1602261
60 70 1602264
60 2 1602264
60 39 1602273
60 17 1602280
60 26 1602289
61 59 1602296
61 33 1602298
61 4 1602304
61 29 1602313
61 19 1602322
61 31 1602323
61 62 1602325
61 9 1602329
61 32 1602333
61 58 1602334
61 54 1602340
61 35 1602348
61 25 1602349
61 1 1602354
61 47 1602360
61 39 1602364
62 2 1602370
62 12 1602377
62 25 1602382
62 17 1602382
62 28 1602385
62 46 1602385
62 53 1602386
62 19 1602392
62 44 1602397
63 30 1602403
63 47 1602404
63 68 1602406
63 9 1602415
63 48 1602424
63 39 1602427
63 11 1602429
63 29 1602438
63 21 1602445
63 57 1602445
63 24 1602452
63 52 1602460
63 13 1602460
63 22 1602463
63 33 1602463
63 41 1602469
63 31 1602478
63 40 1602486
63 1 1602494
63 5 1602502
63 37 1602507
63 56 1602509
63 18 1602511
63 55 1602514
63 2 1602518
63 4 1602527
63 34 1602533
63 45 1602538
63 46 1602539
63 58 1602543
63 60 1602546
63 19 1602553
63 53 1602561
63 26 1602566
63 17 1602574
63 15 1602578
63 20 1602583
63 50 1602590
63 66 1602596
63 38 1602601
63 43 1602606
63 12 1602606
63 7 1602613
63 46 1602622
63 20 1602623
63 32 1602632
63 47 1602633
63 16 1602636
63 27 1602645
63 59 1602654
63 18 1602654
63 42 1602658
63 23 1602660
63 64 1602660
63 37 1602669
63 35 1602678
63 56 1602687
63 57 1602687
63 0 1602687
63 43 1602693
63 22 1602695
63 34 1602701
63 55 1602708
63 58 1602714
63 17 1602718
63 25 1602720
63 31 1602728
63 49 1602734
63 62 1602736
63 10 1602743
63 44 1602750
63 30 1602759
63 33 1602762
63 54 1602768
63 1 1602768
63 60 1602771
63 28 1602777
63 45 1602779
63 4 1602784
63 51 1602793
63 11 1602795
63 5 1602801
64 67 1602805
64 46 1602805
64 31 1602809
64 57 1602809
64 59 1602815
64 34 1602822
64 8 1602824
64 69 1602824
64 54 1602830
64 4 1602835
64 61 1602841
64 3 1602845
64 67 1602851
64 22 1602851
64 45 1602859
64 57 1602865
64 12 1602868
64 2 1602876
64 15 1602884
64 26 1602886
64 34 1602890
64 3 1602897
64 1 1602900
64 32 1602906
64 33 1602914
65 39 1602922
65 24 1602928
65 57 1602929
65 62 1602931
65 12 1602931
65 10 1602934
65 40 1602942
65 13 1602946
65 59 1602947
65 25 1602947
65 23 1602951
65 56 1602958
65 2 1602964
65 32 1602968
65 45 1602968
65 35 1602974
65 52 1602974
65 0 1602978
65 64 1602984
65 41 1602990
65 67 1602990
65 21 1602999
65 20 1603003
65 37 1603003
65 47 1603003
65 9 1603011
65 57 1603013
65 11 1603015
65 40 1603017
65 51 1603017
65 46 1603026
65 55 1603034
65 54 1603036
65 2 1603043
65 26 1603043
65 13 1603045
65 53 1603048
65 63 1603050
65 58 1603057
65 1 1603061
65 18 1603061
65 30 1603064
65 42 1603072
65 5 1603080
65 48 1603082
65 25 1603087
65 59 1603091
66 17 1603094
66 16 1603096
66 5 1603102
66 42 1603104
66 29 1603105
66 38 1603114
66 28 1603117
66 59 1603121
66 50 1603126
67 56 1603129
67 15 1603136
67 42 1603145
67 24 1603150
67 59 1603159
67 65 1603167
67 57 1603176
67 68 1603178
67 70 1603187
67 21 1603195
67 28 1603202
67 43 1603206
67 34 1603206
67 8 1603215
67 29 1603216
67 17 1603220
67 41 1603229
67 31 1603237
67 44 1603241
67 52 1603247
67 64 1603250
67 9 1603257
67 33 1603266
67 36 1603273
67 40 1603280
67 19 1603282
67 56 1603286
67 32 1603288
67 57 1603297
67 37 1603297
67 51 1603297
67 20 1603304
67 18 1603308
67 11 1603315
67 2 1603316
67 66 1603319
67 25 1603320
67 47 1603326
67 16 1603330
67 0 1603338
67 4 1603343
67 12 1603351
67 23 1603352
67 7 1603356
67 52 1603365
67 29 1603366
68 62 1603371
68 3 1603373
68 10 1603374
68 25 1603382
68 55 1603391
68 60 1603391
68 33 1603400
68 57 1603401
69 4 1603407
69 38 1603409
69 61 1603413
69 39 1603419
69 52 1603419
69 10 1603423
69 43 1603432
69 47 1603438
69 50 1603438
69 44 1603446
69 6 1603447
69 2 1603449
69 20 1603450
69 26 1603456
69 48 1603459
69 11 1603460
69 49 1603461
69 37 1603462
69 30 1603467
69 40 1603476
69 33 1603477
69 39 1603482
69 48 1603483
69 17 1603492
69 1 1603495
69 10 1603501
69 15 1603505
69 60 1603514
69 47 1603517
69 31 1603523
69 35 1603526
69 4 1603534
69 54 1603542
69 70 1603547
69 34 1603552
69 38 1603556
69 53 1603564
69 50 1603570
69 51 1603574
69 45 1603579
69 65 1603585
69 7 1603592
69 46 1603601
70 10 1603605
70 17 1603613
70 11 1603616
70 15 1603617
70 30 1603618
70 43 1603624
70 20 1603630
70 3 1603632
70 9 1603636
70 44 1603640
70 23 1603645
70 0 1603649
70 13 1603658
