72
true
0 46 1647256
0 37 1647259
0 57 1647259
0 31 1647260
0 10 1647264
0 28 1647270
0 69 1647277
0 27 1647277
0 59 1647280
0 36 1647285
0 23 1647292
0 54 1647301
0 60 1647305
0 42 1647307
0 22 1647310
0 50 1647310
0 48 1647317
0 33 1647323
0 14 1647329
0 25 1647330
0 11 1647338
0 43 1647340
0 30 1647348
0 58 1647353
0 11 1647358
0 19 1647360
0 59 1647361
0 15 1647366
0 47 1647373
0 56 1647380
0 29 1647385
0 8 1647387
0 63 1647388
0 60 1647394
0 18 1647394
0 10 1647403
0 26 1647405
0 30 1647405
0 52 1647410
0 49 1647413
0 36 1647418
0 34 1647426
0 66 1647429
1 60 1647433
1 11 1647440
1 14 1647443
1 61 1647447
2 71 1647450
2 1 1647459
2 44 1647460
2 41 1647462
2 32 1647466
2 55 1647471
2 29 1647478
2 69 1647482
2 67 1647485
2 64 1647494
2 53 1647494
2 10 1647501
2 70 1647501
2 28 1647509
2 45 1647516
2 61 1647520
2 63 1647521
2 68 1647526
2 12 1647535
2 40 1647536
2 20 1647537
2 24 1647544
2 21 1647546
2 18 1647550
2 30 1647559
2 66 1647564
2 42 1647564
2 0 1647564
2 71 1647571
2 21 1647577
2 26 1647585
2 33 1647591
2 54 1647597
2 14 1647597
2 50 1647599
2 49 1647604
2 53 1647606
2 19 1647615
2 32 1647619
2 31 1647621
2 64 1647621
2 62 1647628
2 18 1647634
2 6 1647636
2 27 1647637
2 34 1647643
2 44 1647647
2 38 1647651
2 30 1647653
2 55 1647654
2 36 1647658
2 28 1647665
2 47 1647673
2 39 1647674
2 9 1647679
3 12 1647680
3 61 1647680
3 71 1647689
3 70 1647693
3 6 1647693
3 26 1647694
3 49 1647698
3 29 1647707
3 13 1647716
3 32 1647721
3 5 1647721
3 11 1647723
3 52 1647726
3 67 1647735
3 55 1647735
3 39 1647738
3 63 1647740
3 57 1647740
3 24 1647748
3 46 1647748
3 41 1647757
3 27 1647758
3 40 1647758
3 25 1647758
3 14 1647765
3 10 1647765
3 0 1647772
3 33 1647778
3 35 1647782
3 62 1647791
3 31 1647791
3 28 1647797
3 38 1647802
3 47 1647804
3 18 1647806
3 37 1647808
3 42 1647817
3 50 1647823
3 16 1647830
3 58 1647832
3 16 1647836
3 1 1647844
3 54 1647845
3 70 1647852
3 36 1647859
3 29 1647868
3 14 1647874
3 40 1647877
3 10 1647884
3 25 1647886
3 59 1647889
3 46 1647894
3 43 1647896
3 2 1647902
3 28 1647905
3 38 1647905
3 27 1647910
3 19 1647919
3 58 1647921
3 15 1647924
3 50 1647927
3 57 1647936
3 9 1647937
3 42 1647941
3 5 1647942
3 12 1647948
3 53 1647953
3 67 1647955
3 33 1647955
3 34 1647956
3 55 1647956
3 37 1647957
3 7 1647962
4 35 1647969
4 11 1647975
4 26 1647979
4 34 1647979
4 13 1647987
4 67 1647988
4 6 1647992
4 55 1647999
4 68 1648000
4 17 1648007
4 64 1648012
4 29 1648018
4 8 1648023
4 32 1648028
4 40 1648037
4 65 1648046
4 31 1648047
4 49 1648054
4 33 1648054
4 38 1648060
4 25 1648066
4 50 1648073
4 28 1648080
4 61 1648086
4 42 1648091
4 48 1648092
4 63 1648098
4 39 1648100
4 52 1648109
4 43 1648116
4 2 1648124
4 57 1648133
4 45 1648136
4 24 1648138
4 66 1648147
4 62 1648152
4 15 1648158
4 56 1648164
4 53 1648164
4 71 1648164
4 47 1648173
4 44 1648179
4 69 1648181
4 36 1648187
4 14 1648189
4 20 1648189
4 29 1648191
4 26 1648192
4 12 1648193
4 34 1648201
4 18 1648207
4 43 1648211
4 62 1648215
4 45 1648215
4 3 1648222
4 63 1648228
4 17 1648233
4 0 1648241
4 69 1648241
4 60 1648244
4 52 1648251
4 13 1648259
4 58 1648260
4 59 1648262
4 8 1648266
4 28 1648275
4 56 1648282
4 25 1648291
4 22 1648296
4 48 1648303
4 37 1648312
4 71 1648321
4 16 1648324
4 46 1648327
4 36 1648336
4 31 1648343
4 39 1648344
4 53 1648348
4 1 1648350
4 7 1648357
4 51 1648363
4 49 1648371
4 23 1648380
4 30 1648387
4 35 1648387
4 70 1648396
5 24 1648401
5 6 1648407
5 47 1648409
5 67 1648412
5 57 1648419
5 8 1648428
5 21 1648430
5 37 1648431
5 42 1648436
5 68 1648437
5 20 1648443
5 56 1648446
5 33 1648449
5 43 1648451
5 71 1648451
5 17 1648460
5 25 1648467
5 63 1648469
5 36 1648469
5 19 1648474
5 69 1648479
5 65 1648481
5 55 1648483
5 48 1648490
5 18 1648498
5 29 1648507
5 46 1648516
5 15 1648524
5 11 1648529
5 38 1648536
5 60 1648538
5 0 1648542
5 34 1648543
5 44 1648546
5 45 1648554
5 9 1648560
5 7 1648565
5 62 1648571
5 12 1648577
5 53 1648580
5 70 1648580
5 17 1648584
5 10 1648585
5 35 1648585
5 55 1648586
5 45 1648591
5 23 1648592
5 33 1648596
5 27 1648603
5 38 1648609
5 34 1648615
5 24 1648624
5 60 1648628
5 59 1648629
5 19 1648635
5 32 1648639
5 0 1648644
5 36 1648652
5 25 1648657
5 43 1648663
5 50 1648669
5 16 1648673
5 7 1648675
5 54 1648682
5 51 1648689
5 15 1648695
5 48 1648699
5 9 1648703
5 69 1648706
5 40 1648709
5 11 1648709
5 61 1648715
5 22 1648721
5 2 1648726
5 13 1648735
5 65 1648743
5 56 1648747
5 12 1648753
5 26 1648757
6 32 1648762
6 62 1648771
6 57 1648777
6 64 1648782
6 40 1648783
6 14 1648790
6 46 1648795
6 47 1648804
6 49 1648813
6 35 1648818
6 39 1648822
6 71 1648830
6 27 1648833
6 58 1648837
6 8 1648839
6 21 1648846
6 23 1648851
6 30 1648857
6 1 1648863
6 55 1648866
6 38 1648868
6 5 1648872
6 29 1648876
6 68 1648884
6 67 1648892
6 43 1648894
6 69 1648897
6 48 1648904
6 49 1648906
6 29 1648914
6 11 1648922
6 58 1648922
6 24 1648925
6 16 1648925
6 18 1648930
6 62 1648935
6 7 1648942
6 47 1648947
6 57 1648953
6 56 1648959
6 31 1648960
6 59 1648967
6 10 1648971
6 30 1648976
6 46 1648985
6 39 1648989
6 51 1648998
6 1 1649004
6 66 1649010
6 2 1649015
6 65 1649024
6 21 1649032
6 43 1649035
6 60 1649038
6 26 1649045
6 68 1649048
6 41 1649048
7 15 1649051
7 21 1649053
7 12 1649057
7 37 1649061
7 42 1649066
7 56 1649068
7 4 1649073
7 16 1649078
7 26 1649086
7 66 1649092
7 67 1649095
7 57 1649101
7 54 1649102
7 18 1649105
7 44 1649106
7 20 1649113
7 19 1649118
7 34 1649124
7 13 1649124
7 39 1649127
7 59 1649135
7 0 1649142
7 45 1649151
7 10 1649155
7 53 1649155
7 69 1649158
7 6 1649163
7 27 1649164
7 36 1649171
7 70 1649174
7 33 1649181
7 47 1649182
7 3 1649188
7 49 1649194
7 29 1649198
7 40 1649203
7 55 1649205
7 1 1649212
7 5 1649218
7 66 1649220
7 52 1649221
7 15 1649229
7 44 1649233
7 71 1649233
7 6 1649240
7 53 1649240
7 32 1649244
7 69 1649245
7 48 1649250
7 8 1649251
7 37 1649257
7 35 1649262
7 50 1649267
7 46 1649276
7 34 1649279
7 42 1649283
7 4 1649285
7 27 1649287
8 4 1649295
8 70 1649302
8 23 1649308
8 55 1649316
8 21 1649318
8 30 1649320
8 15 1649321
8 64 1649330
8 9 1649339
8 35 1649342
8 38 1649344
8 20 1649352
8 56 1649356
8 57 1649362
8 6 1649367
8 1 1649375
8 37 1649384
8 44 1649390
8 62 1649393
8 52 1649400
8 7 1649400
8 25 1649409
8 60 1649413
8 69 1649416
8 24 1649417
8 51 1649417
8 22 1649418
8 5 1649420
8 19 1649422
8 46 1649429
8 34 1649433
8 41 1649436
8 68 1649436
8 67 1649441
8 39 1649441
8 7 1649450
8 25 1649452
8 44 1649460
8 66 1649469
8 35 1649472
8 21 1649480
8 24 1649483
8 33 1649488
8 61 1649489
8 60 1649497
8 2 1649500
8 22 1649505
8 39 1649505
8 23 1649506
8 42 1649510
8 19 1649514
8 69 1649523
8 9 1649530
8 68 1649534
8 47 1649543
8 57 1649546
8 56 1649548
8 52 1649553
8 54 1649553
8 6 1649554
8 29 1649554
8 41 1649562
8 58 1649566
8 4 1649570
8 55 1649572
8 31 1649578
8 10 1649585
8 38 1649594
8 64 1649603
8 26 1649608
9 13 1649613
9 28 1649620
9 23 1649621
9 4 1649623
9 53 1649625
9 20 1649630
9 16 1649636
9 56 1649636
9 11 1649644
9 15 1649645
9 0 1649651
9 1 1649651
9 67 1649655
9 44 1649659
9 51 1649667
9 42 1649676
9 70 1649679
9 40 1649682
9 41 1649686
9 52 1649691
9 69 1649692
9 8 1649693
9 37 1649697
9 36 1649705
9 71 1649713
9 25 1649713
9 62 1649721
9 35 1649725
9 30 1649727
9 47 1649731
9 7 1649737
9 64 1649738
9 37 1649747
9 57 1649754
9 46 1649756
9 53 1649764
9 10 1649770
9 25 1649771
9 61 1649779
9 40 1649782
9 38 1649783
9 45 1649786
9 62 1649788
9 1 1649790
9 63 1649798
9 65 1649805
9 51 1649813
9 34 1649814
9 16 1649822
9 27 1649826
9 4 1649834
9 26 1649835
9 15 1649838
9 70 1649842
9 36 1649847
9 17 1649854
9 43 1649854
9 49 1649860
9 42 1649863
9 52 1649863
9 5 1649865
10 0 1649872
10 22 1649876
10 33 1649884
10 65 1649893
10 45 1649900
10 9 1649909
10 43 1649909
10 11 1649917
10 54 1649926
10 47 1649931
10 34 1649940
10 40 1649945
10 53 1649946
10 36 1649950
10 19 1649953
10 57 1649960
10 1 1649969
10 49 1649972
10 44 1649981
10 2 1649986
10 62 1649991
10 55 1649999
10 66 1650005
10 27 1650010
10 6 1650017
10 42 1650024
10 60 1650032
10 17 1650034
10 70 1650040
10 3 1650045
10 29 1650047
10 61 1650048
10 65 1650056
10 30 1650059
10 42 1650060
10 31 1650064
10 26 1650065
10 23 1650071
10 2 1650072
10 32 1650073
10 66 1650082
10 34 1650084
10 71 1650084
10 37 1650087
10 28 1650096
10 16 1650100
10 54 1650107
10 27 1650113
10 68 1650116
10 51 1650117
10 29 1650126
10 8 1650126
10 18 1650128
10 64 1650132
10 62 1650132
10 40 1650134
10 25 1650136
10 17 1650144
10 52 1650145
10 5 1650149
10 55 1650151
10 11 1650153
10 19 1650156
10 12 1650164
10 45 1650164
11 53 1650171
11 39 1650180
11 35 1650189
11 4 1650190
11 52 1650195
11 64 1650196
11 3 1650201
11 46 1650202
11 49 1650202
11 59 1650208
11 30 1650208
11 28 1650212
11 24 1650221
11 54 1650223
11 56 1650232
11 67 1650233
11 58 1650233
11 18 1650234
11 43 1650242
11 14 1650251
11 55 1650254
11 29 1650258
11 21 1650267
11 17 1650273
11 8 1650282
11 37 1650286
11 61 1650289
11 57 1650291
11 27 1650299
11 22 1650308
11 40 1650312
11 2 1650319
11 6 1650325
11 12 1650334
11 31 1650340
11 0 1650345
11 60 1650351
11 25 1650354
11 53 1650363
11 1 1650369
11 13 1650370
11 47 1650376
11 59 1650381
11 58 1650383
11 43 1650390
11 3 1650395
11 63 1650396
11 28 1650396
11 45 1650403
11 61 1650408
11 64 1650417
11 7 1650417
11 37 1650426
11 54 1650431
11 42 1650434
11 41 1650440
11 18 1650441
11 38 1650444
11 32 1650451
11 70 1650458
11 0 1650467
11 62 1650473
11 16 1650478
11 31 1650482
11 40 1650489
11 20 1650494
11 56 1650498
11 27 1650498
11 21 1650506
11 44 1650513
11 39 1650518
11 60 1650520
11 68 1650522
11 29 1650531
12 21 1650532
12 7 1650536
12 37 1650540
12 24 1650542
12 34 1650542
12 6 1650543
12 0 1650546
12 57 1650555
12 10 1650556
12 70 1650561
12 25 1650561
12 56 1650563
12 39 1650572
12 26 1650578
12 45 1650581
12 40 1650582
12 51 1650584
12 55 1650585
12 8 1650591
12 29 1650598
12 50 1650601
12 54 1650608
12 60 1650611
12 13 1650613
12 11 1650620
12 43 1650624
12 18 1650627
12 20 1650629
12 71 1650636
12 4 1650640
12 67 1650646
12 45 1650648
12 49 1650651
12 22 1650652
12 50 1650655
12 66 1650661
12 7 1650661
12 6 1650662
12 27 1650662
12 19 1650662
12 57 1650667
12 60 1650670
12 63 1650679
12 23 1650686
12 65 1650686
12 64 1650688
12 3 1650696
12 17 1650703
12 54 1650704
12 36 1650706
12 35 1650712
12 48 1650721
12 55 1650725
12 56 1650727
12 21 1650734
12 2 1650736
12 13 1650744
13 45 1650752
13 9 1650759
13 60 1650761
13 12 1650767
13 66 1650767
13 49 1650773
13 58 1650775
13 57 1650775
13 42 1650777
13 48 1650782
13 40 1650784
13 24 1650787
13 20 1650787
13 63 1650793
13 21 1650796
13 23 1650805
13 22 1650813
13 51 1650819
13 42 1650828
13 19 1650829
13 30 1650833
13 0 1650841
13 60 1650844
13 54 1650850
13 43 1650859
13 27 1650864
13 55 1650865
13 12 1650869
13 3 1650871
13 48 1650878
13 29 1650887
13 8 1650891
13 67 1650896
13 53 1650896
13 11 1650900
13 47 1650907
14 35 1650909
14 26 1650914
14 1 1650914
14 12 1650916
14 17 1650919
14 53 1650926
14 5 1650930
14 23 1650932
14 67 1650941
14 7 1650941
14 15 1650941
14 19 1650944
14 3 1650952
14 8 1650959
14 29 1650960
14 6 1650962
14 9 1650962
14 66 1650964
14 22 1650968
14 27 1650972
14 59 1650976
14 60 1650982
14 55 1650987
14 52 1650996
14 39 1650999
14 64 1651002
14 25 1651009
14 68 1651010
14 31 1651016
14 20 1651018
14 46 1651022
14 41 1651022
14 29 1651025
14 11 1651030
14 48 1651034
14 60 1651039
14 17 1651047
14 37 1651054
14 6 1651062
14 31 1651063
14 19 1651066
14 5 1651073
14 68 1651077
14 50 1651077
14 57 1651079
14 20 1651081
14 65 1651082
14 39 1651088
14 22 1651091
14 15 1651091
14 27 1651093
14 24 1651096
14 46 1651097
14 2 1651098
14 63 1651099
14 49 1651107
14 52 1651112
14 30 1651117
14 62 1651119
14 35 1651121
14 4 1651121
14 56 1651123
14 69 1651130
14 10 1651134
14 34 1651143
15 32 1651148
15 62 1651154
15 46 1651161
15 3 1651168
15 1 1651177
15 56 1651180
15 31 1651185
15 60 1651189
15 61 1651192
15 67 1651197
15 19 1651200
15 9 1651203
15 14 1651211
15 2 1651211
15 22 1651214
15 55 1651216
15 63 1651223
15 39 1651231
15 50 1651231
15 8 1651231
15 57 1651236
15 65 1651237
15 13 1651240
15 59 1651247
15 37 1651247
15 40 1651247
15 12 1651249
15 47 1651258
15 43 1651260
15 0 1651266
15 66 1651272
15 17 1651278
15 68 1651286
15 54 1651289
15 0 1651298
15 2 1651301
15 56 1651302
15 3 1651310
15 5 1651313
15 7 1651317
15 6 1651322
15 22 1651327
15 62 1651328
15 67 1651332
15 36 1651334
15 46 1651337
15 28 1651337
15 24 1651337
15 57 1651345
15 4 1651348
15 30 1651357
15 31 1651365
15 19 1651368
15 49 1651370
15 47 1651376
15 64 1651378
15 55 1651386
15 69 1651392
15 8 1651394
15 25 1651396
15 63 1651404
16 53 1651408
16 4 1651415
16 1 1651418
16 58 1651421
16 46 1651422
16 20 1651426
16 48 1651432
16 66 1651432
16 2 1651435
16 34 1651437
16 11 1651444
16 62 1651452
16 69 1651455
16 50 1651455
16 30 1651456
16 6 1651463
16 62 1651463
16 34 1651471
16 20 1651477
16 53 1651481
16 61 1651490
16 40 1651491
16 59 1651491
16 55 1651492
16 68 1651496
16 58 1651500
16 37 1651506
16 50 1651510
17 0 1651513
17 37 1651516
17 45 1651521
17 29 1651524
17 54 1651527
17 60 1651529
17 57 1651536
17 51 1651545
17 2 1651547
17 39 1651556
17 26 1651561
17 38 1651563
17 32 1651571
17 20 1651575
17 9 1651580
17 24 1651586
17 30 1651591
17 64 1651600
17 62 1651602
17 50 1651609
17 4 1651617
17 31 1651621
17 59 1651624
17 41 1651625
17 11 1651626
17 5 1651631
17 59 1651639
17 68 1651644
17 26 1651647
17 13 1651648
17 10 1651655
17 28 1651655
17 43 1651661
17 12 1651662
17 8 1651666
17 16 1651673
17 18 1651673
17 49 1651682
17 19 1651688
17 52 1651696
17 63 1651705
17 31 1651708
17 24 1651710
17 47 1651710
17 64 1651713
17 6 1651715
17 30 1651724
17 62 1651730
18 8 1651736
18 38 1651743
18 55 1651744
18 41 1651747
18 51 1651756
18 6 1651758
18 12 1651761
18 20 1651765
18 26 1651770
18 30 1651770
18 54 1651776
18 40 1651776
18 19 1651784
18 15 1651784
18 48 1651791
19 1 1651795
19 22 1651797
19 27 1651802
19 44 1651809
19 3 1651816
19 45 1651825
19 69 1651827
19 25 1651830
19 68 1651834
19 7 1651834
19 18 1651841
19 70 1651845
19 23 1651849
19 6 1651854
19 65 1651859
19 34 1651867
19 0 1651869
19 41 1651877
19 56 1651879
19 43 1651888
19 37 1651892
19 47 1651898
19 54 1651900
19 17 1651902
19 49 1651903
19 13 1651907
19 58 1651912
19 52 1651919
19 9 1651922
19 21 1651929
19 64 1651938
19 66 1651944
19 2 1651944
19 57 1651944
19 71 1651952
19 42 1651955
19 55 1651956
19 38 1651961
19 54 1651964
19 40 1651973
19 4 1651978
19 27 1651979
19 64 1651987
19 9 1651987
19 30 1651989
19 16 1651992
19 65 1651992
19 11 1651996
19 51 1651999
19 53 1651999
19 42 1651999
19 28 1652005
19 34 1652009
19 23 1652009
19 46 1652011
19 1 1652016
19 8 1652021
19 52 1652023
19 62 1652027
19 56 1652031
19 61 1652036
19 48 1652037
19 35 1652039
19 50 1652044
19 0 1652052
19 33 1652060
19 31 1652065
19 68 1652074
19 25 1652083
19 71 1652083
19 36 1652088
19 18 1652094
19 14 1652100
19 21 1652109
19 37 1652109
19 3 1652113
19 43 1652116
19 15 1652125
19 32 1652134
19 2 1652139
19 12 1652140
19 26 1652147
20 24 1652152
20 25 1652155
20 18 1652159
20 1 1652159
20 2 1652165
20 26 1652167
20 23 1652167
20 15 1652173
20 49 1652182
20 35 1652189
20 6 1652193
20 27 1652200
20 34 1652201
20 30 1652208
20 22 1652210
20 68 1652217
20 40 1652222
20 10 1652228
20 51 1652230
20 38 1652231
20 13 1652235
20 70 1652236
20 31 1652243
20 12 1652251
20 67 1652252
20 43 1652252
20 14 1652254
20 4 1652261
20 65 1652267
20 11 1652268
20 54 1652277
20 7 1652284
20 62 1652292
20 64 1652294
20 21 1652296
20 33 1652305
20 66 1652305
20 42 1652309
20 47 1652318
20 45 1652319
20 71 1652328
20 63 1652332
20 71 1652336
20 28 1652339
20 53 1652345
20 68 1652351
20 24 1652356
20 63 1652362
20 56 1652366
20 42 1652374
20 15 1652382
20 19 1652389
20 64 1652398
20 54 1652406
20 55 1652411
20 62 1652411
20 21 1652417
20 34 1652421
20 18 1652429
20 58 1652434
20 16 1652437
20 46 1652443
20 39 1652444
20 4 1652446
20 51 1652449
20 43 1652451
20 38 1652453
20 65 1652453
20 14 1652459
20 32 1652461
20 49 1652467
20 67 1652467
20 70 1652475
20 7 1652477
20 66 1652483
20 3 1652486
20 23 1652495
20 2 1652502
20 33 1652507
20 11 1652513
20 45 1652518
21 7 1652527
21 64 1652530
21 13 1652539
21 37 1652542
21 58 1652549
21 33 1652555
21 12 1652559
21 29 1652568
21 45 1652571
21 51 1652571
21 53 1652578
21 24 1652580
21 56 1652585
21 11 1652590
21 68 1652597
21 30 1652597
21 60 1652598
21 67 1652603
21 40 1652606
21 18 1652615
21 49 1652621
21 3 1652626
21 0 1652631
21 8 1652632
21 50 1652638
21 4 1652642
21 15 1652647
21 55 1652655
21 31 1652664
21 65 1652673
21 34 1652681
21 47 1652685
21 9 1652687
21 46 1652693
21 5 1652694
21 36 1652700
21 14 1652701
21 12 1652708
21 36 1652717
21 18 1652718
21 70 1652720
21 43 1652723
21 56 1652730
21 38 1652733
21 17 1652740
21 19 1652749
21 10 1652752
21 32 1652761
21 58 1652769
21 71 1652772
21 3 1652777
21 35 1652779
21 49 1652784
21 40 1652793
21 27 1652794
21 55 1652798
21 46 1652800
21 30 1652805
21 26 1652808
21 61 1652808
21 25 1652810
21 47 1652816
21 34 1652820
21 9 1652822
21 14 1652829
21 64 1652831
21 48 1652840
21 7 1652848
21 45 1652849
21 62 1652851
21 51 1652855
21 5 1652860
21 63 1652868
21 24 1652873
21 28 1652874
21 50 1652883
22 35 1652886
22 17 1652891
22 9 1652892
22 4 1652899
22 53 1652902
22 27 1652911
22 46 1652912
22 38 1652914
22 31 1652917
22 30 1652920
22 24 1652920
22 32 1652923
22 64 1652930
22 48 1652931
22 14 1652935
22 50 1652936
22 23 1652942
22 2 1652945
22 49 1652950
22 63 1652953
22 60 1652957
22 3 1652960
22 12 1652969
22 34 1652972
22 44 1652978
22 11 1652986
22 41 1652990
22 58 1652995
22 52 1653003
22 16 1653010
22 70 1653016
22 40 1653016
22 69 1653017
22 62 1653024
22 17 1653032
22 40 1653039
22 1 1653045
22 37 1653049
22 48 1653054
22 56 1653054
22 65 1653059
22 15 1653065
22 9 1653068
22 43 1653076
22 27 1653076
22 25 1653077
22 42 1653084
22 59 1653087
22 52 1653090
22 31 1653096
22 32 1653097
22 13 1653099
22 35 1653105
22 45 1653105
22 30 1653105
22 57 1653109
22 63 1653113
22 34 1653117
22 38 1653126
22 10 1653128
22 61 1653133
22 21 1653134
22 49 1653143
22 39 1653144
22 26 1653146
22 60 1653153
22 47 1653160
22 33 1653163
22 12 1653172
22 23 1653177
23 66 1653178
23 15 1653184
23 36 1653189
23 5 1653196
23 34 1653201
23 71 1653206
24 6 1653215
24 3 1653216
24 0 1653225
24 51 1653233
24 69 1653235
24 41 1653237
24 45 1653240
24 1 1653248
24 34 1653249
24 30 1653250
24 38 1653251
24 27 1653255
24 11 1653258
24 22 1653264
24 5 1653264
24 32 1653266
24 9 1653275
24 7 1653282
24 20 1653283
24 14 1653286
24 56 1653286
24 26 1653295
24 66 1653301
24 64 1653308
24 55 1653317
24 47 1653322
24 58 1653322
24 28 1653325
24 44 1653325
24 70 1653326
24 35 1653331
24 50 1653332
24 37 1653339
24 63 1653339
24 48 1653344
24 19 1653351
24 57 1653358
24 29 1653361
24 56 1653363
24 46 1653369
24 2 1653370
24 41 1653374
24 17 1653376
24 28 1653378
24 49 1653384
24 1 1653384
24 11 1653390
24 68 1653396
24 33 1653399
24 63 1653404
24 32 1653407
24 10 1653416
24 40 1653422
24 13 1653429
24 4 1653438
24 66 1653447
24 52 1653452
24 31 1653452
24 20 1653460
24 69 1653469
24 43 1653471
24 9 1653475
24 58 1653482
24 42 1653488
24 19 1653488
24 7 1653491
24 6 1653492
24 18 1653492
24 36 1653495
24 15 1653501
24 62 1653508
24 60 1653508
24 70 1653509
24 26 1653518
24 39 1653526
24 65 1653529
24 53 1653538
24 23 1653545
24 35 1653549
24 48 1653550
25 26 1653556
25 61 1653558
25 39 1653562
25 30 1653565
25 3 1653571
25 22 1653572
26 17 1653572
26 40 1653580
26 31 1653585
26 37 1653591
26 33 1653595
26 49 1653603
26 57 1653603
26 54 1653609
26 59 1653617
26 23 1653618
26 70 1653620
27 28 1653626
27 62 1653630
27 26 1653635
27 55 1653636
27 46 1653637
27 57 1653646
27 30 1653650
27 66 1653651
27 54 1653652
27 5 1653658
27 67 1653664
27 40 1653667
27 13 1653676
27 47 1653683
27 4 1653686
27 23 1653688
27 64 1653692
27 63 1653699
27 50 1653702
27 39 1653711
27 61 1653718
27 9 1653719
27 68 1653720
27 59 1653724
27 15 1653725
27 71 1653731
27 21 1653737
27 8 1653739
27 52 1653748
27 19 1653750
27 11 1653751
27 42 1653753
27 44 1653759
27 28 1653759
27 26 1653768
27 51 1653770
27 23 1653778
27 52 1653784
27 11 1653793
27 71 1653802
27 2 1653811
27 62 1653813
27 42 1653813
27 53 1653816
27 50 1653817
27 70 1653819
27 21 1653820
27 30 1653825
27 9 1653833
27 1 1653841
27 16 1653841
27 15 1653845
27 39 1653849
27 36 1653855
27 56 1653855
27 5 1653863
27 34 1653871
27 47 1653874
27 45 1653874
27 13 1653879
27 64 1653881
27 44 1653887
27 61 1653893
27 40 1653900
27 3 1653908
28 37 1653912
28 9 1653916
28 29 1653919
28 61 1653923
29 34 1653930
29 0 1653934
29 32 1653941
29 15 1653947
29 17 1653952
29 66 1653960
29 52 1653964
29 31 1653971
29 10 1653978
29 24 1653983
29 33 1653984
29 67 1653985
29 69 1653989
29 23 1653997
29 71 1654003
29 64 1654004
29 40 1654005
29 65 1654005
29 70 1654010
29 20 1654011
29 57 1654014
29 22 1654017
29 43 1654024
29 38 1654029
29 63 1654037
29 20 1654043
29 27 1654047
29 44 1654048
29 35 1654048
29 40 1654054
29 28 1654056
29 45 1654058
29 58 1654062
29 23 1654067
29 19 1654074
29 6 1654074
29 34 1654081
29 8 1654081
29 25 1654086
29 64 1654093
29 59 1654097
29 46 1654106
29 9 1654107
29 53 1654112
29 70 1654121
29 13 1654126
29 12 1654130
29 3 1654134
29 37 1654138
30 53 1654138
30 6 1654139
30 9 1654144
30 8 1654145
30 57 1654153
30 68 1654153
30 43 1654158
30 64 1654163
30 32 1654172
30 17 1654177
30 48 1654177
30 19 1654179
30 23 1654187
30 67 1654192
30 59 1654197
30 56 1654204
30 38 1654213
30 0 1654222
30 14 1654227
30 35 1654231
30 45 1654236
30 60 1654245
30 4 1654249
30 16 1654256
30 65 1654256
30 62 1654259
30 12 1654261
30 15 1654270
30 70 1654272
30 33 1654272
30 21 1654273
30 35 1654282
30 65 1654287
30 8 1654287
30 51 1654290
30 36 1654297
30 49 1654297
30 37 1654298
30 61 1654305
30 27 1654310
30 28 1654318
30 23 1654324
30 71 1654333
30 9 1654342
30 42 1654347
30 19 1654352
30 16 1654360
30 66 1654363
30 11 1654368
30 63 1654370
30 1 1654379
30 25 1654385
30 33 1654393
30 22 1654395
30 50 1654400
30 70 1654406
30 40 1654407
30 46 1654411
30 67 1654417
30 39 1654425
31 50 1654430
31 65 1654431
31 66 1654432
31 29 1654439
31 49 1654445
31 46 1654446
31 28 1654446
31 53 1654447
31 61 1654452
31 16 1654459
31 56 1654461
31 39 1654469
31 4 1654469
31 52 1654470
31 17 1654477
31 12 1654479
31 62 1654482
31 68 1654487
31 42 1654487
31 48 1654495
31 54 1654495
31 34 1654496
31 38 1654498
31 26 1654500
31 15 1654504
31 70 1654506
31 0 1654509
31 14 1654509
31 10 1654511
31 19 1654512
31 1 1654516
31 41 1654524
31 47 1654530
31 3 1654531
31 45 1654534
31 63 1654541
31 40 1654549
31 30 1654557
31 35 1654566
31 59 1654567
31 8 1654576
31 24 1654581
31 65 1654586
31 25 1654590
31 68 1654594
31 38 1654599
31 11 1654606
31 32 1654613
31 52 1654616
31 3 1654618
31 7 1654621
31 54 1654621
31 69 1654627
31 34 1654631
31 37 1654639
31 20 1654643
31 42 1654651
31 29 1654658
31 61 1654663
31 9 1654664
31 66 1654666
31 19 1654673
31 36 1654677
31 55 1654682
31 41 1654687
31 53 1654691
31 17 1654692
31 51 1654695
31 23 1654700
31 1 1654702
31 22 1654710
31 58 1654719
31 28 1654726
31 21 1654729
31 40 1654731
31 6 1654736
31 45 1654740
31 50 1654744
31 46 1654752
32 38 1654759
32 1 1654761
32 21 1654761
32 61 1654770
32 58 1654775
32 22 1654776
32 7 1654785
32 23 1654790
32 29 1654794
32 61 1654797
32 62 1654798
32 36 1654800
32 29 1654800
32 44 1654801
32 24 1654801
32 39 1654806
32 43 1654812
32 27 1654821
32 4 1654827
32 48 1654831
33 14 1654838
33 67 1654839
33 12 1654841
33 52 1654849
33 58 1654856
33 35 1654860
33 57 1654860
33 30 1654863
33 21 1654867
33 39 1654875
33 38 1654878
33 71 1654881
33 28 1654884
33 50 1654891
33 53 1654899
33 46 1654906
33 25 1654908
33 9 1654908
33 20 1654912
33 54 1654915
33 51 1654924
33 15 1654926
33 34 1654927
33 2 1654934
33 8 1654935
33 48 1654941
33 45 1654944
33 64 1654950
33 24 1654958
33 42 1654960
33 63 1654962
33 1 1654971
33 17 1654979
33 49 1654981
33 4 1654988
33 22 1654994
33 0 1655002
33 36 1655006
33 29 1655008
33 23 1655014
33 5 1655019
33 10 1655022
33 19 1655031
33 13 1655037
33 20 1655039
33 53 1655042
33 42 1655049
33 50 1655057
33 39 1655065
33 68 1655067
33 52 1655076
33 14 1655080
33 22 1655082
33 24 1655091
33 38 1655091
33 36 1655098
33 18 1655107
33 71 1655114
33 40 1655121
33 0 1655121
33 48 1655124
33 57 1655127
33 64 1655130
33 17 1655137
33 15 1655142
33 37 1655147
33 55 1655152
33 31 1655157
33 45 1655162
33 26 1655165
33 4 1655169
33 60 1655172
33 46 1655172
33 63 1655179
33 11 1655181
33 21 1655186
33 69 1655195
33 67 1655201
33 28 1655208
33 34 1655210
33 7 1655219
34 67 1655221
34 71 1655226
34 70 1655231
34 55 1655237
34 25 1655246
34 50 1655248
34 13 1655252
34 28 1655255
34 30 1655260
34 14 1655267
34 44 1655268
35 6 1655271
35 8 1655275
35 46 1655280
35 20 1655282
35 40 1655283
35 66 1655283
35 28 1655289
35 23 1655294
35 4 1655303
35 53 1655311
35 11 1655315
35 42 1655323
35 13 1655331
35 33 1655331
35 37 1655335
35 18 1655340
35 2 1655340
35 38 1655342
35 14 1655348
35 56 1655348
35 19 1655351
35 62 1655357
35 45 1655363
35 9 1655369
35 41 1655375
35 68 1655383
35 1 1655383
35 10 1655384
35 30 1655392
35 64 1655396
35 60 1655404
35 44 1655404
35 12 1655413
35 36 1655415
35 27 1655420
35 49 1655422
35 65 1655423
35 27 1655430
35 12 1655439
35 51 1655444
35 54 1655449
35 67 1655452
35 37 1655453
35 23 1655458
35 36 1655458
35 32 1655466
35 21 1655468
35 0 1655473
35 31 1655480
35 9 1655481
35 13 1655488
35 4 1655489
35 22 1655489
35 6 1655496
35 44 1655502
35 55 1655503
35 39 1655505
35 20 1655509
35 2 1655517
35 14 1655523
35 70 1655532
35 50 1655539
35 26 1655545
35 41 1655552
35 1 1655560
35 8 1655560
35 40 1655569
35 52 1655571
35 10 1655579
35 56 1655587
35 63 1655596
35 33 1655603
36 54 1655606
36 57 1655607
36 22 1655612
36 63 1655616
36 70 1655624
36 19 1655628
36 24 1655635
36 64 1655643
36 43 1655650
36 29 1655657
36 66 1655658
36 15 1655661
36 28 1655661
36 34 1655670
36 58 1655678
36 17 1655684
36 0 1655687
36 21 1655694
36 38 1655697
36 31 1655702
36 71 1655706
36 12 1655709
36 55 1655711
36 69 1655711
36 8 1655714
36 1 1655717
36 11 1655721
36 65 1655721
36 10 1655727
36 52 1655728
36 39 1655731
36 2 1655733
36 16 1655737
36 33 1655741
36 50 1655742
36 49 1655747
36 6 1655752
36 37 1655755
36 7 1655764
36 42 1655767
36 56 1655776
36 48 1655784
36 41 1655791
36 60 1655795
36 27 1655799
36 20 1655803
36 13 1655803
36 63 1655804
36 45 1655811
36 22 1655817
36 56 1655818
36 65 1655818
36 14 1655820
36 66 1655829
36 69 1655837
36 57 1655839
36 18 1655842
36 52 1655849
36 21 1655849
36 71 1655849
36 67 1655857
36 62 1655862
36 47 1655871
36 17 1655873
36 31 1655877
36 30 1655878
36 0 1655879
36 49 1655884
36 28 1655891
36 46 1655891
36 59 1655892
36 25 1655898
36 35 1655903
36 26 1655906
36 7 1655906
36 43 1655910
36 3 1655916
36 11 1655919
36 34 1655927
36 9 1655928
36 20 1655928
36 38 1655929
36 50 1655934
36 48 1655941
36 53 1655947
36 27 1655951
36 51 1655958
37 41 1655961
37 0 1655969
37 30 1655970
37 22 1655973
37 50 1655975
37 47 1655978
37 52 1655978
37 26 1655981
37 64 1655982
37 31 1655984
37 1 1655990
37 19 1655993
37 60 1655993
37 32 1655994
37 65 1655999
37 21 1656007
37 6 1656009
37 53 1656014
37 36 1656021
37 55 1656021
37 51 1656021
37 58 1656029
37 34 1656038
37 3 1656040
37 68 1656043
37 38 1656048
37 14 1656054
37 42 1656062
37 63 1656065
37 69 1656066
37 6 1656070
37 71 1656074
37 31 1656077
37 40 1656086
37 35 1656089
37 38 1656094
37 47 1656103
37 29 1656108
37 46 1656111
37 39 1656112
37 63 1656119
37 9 1656128
37 26 1656136
37 24 1656143
37 67 1656143
37 19 1656148
37 28 1656152
37 68 1656158
37 13 1656162
37 27 1656163
37 12 1656169
37 65 1656177
37 48 1656186
37 56 1656189
37 8 1656195
37 32 1656199
37 66 1656202
37 54 1656203
38 67 1656203
38 52 1656206
38 45 1656207
38 14 1656211
38 60 1656212
38 41 1656213
38 42 1656222
38 46 1656230
38 64 1656233
38 19 1656235
38 63 1656239
38 11 1656246
38 35 1656248
38 31 1656256
38 10 1656262
38 29 1656268
38 16 1656277
38 23 1656282
38 48 1656287
38 68 1656295
38 27 1656303
38 13 1656312
38 20 1656314
38 54 1656318
38 14 1656327
38 63 1656329
38 25 1656337
38 69 1656337
38 0 1656343
38 70 1656349
38 5 1656353
38 17 1656357
38 19 1656362
38 22 1656369
38 65 1656374
38 21 1656380
38 55 1656381
38 11 1656382
39 2 1656388
39 68 1656396
39 44 1656405
39 42 1656408
39 57 1656411
39 59 1656415
39 6 1656420
39 37 1656420
39 46 1656420
39 0 1656423
39 53 1656425
39 56 1656431
39 66 1656438
39 26 1656445
39 23 1656452
39 12 1656459
39 27 1656461
39 48 1656468
39 38 1656474
39 50 1656479
39 7 1656483
39 69 1656492
39 51 1656493
39 62 1656502
39 65 1656507
39 47 1656514
39 67 1656522
39 45 1656524
39 26 1656529
39 64 1656532
39 23 1656541
39 5 1656549
39 2 1656550
39 19 1656550
39 22 1656559
39 67 1656564
39 31 1656570
39 15 1656574
39 32 1656581
39 59 1656590
39 55 1656599
39 51 1656603
39 34 1656611
39 43 1656615
39 13 1656624
39 21 1656632
39 45 1656632
39 65 1656634
39 35 1656635
39 66 1656640
39 70 1656648
39 3 1656654
39 57 1656660
39 27 1656660
39 48 1656669
39 54 1656678
39 11 1656678
40 45 1656678
40 21 1656684
40 13 1656689
40 18 1656694
40 57 1656695
40 16 1656703
40 31 1656705
40 1 1656708
40 3 1656715
40 22 1656722
40 27 1656731
40 59 1656733
40 15 1656741
40 53 1656742
40 37 1656746
40 26 1656754
40 24 1656758
40 25 1656765
40 50 1656768
40 12 1656771
40 14 1656779
40 6 1656784
40 29 1656791
40 41 1656797
40 58 1656805
40 66 1656814
40 43 1656821
40 61 1656827
40 34 1656830
40 44 1656839
40 10 1656848
40 0 1656852
40 68 1656852
40 52 1656853
40 56 1656853
40 48 1656857
40 51 1656859
40 36 1656864
40 60 1656869
40 32 1656878
40 7 1656886
40 39 1656889
40 49 1656892
40 46 1656894
40 22 1656894
40 21 1656903
40 16 1656904
40 34 1656908
40 58 1656908
40 18 1656910
40 29 1656919
40 38 1656922
40 68 1656922
40 13 1656925
40 27 1656932
40 4 1656934
40 49 1656934
40 51 1656934
40 67 1656938
40 33 1656942
40 19 1656949
40 45 1656956
40 30 1656962
40 52 1656968
40 25 1656973
40 66 1656978
40 23 1656986
40 57 1656988
40 55 1656989
40 28 1656994
40 24 1656995
40 14 1657004
40 8 1657007
40 43 1657007
40 46 1657016
40 26 1657018
40 60 1657018
40 42 1657026
40 10 1657035
40 2 1657037
40 0 1657044
40 71 1657044
40 35 1657053
40 37 1657059
40 11 1657064
40 53 1657073
40 41 1657082
40 59 1657091
41 22 1657097
41 68 1657100
41 56 1657107
41 16 1657116
41 15 1657125
41 37 1657134
41 8 1657143
41 10 1657143
41 54 1657150
41 55 1657153
41 63 1657158
41 6 1657162
41 57 1657162
41 48 1657171
41 7 1657174
41 20 1657179
41 35 1657185
41 59 1657186
41 33 1657186
41 49 1657193
41 32 1657199
41 19 1657203
41 43 1657205
41 27 1657208
41 4 1657212
41 61 1657219
41 30 1657228
41 40 1657234
41 23 1657239
41 29 1657242
41 66 1657242
41 24 1657251
41 40 1657254
41 67 1657262
41 50 1657271
41 35 1657277
41 60 1657278
41 11 1657286
41 3 1657286
41 17 1657291
41 47 1657300
41 68 1657301
41 59 1657305
41 71 1657313
41 28 1657314
41 54 1657315
41 26 1657316
41 37 1657320
41 15 1657326
41 38 1657333
41 58 1657342
41 20 1657346
41 10 1657351
41 62 1657352
41 36 1657353
41 30 1657357
41 2 1657363
41 31 1657363
41 43 1657368
42 26 1657374
42 34 1657380
42 1 1657385
42 65 1657389
42 57 1657393
42 62 1657399
42 50 1657404
42 15 1657405
42 51 1657412
42 44 1657420
42 45 1657422
42 35 1657423
42 8 1657427
42 55 1657433
42 47 1657441
42 12 1657442
42 20 1657442
42 25 1657444
42 11 1657451
42 2 1657457
42 23 1657460
42 17 1657468
42 71 1657474
42 43 1657478
42 3 1657483
42 24 1657488
42 7 1657489
42 39 1657496
42 5 1657502
42 2 1657504
42 26 1657512
42 61 1657518
42 20 1657522
42 51 1657525
42 29 1657527
42 1 1657527
42 28 1657536
42 35 1657545
42 70 1657553
42 0 1657559
42 3 1657562
42 46 1657571
42 17 1657573
42 41 1657580
42 47 1657583
42 33 1657592
42 16 1657601
42 37 1657608
43 11 1657613
43 35 1657619
43 60 1657628
43 68 1657635
43 54 1657643
43 1 1657644
43 18 1657644
43 6 1657653
43 8 1657654
43 20 1657656
43 25 1657659
43 14 1657662
43 51 1657664
43 10 1657668
43 64 1657677
43 41 1657680
43 27 1657685
43 4 1657688
43 57 1657696
43 36 1657704
43 70 1657712
43 66 1657717
43 62 1657719
43 17 1657726
43 39 1657726
43 63 1657731
43 58 1657738
43 65 1657742
43 30 1657747
43 12 1657753
43 40 1657756
43 29 1657764
43 56 1657773
43 34 1657775
43 28 1657782
43 33 1657788
43 38 1657788
43 9 1657795
43 50 1657801
43 3 1657801
43 69 1657801
43 53 1657803
43 19 1657811
43 24 1657820
43 29 1657828
43 9 1657830
43 51 1657837
43 56 1657844
43 40 1657847
43 55 1657849
43 5 1657850
43 69 1657850
43 63 1657852
43 15 1657852
43 60 1657855
43 6 1657855
43 57 1657862
43 49 1657869
43 23 1657873
43 21 1657875
43 16 1657884
43 44 1657891
43 33 1657897
43 48 1657904
43 1 1657910
43 24 1657911
43 70 1657916
43 20 1657920
43 35 1657927
43 45 1657928
43 14 1657934
43 66 1657936
43 53 1657944
43 30 1657951
43 0 1657955
43 26 1657956
43 11 1657956
43 59 1657963
43 17 1657971
43 64 1657973
43 37 1657976
43 38 1657984
43 12 1657993
43 46 1657998
44 16 1658000
44 51 1658001
44 62 1658008
44 27 1658016
44 65 1658017
44 55 1658017
44 63 1658020
44 0 1658020
44 37 1658027
44 35 1658033
44 39 1658036
44 24 1658043
44 60 1658045
44 41 1658053
44 68 1658055
44 7 1658057
44 14 1658057
44 38 1658063
44 53 1658066
44 33 1658073
44 54 1658074
44 36 1658077
44 67 1658077
44 49 1658078
44 18 1658079
44 26 1658085
44 29 1658087
44 26 1658094
44 16 1658101
44 1 1658109
44 71 1658114
44 31 1658115
44 12 1658122
44 52 1658127
44 18 1658131
44 67 1658138
44 33 1658141
44 11 1658142
44 14 1658151
44 51 1658158
44 37 1658162
44 66 1658164
44 46 1658166
44 57 1658175
44 5 1658178
44 23 1658184
44 25 1658189
44 58 1658198
44 55 1658207
44 10 1658207
44 70 1658208
44 38 1658217
44 24 1658217
44 47 1658220
45 21 1658226
45 39 1658231
45 27 1658231
45 32 1658238
45 18 1658240
45 42 1658244
45 13 1658249
45 40 1658254
45 35 1658258
45 11 1658258
45 8 1658264
45 46 1658265
45 12 1658269
45 52 1658276
45 22 1658283
45 24 1658291
45 0 1658292
45 15 1658296
45 66 1658302
45 17 1658306
45 16 1658312
45 29 1658314
45 43 1658315
45 53 1658323
45 61 1658329
45 6 1658331
45 14 1658331
45 9 1658337
45 60 1658343
45 67 1658346
45 1 1658349
45 54 1658349
45 33 1658351
45 22 1658359
45 60 1658359
45 30 1658366
45 61 1658367
45 20 1658368
45 56 1658374
45 63 1658382
45 41 1658390
45 48 1658391
45 6 1658391
45 46 1658393
45 37 1658396
45 11 1658399
45 67 1658401
45 10 1658401
45 40 1658407
45 8 1658410
45 62 1658415
45 42 1658424
45 34 1658429
45 35 1658429
45 58 1658434
45 13 1658440
45 19 1658446
45 57 1658447
45 70 1658452
45 28 1658460
45 47 1658463
45 36 1658472
45 17 1658476
45 12 1658482
46 25 1658483
46 20 1658488
46 6 1658491
46 64 1658494
46 57 1658497
46 30 1658500
46 48 1658505
46 55 1658506
46 39 1658513
46 40 1658520
46 58 1658525
46 22 1658531
46 0 1658531
46 56 1658538
46 5 1658545
46 10 1658553
46 35 1658554
46 17 1658562
46 9 1658565
46 41 1658572
46 50 1658576
46 51 1658576
46 7 1658577
46 33 1658583
46 3 1658585
46 62 1658590
46 26 1658598
46 4 1658604
46 34 1658607
46 70 1658613
46 49 1658622
46 52 1658626
46 37 1658628
46 29 1658628
46 7 1658635
46 16 1658635
46 26 1658635
46 39 1658640
46 22 1658646
46 71 1658646
46 5 1658650
46 58 1658652
46 52 1658660
46 67 1658668
46 8 1658669
46 44 1658675
46 21 1658683
46 57 1658692
46 30 1658701
46 9 1658709
46 11 1658717
46 66 1658723
46 27 1658727
46 36 1658732
46 60 1658738
46 69 1658744
46 28 1658747
46 23 1658751
46 19 1658760
46 59 1658762
46 70 1658769
46 17 1658770
46 3 1658773
46 10 1658780
46 53 1658786
46 63 1658790
47 64 1658791
47 55 1658792
47 1 1658797
47 70 1658801
47 50 1658801
47 48 1658806
47 2 1658807
47 17 1658807
47 19 1658809
47 44 1658815
47 45 1658824
47 66 1658831
47 11 1658831
47 8 1658831
47 60 1658834
47 33 1658840
47 34 1658849
47 18 1658853
47 10 1658855
47 36 1658861
47 53 1658869
47 69 1658876
47 31 1658882
47 26 1658887
47 67 1658890
47 23 1658892
47 56 1658894
47 54 1658902
47 16 1658907
47 9 1658916
47 63 1658924
47 25 1658927
47 22 1658928
47 58 1658931
47 57 1658933
47 15 1658937
47 64 1658942
47 7 1658947
47 35 1658948
47 67 1658950
47 22 1658950
47 36 1658957
47 49 1658963
47 10 1658971
47 29 1658972
47 57 1658974
47 51 1658979
47 55 1658988
47 69 1658991
47 6 1658994
47 4 1658996
47 68 1659003
47 8 1659010
47 56 1659012
47 11 1659012
47 59 1659019
47 45 1659022
47 71 1659025
47 0 1659033
47 52 1659037
47 54 1659046
47 9 1659049
47 63 1659057
47 60 1659065
47 48 1659069
47 50 1659076
47 14 1659080
47 66 1659085
47 19 1659086
47 18 1659088
47 25 1659095
47 31 1659104
47 16 1659110
47 40 1659115
48 67 1659122
48 62 1659125
48 36 1659131
48 19 1659137
48 34 1659144
48 13 1659152
48 33 1659152
48 35 1659157
48 51 1659161
48 47 1659161
48 0 1659170
48 64 1659173
48 5 1659177
48 46 1659179
48 37 1659186
48 59 1659191
48 12 1659200
48 11 1659201
48 38 1659209
48 70 1659212
48 6 1659214
48 27 1659222
48 69 1659228
48 56 1659232
48 17 1659232
48 9 1659233
48 15 1659240
48 29 1659249
48 18 1659251
48 26 1659260
48 32 1659268
48 40 1659275
48 24 1659276
48 8 1659283
48 41 1659292
48 50 1659296
48 68 1659304
48 53 1659313
48 2 1659321
48 3 1659321
48 71 1659324
48 34 1659331
48 19 1659339
48 63 1659347
48 41 1659351
48 35 1659354
48 69 1659359
48 26 1659364
48 29 1659368
48 37 1659377
48 1 1659380
48 67 1659386
48 22 1659387
48 66 1659387
48 32 1659391
48 43 1659393
48 46 1659401
48 57 1659410
48 40 1659419
48 42 1659427
48 60 1659435
48 18 1659439
48 54 1659442
48 39 1659449
48 70 1659457
48 56 1659465
48 12 1659469
48 25 1659474
48 6 1659479
48 9 1659486
48 62 1659488
48 38 1659495
48 17 1659495
48 68 1659498
48 30 1659505
48 44 1659507
48 59 1659507
48 5 1659509
48 33 1659517
48 65 1659517
48 49 1659524
48 2 1659530
48 8 1659530
48 47 1659539
49 55 1659543
49 41 1659550
49 31 1659556
49 44 1659562
49 60 1659567
49 10 1659573
49 52 1659573
49 14 1659581
49 34 1659587
49 27 1659590
49 29 1659590
49 43 1659591
49 16 1659595
49 20 1659601
49 17 1659605
49 54 1659613
49 9 1659614
49 69 1659623
49 42 1659628
49 59 1659631
49 25 1659638
49 64 1659641
49 53 1659641
49 24 1659646
49 50 1659655
49 0 1659664
49 38 1659670
49 71 1659672
49 32 1659680
49 61 1659681
49 33 1659687
49 22 1659690
49 37 1659695
49 40 1659702
49 63 1659710
49 7 1659718
49 1 1659718
49 70 1659723
49 39 1659728
49 4 1659729
49 21 1659735
49 2 1659738
49 47 1659744
49 30 1659750
49 21 1659751
49 9 1659760
49 59 1659760
49 27 1659764
49 62 1659770
49 37 1659772
49 46 1659779
49 19 1659783
49 65 1659792
49 3 1659792
49 25 1659795
49 17 1659795
49 64 1659802
49 50 1659807
49 66 1659816
49 24 1659821
49 56 1659822
49 18 1659830
49 30 1659837
49 36 1659844
49 57 1659845
49 38 1659845
49 8 1659852
49 67 1659853
49 34 1659861
49 33 1659870
49 55 1659875
49 42 1659882
49 12 1659884
49 11 1659890
49 32 1659899
49 68 1659908
49 35 1659909
49 54 1659913
49 0 1659917
49 7 1659926
49 20 1659926
49 45 1659932
49 31 1659932
49 16 1659934
49 71 1659935
49 10 1659942
49 63 1659942
49 44 1659945
49 4 1659945
49 6 1659951
49 29 1659958
50 46 1659963
50 29 1659970
50 64 1659976
50 31 1659984
50 21 1659987
50 7 1659989
50 34 1659998
50 27 1660000
50 18 1660006
50 37 1660013
50 22 1660020
50 70 1660023
50 19 1660029
50 2 1660029
50 38 1660035
50 67 1660040
50 10 1660048
50 58 1660056
50 56 1660059
50 47 1660059
50 3 1660059
50 24 1660064
50 59 1660067
50 30 1660071
50 24 1660077
50 54 1660077
50 5 1660083
50 14 1660084
50 58 1660084
50 41 1660088
50 10 1660091
50 30 1660098
50 27 1660106
50 22 1660109
50 19 1660109
50 26 1660112
50 17 1660116
50 43 1660117
50 11 1660124
50 1 1660127
50 70 1660133
50 12 1660133
50 53 1660138
50 37 1660138
50 71 1660142
50 36 1660143
50 66 1660152
50 35 1660156
50 15 1660157
50 55 1660159
51 39 1660160
51 70 1660163
51 30 1660172
51 4 1660181
51 62 1660181
51 19 1660185
51 46 1660186
52 28 1660189
52 59 1660193
52 3 1660202
52 45 1660202
52 7 1660202
52 43 1660208
52 37 1660210
52 46 1660216
52 64 1660223
52 31 1660229
52 69 1660233
52 60 1660234
52 23 1660240
52 47 1660243
52 70 1660247
52 2 1660254
52 41 1660261
52 15 1660270
52 51 1660271
52 55 1660275
52 13 1660278
52 1 1660280
52 38 1660286
52 22 1660290
52 40 1660294
52 12 1660296
52 63 1660296
52 67 1660304
52 4 1660313
52 32 1660321
52 11 1660323
52 20 1660325
52 25 1660328
52 44 1660330
52 58 1660339
52 24 1660339
52 62 1660345
52 48 1660353
52 6 1660362
52 34 1660367
52 26 1660369
52 0 1660375
52 9 1660381
52 30 1660385
52 5 1660385
52 24 1660391
52 0 1660391
52 28 1660399
52 13 1660405
52 64 1660408
52 8 1660416
52 42 1660419
52 57 1660423
52 23 1660423
52 69 1660425
52 18 1660429
52 14 1660437
52 60 1660444
52 12 1660450
52 40 1660451
52 50 1660451
52 38 1660454
52 58 1660457
52 67 1660463
52 43 1660467
52 36 1660474
52 54 1660476
52 2 1660482
52 34 1660486
52 63 1660486
52 70 1660490
52 26 1660494
52 22 1660500
52 33 1660500
52 20 1660509
52 46 1660510
52 4 1660516
52 61 1660524
52 62 1660526
53 60 1660530
53 27 1660534
53 24 1660539
53 48 1660543
53 11 1660547
53 0 1660556
53 30 1660557
53 10 1660561
53 71 1660565
53 4 1660571
53 15 1660571
53 62 1660578
53 58 1660586
53 42 1660589
53 50 1660597
53 5 1660597
53 6 1660598
53 70 1660606
53 26 1660606
53 40 1660609
53 54 1660611
53 65 1660617
53 49 1660619
53 19 1660622
53 55 1660630
53 38 1660638
53 57 1660641
53 68 1660648
53 41 1660652
53 13 1660659
53 21 1660667
53 2 1660676
53 12 1660678
53 61 1660684
53 28 1660688
53 23 1660692
53 20 1660695
53 69 1660704
53 45 1660708
53 14 1660709
53 33 1660713
53 26 1660720
53 43 1660720
53 60 1660727
53 70 1660730
53 44 1660734
53 3 1660740
53 15 1660743
53 38 1660750
53 22 1660759
53 35 1660766
53 25 1660773
53 19 1660775
53 36 1660779
53 6 1660781
53 49 1660790
53 40 1660790
53 9 1660790
53 69 1660799
53 54 1660801
53 8 1660802
53 39 1660806
53 1 1660806
53 64 1660806
53 16 1660810
53 48 1660811
53 65 1660811
53 11 1660811
53 37 1660814
53 51 1660822
53 71 1660831
53 34 1660836
53 31 1660845
53 47 1660847
53 61 1660852
53 20 1660854
53 41 1660855
53 50 1660857
53 0 1660866
53 14 1660867
54 70 1660867
54 63 1660876
54 28 1660882
54 25 1660891
54 69 1660891
54 65 1660899
54 6 1660900
54 31 1660902
54 17 1660903
54 48 1660909
54 58 1660912
54 11 1660913
54 10 1660914
54 33 1660915
54 57 1660923
54 23 1660928
54 1 1660928
54 27 1660928
54 21 1660933
54 9 1660934
54 47 1660943
54 68 1660946
54 46 1660952
54 22 1660956
54 53 1660958
54 44 1660963
54 13 1660970
54 30 1660973
54 20 1660978
54 25 1660978
54 5 1660982
54 66 1660987
54 56 1660996
54 15 1661000
54 26 1661005
54 17 1661007
54 57 1661013
54 38 1661020
54 9 1661029
54 59 1661037
54 28 1661037
54 39 1661044
54 43 1661044
54 69 1661049
54 46 1661050
54 0 1661054
54 12 1661056
54 44 1661062
54 4 1661066
54 13 1661075
54 40 1661083
55 27 1661089
55 60 1661097
55 48 1661101
55 64 1661110
55 17 1661113
55 4 1661118
55 32 1661126
55 28 1661132
55 50 1661133
55 59 1661142
55 41 1661149
55 63 1661157
55 51 1661157
55 0 1661159
55 5 1661167
55 25 1661169
55 71 1661174
55 5 1661174
55 33 1661174
55 43 1661181
55 69 1661185
55 31 1661187
55 52 1661196
55 27 1661201
55 46 1661209
55 30 1661215
55 54 1661216
55 70 1661216
55 9 1661216
55 59 1661225
55 25 1661228
55 10 1661229
55 49 1661236
55 13 1661244
56 11 1661248
56 3 1661251
56 37 1661254
56 24 1661258
56 19 1661266
56 67 1661273
56 18 1661281
56 15 1661287
56 30 1661292
56 60 1661301
56 55 1661304
56 43 1661312
56 47 1661318
56 17 1661321
56 32 1661322
56 59 1661328
56 8 1661337
56 7 1661341
56 50 1661346
56 6 1661353
56 29 1661361
56 62 1661368
56 12 1661370
56 37 1661377
56 68 1661377
56 42 1661377
56 35 1661377
56 15 1661384
56 53 1661391
56 20 1661398
56 7 1661400
56 8 1661409
56 70 1661418
56 2 1661425
56 34 1661432
56 48 1661438
56 33 1661439
56 11 1661439
56 51 1661448
56 22 1661450
56 59 1661454
56 5 1661461
56 27 1661468
56 58 1661476
56 61 1661484
56 46 1661486
57 48 1661487
57 6 1661496
57 44 1661504
57 37 1661509
57 43 1661518
57 69 1661526
57 55 1661529
57 46 1661538
57 8 1661544
57 63 1661545
57 67 1661545
57 71 1661554
57 68 1661554
57 64 1661554
57 36 1661556
57 66 1661562
57 51 1661568
57 56 1661570
57 3 1661577
57 61 1661584
57 40 1661586
57 50 1661589
57 60 1661593
57 42 1661593
57 54 1661594
57 32 1661601
57 22 1661605
57 47 1661613
57 49 1661615
57 45 1661622
57 23 1661622
57 12 1661627
57 35 1661632
57 34 1661636
57 6 1661645
57 64 1661653
57 45 1661656
57 54 1661657
57 22 1661661
57 59 1661664
57 56 1661671
57 62 1661675
57 20 1661681
57 71 1661681
57 29 1661689
57 38 1661689
57 50 1661695
57 33 1661699
57 28 1661705
57 32 1661713
57 51 1661722
57 8 1661724
57 37 1661728
57 9 1661736
57 26 1661741
57 58 1661747
57 61 1661749
57 47 1661754
57 7 1661755
57 68 1661762
57 13 1661768
57 55 1661771
57 19 1661771
57 41 1661777
58 67 1661781
58 43 1661785
58 35 1661786
58 41 1661791
58 66 1661795
58 37 1661804
58 61 1661811
58 38 1661817
58 23 1661824
58 26 1661825
58 27 1661830
58 42 1661834
58 7 1661843
58 25 1661849
58 47 1661852
58 16 1661854
58 53 1661857
59 23 1661866
59 54 1661875
59 11 1661882
59 67 1661884
59 68 1661893
59 56 1661902
59 38 1661902
59 36 1661902
59 10 1661904
59 20 1661905
59 12 1661908
59 31 1661913
59 66 1661922
59 61 1661928
59 51 1661935
59 24 1661937
59 6 1661940
59 5 1661943
59 46 1661946
59 37 1661950
59 21 1661958
59 64 1661961
59 18 1661966
59 15 1661970
59 2 1661973
59 53 1661974
59 66 1661983
59 71 1661989
59 28 1661997
59 9 1662006
59 25 1662006
59 51 1662015
59 12 1662016
59 39 1662016
59 48 1662020
59 38 1662022
59 45 1662031
59 67 1662032
59 43 1662040
59 60 1662041
59 41 1662043
59 63 1662050
59 52 1662055
59 20 1662063
59 32 1662066
59 27 1662068
59 8 1662069
59 5 1662075
59 15 1662084
59 18 1662085
59 7 1662093
59 37 1662097
60 18 1662101
60 15 1662107
60 71 1662109
60 7 1662111
60 4 1662120
60 66 1662125
60 65 1662125
60 47 1662133
60 5 1662136
60 46 1662136
60 42 1662143
60 32 1662150
60 28 1662155
60 43 1662163
60 29 1662163
60 54 1662168
60 63 1662169
60 36 1662176
60 16 1662180
60 68 1662189
60 38 1662194
60 69 1662202
60 52 1662210
60 48 1662212
60 41 1662216
60 31 1662222
60 67 1662230
60 8 1662232
60 59 1662233
60 24 1662241
60 3 1662243
60 2 1662247
60 30 1662249
60 21 1662254
60 6 1662257
60 11 1662263
60 53 1662263
60 45 1662269
60 17 1662272
60 39 1662274
60 26 1662278
60 37 1662280
60 61 1662283
60 15 1662291
60 62 1662293
60 9 1662301
60 8 1662307
60 55 1662313
60 7 1662319
60 56 1662326
60 22 1662333
60 58 1662337
60 33 1662345
60 43 1662354
60 71 1662360
60 54 1662366
60 12 1662369
60 24 1662375
60 20 1662381
60 27 1662387
60 2 1662390
60 21 1662392
60 65 1662399
60 64 1662405
60 13 1662405
60 35 1662407
60 18 1662409
60 53 1662413
60 36 1662418
60 70 1662420
60 25 1662422
60 3 1662431
60 5 1662436
60 1 1662441
60 50 1662441
60 4 1662441
60 10 1662445
60 30 1662453
60 59 1662462
60 47 1662463
60 28 1662471
60 6 1662472
60 38 1662478
61 0 1662483
61 5 1662490
61 30 1662493
61 11 1662500
61 38 1662505
61 37 1662511
61 44 1662516
61 32 1662523
61 20 1662531
61 52 1662531
61 17 1662540
61 40 1662549
61 25 1662557
61 26 1662559
61 18 1662559
61 31 1662566
61 43 1662572
61 54 1662575
61 14 1662580
61 28 1662588
61 64 1662593
61 33 1662602
61 59 1662609
61 25 1662616
61 16 1662619
61 58 1662621
61 71 1662622
61 66 1662629
61 31 1662633
61 67 1662642
61 27 1662644
61 13 1662649
61 36 1662649
61 29 1662649
61 9 1662654
61 68 1662662
61 62 1662669
61 15 1662675
61 56 1662678
61 19 1662681
61 57 1662688
61 8 1662692
61 49 1662694
61 59 1662700
61 53 1662702
61 42 1662708
61 23 1662710
61 38 1662714
62 48 1662723
62 29 1662727
62 60 1662732
62 9 1662738
62 61 1662739
62 37 1662739
62 18 1662743
62 45 1662743
62 35 1662746
62 47 1662747
62 8 1662750
62 65 1662754
62 12 1662759
62 56 1662763
62 32 1662769
62 22 1662777
62 42 1662783
62 65 1662786
62 64 1662786
62 4 1662793
62 23 1662795
62 67 1662795
62 24 1662799
62 57 1662808
62 3 1662814
62 10 1662819
62 38 1662822
62 29 1662824
62 35 1662828
62 19 1662829
62 6 1662834
62 1 1662839
62 51 1662845
62 44 1662852
63 49 1662856
63 48 1662857
63 43 1662859
63 56 1662861
63 61 1662866
63 23 1662870
63 70 1662879
63 4 1662880
63 8 1662888
63 52 1662892
64 61 1662894
64 9 1662896
64 69 1662898
64 10 1662900
64 3 1662908
64 37 1662911
64 4 1662914
64 19 1662914
64 31 1662918
64 7 1662925
64 58 1662928
64 22 1662931
64 18 1662938
64 54 1662941
64 36 1662949
64 25 1662949
64 47 1662952
64 5 1662954
64 13 1662954
64 27 1662960
64 30 1662962
64 55 1662967
64 59 1662975
64 16 1662978
64 51 1662984
64 28 1662984
64 57 1662988
64 59 1662990
64 34 1662995
64 37 1662997
64 70 1663006
64 55 1663007
64 49 1663016
64 6 1663021
64 13 1663026
64 29 1663027
64 54 1663029
64 71 1663034
64 50 1663041
64 51 1663044
64 7 1663047
64 5 1663050
64 21 1663050
64 60 1663052
64 65 1663052
64 52 1663058
64 19 1663062
64 41 1663070
64 1 1663078
64 48 1663085
64 25 1663092
64 36 1663101
65 59 1663106
65 22 1663114
65 8 1663117
65 64 1663123
65 62 1663128
65 71 1663137
65 61 1663138
65 58 1663142
65 70 1663151
65 57 1663158
65 49 1663165
65 11 1663171
65 56 1663179
65 20 1663188
65 23 1663192
65 59 1663199
65 34 1663203
65 24 1663206
65 52 1663209
65 46 1663211
65 56 1663219
65 38 1663225
65 25 1663228
65 15 1663237
65 58 1663239
65 22 1663239
66 69 1663244
66 36 1663245
66 17 1663254
66 0 1663257
66 41 1663266
66 1 1663274
66 43 1663280
66 63 1663285
66 52 1663290
66 5 1663292
66 49 1663297
66 70 1663305
66 58 1663305
66 39 1663314
66 22 1663322
66 64 1663328
66 25 1663333
66 50 1663339
66 51 1663342
66 19 1663343
66 44 1663348
66 2 1663350
66 11 1663353
66 33 1663359
66 8 1663363
66 37 1663370
66 14 1663372
66 20 1663379
66 17 1663379
66 37 1663388
66 4 1663393
66 51 1663399
66 9 1663400
66 65 1663404
66 60 1663404
66 48 1663413
66 58 1663413
66 31 1663415
66 18 1663417
66 47 1663425
66 11 1663433
66 13 1663436
66 35 1663436
66 46 1663440
66 32 1663449
66 43 1663454
66 29 1663460
66 53 1663468
67 23 1663468
67 5 1663476
67 11 1663485
67 26 1663491
67 71 1663499
67 14 1663506
67 27 1663507
67 62 1663508
67 55 1663510
67 37 1663515
67 64 1663519
67 48 1663519
67 36 1663525
67 65 1663527
67 43 1663533
67 17 1663534
67 28 1663534
67 63 1663535
67 38 1663542
67 45 1663551
67 21 1663551
67 24 1663554
67 22 1663560
67 59 1663563
67 40 1663563
67 52 1663567
67 56 1663571
67 30 1663578
67 70 1663582
67 0 1663583
67 4 1663591
67 69 1663595
67 19 1663597
67 7 1663602
67 61 1663611
67 35 1663618
67 47 1663627
67 50 1663635
67 71 1663644
67 14 1663644
67 59 1663649
67 54 1663657
67 16 1663657
67 3 1663660
67 57 1663662
67 10 1663668
67 11 1663675
67 25 1663683
67 0 1663690
67 8 1663696
67 41 1663702
67 48 1663706
67 61 1663706
67 58 1663711
67 33 1663713
67 1 1663718
67 4 1663724
67 17 1663732
67 32 1663741
67 63 1663746
67 51 1663754
67 7 1663763
67 47 1663766
67 15 1663767
67 46 1663775
67 62 1663776
67 64 1663778
67 20 1663780
67 65 1663784
67 30 1663791
67 23 1663798
67 5 1663798
67 9 1663805
67 60 1663810
67 44 1663815
67 29 1663818
68 43 1663826
68 70 1663834
68 32 1663838
68 36 1663840
68 20 1663840
68 12 1663848
68 65 1663850
68 15 1663855
68 41 1663855
68 48 1663857
68 3 1663861
68 67 1663870
68 55 1663876
68 11 1663881
68 23 1663881
68 62 1663889
68 49 1663893
68 0 1663896
68 46 1663897
68 25 1663901
68 29 1663904
68 30 1663904
68 47 1663906
68 29 1663909
68 10 1663915
68 56 1663920
68 42 1663925
68 44 1663930
68 58 1663933
68 31 1663939
68 67 1663947
68 24 1663956
68 9 1663964
68 69 1663968
68 27 1663968
68 16 1663973
68 15 1663981
68 4 1663982
68 26 1663991
69 14 1663995
69 30 1663998
69 59 1664007
69 37 1664009
69 9 1664018
69 36 1664020
69 58 1664024
69 56 1664024
69 66 1664029
69 4 1664032
69 50 1664033
69 21 1664038
69 24 1664042
69 52 1664050
69 68 1664055
69 40 1664057
69 39 1664058
69 51 1664062
69 38 1664068
69 63 1664075
69 2 1664083
69 67 1664091
69 32 1664098
69 64 1664105
69 16 1664108
69 22 1664112
69 55 1664112
69 36 1664113
69 29 1664116
69 5 1664124
69 1 1664127
69 2 1664128
69 9 1664129
69 24 1664136
69 50 1664143
69 54 1664144
69 34 1664149
69 7 1664151
69 51 1664158
69 0 1664165
69 19 1664166
69 32 1664172
69 20 1664179
69 61 1664187
69 38 1664187
69 33 1664191
69 43 1664200
69 31 1664203
70 45 1664207
70 67 1664214
70 43 1664215
70 1 1664221
70 56 1664221
70 36 1664230
70 0 1664230
70 29 1664233
70 34 1664237
70 21 1664239
70 46 1664247
70 32 1664247
70 68 1664256
70 65 1664263
70 69 1664268
70 16 1664277
70 41 1664277
70 48 1664281
70 25 1664287
70 44 1664290
70 15 1664292
70 24 1664301
70 54 1664303
70 71 1664309
70 63 1664315
70 14 1664320
70 64 1664329
70 38 1664331
70 13 1664334
70 42 1664335
70 11 1664342
70 19 1664343
70 71 1664345
70 23 1664348
70 26 1664354
70 21 1664362
70 59 1664366
70 16 1664373
70 45 1664375
70 67 1664375
70 64 1664377
70 52 1664383
70 34 1664391
70 12 1664398
70 54 1664398
70 68 1664399
70 37 1664404
70 32 1664405
70 58 1664414
70 69 1664422
70 51 1664427
70 30 1664435
70 25 1664443
70 31 1664448
70 6 1664452
70 18 1664453
70 0 1664454
70 57 1664459
70 42 1664462
71 18 1664468
71 50 1664476
