9
true
0 7 2105
0 1 2110
0 3 2114
0 4 2118
1 8 2118
1 7 2118
1 6 2122
1 2 2124
1 3 2132
1 4 2139
1 6 2148
1 4 2155
1 5 2160
1 8 2164
1 0 2165
2 4 2170
2 3 2172
2 1 2176
2 8 2177
2 5 2179
2 7 2180
2 4 2186
3 5 2189
3 1 2193
3 6 2202
3 8 2202
3 2 2209
3 6 2214
3 4 2217
3 7 2224
3 8 2224
4 3 2226
4 6 2228
4 1 2233
4 0 2241
4 8 2246
4 7 2248
4 3 2253
4 6 2256
4 2 2261
5 8 2261
6 3 2264
6 1 2264
6 2 2265
6 8 2270
6 5 2272
6 0 2281
6 5 2290
6 3 2294
6 2 2298
6 8 2299
6 4 2306
6 7 2314
7 3 2319
7 1 2319
7 2 2322
7 0 2329
7 5 2334
7 1 2334
7 4 2339
7 2 2340
7 5 2346
8 5 2350
8 2 2355
8 6 2360
8 7 2367
8 0 2369
8 6 2374
8 4 2381
8 7 2390
8 3 2396
