95
true
0 72 3754916
0 83 3754921
0 13 3754928
0 4 3754931
0 22 3754939
0 73 3754944
0 43 3754947
0 19 3754953
0 64 3754958
0 91 3754967
0 46 3754974
0 42 3754976
0 30 3754980
0 21 3754986
0 23 3754995
0 84 3754998
0 36 3755001
0 6 3755001
0 51 3755005
0 3 3755011
0 50 3755015
0 7 3755019
0 61 3755028
0 13 3755028
0 26 3755035
0 64 3755043
0 75 3755051
0 79 3755060
0 84 3755067
0 42 3755071
0 31 3755072
0 21 3755077
0 72 3755079
0 24 3755084
0 74 3755084
0 73 3755084
1 77 3755087
1 24 3755096
1 41 3755104
1 54 3755112
1 56 3755112
1 39 3755118
1 47 3755124
2 75 3755124
2 0 3755133
2 36 3755138
2 63 3755144
2 69 3755148
2 73 3755151
2 30 3755152
2 44 3755158
2 31 3755167
2 60 3755169
2 87 3755169
2 91 3755171
2 12 3755175
2 46 3755178
2 76 3755178
2 15 3755187
2 45 3755194
2 78 3755197
2 86 3755201
2 50 3755201
2 80 3755204
2 24 3755212
2 49 3755217
2 70 3755225
2 14 3755229
2 3 3755236
2 16 3755242
2 28 3755249
2 71 3755252
2 18 3755254
2 93 3755256
2 48 3755258
2 92 3755262
2 57 3755267
2 85 3755271
2 3 3755271
2 26 3755277
2 69 3755285
2 67 3755287
2 83 3755294
2 75 3755294
2 62 3755302
2 0 3755305
2 92 3755313
2 13 3755315
2 12 3755316
2 49 3755323
2 73 3755332
2 60 3755337
2 38 3755342
2 30 3755345
2 64 3755346
2 52 3755353
2 94 3755360
2 31 3755367
2 78 3755373
2 63 3755376
2 9 3755376
2 43 3755385
2 55 3755385
2 4 3755389
2 93 3755394
2 56 3755397
2 70 3755400
2 7 3755406
2 40 3755415
2 29 3755422
2 90 3755429
2 1 3755429
2 20 3755433
2 41 3755433
2 39 3755434
2 91 3755443
2 6 3755447
2 88 3755456
3 92 3755465
3 87 3755474
3 94 3755481
3 64 3755489
3 79 3755497
3 11 3755498
3 18 3755506
3 6 3755511
3 46 3755513
3 35 3755513
3 84 3755516
3 78 3755520
3 75 3755526
3 44 3755530
3 10 3755537
3 88 3755542
3 76 3755544
3 45 3755545
3 68 3755549
3 14 3755558
3 24 3755560
3 61 3755569
3 13 3755577
3 82 3755582
3 94 3755582
3 81 3755590
3 50 3755591
3 51 3755592
3 11 3755592
3 43 3755592
3 74 3755595
3 31 3755603
3 32 3755607
3 69 3755613
3 80 3755618
3 60 3755622
3 48 3755623
3 56 3755626
3 37 3755629
3 36 3755632
4 16 3755632
4 6 3755635
4 46 3755637
4 50 3755637
4 67 3755646
4 38 3755646
4 90 3755649
4 74 3755650
4 59 3755657
4 36 3755666
4 92 3755674
4 27 3755674
4 2 3755674
4 35 3755679
4 56 3755686
4 41 3755688
4 22 3755697
4 79 3755704
4 48 3755713
4 20 3755721
4 91 3755729
4 25 3755731
4 64 3755740
4 9 3755745
4 55 3755751
4 65 3755758
4 54 3755760
4 8 3755765
4 33 3755772
4 31 3755777
4 76 3755777
4 26 3755778
4 72 3755780
4 12 3755787
4 10 3755795
4 86 3755801
4 78 3755810
4 20 3755819
4 31 3755823
4 18 3755829
4 53 3755837
4 73 3755841
4 77 3755847
4 84 3755855
4 23 3755858
4 14 3755858
4 65 3755867
4 63 3755870
4 28 3755876
4 54 3755882
4 12 3755885
4 61 3755886
4 42 3755887
4 22 3755893
4 2 3755895
4 85 3755904
4 3 3755905
4 43 3755912
4 36 3755919
4 49 3755922
4 24 3755923
4 91 3755925
4 59 3755927
4 81 3755930
4 93 3755936
4 72 3755937
4 52 3755937
4 34 3755944
4 66 3755944
5 70 3755945
5 61 3755954
5 18 3755957
5 48 3755960
5 47 3755969
5 39 3755976
5 94 3755981
5 59 3755988
5 72 3755994
5 30 3756000
5 65 3756006
5 60 3756009
5 3 3756015
5 88 3756016
5 6 3756022
5 82 3756029
5 81 3756031
5 51 3756040
5 54 3756047
5 66 3756050
5 88 3756051
5 67 3756053
5 75 3756059
5 23 3756059
5 71 3756063
5 90 3756066
5 38 3756074
5 68 3756083
5 11 3756083
5 43 3756087
5 26 3756087
5 62 3756095
5 6 3756104
5 24 3756104
5 50 3756109
5 52 3756116
5 74 3756120
5 64 3756128
6 37 3756132
6 47 3756137
6 86 3756140
6 15 3756146
6 93 3756152
6 7 3756152
6 19 3756160
6 62 3756164
6 80 3756171
6 73 3756173
6 41 3756176
6 92 3756184
6 16 3756192
6 14 3756197
6 13 3756198
6 23 3756202
6 0 3756202
6 44 3756205
6 8 3756214
6 84 3756217
6 75 3756221
6 31 3756230
6 56 3756235
6 53 3756244
6 78 3756244
6 32 3756244
6 63 3756251
6 72 3756260
6 55 3756260
6 69 3756260
6 2 3756269
6 3 3756278
6 58 3756285
6 83 3756288
6 49 3756295
6 87 3756298
6 81 3756307
6 60 3756314
6 26 3756318
6 23 3756322
6 21 3756325
6 27 3756325
6 77 3756330
6 76 3756337
6 87 3756346
6 11 3756354
6 52 3756363
6 64 3756365
6 8 3756368
6 17 3756377
6 62 3756378
6 74 3756386
6 50 3756395
6 2 3756399
6 58 3756399
6 3 3756406
6 33 3756413
6 42 3756420
6 67 3756429
6 66 3756435
6 60 3756438
6 15 3756440
6 71 3756442
6 7 3756443
6 1 3756449
6 68 3756453
6 40 3756456
6 80 3756456
6 31 3756461
6 45 3756462
6 22 3756468
6 55 3756470
6 85 3756474
6 83 3756476
6 48 3756483
6 84 3756486
6 39 3756491
6 44 3756499
6 46 3756504
6 36 3756510
6 54 3756515
6 30 3756521
6 70 3756529
6 93 3756533
6 24 3756535
7 44 3756540
7 93 3756541
7 19 3756545
7 22 3756546
7 9 3756547
7 52 3756554
7 80 3756559
7 27 3756565
7 10 3756572
7 12 3756580
7 32 3756581
7 36 3756585
7 14 3756594
7 31 3756599
7 17 3756601
7 41 3756602
7 83 3756611
7 15 3756613
7 35 3756617
7 46 3756626
7 42 3756633
7 38 3756636
7 59 3756641
7 88 3756649
7 30 3756650
7 54 3756658
7 60 3756663
7 72 3756668
7 4 3756670
7 87 3756673
7 8 3756679
7 67 3756687
7 82 3756692
7 90 3756698
7 16 3756706
7 51 3756709
7 9 3756715
7 2 3756724
7 22 3756732
7 19 3756739
7 21 3756746
7 4 3756748
7 15 3756752
7 20 3756758
7 86 3756762
7 31 3756770
7 18 3756776
7 94 3756778
7 89 3756787
7 37 3756795
7 81 3756804
7 47 3756812
7 80 3756821
7 68 3756822
7 6 3756824
7 25 3756831
7 1 3756831
7 33 3756832
7 39 3756836
7 10 3756843
7 88 3756849
7 83 3756858
7 63 3756864
7 59 3756864
7 76 3756870
7 41 3756874
7 26 3756879
7 29 3756880
7 55 3756880
7 11 3756887
7 38 3756896
8 62 3756903
8 6 3756905
8 45 3756906
8 26 3756909
8 38 3756910
8 41 3756917
8 88 3756925
8 32 3756929
8 94 3756929
8 44 3756931
8 85 3756933
8 28 3756935
8 47 3756936
8 36 3756943
8 63 3756945
8 49 3756945
8 70 3756954
8 50 3756955
8 27 3756955
8 1 3756959
8 3 3756968
8 46 3756974
8 21 3756974
8 65 3756976
8 84 3756985
8 87 3756993
8 53 3756994
8 61 3756994
8 89 3756997
8 86 3757003
8 90 3757006
8 66 3757014
8 46 3757021
8 39 3757029
8 71 3757034
8 65 3757038
8 84 3757044
8 64 3757047
8 53 3757055
8 72 3757059
8 18 3757066
8 17 3757067
8 60 3757076
8 32 3757080
8 45 3757083
8 4 3757086
8 68 3757094
8 58 3757100
8 40 3757107
8 14 3757110
8 47 3757116
8 36 3757120
8 93 3757129
8 19 3757133
8 78 3757135
8 92 3757135
8 83 3757143
8 54 3757143
8 2 3757148
8 55 3757148
9 28 3757151
9 32 3757152
9 2 3757160
9 79 3757164
9 22 3757168
9 83 3757169
9 11 3757172
9 5 3757176
9 72 3757180
9 87 3757180
9 54 3757186
9 77 3757186
9 48 3757195
9 66 3757198
9 37 3757199
9 88 3757208
9 59 3757208
9 17 3757217
9 42 3757221
9 55 3757223
9 28 3757227
9 33 3757236
9 3 3757239
9 30 3757246
9 35 3757248
9 38 3757252
9 69 3757254
9 5 3757258
9 39 3757261
9 10 3757262
10 3 3757262
10 26 3757263
10 64 3757265
10 35 3757271
10 27 3757273
10 31 3757276
10 0 3757283
10 88 3757289
10 2 3757290
10 68 3757297
10 6 3757299
10 91 3757302
10 12 3757311
10 34 3757313
10 40 3757314
10 23 3757314
10 24 3757320
10 57 3757326
10 51 3757326
10 20 3757326
10 13 3757328
10 63 3757332
10 45 3757337
10 70 3757345
10 87 3757351
10 78 3757351
10 1 3757355
10 90 3757356
10 79 3757365
10 77 3757369
10 50 3757377
10 94 3757385
10 18 3757394
10 11 3757403
10 74 3757406
10 76 3757412
10 8 3757414
10 81 3757419
10 80 3757428
10 5 3757431
10 46 3757433
10 54 3757435
10 85 3757442
10 84 3757447
10 15 3757452
10 68 3757454
10 41 3757461
10 29 3757470
10 60 3757479
10 79 3757484
10 31 3757489
10 88 3757490
10 40 3757496
10 61 3757503
10 8 3757503
10 80 3757508
10 73 3757510
10 0 3757514
10 21 3757519
10 58 3757519
10 6 3757526
10 22 3757535
10 45 3757538
10 14 3757544
10 59 3757553
10 81 3757561
10 11 3757562
10 16 3757571
10 18 3757576
10 17 3757580
10 49 3757589
10 26 3757594
10 66 3757595
10 37 3757603
10 83 3757607
10 27 3757608
10 78 3757616
10 62 3757624
10 36 3757625
10 89 3757630
10 2 3757631
10 47 3757638
10 77 3757646
10 93 3757648
10 50 3757657
10 92 3757665
10 19 3757673
10 38 3757678
10 54 3757682
10 65 3757683
11 9 3757692
11 17 3757698
11 2 3757702
11 3 3757708
11 32 3757716
11 72 3757721
11 63 3757728
12 74 3757732
12 4 3757738
12 23 3757745
12 82 3757749
12 27 3757750
12 78 3757750
12 60 3757752
12 1 3757761
12 61 3757769
12 80 3757772
12 89 3757781
12 58 3757782
12 26 3757788
12 38 3757792
12 5 3757794
12 67 3757798
12 51 3757806
12 85 3757814
12 68 3757819
12 55 3757819
12 9 3757826
12 6 3757827
12 79 3757827
12 93 3757832
12 28 3757834
12 69 3757840
12 29 3757845
12 90 3757845
12 16 3757851
12 48 3757853
12 41 3757861
12 87 3757864
12 71 3757864
12 31 3757870
12 18 3757873
12 54 3757877
12 32 3757885
12 0 3757891
12 14 3757894
12 30 3757899
12 15 3757899
12 81 3757901
12 35 3757906
12 50 3757909
12 57 3757912
12 86 3757913
12 42 3757918
12 17 3757923
12 58 3757931
12 94 3757938
12 46 3757939
12 2 3757942
12 48 3757948
12 66 3757948
12 67 3757954
12 15 3757957
12 37 3757964
12 25 3757968
12 56 3757968
12 82 3757970
12 79 3757974
12 42 3757980
12 64 3757986
12 62 3757995
12 88 3758003
12 30 3758010
12 43 3758015
12 51 3758024
12 16 3758027
12 33 3758028
12 70 3758028
12 87 3758030
12 0 3758038
12 45 3758045
12 83 3758049
12 14 3758051
12 72 3758053
12 78 3758054
12 3 3758062
12 31 3758062
12 57 3758067
12 11 3758070
12 89 3758074
12 24 3758081
12 26 3758081
12 53 3758084
12 50 3758088
12 39 3758090
12 52 3758096
12 8 3758104
12 23 3758108
12 61 3758116
12 92 3758123
12 41 3758128
12 32 3758137
12 54 3758145
12 38 3758145
12 4 3758145
12 71 3758153
12 1 3758154
12 21 3758160
13 72 3758162
13 58 3758167
13 7 3758176
13 44 3758184
13 21 3758192
13 16 3758193
13 57 3758200
13 79 3758205
13 35 3758209
13 87 3758217
13 42 3758222
13 32 3758222
14 13 3758229
14 61 3758235
14 72 3758237
14 93 3758241
14 35 3758246
14 81 3758248
14 55 3758249
14 78 3758249
14 29 3758255
14 15 3758261
14 2 3758261
14 17 3758267
14 12 3758274
14 31 3758278
14 6 3758279
14 25 3758282
14 38 3758284
14 40 3758288
14 73 3758295
14 41 3758304
14 34 3758307
14 54 3758309
14 69 3758317
14 89 3758324
14 26 3758332
14 57 3758337
14 56 3758339
14 24 3758347
14 67 3758348
14 70 3758355
14 50 3758356
14 66 3758363
14 19 3758365
14 43 3758374
14 31 3758381
14 77 3758382
14 16 3758389
14 85 3758391
14 46 3758395
14 67 3758397
14 28 3758397
14 91 3758397
14 65 3758397
14 23 3758399
14 73 3758403
14 82 3758411
14 24 3758417
14 94 3758424
14 20 3758425
14 83 3758427
14 15 3758432
14 34 3758437
14 21 3758437
14 56 3758445
14 81 3758453
14 53 3758457
14 72 3758462
14 52 3758468
14 63 3758470
14 80 3758471
14 61 3758473
16 89 3758477
16 52 3758477
16 60 3758482
16 5 3758482
16 92 3758482
16 58 3758490
16 17 3758495
16 44 3758496
16 12 3758502
16 48 3758509
16 93 3758509
16 15 3758510
16 65 3758516
16 84 3758523
16 50 3758527
16 13 3758530
16 91 3758530
16 18 3758537
16 82 3758542
16 27 3758548
16 41 3758551
16 63 3758554
16 51 3758561
16 85 3758565
16 9 3758570
16 35 3758574
16 68 3758581
16 2 3758585
16 86 3758586
16 70 3758591
16 67 3758598
16 10 3758604
16 25 3758609
16 1 3758612
16 39 3758613
16 83 3758621
16 20 3758627
16 19 3758636
16 53 3758644
16 6 3758648
16 31 3758650
16 23 3758652
16 81 3758658
16 49 3758664
16 80 3758664
16 11 3758668
16 22 3758669
16 75 3758678
16 34 3758684
16 79 3758692
16 45 3758693
16 64 3758700
16 32 3758702
16 63 3758710
16 1 3758716
16 37 3758719
16 87 3758721
16 18 3758722
16 27 3758724
16 19 3758728
16 2 3758734
16 56 3758742
16 6 3758748
16 36 3758748
16 20 3758752
16 79 3758753
16 13 3758756
16 81 3758764
16 59 3758768
16 71 3758768
16 72 3758773
16 0 3758776
16 8 3758778
16 24 3758782
16 15 3758782
16 45 3758782
16 48 3758788
16 85 3758788
16 7 3758792
16 89 3758799
16 49 3758804
16 65 3758805
16 50 3758808
16 91 3758812
16 29 3758821
16 53 3758824
16 55 3758830
16 26 3758830
16 35 3758833
16 42 3758840
16 77 3758841
16 66 3758842
16 83 3758843
16 74 3758852
16 14 3758854
16 9 3758862
16 80 3758870
16 57 3758870
16 88 3758872
16 11 3758880
16 33 3758885
16 68 3758887
16 51 3758895
16 70 3758899
16 52 3758900
16 90 3758900
17 71 3758900
17 13 3758900
17 16 3758906
18 81 3758906
18 5 3758913
18 13 3758922
18 62 3758930
18 90 3758939
18 51 3758942
18 70 3758944
18 49 3758946
18 33 3758947
18 19 3758950
18 47 3758950
18 31 3758959
18 77 3758968
18 59 3758972
18 7 3758979
18 76 3758987
18 79 3758994
18 57 3758994
18 0 3758997
18 30 3759001
18 9 3759006
18 91 3759012
18 10 3759017
18 69 3759025
18 37 3759030
18 15 3759037
18 1 3759043
18 21 3759045
18 25 3759052
18 94 3759054
18 89 3759057
18 38 3759057
18 22 3759065
18 3 3759073
18 40 3759074
18 61 3759077
18 65 3759085
18 73 3759087
18 42 3759088
18 64 3759092
18 63 3759101
18 67 3759104
18 75 3759113
18 46 3759114
18 6 3759118
18 50 3759119
18 54 3759126
18 48 3759128
18 27 3759129
18 34 3759138
18 28 3759138
18 82 3759140
18 66 3759145
18 85 3759147
18 71 3759151
18 69 3759159
18 2 3759162
18 46 3759168
18 29 3759175
18 90 3759182
18 10 3759183
18 38 3759186
18 56 3759194
18 22 3759197
18 3 3759202
18 83 3759202
18 57 3759210
18 87 3759216
18 42 3759217
18 91 3759217
18 62 3759217
18 81 3759225
18 28 3759234
18 12 3759239
18 55 3759241
18 17 3759242
18 93 3759249
18 1 3759250
18 65 3759253
18 43 3759254
18 21 3759254
18 49 3759256
18 35 3759265
18 76 3759265
18 66 3759268
18 54 3759268
18 86 3759272
18 31 3759273
18 48 3759278
18 80 3759286
18 50 3759287
18 14 3759295
18 44 3759302
18 27 3759305
18 26 3759307
18 9 3759310
18 85 3759316
18 82 3759318
18 45 3759323
18 92 3759330
18 78 3759332
18 61 3759332
18 36 3759335
18 72 3759341
18 15 3759346
18 40 3759354
18 88 3759356
20 75 3759361
20 91 3759370
20 70 3759376
20 94 3759380
20 8 3759383
20 82 3759391
20 21 3759397
20 71 3759404
20 28 3759409
20 41 3759416
20 56 3759420
20 11 3759423
20 27 3759432
20 0 3759434
20 1 3759435
20 45 3759436
20 35 3759445
20 66 3759446
20 6 3759449
20 86 3759454
20 81 3759461
20 58 3759464
20 61 3759470
20 4 3759474
20 78 3759474
20 63 3759483
20 88 3759491
20 53 3759496
20 10 3759504
20 17 3759511
20 93 3759519
20 50 3759525
20 47 3759528
20 7 3759529
20 74 3759531
20 86 3759536
20 61 3759544
20 31 3759551
20 9 3759560
20 51 3759568
20 84 3759571
20 60 3759573
20 38 3759578
20 14 3759578
20 90 3759587
20 47 3759593
20 45 3759593
20 8 3759593
20 63 3759601
20 48 3759605
20 39 3759605
20 53 3759605
20 41 3759611
20 91 3759616
20 59 3759620
20 12 3759621
20 18 3759625
20 13 3759628
20 92 3759632
20 40 3759641
20 75 3759641
20 34 3759649
20 74 3759649
20 0 3759658
20 82 3759665
20 50 3759669
20 23 3759671
20 94 3759673
20 80 3759676
21 91 3759685
21 12 3759692
21 78 3759699
21 7 3759702
21 32 3759710
21 92 3759710
21 60 3759713
21 54 3759716
21 10 3759722
21 29 3759726
21 17 3759735
21 49 3759742
21 36 3759750
21 9 3759754
21 27 3759759
21 63 3759765
21 77 3759769
21 19 3759771
21 63 3759778
21 51 3759786
21 31 3759787
21 86 3759791
21 22 3759792
21 28 3759792
21 25 3759797
21 39 3759797
21 82 3759800
21 89 3759807
21 34 3759808
21 12 3759817
21 54 3759823
21 56 3759826
22 21 3759827
22 62 3759834
22 44 3759839
22 38 3759840
22 53 3759844
22 77 3759850
22 5 3759854
22 83 3759856
22 13 3759862
22 7 3759864
23 39 3759869
23 64 3759869
23 79 3759875
23 91 3759883
23 63 3759888
23 71 3759888
23 62 3759895
23 61 3759900
23 73 3759906
23 76 3759914
23 94 3759919
23 58 3759927
23 10 3759927
23 42 3759936
23 44 3759937
23 29 3759942
23 72 3759946
23 21 3759949
23 52 3759953
23 13 3759953
23 81 3759956
23 88 3759960
23 11 3759968
23 74 3759975
23 32 3759976
23 1 3759976
23 9 3759978
23 78 3759985
23 16 3759993
23 80 3760000
23 57 3760005
23 75 3760011
23 28 3760011
23 65 3760012
23 15 3760021
23 87 3760023
23 86 3760023
23 43 3760032
23 36 3760039
23 84 3760048
23 48 3760050
23 92 3760059
23 52 3760065
23 47 3760067
23 54 3760070
23 57 3760074
23 78 3760077
23 87 3760084
23 58 3760093
23 9 3760097
23 69 3760101
23 90 3760102
23 86 3760108
23 45 3760113
23 12 3760117
23 25 3760117
23 32 3760123
23 71 3760129
23 84 3760134
23 18 3760143
23 33 3760143
23 13 3760148
23 41 3760156
23 91 3760163
23 79 3760166
23 28 3760172
23 34 3760176
23 5 3760182
23 17 3760183
23 22 3760187
23 75 3760195
23 31 3760195
23 15 3760199
23 14 3760205
23 26 3760209
23 59 3760212
23 2 3760215
23 43 3760217
23 8 3760222
23 81 3760231
23 0 3760234
23 21 3760237
23 37 3760237
23 27 3760244
23 88 3760246
23 64 3760253
23 80 3760260
23 11 3760260
24 58 3760264
24 18 3760273
24 91 3760275
24 9 3760279
24 10 3760283
24 66 3760286
24 70 3760295
24 1 3760304
24 72 3760309
24 65 3760318
24 11 3760326
24 78 3760328
24 5 3760332
24 64 3760340
24 51 3760349
24 55 3760353
24 49 3760361
24 79 3760364
24 30 3760373
24 4 3760373
24 53 3760378
24 27 3760387
24 92 3760388
24 15 3760388
24 84 3760395
24 21 3760398
24 41 3760400
24 12 3760404
24 75 3760411
24 35 3760412
24 63 3760420
24 77 3760424
24 81 3760430
24 13 3760432
24 16 3760439
24 85 3760439
24 42 3760443
24 80 3760451
24 23 3760453
24 76 3760453
24 54 3760462
24 19 3760462
24 82 3760466
24 26 3760466
24 83 3760472
24 93 3760480
24 90 3760485
24 48 3760492
24 59 3760500
24 87 3760509
24 56 3760510
24 88 3760519
24 94 3760521
24 6 3760529
24 61 3760535
24 77 3760538
24 72 3760545
24 21 3760550
24 89 3760557
24 55 3760560
24 13 3760568
24 64 3760573
24 6 3760577
24 92 3760580
24 16 3760580
24 14 3760583
24 58 3760585
24 60 3760594
24 94 3760597
24 56 3760599
24 2 3760599
24 41 3760604
24 52 3760612
24 12 3760613
24 25 3760619
24 37 3760622
24 17 3760631
24 46 3760634
24 30 3760639
24 9 3760642
24 45 3760642
24 44 3760648
24 20 3760651
24 29 3760653
24 81 3760653
24 62 3760658
24 74 3760665
24 91 3760672
24 53 3760680
24 10 3760683
24 22 3760690
24 31 3760698
24 93 3760700
24 75 3760705
24 69 3760710
24 86 3760717
24 33 3760718
24 0 3760723
24 32 3760732
24 83 3760741
24 1 3760743
24 19 3760745
24 82 3760750
24 50 3760753
24 26 3760756
24 8 3760764
24 23 3760769
24 67 3760773
24 84 3760782
24 5 3760782
24 80 3760782
25 35 3760785
25 1 3760792
26 20 3760801
26 74 3760808
26 31 3760808
26 54 3760817
26 12 3760825
26 64 3760827
26 46 3760827
26 23 3760830
26 41 3760839
26 70 3760840
26 32 3760847
26 29 3760849
26 28 3760858
26 63 3760866
26 82 3760870
26 51 3760875
26 35 3760877
26 71 3760886
26 10 3760886
26 61 3760889
26 86 3760892
26 75 3760895
26 80 3760898
26 92 3760905
26 52 3760914
26 37 3760920
26 18 3760921
26 85 3760928
26 69 3760929
26 60 3760931
26 78 3760939
26 58 3760946
26 4 3760947
26 14 3760947
26 24 3760947
26 2 3760953
26 33 3760960
26 22 3760961
26 91 3760970
26 17 3760976
26 93 3760979
26 92 3760984
26 30 3760990
26 51 3760993
26 67 3760996
26 57 3760998
26 81 3761000
26 6 3761002
26 28 3761005
26 94 3761013
26 1 3761020
26 29 3761028
26 19 3761035
26 77 3761036
26 71 3761039
26 89 3761043
26 7 3761049
26 36 3761057
26 27 3761057
26 66 3761059
26 65 3761064
26 34 3761070
26 62 3761079
26 58 3761081
26 84 3761082
26 46 3761083
26 35 3761090
26 45 3761098
27 9 3761103
27 62 3761106
27 80 3761106
27 1 3761115
27 61 3761116
27 15 3761121
27 39 3761126
27 60 3761127
27 74 3761132
27 78 3761132
27 36 3761140
27 55 3761146
27 90 3761150
27 18 3761155
27 5 3761155
27 31 3761156
27 38 3761161
27 53 3761161
27 66 3761169
27 46 3761174
27 25 3761178
27 71 3761178
27 6 3761185
27 26 3761188
27 48 3761193
27 4 3761200
27 87 3761208
27 89 3761211
27 91 3761211
27 69 3761215
27 51 3761217
27 0 3761221
27 82 3761221
27 35 3761228
27 32 3761234
27 50 3761237
27 45 3761244
27 3 3761253
27 22 3761262
27 16 3761271
27 63 3761279
27 84 3761282
27 10 3761285
27 65 3761286
27 50 3761288
27 80 3761288
27 71 3761293
27 7 3761300
27 8 3761303
27 29 3761305
27 11 3761314
27 75 3761320
27 64 3761321
27 17 3761321
27 73 3761323
27 48 3761330
27 58 3761338
27 37 3761341
27 79 3761348
27 15 3761348
27 36 3761350
27 87 3761355
27 57 3761364
27 92 3761366
27 26 3761370
27 16 3761372
27 91 3761381
27 56 3761388
27 34 3761394
27 62 3761397
27 44 3761401
27 2 3761405
27 13 3761412
27 21 3761413
27 53 3761415
27 77 3761421
27 31 3761425
27 45 3761433
27 82 3761442
28 0 3761446
28 31 3761448
28 74 3761455
29 60 3761460
29 88 3761464
29 56 3761465
29 89 3761468
29 66 3761474
29 68 3761477
29 16 3761484
29 51 3761484
29 19 3761492
29 93 3761497
29 33 3761502
29 71 3761507
29 80 3761509
29 63 3761518
29 18 3761518
29 30 3761527
29 70 3761527
29 21 3761528
29 47 3761530
29 53 3761532
29 87 3761541
29 65 3761542
29 84 3761543
29 14 3761544
29 69 3761548
29 9 3761557
29 77 3761559
29 73 3761562
29 35 3761566
29 8 3761570
29 37 3761578
29 81 3761580
29 23 3761588
29 82 3761590
29 25 3761594
29 61 3761599
29 36 3761601
29 94 3761601
29 4 3761604
29 20 3761613
29 3 3761618
29 64 3761618
29 58 3761627
29 74 3761628
29 55 3761637
29 11 3761643
29 17 3761651
29 7 3761655
29 92 3761664
29 40 3761666
29 75 3761666
29 28 3761671
29 42 3761675
29 92 3761680
29 91 3761686
29 53 3761694
29 70 3761698
29 59 3761705
29 34 3761711
29 39 3761711
29 65 3761715
29 9 3761720
29 31 3761728
29 47 3761731
29 30 3761738
29 40 3761743
29 8 3761748
29 46 3761748
29 18 3761756
29 33 3761760
29 26 3761768
29 89 3761772
29 17 3761777
29 51 3761780
29 62 3761788
29 69 3761789
29 76 3761793
29 20 3761793
29 4 3761800
29 45 3761803
29 58 3761805
29 54 3761810
29 0 3761813
29 56 3761814
29 48 3761821
29 66 3761824
29 49 3761826
29 7 3761832
29 73 3761835
29 37 3761841
29 44 3761845
29 15 3761846
29 23 3761847
29 22 3761847
29 63 3761849
29 87 3761855
29 71 3761864
29 75 3761872
29 79 3761879
29 1 3761886
29 10 3761887
29 90 3761888
29 2 3761896
29 83 3761905
29 14 3761906
29 81 3761914
29 5 3761917
30 53 3761920
30 21 3761929
30 34 3761929
30 86 3761937
30 92 3761944
30 3 3761953
30 22 3761958
30 31 3761958
30 15 3761963
30 36 3761969
30 28 3761973
30 57 3761973
30 66 3761973
30 12 3761982
30 85 3761984
30 89 3761985
30 81 3761988
30 75 3761994
30 69 3762000
30 90 3762002
30 20 3762005
30 64 3762008
30 40 3762014
30 68 3762020
30 8 3762027
30 93 3762027
30 9 3762036
30 42 3762044
30 73 3762045
30 5 3762048
30 70 3762054
30 24 3762054
30 7 3762063
30 83 3762067
30 29 3762071
30 51 3762075
30 48 3762082
30 23 3762088
30 79 3762090
30 26 3762092
30 4 3762100
30 74 3762106
30 49 3762108
30 54 3762109
30 17 3762113
30 82 3762118
30 87 3762126
30 61 3762128
30 11 3762128
30 43 3762132
30 72 3762141
30 56 3762141
30 60 3762141
30 37 3762149
30 64 3762155
30 91 3762157
30 15 3762157
30 69 3762166
30 77 3762172
30 14 3762172
30 25 3762174
30 0 3762182
30 87 3762185
30 88 3762188
30 20 3762190
30 74 3762190
30 21 3762190
30 9 3762199
30 4 3762205
30 40 3762212
30 42 3762216
30 17 3762218
30 23 3762222
30 57 3762224
30 28 3762226
30 70 3762228
30 59 3762233
30 35 3762236
30 6 3762236
30 48 3762237
30 94 3762238
30 72 3762244
30 85 3762251
30 36 3762260
30 78 3762268
30 34 3762268
30 68 3762269
30 61 3762272
30 19 3762278
30 10 3762286
30 79 3762288
30 41 3762288
30 18 3762296
30 90 3762300
30 49 3762309
30 22 3762313
30 3 3762317
30 53 3762323
30 37 3762323
31 49 3762327
31 65 3762327
31 34 3762328
31 54 3762337
31 38 3762342
31 45 3762344
31 35 3762350
31 4 3762359
31 76 3762364
31 3 3762373
31 22 3762378
31 24 3762386
31 48 3762388
31 83 3762390
31 17 3762394
31 82 3762394
31 74 3762402
31 30 3762411
31 92 3762413
31 5 3762415
31 28 3762421
31 2 3762424
31 39 3762427
31 9 3762430
31 93 3762438
31 21 3762442
31 16 3762443
31 29 3762448
31 60 3762452
31 86 3762452
31 58 3762461
31 67 3762465
31 11 3762467
31 91 3762471
31 68 3762476
31 59 3762484
31 66 3762491
31 42 3762499
31 6 3762504
31 39 3762504
31 13 3762509
31 1 3762516
31 36 3762524
31 12 3762527
31 7 3762534
31 74 3762543
31 18 3762550
31 63 3762550
31 57 3762553
31 62 3762556
31 66 3762559
31 60 3762560
31 41 3762562
31 81 3762566
31 76 3762574
31 2 3762575
31 37 3762578
31 30 3762578
31 27 3762584
31 16 3762592
31 93 3762601
31 23 3762609
31 75 3762613
31 15 3762617
31 59 3762626
31 32 3762635
31 90 3762644
31 88 3762644
31 82 3762646
31 68 3762650
31 79 3762659
31 85 3762659
31 84 3762660
31 72 3762669
32 65 3762670
32 88 3762674
32 22 3762679
32 24 3762682
32 44 3762687
32 55 3762696
32 43 3762699
32 90 3762703
32 8 3762707
32 46 3762708
32 37 3762708
32 47 3762714
32 41 3762717
32 60 3762723
32 50 3762725
32 69 3762727
32 94 3762733
32 34 3762742
32 28 3762750
32 6 3762753
32 93 3762761
32 74 3762769
32 39 3762774
32 5 3762781
32 82 3762781
32 68 3762785
32 38 3762785
32 75 3762785
32 72 3762785
32 31 3762789
32 30 3762793
32 33 3762801
32 79 3762802
32 58 3762803
32 76 3762804
32 42 3762804
32 66 3762811
32 6 3762813
32 33 3762819
32 31 3762824
32 19 3762827
32 60 3762831
32 73 3762834
32 7 3762838
32 38 3762841
32 50 3762844
32 1 3762844
32 91 3762849
32 68 3762850
32 76 3762859
32 82 3762859
32 15 3762868
32 5 3762871
32 16 3762872
32 64 3762873
32 43 3762875
32 47 3762883
32 25 3762884
32 24 3762888
32 14 3762889
32 0 3762895
32 48 3762895
32 44 3762902
32 22 3762910
32 90 3762915
32 13 3762915
32 88 3762916
32 58 3762918
32 3 3762922
32 77 3762925
32 18 3762929
32 39 3762937
32 78 3762944
32 89 3762949
33 36 3762953
33 75 3762961
33 92 3762968
33 53 3762975
33 25 3762979
33 28 3762982
33 70 3762985
33 0 3762992
33 83 3762992
33 44 3762993
33 60 3762997
33 5 3763006
33 49 3763010
33 1 3763017
33 43 3763018
33 16 3763026
33 7 3763033
33 30 3763033
33 84 3763037
33 37 3763039
33 58 3763047
33 24 3763048
33 80 3763049
33 45 3763054
33 85 3763058
33 69 3763064
33 47 3763073
33 52 3763078
33 0 3763083
33 5 3763091
33 45 3763099
33 21 3763102
33 55 3763107
33 59 3763107
33 18 3763110
33 83 3763113
33 36 3763121
33 11 3763122
33 31 3763124
33 64 3763126
33 16 3763127
33 40 3763135
33 8 3763139
33 53 3763143
33 90 3763151
33 79 3763158
33 88 3763162
34 4 3763169
34 51 3763174
34 5 3763176
34 62 3763176
34 90 3763185
34 84 3763193
34 59 3763195
34 16 3763202
34 8 3763207
34 10 3763216
34 9 3763221
34 43 3763222
35 24 3763222
35 82 3763225
35 45 3763230
35 42 3763237
35 47 3763246
35 80 3763252
35 43 3763257
35 7 3763264
35 87 3763264
35 79 3763265
35 18 3763271
35 94 3763279
35 88 3763284
35 59 3763287
35 58 3763287
35 61 3763288
35 22 3763291
35 85 3763294
35 46 3763299
35 89 3763302
35 86 3763306
35 62 3763309
35 90 3763312
35 12 3763313
35 50 3763320
35 69 3763325
35 27 3763329
35 26 3763338
35 10 3763340
35 2 3763348
35 55 3763354
35 91 3763360
35 39 3763363
35 76 3763364
35 64 3763369
35 37 3763375
35 31 3763379
35 28 3763384
35 54 3763391
35 0 3763396
35 93 3763396
35 33 3763404
35 83 3763413
35 49 3763419
35 9 3763427
35 70 3763435
35 63 3763438
35 15 3763439
35 44 3763446
35 1 3763452
35 74 3763460
35 41 3763468
35 48 3763474
35 67 3763482
35 75 3763490
35 92 3763493
35 68 3763501
35 72 3763508
35 90 3763514
35 6 3763514
35 43 3763516
35 88 3763517
35 75 3763519
35 89 3763528
35 37 3763528
35 64 3763528
35 1 3763531
35 12 3763531
35 83 3763533
35 77 3763540
35 50 3763545
35 23 3763552
35 49 3763552
35 61 3763555
35 26 3763561
35 5 3763562
35 47 3763570
35 80 3763578
35 2 3763578
35 66 3763578
35 76 3763579
35 70 3763582
35 54 3763584
35 38 3763586
35 31 3763595
35 84 3763604
35 17 3763610
35 93 3763611
35 91 3763617
35 33 3763621
35 68 3763622
35 13 3763630
35 45 3763636
35 29 3763637
35 46 3763640
35 71 3763640
35 16 3763645
35 44 3763649
35 74 3763658
35 15 3763659
35 9 3763661
35 58 3763666
35 27 3763669
35 51 3763676
35 22 3763683
35 32 3763691
35 94 3763691
35 4 3763699
35 18 3763699
35 8 3763700
35 11 3763704
35 69 3763710
35 52 3763711
35 41 3763714
35 55 3763722
35 7 3763724
36 13 3763729
36 68 3763737
36 26 3763745
36 73 3763747
36 91 3763748
36 24 3763754
36 61 3763756
36 39 3763765
36 75 3763767
36 40 3763770
36 67 3763771
36 82 3763773
36 85 3763773
36 89 3763773
36 11 3763777
36 55 3763778
36 87 3763781
36 64 3763783
36 70 3763785
36 33 3763794
36 94 3763795
36 6 3763803
36 38 3763808
36 15 3763813
36 34 3763817
36 83 3763825
36 46 3763831
36 63 3763833
36 1 3763839
36 41 3763843
36 52 3763851
36 37 3763859
36 0 3763862
36 76 3763867
36 9 3763871
36 27 3763879
36 20 3763879
36 65 3763882
36 78 3763884
36 17 3763888
36 35 3763889
36 14 3763894
36 72 3763896
36 69 3763905
36 12 3763914
36 45 3763917
36 19 3763918
36 25 3763925
36 57 3763930
36 18 3763931
36 35 3763937
36 16 3763939
36 69 3763939
36 67 3763943
36 43 3763944
36 86 3763953
36 68 3763962
36 23 3763965
36 14 3763967
36 41 3763971
36 65 3763974
36 24 3763977
36 37 3763981
36 72 3763987
36 77 3763987
36 39 3763996
36 66 3764002
36 81 3764009
36 83 3764009
36 47 3764015
36 92 3764023
36 46 3764030
36 42 3764036
36 80 3764037
36 11 3764043
36 13 3764049
36 6 3764056
36 93 3764064
36 75 3764065
36 89 3764072
36 0 3764079
36 82 3764083
36 27 3764092
36 17 3764093
36 63 3764101
36 32 3764101
36 70 3764109
36 91 3764109
36 21 3764118
36 19 3764125
36 18 3764130
36 94 3764133
36 85 3764135
36 30 3764139
36 64 3764146
36 8 3764150
36 57 3764154
36 53 3764160
36 59 3764163
36 31 3764166
36 52 3764168
37 82 3764175
37 48 3764175
37 42 3764182
37 1 3764189
37 28 3764198
37 23 3764203
37 72 3764205
37 69 3764208
37 91 3764213
37 77 3764214
37 32 3764221
37 30 3764229
37 71 3764237
37 41 3764246
37 15 3764246
37 52 3764248
37 92 3764251
37 25 3764254
37 38 3764261
37 40 3764263
37 78 3764269
37 62 3764272
37 79 3764275
37 90 3764283
37 63 3764286
37 94 3764295
37 24 3764298
37 87 3764307
37 40 3764309
37 78 3764317
37 9 3764322
37 76 3764328
37 2 3764332
37 56 3764337
37 81 3764338
37 62 3764345
37 58 3764350
37 8 3764351
37 17 3764357
37 68 3764358
37 10 3764365
37 23 3764366
37 29 3764373
37 59 3764374
37 79 3764375
37 57 3764377
37 82 3764381
37 66 3764388
37 93 3764396
37 39 3764397
37 55 3764399
38 69 3764407
38 13 3764414
38 11 3764420
38 37 3764427
38 20 3764432
38 66 3764437
38 64 3764437
38 83 3764446
38 68 3764453
38 36 3764456
38 58 3764456
38 21 3764456
38 33 3764457
38 14 3764461
38 43 3764468
38 39 3764471
38 25 3764473
38 71 3764477
38 92 3764478
38 47 3764484
38 18 3764491
38 40 3764500
38 74 3764508
38 60 3764516
38 28 3764523
38 24 3764526
38 77 3764527
38 27 3764529
38 75 3764533
38 84 3764540
38 6 3764546
38 80 3764549
38 2 3764554
38 82 3764563
38 81 3764569
38 17 3764571
38 4 3764578
38 79 3764581
38 70 3764588
38 9 3764589
38 31 3764595
38 56 3764603
38 50 3764606
38 29 3764606
38 27 3764606
38 51 3764608
38 85 3764608
38 9 3764615
38 89 3764623
38 39 3764631
38 15 3764639
38 35 3764639
38 58 3764644
38 92 3764645
38 19 3764646
38 7 3764654
38 88 3764656
38 26 3764663
38 30 3764671
38 81 3764673
38 83 3764676
38 68 3764678
38 24 3764679
38 1 3764681
38 77 3764688
38 67 3764690
38 5 3764694
38 71 3764698
38 90 3764700
38 41 3764702
38 34 3764709
38 21 3764711
38 12 3764714
38 74 3764722
38 65 3764731
38 11 3764740
38 66 3764747
38 64 3764756
38 40 3764759
39 57 3764759
39 90 3764762
39 17 3764763
39 32 3764767
39 64 3764767
39 22 3764771
39 49 3764779
39 29 3764781
39 70 3764790
39 47 3764796
39 51 3764802
39 12 3764811
39 54 3764811
39 88 3764815
39 16 3764817
39 46 3764823
39 27 3764831
39 28 3764837
39 19 3764837
39 25 3764841
39 56 3764845
39 58 3764853
39 36 3764861
39 42 3764867
39 71 3764872
39 2 3764876
39 76 3764878
39 61 3764887
39 66 3764892
39 18 3764894
39 43 3764898
39 33 3764904
39 3 3764912
39 77 3764920
39 15 3764926
39 81 3764927
39 9 3764935
39 4 3764943
39 75 3764952
39 5 3764954
39 60 3764960
39 38 3764960
39 14 3764967
39 21 3764967
39 86 3764976
39 94 3764976
39 53 3764983
39 68 3764988
39 74 3764993
39 45 3764998
39 71 3765006
39 30 3765011
39 44 3765016
39 87 3765020
39 28 3765023
39 81 3765030
39 22 3765037
39 29 3765037
39 59 3765042
39 69 3765042
39 63 3765049
39 55 3765050
39 1 3765055
39 32 3765063
39 40 3765065
39 41 3765071
39 3 3765076
39 12 3765079
39 76 3765081
39 18 3765081
39 80 3765081
39 67 3765090
39 36 3765098
39 7 3765107
39 0 3765107
39 53 3765110
39 82 3765113
39 77 3765113
39 60 3765119
39 20 3765122
39 47 3765129
39 49 3765138
39 50 3765143
39 89 3765147
39 91 3765151
39 86 3765158
39 21 3765162
39 24 3765170
39 4 3765170
39 15 3765170
39 83 3765175
39 17 3765179
39 10 3765180
40 15 3765185
40 68 3765191
40 84 3765199
40 19 3765200
40 54 3765205
40 41 3765205
40 57 3765207
40 80 3765208
40 33 3765208
40 64 3765209
40 75 3765209
40 35 3765210
40 61 3765219
40 0 3765220
40 46 3765229
40 38 3765232
40 39 3765235
40 14 3765238
40 14 3765247
40 1 3765256
40 2 3765262
40 29 3765262
40 91 3765263
40 3 3765270
40 49 3765270
40 33 3765270
40 34 3765275
40 22 3765276
40 46 3765276
40 85 3765280
40 44 3765289
40 58 3765298
40 83 3765305
40 53 3765309
41 42 3765318
41 45 3765319
41 63 3765323
41 11 3765331
41 44 3765332
41 14 3765337
41 0 3765344
41 23 3765352
41 70 3765359
41 66 3765360
41 54 3765363
41 86 3765370
41 37 3765377
41 25 3765379
41 55 3765381
41 20 3765390
41 27 3765393
41 63 3765398
41 10 3765405
41 74 3765405
41 14 3765411
41 13 3765413
41 36 3765415
41 46 3765423
41 76 3765432
41 26 3765441
41 0 3765447
41 55 3765456
41 59 3765456
41 93 3765465
41 22 3765468
41 58 3765474
42 72 3765481
42 71 3765482
42 81 3765486
42 66 3765490
42 9 3765492
42 57 3765492
42 43 3765493
42 11 3765499
42 4 3765502
42 7 3765505
42 27 3765512
42 73 3765515
42 22 3765522
42 18 3765524
42 5 3765531
42 54 3765534
42 79 3765536
42 14 3765541
42 13 3765544
42 88 3765553
42 70 3765554
42 45 3765557
42 47 3765563
42 62 3765570
42 61 3765570
42 80 3765577
42 29 3765579
42 65 3765583
42 21 3765591
42 15 3765595
42 77 3765599
42 39 3765608
42 74 3765613
42 60 3765621
42 6 3765627
42 36 3765636
42 82 3765640
42 86 3765643
42 3 3765643
42 32 3765651
42 51 3765660
42 63 3765661
42 20 3765668
42 46 3765669
42 23 3765674
42 38 3765677
42 90 3765678
42 26 3765679
42 67 3765686
42 78 3765687
42 44 3765695
42 84 3765702
42 92 3765707
42 1 3765709
42 91 3765712
42 1 3765717
42 27 3765725
42 60 3765732
42 69 3765740
42 72 3765749
42 31 3765755
42 79 3765760
42 30 3765769
42 19 3765777
42 66 3765782
42 52 3765787
42 50 3765792
42 58 3765797
42 16 3765803
42 55 3765804
42 83 3765812
42 21 3765818
42 81 3765819
42 41 3765822
42 92 3765824
42 77 3765827
42 13 3765830
42 32 3765833
42 26 3765833
42 61 3765842
42 17 3765850
42 94 3765851
42 68 3765859
42 37 3765864
42 23 3765867
42 87 3765873
42 0 3765878
42 74 3765884
42 35 3765892
42 90 3765892
42 57 3765894
42 70 3765901
42 28 3765909
42 12 3765911
42 85 3765920
42 33 3765921
42 56 3765921
42 36 3765926
42 71 3765934
42 20 3765938
42 51 3765940
42 6 3765945
42 34 3765954
42 86 3765962
42 29 3765966
42 2 3765968
42 78 3765971
42 7 3765975
42 59 3765975
42 93 3765981
42 15 3765990
42 84 3765996
42 40 3766004
43 88 3766008
43 37 3766011
44 28 3766014
44 50 3766021
44 17 3766028
44 31 3766035
44 24 3766040
44 0 3766042
44 9 3766049
44 83 3766055
44 55 3766055
44 52 3766056
44 66 3766059
44 21 3766066
44 38 3766075
44 2 3766075
44 57 3766075
44 82 3766078
44 85 3766085
44 11 3766087
45 25 3766089
45 65 3766094
45 36 3766100
45 79 3766102
45 13 3766106
45 7 3766106
45 62 3766114
45 55 3766117
45 82 3766125
45 5 3766129
45 18 3766138
45 86 3766141
45 46 3766141
45 44 3766144
45 88 3766147
45 43 3766150
45 37 3766158
45 40 3766164
45 85 3766169
45 93 3766169
45 61 3766171
45 26 3766171
45 11 3766171
45 23 3766172
45 39 3766172
45 38 3766179
45 27 3766184
45 10 3766188
45 51 3766188
45 3 3766197
45 74 3766203
45 87 3766210
45 21 3766212
45 52 3766215
45 14 3766224
45 60 3766227
45 0 3766229
45 17 3766232
45 19 3766239
45 70 3766246
45 20 3766248
45 12 3766257
45 41 3766257
45 42 3766262
45 8 3766265
45 4 3766267
45 40 3766268
45 77 3766275
45 59 3766275
45 39 3766276
45 23 3766279
45 6 3766281
45 33 3766289
45 34 3766293
45 78 3766299
45 88 3766307
45 53 3766316
45 66 3766319
45 74 3766325
45 10 3766334
45 71 3766342
45 31 3766342
45 29 3766348
45 11 3766349
45 94 3766351
45 63 3766355
45 72 3766355
45 1 3766358
45 21 3766358
45 46 3766362
45 20 3766366
45 26 3766375
45 27 3766383
45 3 3766390
45 13 3766395
45 44 3766399
45 58 3766399
45 15 3766406
45 86 3766414
45 38 3766415
45 32 3766423
45 36 3766427
45 85 3766434
45 56 3766434
45 57 3766441
45 61 3766447
45 24 3766450
45 7 3766451
45 43 3766454
45 83 3766456
45 93 3766461
46 84 3766466
46 14 3766466
46 68 3766467
46 49 3766476
46 52 3766479
46 16 3766483
46 37 3766484
46 94 3766485
46 24 3766485
46 63 3766493
46 19 3766502
46 91 3766509
46 21 3766513
46 4 3766515
46 75 3766524
46 17 3766526
46 5 3766531
46 47 3766540
46 79 3766547
46 80 3766556
46 83 3766557
46 22 3766562
46 70 3766570
46 86 3766574
46 87 3766574
46 92 3766575
46 18 3766579
46 0 3766586
46 64 3766593
46 34 3766602
46 61 3766605
46 45 3766607
46 20 3766607
46 2 3766612
46 28 3766619
46 51 3766622
46 76 3766625
46 13 3766626
46 12 3766627
46 73 3766635
46 77 3766641
46 42 3766646
46 57 3766646
46 67 3766655
46 74 3766657
46 41 3766663
46 69 3766669
46 93 3766671
46 85 3766677
46 23 3766678
46 39 3766681
46 56 3766681
46 11 3766690
46 43 3766695
46 94 3766704
46 52 3766706
46 57 3766712
46 83 3766721
46 29 3766724
46 6 3766731
46 91 3766735
46 9 3766739
46 75 3766748
46 50 3766757
46 8 3766761
46 13 3766765
46 82 3766771
46 92 3766776
46 70 3766776
46 66 3766777
46 24 3766777
46 18 3766782
46 68 3766784
46 34 3766786
46 16 3766795
46 45 3766795
46 48 3766796
46 64 3766797
46 73 3766804
46 67 3766813
46 33 3766819
46 38 3766820
46 69 3766829
46 20 3766834
46 17 3766840
46 25 3766847
46 74 3766852
46 1 3766858
46 47 3766859
46 0 3766862
46 86 3766869
46 58 3766869
46 88 3766877
46 89 3766881
46 31 3766886
46 27 3766894
46 26 3766903
46 87 3766904
46 51 3766905
46 79 3766909
46 71 3766911
46 44 3766912
46 36 3766919
46 23 3766927
47 75 3766936
47 53 3766941
47 10 3766941
47 51 3766948
47 80 3766955
47 61 3766962
47 19 3766963
47 73 3766963
47 85 3766965
47 36 3766971
47 31 3766980
47 59 3766989
47 93 3766991
47 65 3766997
47 89 3766998
47 86 3766999
47 91 3767008
47 71 3767016
47 24 3767021
47 74 3767025
47 34 3767028
47 25 3767033
47 84 3767040
47 70 3767041
47 94 3767050
47 58 3767050
47 20 3767057
47 76 3767058
47 13 3767060
47 37 3767069
47 81 3767076
47 68 3767078
47 44 3767087
47 83 3767090
47 60 3767093
47 27 3767095
47 77 3767096
47 69 3767098
47 79 3767105
47 11 3767112
47 35 3767117
47 6 3767124
47 55 3767125
47 66 3767134
47 17 3767134
47 92 3767139
47 29 3767146
47 30 3767154
47 36 3767155
47 46 3767155
47 14 3767162
47 65 3767167
47 85 3767170
47 22 3767178
47 50 3767182
47 42 3767187
47 92 3767196
47 31 3767204
47 11 3767212
47 44 3767215
47 60 3767221
47 76 3767229
47 64 3767233
47 2 3767239
47 84 3767244
47 78 3767251
47 72 3767253
47 24 3767262
47 20 3767266
47 21 3767272
47 73 3767280
47 62 3767282
47 41 3767288
47 27 3767290
47 70 3767297
47 43 3767301
47 57 3767305
47 68 3767311
47 54 3767314
47 52 3767314
47 55 3767315
47 6 3767322
47 16 3767322
47 8 3767331
47 58 3767332
47 1 3767341
47 13 3767349
47 82 3767352
47 77 3767356
47 3 3767365
47 81 3767372
47 39 3767372
48 19 3767380
48 18 3767387
48 25 3767390
48 0 3767393
48 75 3767394
48 14 3767402
48 42 3767408
48 29 3767412
48 22 3767413
48 71 3767420
48 73 3767424
48 6 3767424
48 60 3767429
48 70 3767437
48 62 3767441
48 93 3767448
48 47 3767456
48 58 3767460
48 76 3767463
48 88 3767470
48 28 3767479
48 34 3767480
48 39 3767480
48 90 3767481
48 68 3767488
48 54 3767489
48 67 3767495
48 23 3767501
48 64 3767510
48 59 3767519
48 82 3767521
48 81 3767526
48 74 3767529
48 83 3767536
48 7 3767540
48 33 3767540
48 85 3767549
48 38 3767552
48 53 3767561
48 5 3767569
48 51 3767578
48 44 3767585
48 26 3767588
48 27 3767592
48 9 3767601
48 50 3767602
48 72 3767605
48 30 3767610
48 40 3767617
48 35 3767621
48 13 3767630
48 84 3767632
48 91 3767641
48 1 3767650
48 49 3767657
48 4 3767665
48 61 3767671
48 0 3767674
48 58 3767676
48 29 3767685
48 35 3767691
48 63 3767700
48 81 3767706
48 60 3767710
48 32 3767715
48 90 3767723
48 85 3767731
48 9 3767735
48 1 3767735
48 41 3767741
48 6 3767741
48 64 3767750
48 3 3767756
48 62 3767764
48 84 3767765
48 55 3767770
48 76 3767779
48 17 3767784
48 57 3767786
48 67 3767791
48 2 3767795
48 40 3767796
48 91 3767797
48 37 3767805
48 44 3767809
48 4 3767813
48 23 3767818
48 69 3767825
48 45 3767828
48 80 3767834
48 94 3767837
48 43 3767842
48 88 3767849
48 33 3767858
48 93 3767858
48 92 3767865
48 15 3767872
48 51 3767873
48 53 3767879
48 27 3767882
48 68 3767882
48 18 3767887
48 70 3767893
48 28 3767902
48 79 3767906
48 87 3767913
48 46 3767917
48 21 3767922
48 20 3767923
48 71 3767926
48 82 3767935
48 89 3767939
48 77 3767941
48 86 3767949
48 75 3767951
48 73 3767957
48 52 3767966
48 72 3767971
48 54 3767978
49 0 3767981
49 63 3767989
49 30 3767991
49 59 3767997
49 4 3768004
49 76 3768010
49 9 3768012
49 50 3768013
49 36 3768022
49 78 3768025
49 22 3768026
49 86 3768033
49 45 3768037
49 47 3768042
49 58 3768043
49 33 3768049
49 39 3768055
49 29 3768062
49 60 3768071
49 64 3768077
49 26 3768077
49 90 3768082
49 34 3768089
49 46 3768093
49 66 3768098
49 41 3768101
49 7 3768106
49 52 3768109
49 83 3768114
49 24 3768119
49 50 3768121
49 48 3768127
49 42 3768134
49 79 3768140
49 68 3768142
49 61 3768147
49 63 3768152
49 22 3768159
49 45 3768159
49 82 3768168
49 33 3768177
49 88 3768177
49 87 3768178
49 14 3768187
49 77 3768191
49 30 3768199
49 16 3768205
49 72 3768211
49 56 3768214
49 1 3768219
49 7 3768220
49 53 3768227
49 90 3768232
49 80 3768241
49 31 3768241
50 42 3768249
50 52 3768253
50 57 3768259
50 82 3768261
50 26 3768266
50 61 3768271
50 31 3768273
50 41 3768280
50 9 3768283
50 6 3768290
50 47 3768298
50 2 3768305
50 79 3768308
50 25 3768312
50 71 3768314
50 37 3768320
50 30 3768329
50 35 3768333
50 19 3768342
50 10 3768346
50 40 3768347
50 48 3768351
50 77 3768354
50 80 3768354
50 49 3768363
50 34 3768372
50 60 3768379
50 69 3768388
50 21 3768397
50 88 3768405
50 38 3768413
50 92 3768415
50 83 3768419
50 54 3768425
50 59 3768433
50 45 3768436
50 83 3768443
50 24 3768446
50 2 3768449
50 54 3768457
50 68 3768465
50 17 3768474
50 33 3768483
50 25 3768490
50 87 3768491
50 47 3768493
50 89 3768500
50 41 3768504
50 56 3768504
50 71 3768511
50 15 3768512
50 55 3768515
50 66 3768521
50 23 3768521
50 84 3768528
50 13 3768537
50 85 3768537
50 81 3768543
50 11 3768546
50 27 3768548
50 80 3768551
50 90 3768553
50 63 3768562
50 40 3768568
50 43 3768575
50 93 3768582
50 19 3768582
50 46 3768589
50 39 3768593
50 60 3768595
50 28 3768599
51 81 3768607
51 89 3768609
51 74 3768618
51 94 3768622
51 26 3768630
51 34 3768633
51 63 3768638
51 5 3768642
51 70 3768645
51 73 3768649
51 83 3768658
51 27 3768663
51 55 3768667
51 47 3768674
51 17 3768677
51 62 3768681
51 39 3768683
51 71 3768683
51 38 3768685
51 64 3768687
51 20 3768696
51 53 3768696
51 54 3768698
51 15 3768698
51 40 3768698
51 61 3768702
51 65 3768704
51 23 3768704
51 93 3768708
51 41 3768717
51 14 3768726
51 91 3768727
51 35 3768734
51 12 3768738
51 13 3768741
51 33 3768741
51 31 3768744
51 46 3768749
51 17 3768756
51 49 3768759
51 76 3768768
51 73 3768774
51 92 3768780
51 66 3768781
51 32 3768785
51 60 3768791
51 22 3768795
51 57 3768800
51 87 3768808
51 15 3768815
51 12 3768817
51 7 3768826
51 90 3768833
51 6 3768835
51 8 3768839
51 16 3768848
51 39 3768857
51 3 3768863
51 55 3768863
51 36 3768868
51 58 3768869
51 91 3768872
51 44 3768881
51 13 3768889
51 37 3768891
51 50 3768891
51 53 3768900
51 5 3768900
51 59 3768909
51 62 3768909
51 88 3768909
51 82 3768913
51 38 3768918
51 34 3768927
51 45 3768936
52 4 3768938
52 14 3768944
52 49 3768953
52 41 3768959
52 81 3768967
52 63 3768968
52 93 3768972
52 5 3768974
52 51 3768982
52 57 3768986
52 77 3768994
52 18 3768999
52 17 3769008
52 76 3769012
52 40 3769018
52 54 3769020
52 20 3769028
52 65 3769030
52 7 3769036
52 50 3769043
52 15 3769048
52 56 3769056
52 13 3769061
52 34 3769062
52 48 3769071
52 10 3769074
52 83 3769076
52 59 3769084
52 33 3769091
52 79 3769093
52 38 3769094
52 8 3769099
52 12 3769100
52 55 3769101
52 67 3769103
52 64 3769110
52 27 3769119
52 45 3769124
52 30 3769132
52 94 3769136
52 32 3769139
52 19 3769141
52 21 3769141
52 85 3769149
52 26 3769156
52 60 3769162
52 77 3769171
52 60 3769172
52 48 3769174
52 80 3769182
52 7 3769184
52 1 3769191
52 20 3769196
52 56 3769196
52 30 3769200
52 74 3769207
52 57 3769216
52 2 3769221
52 25 3769230
52 42 3769234
52 14 3769239
52 5 3769240
52 71 3769241
52 28 3769250
52 90 3769252
52 46 3769253
52 31 3769256
52 92 3769258
52 23 3769262
52 94 3769263
52 82 3769267
52 38 3769271
52 21 3769275
52 12 3769280
52 50 3769289
52 36 3769295
52 35 3769304
52 32 3769306
52 53 3769312
52 85 3769321
52 54 3769329
52 81 3769333
52 67 3769334
52 93 3769339
52 43 3769341
52 91 3769345
52 24 3769354
52 68 3769355
53 65 3769362
53 36 3769369
53 45 3769371
53 21 3769378
53 88 3769384
53 9 3769393
53 72 3769396
53 10 3769398
53 15 3769405
53 86 3769408
53 33 3769409
53 16 3769412
53 92 3769418
53 84 3769425
53 30 3769429
53 77 3769432
53 24 3769437
53 42 3769439
53 66 3769446
53 93 3769454
53 22 3769457
53 56 3769461
53 80 3769462
53 2 3769470
53 57 3769470
53 73 3769474
53 71 3769474
53 51 3769476
53 87 3769482
53 61 3769484
53 67 3769493
53 29 3769496
53 32 3769499
53 78 3769502
53 62 3769502
53 20 3769505
53 81 3769508
53 73 3769517
53 29 3769524
53 23 3769531
53 92 3769535
53 15 3769539
53 72 3769546
53 32 3769550
53 38 3769552
53 61 3769559
53 33 3769561
53 70 3769564
53 19 3769569
53 39 3769572
53 42 3769578
53 48 3769585
53 87 3769589
53 0 3769596
53 37 3769605
53 93 3769609
53 54 3769615
53 58 3769618
53 2 3769624
53 80 3769629
53 88 3769634
53 17 3769642
53 60 3769645
53 20 3769649
53 90 3769653
53 51 3769662
53 35 3769662
53 4 3769669
53 52 3769677
53 50 3769681
53 74 3769689
53 47 3769696
53 25 3769699
53 44 3769705
53 56 3769710
53 21 3769719
53 14 3769719
53 94 3769721
53 68 3769725
54 13 3769725
54 1 3769725
54 63 3769726
54 17 3769728
54 41 3769729
54 60 3769732
54 46 3769734
54 85 3769737
54 57 3769742
54 82 3769748
54 10 3769755
54 34 3769756
54 44 3769763
54 30 3769766
54 55 3769770
54 79 3769775
54 36 3769781
54 69 3769785
54 39 3769785
54 94 3769788
54 22 3769789
54 59 3769791
54 67 3769792
54 4 3769796
54 19 3769797
54 61 3769804
54 52 3769806
54 73 3769810
54 0 3769812
54 3 3769814
54 56 3769818
54 70 3769818
54 20 3769818
54 5 3769822
54 76 3769824
54 48 3769824
54 80 3769832
54 2 3769833
54 62 3769839
54 29 3769841
54 9 3769846
54 64 3769847
54 23 3769853
54 38 3769862
54 6 3769866
54 77 3769874
54 81 3769883
54 12 3769883
54 11 3769889
54 74 3769891
54 65 3769899
54 68 3769901
54 37 3769906
54 18 3769911
54 72 3769920
54 77 3769927
54 23 3769932
54 26 3769934
54 8 3769941
54 79 3769948
54 27 3769957
54 82 3769963
54 47 3769968
54 84 3769976
54 66 3769984
54 50 3769993
54 22 3770002
54 13 3770006
54 31 3770014
54 62 3770019
54 75 3770026
54 90 3770033
54 0 3770039
54 64 3770042
54 93 3770045
54 55 3770052
54 41 3770059
54 36 3770064
54 29 3770067
54 17 3770071
54 11 3770075
54 74 3770078
54 2 3770084
54 58 3770088
54 56 3770093
54 25 3770093
54 51 3770094
54 40 3770102
54 10 3770106
54 45 3770112
54 44 3770116
54 59 3770117
54 83 3770126
54 39 3770131
54 9 3770136
54 85 3770136
54 60 3770142
54 24 3770142
54 46 3770143
54 80 3770145
54 48 3770148
55 42 3770153
55 9 3770160
55 14 3770161
55 50 3770161
55 51 3770161
55 89 3770161
55 70 3770165
55 4 3770167
55 61 3770174
55 35 3770176
55 91 3770176
55 66 3770180
55 83 3770186
55 62 3770187
55 44 3770191
55 84 3770200
55 3 3770206
55 0 3770215
55 28 3770215
55 22 3770223
55 17 3770225
55 26 3770228
55 19 3770228
55 54 3770234
55 79 3770237
55 60 3770240
55 1 3770241
55 82 3770241
55 58 3770247
55 31 3770249
55 34 3770249
55 20 3770254
55 53 3770256
55 27 3770265
55 59 3770265
55 52 3770266
55 32 3770267
55 65 3770272
55 33 3770275
55 76 3770278
55 41 3770281
55 38 3770285
55 45 3770285
55 94 3770291
55 12 3770295
55 8 3770295
55 23 3770298
55 72 3770304
55 41 3770308
55 65 3770314
55 86 3770317
55 53 3770326
55 68 3770332
55 0 3770340
55 75 3770341
55 28 3770348
55 67 3770355
55 83 3770358
55 43 3770360
55 91 3770363
55 70 3770365
55 32 3770367
55 63 3770375
55 33 3770379
55 82 3770380
55 34 3770388
55 74 3770396
55 16 3770401
55 27 3770409
55 59 3770411
55 31 3770412
55 20 3770416
55 38 3770421
55 39 3770426
55 8 3770433
55 84 3770440
55 24 3770447
55 23 3770456
55 36 3770461
55 35 3770465
55 64 3770474
55 81 3770476
55 19 3770478
55 92 3770478
55 17 3770484
55 14 3770487
55 57 3770490
56 78 3770491
56 4 3770494
56 94 3770499
56 0 3770500
56 66 3770504
56 17 3770509
56 61 3770514
56 69 3770515
56 50 3770520
56 62 3770527
56 59 3770527
56 92 3770528
56 65 3770535
56 37 3770539
56 46 3770542
56 8 3770546
56 20 3770549
56 30 3770549
56 3 3770550
56 29 3770559
56 75 3770568
56 41 3770573
56 88 3770575
56 71 3770580
56 77 3770586
56 67 3770594
56 34 3770599
56 38 3770608
56 64 3770610
56 39 3770614
56 7 3770621
56 31 3770629
56 12 3770634
56 84 3770641
56 76 3770643
56 49 3770651
56 5 3770653
56 53 3770657
56 68 3770666
56 87 3770666
56 32 3770670
56 10 3770677
56 43 3770677
56 74 3770686
56 44 3770694
56 26 3770703
56 25 3770708
56 42 3770712
56 88 3770720
56 72 3770724
56 94 3770728
56 83 3770737
56 41 3770741
56 48 3770743
56 28 3770751
56 19 3770759
56 86 3770765
56 80 3770772
56 4 3770773
56 34 3770780
56 1 3770786
56 10 3770789
56 62 3770789
56 39 3770796
56 24 3770802
56 64 3770804
56 70 3770811
56 55 3770820
56 46 3770825
56 85 3770826
56 53 3770827
56 79 3770830
56 60 3770832
56 25 3770833
56 73 3770836
56 18 3770844
56 20 3770847
56 44 3770851
56 37 3770854
56 82 3770857
56 52 3770857
56 12 3770858
56 0 3770867
56 74 3770875
56 30 3770877
56 77 3770885
56 45 3770885
56 67 3770886
56 21 3770886
56 69 3770892
56 84 3770894
56 27 3770902
56 43 3770911
56 32 3770912
56 38 3770914
56 16 3770921
56 61 3770930
56 31 3770930
56 92 3770936
56 76 3770937
56 66 3770940
56 8 3770940
56 91 3770949
57 40 3770957
57 88 3770966
57 37 3770966
57 26 3770970
57 65 3770970
57 12 3770979
57 22 3770987
57 39 3770994
57 9 3770995
57 91 3770998
57 28 3771000
57 64 3771006
57 41 3771015
57 83 3771024
57 52 3771027
57 7 3771034
57 44 3771041
57 49 3771045
57 25 3771050
57 16 3771057
57 35 3771065
57 61 3771074
57 13 3771075
57 38 3771078
57 68 3771082
57 1 3771089
57 19 3771090
57 71 3771094
57 20 3771094
57 5 3771101
57 31 3771107
57 48 3771116
57 33 3771116
57 63 3771122
57 8 3771128
57 59 3771135
57 81 3771135
57 29 3771143
57 14 3771145
57 41 3771152
57 91 3771156
57 64 3771165
57 78 3771168
57 75 3771176
57 72 3771184
57 86 3771186
57 45 3771189
57 71 3771197
57 23 3771201
57 87 3771207
57 36 3771208
57 74 3771212
57 42 3771220
57 40 3771224
57 46 3771232
57 68 3771237
57 89 3771239
57 47 3771248
57 61 3771255
57 11 3771256
57 1 3771258
57 48 3771262
57 25 3771270
57 16 3771278
57 29 3771284
57 84 3771286
57 30 3771294
57 55 3771295
57 49 3771298
57 39 3771301
57 62 3771308
57 85 3771308
57 80 3771316
57 15 3771316
57 35 3771323
57 7 3771332
57 12 3771336
58 2 3771344
58 43 3771351
58 56 3771351
58 84 3771359
58 50 3771367
58 68 3771370
58 74 3771376
58 77 3771385
58 33 3771390
58 76 3771392
58 63 3771393
58 93 3771393
58 60 3771394
58 49 3771401
58 40 3771407
58 48 3771416
58 8 3771417
58 35 3771419
58 82 3771422
58 55 3771423
58 9 3771424
58 44 3771425
58 62 3771434
58 42 3771437
58 78 3771444
58 54 3771446
58 7 3771450
58 80 3771457
58 89 3771459
58 53 3771462
58 70 3771465
58 73 3771470
58 17 3771473
58 20 3771478
58 13 3771484
58 41 3771493
58 21 3771501
58 94 3771507
58 54 3771515
58 70 3771520
58 17 3771521
58 82 3771528
58 35 3771532
58 65 3771533
58 33 3771540
58 79 3771541
58 12 3771544
58 21 3771551
58 1 3771555
58 51 3771555
58 60 3771557
58 46 3771557
58 16 3771558
58 56 3771566
58 50 3771570
58 43 3771577
58 10 3771585
58 91 3771588
58 74 3771592
58 20 3771594
58 29 3771599
58 19 3771604
58 63 3771608
58 57 3771617
58 41 3771617
58 81 3771626
58 2 3771630
58 90 3771631
58 84 3771638
58 0 3771645
58 8 3771651
58 53 3771654
59 65 3771661
59 76 3771670
59 43 3771674
59 66 3771676
59 55 3771678
59 29 3771681
59 67 3771686
59 39 3771688
59 18 3771688
59 7 3771694
59 70 3771695
59 86 3771700
59 50 3771703
59 8 3771703
59 24 3771703
59 62 3771711
59 57 3771713
59 44 3771721
59 7 3771721
59 37 3771722
59 73 3771726
59 52 3771733
59 18 3771735
59 94 3771737
59 88 3771746
59 8 3771753
59 60 3771762
59 24 3771766
59 34 3771775
59 93 3771784
59 89 3771785
60 1 3771793
60 91 3771793
60 48 3771797
60 39 3771800
60 40 3771801
60 37 3771810
60 36 3771811
60 50 3771812
60 87 3771814
60 52 3771816
60 61 3771825
60 26 3771827
60 5 3771829
60 4 3771838
60 20 3771845
60 93 3771848
60 64 3771851
60 16 3771856
60 42 3771862
60 35 3771870
60 92 3771870
60 83 3771873
60 23 3771880
60 80 3771880
60 44 3771881
60 53 3771882
60 57 3771884
60 45 3771885
60 89 3771890
60 51 3771893
60 79 3771893
60 71 3771894
60 94 3771897
60 21 3771899
60 29 3771902
60 8 3771906
60 77 3771908
60 6 3771910
60 58 3771914
60 14 3771919
60 68 3771924
60 7 3771928
60 85 3771929
60 76 3771937
60 73 3771938
60 10 3771943
60 15 3771949
60 84 3771953
60 85 3771961
60 76 3771963
60 61 3771968
60 57 3771977
60 17 3771984
60 26 3771990
60 51 3771996
60 12 3771996
60 74 3771997
60 8 3772005
60 64 3772013
60 10 3772014
60 67 3772018
60 56 3772026
60 39 3772032
60 78 3772034
60 89 3772034
60 43 3772042
60 41 3772049
60 75 3772056
60 28 3772061
60 88 3772069
60 59 3772076
60 66 3772085
60 33 3772091
60 16 3772097
60 38 3772101
60 90 3772110
60 45 3772111
60 44 3772120
60 54 3772121
60 83 3772130
60 6 3772138
60 42 3772139
60 13 3772148
60 94 3772150
60 2 3772156
60 1 3772164
60 62 3772168
60 52 3772172
60 65 3772175
60 91 3772175
60 9 3772180
60 4 3772181
60 24 3772181
60 68 3772185
60 73 3772191
60 77 3772197
61 78 3772204
61 22 3772210
61 89 3772217
61 51 3772218
61 5 3772226
61 28 3772227
61 24 3772234
61 3 3772235
61 40 3772237
61 1 3772240
61 62 3772243
61 26 3772250
61 44 3772253
61 17 3772256
61 16 3772265
61 64 3772271
61 59 3772273
61 14 3772276
61 79 3772282
61 84 3772286
61 73 3772289
61 50 3772291
61 41 3772293
61 87 3772301
61 29 3772308
61 57 3772311
61 35 3772311
61 67 3772315
61 85 3772316
61 49 3772320
61 53 3772325
61 39 3772331
61 30 3772332
61 52 3772341
61 94 3772344
61 14 3772346
61 67 3772348
61 43 3772357
61 86 3772364
61 39 3772365
61 72 3772374
61 24 3772380
61 13 3772382
61 28 3772385
61 79 3772392
61 37 3772395
61 38 3772399
61 85 3772400
61 59 3772407
61 23 3772410
61 91 3772417
61 87 3772425
61 81 3772426
61 66 3772432
61 76 3772435
61 2 3772441
61 5 3772441
61 21 3772450
61 10 3772450
61 65 3772450
61 55 3772452
61 58 3772459
61 78 3772461
61 74 3772461
61 42 3772462
61 88 3772471
63 85 3772477
63 50 3772486
63 64 3772486
63 20 3772492
63 44 3772494
63 8 3772501
63 92 3772502
63 82 3772506
63 5 3772513
63 66 3772519
63 25 3772523
63 84 3772525
63 9 3772527
63 65 3772531
63 58 3772531
63 56 3772531
63 43 3772532
63 34 3772535
63 51 3772536
63 12 3772539
63 6 3772539
63 72 3772541
63 27 3772550
63 90 3772556
63 30 3772560
63 32 3772560
63 19 3772560
63 60 3772562
63 18 3772566
63 11 3772571
63 59 3772575
63 1 3772582
63 22 3772583
63 88 3772583
63 91 3772588
63 93 3772595
63 89 3772597
63 62 3772602
63 7 3772609
63 67 3772609
63 76 3772609
63 17 3772609
63 26 3772615
63 45 3772622
63 43 3772628
63 23 3772636
63 66 3772643
63 5 3772648
63 44 3772648
63 6 3772651
63 36 3772655
63 62 3772658
63 89 3772660
63 88 3772661
63 3 3772661
63 83 3772663
63 12 3772663
63 33 3772665
63 57 3772670
63 10 3772673
63 80 3772679
63 4 3772681
63 26 3772681
63 8 3772684
63 54 3772686
63 11 3772694
63 40 3772697
63 31 3772701
63 15 3772702
63 69 3772710
63 84 3772718
63 78 3772727
63 29 3772732
63 77 3772741
63 79 3772745
63 34 3772746
63 82 3772753
63 64 3772761
63 9 3772764
63 21 3772765
63 60 3772765
63 32 3772765
63 61 3772770
63 16 3772776
63 39 3772778
63 52 3772783
64 36 3772788
64 82 3772788
64 34 3772795
64 10 3772800
64 63 3772805
64 61 3772806
64 79 3772811
64 51 3772815
64 16 3772819
64 94 3772825
64 5 3772827
64 83 3772836
64 35 3772840
64 87 3772840
64 29 3772847
64 19 3772851
64 53 3772858
64 6 3772861
64 37 3772864
64 59 3772864
64 34 3772866
64 91 3772869
64 23 3772873
64 85 3772882
64 62 3772887
64 77 3772893
64 14 3772895
64 72 3772903
64 7 3772905
64 63 3772906
64 79 3772913
64 49 3772916
64 35 3772918
64 90 3772926
65 33 3772935
65 66 3772944
65 42 3772950
65 36 3772954
65 11 3772962
65 25 3772962
65 51 3772968
65 4 3772977
65 64 3772978
65 3 3772987
66 0 3772991
66 76 3772995
66 67 3773003
66 94 3773003
66 3 3773011
66 93 3773018
66 74 3773022
66 70 3773029
66 60 3773033
66 61 3773039
66 17 3773044
66 65 3773052
66 26 3773055
66 44 3773056
66 23 3773065
66 1 3773070
66 36 3773070
66 86 3773076
66 18 3773080
66 91 3773086
66 21 3773094
66 38 3773102
66 19 3773110
66 43 3773116
66 62 3773124
66 7 3773125
66 16 3773126
66 87 3773127
66 92 3773128
66 88 3773136
66 50 3773142
66 68 3773143
66 51 3773149
66 31 3773150
66 89 3773156
66 2 3773160
66 91 3773168
66 3 3773177
66 13 3773179
66 35 3773180
66 59 3773185
66 63 3773191
66 78 3773197
66 46 3773203
66 53 3773206
66 73 3773212
66 6 3773213
66 40 3773215
66 74 3773216
66 68 3773225
66 45 3773234
66 20 3773234
66 9 3773235
66 33 3773242
66 54 3773251
66 76 3773253
66 34 3773262
66 30 3773268
66 41 3773271
66 11 3773280
66 12 3773287
66 82 3773291
66 71 3773294
66 25 3773303
66 28 3773310
66 64 3773318
66 67 3773327
66 44 3773328
66 22 3773331
66 36 3773337
66 85 3773341
66 51 3773344
66 24 3773351
67 76 3773359
67 85 3773366
67 86 3773369
67 72 3773369
67 57 3773375
67 55 3773384
67 31 3773390
67 17 3773395
67 60 3773402
67 34 3773408
67 43 3773412
67 73 3773414
67 25 3773420
67 11 3773429
67 48 3773434
67 65 3773435
67 32 3773440
67 42 3773442
67 4 3773442
67 63 3773445
67 19 3773448
67 13 3773448
67 7 3773456
67 93 3773464
67 80 3773465
67 89 3773465
67 33 3773466
67 56 3773472
67 76 3773473
67 13 3773478
67 63 3773482
67 10 3773487
67 45 3773493
67 54 3773494
67 87 3773498
67 9 3773500
67 66 3773502
67 41 3773507
67 86 3773510
67 46 3773518
67 14 3773526
67 3 3773526
67 21 3773533
67 88 3773534
67 39 3773535
67 47 3773544
67 23 3773544
67 84 3773544
67 79 3773552
67 57 3773555
67 7 3773560
67 90 3773568
67 24 3773576
67 38 3773582
67 78 3773591
67 32 3773597
67 37 3773604
68 82 3773605
68 93 3773607
68 44 3773607
68 61 3773608
68 0 3773614
68 15 3773622
68 64 3773623
68 40 3773632
68 37 3773640
68 28 3773642
68 54 3773643
68 60 3773652
68 74 3773656
68 52 3773658
68 11 3773659
68 91 3773661
68 69 3773661
68 88 3773666
68 32 3773672
68 57 3773676
68 72 3773680
68 13 3773680
68 47 3773681
68 51 3773687
68 17 3773690
68 83 3773694
68 34 3773695
68 40 3773702
68 55 3773707
68 93 3773707
68 5 3773714
68 91 3773716
68 20 3773725
68 24 3773730
68 1 3773731
68 44 3773739
68 35 3773743
68 80 3773745
68 0 3773747
68 15 3773747
68 64 3773753
68 9 3773759
68 48 3773763
68 66 3773771
68 26 3773774
68 89 3773774
68 49 3773778
68 87 3773778
68 37 3773781
69 87 3773789
69 62 3773796
69 14 3773802
69 54 3773805
69 66 3773805
69 77 3773814
69 33 3773816
69 85 3773818
69 13 3773819
69 40 3773825
69 72 3773832
69 67 3773835
69 89 3773839
69 5 3773847
69 45 3773848
69 21 3773856
69 90 3773856
69 84 3773857
69 34 3773860
69 71 3773865
69 29 3773872
69 16 3773873
69 83 3773878
69 68 3773883
69 26 3773883
69 77 3773888
69 65 3773894
69 52 3773894
69 5 3773896
69 4 3773904
69 75 3773913
69 3 3773913
69 46 3773920
69 60 3773929
69 50 3773930
69 21 3773932
69 8 3773941
69 10 3773941
69 32 3773942
69 28 3773943
69 2 3773943
69 80 3773952
69 63 3773957
69 53 3773964
69 33 3773972
69 13 3773977
69 14 3773977
70 61 3773980
70 60 3773989
70 40 3773994
70 88 3774001
70 45 3774002
70 76 3774009
70 1 3774016
70 51 3774022
70 72 3774029
70 59 3774033
70 28 3774042
70 90 3774049
70 82 3774052
70 8 3774057
70 55 3774062
70 73 3774068
70 78 3774073
70 16 3774081
70 62 3774090
70 41 3774098
70 13 3774105
70 33 3774109
70 36 3774114
70 68 3774119
70 30 3774123
70 44 3774123
70 23 3774127
70 18 3774128
70 64 3774129
70 14 3774136
70 49 3774143
70 19 3774144
70 34 3774149
70 67 3774156
70 5 3774156
70 15 3774162
70 38 3774169
70 29 3774173
70 58 3774182
70 24 3774184
70 89 3774186
70 0 3774191
70 56 3774191
70 10 3774199
70 42 3774201
70 20 3774205
70 71 3774211
70 57 3774216
70 69 3774224
70 12 3774231
70 66 3774237
70 63 3774239
70 76 3774248
70 92 3774253
70 4 3774258
70 14 3774261
70 40 3774265
70 89 3774269
70 45 3774276
70 46 3774280
70 54 3774288
70 75 3774292
70 66 3774296
70 91 3774296
70 56 3774305
70 68 3774305
70 13 3774305
70 36 3774309
70 22 3774312
70 43 3774319
70 55 3774319
70 29 3774323
70 79 3774327
70 86 3774332
70 20 3774335
70 72 3774337
70 42 3774340
70 3 3774344
70 62 3774349
70 88 3774350
70 6 3774350
70 51 3774351
70 85 3774358
70 33 3774367
70 35 3774374
70 11 3774382
70 21 3774386
70 41 3774393
70 78 3774396
70 84 3774399
70 27 3774399
70 2 3774406
70 61 3774411
70 39 3774418
70 90 3774419
70 82 3774421
70 87 3774423
70 63 3774431
70 25 3774438
70 67 3774444
70 81 3774452
70 30 3774455
70 83 3774457
70 15 3774461
71 1 3774468
71 35 3774474
71 51 3774483
71 6 3774488
71 11 3774494
71 70 3774499
71 44 3774499
71 29 3774499
71 67 3774500
71 9 3774504
71 2 3774511
71 21 3774518
71 58 3774520
71 49 3774524
71 20 3774530
71 14 3774536
71 52 3774537
71 10 3774542
71 77 3774543
71 90 3774552
71 50 3774559
71 84 3774566
71 60 3774573
71 83 3774575
71 21 3774584
71 31 3774584
71 18 3774588
71 92 3774589
71 43 3774595
71 88 3774599
71 67 3774604
71 94 3774612
71 16 3774615
71 13 3774621
71 72 3774621
72 58 3774628
72 60 3774633
72 0 3774642
72 91 3774651
73 91 3774653
73 74 3774659
73 6 3774661
73 34 3774665
73 41 3774666
73 28 3774674
73 75 3774678
73 45 3774684
73 82 3774687
73 4 3774688
73 23 3774697
73 20 3774697
73 65 3774702
73 36 3774706
73 84 3774708
73 80 3774715
73 58 3774723
73 8 3774726
73 49 3774730
73 62 3774739
73 61 3774745
73 54 3774750
73 89 3774753
73 72 3774760
73 62 3774767
73 49 3774776
73 87 3774778
73 86 3774786
73 30 3774789
73 59 3774791
73 36 3774800
73 44 3774802
73 11 3774807
73 23 3774815
73 76 3774824
73 7 3774831
73 43 3774833
73 6 3774836
73 94 3774836
73 63 3774844
73 70 3774851
73 78 3774855
73 83 3774856
73 84 3774864
73 20 3774867
73 92 3774869
73 57 3774872
74 68 3774873
74 10 3774882
74 12 3774888
74 48 3774893
74 40 3774893
74 28 3774893
74 67 3774902
74 8 3774902
74 21 3774908
74 43 3774913
74 86 3774918
74 62 3774920
74 22 3774922
74 44 3774931
74 82 3774937
74 75 3774940
74 66 3774946
74 69 3774954
74 4 3774959
74 81 3774964
74 17 3774971
74 50 3774980
74 53 3774983
74 31 3774988
74 25 3774993
74 92 3775000
74 42 3775008
74 19 3775012
74 30 3775018
74 51 3775027
74 7 3775028
74 24 3775030
74 54 3775037
74 9 3775043
74 90 3775051
74 23 3775056
74 18 3775060
74 56 3775068
74 72 3775070
74 64 3775079
74 39 3775079
74 88 3775080
74 16 3775080
74 13 3775086
74 45 3775088
74 15 3775092
74 52 3775100
74 84 3775101
74 76 3775105
74 3 3775108
74 93 3775108
74 83 3775109
74 1 3775113
74 78 3775118
74 27 3775120
74 72 3775124
74 4 3775127
74 53 3775129
74 30 3775133
74 6 3775137
74 14 3775146
74 33 3775154
74 61 3775163
74 55 3775172
74 59 3775178
74 73 3775186
74 3 3775186
74 56 3775192
74 18 3775197
74 51 3775201
74 46 3775203
74 70 3775207
74 86 3775208
74 2 3775211
74 34 3775211
74 60 3775214
74 63 3775218
74 52 3775218
74 90 3775223
74 91 3775230
74 49 3775236
74 94 3775240
74 42 3775248
74 67 3775252
74 27 3775252
74 28 3775254
74 31 3775261
74 39 3775263
74 24 3775272
74 92 3775280
74 22 3775281
74 58 3775281
74 84 3775281
74 78 3775284
74 93 3775286
74 5 3775290
74 76 3775293
74 21 3775295
74 83 3775296
74 32 3775297
74 25 3775301
74 48 3775305
74 43 3775309
74 80 3775309
74 88 3775310
74 81 3775311
74 66 3775317
74 87 3775321
74 71 3775328
74 77 3775334
74 12 3775342
74 10 3775343
74 23 3775347
75 34 3775355
75 57 3775362
75 81 3775370
75 0 3775378
75 21 3775384
75 55 3775384
75 14 3775393
75 92 3775396
75 15 3775400
75 68 3775404
75 9 3775407
75 11 3775409
75 67 3775409
75 24 3775409
75 77 3775414
75 69 3775416
76 93 3775420
76 42 3775424
76 69 3775428
77 29 3775434
77 44 3775442
77 63 3775446
77 80 3775455
77 57 3775464
77 2 3775465
77 53 3775466
77 7 3775471
77 19 3775479
77 75 3775486
77 72 3775490
77 61 3775496
77 65 3775498
77 3 3775507
77 93 3775515
77 58 3775519
77 50 3775523
77 6 3775532
77 20 3775539
77 76 3775542
77 80 3775547
77 8 3775556
77 29 3775565
77 66 3775570
77 69 3775578
77 68 3775587
77 53 3775595
77 52 3775603
77 86 3775610
77 28 3775612
77 18 3775619
77 3 3775620
77 44 3775628
77 21 3775633
77 54 3775642
77 88 3775643
77 92 3775643
77 58 3775646
77 45 3775648
77 59 3775649
77 50 3775655
77 38 3775662
77 1 3775662
77 24 3775667
77 57 3775674
77 56 3775676
78 77 3775685
78 57 3775689
78 7 3775692
79 5 3775698
79 44 3775698
79 56 3775704
79 26 3775708
79 76 3775709
79 16 3775714
79 84 3775721
79 49 3775728
79 82 3775736
79 7 3775741
79 3 3775749
79 43 3775749
79 59 3775758
79 65 3775763
79 54 3775770
79 41 3775773
79 37 3775777
79 77 3775781
79 9 3775784
79 42 3775786
79 75 3775794
79 6 3775799
79 89 3775804
79 20 3775810
79 81 3775817
79 11 3775821
79 47 3775823
79 0 3775832
79 2 3775836
79 40 3775836
79 24 3775841
79 85 3775847
79 92 3775856
79 68 3775864
79 58 3775873
79 74 3775873
79 10 3775877
79 80 3775882
79 35 3775883
79 91 3775886
79 36 3775887
79 23 3775894
79 73 3775901
79 29 3775907
79 69 3775916
79 12 3775920
79 86 3775920
79 62 3775922
79 17 3775925
79 71 3775930
79 53 3775935
79 28 3775939
79 39 3775941
79 73 3775945
79 74 3775950
79 21 3775955
79 55 3775961
79 72 3775961
79 57 3775963
79 50 3775972
79 80 3775974
79 8 3775976
79 19 3775978
79 53 3775983
79 92 3775987
79 75 3775996
79 6 3775996
79 67 3776002
79 31 3776006
79 91 3776010
79 29 3776011
79 27 3776014
79 39 3776023
79 89 3776032
79 61 3776040
79 20 3776049
79 41 3776049
79 4 3776054
79 76 3776060
79 40 3776062
79 81 3776063
79 54 3776070
79 84 3776073
79 36 3776077
79 69 3776085
79 33 3776085
79 10 3776089
79 77 3776090
79 59 3776091
79 88 3776096
79 52 3776102
79 42 3776109
79 93 3776109
79 2 3776118
79 5 3776122
79 30 3776128
79 3 3776131
79 78 3776139
79 37 3776146
79 94 3776153
79 68 3776160
79 12 3776167
79 87 3776173
79 22 3776181
80 84 3776190
80 9 3776197
80 13 3776205
80 53 3776211
80 61 3776213
81 46 3776218
81 8 3776222
81 33 3776229
81 16 3776235
81 61 3776241
81 90 3776244
81 40 3776248
81 25 3776253
81 60 3776257
81 21 3776262
81 68 3776267
81 4 3776276
81 54 3776283
81 91 3776289
81 38 3776290
81 3 3776291
81 37 3776300
81 12 3776305
81 67 3776305
81 35 3776305
81 15 3776313
81 51 3776315
81 79 3776319
81 24 3776328
81 26 3776336
81 34 3776336
81 11 3776343
81 29 3776344
81 83 3776353
81 50 3776355
81 20 3776364
81 53 3776373
81 1 3776380
81 73 3776381
81 10 3776389
81 75 3776393
81 72 3776397
81 80 3776400
81 19 3776404
81 32 3776408
81 69 3776409
81 56 3776414
81 82 3776415
81 59 3776417
81 45 3776424
81 23 3776432
81 77 3776438
81 30 3776445
81 49 3776447
81 47 3776456
81 22 3776458
81 35 3776460
81 15 3776460
81 11 3776469
81 86 3776472
81 25 3776479
81 59 3776481
81 24 3776487
81 67 3776493
81 13 3776500
81 37 3776501
81 64 3776503
81 58 3776503
81 26 3776505
81 61 3776510
81 71 3776517
81 87 3776524
81 46 3776532
81 41 3776533
81 85 3776534
81 20 3776541
81 80 3776547
81 52 3776552
81 42 3776554
81 70 3776562
81 31 3776565
81 38 3776566
81 5 3776570
81 83 3776578
81 3 3776586
81 79 3776593
81 93 3776602
81 78 3776610
81 92 3776614
81 60 3776617
81 18 3776617
81 40 3776617
81 16 3776625
81 88 3776632
81 84 3776632
81 43 3776633
82 3 3776637
82 38 3776639
82 91 3776640
82 54 3776641
82 52 3776642
83 14 3776646
83 53 3776647
83 51 3776647
83 50 3776651
83 84 3776658
83 13 3776667
83 70 3776676
83 15 3776676
83 3 3776683
83 17 3776690
83 40 3776697
83 73 3776706
83 56 3776707
83 31 3776711
83 45 3776711
83 42 3776714
83 71 3776721
83 93 3776729
83 43 3776736
83 20 3776740
83 68 3776749
83 82 3776753
83 5 3776754
83 90 3776763
83 66 3776767
83 60 3776770
83 2 3776774
83 4 3776783
83 86 3776786
83 87 3776793
83 82 3776800
83 43 3776802
83 53 3776807
83 11 3776816
83 33 3776824
83 57 3776830
83 37 3776832
83 23 3776838
83 7 3776847
83 2 3776849
83 84 3776851
83 79 3776856
83 21 3776865
83 46 3776866
83 10 3776870
83 9 3776878
83 18 3776886
83 69 3776890
83 49 3776891
83 25 3776900
83 45 3776905
83 51 3776914
83 19 3776919
83 58 3776926
83 14 3776931
83 55 3776936
83 22 3776945
83 66 3776948
83 65 3776949
83 92 3776952
83 44 3776958
84 70 3776962
84 50 3776963
84 91 3776964
84 67 3776973
84 18 3776979
84 74 3776982
84 25 3776982
84 89 3776983
84 28 3776992
84 5 3776999
84 20 3777002
84 57 3777003
84 82 3777010
84 46 3777015
84 56 3777017
84 22 3777021
84 23 3777028
84 10 3777030
84 44 3777039
84 85 3777047
84 30 3777055
84 58 3777061
84 54 3777067
84 49 3777076
84 43 3777077
84 29 3777080
84 0 3777083
84 20 3777085
84 71 3777092
84 38 3777095
84 23 3777097
84 18 3777099
84 60 3777104
84 39 3777108
84 75 3777112
84 47 3777113
85 0 3777119
85 19 3777128
85 16 3777135
85 36 3777135
85 57 3777139
85 70 3777145
85 37 3777145
85 93 3777147
85 38 3777150
85 26 3777156
85 86 3777158
85 52 3777166
85 24 3777172
85 55 3777177
85 28 3777185
85 44 3777192
85 45 3777193
85 10 3777193
85 60 3777199
85 67 3777202
85 13 3777204
85 56 3777204
85 47 3777209
85 17 3777213
85 88 3777213
85 53 3777218
85 74 3777219
85 68 3777221
85 42 3777228
85 7 3777233
85 69 3777239
85 80 3777248
85 30 3777255
85 81 3777257
85 87 3777259
85 2 3777266
85 18 3777274
85 46 3777280
85 8 3777281
85 15 3777287
85 75 3777293
85 77 3777300
85 29 3777305
85 58 3777311
85 5 3777313
85 21 3777315
85 29 3777324
85 75 3777324
85 86 3777333
85 68 3777337
85 52 3777341
85 12 3777341
85 84 3777342
85 74 3777343
85 24 3777345
85 23 3777351
85 81 3777356
85 19 3777359
85 63 3777361
85 34 3777361
85 56 3777365
85 61 3777372
85 50 3777380
85 83 3777386
85 80 3777386
85 92 3777386
85 47 3777386
85 35 3777390
85 53 3777395
85 72 3777403
85 49 3777409
85 33 3777410
85 89 3777416
85 46 3777417
85 38 3777418
85 30 3777425
85 79 3777428
85 51 3777429
85 73 3777430
85 25 3777435
85 76 3777436
85 70 3777441
85 59 3777442
85 7 3777451
85 87 3777456
85 69 3777458
85 3 3777467
85 20 3777469
85 31 3777478
85 1 3777485
86 85 3777493
86 77 3777495
86 88 3777504
86 78 3777511
86 33 3777519
86 84 3777523
86 47 3777527
86 16 3777535
86 36 3777541
86 32 3777547
86 0 3777548
86 94 3777554
86 89 3777556
86 15 3777558
86 31 3777560
86 27 3777569
86 18 3777569
86 17 3777569
86 83 3777569
86 5 3777573
86 80 3777574
86 89 3777575
86 39 3777580
86 18 3777588
86 68 3777588
86 15 3777597
86 36 3777603
86 92 3777606
86 93 3777609
86 77 3777612
86 11 3777620
86 14 3777624
86 43 3777627
86 41 3777633
86 64 3777636
86 33 3777640
86 70 3777642
87 11 3777642
87 62 3777649
87 25 3777657
87 92 3777664
87 16 3777669
87 81 3777671
87 93 3777675
87 44 3777683
87 72 3777690
87 83 3777693
87 77 3777696
87 45 3777699
87 85 3777707
87 28 3777707
87 68 3777710
87 69 3777713
87 40 3777721
87 50 3777721
87 42 3777728
87 4 3777735
87 64 3777744
87 91 3777744
87 61 3777753
87 15 3777754
87 5 3777754
87 17 3777762
87 88 3777767
87 34 3777775
87 36 3777782
87 56 3777786
87 13 3777791
87 71 3777791
87 10 3777798
87 41 3777799
87 22 3777806
87 27 3777810
87 60 3777816
87 76 3777823
87 33 3777824
87 67 3777828
87 72 3777828
87 62 3777829
87 55 3777829
87 85 3777837
87 16 3777840
87 9 3777842
87 69 3777848
87 51 3777848
87 30 3777856
87 10 3777860
87 59 3777867
87 65 3777868
87 53 3777872
87 3 3777873
87 82 3777873
87 17 3777873
87 79 3777874
87 5 3777883
87 86 3777891
87 64 3777893
87 38 3777893
87 78 3777899
87 58 3777901
87 41 3777910
87 21 3777913
87 20 3777922
87 61 3777929
87 48 3777938
87 39 3777943
87 71 3777943
87 29 3777946
87 22 3777954
87 40 3777956
87 73 3777959
87 43 3777960
87 74 3777964
88 17 3777967
88 28 3777972
88 35 3777979
88 30 3777980
88 14 3777986
88 47 3777991
88 90 3777993
88 1 3778001
88 86 3778001
88 26 3778007
89 31 3778014
89 46 3778018
89 53 3778020
89 50 3778022
89 10 3778024
89 37 3778027
89 64 3778030
89 11 3778034
89 74 3778041
89 47 3778042
89 48 3778042
89 81 3778043
89 69 3778044
89 88 3778045
89 15 3778046
89 32 3778053
89 17 3778056
89 58 3778065
89 27 3778072
89 73 3778072
89 91 3778073
89 87 3778081
89 1 3778085
89 51 3778091
89 79 3778100
89 92 3778104
89 9 3778105
89 25 3778107
89 39 3778107
89 44 3778114
89 4 3778122
89 52 3778128
89 19 3778132
89 0 3778135
89 16 3778135
89 76 3778139
89 34 3778140
89 36 3778143
89 22 3778145
89 93 3778149
89 65 3778154
89 14 3778156
89 18 3778156
89 77 3778162
89 70 3778171
89 83 3778180
89 84 3778182
89 28 3778183
89 13 3778185
89 42 3778192
89 61 3778192
89 29 3778198
89 7 3778207
89 80 3778213
89 57 3778213
89 30 3778216
89 24 3778220
89 75 3778228
89 22 3778233
89 37 3778242
89 3 3778242
89 34 3778243
89 45 3778244
89 18 3778247
89 38 3778253
89 41 3778253
89 82 3778256
89 12 3778260
89 20 3778267
89 65 3778267
89 25 3778268
89 83 3778277
89 27 3778286
89 49 3778292
89 4 3778292
89 29 3778293
89 90 3778299
89 79 3778302
89 62 3778305
89 77 3778305
89 33 3778310
89 78 3778311
89 1 3778311
89 46 3778317
89 47 3778318
89 14 3778327
89 26 3778336
89 80 3778339
89 70 3778340
89 6 3778349
89 13 3778349
89 92 3778349
89 28 3778356
89 51 3778365
89 16 3778365
89 85 3778365
89 74 3778372
89 69 3778381
89 54 3778389
89 91 3778395
89 81 3778402
89 56 3778408
89 11 3778415
89 58 3778419
89 23 3778421
89 39 3778428
89 53 3778437
89 48 3778440
89 52 3778444
90 80 3778446
90 78 3778450
90 40 3778456
90 50 3778463
90 82 3778472
90 54 3778472
90 25 3778480
90 46 3778489
90 94 3778490
90 19 3778491
90 63 3778492
90 16 3778497
90 74 3778506
90 55 3778511
90 33 3778516
90 81 3778519
90 23 3778520
90 68 3778528
90 77 3778534
90 25 3778541
90 52 3778542
90 16 3778547
90 37 3778556
90 88 3778556
90 15 3778565
90 7 3778566
90 19 3778573
90 86 3778577
90 43 3778586
90 35 3778594
90 20 3778595
90 85 3778599
90 79 3778604
90 58 3778605
90 44 3778612
90 62 3778616
90 66 3778620
90 75 3778624
90 9 3778632
90 69 3778636
91 76 3778644
91 39 3778650
91 42 3778652
91 22 3778654
91 33 3778663
91 82 3778667
91 64 3778668
91 69 3778674
91 48 3778675
91 47 3778682
91 40 3778687
91 14 3778690
91 75 3778698
91 11 3778704
91 37 3778704
91 36 3778710
91 60 3778712
91 34 3778719
91 49 3778722
91 67 3778731
91 62 3778732
91 90 3778739
91 57 3778748
91 7 3778749
91 9 3778749
91 53 3778753
91 71 3778759
91 54 3778761
91 89 3778766
91 80 3778773
91 58 3778776
91 45 3778780
91 92 3778789
91 59 3778789
91 84 3778797
91 27 3778798
91 32 3778800
91 94 3778805
91 78 3778805
91 30 3778808
91 20 3778817
91 1 3778820
91 73 3778828
91 88 3778828
91 79 3778829
91 65 3778829
91 51 3778835
91 85 3778835
91 10 3778836
91 19 3778845
91 16 3778851
91 86 3778856
91 26 3778864
91 68 3778869
91 23 3778873
91 4 3778881
91 44 3778888
91 7 3778893
91 59 3778901
91 83 3778901
91 2 3778903
91 11 3778907
91 8 3778911
91 87 3778918
91 32 3778918
91 5 3778923
91 25 3778930
91 16 3778933
91 19 3778934
91 37 3778941
91 20 3778944
91 66 3778946
91 50 3778946
91 40 3778952
91 42 3778960
91 84 3778968
91 90 3778974
91 28 3778981
91 33 3778985
91 65 3778985
91 76 3778991
91 71 3778996
91 9 3778999
91 24 3779003
91 89 3779003
91 53 3779012
91 23 3779020
91 80 3779023
91 38 3779028
91 34 3779030
91 30 3779038
91 58 3779045
91 47 3779053
91 72 3779058
91 22 3779066
91 46 3779071
91 14 3779074
91 63 3779075
91 61 3779077
91 94 3779083
91 29 3779092
91 6 3779096
91 15 3779105
91 36 3779113
91 26 3779120
91 68 3779123
91 4 3779128
91 79 3779132
91 41 3779141
91 57 3779148
91 21 3779153
91 77 3779161
91 31 3779169
91 49 3779172
91 60 3779181
91 78 3779187
91 43 3779190
92 43 3779197
92 94 3779204
92 12 3779206
92 21 3779214
92 18 3779215
93 58 3779222
93 74 3779229
93 23 3779235
93 91 3779237
93 53 3779240
93 54 3779249
93 46 3779257
93 66 3779264
93 16 3779265
93 78 3779274
93 34 3779276
93 84 3779279
93 19 3779286
93 88 3779286
93 83 3779288
93 90 3779296
93 11 3779299
93 8 3779301
93 26 3779301
93 79 3779307
93 50 3779312
93 28 3779314
93 39 3779321
93 47 3779326
93 30 3779330
93 51 3779331
93 92 3779337
93 77 3779345
93 62 3779349
93 9 3779349
93 32 3779352
93 4 3779355
93 94 3779359
93 73 3779362
93 4 3779369
93 18 3779370
93 5 3779376
93 84 3779383
93 2 3779385
93 78 3779391
93 75 3779393
93 74 3779401
93 38 3779402
93 39 3779411
93 14 3779416
93 76 3779423
93 50 3779432
93 66 3779436
93 64 3779437
93 68 3779446
93 46 3779447
93 20 3779454
93 43 3779462
93 26 3779466
93 85 3779471
93 28 3779480
93 41 3779482
93 48 3779483
93 44 3779491
93 36 3779500
93 79 3779502
93 53 3779508
93 60 3779509
93 32 3779509
