13
85
false
0 11 -1
0 8 -2
0 6 -1
0 10 -4
0 3 -6
0 5 9
0 7 9
1 9 -3
1 0 7
1 4 3
1 3 0
1 6 5
1 11 9
1 8 -7
1 12 -8
1 7 -8
1 5 -5
1 10 4
2 8 -4
2 0 5
4 8 -7
4 1 6
4 2 -8
4 11 -9
4 0 7
4 9 1
4 7 5
4 12 7
4 3 9
4 5 7
4 10 0
4 6 2
5 11 0
5 8 -5
6 0 3
6 8 -8
6 7 3
6 2 6
6 11 -5
6 4 4
6 1 -2
6 10 7
7 5 1
7 4 -5
7 0 7
7 6 -1
7 9 -7
7 8 9
7 2 -2
7 12 -2
7 11 -5
8 5 0
8 6 -3
8 0 4
9 4 -9
9 12 -6
9 7 -2
9 2 6
9 11 -2
9 5 6
9 6 0
9 8 -3
9 3 9
10 7 -8
10 12 2
10 1 -4
10 9 -4
10 2 -7
10 8 8
10 6 -2
10 3 -7
10 4 -4
10 5 2
10 11 -9
10 0 3
11 1 2
11 8 2
11 0 -7
11 5 -8
11 9 0
11 10 -9
11 4 4
11 6 -8
11 3 0
11 12 -6
