16
145
false
0 15 7
0 14 -1
0 6 -2
0 4 -7
0 11 -1
0 5 -4
0 9 -4
0 8 -6
0 1 9
0 13 -3
0 3 5
0 10 -6
0 7 9
0 2 7
0 12 5
1 12 -6
1 6 -7
1 5 -4
1 7 -6
1 10 -3
1 8 3
1 11 7
1 2 7
1 3 1
1 9 -3
1 0 -6
1 14 1
1 4 4
1 13 -7
1 15 6
2 10 -3
2 4 5
2 9 9
2 12 2
2 0 -4
3 7 -5
3 2 -2
4 3 -8
4 13 3
4 14 3
4 10 6
4 8 3
4 0 -6
4 2 3
4 12 6
4 11 -2
4 5 6
5 3 7
5 12 -1
5 10 8
5 4 -7
5 11 0
5 1 -1
5 2 9
5 14 -2
5 7 5
5 8 3
6 15 9
7 5 -5
7 6 7
7 12 -8
8 5 4
8 12 6
8 10 0
8 2 -2
8 13 3
8 7 4
8 14 0
8 6 9
8 15 -6
8 4 5
8 11 -1
8 0 2
9 11 -2
9 15 9
9 6 7
10 1 1
10 9 -2
10 4 4
10 5 -7
10 11 -3
10 3 -4
10 8 1
10 14 -6
10 15 -9
10 12 -9
11 10 5
11 6 -7
11 14 0
11 9 -5
11 15 -6
11 0 -5
11 7 -7
11 13 0
11 3 4
11 5 -8
11 2 -2
11 4 0
12 14 -2
12 5 5
12 6 8
12 3 -6
12 8 3
12 9 5
12 11 -6
12 15 -9
12 4 -4
12 1 2
12 10 3
12 2 -4
12 13 -2
12 0 -8
13 6 -3
13 12 1
13 3 -6
13 5 3
13 11 9
13 15 -9
13 10 5
13 1 7
13 8 -2
14 6 1
14 7 -4
14 0 -2
14 12 6
14 2 2
14 9 -9
14 11 2
14 4 -3
14 5 -6
14 15 -9
15 7 -6
15 2 4
15 6 9
15 10 -3
15 1 -6
15 12 0
15 3 -6
15 13 5
15 9 6
15 4 -2
15 0 9
15 8 1
15 14 -9
15 11 -9
