27
377
false
0 21 7
0 3 -1
0 24 -2
0 9 -7
0 15 -4
0 5 8
0 7 -4
0 22 -6
1 16 8
1 12 6
1 6 -3
1 23 7
1 8 3
1 22 0
1 14 -4
2 9 -6
2 3 9
2 17 -3
2 21 -9
2 16 -3
2 22 9
2 11 4
2 26 4
2 25 -9
2 23 -2
2 1 -9
2 0 -4
2 5 -6
2 7 9
3 15 4
3 18 9
3 8 -9
3 6 -8
3 21 -7
3 13 4
3 5 5
3 7 8
3 0 -2
3 10 -7
3 19 9
3 11 0
3 25 4
3 14 5
3 9 -8
3 2 3
3 17 -3
3 24 7
3 4 1
4 26 -1
4 12 -7
4 19 0
4 3 0
4 25 -8
4 17 1
4 21 9
4 9 8
4 1 0
4 16 -2
5 10 5
5 8 -3
5 19 4
5 13 -4
5 3 1
5 14 0
5 17 -5
5 25 2
5 26 0
5 21 7
5 4 0
5 15 -9
5 24 0
5 9 -6
6 8 6
6 13 -5
6 10 -7
6 12 4
6 25 -2
6 2 -2
6 0 7
6 26 -2
6 11 2
6 1 -6
6 22 4
6 15 -6
6 7 -9
6 4 8
6 17 4
6 9 8
6 16 -3
6 14 4
6 23 6
6 3 0
6 18 -4
6 19 6
6 21 -6
7 18 0
8 3 6
8 24 0
8 1 1
8 25 -9
8 23 4
8 6 3
8 0 -2
9 16 3
9 19 -4
9 24 2
9 0 3
9 23 -7
9 8 -8
9 7 -9
9 22 0
9 26 4
9 25 -8
9 4 8
9 17 0
9 10 6
9 5 4
9 3 -5
9 12 1
9 20 -5
9 1 -6
9 14 7
9 15 -2
9 11 -3
9 21 -9
9 18 9
10 15 -7
10 1 9
10 25 1
10 20 -9
10 13 9
10 2 -5
10 8 1
10 11 -2
10 26 6
10 3 -2
10 16 2
10 18 2
10 12 -8
10 4 -4
10 6 7
10 23 -5
10 0 3
10 21 -8
10 5 -7
10 7 5
10 22 -7
12 13 5
12 5 4
12 7 0
12 10 6
12 1 -5
12 4 5
12 15 -5
12 2 -7
12 6 0
12 20 -2
12 21 8
12 0 3
12 9 -2
12 22 -3
12 18 -3
12 8 -6
12 25 3
12 3 -8
12 16 -2
12 24 7
12 11 -9
12 14 -4
12 19 4
12 17 -3
13 26 9
13 16 4
13 22 8
13 4 -2
13 5 7
13 9 -4
13 18 5
13 14 0
13 1 -3
13 19 7
13 24 -5
13 11 -6
13 17 -8
13 25 4
13 2 -9
13 3 1
13 6 3
13 23 6
13 10 -9
13 7 -4
13 15 2
13 20 -4
13 0 -1
13 8 3
13 21 1
14 9 -8
14 8 -3
14 11 5
14 12 9
14 5 -1
14 25 -6
14 2 -5
14 0 0
14 17 1
14 7 4
14 1 2
14 4 3
15 10 0
15 26 8
15 2 1
15 5 4
15 14 9
15 16 7
15 11 7
15 23 6
15 22 0
15 17 0
15 7 -8
15 18 -2
15 20 4
15 25 9
15 21 -2
15 12 3
15 0 -5
15 3 -8
15 24 -5
15 4 5
15 1 -7
15 8 -1
15 6 3
15 9 -3
15 13 3
15 19 8
16 8 -4
16 3 0
16 2 -2
16 5 -9
16 18 -2
16 4 -4
16 15 3
16 25 7
16 20 1
16 9 1
17 9 -5
17 8 -1
17 16 3
17 22 5
17 13 1
17 4 -3
17 0 -5
17 2 2
17 3 3
17 19 8
17 10 8
17 21 -4
17 18 -7
17 5 3
17 14 -5
17 26 3
17 11 3
17 7 -9
18 3 -2
18 9 9
18 6 -6
19 18 3
19 16 -3
19 8 5
19 11 -7
19 13 -3
19 21 -4
19 26 3
19 3 3
19 0 -3
19 2 8
20 18 -3
20 19 -4
20 4 -1
20 15 5
20 0 -1
20 22 1
20 9 5
20 8 -4
20 14 -9
20 13 4
20 3 9
20 12 6
20 10 -1
20 17 2
20 26 -3
20 2 0
20 23 3
20 1 -1
20 11 -2
20 21 -9
20 25 -1
21 16 5
21 3 -7
21 25 -4
21 10 5
21 14 -2
21 26 -8
21 1 -2
21 8 0
21 22 -5
21 15 6
21 12 -6
21 5 -9
21 19 -8
21 6 8
21 23 -2
21 17 6
21 7 7
22 11 1
22 14 -5
22 19 2
22 10 6
22 9 6
22 23 3
22 17 8
22 13 6
22 7 3
22 24 -6
22 2 -3
22 3 -8
22 18 -4
22 0 -1
22 15 2
23 10 -2
23 2 -5
23 1 6
23 16 9
23 8 -7
23 21 8
24 15 -6
24 1 4
24 7 6
24 26 -8
24 20 5
24 19 -4
24 5 -4
24 4 -4
24 12 2
24 3 -7
24 11 -7
24 0 -2
24 21 -4
24 14 1
24 8 8
24 10 -1
24 25 9
24 6 -3
24 9 8
25 9 -9
25 14 -1
25 15 0
25 20 -6
25 11 0
25 10 -2
25 7 -2
25 18 -5
25 8 -1
25 16 -8
25 22 8
25 5 -5
25 2 -9
25 3 8
25 0 3
25 6 -6
26 18 0
26 0 -4
26 11 4
26 5 -5
26 24 4
26 15 2
26 4 8
26 13 5
