33
462
false
0 30 -1
0 15 -2
0 27 -7
0 21 -4
0 2 8
0 4 -4
0 1 -6
0 28 9
0 14 8
0 29 -3
0 18 5
0 16 -8
0 5 -5
0 17 -3
1 2 3
1 7 5
1 19 -9
1 0 -7
1 3 -1
1 22 -8
1 18 -8
1 29 -8
1 16 -7
1 28 -3
1 14 -5
1 10 -5
1 23 0
1 12 9
1 5 -9
2 14 -9
2 24 -8
2 30 2
3 0 7
3 10 8
3 30 -2
3 6 -2
3 28 -7
3 16 9
3 14 0
3 7 -7
3 17 5
3 11 4
3 19 9
3 23 -8
3 12 -8
3 9 -4
3 25 -6
3 4 -7
3 8 3
3 27 7
3 21 -8
3 15 7
3 26 3
3 18 -6
3 13 1
3 1 0
3 22 9
3 29 3
3 31 -8
3 32 -3
4 30 9
4 20 -4
4 13 9
4 6 -4
5 22 2
5 20 0
5 6 7
5 24 6
5 4 0
5 13 8
5 3 -9
5 30 0
5 12 -6
5 23 1
5 10 -7
5 2 0
5 29 3
5 14 5
5 32 -7
5 18 -5
5 9 7
5 21 3
5 1 2
5 7 -7
6 9 -6
6 28 -9
7 27 -2
7 19 -2
8 11 4
9 13 3
9 15 0
9 25 -4
9 29 -5
9 2 7
9 0 -8
9 26 -1
9 27 -9
9 24 -6
9 11 4
9 5 -2
9 23 1
9 19 7
9 32 5
9 10 6
9 1 0
9 30 0
9 18 -3
9 22 3
9 7 5
9 4 9
9 6 8
9 16 -5
9 21 -2
9 14 9
9 20 5
9 31 -8
9 28 8
9 3 -9
10 13 9
10 8 -9
10 31 9
10 23 -5
10 7 -4
10 20 -2
10 32 6
10 15 -2
10 14 2
10 0 2
11 10 -7
11 31 2
11 2 5
11 12 -4
11 27 4
11 32 4
11 5 7
11 13 -3
11 30 0
12 5 7
12 23 -8
12 22 2
12 30 -8
12 24 -9
12 32 -7
12 7 5
12 11 8
12 27 -2
12 29 -2
12 3 -4
12 2 9
12 31 -7
12 6 -6
12 10 5
12 28 6
12 25 -5
12 4 5
12 18 -5
13 32 7
13 0 9
13 21 1
13 19 -9
13 26 8
13 10 -6
13 27 0
13 15 3
13 8 -7
13 5 -5
13 16 1
14 0 -1
14 26 -2
14 31 -8
14 9 2
14 12 7
14 25 3
14 10 9
14 17 2
14 6 -8
14 22 -2
15 10 -7
15 22 1
15 27 0
15 12 2
15 6 6
15 21 8
15 29 8
15 24 -9
15 28 0
15 0 4
15 11 4
15 32 5
15 20 -8
15 4 -3
15 23 -1
15 26 -4
15 19 4
15 8 -9
15 3 -6
15 31 -6
15 5 -6
15 7 4
16 5 -6
16 29 -7
16 27 3
16 8 -2
16 23 -7
16 31 2
16 22 2
16 0 -1
16 4 5
16 30 6
17 30 -9
17 0 -5
17 32 -6
17 21 -1
17 8 -7
17 23 -8
17 10 4
17 26 -9
17 2 9
17 27 8
17 3 1
19 11 2
19 2 1
19 0 -2
19 6 3
20 2 1
20 23 2
20 31 9
20 13 -9
20 24 -4
20 19 -9
20 29 -2
20 15 1
20 4 -4
20 27 4
20 10 9
20 5 -5
20 0 -6
20 17 -5
20 32 3
20 7 8
21 1 9
21 22 2
21 7 -6
21 25 -8
21 2 8
21 28 -2
21 19 3
21 31 7
22 8 -9
22 26 5
22 23 -7
22 31 7
22 13 2
22 4 2
22 5 3
23 4 -9
23 31 -1
23 27 -2
23 17 3
23 1 -8
23 30 8
23 25 -1
23 18 1
23 24 -6
23 22 -8
23 2 -7
23 10 -9
23 16 4
23 14 -3
23 11 8
23 7 1
23 26 -1
23 32 8
23 8 4
23 20 9
23 19 7
23 28 4
23 29 2
24 28 3
24 18 -3
24 5 6
24 14 8
24 15 -7
24 0 -3
24 6 0
24 20 1
24 3 1
24 2 9
24 16 7
24 29 -3
24 22 -3
24 13 -9
24 9 1
24 1 -3
24 21 3
24 10 -1
24 31 3
24 26 -1
24 12 -1
24 30 -1
24 11 -3
24 23 -1
24 17 -1
24 32 7
24 4 -7
24 27 -2
25 3 -9
25 17 5
25 24 -1
25 7 5
25 32 -6
25 19 9
25 8 7
25 12 6
26 10 1
26 5 1
26 29 1
26 31 -4
26 25 8
26 13 3
26 28 8
26 12 -8
26 6 -7
26 14 0
26 2 2
26 21 -4
26 0 -5
26 19 2
26 27 1
26 20 1
26 32 -7
26 15 0
26 16 -1
26 11 0
26 17 -7
26 7 -5
26 22 -6
27 6 2
27 7 9
27 13 -9
27 24 -8
27 3 6
27 17 -7
27 2 2
27 12 3
27 23 5
27 19 -3
27 22 8
27 0 -3
27 20 9
27 29 2
27 11 -3
27 4 -3
27 8 1
27 30 3
27 15 -6
27 21 1
27 5 -7
27 16 1
27 14 -3
27 32 -8
27 10 -3
27 31 -6
27 26 -1
28 29 5
28 20 3
28 32 8
28 16 6
28 10 3
28 8 -8
28 21 -6
28 6 -8
28 19 5
28 31 2
28 9 -4
28 2 1
28 15 -1
28 30 -3
28 12 6
28 25 -4
28 5 -4
28 24 -6
28 7 4
28 4 6
28 17 -8
28 11 5
28 23 -4
28 18 2
28 0 -7
28 14 1
28 22 9
28 1 6
28 26 9
28 27 -9
29 0 -6
29 21 8
29 1 -9
29 2 5
29 25 6
29 11 3
29 9 0
30 14 0
30 29 2
30 2 1
30 15 -2
30 16 7
30 4 -4
30 5 8
31 5 5
31 16 2
31 14 -2
31 15 -7
31 27 6
31 26 1
31 32 6
31 24 9
31 22 3
31 1 7
31 2 -3
31 30 -3
31 25 -9
31 20 0
31 0 -9
31 9 -3
31 21 -1
31 8 -1
31 6 -4
31 12 9
31 11 -9
31 4 -6
31 18 5
31 7 7
31 13 7
31 28 0
31 17 8
31 29 7
31 23 -8
32 31 1
32 12 -3
32 27 0
32 1 9
32 18 4
32 10 -8
32 6 -7
32 9 2
32 29 -1
32 30 -4
32 15 -3
32 23 9
32 26 -7
32 4 3
32 17 -1
32 24 -5
32 14 -7
32 11 6
32 7 -6
32 2 -1
32 28 -1
32 13 -7
32 25 3
32 22 -5
32 5 -3
