42
833
false
0 28 -9
0 27 0
0 15 -9
0 32 6
0 40 7
0 33 1
0 4 3
0 39 3
0 31 5
0 34 -2
0 30 -3
0 6 -9
0 3 -9
0 37 7
0 16 2
0 36 -1
0 11 -8
0 5 -4
0 14 -5
0 9 -7
0 12 9
0 19 -8
0 21 -1
1 15 -7
1 13 -5
1 22 2
1 2 -5
1 29 7
1 33 -3
1 24 5
1 7 -5
1 18 -1
1 3 -5
1 28 4
1 17 6
2 23 1
2 22 -9
2 26 -2
2 9 0
2 35 -3
2 27 9
2 20 -6
2 14 -2
2 18 -9
2 24 -6
2 38 -6
3 13 9
3 17 7
3 8 0
3 9 -6
3 1 -3
3 28 -2
3 27 -5
3 7 -4
3 2 0
3 38 -2
3 4 1
3 19 -6
3 29 1
3 25 -9
3 32 5
3 24 3
3 18 7
3 5 -5
4 8 6
4 2 5
4 18 4
4 13 8
4 7 -2
4 6 3
4 28 4
4 16 -7
4 21 4
4 33 -1
4 35 -6
4 14 -3
4 23 -6
4 27 -2
4 26 -3
4 22 -6
4 30 -9
4 9 9
4 25 1
4 38 9
4 17 7
4 41 -9
4 31 3
4 12 8
4 19 -9
4 20 1
4 11 8
5 40 -2
5 19 -5
5 33 8
5 1 -1
5 4 2
5 16 3
5 27 4
5 12 3
5 25 4
5 21 0
5 11 5
5 37 1
5 36 -7
5 2 9
5 31 3
5 7 -4
5 17 4
5 3 -6
5 14 5
5 15 2
5 10 -7
5 41 -3
5 38 -6
5 24 -7
5 32 7
5 34 4
5 6 9
5 30 -3
5 23 -9
5 0 -3
5 29 7
5 35 8
5 20 3
6 3 5
6 36 -5
7 40 -2
7 28 -7
7 6 5
7 39 1
7 9 9
7 19 -7
8 3 -5
8 9 9
8 4 2
8 41 7
8 13 -8
8 40 1
8 24 -8
8 37 9
8 31 -6
8 14 2
8 2 6
8 7 2
8 19 2
8 26 -4
8 38 3
8 20 7
9 0 8
9 33 0
9 39 9
9 1 7
9 3 3
9 8 -8
9 37 -3
9 18 -6
9 26 -6
9 5 -9
9 25 -3
9 34 3
9 14 7
9 19 -3
9 20 -1
9 2 -9
9 36 -2
9 15 -3
9 35 -9
9 21 -5
9 31 -2
9 22 9
9 27 -2
9 24 0
9 10 -9
9 23 0
9 28 -6
9 16 8
9 4 3
9 7 -3
9 32 -4
9 12 -7
9 6 2
9 13 0
9 40 -2
9 38 0
9 41 5
9 17 7
9 11 2
9 30 -4
10 37 2
10 11 6
10 14 -3
10 2 3
10 38 -7
10 9 8
10 31 5
10 28 -2
10 41 3
10 35 -8
10 25 8
10 24 3
11 36 4
11 20 -6
11 41 9
11 10 0
11 22 -9
11 17 -8
11 29 6
11 21 3
11 25 -1
11 31 -5
11 16 8
11 1 2
11 40 9
11 37 -6
11 0 1
11 15 7
11 5 9
11 19 -7
11 33 9
11 23 4
12 11 5
12 36 -3
12 33 1
12 16 5
12 20 4
12 25 5
12 38 -9
12 23 -7
12 21 -3
12 15 6
12 3 6
12 37 0
12 30 -3
12 14 -2
12 22 4
12 26 -2
12 35 3
12 8 -8
12 13 8
12 32 -8
12 29 7
13 9 -6
13 33 0
13 2 -4
13 20 -1
13 39 -6
13 1 -9
13 22 -1
13 32 -8
13 36 2
13 12 -7
13 15 -2
13 26 5
13 3 8
13 29 1
13 37 -4
13 21 0
13 19 -1
13 5 9
14 0 -7
14 34 -4
14 26 -2
14 40 -5
14 5 5
14 30 -8
14 28 5
14 27 -8
14 25 3
14 12 -4
14 35 1
14 1 -9
14 24 -4
14 22 -8
14 13 9
14 31 -6
14 4 -8
14 32 -1
14 21 -1
14 10 -4
14 11 0
14 39 -5
14 8 -9
14 29 -5
14 41 -7
14 36 7
14 18 8
14 9 5
14 2 -3
14 20 2
14 37 8
14 38 -8
14 19 4
14 15 3
15 40 0
15 17 0
15 23 -4
15 20 7
15 9 3
15 39 7
15 11 2
15 7 5
15 32 2
15 36 -4
15 31 5
15 2 7
15 19 -8
15 10 4
15 4 -8
15 0 1
15 21 8
15 18 7
15 14 4
15 12 -7
15 3 -1
15 16 -2
15 6 3
15 37 -8
15 28 -8
15 33 3
15 30 -2
15 25 -9
15 41 -6
15 22 -6
15 35 -1
15 29 -4
15 24 9
15 13 -1
15 26 3
15 8 -6
15 27 -6
15 38 -6
15 5 9
15 34 -4
16 40 -1
16 39 -8
16 17 -5
16 5 -8
16 33 9
16 8 3
16 9 6
16 29 8
16 12 0
16 22 9
16 14 8
16 24 6
16 21 6
16 20 -1
16 35 7
16 1 3
16 10 1
16 26 -9
16 18 -8
16 28 0
16 25 -6
16 13 -9
16 19 -5
16 31 -6
16 7 0
16 27 -9
16 30 9
16 23 -4
16 11 -4
16 41 1
16 4 9
16 15 -5
16 2 -8
17 13 -2
17 19 -9
17 27 9
17 11 -4
17 10 1
17 12 1
17 24 -5
17 3 -4
17 1 -1
17 22 -2
17 18 -6
17 30 -8
17 14 -6
17 16 8
17 39 7
17 35 4
17 15 1
17 20 2
17 0 -2
17 25 -2
17 34 -1
18 37 1
18 23 4
18 33 -9
18 27 0
18 15 7
18 31 6
18 7 0
18 29 8
18 30 -6
18 25 -1
18 9 -2
18 14 0
18 12 8
18 13 -5
18 21 7
18 20 1
18 6 -9
18 5 -3
18 3 -4
18 24 -9
18 34 7
18 22 1
19 17 1
19 35 -5
19 20 4
19 29 5
19 7 -8
19 32 -3
19 0 -4
19 23 7
19 31 1
19 1 2
19 13 -3
19 25 -8
19 22 8
19 4 2
19 12 7
19 21 2
19 30 -5
19 41 -1
19 18 -5
19 38 7
19 6 0
19 27 2
19 26 0
19 39 2
19 5 8
19 36 7
20 27 -2
20 5 1
20 18 1
20 24 3
20 29 7
20 36 -6
20 35 -5
20 38 5
20 25 7
20 17 -7
20 16 -1
20 19 -9
20 21 -3
20 11 -3
20 26 1
20 41 -6
20 15 -8
20 23 -1
21 17 -9
21 16 -9
21 20 5
21 26 -5
21 5 6
21 40 -4
21 10 -2
21 28 1
21 8 -9
21 2 8
21 27 -4
21 30 7
21 6 8
21 12 -6
21 35 -4
21 18 4
21 33 3
21 37 -7
21 11 -5
21 34 7
21 29 4
21 24 2
21 14 -2
21 23 -3
21 13 -6
21 15 4
21 25 1
21 38 9
21 0 8
21 36 5
21 31 -8
21 4 2
21 39 0
22 12 -9
22 34 -5
22 27 7
22 24 -2
22 38 -3
22 3 -8
22 7 -6
22 35 1
22 4 1
23 5 5
23 30 -4
24 32 7
24 3 4
24 2 -1
24 0 8
24 30 1
24 36 2
25 21 -7
25 16 -5
25 10 -1
25 37 3
25 22 -2
25 9 9
25 19 6
25 40 0
25 12 5
25 23 -2
25 14 6
25 35 3
25 0 2
26 19 2
26 5 -7
26 27 8
26 14 -4
26 4 -2
26 24 3
26 1 8
26 28 2
26 35 0
26 32 -4
26 36 -1
26 20 -9
26 38 5
26 40 -6
26 13 8
26 25 -7
26 15 6
26 31 -1
26 7 3
26 2 -9
26 34 -8
26 30 8
26 16 -8
26 0 6
26 41 -3
26 6 -3
26 37 0
26 33 4
26 18 7
26 12 3
26 39 3
27 15 -3
27 11 -8
27 12 2
27 31 -9
27 24 5
27 40 -2
27 41 -5
27 18 -5
27 33 -8
27 5 -4
27 21 -6
27 6 -6
27 1 -2
27 17 -8
27 35 9
27 36 2
27 26 -2
27 37 -5
27 29 -6
27 34 -7
27 7 7
27 14 -2
27 13 -6
27 10 -6
27 28 -4
27 4 1
27 0 3
27 20 8
27 25 9
27 32 6
27 19 -6
27 30 -6
27 8 1
27 2 5
27 9 4
27 16 -8
27 38 2
27 22 6
27 23 3
28 36 -7
28 13 -3
28 37 -5
28 5 8
28 0 -2
28 2 8
28 40 -3
28 29 -8
28 41 -4
28 15 7
28 4 9
28 1 8
28 10 -8
28 34 3
28 25 -9
29 28 -4
29 22 9
29 35 2
29 16 0
29 37 -4
29 41 4
29 19 5
29 34 -4
29 5 -8
29 20 -7
29 0 -4
29 33 -2
29 6 1
29 27 -3
29 7 9
29 8 3
29 14 -8
29 1 0
29 9 -9
29 38 9
29 39 1
29 11 -9
29 26 2
29 10 8
30 27 -6
30 20 -9
30 37 5
30 13 4
30 0 0
30 26 -6
30 2 8
30 17 3
30 23 -9
30 32 -9
30 38 5
30 9 5
30 40 8
30 5 8
30 28 -6
30 19 -5
30 18 4
30 29 0
30 6 0
30 8 4
30 24 -2
30 4 -5
30 10 5
30 21 -4
30 33 8
30 36 3
30 15 -9
30 35 4
31 41 -8
31 13 -4
31 0 -2
31 34 -1
31 29 8
31 27 9
31 22 1
31 37 -7
31 4 -1
31 32 8
31 35 -2
31 21 8
31 6 9
31 25 4
31 39 7
32 39 -5
32 40 4
32 6 -9
32 41 -1
32 20 -3
32 21 5
32 15 -2
33 35 6
33 3 9
33 12 -5
33 17 5
34 23 5
34 4 -6
34 3 9
34 13 0
34 41 6
34 37 9
34 33 2
34 6 -6
34 31 4
34 40 7
34 2 -2
34 30 0
34 39 -1
34 7 8
34 8 5
34 20 0
34 24 -2
34 10 1
34 32 3
34 35 5
35 32 7
35 10 -9
35 21 -6
35 19 5
36 18 2
36 10 -3
36 0 -8
36 38 -9
36 22 2
36 14 -3
36 15 5
36 6 8
36 1 6
36 16 -4
36 30 -5
36 13 9
36 23 1
36 9 -8
36 7 8
36 25 -6
36 37 4
36 2 -6
36 39 -2
36 5 4
36 26 -7
36 17 -8
36 33 6
36 27 -8
36 19 -9
36 12 0
36 31 1
36 24 0
36 4 -8
36 29 2
36 32 -3
36 8 -5
36 20 7
36 11 2
36 41 4
36 3 3
36 35 1
36 34 -7
36 28 9
37 18 -1
37 34 3
37 24 0
37 9 1
37 8 8
37 12 -4
37 10 7
37 17 1
37 22 6
37 11 9
37 13 -8
37 39 -9
38 13 -3
38 32 -9
38 18 -7
38 11 9
38 3 6
38 40 0
38 29 2
38 16 9
38 21 2
38 24 3
39 29 8
39 3 0
39 40 -1
39 13 8
39 11 3
39 38 7
39 41 -1
39 28 4
39 19 -8
39 8 -9
39 14 7
39 7 -5
39 36 4
39 21 -9
39 32 5
39 23 8
39 17 -7
39 20 -4
39 4 5
39 35 -7
39 31 -2
39 37 -2
39 18 -9
39 5 6
39 30 9
39 1 -8
39 34 0
39 10 4
39 25 6
39 22 0
39 15 -8
39 26 0
39 9 -7
39 6 -1
39 27 -9
39 24 -5
39 2 -1
40 0 0
41 24 5
41 38 1
41 28 1
41 31 6
41 35 -2
41 18 -9
41 21 -1
41 9 -3
41 20 3
41 36 5
41 7 0
41 37 4
41 13 -1
41 40 0
41 23 6
41 14 -2
41 15 8
41 8 -3
41 29 1
41 6 0
41 26 3
41 3 2
41 39 -4
41 22 0
41 10 -2
41 4 2
41 32 -8
41 25 -1
41 5 -6
41 17 7
41 16 2
