45
941
false
0 31 -9
0 9 0
0 21 -9
0 44 6
0 25 7
0 42 1
0 19 3
0 36 3
0 13 5
0 12 -9
0 33 -9
0 7 7
0 1 2
0 22 -9
0 11 -8
0 2 -4
0 3 -7
1 17 4
1 23 -4
1 8 -2
1 18 7
1 10 7
1 40 -5
1 41 -5
1 14 7
1 24 -3
1 0 5
1 25 -5
1 21 -1
1 27 -5
1 44 6
1 35 -3
1 2 -9
1 37 -4
1 16 -7
1 42 7
1 28 -4
1 26 -7
1 31 7
1 7 9
1 29 7
1 30 -6
1 39 8
1 34 -2
1 20 -2
1 19 6
1 43 -9
1 6 3
1 15 7
1 3 2
1 22 8
1 11 5
1 5 -5
1 32 5
1 36 -6
1 12 -9
1 4 -5
1 33 8
1 13 3
2 23 -9
3 26 -6
4 16 -4
4 30 9
4 15 9
4 0 -2
4 13 -5
4 24 4
4 36 -6
4 3 -4
4 34 2
4 42 -1
4 2 -6
5 21 -3
5 17 7
5 2 -7
5 10 -5
5 14 8
5 12 -9
5 26 3
5 24 5
5 7 -6
5 25 -2
5 34 -7
5 0 5
5 33 1
5 9 9
5 22 -3
5 4 -7
5 40 -5
5 44 -2
5 27 -9
5 20 6
5 29 6
5 6 3
5 31 -4
5 41 -2
5 11 7
5 43 -5
5 1 3
5 28 6
5 13 -3
5 19 1
5 38 -6
5 15 8
5 39 9
5 36 3
5 35 -8
5 3 -7
5 23 -9
5 18 -4
5 42 -2
7 0 5
7 1 -9
7 28 9
7 5 -4
7 18 4
7 37 -6
7 13 -6
7 25 0
7 34 0
7 3 2
7 4 7
7 44 -4
7 15 -7
7 42 2
7 22 0
7 19 7
7 12 7
7 11 6
7 24 -5
7 27 -2
7 10 3
7 26 0
7 16 9
7 40 4
7 35 5
7 29 8
7 33 -5
7 41 7
7 43 2
7 8 -2
7 38 0
7 36 -9
7 20 -7
7 39 -8
7 6 -9
7 31 -1
7 2 -4
7 32 7
8 13 1
8 40 2
8 14 6
8 29 -3
8 35 -8
8 44 3
8 21 8
8 7 5
8 23 0
8 20 -4
8 41 -8
8 27 5
8 38 1
8 1 -2
8 36 -1
8 17 0
8 5 -4
8 28 -7
8 22 9
8 2 7
8 33 -5
8 24 -2
8 31 -8
8 43 -9
8 6 6
8 25 7
8 19 5
8 11 -9
8 16 5
8 26 1
8 15 -3
8 30 -3
8 12 6
8 9 6
8 34 -5
8 0 -5
8 39 7
8 18 2
9 28 -4
9 39 0
9 16 -1
9 20 9
10 6 -7
10 40 -4
10 20 -2
10 25 -5
10 38 5
10 24 -8
10 33 -8
10 43 3
10 39 1
10 21 -4
11 40 6
11 25 -7
11 41 3
11 17 9
11 14 -9
11 8 -8
11 39 -6
11 30 -2
11 26 6
11 28 4
11 7 -9
11 29 9
11 1 2
11 0 3
12 25 2
12 37 -9
12 1 -3
12 9 4
12 14 -9
12 8 -5
12 5 -7
12 44 5
12 33 7
12 30 8
12 15 5
12 21 -5
12 17 5
12 11 -3
12 28 3
12 6 6
12 32 2
12 13 8
12 41 7
12 4 4
12 19 -9
12 31 5
12 7 5
12 35 7
12 18 -2
12 39 4
12 0 -5
12 20 8
12 2 -5
12 42 6
12 24 5
12 34 -8
12 43 -4
12 22 7
13 23 9
13 18 4
13 22 9
13 40 -8
13 24 3
13 2 2
13 16 4
13 36 -2
13 35 1
13 34 -9
13 5 -6
13 0 9
13 33 -9
13 10 1
13 31 7
13 9 -3
14 38 -2
14 37 1
14 16 5
14 43 0
14 33 0
14 5 4
14 10 -4
14 8 -5
14 9 0
14 17 4
14 1 6
14 31 -1
14 0 -6
14 34 3
14 6 -9
14 21 -9
14 27 2
14 26 5
14 3 2
14 13 -4
14 12 8
14 32 9
14 11 -7
14 36 6
14 35 1
14 4 -5
14 2 -4
14 7 3
14 24 0
14 40 3
14 20 6
14 30 -2
14 19 3
14 23 -9
14 39 0
15 40 7
15 30 3
15 33 4
15 10 -6
16 3 6
16 25 7
16 40 -1
16 12 -8
16 29 -5
16 38 -8
16 33 9
16 14 3
16 21 0
16 37 9
16 11 8
16 36 6
16 9 8
16 2 7
16 7 6
16 28 3
16 15 2
16 13 2
16 31 1
16 8 2
16 32 8
16 10 0
16 43 -6
16 0 -9
16 30 9
17 0 -4
17 4 7
17 28 -4
17 39 0
17 5 -7
17 41 -1
17 11 -5
17 27 -7
17 15 -7
17 44 4
17 9 2
17 29 7
17 21 -6
17 13 -2
17 36 9
17 35 -4
17 1 1
17 42 -4
17 10 -1
17 16 -1
17 24 -2
17 25 -1
17 19 -3
17 38 9
17 23 6
17 31 3
17 20 -9
17 12 1
17 2 5
17 8 9
17 43 -5
17 3 -8
17 30 -4
17 40 7
17 26 -3
17 18 -4
17 33 -9
17 22 2
17 34 -8
17 37 8
17 7 -8
18 27 9
18 21 -4
18 13 -3
18 43 -8
18 37 -2
18 8 4
19 4 -5
19 20 1
19 14 4
19 11 7
19 15 0
19 0 2
19 38 -9
19 8 0
20 14 -3
20 30 0
20 4 -3
20 1 4
20 33 -4
20 36 -6
21 6 7
21 0 3
21 37 -6
21 43 -4
21 18 -4
21 22 8
21 11 5
21 26 -7
21 14 2
21 2 -4
21 27 -8
21 13 4
21 41 -5
21 36 0
21 7 -1
21 31 1
21 39 -3
21 23 -3
21 44 -5
21 19 -3
21 16 -4
21 4 -2
21 38 -9
21 30 -4
21 24 7
21 15 -6
21 3 -6
21 17 6
21 20 -4
21 12 4
21 40 -7
21 29 7
21 33 -5
21 32 -7
21 8 -7
21 10 1
21 25 -8
21 34 -1
21 9 3
22 3 5
22 35 6
22 18 -6
22 19 8
22 12 -7
22 14 -8
22 38 0
22 0 -9
22 37 -5
22 30 7
22 39 -2
22 2 -3
22 44 1
22 29 0
22 5 3
22 9 4
22 8 -1
22 33 8
22 6 6
22 27 1
22 31 -4
22 7 -6
22 40 6
22 21 0
22 28 0
22 43 -4
22 17 -2
22 1 2
22 32 -7
22 25 -2
22 10 2
22 41 0
22 36 -5
23 41 0
23 26 -7
23 8 -5
23 2 -5
23 40 -6
23 10 -7
23 4 3
23 35 9
23 38 -3
23 17 3
23 39 9
23 21 5
23 33 8
23 44 3
23 0 9
23 30 7
23 25 7
23 34 3
23 22 8
23 31 -8
23 16 -9
23 24 9
23 27 -6
24 33 4
24 3 4
24 18 7
24 10 -2
24 26 -4
24 40 4
24 42 -7
24 13 -1
24 5 2
24 37 3
24 14 4
24 44 4
24 6 -6
24 4 -9
24 21 3
24 12 3
24 39 4
24 15 -2
24 17 -2
24 27 8
24 32 4
24 35 0
24 25 -2
24 36 4
24 28 -3
24 19 5
24 2 -9
24 30 -8
24 20 5
24 41 -2
24 34 -3
24 11 -5
24 22 1
24 16 -2
24 7 9
24 0 5
24 8 0
24 29 3
24 23 -7
24 43 -3
25 34 6
25 38 -3
25 39 -1
25 23 -3
25 35 5
25 12 6
25 15 0
25 4 5
25 10 7
25 3 -9
25 42 9
25 17 -9
25 8 0
25 16 -9
25 33 4
25 9 -1
25 24 1
25 18 3
25 27 -4
25 29 -8
25 32 -3
25 22 9
25 5 -2
25 7 -8
25 26 2
25 20 4
25 21 -5
25 2 -5
26 16 -7
26 13 -2
26 15 -6
26 32 7
26 34 -3
26 10 3
26 23 9
26 44 9
26 39 9
26 2 -1
26 33 -9
26 0 8
26 12 -3
26 24 5
26 21 -8
26 4 -7
26 7 -8
26 3 4
26 37 -5
26 9 3
26 25 -2
26 8 1
26 18 -4
26 36 -2
26 30 -1
27 29 0
27 26 -8
27 20 3
27 21 -9
27 5 9
27 37 -5
27 34 7
27 36 -8
27 7 -5
27 19 2
27 18 0
27 4 8
27 38 -4
27 0 -2
27 22 -4
27 43 7
27 30 1
27 14 -4
27 35 1
27 25 9
27 23 2
27 40 4
27 28 0
28 2 7
28 0 9
28 33 1
28 12 -8
28 21 -9
28 6 9
28 25 3
28 31 -2
28 38 3
28 1 0
28 41 8
28 8 3
28 11 -5
28 14 1
28 24 -9
28 13 -5
28 27 0
28 39 2
28 43 -2
28 30 -2
28 9 2
28 15 1
28 3 -5
28 18 -1
28 32 8
28 26 0
28 40 5
28 10 4
28 42 0
28 20 -6
28 35 8
28 5 -9
28 29 -6
28 22 8
28 37 -5
28 16 -3
28 23 -6
28 7 -8
28 34 -2
28 19 8
28 17 -6
29 24 -7
29 14 -1
29 11 9
29 5 6
29 33 9
29 43 2
29 6 3
29 41 6
29 15 9
29 9 -5
29 38 5
29 2 0
29 23 -7
29 22 7
29 3 -6
29 10 -9
29 34 7
29 20 -6
30 25 9
30 14 4
30 18 2
30 12 -6
30 31 4
30 16 7
30 20 -2
30 9 0
30 5 5
30 24 -1
30 28 8
30 1 8
30 27 -4
30 26 5
30 32 0
30 4 1
30 43 8
30 35 7
31 6 1
31 2 8
31 16 4
31 21 1
31 28 1
31 19 -2
31 14 -5
31 26 7
31 37 -9
31 30 -6
31 42 0
31 1 1
31 35 1
31 0 2
31 34 -5
31 5 -2
31 39 -5
31 33 1
31 27 8
31 10 1
32 0 -7
32 11 1
32 27 -8
32 26 -7
32 25 8
32 7 1
32 4 -6
33 16 8
33 8 0
33 17 -9
33 44 6
33 25 7
33 6 0
33 5 9
33 34 9
33 20 9
33 30 6
33 26 1
33 41 -3
33 4 8
33 22 -1
33 10 7
33 39 -3
33 32 -4
33 43 -9
33 35 8
34 31 7
34 32 -5
34 42 8
34 13 -8
34 18 -3
34 2 2
34 37 -5
34 26 -2
34 24 -6
34 40 1
34 17 -3
35 30 7
35 29 4
35 18 -5
35 14 -3
35 34 -6
35 27 -4
35 36 -3
35 33 -2
35 22 8
35 17 6
35 26 9
36 18 3
36 0 4
36 35 3
36 14 1
36 44 6
36 2 -8
36 22 -6
36 43 3
36 23 1
37 3 0
37 16 5
37 33 -8
37 30 3
37 22 -6
37 12 5
37 0 -3
38 20 -3
38 21 -8
38 8 8
38 26 -7
38 41 8
38 37 3
38 5 2
38 32 0
38 43 2
38 4 -8
38 22 -4
38 7 -7
38 36 -5
38 29 2
38 23 -5
38 18 6
38 6 5
38 35 3
38 44 -6
38 30 -8
38 1 6
38 0 0
38 31 6
38 14 0
38 25 9
38 12 2
38 16 -4
38 28 8
38 2 -2
38 27 5
38 34 -9
38 33 -5
38 13 -3
38 15 6
38 40 0
38 17 -5
38 24 0
38 3 -9
38 11 -5
38 42 -7
38 9 -1
38 39 9
38 10 4
38 19 -3
39 37 -7
39 1 -5
39 44 -3
39 6 -9
39 20 -8
39 21 -5
39 40 -3
39 2 -8
39 33 -3
39 18 -8
39 31 -3
39 9 1
39 25 1
39 3 -8
39 7 -7
39 41 3
39 10 -1
39 24 -2
39 43 -5
39 8 -1
39 38 -5
39 23 -1
39 34 2
39 11 -1
39 27 5
39 29 1
39 22 6
39 26 -2
39 36 -9
39 30 -1
39 32 3
39 42 5
39 13 0
39 14 6
39 35 -2
39 15 8
39 0 -4
40 8 6
40 30 2
40 28 3
40 18 -2
40 27 2
40 35 -8
40 38 5
40 10 2
40 21 9
40 11 -9
40 13 9
40 41 4
40 23 -4
40 0 -6
40 2 9
40 5 4
40 39 -5
40 20 -3
40 25 -6
40 9 5
40 12 -3
40 15 3
40 37 5
40 42 -6
40 22 -5
41 31 6
41 14 0
42 10 3
42 15 4
42 30 4
42 37 3
42 11 1
42 1 -2
42 33 1
42 29 -5
42 9 -9
42 24 1
42 32 3
42 25 4
42 3 -5
42 41 9
42 19 0
42 43 6
42 0 4
42 27 -8
42 6 0
42 23 2
42 13 9
43 23 -9
43 1 6
43 20 -9
43 41 3
43 38 3
43 12 -5
43 7 -7
43 39 7
43 35 0
43 3 -5
43 40 8
43 34 8
43 18 2
43 9 -7
43 30 8
43 17 8
43 5 7
43 27 -2
43 13 -2
43 26 2
43 32 -1
43 31 -9
44 36 6
44 0 -5
44 20 1
44 30 2
44 10 5
44 29 4
44 27 -5
44 28 2
44 26 1
44 18 5
44 1 -8
44 3 6
44 6 7
44 17 6
44 25 -6
44 4 -5
44 35 6
44 43 -2
44 22 0
44 9 -2
44 19 3
44 31 7
44 33 1
44 12 1
44 24 8
44 14 9
44 8 3
44 32 -1
