48
1129
false
0 4 -9
0 33 0
0 21 -9
0 8 6
0 22 7
0 34 3
0 25 5
0 40 -2
0 18 -3
0 24 -9
0 27 -9
0 31 7
0 28 2
0 30 -1
0 35 -8
0 29 -4
0 3 -7
0 36 9
0 37 -8
0 42 7
0 12 1
0 26 8
0 44 0
0 41 -3
0 47 6
0 5 1
0 10 -9
0 2 -2
0 14 -4
0 39 9
0 38 -6
0 1 4
0 6 -2
0 17 -1
0 19 -6
0 7 -7
0 32 5
0 46 -7
0 9 4
0 20 -3
0 43 1
0 16 3
0 13 3
0 11 4
0 15 3
0 45 8
0 23 6
1 42 -9
1 2 3
1 26 6
1 30 5
1 40 -6
1 28 -7
1 6 5
1 45 1
1 3 9
1 16 -3
1 7 -7
1 38 -2
1 0 -9
1 46 -1
1 31 8
1 12 0
1 8 6
1 14 6
1 18 3
1 35 7
1 19 3
2 43 2
2 19 1
2 8 -4
2 20 3
2 26 5
2 12 2
2 44 7
2 4 0
2 25 -2
2 1 2
2 42 4
2 17 5
2 13 4
2 40 3
2 35 -8
2 28 9
2 39 -2
2 32 -9
2 29 6
2 3 2
2 22 3
2 10 2
2 31 4
3 39 -5
3 31 -2
3 10 9
3 9 2
3 34 1
3 12 -4
3 0 0
3 27 5
3 46 -9
3 25 9
3 11 -4
3 15 4
3 47 0
3 40 -6
3 7 -6
3 1 0
3 16 8
3 24 2
3 4 3
3 13 7
3 20 -4
3 36 2
3 19 0
3 28 -2
3 43 7
3 44 6
3 6 -5
3 41 -7
3 30 -2
3 14 0
3 17 -6
3 18 -5
3 23 7
3 45 1
3 38 7
3 42 -9
3 22 9
3 8 5
3 29 -1
3 26 4
3 37 -7
3 21 9
3 32 -2
3 2 9
4 39 6
4 15 6
4 1 0
4 45 6
4 24 -3
4 2 -2
4 22 4
4 42 7
4 8 -2
4 11 3
4 26 -8
4 14 -8
4 30 7
4 13 0
4 43 -8
4 37 3
5 13 -9
5 22 -1
5 38 -8
5 1 6
6 12 -4
6 31 -9
6 21 -9
6 18 7
6 16 -6
6 32 5
6 9 6
6 14 7
6 42 -7
6 28 -4
6 8 -2
6 35 5
6 36 -8
6 46 5
6 39 -8
6 19 3
6 11 1
6 30 -4
6 10 -8
6 43 9
6 0 2
6 13 2
6 40 1
6 44 -1
6 45 -1
6 41 0
6 33 -5
6 34 2
6 25 -9
6 17 -5
6 20 5
6 38 -3
6 27 5
6 23 5
6 1 8
6 24 -5
6 4 8
6 26 -6
6 3 -1
6 47 -9
6 29 -2
6 22 -2
7 21 -1
7 22 -2
7 24 3
7 23 -6
7 45 -3
7 42 -7
7 18 -8
7 14 9
7 9 4
7 40 9
7 19 -8
7 28 -8
7 33 3
7 32 2
7 38 1
7 17 -6
7 16 1
7 1 7
7 30 -3
7 15 -6
7 46 -6
7 29 -2
7 44 -6
7 0 -1
7 41 -4
7 25 -1
7 20 5
7 12 3
7 6 8
7 2 -3
7 36 4
7 39 0
7 34 -1
7 31 2
7 5 4
7 4 6
7 3 -6
7 35 2
7 37 -6
7 47 2
7 10 7
7 13 6
7 11 -2
7 43 -4
7 27 -7
7 8 -6
7 26 4
8 18 -9
8 29 -3
8 9 -6
8 21 -4
8 12 -9
8 23 7
8 22 7
8 28 1
8 32 6
8 37 -3
8 2 9
8 44 2
8 7 0
8 39 2
8 15 9
8 11 6
8 46 4
8 3 6
8 25 -2
8 17 5
8 13 -7
8 42 -1
8 10 -3
8 19 -2
8 4 9
8 40 7
8 31 -9
8 38 -3
8 34 -3
8 0 -4
9 33 6
9 18 7
9 42 7
9 6 3
9 37 -6
9 28 -4
9 27 -4
9 22 8
9 5 5
9 35 -7
9 29 2
9 17 -4
9 21 -8
9 31 4
9 39 0
9 43 -1
9 4 7
9 41 4
10 37 9
10 41 -6
10 39 -8
10 47 -1
10 45 -4
10 11 8
10 5 -8
10 17 3
10 22 -5
10 38 -6
10 46 -1
10 6 -2
10 36 2
10 27 -1
11 39 -6
11 12 -6
11 20 6
11 35 -4
11 42 4
11 15 3
11 37 -7
11 47 9
11 22 0
11 18 3
11 4 7
11 24 2
11 8 -2
11 41 5
11 5 -7
12 8 9
12 2 -3
12 6 8
12 14 6
12 34 -2
12 43 6
12 3 -1
12 32 -3
12 38 -3
12 4 8
12 15 -3
12 29 5
12 45 5
12 41 6
12 27 -6
12 18 -7
12 0 -9
12 22 -5
12 9 7
12 33 1
12 25 -6
12 5 1
12 44 0
12 26 -4
12 35 3
12 42 2
12 31 -4
12 13 6
12 20 -7
12 7 -6
12 24 6
12 23 -7
12 30 3
12 17 -4
12 36 -1
13 29 -5
13 38 -5
14 19 8
14 47 6
14 31 -7
14 43 5
14 22 5
14 15 6
14 45 -2
14 13 3
14 10 1
14 4 -8
15 34 3
15 16 8
15 41 6
15 12 0
15 44 -9
15 7 -8
15 22 -9
15 33 9
15 11 0
15 21 -6
15 29 -9
15 1 6
16 35 -4
16 40 4
16 42 -7
16 28 -1
16 17 2
16 13 3
16 2 4
16 24 -6
16 10 -9
16 9 3
16 15 4
16 45 -8
16 41 -2
16 27 2
16 43 -6
16 14 0
16 3 -8
16 39 4
16 46 -3
16 22 -2
16 31 5
16 34 1
16 6 -8
16 37 9
17 41 3
17 11 -6
17 47 1
17 27 -7
17 36 8
17 24 5
17 22 -7
17 12 0
17 37 7
17 32 -2
17 25 -6
17 35 -7
17 28 -6
17 9 -7
17 4 -4
17 34 1
17 29 -5
17 18 3
17 38 8
17 43 9
17 10 -7
17 44 -5
17 30 -3
17 14 6
17 6 -6
17 8 -6
17 5 -1
17 7 6
17 39 -1
18 3 0
18 29 0
18 4 8
18 11 -2
18 33 -8
18 43 3
18 31 2
18 38 5
18 6 -9
18 47 7
18 42 -5
18 14 4
18 7 -3
18 26 0
18 12 3
18 10 -6
18 19 -3
18 36 -2
18 39 9
18 30 -8
18 23 3
18 16 -2
18 32 1
18 9 -1
18 25 5
18 35 -1
18 0 6
18 24 0
18 17 7
18 13 1
18 46 -7
18 28 -2
18 8 9
18 1 9
18 15 -9
18 27 8
18 45 -3
18 22 -8
18 21 -9
18 40 3
18 37 -5
18 41 8
18 2 6
18 44 8
18 5 0
18 34 -8
18 20 5
19 6 8
19 18 -5
19 32 8
20 32 5
20 3 -5
20 36 -2
20 4 1
20 13 8
20 2 7
20 26 4
20 31 -5
20 24 9
20 5 -8
20 19 -4
20 11 5
21 8 7
21 16 -9
21 15 -6
21 25 5
21 45 0
21 43 1
21 38 1
21 6 -9
21 18 2
21 22 -5
21 26 -2
21 47 -2
21 12 -2
21 9 -5
21 36 1
21 27 8
22 43 9
22 42 -7
22 17 1
22 9 -8
22 8 -7
22 19 1
22 37 -6
22 7 4
22 12 -7
22 2 -6
22 23 2
22 41 4
22 38 -9
22 25 1
22 11 -8
22 32 6
22 21 6
22 15 5
22 6 0
22 24 -8
22 30 0
22 14 -5
22 27 8
22 5 2
22 16 -5
22 35 -2
22 10 1
22 26 -3
22 44 7
22 29 2
22 1 7
22 39 -6
22 4 2
22 40 1
22 18 -8
22 36 4
22 34 -4
22 20 1
23 6 0
23 13 5
23 0 3
23 28 -6
23 3 5
23 27 -3
23 44 6
24 0 -8
24 47 8
24 38 -7
24 14 8
24 19 3
24 35 -9
24 29 0
24 23 2
24 25 2
24 1 -8
24 32 -3
24 43 -4
24 22 -7
24 21 -5
24 20 2
24 11 0
24 17 -6
24 26 -5
24 42 6
24 36 5
24 8 3
24 16 -4
24 40 6
24 12 4
24 45 0
24 4 9
24 34 8
24 7 -6
24 31 -2
24 18 5
24 30 -5
24 39 0
24 28 0
24 15 2
24 2 -5
24 10 2
24 6 0
24 41 5
24 33 5
24 27 -6
24 37 -5
24 9 -1
24 13 9
25 29 3
26 30 1
26 28 8
26 32 -1
26 35 4
26 47 6
26 11 -3
26 21 -3
26 24 -1
26 7 9
26 29 2
26 19 -6
26 10 9
26 15 9
26 9 -9
26 18 -8
26 42 8
26 5 -9
27 42 -3
27 31 6
27 5 -3
27 25 7
27 8 -1
27 47 -3
27 19 7
27 7 1
27 6 0
27 1 3
27 10 0
27 15 -8
27 44 0
27 9 -7
27 32 -7
27 16 -8
27 4 8
27 43 -5
27 37 2
27 45 6
27 2 -1
27 12 9
27 41 1
27 21 -9
27 46 -8
27 22 -3
27 26 -8
27 30 -3
27 3 -8
27 36 -8
27 29 3
27 13 -5
27 20 8
27 23 0
27 33 -5
27 14 -1
27 18 5
27 34 1
27 35 -5
28 23 -7
28 11 5
28 31 -5
28 18 0
28 16 7
28 20 -6
28 32 -8
28 41 -4
28 43 1
28 2 8
28 45 -6
28 42 -6
28 13 -8
28 34 7
28 14 6
28 0 2
28 37 3
28 15 -2
28 4 -6
28 9 2
28 26 -8
28 5 5
28 7 2
28 1 9
28 47 -4
28 27 -6
28 44 4
28 8 2
28 19 -6
28 39 4
28 30 -6
28 29 -1
28 24 -3
28 12 -6
28 21 6
29 40 6
29 37 6
29 23 0
29 39 -6
29 47 -1
29 21 9
29 27 -9
29 32 -7
29 10 1
29 45 3
29 17 -1
29 46 -8
29 0 1
29 2 7
29 18 4
29 9 -7
29 36 -6
29 11 8
29 33 2
29 22 0
29 43 9
29 41 3
30 15 0
30 10 -8
30 26 1
30 42 -7
30 31 -6
30 37 -3
30 12 7
30 17 3
30 7 6
30 4 3
30 1 0
30 11 -5
30 27 2
30 43 -5
30 16 0
30 45 1
30 40 9
30 33 8
30 32 1
30 36 -3
30 8 -4
30 46 5
30 24 -6
30 29 -4
30 9 -5
30 23 1
30 20 0
30 0 2
30 22 5
30 18 -5
30 14 4
30 6 5
30 35 0
30 13 3
30 34 -3
30 5 -2
30 47 7
30 39 0
30 25 -9
30 2 9
30 38 1
30 19 -1
30 41 -2
30 21 5
31 47 -8
31 29 -9
31 13 -8
31 43 -3
31 44 6
31 46 -5
31 45 -4
31 17 -5
31 37 -6
31 6 -6
31 14 -6
31 30 5
31 21 -8
31 4 8
31 15 -6
31 0 3
31 36 5
31 5 4
31 22 2
31 39 4
31 28 -9
31 25 8
31 12 8
31 33 -2
31 26 -8
31 8 -2
31 34 6
31 7 2
31 2 6
31 41 -5
31 40 -2
31 42 9
31 38 4
31 11 0
31 27 -4
31 32 -6
31 20 9
32 42 -3
32 17 -6
32 31 5
32 29 -7
32 20 7
32 15 -9
32 7 -4
32 2 -9
32 40 0
32 39 3
33 31 -9
33 30 8
33 25 -4
33 29 -7
33 20 -7
33 45 5
33 7 8
33 35 3
33 12 9
33 16 -1
33 1 5
33 47 -9
33 40 6
33 13 9
33 5 -8
33 2 1
33 34 -2
33 17 -1
33 3 1
33 9 -2
33 46 4
33 24 3
33 23 -1
33 15 -9
33 0 -5
33 28 7
33 11 -6
33 43 9
33 27 -9
33 39 -6
33 18 3
34 16 -6
34 14 -1
34 27 1
34 7 4
34 30 2
34 2 3
34 43 -9
34 5 7
34 23 4
34 22 6
34 6 -7
34 15 4
34 12 -3
36 30 6
36 45 6
36 23 -2
36 47 8
36 41 7
36 46 2
36 2 -1
36 26 9
36 44 -7
36 24 9
36 42 9
36 19 9
36 43 -6
36 4 -8
36 31 6
36 32 -6
36 17 1
36 40 6
36 18 -1
36 15 -6
36 28 -9
36 34 5
36 0 -9
36 3 7
36 9 6
36 33 8
36 35 7
36 8 8
36 6 -2
36 14 3
36 16 0
36 27 -1
37 20 -3
37 18 5
37 33 1
37 27 -4
37 39 -8
37 45 -8
37 46 -7
37 3 -4
37 11 -1
37 0 7
37 25 5
37 41 7
37 30 -9
38 15 2
38 3 -8
38 19 3
38 31 -4
38 45 -3
38 33 8
38 37 9
38 12 -2
38 34 2
38 47 2
38 9 -2
38 25 4
38 41 -2
38 36 -5
38 10 -8
38 2 3
38 11 -6
38 32 -1
38 1 5
38 17 -3
38 7 9
38 35 9
38 40 -9
38 43 -4
39 31 1
39 10 -7
39 40 8
39 47 -8
39 35 -1
39 14 -9
39 32 0
39 27 -8
39 17 -4
39 43 -7
39 12 1
39 11 3
39 30 -1
39 44 4
39 18 -6
39 16 -3
39 1 9
39 34 9
39 20 -4
39 15 5
39 36 6
39 4 -1
39 45 7
39 3 1
39 2 4
39 5 -9
39 9 6
39 23 -8
39 33 3
39 13 -2
39 41 4
39 29 4
39 22 -8
39 28 -7
39 38 7
39 46 1
39 42 -6
39 25 -4
39 0 -7
39 26 3
39 19 -1
39 8 -6
40 25 8
40 20 -1
40 24 -3
40 26 7
40 1 0
40 30 0
40 29 7
40 42 3
40 9 1
40 46 7
40 34 -3
40 14 -1
40 5 3
40 45 9
40 27 7
40 15 0
40 21 7
40 18 2
40 37 -8
40 44 -7
40 41 -9
40 2 -7
40 13 5
40 16 9
40 0 2
40 7 2
40 32 -5
40 38 -1
40 39 0
40 17 -5
40 12 -7
40 4 -7
40 28 1
40 35 3
40 22 -2
40 36 1
40 19 -6
40 11 7
40 33 2
40 3 -7
40 23 3
40 47 -7
40 10 -5
40 6 -4
40 8 -8
41 39 -6
41 16 -5
41 0 -3
41 34 -1
41 10 0
41 37 -7
41 32 -1
41 12 -8
41 14 -9
41 25 3
41 36 4
41 42 7
41 33 -8
42 40 -8
42 39 -4
42 32 6
42 34 5
42 27 9
42 5 6
42 2 8
44 40 1
44 17 -2
44 15 -7
44 6 -6
44 8 -2
44 7 -7
44 33 -7
44 42 8
44 11 2
44 25 -6
44 21 7
44 36 -5
44 32 -7
44 43 -9
44 31 -9
44 45 2
44 10 2
44 46 0
44 29 8
44 19 -4
44 39 -7
44 37 4
44 12 -7
44 24 8
44 2 -2
44 0 8
44 30 -1
44 1 6
44 16 6
44 26 5
44 34 -5
44 18 8
44 27 6
44 5 7
45 23 2
45 20 1
45 14 8
45 27 -3
45 4 4
45 2 6
45 47 2
45 39 -7
45 42 -6
45 21 -9
45 29 -2
45 25 -9
45 22 -2
45 6 -6
45 28 4
45 5 7
45 32 5
45 31 6
45 11 -7
45 3 4
45 34 0
45 38 5
45 35 -1
45 16 1
45 46 -5
45 24 -9
45 19 -7
45 13 7
46 47 -6
46 34 6
46 21 -6
46 3 -5
46 19 5
46 1 1
46 5 -7
46 38 9
46 24 -2
46 15 9
46 37 -1
46 40 4
46 4 3
46 10 5
46 30 3
46 11 -3
46 35 -1
46 44 -6
46 2 -4
46 20 7
46 6 -7
46 32 4
46 12 -2
46 13 1
46 42 4
46 43 1
46 41 -7
46 22 7
46 27 4
46 26 7
46 33 -9
46 16 0
46 45 -1
46 31 -8
46 9 -9
46 18 5
46 8 -7
46 7 -6
46 17 -3
47 33 2
47 10 -9
47 29 -3
47 31 0
