52
1380
false
0 33 -6
0 8 6
0 6 1
0 43 1
0 5 -6
0 46 2
0 1 -1
0 9 5
0 27 7
0 25 -8
0 12 7
0 14 6
0 3 0
0 10 3
0 18 1
0 42 5
0 23 0
0 22 9
1 51 -4
1 22 5
2 13 -6
2 25 4
2 27 -2
2 1 9
2 12 -1
2 6 1
2 18 2
2 0 -9
2 45 -9
2 24 -7
2 11 0
2 50 6
2 30 -3
2 7 5
2 46 9
2 16 -2
2 28 1
2 3 0
2 44 4
2 10 -1
2 31 -2
2 40 -7
2 36 -2
2 41 5
2 8 -8
2 39 2
2 38 -4
2 14 3
2 43 -8
2 51 7
2 17 -9
2 37 -8
2 22 1
2 32 6
2 47 -3
2 9 -4
3 20 -1
3 0 3
3 11 7
3 41 -6
3 50 -3
3 16 -2
3 45 4
3 13 -7
3 37 2
3 28 -2
3 32 -7
3 30 -4
3 29 6
3 46 -7
3 4 -6
3 25 6
3 23 -9
3 7 -7
3 42 2
3 38 9
3 48 -7
3 1 4
3 36 8
3 40 -5
3 35 1
3 31 2
3 27 8
3 44 -4
3 22 -1
3 5 4
4 39 5
4 28 -1
4 27 6
4 48 7
4 44 5
4 14 2
4 20 -8
4 25 -1
4 33 7
4 19 -5
5 50 -1
5 35 -1
5 33 6
5 47 6
5 7 -9
5 21 1
5 16 -6
5 44 -2
5 11 -5
5 36 6
5 30 1
5 46 1
5 23 0
5 42 8
5 40 -9
5 43 5
5 22 -5
5 0 -9
5 51 -6
5 9 -8
5 10 1
5 39 6
5 20 2
5 4 9
5 2 7
5 38 -9
5 18 9
5 48 -6
5 19 -9
5 27 5
5 45 6
5 49 5
5 6 0
5 37 5
5 32 -6
5 17 -3
5 31 3
5 14 9
5 12 4
5 26 2
5 13 7
5 8 5
5 34 -6
5 3 5
5 25 2
5 41 8
6 44 2
6 41 9
6 14 -4
6 2 6
6 50 1
6 18 1
6 19 1
6 11 4
6 12 0
6 3 6
6 47 -6
6 15 -9
6 43 -3
6 48 3
6 51 1
6 13 5
6 33 6
6 29 0
6 24 1
6 22 -5
6 26 -8
6 30 -3
6 20 7
6 40 0
6 39 7
6 32 6
6 9 -2
6 8 8
6 31 -2
6 27 -7
6 34 -6
6 28 -7
6 38 1
6 42 7
6 37 -3
6 45 -5
6 21 -2
6 17 0
6 36 -2
6 46 9
6 16 -9
6 23 -5
6 35 0
6 0 4
6 10 1
6 25 4
6 7 4
6 49 2
6 5 -6
6 4 -4
7 22 -1
7 39 -5
7 37 6
7 48 3
7 8 -9
7 32 0
7 19 -6
7 33 -7
7 25 6
7 49 3
7 28 3
7 30 -4
7 20 8
7 6 9
7 10 -5
7 14 -8
7 47 -8
7 12 4
7 46 -6
7 29 2
7 35 3
7 50 1
7 31 -7
7 0 3
7 13 8
7 3 -2
8 33 0
8 41 -9
8 50 -2
8 10 2
8 22 -7
8 20 2
8 42 3
8 18 2
8 48 2
8 47 -7
8 21 -9
8 51 2
8 11 3
8 30 -7
8 15 2
8 32 -2
8 25 0
8 27 3
8 39 -2
8 2 -2
8 35 -6
8 45 0
8 29 -2
8 26 -4
8 6 8
8 43 -9
8 34 -8
8 12 7
8 5 3
8 17 1
8 46 3
8 9 9
8 1 0
8 16 5
8 44 -2
8 38 4
8 40 -1
8 3 8
8 0 9
8 36 5
8 7 7
8 28 3
8 4 -2
8 31 9
8 14 0
9 25 4
9 26 -6
9 0 4
9 40 -8
9 48 -6
9 43 5
9 33 -2
9 23 -9
9 7 0
9 49 4
9 37 8
9 32 -9
9 3 -1
9 5 2
9 44 7
9 17 7
9 24 -1
9 28 4
9 8 -8
9 41 3
9 29 1
9 34 -8
9 46 -4
9 27 -9
9 18 -2
9 16 4
11 45 7
11 25 -6
11 14 0
11 18 5
11 6 -9
11 10 0
11 31 3
11 40 3
11 22 0
11 8 -1
11 41 -3
11 35 2
11 19 9
11 4 9
11 13 -1
11 32 -6
11 16 5
11 12 0
11 28 -1
11 26 -9
11 48 8
11 34 7
11 0 -4
11 50 8
11 49 -8
11 3 6
11 21 0
11 42 4
11 38 -7
11 17 -3
11 23 4
11 27 -8
11 20 0
11 1 -7
11 7 -7
11 29 8
11 5 6
11 2 8
11 47 4
11 36 -3
11 37 2
11 30 5
11 43 -6
11 46 -1
11 9 6
11 51 5
11 15 0
12 36 4
12 10 1
12 20 -8
12 4 -2
13 47 -3
13 45 9
13 37 -9
13 51 6
13 18 -2
13 8 -3
13 7 -2
13 29 0
13 5 -1
13 16 -9
13 4 0
13 25 9
13 20 -5
13 33 -7
13 50 -6
13 2 2
13 0 9
13 3 3
13 6 4
13 38 -1
13 48 -5
13 21 6
13 10 3
13 11 7
13 34 -4
13 28 -6
13 1 -3
13 15 -3
13 35 -4
14 21 9
14 37 -9
14 35 -9
14 26 7
14 41 9
14 32 3
14 36 4
14 45 -9
14 34 7
14 1 4
14 13 -6
14 47 7
14 30 -5
14 4 7
14 10 -4
14 29 2
14 18 8
14 11 -7
14 24 0
14 9 -2
14 48 3
14 38 -4
14 5 8
14 6 6
14 12 2
14 39 1
14 20 0
14 17 -5
14 16 -9
14 8 5
14 50 0
14 0 2
14 25 5
14 51 2
14 19 5
14 33 -7
14 43 -4
14 40 -2
14 2 -1
14 31 -5
15 30 4
15 48 4
15 41 -9
15 40 3
15 49 -4
15 29 -9
15 28 -2
15 46 -5
15 24 3
15 0 -1
15 32 -3
15 12 -1
15 18 -6
15 7 2
15 8 6
15 22 -2
15 35 9
15 51 1
15 10 0
15 26 8
15 3 4
15 34 -9
15 6 -4
15 44 2
16 8 -4
17 51 -5
17 2 -3
17 18 -5
17 42 9
17 29 -5
17 25 0
17 38 -4
17 49 -1
17 37 -7
17 12 5
17 48 -5
17 47 -3
17 36 -1
17 40 6
17 43 -3
17 8 -2
17 46 5
17 44 -9
17 0 3
17 35 -2
17 31 5
17 50 1
17 30 9
17 13 6
17 21 0
17 23 4
17 24 -9
17 5 -5
17 27 -5
17 10 7
17 22 -5
17 4 4
17 45 7
17 11 3
17 33 8
17 32 5
17 19 -9
17 1 6
17 9 4
17 41 3
17 20 -3
17 15 -1
18 3 -8
18 24 -9
18 5 6
18 29 8
18 19 5
18 7 7
18 44 -2
18 39 1
18 48 -8
18 9 -1
18 34 7
18 10 -4
18 15 0
18 38 -8
18 27 -2
18 47 8
18 0 -6
18 41 1
18 11 7
18 8 4
18 36 -6
18 21 6
18 22 -5
18 14 -5
18 30 -1
18 12 -9
18 6 -2
18 25 -9
18 26 -8
18 37 -7
18 49 -1
18 50 9
18 17 9
19 39 2
19 36 6
19 18 -2
19 37 4
19 15 -9
19 7 0
19 32 5
19 6 -9
19 25 3
19 43 3
19 26 5
19 27 -9
19 17 3
19 38 -3
19 41 2
19 42 1
19 5 7
19 8 3
19 31 8
20 24 -8
20 17 9
20 12 1
20 6 -8
20 45 -5
20 14 -2
20 44 6
20 30 0
20 51 4
20 25 7
20 50 -5
20 23 3
20 37 2
20 10 -7
20 42 9
20 1 4
20 28 8
20 13 6
20 46 2
20 8 3
20 47 6
20 32 0
20 26 -7
20 21 -1
20 33 -1
20 3 8
20 34 2
20 38 5
20 48 -1
20 18 -4
20 31 -6
20 19 -7
20 27 -7
20 7 -2
20 29 6
20 5 5
20 16 2
20 43 -9
20 49 -4
20 0 7
20 22 3
20 40 -7
20 2 -3
20 9 5
20 41 3
20 39 5
20 35 9
20 36 -2
21 50 5
21 8 -4
21 30 -4
21 9 0
21 19 6
21 43 -5
21 12 5
21 11 1
21 28 -4
21 27 1
21 0 -8
21 39 6
21 32 6
21 18 7
22 7 2
22 24 -6
22 40 -1
22 20 8
22 19 9
22 47 3
22 46 4
22 50 6
22 11 4
22 31 -3
22 23 -4
22 8 -7
22 25 -6
22 41 -8
22 21 -3
22 37 7
22 0 -3
22 36 -1
22 32 7
22 34 5
22 10 -9
22 2 -5
22 42 -5
22 29 -9
22 38 0
22 30 9
22 44 -7
23 45 4
23 17 7
23 41 -8
23 42 -3
23 24 -5
23 38 3
23 32 6
23 30 -3
23 46 3
23 15 6
23 37 3
23 25 -5
23 1 1
23 29 5
23 27 -4
23 43 1
23 26 3
23 44 8
23 48 1
23 12 4
23 3 4
23 51 -4
23 22 -6
23 13 3
23 31 4
23 47 -3
23 19 3
23 14 -9
23 10 -1
23 4 0
23 7 2
23 21 -4
23 36 -1
23 0 3
23 40 -2
23 33 -9
23 28 -2
23 35 -7
23 6 -6
23 50 -5
23 11 5
23 16 -3
23 34 -2
23 2 -4
23 39 -2
23 9 9
23 20 6
23 8 3
23 5 4
24 0 1
24 43 -3
24 22 2
24 35 -8
24 4 4
25 45 -7
25 20 -2
25 47 5
25 44 -4
25 51 7
25 14 -2
25 42 8
25 48 8
25 13 -8
25 17 8
25 36 7
25 43 9
25 38 -5
25 7 -3
25 9 -5
25 19 5
25 10 4
25 33 -9
25 5 1
25 2 3
25 15 -7
25 50 6
25 46 4
25 23 -7
25 3 7
25 24 -6
25 18 -9
25 27 9
25 49 -9
25 35 -5
25 4 -9
25 34 -4
25 32 -1
25 22 -6
25 30 7
25 39 8
25 37 4
25 6 -4
25 28 -6
25 11 9
25 41 -5
25 0 1
25 16 -5
25 1 5
25 40 -1
25 12 1
25 29 -7
25 21 0
25 8 2
26 11 -4
26 13 7
26 31 -5
26 22 -2
26 38 -9
26 28 -2
26 30 4
26 24 1
26 7 -6
26 36 -2
26 46 0
26 45 2
26 15 -6
26 10 4
26 41 -4
26 40 2
26 50 -8
26 42 -3
26 17 0
26 6 5
26 29 -7
26 1 8
26 32 -2
26 37 -1
26 4 5
26 49 3
26 25 -5
26 0 7
26 44 5
26 35 -5
26 9 6
26 43 3
26 34 9
26 33 -2
26 47 -4
26 21 0
26 12 8
26 19 1
26 3 8
26 27 9
26 2 8
26 14 4
26 18 -8
26 51 -6
26 48 -7
26 8 2
27 42 8
27 19 -5
27 38 8
27 50 -2
27 39 -1
27 8 3
27 5 -5
27 47 0
27 46 -7
27 6 -8
27 26 9
27 36 -1
27 25 -2
27 13 -9
27 43 5
27 16 -4
27 22 -5
27 29 4
27 15 -3
27 28 -6
27 30 -2
28 30 1
28 20 -6
28 10 0
28 43 -2
28 13 5
28 7 -3
28 6 1
28 17 6
28 24 9
28 38 8
28 36 -6
28 19 -1
28 46 -5
28 33 -7
29 6 5
29 12 -3
29 40 2
29 47 4
29 49 4
29 32 -7
29 18 8
29 43 5
29 25 1
29 46 -7
29 20 4
29 38 1
29 5 -3
29 26 7
29 50 6
29 15 -2
29 28 -9
29 14 2
29 0 8
29 19 3
29 37 6
29 17 3
29 3 0
29 4 4
29 23 -4
29 35 8
29 39 8
29 10 -8
29 2 -7
29 42 -2
29 13 -4
29 44 -3
29 48 -1
29 30 -5
29 21 1
29 36 -6
29 9 -8
29 31 5
29 8 -3
29 33 0
29 45 2
29 7 -4
29 11 -2
29 24 -3
29 22 -5
30 45 -1
30 37 -9
30 16 2
30 38 0
30 40 2
30 48 -2
30 22 6
30 1 7
30 26 -1
30 21 -1
30 46 -7
30 47 -2
30 12 -7
30 9 0
30 20 -6
30 2 -9
30 7 -7
30 32 4
30 39 -3
30 5 6
30 33 5
30 24 8
30 23 -1
30 4 3
30 10 3
30 6 -3
30 15 -9
30 42 4
31 37 6
31 1 2
31 13 -3
31 7 -7
31 24 7
31 43 -8
31 38 2
31 27 7
31 39 3
31 29 1
31 42 4
31 10 1
31 17 8
31 11 5
32 39 -2
32 1 -5
32 31 7
32 16 -4
32 41 -6
32 40 3
32 33 1
32 36 -5
32 24 -8
32 9 0
32 26 -2
32 13 -8
32 25 7
32 47 -1
32 37 1
32 29 -8
32 50 -6
32 11 -6
32 43 2
32 3 6
32 20 -9
32 27 5
32 21 -8
32 35 -4
32 15 2
32 45 6
32 30 -4
32 10 5
32 49 -9
32 44 8
32 5 2
33 9 -5
33 39 -5
33 44 5
33 45 7
33 43 2
33 3 7
33 22 -4
33 17 0
33 10 7
33 50 2
33 30 4
33 47 -4
33 0 6
33 29 1
33 40 2
33 24 6
33 21 1
33 28 -3
33 5 0
33 20 -3
33 16 3
33 51 9
33 19 6
33 35 -5
33 1 -9
33 48 -4
33 7 7
33 36 5
34 6 -6
34 16 -1
34 25 9
34 28 -3
34 31 9
34 38 1
34 19 3
34 2 9
34 14 7
34 45 -5
34 39 -4
34 44 4
34 8 -2
34 15 8
34 43 2
34 17 -4
34 37 -6
34 7 -8
34 12 -3
34 20 0
35 41 -2
35 24 0
35 20 9
35 22 8
35 31 2
35 13 -3
35 42 -4
35 48 9
35 47 -8
35 14 -2
35 40 4
35 34 0
35 43 -5
35 32 -2
35 33 -6
35 45 7
35 27 0
35 18 -7
35 8 -6
35 11 -6
35 51 6
35 15 7
36 18 -3
36 32 -8
36 9 -4
36 34 5
36 37 -8
36 41 -8
36 33 8
36 5 2
36 43 8
36 21 -3
36 26 3
36 8 -1
36 15 6
36 23 -8
36 17 -8
36 39 -1
36 11 -1
36 45 0
36 35 1
36 46 -4
36 1 -5
36 48 -7
36 0 5
36 28 6
36 4 3
36 6 4
36 24 3
36 51 2
36 50 7
36 22 8
36 14 -4
36 2 7
36 3 -3
36 12 3
36 20 -9
36 10 -8
36 47 -6
36 40 2
36 42 8
36 19 -8
36 16 -2
36 49 -4
36 27 -9
36 31 -6
36 29 4
36 30 4
36 38 -4
36 13 -8
37 21 8
37 2 3
37 38 5
37 10 -3
37 17 -9
37 24 -6
37 35 -7
37 42 3
37 28 -4
37 0 -9
37 1 5
38 39 -1
38 32 8
38 9 4
38 50 4
38 34 -1
38 37 4
38 23 3
38 44 -2
38 4 5
38 35 -1
38 16 1
38 13 5
38 2 4
38 31 2
38 36 -2
38 6 -8
38 43 1
38 19 -6
38 17 -9
38 1 2
38 40 -6
38 14 0
38 7 4
38 18 6
38 25 -8
38 3 -6
38 46 -9
39 11 -4
39 22 0
39 13 9
39 46 5
39 47 -9
39 30 -7
39 31 -1
39 14 3
39 44 8
39 28 4
39 43 4
39 5 9
39 41 3
39 16 8
39 4 7
39 18 -3
39 48 -7
39 35 -8
39 8 9
39 38 1
39 7 2
39 20 -6
39 29 -4
39 0 4
39 51 -8
39 1 2
39 33 4
39 42 7
39 36 6
39 24 0
39 49 9
39 45 4
39 32 6
39 26 -8
39 19 5
39 17 -1
40 23 -5
40 51 9
40 29 -7
40 26 -5
40 35 4
40 2 3
40 28 -7
40 32 8
40 1 0
40 30 4
40 12 6
40 45 -3
40 46 0
40 43 -7
41 0 7
41 35 5
41 51 7
41 50 -6
41 31 2
41 45 -9
41 30 -6
41 37 2
41 40 0
41 49 -3
41 25 2
41 15 -7
41 1 -1
41 43 -3
41 7 -2
41 9 -1
41 21 8
41 18 -4
41 38 -8
41 32 -6
41 26 3
41 19 3
41 27 8
41 48 5
41 46 4
41 6 -4
41 10 -7
41 39 9
41 16 -4
41 12 8
41 36 0
41 8 3
41 3 6
41 33 5
41 28 -1
41 17 -7
41 47 3
41 14 3
41 24 6
41 29 -9
41 20 -5
41 13 1
42 2 -2
42 3 -1
42 51 -8
42 23 -3
42 9 -7
42 47 -4
42 40 4
42 25 0
42 5 0
42 10 -8
42 41 0
42 13 -6
42 35 7
42 14 -7
42 1 -9
42 26 -1
42 28 -7
42 38 -1
42 49 9
42 32 6
42 24 4
42 7 7
42 29 2
42 18 -7
42 15 -5
42 22 -4
42 0 6
42 12 5
42 36 8
42 33 4
42 43 -2
42 11 -2
42 4 4
42 21 0
42 46 1
42 31 7
43 16 7
43 35 -2
43 33 3
43 44 6
43 31 -5
43 34 -5
43 0 5
43 12 1
43 27 9
43 11 1
43 26 3
43 38 -3
43 10 -7
43 8 -4
43 40 6
43 32 -6
43 23 -3
43 6 -1
43 20 -8
43 49 -4
43 39 -9
43 21 -8
43 45 -4
43 24 -2
44 38 -5
44 17 0
44 29 -8
44 41 -5
44 4 8
44 1 5
44 40 8
44 43 -6
44 22 4
44 3 4
44 19 9
44 46 -9
44 11 1
44 15 1
44 25 7
44 10 4
44 31 -5
44 50 6
44 26 -4
44 21 -3
44 33 2
44 16 -1
44 8 6
44 45 -9
44 42 9
44 23 7
44 27 -8
44 7 -6
44 0 -8
44 5 8
45 25 4
45 27 -9
45 24 3
45 50 -4
45 40 -3
45 46 0
45 23 8
45 38 6
45 20 -2
45 34 1
45 35 -1
45 44 7
46 25 7
46 37 3
46 31 -8
46 47 -3
46 6 3
46 32 -5
46 40 7
46 11 1
46 41 -6
46 10 -1
46 9 -3
46 49 7
46 13 -1
46 36 8
46 51 -7
46 26 8
46 39 -6
46 7 6
46 48 1
46 27 -1
46 2 -6
46 22 0
46 42 1
46 19 -5
46 8 -6
46 18 9
46 15 2
46 1 -8
46 35 5
46 29 3
46 45 2
46 14 1
46 34 6
46 24 0
46 17 -5
46 30 9
46 44 5
46 28 8
46 43 4
46 5 5
47 46 -6
47 38 -7
47 3 8
47 43 0
47 45 -4
47 26 0
47 25 -9
47 6 -9
47 24 7
47 39 -6
47 1 6
47 48 -2
47 16 -3
47 33 8
48 45 7
48 4 -2
48 2 5
48 22 -1
48 35 1
48 8 9
48 6 1
48 18 -9
48 3 4
48 39 8
48 21 -8
48 30 -9
49 37 6
49 30 0
50 30 1
50 10 7
50 1 -7
50 6 0
50 2 6
50 45 -5
50 48 -6
50 39 -4
50 37 -6
50 35 -4
50 34 5
50 41 0
50 43 9
50 49 -4
51 45 -5
51 43 7
51 11 8
51 0 -1
51 15 -6
51 19 5
51 1 -4
51 46 5
51 17 -5
51 23 -1
51 16 -3
51 21 7
51 32 5
51 8 1
51 41 -9
51 3 -6
51 9 -4
51 28 -8
51 10 -2
51 42 -4
51 24 -2
51 7 -1
51 14 -5
51 35 5
51 12 -7
51 44 4
51 6 1
51 40 -8
51 37 4
