61
2023
false
0 24 -9
0 8 3
0 48 -1
0 37 1
0 5 -4
0 60 9
0 30 -7
0 21 9
0 59 3
0 51 3
0 58 7
0 18 2
0 3 -4
0 7 3
0 15 4
0 12 8
0 26 0
0 25 -5
0 11 1
0 39 -8
0 17 -8
0 36 5
0 2 -9
0 34 9
0 41 -7
0 6 7
0 13 8
0 57 7
0 10 -8
0 31 0
0 14 -7
0 42 5
0 44 -8
0 23 9
0 4 -9
0 20 -8
1 22 -4
1 7 3
1 39 9
1 15 -1
1 44 -2
1 56 -3
1 23 2
1 59 3
1 5 5
1 47 5
1 54 -3
1 25 -8
1 51 6
1 30 2
1 18 8
1 53 -1
1 28 -9
1 0 -7
1 57 -5
1 32 -4
1 45 6
1 35 -3
1 6 0
1 48 3
1 24 1
1 43 -8
1 10 8
1 9 0
1 8 3
1 13 -5
1 50 1
1 12 -2
1 42 9
1 40 -2
1 37 -5
1 27 1
1 41 -1
1 17 2
1 29 -5
1 38 8
1 20 0
1 21 -6
1 34 7
1 19 -4
1 3 8
1 60 -8
1 52 9
1 16 -4
1 14 2
1 4 4
1 36 4
1 46 -9
1 58 4
1 55 0
1 33 8
1 49 1
2 3 -9
2 20 -9
2 44 3
2 41 -1
2 10 9
2 19 8
2 23 -1
2 27 4
2 8 -7
2 42 7
2 12 -5
2 43 -4
2 0 8
2 48 0
2 4 -3
2 24 -4
2 50 3
2 55 9
2 54 -4
2 32 -6
2 53 9
2 52 0
2 59 7
2 51 -3
2 26 6
2 34 4
2 14 -1
2 46 -4
2 36 6
2 1 1
2 57 9
2 30 -3
2 38 9
2 6 -5
2 28 -2
2 16 -3
2 15 1
2 18 -3
2 31 -3
2 5 3
2 29 2
2 45 0
2 13 -3
2 49 -6
2 58 1
2 17 5
2 56 4
3 23 8
3 39 2
3 57 -4
3 42 2
3 24 -1
3 31 -1
3 26 7
3 59 4
3 30 5
3 51 -3
3 11 -2
3 21 -1
3 45 -4
3 54 8
3 38 -6
3 46 -6
3 25 7
3 0 0
3 52 6
3 47 8
3 33 7
3 5 -6
3 43 1
3 18 -2
3 9 1
3 28 -5
3 29 0
3 44 5
3 10 -5
3 36 2
3 50 -6
4 33 4
4 12 -5
4 20 -2
4 26 6
4 14 -8
4 5 2
4 23 4
5 39 -5
5 51 3
5 47 -9
5 12 9
5 27 8
5 3 -1
5 4 -8
5 46 -7
5 28 -1
5 8 1
5 33 -6
5 48 9
5 55 6
5 56 3
5 30 -7
5 14 6
5 1 -2
5 13 1
5 50 4
5 36 0
5 54 -9
5 45 -3
5 38 4
5 7 7
5 29 0
5 9 2
5 59 0
5 49 -4
5 17 1
5 58 -1
5 2 7
5 31 -2
5 0 -7
5 19 -9
5 43 9
5 52 -1
5 11 -2
5 15 -9
5 44 -1
5 40 6
5 16 3
5 42 2
5 23 -6
5 26 6
5 41 0
5 57 -5
5 35 -7
5 34 -5
5 32 6
5 53 0
5 18 -6
6 22 9
6 24 1
6 17 -3
6 3 3
6 5 -6
6 45 2
6 26 -7
6 42 -7
6 35 -8
6 33 2
6 49 7
6 4 -3
6 25 -6
6 30 -3
6 48 1
6 43 -9
6 47 6
6 54 4
6 53 3
6 21 -6
6 41 -3
6 16 -8
6 29 6
6 10 2
6 12 3
6 15 -9
6 39 -5
6 37 5
6 14 -1
6 19 3
7 14 -3
7 52 7
7 11 -9
7 6 7
7 0 9
7 38 6
7 8 6
7 31 -9
7 21 -5
7 34 7
7 1 -1
7 20 -5
7 50 4
7 41 -8
7 24 -3
7 12 1
7 19 -6
7 26 -3
7 33 2
7 53 -5
7 56 -4
7 59 -2
7 30 0
7 32 1
7 57 5
7 46 -5
7 27 -9
7 18 -8
7 58 0
8 30 -8
8 53 -2
8 32 -1
8 28 0
8 50 -7
8 48 -2
8 25 -1
8 5 -2
8 45 -6
8 52 -4
8 7 9
8 26 6
8 9 -6
8 13 -3
8 11 2
8 59 8
8 43 -9
8 38 -5
8 47 9
8 22 3
8 21 4
8 3 -3
8 37 6
8 0 -2
8 20 5
8 49 5
8 42 3
8 51 -6
8 1 -6
8 46 8
8 36 -5
8 57 4
8 55 -5
8 35 5
8 10 4
8 27 -1
8 23 -9
8 60 -7
9 60 -7
9 52 6
9 58 0
9 13 5
9 24 -6
9 26 -8
9 53 9
9 20 5
9 54 5
9 30 6
9 37 4
9 57 5
9 3 6
9 6 -7
9 32 -9
9 11 -1
9 47 6
9 33 3
9 36 6
9 29 -8
9 39 3
9 45 4
9 5 9
9 22 1
9 59 -7
9 7 3
9 21 0
9 27 6
9 4 7
9 43 -8
9 8 7
9 28 7
9 42 2
9 41 -5
9 23 5
9 35 2
9 44 6
9 19 9
9 12 -9
9 34 2
9 10 2
9 14 -2
9 31 -5
9 48 5
9 51 4
9 50 1
9 56 -5
9 1 1
9 40 -9
9 38 7
9 15 -7
9 2 -1
9 25 -1
10 32 -6
10 6 4
10 14 -2
10 29 -3
10 54 2
10 5 -3
10 1 5
10 17 -5
10 51 -1
10 50 8
10 4 0
10 26 -4
10 37 -3
10 15 8
10 13 9
10 58 -5
10 28 0
10 43 5
10 19 5
10 11 -7
10 16 -7
10 60 8
10 25 -3
10 23 3
10 24 -7
10 12 8
10 20 3
10 9 6
10 34 7
10 52 -5
10 53 5
10 49 5
10 46 6
10 39 -7
10 3 9
10 41 7
10 27 5
10 30 1
10 40 8
10 56 -4
10 36 7
10 48 0
10 22 3
10 47 4
10 2 -1
10 57 8
10 55 0
10 7 -8
10 45 2
10 18 9
10 59 -1
10 33 -1
10 35 -2
10 8 1
12 5 -6
12 11 -6
12 6 -8
12 15 4
12 33 0
12 22 -4
12 38 5
12 19 7
12 21 -2
12 14 -4
12 16 -7
12 59 -3
12 18 2
12 60 8
12 50 -7
12 56 -4
12 4 4
12 23 -4
12 25 3
12 8 -8
12 31 7
12 26 -8
12 0 9
12 30 -6
12 37 -1
12 29 -3
12 17 -1
12 20 -5
13 48 7
13 8 3
13 54 -5
13 12 7
13 51 -7
13 15 3
13 1 5
13 43 5
13 11 5
13 57 9
13 32 -6
13 17 -5
13 14 3
13 29 9
13 47 4
13 45 -1
13 6 2
13 50 8
13 28 2
13 39 -5
13 16 -2
13 18 3
13 22 -3
13 53 -3
13 49 1
13 7 0
13 19 0
13 30 5
13 40 4
13 52 1
13 25 1
13 27 9
13 58 -7
13 9 -9
13 44 2
13 59 -4
13 26 8
13 46 0
13 33 -4
13 3 -6
13 34 2
13 2 -1
13 24 7
13 55 4
13 5 8
13 36 8
13 31 7
13 37 9
13 42 -7
13 21 0
13 56 -2
13 10 4
13 38 -5
13 41 9
13 60 -6
13 20 -7
13 35 -1
13 23 5
13 4 9
14 39 8
14 3 -7
14 25 -7
14 22 7
14 26 6
14 49 -7
14 54 -6
14 53 8
14 32 -1
14 55 4
14 24 3
14 6 2
14 28 7
14 15 2
14 2 -2
14 45 -8
14 29 -3
14 41 3
14 43 0
14 57 3
14 51 7
14 7 -5
14 10 9
14 52 1
14 60 -3
14 27 4
14 46 6
15 42 0
15 33 -2
15 55 -1
15 37 -6
15 57 2
15 20 8
15 1 4
15 23 1
15 31 0
15 5 2
15 27 -6
15 51 1
15 52 -9
15 56 -6
15 6 -7
15 60 1
15 54 -4
15 34 -7
15 0 5
15 30 9
15 29 9
15 10 -7
15 16 2
15 18 -6
15 9 -7
15 26 2
15 50 7
15 7 8
15 24 0
15 45 -6
15 44 -5
15 19 2
15 2 0
15 53 -8
15 48 2
15 59 0
15 12 8
15 43 6
15 41 6
15 40 3
15 46 6
15 4 -8
15 49 9
16 33 -8
16 56 6
16 50 -8
16 20 -7
16 12 2
16 21 -6
16 59 1
16 6 -3
16 54 8
16 18 -8
16 2 0
17 6 -2
17 37 6
17 13 -5
17 59 4
17 0 3
17 23 2
17 60 -9
17 2 -7
17 5 -8
17 57 -2
17 36 5
17 20 2
17 21 -9
17 50 0
17 4 8
17 29 1
17 11 -7
17 56 3
17 12 -3
17 58 -2
17 38 -5
17 19 7
17 24 8
17 15 9
17 14 -8
17 42 6
17 49 -3
17 18 -2
17 39 -8
17 43 8
17 32 -9
17 22 8
17 55 -7
17 9 1
17 16 -5
17 33 1
17 7 -8
17 8 -8
18 23 9
18 32 4
18 60 -7
18 46 -7
18 1 -1
18 40 5
18 42 9
18 38 4
18 15 2
18 13 2
18 10 2
18 56 9
18 17 4
18 48 -5
18 14 6
18 47 -3
18 2 -8
18 16 0
18 39 2
18 37 2
18 59 -1
18 29 -1
18 9 8
18 20 2
18 21 -7
18 24 -4
18 33 -8
18 22 -8
18 30 -5
18 19 8
18 0 -5
18 25 3
18 4 -8
18 41 -4
18 57 7
18 36 0
18 44 -5
18 3 -1
18 54 2
18 31 2
18 26 4
18 7 -2
18 27 6
18 50 5
19 26 -5
19 45 1
19 28 -1
19 2 5
19 51 -8
19 20 -2
19 44 -6
19 57 2
19 52 -1
19 35 5
19 32 -5
19 36 4
19 38 -4
19 1 -3
19 50 7
19 15 1
19 59 7
19 14 4
19 37 -8
20 57 -3
20 23 5
20 16 0
20 26 5
20 0 -9
20 2 -6
20 18 -2
20 6 0
20 46 7
20 13 7
20 17 5
20 31 -5
20 49 2
20 59 2
20 36 -6
20 14 -3
20 47 6
20 21 -7
20 27 3
20 9 5
20 3 -5
20 35 -5
20 28 7
20 53 6
20 4 -9
20 44 3
20 39 3
20 15 4
20 41 -8
20 22 -4
20 1 -5
20 51 -4
20 52 -2
20 38 -4
20 8 1
20 34 2
20 10 0
20 37 6
20 56 -2
21 46 0
21 53 7
21 59 0
21 17 9
21 42 4
21 11 3
21 14 -2
21 28 -5
21 9 4
21 44 2
21 34 6
21 10 4
21 38 5
21 43 0
21 56 8
21 35 4
21 45 -3
21 36 5
21 27 1
21 13 -6
21 52 4
21 33 6
21 39 -7
21 15 0
21 55 1
21 8 2
21 32 -7
21 37 3
21 58 6
21 18 7
21 60 3
21 50 0
21 29 1
21 47 9
21 1 9
21 26 -4
21 48 5
21 0 -2
21 40 -4
21 24 -9
21 12 4
21 51 8
21 4 -9
21 41 -6
21 6 -1
21 22 -7
21 5 -7
21 49 -2
21 25 0
21 7 5
21 16 4
21 2 4
21 23 7
21 20 7
21 54 4
21 19 -3
21 57 6
21 31 -9
21 3 -3
21 30 7
22 40 2
22 25 -9
22 50 7
22 44 -1
22 21 -4
22 46 2
22 47 -4
22 60 4
22 33 -1
22 28 4
22 35 8
22 6 -1
22 56 -2
22 26 -3
22 17 1
22 49 -1
22 7 -6
22 32 -3
22 34 -7
22 1 5
22 59 -2
22 27 -7
22 14 1
22 54 2
22 10 0
22 53 8
22 24 -7
22 41 -7
22 52 4
22 48 2
23 19 8
23 45 9
23 58 8
23 39 2
23 48 2
23 52 -5
23 46 -8
23 20 -2
23 25 -6
23 33 6
23 15 -5
24 29 -3
24 55 5
24 42 -3
24 39 4
24 53 -2
24 37 -1
24 59 0
24 3 -3
24 57 -1
24 26 6
24 60 0
24 30 -7
24 40 -3
24 56 6
24 18 -8
24 44 3
24 15 3
24 2 -6
24 54 2
24 9 8
24 52 2
24 12 2
24 25 7
24 16 -8
24 46 -2
24 43 0
24 38 2
24 0 6
24 48 -8
24 28 4
24 6 -5
24 36 -1
24 49 -2
24 4 1
24 32 5
24 1 5
24 34 9
24 11 2
24 33 -6
24 27 3
25 29 -5
25 8 5
25 1 3
25 32 2
25 58 8
25 15 -1
25 37 -6
25 47 -3
25 35 3
25 54 -7
25 2 -7
25 14 -8
25 26 7
25 7 -8
25 34 4
25 42 -4
25 12 -1
25 56 2
25 53 9
25 49 2
25 31 9
25 10 -5
25 17 5
25 9 4
25 45 -3
25 57 7
25 52 1
25 18 9
25 40 5
25 28 0
25 59 -5
25 46 2
25 20 5
25 24 -1
25 27 -9
26 54 0
26 24 -3
26 47 8
26 58 5
26 59 3
26 44 3
26 50 6
26 13 -4
26 5 -5
26 52 9
26 55 -4
26 42 8
26 15 6
26 0 -8
26 45 8
26 22 0
26 14 6
26 20 -1
26 40 8
26 49 1
26 53 -1
26 51 4
26 25 0
26 36 -6
26 10 9
26 2 -7
26 32 -5
26 16 5
26 31 1
26 35 8
26 30 -4
26 11 -9
26 48 3
26 28 0
26 17 -3
26 4 -8
27 2 6
27 30 -1
27 17 5
27 8 -4
27 26 7
27 33 7
27 60 -9
27 41 -2
27 7 -2
27 20 7
27 55 -4
27 23 -2
27 56 1
27 10 -1
27 18 2
27 49 -5
27 3 7
27 0 -9
28 11 -7
28 48 -2
28 1 0
28 52 0
28 56 2
28 46 6
28 20 -3
28 43 8
28 24 -5
28 9 0
28 35 -7
28 0 -3
28 39 -6
28 3 6
28 26 3
28 18 -8
28 58 3
28 10 5
28 44 0
29 47 0
29 11 4
29 2 -8
29 38 -7
29 48 4
29 36 -5
29 40 3
29 19 -4
29 26 6
29 58 2
29 59 -6
29 25 1
29 53 -5
29 31 5
29 13 6
29 21 7
29 15 4
29 12 7
29 22 2
29 54 7
29 50 -5
29 46 -8
29 9 -2
29 51 -3
29 7 -5
29 24 -3
29 55 3
29 18 2
29 57 -1
29 34 5
29 35 1
29 41 -4
29 16 9
29 37 -8
29 45 -8
29 10 0
29 49 -2
29 3 9
29 52 -2
29 20 0
29 5 5
29 17 4
29 30 -3
29 39 4
29 28 -9
29 6 -9
30 22 -5
30 12 2
30 43 -4
30 35 -4
30 26 -6
30 15 8
30 16 5
30 39 -9
30 60 -7
30 1 -7
30 41 3
30 50 -7
30 8 4
30 0 -7
30 29 -9
30 17 -2
30 20 3
30 3 -6
30 19 -8
30 27 -4
30 46 3
30 51 6
30 48 -6
30 38 -8
30 24 5
30 40 -1
30 55 -8
30 2 3
30 13 9
30 33 -9
30 57 8
30 58 -8
30 34 -9
30 10 -4
30 53 7
30 18 -9
30 31 9
30 14 -7
30 9 4
30 7 3
30 25 -2
30 56 -5
30 54 -4
30 42 -9
30 28 -2
31 37 9
31 13 5
31 19 9
31 38 -5
31 18 1
31 45 1
32 3 6
32 42 8
32 11 -8
32 19 -3
32 34 9
32 36 -9
33 48 8
33 13 -9
33 3 -7
33 19 8
33 37 -5
33 40 -5
33 0 -8
33 29 1
33 25 1
33 52 -4
33 46 2
33 10 -1
33 15 -1
33 6 -5
33 12 -8
33 11 1
33 31 -6
33 4 4
33 50 -2
33 20 1
33 49 -4
33 2 8
33 35 2
33 36 1
33 1 8
33 53 4
33 58 -6
33 47 7
33 30 8
33 51 -8
33 5 -1
33 17 -2
33 8 -3
33 23 9
33 22 2
33 28 -9
33 41 -9
33 7 -3
33 26 -7
33 45 -4
33 55 8
33 59 3
33 38 -6
33 56 -1
34 37 6
34 45 -4
35 8 4
35 19 4
35 59 -2
35 15 1
35 16 4
35 5 9
35 38 5
35 55 3
35 43 -7
35 52 -9
35 54 -1
35 42 -2
35 28 -3
35 25 -3
35 31 -5
35 7 0
35 36 1
35 44 6
35 37 3
35 57 -5
35 53 9
35 27 -2
35 18 9
35 10 0
35 50 -9
35 34 1
35 41 -4
35 4 -8
35 29 -5
35 24 0
35 32 0
35 49 8
35 1 7
35 23 6
35 47 8
35 17 8
35 60 -8
36 29 -2
36 37 -2
36 23 -2
36 49 7
36 13 -9
36 6 -4
36 30 6
36 41 0
36 19 7
36 42 -8
36 55 4
36 14 -4
36 45 -2
36 57 0
36 12 6
36 21 8
36 46 -6
36 18 4
36 28 4
36 51 -8
36 26 1
36 17 -1
36 52 3
36 60 -5
36 7 -7
36 54 7
36 11 -9
36 15 -9
36 0 4
36 56 1
36 44 -9
36 25 -9
36 1 4
36 32 7
36 39 -1
36 50 -7
36 53 7
36 10 1
36 27 -1
36 34 4
36 3 4
37 16 2
37 54 4
37 15 -3
37 35 7
37 5 -1
37 30 -1
37 31 1
37 4 3
37 32 5
37 26 4
37 11 -7
37 3 -5
37 29 -3
37 39 -1
37 55 -4
37 18 -6
37 22 -4
37 46 -4
37 50 2
37 48 6
37 52 -8
37 1 -1
37 10 -6
37 6 -3
37 59 -8
37 40 5
37 7 -9
37 28 -5
37 12 3
37 36 6
37 34 6
37 58 -6
37 57 0
37 38 9
37 56 -8
37 49 9
37 2 1
37 24 -8
37 43 1
38 10 2
38 53 -3
38 58 -9
38 32 3
38 56 -1
38 26 0
38 35 -9
38 45 -1
38 57 -1
38 39 3
38 47 -8
38 30 0
38 40 -4
38 42 7
38 19 9
38 4 2
38 52 -7
38 9 2
38 31 0
38 21 4
38 25 -8
38 20 4
38 22 -2
38 34 -9
38 49 -1
38 6 -5
38 8 -7
38 29 3
38 43 -6
38 5 -3
38 51 -4
38 13 -7
38 37 9
38 3 2
38 18 0
38 23 -2
38 12 -8
38 16 -4
39 36 -2
39 31 -2
39 12 -1
39 50 -2
39 40 -7
39 4 -4
39 23 -4
39 29 -5
39 41 0
39 9 -2
39 57 8
39 24 2
39 27 1
39 20 6
39 28 -8
39 3 -2
39 33 -8
39 21 -3
39 44 -6
39 7 -7
39 5 7
39 52 -1
39 2 2
39 38 -6
39 60 8
39 11 8
39 46 -3
39 42 -7
39 8 3
39 43 -1
39 47 -8
39 26 -4
39 13 2
39 58 5
40 7 -1
40 11 -7
40 9 -4
40 45 9
40 19 1
40 6 -9
40 31 -2
40 23 2
40 50 -4
40 51 3
40 5 2
40 12 6
40 25 -7
40 39 -9
40 47 -1
40 46 3
40 44 -6
40 48 -8
41 20 -1
41 45 -2
41 23 9
41 4 9
41 34 -3
41 15 4
41 2 -1
41 52 -2
41 30 -2
41 8 7
41 25 4
41 40 -1
41 18 1
41 57 0
41 60 8
41 59 -3
41 12 7
41 26 -9
41 11 -2
41 1 2
41 39 7
42 50 1
42 0 -9
42 5 -9
42 16 2
42 7 2
42 13 8
42 53 0
42 34 -5
42 1 6
42 25 -5
42 49 9
42 41 6
42 33 -6
42 45 -4
42 10 -8
42 56 1
42 9 -4
42 15 6
42 44 -8
42 51 6
42 59 -4
42 14 7
42 23 -5
42 37 4
42 2 3
42 58 9
42 57 4
42 8 8
42 43 -3
42 22 -4
42 48 -3
42 19 -5
42 47 -5
42 11 5
43 34 8
43 26 3
43 40 -4
43 25 -2
43 18 2
43 4 4
43 32 -1
43 15 7
43 14 5
43 42 6
43 23 8
43 19 8
43 38 6
43 0 5
43 9 4
43 10 7
43 44 1
43 48 -9
43 20 -6
43 1 -9
43 16 -8
43 51 3
43 2 -2
43 22 -3
43 41 -5
43 58 6
43 52 4
43 24 7
43 8 -1
43 12 7
43 57 5
43 37 -9
43 60 -2
43 36 3
44 35 0
44 51 9
44 37 9
44 31 -5
44 10 7
44 27 1
44 32 -4
44 21 -4
44 11 7
44 17 4
44 25 -4
44 9 7
44 1 3
44 13 4
44 59 -3
44 43 -8
44 54 4
44 14 7
44 30 8
44 16 -5
44 29 3
44 39 0
44 18 7
44 22 3
44 15 1
44 20 7
44 48 -1
44 34 -6
44 5 6
44 56 -1
44 33 -3
44 2 -8
44 6 5
44 38 0
44 12 1
44 55 -9
44 26 -9
44 49 -3
44 24 8
44 40 6
44 41 5
44 46 9
44 36 -8
44 0 5
44 3 3
44 23 2
44 8 6
44 4 6
44 45 -4
44 52 -3
44 60 7
44 50 7
44 57 -6
44 53 7
44 58 6
44 42 3
44 7 -2
44 28 -3
44 47 8
44 19 -2
45 6 -9
45 14 -2
45 47 -7
45 21 6
45 52 8
45 37 -5
45 8 -2
45 29 3
45 49 2
45 50 -8
45 30 6
45 17 -6
45 43 9
45 51 0
46 39 3
46 13 1
46 3 -2
46 11 -3
46 7 -8
46 38 -7
46 20 0
46 8 1
46 21 1
46 55 -3
46 37 -4
46 22 9
46 0 1
46 58 9
46 49 1
46 17 6
46 15 -8
46 47 -1
46 1 -6
46 48 7
46 52 -1
46 30 -8
46 57 -1
46 36 -3
46 2 -1
46 23 2
46 50 -4
47 52 6
47 21 -6
47 33 -7
47 1 -9
47 10 -1
47 51 -2
47 36 -2
47 15 0
47 44 -5
47 18 1
47 39 2
47 34 -3
47 2 -4
47 55 8
47 7 -9
47 30 2
47 24 2
47 28 9
47 5 3
47 4 0
47 13 -9
47 3 -5
48 42 6
48 29 -1
48 51 -9
48 0 8
48 43 4
48 2 -6
48 46 7
48 38 -6
48 59 -9
48 26 9
48 16 -2
48 32 -5
48 37 9
48 24 2
48 12 -2
48 4 6
48 27 6
48 40 -7
48 18 7
48 13 5
48 21 5
48 28 -3
48 6 9
48 56 -3
48 11 -2
48 31 4
48 14 -1
48 54 6
48 22 1
48 60 -6
48 20 -4
48 50 -9
48 1 -6
48 58 -1
48 9 -6
48 10 -7
48 33 0
48 23 -6
48 5 -1
48 52 -4
48 55 3
48 19 8
48 8 -5
48 53 -7
48 3 3
48 39 3
48 35 -4
48 17 -2
48 47 4
48 7 -7
48 49 2
48 41 1
48 45 3
49 39 -9
49 20 -2
49 37 -9
50 55 4
50 26 0
50 31 4
50 53 -4
50 7 6
50 19 2
50 44 -6
50 42 0
50 16 -4
50 57 -7
50 11 -6
50 22 2
50 36 9
50 18 8
50 35 -7
50 39 -2
50 28 -5
50 33 0
50 6 -2
50 14 -1
50 38 6
50 54 2
50 3 -5
50 21 -6
50 52 1
50 43 3
50 12 4
50 32 -6
50 48 2
50 17 8
50 1 -1
50 0 -3
50 41 7
50 56 -7
50 5 5
50 46 3
50 20 9
50 45 8
50 49 9
50 4 2
50 37 1
50 13 3
50 47 -1
50 10 -9
50 2 -2
50 15 2
50 24 3
50 40 -9
50 23 7
50 9 4
50 58 8
50 60 9
50 51 2
51 21 4
51 34 -6
51 8 -8
51 29 0
51 40 -9
51 18 0
51 39 -5
51 15 -7
51 41 -2
51 27 8
51 20 -4
51 47 -6
51 60 5
51 42 -5
51 7 7
51 12 9
51 26 -1
51 57 -5
51 11 -5
51 19 4
51 59 -7
51 30 3
51 35 2
51 2 5
51 32 0
51 37 -4
51 0 -3
51 50 6
51 52 -8
51 45 -6
51 10 9
51 24 -6
51 23 -3
51 38 6
51 3 7
51 44 4
51 25 -2
51 16 -1
51 6 5
51 13 -1
51 4 -8
51 1 2
51 28 -4
51 49 -4
51 33 9
51 36 -8
51 14 -8
51 53 8
52 55 2
52 20 -9
52 23 6
52 7 3
52 22 9
52 12 8
52 30 -8
52 0 3
52 54 3
52 3 1
52 38 1
52 4 -4
52 59 -4
52 51 -4
52 17 1
52 57 -4
52 31 2
52 49 3
52 32 -9
52 21 4
52 46 3
52 58 3
52 27 -9
52 29 -8
52 26 3
52 9 9
52 8 0
52 24 0
52 11 4
52 34 7
52 16 -9
52 60 -8
52 53 -6
52 39 7
52 48 3
52 10 -3
52 33 4
52 18 -3
52 36 7
52 50 -8
52 43 -8
52 19 2
52 2 9
52 56 5
52 40 -9
52 41 8
52 45 0
52 25 -6
52 15 1
52 5 9
52 44 -4
52 13 5
53 56 -8
53 38 8
53 58 7
53 8 -5
53 46 8
53 30 7
53 36 -8
53 4 4
53 28 0
53 15 -4
53 23 -3
53 43 -9
53 13 6
53 0 1
53 42 -3
53 59 2
53 7 9
53 2 5
53 49 7
53 9 9
53 12 7
53 16 3
53 41 -5
53 18 6
53 60 8
53 37 0
53 25 -4
53 14 9
53 22 0
53 50 8
53 47 7
53 10 5
53 19 -6
53 44 6
53 17 1
53 6 1
53 26 -8
53 40 -2
53 27 -6
53 45 6
53 11 2
53 24 -3
53 3 4
53 48 -7
54 39 9
54 30 6
54 55 -3
54 14 1
54 46 1
54 10 -5
54 58 -5
54 3 2
54 43 -9
54 20 -3
54 24 -1
54 32 0
54 23 -3
54 13 5
54 29 -2
54 6 5
54 37 0
54 1 2
54 49 3
54 36 -5
54 5 2
54 31 3
54 34 -2
54 42 -9
54 53 4
54 22 -1
54 51 7
54 18 -8
55 57 1
55 9 6
55 44 -5
55 23 -7
55 1 -1
56 57 -1
56 47 -2
56 28 -7
56 14 -5
56 27 -7
56 29 -7
56 0 8
56 18 -1
56 46 1
56 17 4
56 7 7
56 33 -3
56 43 2
56 8 8
56 55 -2
56 5 -5
56 39 -4
56 35 3
56 59 -5
56 37 5
56 38 -7
56 2 9
56 51 -9
56 34 8
56 11 3
56 16 9
56 26 -5
56 22 4
56 4 6
56 54 -7
56 52 -7
56 50 -4
56 19 8
56 42 0
56 41 -3
56 23 1
56 3 -4
56 12 -8
56 20 0
56 13 -5
56 60 -3
56 6 -5
57 51 5
57 1 5
57 27 -2
57 24 -5
57 40 -2
57 8 0
57 9 -5
57 16 6
57 56 -5
57 53 -1
57 18 -9
57 47 5
57 43 7
57 15 -8
57 42 4
57 3 -4
57 20 1
57 12 9
57 19 -8
57 39 1
57 7 -3
58 1 5
58 42 -3
58 52 -1
58 54 -9
58 27 -9
58 17 -3
58 56 -9
58 0 3
58 30 -4
58 60 6
58 28 -8
58 20 3
58 11 3
58 2 0
58 31 0
58 24 -9
58 36 -5
58 6 -4
58 10 -2
58 12 -6
58 19 1
58 45 -2
58 41 3
58 23 4
59 54 -8
59 19 1
59 57 4
59 44 4
59 18 3
59 1 2
59 39 -7
59 7 5
59 33 -5
59 4 3
59 42 9
59 12 0
59 23 6
59 47 4
59 38 1
59 49 0
59 30 -1
59 60 8
59 0 -1
59 14 -8
59 58 7
59 8 -9
59 32 -4
59 5 1
59 2 2
59 48 6
59 24 -9
59 52 -7
59 13 -3
59 51 4
59 3 -5
59 27 -1
59 15 -6
59 55 -1
59 16 -6
59 6 -7
59 37 3
59 34 -7
59 20 7
59 9 5
59 56 2
59 43 -4
59 53 0
59 40 -1
59 36 0
59 28 4
59 35 -9
59 46 0
59 10 6
59 45 8
59 41 7
60 10 -1
60 26 4
60 45 -9
60 1 -1
60 25 1
60 12 -3
60 6 -6
60 53 8
60 18 3
60 27 0
60 58 7
60 23 -2
60 14 -5
60 21 -5
60 38 1
60 51 9
60 59 7
60 44 7
60 30 -5
60 31 -9
60 3 -1
60 16 -5
60 20 3
60 48 9
60 39 4
60 22 6
60 36 5
60 41 -7
60 34 -8
60 43 2
60 7 -7
60 13 7
60 56 7
60 8 -7
60 46 -6
60 9 -8
60 11 -9
60 47 9
60 2 -3
60 57 1
60 24 4
60 54 -1
