63
1898
false
0 42 -9
0 54 3
0 32 -1
0 61 1
0 22 -4
0 23 9
0 38 -7
0 10 9
0 24 7
0 41 3
0 15 3
0 60 7
0 13 2
0 1 -4
0 30 3
0 25 8
0 19 0
0 34 1
0 56 -8
0 40 -2
0 39 -8
0 31 4
0 3 9
0 8 -7
0 12 5
0 43 -6
0 59 7
0 27 -5
0 53 9
0 45 5
0 9 -3
0 20 -8
0 5 -8
0 26 5
0 36 0
0 11 -3
0 50 3
0 33 -9
0 2 1
0 16 -4
0 46 -6
0 4 9
0 28 -2
0 35 -4
0 21 -5
0 44 0
0 62 9
0 57 -7
0 14 -3
0 52 -8
0 48 -7
1 47 5
1 30 -1
1 49 4
1 59 9
1 40 -6
1 53 -2
1 41 -1
1 8 -3
1 0 9
1 25 1
1 35 9
1 2 -1
1 13 6
1 24 2
1 15 3
1 29 7
1 6 -5
1 34 -2
1 27 -9
1 18 -3
1 44 -5
1 37 -1
1 54 8
1 17 -6
1 39 4
1 31 -1
1 48 6
1 16 -6
1 9 -4
1 52 -8
1 45 -2
1 19 -3
1 33 7
2 51 4
2 52 -3
2 48 0
2 18 -4
2 58 0
2 57 6
2 42 3
2 35 2
2 26 8
2 40 6
2 55 -7
2 32 8
2 50 -3
2 1 1
2 8 -8
3 58 -5
3 1 6
3 40 0
3 33 -7
3 28 7
3 49 -1
3 6 7
3 15 6
3 4 8
3 16 0
3 35 -7
3 24 8
3 10 7
3 43 -2
3 44 4
3 41 1
4 40 5
4 27 -9
4 47 -9
4 10 3
4 3 -1
4 1 5
4 32 9
4 45 8
4 6 -1
4 48 -7
4 9 7
4 23 -5
4 37 -4
4 26 0
4 61 -2
4 41 -7
4 62 3
4 8 9
4 12 -2
4 17 -4
4 28 -6
4 53 0
4 20 -3
4 60 3
4 25 6
4 14 -3
4 30 4
4 15 -1
4 52 6
4 0 1
4 51 7
4 7 -3
4 58 7
4 57 -2
4 56 -3
4 59 -3
4 36 2
4 21 1
4 44 8
4 29 -1
4 49 -6
4 22 3
4 34 1
5 11 -9
5 41 7
5 57 1
5 30 4
5 52 -4
5 23 -6
6 8 4
6 34 -4
6 20 -3
6 61 9
6 51 4
6 56 8
6 7 -5
6 36 -3
6 55 -1
6 11 -7
6 62 7
6 39 -6
6 5 9
6 44 2
7 32 -6
7 34 -2
8 53 -9
8 42 -3
8 2 5
8 37 -7
8 61 9
8 52 8
8 20 0
8 31 0
8 21 -1
8 15 9
8 17 -1
8 14 -7
8 27 2
8 49 6
8 51 -4
8 62 -3
9 36 -3
9 42 5
9 41 -5
9 37 2
9 15 -6
9 7 -4
9 12 -6
9 59 -5
9 17 4
9 2 4
9 1 -5
9 53 3
9 14 -9
9 49 9
9 38 -1
9 45 -8
9 5 -7
9 11 -9
9 43 1
9 30 9
9 34 -4
9 13 9
9 39 6
9 3 -9
9 10 3
9 52 -7
9 6 6
9 24 -1
9 44 -2
9 55 4
9 0 0
9 23 6
9 40 -9
9 46 8
9 54 0
9 25 2
9 8 -4
9 50 6
9 56 -1
9 61 7
9 57 -3
9 22 -9
9 51 -8
9 26 3
9 21 9
9 29 -9
10 6 -6
10 16 9
10 24 -5
10 38 -9
10 48 8
10 53 8
10 54 -6
10 46 4
10 18 9
10 43 -9
10 44 -1
10 29 1
10 36 0
10 56 -3
10 33 -9
10 37 -7
10 23 4
10 49 -6
10 5 1
10 32 1
10 45 3
10 47 -7
10 26 1
10 20 -2
10 22 6
10 7 7
10 34 -3
11 6 -1
11 46 5
11 18 -6
11 21 6
11 24 5
11 23 0
11 53 2
11 33 0
11 4 -8
11 13 -1
11 10 -8
11 35 -4
11 26 -3
11 59 0
11 1 -2
11 32 -6
11 41 -8
11 50 5
11 45 -3
11 27 -6
11 12 -8
11 44 9
11 36 3
11 43 -6
11 14 -1
12 53 -3
12 25 1
12 33 -9
12 20 6
12 27 8
12 57 4
12 41 3
12 47 -6
12 51 -3
12 42 -8
12 34 6
12 61 3
12 19 -9
12 24 6
12 62 -5
12 39 -1
12 10 3
12 48 3
12 60 -6
12 17 -5
12 46 -3
12 45 -4
12 0 -2
12 38 0
12 29 6
12 1 8
12 43 5
12 16 -9
12 18 -1
12 35 8
12 49 -6
12 9 0
12 11 9
12 3 0
12 21 3
12 56 9
12 14 9
12 26 3
13 2 -9
13 22 3
13 5 -8
13 11 -2
13 9 0
13 39 7
13 50 8
13 7 -9
13 24 -2
13 29 8
13 46 -3
13 62 7
13 8 -6
13 42 0
13 4 5
13 60 -3
13 56 4
13 12 7
13 20 -9
13 14 4
13 48 1
13 45 4
13 25 2
13 34 2
13 17 -1
13 52 9
13 18 -1
13 21 1
13 30 6
13 6 -2
13 36 2
13 0 -8
13 53 -7
13 38 7
13 59 1
13 10 -9
13 28 -8
13 43 -7
13 49 5
13 23 -9
14 27 -5
14 30 -7
14 9 4
14 53 -5
14 44 9
14 62 5
14 45 4
14 54 8
14 15 4
14 40 3
14 29 -1
14 39 4
14 43 -1
14 38 -9
14 18 -4
14 55 6
14 36 -8
14 60 -6
14 32 8
14 11 6
14 5 -9
14 28 7
14 21 -6
14 50 -9
14 51 0
14 6 0
14 42 2
14 35 8
14 34 -2
14 61 7
14 22 -1
14 25 6
14 23 9
14 20 -5
14 48 -4
14 24 -1
14 47 -5
14 4 7
14 58 -7
14 46 -9
14 10 1
14 31 -5
14 2 -9
14 8 1
14 3 -2
14 0 -1
14 26 -1
14 57 -2
14 59 4
14 56 -3
14 13 4
14 49 5
14 1 -7
14 37 2
14 7 -3
14 16 -2
14 19 0
14 41 -4
14 33 -5
15 55 -4
15 52 3
15 53 9
15 29 7
15 58 -4
15 49 -5
15 6 0
15 18 6
15 0 9
15 50 8
15 43 -9
15 26 -5
15 17 0
15 24 -7
15 2 3
15 59 -7
15 46 8
15 5 1
15 11 -2
15 60 -7
15 19 -3
15 8 7
15 35 4
15 22 0
15 48 7
15 13 -5
15 1 2
15 61 -1
15 34 7
15 41 -6
15 23 7
15 40 -8
15 7 -8
15 28 -4
15 16 6
15 62 -6
15 45 4
15 54 6
15 38 3
15 20 -4
15 51 8
15 42 -6
15 44 1
15 21 2
15 3 0
15 14 0
15 36 -9
15 31 6
15 56 1
15 47 -9
15 10 2
15 39 -3
15 57 8
16 2 0
16 37 -8
16 5 9
16 62 0
16 18 9
16 40 1
16 25 -6
16 13 -6
16 50 -8
16 35 0
16 48 -4
16 45 5
16 10 7
16 23 -2
16 53 -4
16 21 2
16 57 -7
16 24 -4
16 7 4
16 49 -4
16 15 3
16 38 7
16 11 -3
16 22 4
16 43 -4
16 39 2
16 54 7
16 30 3
16 28 6
16 9 4
16 27 9
16 31 0
16 17 9
16 42 0
16 4 -3
16 12 -7
16 56 4
16 41 6
16 20 3
16 52 -7
16 33 -1
16 51 -8
16 34 6
16 26 -6
16 47 8
16 44 1
16 60 6
16 46 8
16 6 6
16 3 -9
16 61 -7
16 36 6
16 0 5
16 32 -4
16 14 4
17 48 0
17 27 9
17 43 7
17 4 -5
17 23 -2
17 15 -3
17 19 0
17 58 7
17 9 -5
17 6 0
17 33 -2
17 62 5
17 39 2
17 47 -3
17 0 -3
17 10 -5
17 8 4
17 57 9
17 31 1
17 21 -1
17 26 -5
17 25 -9
17 5 -7
17 13 -7
17 45 -6
17 1 7
17 50 9
17 20 2
17 16 6
17 35 -1
17 49 -2
17 40 6
17 7 -6
17 52 9
17 38 3
17 56 -7
17 41 -2
17 29 -5
17 24 4
17 46 5
17 12 2
17 55 -5
17 61 -9
17 54 -8
17 34 -7
17 2 3
17 51 9
17 44 -7
17 32 -2
17 42 -6
17 30 -3
17 59 -3
17 11 5
17 28 -4
17 3 1
17 18 -9
17 53 -2
18 59 7
18 34 -1
18 7 -9
18 44 9
18 48 -3
18 17 -2
18 26 -1
18 28 4
18 22 6
18 30 6
18 57 1
18 40 -3
18 33 1
18 55 -6
18 5 -5
18 10 -7
18 2 1
18 36 5
18 32 -9
18 12 7
18 15 5
18 46 -7
18 23 8
19 29 9
19 36 2
19 20 -9
19 10 -7
19 1 0
19 8 -2
19 52 5
19 32 5
19 3 9
19 59 9
19 42 -7
19 25 2
19 51 -6
19 49 -6
19 48 -7
19 28 0
19 34 7
19 41 2
19 56 -4
19 2 -8
19 4 2
19 54 1
19 47 0
19 17 8
19 16 -2
19 60 0
19 6 6
20 57 -4
20 28 4
20 10 -7
20 12 0
20 6 -6
20 50 -6
20 62 4
20 36 7
20 56 -4
20 61 4
20 18 6
20 55 -8
20 49 -7
20 53 2
20 11 -6
20 42 1
20 60 -3
20 43 8
20 1 -8
20 3 0
20 46 3
20 48 7
20 52 2
20 26 8
20 38 9
21 29 -9
21 25 -7
21 15 -8
21 23 -2
21 14 -3
21 9 5
21 22 2
21 61 -9
21 57 0
21 35 8
21 41 -7
21 16 1
21 44 -7
21 47 -8
21 42 -8
21 51 6
21 17 -3
21 30 -2
21 13 -4
21 18 -5
21 40 0
21 31 9
21 39 7
21 10 -8
21 32 -8
21 59 -2
21 46 6
21 38 -3
21 12 -8
21 58 7
21 34 7
21 33 -9
21 43 8
21 56 -1
21 53 -6
21 54 -5
21 5 -9
21 6 -6
21 48 8
21 28 -9
21 55 -8
22 12 2
22 24 3
22 35 2
22 34 9
22 59 4
22 9 -5
22 60 6
22 51 -3
22 39 -8
22 28 0
22 30 0
22 56 5
22 61 2
22 42 -1
22 18 -1
22 1 8
22 8 2
22 2 -9
22 15 -5
22 43 -7
22 11 3
22 26 8
22 23 -8
22 19 -8
22 27 -2
22 58 3
22 46 -8
22 29 7
22 40 -5
22 6 -7
22 33 8
22 41 2
22 54 2
22 55 8
22 16 -5
22 3 9
23 43 -2
23 56 -6
23 40 2
23 55 -1
23 52 5
23 16 -5
23 30 4
23 47 -4
23 12 -3
23 32 7
23 7 1
23 42 7
23 50 4
23 54 -8
23 44 2
23 17 -8
23 39 9
24 55 -9
24 56 -6
24 41 -2
24 7 0
24 46 7
24 27 7
24 44 5
24 47 -5
24 36 2
24 23 9
24 58 2
24 5 0
24 8 -6
24 62 -3
24 57 6
24 13 -6
24 26 3
24 3 5
24 19 6
24 51 8
24 34 4
24 15 -3
24 29 3
24 54 5
24 2 4
24 30 -8
25 14 -4
25 56 0
25 43 -1
25 16 -8
25 0 8
25 4 -4
25 40 -7
25 10 -8
25 49 6
25 42 -7
25 48 1
25 15 -7
25 47 9
25 7 -5
25 19 -3
25 23 0
25 62 9
25 26 9
25 58 3
25 5 -2
25 6 -2
25 50 -5
25 61 4
25 52 2
25 12 0
25 28 8
25 21 -3
25 35 5
25 11 -7
25 36 3
25 30 4
25 9 -9
25 18 0
25 13 3
25 24 0
25 55 9
25 33 -7
25 17 -7
25 51 -4
25 31 -9
25 45 5
25 1 4
25 44 -5
25 22 5
25 57 2
25 3 -1
25 53 -7
25 39 -4
25 29 0
26 22 -5
26 37 1
26 18 -6
26 60 3
26 53 1
26 33 3
26 61 9
26 23 9
26 35 1
26 2 -1
26 44 3
26 58 -2
26 51 6
26 42 9
26 11 -4
26 40 8
26 4 -5
26 43 4
26 0 4
26 62 7
26 15 9
26 46 9
26 16 4
26 21 3
26 1 -1
26 25 3
26 14 1
26 54 -1
26 32 2
26 8 6
26 49 -7
26 9 -4
26 31 -7
26 3 -8
26 28 -2
26 39 5
26 6 -9
26 13 -2
26 27 8
26 10 0
26 29 -7
26 5 -8
26 19 -2
26 50 7
26 34 -7
26 57 -8
26 38 -9
26 45 7
26 12 6
26 47 7
26 7 7
26 56 0
26 48 -5
26 59 9
27 4 5
27 8 -8
27 26 7
27 43 3
27 36 1
27 9 2
27 52 3
27 51 9
27 56 8
27 18 -5
27 37 -1
27 31 -7
27 25 -1
27 24 -2
27 6 1
27 5 5
27 48 1
27 0 1
27 42 6
27 38 0
27 59 2
27 50 2
27 28 0
27 13 -5
27 22 -1
27 21 8
27 60 -4
28 43 6
28 42 -5
28 38 9
28 8 -2
28 11 3
28 31 1
28 61 -4
28 33 2
28 54 5
28 49 -2
28 39 -2
28 14 0
28 47 3
28 1 -7
28 44 -8
28 59 3
28 21 5
28 36 -6
28 6 3
28 58 3
28 37 6
28 48 3
28 41 -5
28 18 2
28 16 6
28 23 9
28 45 -3
28 12 -3
28 17 -9
28 62 6
28 3 9
28 30 -8
28 24 4
28 20 -8
28 52 3
28 0 -9
28 57 1
28 32 8
28 55 -6
28 13 6
28 7 7
28 9 7
28 19 -9
28 51 -6
29 45 4
29 47 -7
29 38 7
29 25 -4
29 62 -2
29 22 -3
29 39 6
29 3 8
29 10 -5
29 16 -2
29 31 7
30 61 -2
31 7 -6
31 18 -8
31 42 4
31 40 -1
31 21 -8
31 30 -9
31 36 4
31 29 -5
31 6 2
31 54 1
31 45 -5
31 28 -6
31 37 0
32 55 -5
32 16 -1
32 33 -5
32 46 7
32 5 0
32 1 -9
32 57 -6
32 12 9
32 44 6
33 42 3
33 21 4
33 46 -2
33 35 5
33 13 -3
33 8 8
33 57 0
33 31 -1
33 47 4
33 28 7
33 4 0
33 61 -5
33 20 -2
33 55 6
33 5 -8
33 56 9
33 10 -7
33 45 9
33 6 2
33 50 8
33 1 5
33 48 -2
33 44 9
33 11 -4
33 7 2
33 37 2
33 18 -1
33 12 4
33 3 -9
33 49 8
33 17 -9
33 54 7
33 52 -8
33 27 -1
33 14 -7
33 24 2
33 32 2
33 15 -3
33 62 -8
33 41 5
34 25 -3
34 23 4
34 62 -2
34 53 -1
34 10 0
34 42 -3
34 12 -1
34 0 -5
34 24 4
34 17 6
34 9 0
34 61 -7
34 31 -7
34 40 6
35 3 -7
35 62 5
35 58 -9
35 42 -7
35 55 9
35 48 9
35 7 8
35 33 -4
35 15 1
35 46 5
35 49 2
35 30 1
35 26 -5
35 27 8
35 16 -9
35 9 9
35 36 -6
35 8 5
35 32 4
35 13 3
35 52 6
35 38 -4
35 24 -7
35 43 -2
35 14 5
35 21 2
35 40 9
35 39 0
35 2 -3
35 60 -7
35 41 8
35 20 -7
35 61 -1
35 0 4
35 56 9
35 18 -6
35 53 4
35 34 -8
35 22 3
36 19 -7
36 15 -7
36 35 5
36 49 -1
36 42 -3
36 4 9
36 11 6
36 45 -4
36 62 2
36 5 8
36 47 -6
36 16 -4
36 14 -3
36 21 9
36 51 7
37 1 9
37 46 8
37 19 2
37 39 9
37 50 -2
37 30 -5
37 5 5
37 49 3
37 45 -3
37 35 7
37 41 -5
37 61 1
37 57 -9
38 56 9
38 55 4
38 27 -8
38 24 5
38 47 -7
38 18 -2
38 26 -2
38 37 9
39 29 -5
39 48 2
39 10 5
39 45 -3
39 24 2
39 14 -9
39 9 -2
39 42 5
39 46 1
39 16 -8
39 51 -4
39 60 9
39 38 3
39 47 3
39 20 -6
39 40 -8
39 12 -3
39 19 9
39 30 -5
39 23 3
39 4 0
39 0 -7
39 61 -8
39 15 -9
39 36 5
39 52 -5
39 41 -8
39 37 5
39 57 3
40 55 5
40 24 -7
40 18 6
40 34 1
41 49 -9
41 21 -6
41 46 -1
41 51 -2
41 16 8
41 9 -3
41 12 9
41 27 8
41 56 -2
41 43 5
41 0 -9
41 6 5
41 34 -4
41 50 -3
41 55 -4
41 1 -4
41 33 7
41 24 4
41 5 7
41 45 -6
41 38 0
41 26 6
41 44 -1
41 42 -4
41 30 7
41 61 -2
41 28 7
41 47 -4
41 32 -2
41 20 -1
41 37 -5
41 13 7
42 13 2
42 61 -7
42 12 -2
42 46 0
42 55 0
42 32 2
42 37 6
42 45 8
42 1 -9
42 10 -5
42 30 0
42 21 -7
42 28 -6
42 38 -7
42 36 -3
42 18 -5
42 3 -6
42 44 6
42 53 -8
42 5 3
43 3 6
43 12 1
43 56 0
43 39 4
43 52 -8
43 1 -7
43 58 4
43 50 -5
43 51 3
43 55 -4
43 38 6
43 62 2
43 22 -6
43 36 -5
43 31 6
43 6 0
43 4 -6
43 10 4
43 57 7
43 19 2
43 42 -1
43 15 2
43 27 7
43 2 -2
43 49 -3
43 30 3
43 5 -4
43 7 8
43 9 9
43 33 -8
43 32 -4
43 53 0
44 40 3
44 36 2
44 39 -9
44 20 -4
44 38 -2
44 1 3
44 49 5
44 29 5
44 22 6
44 37 8
44 4 7
44 2 3
44 15 2
44 19 6
44 23 -4
44 28 6
44 10 1
44 17 -5
44 41 2
44 26 -4
44 8 -4
44 35 -6
44 33 8
44 5 -9
44 13 -7
44 21 -2
44 47 -7
44 0 4
44 24 -7
44 45 0
44 32 -2
44 46 3
44 18 -7
44 43 -4
44 12 -7
44 60 6
44 56 -7
44 7 -5
44 48 7
44 6 8
44 14 2
44 62 9
44 50 4
44 53 -2
44 59 -9
44 52 5
45 56 9
45 17 -5
45 61 1
45 22 1
45 15 -2
45 48 -9
45 20 1
45 57 -7
45 24 -6
45 11 -9
45 8 8
45 28 -9
45 21 -7
45 5 8
45 10 -5
45 58 -8
45 16 1
45 7 -4
45 19 1
46 39 8
46 52 1
46 14 4
46 53 -6
46 5 -5
46 10 -4
46 3 -4
46 40 5
46 2 -8
46 22 -7
46 45 8
46 21 3
46 48 -5
46 41 4
46 37 -6
46 25 6
46 1 6
46 61 9
46 28 5
46 44 -8
46 38 3
46 16 -1
46 4 -5
46 23 6
46 9 -9
46 18 6
46 7 -5
46 19 0
46 36 7
46 11 -4
46 15 -4
46 49 4
46 29 3
46 62 -8
46 34 4
46 26 -6
46 33 -2
46 17 0
46 30 -2
46 31 -3
46 32 6
46 0 -5
46 8 6
46 12 -1
46 60 3
46 57 7
46 42 1
46 27 -6
46 13 2
46 43 -1
46 24 4
46 51 2
46 59 2
46 54 -7
46 56 3
46 35 -1
46 50 -7
46 58 -5
46 47 -6
46 6 -2
47 16 9
47 9 5
47 61 6
47 13 -5
47 7 4
47 12 -7
47 34 -1
48 60 4
48 46 -4
48 52 -2
48 13 0
48 2 6
48 14 8
48 12 -6
48 23 9
48 30 4
48 37 4
48 54 -8
48 25 1
48 61 -1
48 1 3
48 15 5
48 53 -5
48 36 -7
48 59 7
48 55 4
48 8 -9
48 45 -9
48 56 1
48 5 -9
48 7 7
48 47 4
48 28 3
48 32 7
48 39 -1
48 40 -7
48 34 -7
48 41 7
48 42 1
48 3 -5
48 29 0
48 24 8
48 62 -5
48 10 8
48 50 0
48 31 -3
48 4 5
48 33 -6
48 9 -8
48 16 8
48 0 -7
48 17 6
48 27 5
48 11 -2
48 20 4
48 44 5
48 35 2
48 43 -2
48 21 2
48 22 -4
48 26 -8
48 57 -4
48 58 -1
48 51 0
48 18 -2
49 10 -2
49 59 -8
49 6 -3
49 35 0
49 31 -2
49 32 8
49 1 -6
49 19 7
49 44 7
49 50 -1
49 13 -6
49 22 8
49 16 -3
49 37 5
49 15 -3
49 12 -7
49 43 -8
49 53 -4
49 17 -4
49 62 2
49 28 6
49 18 -8
49 0 5
49 27 -2
49 41 -4
49 40 4
49 55 8
49 11 -7
49 61 -9
49 24 -7
49 3 3
49 23 -5
49 48 -1
49 38 -4
49 57 2
49 54 1
49 8 9
49 42 -2
49 30 -2
49 26 4
49 56 -1
49 2 8
49 47 -3
49 52 -7
49 46 7
49 20 -9
49 7 -2
49 34 -2
49 33 2
49 51 6
50 39 7
50 26 -4
50 28 6
50 56 -8
50 2 6
50 49 -4
50 58 7
50 37 -5
50 16 -4
50 21 8
50 59 3
50 0 8
50 8 9
50 19 0
50 31 4
50 47 -6
50 6 -2
50 24 -1
50 29 8
50 5 -4
50 3 -3
51 60 7
52 59 -4
52 13 -5
52 0 5
52 36 -6
52 22 9
52 6 3
52 53 0
52 1 -2
52 33 2
52 39 1
52 17 2
52 28 6
52 15 1
52 44 4
52 51 9
52 23 2
52 27 3
52 37 5
52 55 -1
52 8 4
52 61 4
52 24 -2
52 29 -5
52 62 7
52 7 1
52 2 3
52 31 -5
52 57 -7
52 58 2
52 42 0
52 20 4
52 38 -2
52 43 6
52 3 0
52 49 1
52 60 -2
52 19 -6
52 14 0
52 32 9
52 5 9
52 16 -4
52 46 7
52 54 -2
52 35 4
52 56 7
52 40 8
52 4 3
52 41 -8
52 34 3
52 9 -4
52 48 -6
52 45 6
52 26 -9
52 30 2
53 12 -2
53 42 -7
53 24 -6
53 21 6
53 41 -2
53 20 1
53 61 4
53 18 -7
53 59 8
53 39 -5
53 56 1
54 24 4
54 20 9
54 18 -8
54 37 -7
54 61 5
54 6 -7
54 46 -6
54 34 8
54 9 5
54 28 -2
54 15 -7
54 39 2
54 30 -2
54 21 6
54 48 -6
54 26 7
54 27 -4
54 22 6
54 62 1
54 14 6
54 38 3
54 60 -4
54 1 -3
54 43 -9
54 40 1
54 0 -3
54 55 -5
54 25 9
54 19 7
54 51 2
54 42 -1
54 2 0
54 23 -8
54 11 0
54 59 9
54 50 7
55 5 1
55 26 7
55 40 4
55 41 -6
55 8 -2
55 42 -2
55 19 -6
55 31 3
55 18 0
55 29 1
55 11 9
55 4 -1
55 59 3
55 37 9
55 22 1
55 57 4
55 16 -8
55 30 1
55 34 -2
55 61 -1
55 50 -6
55 58 6
55 46 7
55 15 6
55 43 -6
55 62 -7
55 14 6
55 60 -1
55 2 -2
55 13 -2
55 10 -3
55 12 3
55 35 1
55 28 4
55 48 -1
55 45 4
55 52 -5
55 44 -3
55 49 2
56 49 -2
56 51 7
56 25 1
56 4 9
56 28 8
56 11 7
56 52 7
56 31 -9
56 58 -9
56 13 -2
56 61 2
56 9 -2
56 24 9
56 1 1
56 42 -7
56 15 5
56 47 -8
56 41 1
56 29 -3
56 19 -6
56 7 4
56 45 2
56 35 -8
56 26 -3
56 17 1
56 34 5
56 55 -1
56 14 -2
56 60 -1
56 50 0
56 6 8
56 8 -7
56 59 -7
56 36 -8
56 5 -6
56 2 5
56 32 5
56 37 -5
56 0 -1
56 30 -2
56 12 6
56 38 -8
56 39 6
56 53 6
56 33 -4
56 43 -6
56 22 -5
56 10 2
56 54 2
56 3 -7
56 27 4
56 62 3
56 16 8
56 40 2
56 18 3
56 44 9
57 24 -6
57 8 1
57 38 0
57 25 -3
57 36 -3
57 3 2
57 55 -4
57 50 9
57 7 5
57 9 3
57 2 6
57 22 0
57 14 1
57 20 2
57 15 6
57 37 -6
57 1 -7
57 41 -1
58 14 2
58 18 9
58 61 0
58 38 -4
58 43 -9
58 16 -2
58 31 3
58 8 6
58 9 -1
58 45 2
58 36 -8
58 51 -9
58 24 2
58 25 7
59 38 0
59 57 -9
59 6 -3
59 2 -5
59 40 -4
59 21 5
59 30 -8
59 18 -8
59 19 7
59 27 -3
59 29 -4
59 52 5
59 55 -3
59 60 8
59 7 -5
59 1 6
59 61 -6
59 44 -3
59 14 8
59 12 -1
59 9 0
59 47 6
59 36 7
59 53 4
59 8 -9
59 31 6
59 23 0
59 16 1
59 32 0
59 49 -1
59 39 -4
59 43 -2
59 54 7
59 24 6
59 3 -3
59 20 -8
59 4 -6
59 35 -6
59 46 -9
59 50 4
59 26 0
60 50 -3
60 59 -1
60 41 -4
60 30 3
60 36 2
60 40 -8
60 26 2
60 12 5
60 20 9
60 25 -9
60 39 2
60 19 3
60 52 3
60 47 2
60 2 8
60 49 -9
60 18 -7
60 15 -4
60 53 3
60 38 3
60 11 -1
60 7 -4
60 16 1
60 43 3
60 3 3
60 42 7
60 34 -4
60 62 6
60 8 4
60 37 -3
60 5 5
60 22 -1
60 58 1
60 32 -9
60 0 2
60 6 2
60 44 -8
60 48 9
60 21 -2
60 14 9
60 10 -5
60 55 1
60 1 0
60 46 4
60 24 -6
60 61 2
60 56 -5
60 45 1
60 33 2
60 28 2
60 54 -4
60 4 9
60 17 5
60 31 5
60 13 2
60 35 1
60 29 7
60 51 8
61 24 0
61 36 -5
61 26 0
61 48 8
61 10 -5
61 12 -8
61 58 -3
61 3 -8
61 14 4
61 7 3
61 23 -5
61 17 4
61 18 2
61 8 5
61 35 -3
61 47 2
61 50 6
61 43 9
61 16 6
61 30 -5
61 21 5
62 26 -5
62 3 -9
62 48 6
62 56 8
62 31 2
62 33 9
62 44 -2
62 46 -7
62 25 -9
62 1 -4
62 57 -4
62 45 -2
62 38 -3
62 50 -1
62 21 4
62 37 -9
62 61 0
62 20 -4
62 42 9
62 9 -9
62 29 4
62 27 -6
62 32 6
62 0 -8
62 39 0
62 14 -6
62 30 -4
62 52 -6
62 17 -1
62 41 -9
62 5 5
62 18 0
62 15 -8
62 59 9
62 23 9
62 58 3
62 35 3
62 22 5
62 16 9
62 24 9
62 49 -7
62 47 2
62 10 2
