69
2417
false
0 7 0
1 27 7
1 11 9
1 21 6
1 65 -2
1 47 8
1 29 7
1 41 -5
1 38 -2
1 24 3
1 15 -5
1 67 -1
1 17 -2
2 42 9
2 29 -7
2 23 -8
2 41 -9
2 65 -7
2 9 -8
2 25 7
2 49 -1
2 0 1
2 57 5
2 50 6
2 20 1
2 5 -5
2 37 -3
2 39 -3
2 62 3
2 66 4
2 51 -8
2 55 4
2 4 9
2 26 -4
2 38 2
2 22 0
2 32 -8
2 40 2
2 35 1
2 19 4
2 11 5
2 31 4
2 1 4
2 21 5
2 67 6
2 54 4
2 56 -3
2 7 -3
2 16 6
2 53 7
2 33 7
2 14 6
2 15 -4
2 34 4
2 60 -4
2 63 7
2 6 -2
2 58 -2
2 24 8
2 13 5
2 43 2
2 64 3
2 10 -7
2 61 -9
2 28 -6
2 52 7
3 65 -5
3 21 8
3 62 -2
3 5 8
3 6 2
3 47 4
3 59 -8
3 31 -1
3 25 0
3 0 7
3 64 -6
3 1 -4
3 11 3
3 32 -8
3 27 9
4 7 -5
4 8 -8
4 59 -8
4 29 -5
4 16 0
4 9 -2
4 57 6
4 27 6
4 47 0
4 45 2
4 41 2
4 34 6
4 26 4
4 18 -9
4 13 0
4 46 -1
4 51 3
4 33 6
4 39 4
4 11 4
4 20 8
4 56 -9
4 49 -1
4 61 -7
4 10 -4
4 1 1
4 54 -8
4 6 9
4 64 -2
4 66 -5
4 30 9
4 63 -1
4 65 -4
4 12 4
4 32 9
4 3 7
4 62 1
4 24 3
4 48 -5
4 52 -7
4 0 -3
4 15 -6
4 67 5
4 21 -7
4 42 -3
4 53 5
4 60 -2
4 44 -6
4 40 -5
4 17 -5
4 31 -6
4 43 -5
4 68 -4
4 38 -1
4 5 -9
4 23 -2
4 25 3
4 37 4
4 50 8
4 22 9
4 58 2
4 28 0
4 2 -8
4 14 5
4 19 8
4 35 -7
5 43 7
5 19 -3
5 29 -5
5 64 0
5 24 -5
5 51 -6
5 16 7
5 46 3
5 28 -2
5 2 -9
5 41 -5
5 49 -9
5 21 -2
5 13 -4
5 45 4
5 8 4
5 34 -4
5 30 -1
5 23 -6
5 12 5
5 67 -9
5 66 5
5 25 -7
5 39 0
5 35 -4
5 33 8
5 20 -7
5 10 4
5 53 7
5 40 -8
5 60 0
5 57 2
5 7 -3
5 58 -3
5 62 -7
6 0 -5
6 62 7
6 60 -7
6 57 4
6 47 -8
6 7 3
6 5 -4
6 43 -9
6 63 -6
6 64 5
6 50 -1
6 17 0
6 58 6
6 15 -9
6 32 -6
6 1 -3
6 11 -5
6 54 5
6 3 7
6 25 1
6 21 8
6 66 9
6 45 -7
6 53 5
6 46 -3
6 12 -2
6 8 -8
6 24 -2
6 41 -8
6 14 8
6 28 1
6 51 -8
6 20 8
6 23 -1
6 61 6
6 36 4
6 10 -3
6 52 -9
6 55 -7
6 49 3
6 16 -8
6 22 -2
6 59 -7
6 42 -1
6 37 7
6 19 6
6 18 9
6 44 -9
6 29 -5
6 2 6
6 68 -8
6 56 2
6 48 -2
6 65 -9
6 35 1
6 33 -7
6 26 -7
7 61 -1
7 36 -2
7 60 9
7 62 2
7 54 1
7 41 0
7 10 -9
7 67 3
7 18 6
7 68 -7
7 47 0
7 50 0
7 4 -8
7 5 -4
7 20 6
7 49 -4
7 44 -6
7 15 5
7 53 -1
8 67 7
8 38 -8
8 22 0
8 58 -9
8 52 2
8 4 0
8 51 2
8 65 -2
8 53 -1
8 55 1
8 68 -8
8 13 -3
8 43 -6
8 30 7
8 10 1
8 34 8
8 9 0
8 28 -1
8 56 -1
8 49 -7
8 32 -7
8 0 -9
8 20 5
8 35 8
8 23 4
8 14 -1
8 16 -6
8 12 -6
8 2 0
8 1 4
8 64 -3
8 21 -2
8 24 -9
8 27 -9
8 66 -2
8 44 -9
8 47 -4
8 37 0
8 57 4
8 11 6
8 41 7
8 40 -6
8 39 -3
8 54 -1
8 60 5
8 6 1
8 63 -4
8 46 3
8 17 7
8 61 2
8 48 6
8 7 1
8 19 0
8 29 -4
8 3 6
8 31 9
8 25 -1
8 5 2
9 44 2
9 49 5
9 19 9
9 37 0
9 30 -5
9 42 6
9 63 2
9 29 3
9 43 7
9 13 -9
9 10 -1
9 45 -6
9 11 2
9 55 -3
9 52 -2
9 41 -1
9 15 4
9 21 9
9 53 4
9 35 4
9 1 9
9 50 -1
9 22 6
9 58 5
9 34 7
9 38 -1
9 26 5
9 40 3
9 32 5
9 17 8
9 4 5
9 18 -8
9 31 9
9 47 -8
9 46 5
9 7 5
9 51 -2
9 16 2
9 60 7
9 59 -2
9 64 -3
9 36 0
9 27 5
9 14 8
9 6 5
9 61 5
9 65 -2
9 48 4
9 62 -3
9 25 8
9 2 1
9 28 -1
9 20 7
9 12 5
9 66 8
9 33 -2
9 5 -4
10 64 2
10 63 -5
10 2 -2
10 15 6
10 14 8
10 35 -6
10 5 9
10 47 -4
10 8 9
10 31 -2
10 66 -5
10 7 5
10 60 5
10 13 1
10 50 0
10 23 6
10 3 7
10 51 3
10 29 -1
10 67 -9
10 25 0
10 53 6
10 27 1
10 36 8
10 17 -3
10 19 5
10 1 1
10 45 -8
10 59 7
10 34 -1
10 49 -6
10 33 -9
10 30 -6
10 52 -8
10 44 -1
10 39 8
10 43 2
10 42 -4
10 68 -2
10 24 -5
10 26 8
10 28 1
10 20 -3
10 46 -6
10 12 1
10 56 -7
10 6 -3
10 21 1
10 62 1
10 58 8
10 16 -5
10 41 -4
10 40 -5
10 54 9
10 37 4
10 55 3
10 57 6
10 32 -1
11 25 4
11 61 9
11 67 8
11 48 8
11 27 2
12 39 -4
12 50 8
12 14 0
12 51 -3
12 59 0
12 22 8
12 2 -1
12 29 -9
12 61 -8
12 1 3
12 30 8
12 21 -5
12 36 8
13 21 -4
13 22 5
13 27 -7
13 1 -1
13 44 5
13 50 9
13 43 -9
13 41 8
13 23 2
13 8 -3
13 12 -6
13 16 0
13 48 -4
13 38 2
13 46 -4
13 7 -9
13 11 4
13 9 9
13 51 0
13 40 -6
13 10 -9
13 65 -5
13 34 -5
13 64 -5
13 47 5
13 2 6
13 35 3
13 33 0
13 68 6
13 62 5
13 14 -6
13 66 -6
13 45 -6
13 55 2
13 15 5
13 58 -7
13 30 5
13 28 4
13 60 0
13 24 -6
13 29 1
13 57 -7
13 31 2
13 5 4
13 39 6
13 42 7
13 25 -9
14 9 -6
14 29 -9
14 53 -6
14 22 -9
14 13 5
14 49 1
14 64 4
14 56 6
14 1 -1
14 66 -6
14 44 -1
14 6 -3
14 40 -7
14 25 -5
14 16 3
14 27 -2
14 54 8
14 12 -6
14 3 -2
14 68 3
14 20 -5
14 18 -2
14 17 2
14 61 -2
14 36 -8
14 0 0
14 15 7
14 11 1
14 34 5
14 37 -3
14 62 -8
14 65 -1
14 8 -3
14 30 8
14 23 -6
14 4 -8
14 28 -5
14 2 3
14 38 -1
14 52 -1
14 5 3
14 50 -3
14 45 -8
14 48 3
14 32 0
14 31 -9
14 41 4
14 19 -6
14 67 -6
14 60 9
14 57 -2
14 51 -8
14 43 8
14 46 7
14 33 1
14 10 0
14 26 -8
14 47 -9
14 35 1
14 24 9
14 21 -3
14 42 2
14 59 -6
14 55 1
14 39 -8
14 63 4
14 7 -4
14 58 5
15 36 2
15 23 8
15 16 0
15 50 9
15 5 0
15 58 0
15 62 -8
15 4 -8
15 13 8
15 33 -5
15 14 8
15 34 5
15 11 -6
15 53 3
15 24 -1
15 57 4
15 19 0
15 1 -3
15 0 -8
15 42 -3
15 2 2
15 44 0
15 18 -7
15 59 -9
15 43 -7
15 65 4
15 21 -6
15 26 0
15 68 1
15 64 -8
15 38 -7
15 48 9
15 17 -9
15 8 5
15 40 -5
15 9 -7
15 6 -5
15 55 8
15 41 1
15 54 -2
15 22 -5
15 56 -3
15 31 -6
15 28 -4
15 7 7
15 46 -7
15 39 3
15 3 -4
15 29 3
15 27 -1
15 47 4
15 30 6
15 45 -6
15 52 6
15 25 4
15 35 -9
15 20 1
15 63 1
15 61 -5
16 40 -2
16 51 -7
16 56 9
16 25 -6
16 57 7
16 68 1
17 27 0
17 22 -8
17 3 -6
17 15 -7
17 9 2
17 6 1
17 24 -3
17 50 -2
17 30 0
17 57 -9
17 14 8
17 56 -7
17 36 -7
17 11 9
17 47 -7
17 1 5
17 19 2
17 4 -6
17 55 -1
17 8 -9
17 54 -5
17 26 5
17 43 -5
17 66 0
17 59 1
17 34 -2
17 29 -8
17 16 4
17 38 -5
17 39 7
17 12 5
17 51 -4
17 53 -2
17 13 3
17 32 0
17 23 -5
17 48 -6
17 5 -7
17 35 6
17 21 3
17 44 6
17 49 -3
17 45 -3
17 7 5
17 2 2
17 64 -9
17 65 -3
17 33 4
17 40 0
17 62 0
17 28 0
17 31 1
17 37 -6
17 20 -5
17 61 -3
17 63 7
17 52 -9
17 10 -3
17 0 1
17 67 3
17 25 4
18 45 3
18 64 -6
18 65 -6
18 56 -2
18 60 9
18 67 -2
18 31 -8
18 54 -7
18 30 -5
18 15 -1
18 13 4
18 24 2
18 35 5
18 26 -3
18 27 -1
18 29 9
18 55 -1
18 3 -9
18 36 0
18 21 -5
18 42 5
18 28 -8
18 34 -8
19 51 -3
19 57 0
19 37 -8
19 4 6
19 33 -9
19 14 -3
19 8 -2
19 54 -8
19 45 1
19 7 -2
19 29 -5
19 32 -6
19 61 -7
19 34 -3
19 42 1
20 15 -7
20 18 4
20 43 -1
20 46 -3
20 54 9
20 19 -1
20 59 -5
20 68 5
20 55 -6
20 63 -6
20 66 6
20 60 5
20 21 3
20 53 4
20 36 1
20 8 9
20 17 -3
20 0 -9
20 64 9
20 27 -6
20 52 9
20 48 4
20 50 3
20 4 -9
20 40 0
20 38 7
20 5 -3
20 47 -1
20 41 1
20 12 -1
20 39 6
20 58 5
20 6 5
20 13 0
20 24 -5
20 29 9
20 14 7
20 28 -8
20 32 -6
20 16 2
20 9 3
20 37 7
20 35 8
20 1 -7
20 45 6
20 3 0
20 44 -4
20 2 -2
21 47 9
21 8 2
21 26 -7
21 6 5
21 33 2
21 62 -2
21 67 2
21 4 1
21 54 2
21 55 1
21 38 7
21 28 9
21 0 2
21 37 -3
21 42 -8
21 15 7
21 63 -3
21 68 -5
21 40 0
21 2 7
21 52 -7
21 27 0
21 45 8
21 17 0
21 50 -6
21 60 9
21 14 -3
21 65 0
21 48 9
21 18 8
21 43 0
21 25 9
21 22 8
21 41 -8
21 35 2
21 34 -2
21 66 9
21 32 5
21 58 -6
21 31 5
21 10 -9
21 7 1
21 61 -6
21 20 6
21 16 3
21 36 -5
21 29 -9
21 12 0
21 44 2
21 23 4
21 53 9
21 1 -8
21 57 -4
21 30 0
21 64 -7
21 49 9
21 11 -9
21 39 3
21 9 9
21 5 8
21 19 -6
21 51 3
21 13 6
21 24 -2
21 56 2
22 39 -4
22 67 -8
22 40 -6
22 28 2
22 6 7
22 53 1
22 27 -7
22 38 3
22 56 -9
22 34 5
22 14 -3
22 13 9
22 46 -8
22 10 8
22 65 4
22 41 -9
22 57 -6
22 64 4
22 48 -4
22 43 -9
22 23 9
22 24 -6
22 5 2
22 1 -4
22 12 2
22 68 0
22 29 4
22 18 -4
22 15 -2
22 51 5
23 55 -9
23 21 -6
23 13 3
23 48 9
23 4 0
23 35 7
23 32 -1
23 53 0
23 56 8
23 44 8
23 3 5
23 25 -1
23 40 -4
23 29 8
23 14 -3
23 17 -2
24 17 7
24 51 7
24 28 8
24 18 -6
24 42 1
25 31 5
25 22 -5
25 2 -2
25 23 -4
25 44 6
25 12 -8
25 30 -5
25 48 -6
25 4 3
25 10 2
25 65 2
25 58 8
25 0 -5
25 40 1
25 5 -7
25 20 3
25 56 -7
25 51 6
25 9 -3
25 50 0
25 63 3
25 64 1
25 11 -1
25 32 -2
25 34 8
25 61 1
25 6 6
25 7 -7
25 49 1
25 45 -7
25 54 -5
25 19 2
25 14 6
25 8 3
25 18 6
25 66 0
25 36 -8
25 1 -4
25 53 6
25 24 -9
25 39 2
25 33 -7
25 29 -4
25 60 -9
25 35 -9
25 38 3
25 21 6
25 52 3
25 17 6
25 41 1
25 16 -4
25 46 8
25 15 -9
25 26 3
25 3 1
25 28 5
25 62 -3
25 57 -7
25 59 7
25 43 1
25 68 -3
25 67 -1
25 27 9
25 55 -8
25 37 0
25 13 8
25 47 0
26 16 -9
26 2 -7
26 44 -3
26 13 -6
26 56 6
26 8 9
26 4 -6
26 32 -6
26 21 1
26 48 -8
26 51 -4
26 17 -9
26 37 7
26 9 1
26 60 -3
26 61 -4
26 59 8
26 30 3
26 39 -5
26 67 -3
26 6 3
26 31 0
26 47 1
26 68 8
26 66 -1
26 18 -2
26 55 1
26 5 7
26 57 1
26 58 6
26 53 1
26 43 3
26 14 -2
26 20 0
26 35 1
26 45 3
26 33 -4
26 63 -6
26 12 -2
26 50 8
26 42 -3
26 0 1
26 25 9
26 15 3
27 10 1
27 32 -5
27 30 -6
27 60 4
27 5 -3
27 40 -4
27 3 6
27 66 -2
27 53 3
27 33 -9
27 56 3
27 19 0
27 42 5
27 36 3
27 16 -8
27 41 -2
27 54 -3
27 12 1
27 39 9
27 9 -8
27 18 0
27 61 7
27 67 3
27 44 6
27 24 9
27 64 -1
27 68 -5
27 7 0
27 13 0
27 4 -3
27 51 -6
27 63 0
27 28 -5
27 55 9
27 1 7
27 20 7
27 37 3
27 58 7
27 2 -3
27 17 3
27 11 -2
27 65 -1
27 29 1
27 14 6
27 6 8
27 59 0
28 52 8
28 20 -1
28 21 2
29 38 5
29 23 -6
29 35 -4
29 56 6
29 0 -8
29 25 -4
29 54 -9
29 32 5
29 19 -1
29 6 -6
29 51 -3
29 68 1
29 65 -9
29 36 3
29 41 -9
29 4 7
29 42 -5
29 24 9
29 27 1
29 21 -6
29 10 1
29 55 -3
29 66 5
29 39 2
29 20 9
29 62 0
29 40 -5
29 30 0
29 57 -4
29 16 -7
29 59 -3
29 34 9
29 1 7
29 22 3
29 28 -2
29 11 -3
29 3 -5
29 17 2
29 7 -1
29 45 5
29 49 1
29 13 7
29 5 -2
29 48 -4
29 60 -7
29 2 -6
29 50 1
29 46 0
29 61 5
29 58 -8
29 64 1
29 63 -7
29 14 -8
29 18 9
30 18 -9
30 47 -4
30 57 -7
30 46 -5
30 41 -5
30 1 9
30 55 3
30 61 6
30 21 -5
30 59 -4
30 39 -5
30 35 1
30 29 1
30 15 3
30 32 -5
30 22 3
30 19 2
30 49 -7
30 43 6
30 11 6
30 45 -9
30 13 5
30 64 8
30 14 2
30 63 2
30 36 -9
30 56 -1
30 16 -8
30 52 7
30 8 -2
30 24 -1
30 53 0
30 50 7
30 26 -1
30 66 9
30 34 -4
30 54 -9
30 9 -1
30 2 -6
30 40 2
30 65 -8
30 25 6
30 37 5
30 12 8
30 62 -3
30 7 -3
30 23 6
30 17 3
30 48 -9
30 44 3
30 33 7
30 20 -2
30 51 9
30 31 2
30 5 -4
30 68 -3
30 0 2
30 58 7
30 4 -5
30 10 -5
30 38 6
30 28 -8
30 6 -5
30 60 5
30 67 -2
30 27 -2
31 57 7
31 12 3
31 67 2
31 68 -8
31 7 -1
31 1 -6
31 17 -8
31 35 2
31 46 0
31 55 -5
31 66 -8
31 56 3
31 10 8
31 6 1
31 26 8
31 45 8
31 37 9
31 38 -9
32 29 5
32 35 -7
32 37 -6
33 7 5
33 9 3
33 31 -3
33 36 8
33 47 -4
33 44 -9
33 34 -2
33 6 7
33 45 1
33 12 -1
33 37 0
33 22 -6
33 19 -6
33 25 -3
33 26 -4
33 17 -2
33 56 8
33 60 5
33 40 -3
33 54 2
33 61 -7
33 39 -3
33 64 2
33 27 8
33 13 1
33 67 6
33 43 -2
33 52 -5
33 58 6
33 41 -9
33 50 0
33 23 -9
33 11 6
33 53 -2
33 62 -7
33 21 6
33 48 -2
33 8 -3
33 24 0
33 65 2
33 59 -6
33 10 5
33 16 8
33 68 9
33 32 -1
33 18 3
33 0 9
33 28 -9
33 63 -7
33 4 -1
33 14 2
33 42 8
33 35 8
33 66 4
33 49 -1
33 51 -4
33 29 -2
33 20 -4
33 3 -9
33 57 6
33 38 -4
33 15 8
33 30 3
33 5 -1
34 60 -9
34 62 4
34 52 -7
34 29 -7
34 25 -9
34 57 -8
34 26 -8
34 38 -3
34 56 3
34 28 -5
34 19 -2
34 20 -5
34 14 -9
34 1 7
34 44 -6
34 36 2
34 53 -8
34 10 -8
34 5 -3
34 37 5
34 30 -9
34 46 8
34 31 1
34 15 9
34 23 6
34 3 8
34 22 6
34 45 -6
34 41 -5
34 32 -4
34 8 -1
34 21 6
34 51 0
34 9 2
34 55 9
34 24 -1
34 63 3
34 64 6
34 18 -5
34 61 -8
34 59 1
34 2 -2
34 66 9
34 39 -7
34 0 -5
34 49 -4
34 11 -6
34 4 -5
34 58 -5
34 48 -7
34 17 8
35 17 -7
35 40 2
35 50 -7
35 55 -1
35 16 -2
35 1 8
35 25 -5
35 24 8
35 30 1
35 46 9
35 65 8
35 33 1
35 6 -5
35 36 -8
35 4 -8
35 41 1
35 2 0
35 39 -3
35 9 4
35 12 6
35 51 -3
35 52 6
35 23 -1
35 59 5
35 13 -3
35 32 5
35 58 8
35 20 1
35 22 -8
35 56 -1
35 27 7
35 5 8
35 47 5
35 15 -5
35 21 6
35 37 1
35 3 3
35 44 -9
35 57 -4
35 48 5
35 8 -1
35 45 2
35 28 -2
35 38 -7
35 68 5
35 19 9
35 53 3
35 43 -8
35 42 -6
35 63 0
35 7 -9
35 64 3
35 49 -9
35 18 6
35 26 -6
35 10 -5
35 29 -4
35 62 -1
35 61 0
35 67 -6
35 60 -5
35 66 -3
35 31 1
35 54 -8
35 0 3
35 11 7
36 13 -5
36 20 -1
36 31 7
36 30 5
36 12 -7
36 49 6
36 57 -5
36 40 -6
36 19 -4
36 51 -2
36 29 9
36 24 -9
36 54 9
36 61 3
36 4 -6
36 47 8
36 9 -3
36 7 7
36 27 3
36 5 1
36 33 -2
36 64 9
36 48 -5
36 42 -3
36 67 4
36 66 0
36 17 6
36 25 -5
36 15 1
36 59 -8
36 68 8
36 2 4
36 60 4
36 28 -1
36 0 -9
36 1 8
36 34 -5
36 45 9
36 10 9
36 41 5
36 18 -3
36 44 7
36 39 7
36 16 -2
36 53 0
36 26 -3
36 21 -9
36 37 7
36 32 1
36 58 4
36 63 6
36 43 -2
36 52 -1
36 35 -6
36 22 6
36 14 8
36 8 1
36 50 -2
36 23 -4
36 55 -5
36 62 5
36 56 5
36 38 5
36 11 5
36 46 -1
36 65 6
37 0 2
37 67 8
37 65 -2
37 38 -4
37 42 2
37 4 1
37 53 5
37 31 -9
37 28 4
37 66 -4
37 21 7
37 47 9
37 5 -3
37 9 -3
37 55 -8
37 58 -7
37 15 8
37 32 -3
37 3 -6
37 57 -3
37 23 -6
37 13 6
37 52 8
37 6 -9
37 59 -7
37 16 9
37 68 4
37 24 -7
37 46 -1
37 8 6
37 7 -9
37 12 1
37 50 -6
37 33 -7
37 36 6
37 1 2
37 25 -3
37 40 -6
37 44 8
37 19 7
37 60 6
37 22 2
37 48 -8
37 35 3
37 62 8
37 64 -3
37 11 5
37 26 7
37 63 5
37 34 5
37 2 9
37 51 5
37 43 8
37 10 -2
37 56 3
37 20 -2
37 49 4
37 41 -3
37 14 -5
37 45 9
37 54 7
37 18 9
37 17 -1
37 27 -5
37 39 8
37 29 3
37 30 -7
38 40 4
38 46 -3
38 66 -1
38 11 9
38 28 4
38 25 -1
38 67 -7
38 61 -4
38 21 -6
38 7 7
38 36 -3
38 30 5
38 35 7
38 32 0
38 15 -5
38 45 0
38 22 9
38 13 3
38 5 0
38 20 -5
38 63 -3
38 1 2
38 14 4
38 57 9
38 6 8
38 29 4
38 4 5
38 43 3
39 65 -2
39 19 6
39 62 -6
39 31 -9
39 23 -1
39 41 4
39 32 -6
39 38 6
39 7 -3
39 1 -5
39 54 -9
39 34 -7
39 51 -5
39 47 -1
39 22 5
39 20 1
39 10 6
39 21 -9
39 59 5
39 6 8
39 45 -3
39 0 -7
39 42 6
39 40 4
39 14 -4
39 26 3
39 27 3
39 68 8
39 28 9
39 15 8
39 56 0
39 53 -6
39 33 -6
39 36 5
39 44 -4
39 24 -1
39 9 5
39 57 -4
39 35 -4
39 13 9
39 8 4
39 29 2
39 67 8
39 61 1
39 25 1
39 48 -7
39 17 0
39 12 6
39 46 2
39 18 2
39 16 -1
39 55 9
39 63 -7
40 30 0
40 48 6
40 36 -7
40 34 9
40 25 5
40 33 -5
40 43 -4
40 65 -9
40 9 -1
40 60 1
41 3 5
41 35 3
41 33 -5
41 29 -8
41 55 -8
41 16 -5
41 27 -6
41 36 -2
41 44 9
41 24 -2
41 66 2
41 23 -5
41 1 7
41 49 -3
41 48 -2
41 26 3
41 28 -7
41 7 -6
41 67 -2
41 46 9
41 60 1
41 68 2
41 59 4
41 53 -7
41 17 -1
41 57 1
42 34 -1
42 8 -1
42 5 7
42 19 6
42 33 -3
42 9 5
42 23 -5
42 61 0
42 27 5
42 55 4
43 16 -9
43 12 7
43 40 6
43 38 1
43 51 -5
43 45 8
43 34 9
43 65 -3
43 1 -7
43 68 8
43 3 -2
43 17 -1
43 58 -6
43 30 5
43 50 -9
43 49 8
43 14 -7
43 8 9
43 5 1
43 13 7
43 31 -7
43 24 2
43 53 -6
43 52 -4
43 10 -6
43 32 8
43 48 4
43 27 -8
43 57 -4
43 25 3
43 9 -2
43 55 -4
43 23 7
43 15 -9
43 20 -3
43 22 -3
43 28 -1
43 7 -3
43 64 3
43 44 -8
43 6 6
43 0 -7
43 60 -7
43 54 -6
43 67 -3
43 42 -9
43 21 1
43 56 -5
43 37 3
43 46 0
43 35 -9
43 18 -3
43 19 -5
43 33 8
43 29 5
43 41 1
43 26 4
43 59 0
43 36 -5
43 63 9
43 2 -9
43 11 -5
43 4 0
43 61 -2
43 47 -3
43 39 -5
43 62 -5
43 66 -3
44 30 1
44 51 -5
44 36 7
44 7 1
44 18 6
44 25 -8
44 4 0
44 26 -5
44 37 4
44 68 5
44 55 5
45 58 -7
45 52 -9
45 46 -4
45 62 -2
45 40 -1
45 25 6
45 7 4
45 0 4
45 60 -2
45 42 -8
45 14 -3
45 55 -5
45 17 -8
45 15 5
45 39 -6
45 68 3
45 10 1
45 6 -1
45 48 -4
45 24 -3
45 32 -7
45 67 -6
45 29 -5
45 57 -8
45 23 3
45 26 8
45 65 -7
45 30 -3
46 50 -2
46 43 -7
46 19 -3
46 39 -7
46 22 6
46 36 -9
46 15 -5
46 42 -5
46 29 3
46 37 5
46 7 4
46 65 3
46 6 -9
46 45 7
46 31 6
46 66 1
46 63 4
46 24 -9
46 59 -4
46 26 5
46 23 -1
46 18 0
46 14 6
46 64 -2
46 28 -5
47 61 -6
47 14 -1
47 62 -5
47 11 4
47 67 3
47 22 4
47 0 5
47 30 1
47 68 -7
47 17 0
47 19 -6
47 25 4
47 51 5
47 31 6
47 13 4
47 15 8
47 39 0
47 59 4
47 52 6
47 66 -5
47 64 -4
47 55 -1
47 40 7
47 54 2
47 42 8
47 24 -8
47 26 -3
47 45 -3
47 6 3
47 29 1
47 44 6
47 53 9
47 58 1
48 36 2
48 41 -7
48 47 0
48 67 -1
48 29 9
48 62 0
48 1 -7
48 59 -7
48 12 1
48 22 -4
48 58 -8
48 0 6
48 46 7
48 23 5
48 6 -8
48 43 7
48 16 -3
48 25 -8
48 44 1
48 3 1
48 31 -1
48 65 -3
48 38 -4
48 10 4
48 50 2
48 5 8
48 19 3
48 63 0
48 9 -9
48 28 -8
48 11 5
48 56 -4
48 40 2
48 57 5
49 16 -1
49 35 -1
49 0 -6
49 37 4
49 44 -7
49 45 7
49 50 -5
49 12 3
49 18 -7
49 1 9
49 3 3
49 59 -7
49 19 -5
49 32 -7
49 22 -8
49 34 3
49 58 -1
49 6 -7
49 14 -7
49 28 -2
49 48 -6
49 10 -8
49 2 -3
49 33 -6
49 21 -2
49 27 2
49 57 -2
49 55 -5
49 52 -7
49 68 4
49 13 7
49 8 9
49 43 -8
49 15 2
49 20 -3
49 46 -5
49 36 0
49 54 0
49 4 7
49 9 -2
50 66 5
50 67 7
50 46 8
50 32 -9
50 39 8
50 2 -4
50 19 6
50 41 7
50 68 1
50 24 -4
50 29 -2
50 51 -2
50 47 -2
50 11 5
50 12 -2
50 3 5
50 53 -7
50 59 -9
50 60 -9
50 33 3
50 62 -4
50 30 -8
50 63 -9
50 0 -2
50 35 -9
51 65 -1
51 60 -1
51 26 8
51 54 -6
51 34 -8
51 32 0
51 28 -8
51 21 7
51 4 -7
51 14 -2
51 13 -9
51 36 -3
51 50 -6
51 45 -5
51 27 -2
51 6 -6
51 53 7
51 52 8
51 15 8
51 58 -7
51 23 9
51 8 7
51 48 7
51 3 -9
51 66 8
51 49 -9
51 25 -2
51 68 -9
51 19 5
51 30 -7
51 62 -7
51 0 -1
51 61 -8
51 18 0
51 56 2
51 2 3
51 7 -6
52 21 8
52 9 -8
52 67 6
52 68 9
52 61 -1
52 14 4
52 38 6
52 33 2
52 46 9
52 27 8
52 26 2
52 7 -9
52 59 1
52 15 -2
52 48 9
52 31 -3
52 62 -4
52 22 5
52 1 -9
52 6 6
52 45 7
52 11 7
53 6 -4
53 20 -3
53 40 -9
53 49 2
53 9 9
53 28 3
53 41 8
53 48 1
53 61 -6
53 67 -1
53 5 -7
53 29 -6
53 60 -3
53 54 0
53 36 9
53 7 8
53 30 7
53 14 4
53 63 -1
53 27 -7
53 65 9
53 64 -8
53 8 7
53 13 0
53 57 -2
53 37 5
53 56 -5
53 17 -5
53 18 3
53 42 0
53 46 0
53 51 -3
53 1 2
53 11 -9
53 39 -6
53 43 -2
53 31 9
53 24 6
53 25 -9
53 58 -9
53 0 5
53 35 2
54 7 -1
54 28 -7
54 10 8
54 31 -5
55 59 -1
55 63 8
55 35 3
55 8 6
55 13 -6
55 1 -1
55 20 -6
55 14 -2
55 22 2
55 24 4
55 56 -9
55 10 0
55 26 5
55 25 4
55 30 9
55 19 -5
55 61 9
55 29 0
55 34 -5
55 3 -3
55 28 4
55 9 6
55 15 -6
55 67 7
55 40 6
55 38 -9
55 60 -8
55 32 5
55 46 -4
55 33 7
55 0 -1
55 65 4
55 36 -3
55 48 2
55 41 -5
55 45 2
55 57 8
55 62 -5
55 31 1
55 47 -6
55 43 -8
56 41 4
56 60 -7
56 49 2
56 36 2
56 29 -4
56 12 -7
56 21 2
56 40 9
56 43 -9
56 65 8
56 33 -9
56 51 8
56 57 -5
56 15 -9
56 61 -2
56 58 -1
56 48 -6
57 37 -9
57 53 -1
57 58 -1
57 61 -3
57 19 -5
57 29 5
57 34 8
57 50 7
57 60 -4
57 66 -2
57 30 0
58 68 1
58 29 6
58 38 5
58 46 3
58 62 9
58 47 4
58 53 -7
58 18 -5
58 28 -5
58 25 7
58 66 -5
58 45 9
58 37 -8
58 56 -6
58 10 2
58 0 -1
58 51 4
58 44 -8
58 31 -5
58 57 -7
58 36 -6
58 49 5
58 12 3
58 20 4
58 3 -6
58 4 -8
58 16 2
58 9 -1
59 49 -9
59 51 4
59 40 1
59 19 4
59 23 -1
59 48 -9
59 22 -4
59 12 3
59 66 -9
59 36 2
59 5 7
59 37 -9
59 18 1
59 2 3
59 11 4
59 58 2
59 13 -6
59 47 7
59 46 1
59 52 -3
59 26 -6
59 44 0
59 56 -3
59 4 -8
59 20 -4
59 30 6
59 60 8
59 16 9
59 53 -2
59 65 3
59 7 -8
59 67 0
59 33 -8
59 32 -7
59 35 5
59 27 1
59 64 0
59 41 9
60 40 -8
60 43 -4
60 3 -1
60 52 4
60 2 8
60 46 3
60 6 -6
60 17 -2
60 18 -3
60 45 -6
60 28 -9
60 62 -1
60 30 -2
60 22 -5
60 39 2
61 60 2
61 50 7
61 59 -1
61 41 -1
61 14 -7
61 24 1
61 54 0
61 16 -8
61 0 -4
61 34 -9
61 36 4
61 10 -3
61 32 -8
61 6 2
61 4 3
61 8 -2
61 2 -7
61 52 8
61 13 2
61 53 -7
61 39 6
61 3 -8
61 25 0
61 9 2
61 47 -2
61 58 8
61 51 -6
61 43 -3
61 67 0
61 23 7
61 40 -6
61 37 -8
61 42 7
61 1 4
61 56 -1
61 17 -4
61 11 -4
61 48 -2
61 62 -1
61 49 7
61 35 -2
61 19 1
61 29 -3
61 20 4
61 5 0
61 55 8
61 46 -6
61 18 -8
61 38 3
61 45 7
61 21 4
61 63 3
62 64 -7
62 61 -1
62 12 -2
62 56 4
62 44 0
62 35 9
62 13 -1
62 27 -6
62 48 7
62 18 -9
62 52 -5
62 15 -9
62 59 5
62 30 -7
62 9 9
62 25 9
62 14 6
62 17 -9
62 67 9
62 34 -5
62 58 2
62 37 -5
62 11 -8
62 24 6
62 21 -7
62 53 -8
62 4 7
62 5 7
62 6 -8
62 43 6
62 10 -8
62 66 -6
62 57 6
62 31 -2
62 29 -2
62 20 -9
62 32 -9
62 46 0
62 65 1
62 26 8
62 42 0
62 28 0
62 16 -4
62 49 0
62 54 6
62 68 -5
62 3 -1
62 22 -6
62 7 -7
62 39 1
62 0 7
62 8 -7
62 55 -2
62 19 6
62 1 5
62 38 -7
62 36 -5
62 33 -8
62 50 -8
62 40 -9
62 47 -3
62 2 -1
62 23 -5
63 33 5
63 66 7
64 38 -2
64 27 4
64 63 -2
64 54 8
64 59 7
64 14 2
64 30 -2
64 57 4
64 61 -2
64 50 -8
64 8 -8
64 51 5
64 66 1
64 11 -6
64 42 3
64 60 -3
64 65 0
64 29 -6
64 52 0
64 24 0
64 25 -4
64 16 0
64 2 -8
64 13 -2
64 4 -4
64 31 3
64 36 -3
64 58 -2
64 28 -6
64 45 4
64 55 1
64 21 9
64 56 -7
64 23 2
64 35 0
64 10 -5
64 9 -8
64 43 2
64 26 6
64 6 -7
64 3 -5
64 68 4
64 22 9
64 46 8
64 44 -3
64 41 -2
64 12 -5
64 18 0
64 37 6
64 5 -7
65 23 -2
65 12 6
65 64 4
65 51 4
65 53 -7
65 11 -7
65 37 7
65 39 -9
65 59 -6
65 47 6
65 6 -2
65 33 0
65 17 5
65 30 -7
65 26 9
65 31 1
65 21 -5
66 55 3
66 56 5
66 47 -1
66 57 -9
66 58 -1
66 36 -1
66 44 0
66 24 0
66 12 -8
66 8 7
66 54 2
66 49 5
66 53 6
66 68 7
66 18 1
66 40 -8
66 23 5
66 10 1
66 9 8
66 41 -3
67 0 2
67 58 3
67 18 -6
67 5 8
67 41 8
67 31 5
67 15 -2
67 11 8
67 40 -2
67 34 8
67 17 0
67 38 7
67 33 -8
67 21 9
67 51 -8
67 26 -3
67 54 7
67 46 -8
67 6 1
67 7 2
67 4 -2
67 23 -8
67 29 9
67 14 2
67 9 2
67 12 3
67 61 2
67 49 -4
67 37 2
67 66 1
67 47 -6
67 42 -2
67 63 5
67 20 -6
67 24 9
67 3 7
67 65 -5
67 57 -2
67 68 1
67 28 -1
67 27 -7
67 10 -2
67 43 0
67 64 0
67 60 -4
67 30 1
67 56 8
67 59 0
67 25 -2
67 13 3
67 45 -3
67 1 -6
67 62 7
67 50 -7
67 8 -7
67 2 9
67 36 -5
68 62 0
68 7 9
68 29 -6
