71
2637
false
0 18 4
0 31 -4
0 17 -7
0 9 -6
0 60 0
0 33 5
0 47 5
0 58 -5
0 54 4
0 20 -1
0 64 -4
0 25 -1
0 56 -9
0 13 8
0 10 -6
0 2 -3
0 24 -6
0 50 2
0 22 -5
0 16 5
0 43 -7
0 21 6
0 65 -3
0 37 8
0 5 -8
0 34 -5
0 67 6
0 14 -6
0 38 3
0 6 -9
0 15 6
0 66 5
0 42 7
0 48 -3
0 29 2
0 62 6
0 59 1
0 35 -4
0 23 8
0 1 -2
1 17 -1
1 37 -5
2 16 -9
2 9 0
2 59 8
2 67 -7
2 34 8
2 63 1
2 10 7
2 20 -4
2 7 2
2 33 3
2 39 3
2 64 4
2 18 -3
2 69 -1
2 6 1
2 42 -5
2 4 -8
2 23 -5
2 35 4
2 3 -7
2 37 -6
2 46 9
2 60 1
2 22 -8
2 48 -5
2 66 5
2 41 8
2 54 -9
2 36 -9
2 13 2
2 12 -5
2 14 -5
2 57 -1
2 61 2
2 51 5
2 49 6
2 25 -1
2 30 -8
2 62 -5
2 45 2
2 28 7
2 17 -3
2 43 3
2 56 -2
2 21 -5
2 26 -1
2 5 -4
2 58 -4
2 68 8
2 15 7
2 44 -6
2 53 3
2 31 6
2 50 -8
2 38 8
2 32 0
2 19 7
2 0 2
2 65 5
2 29 -4
2 40 5
3 69 0
3 43 -8
3 59 3
3 45 -8
3 14 6
3 28 1
3 46 8
3 5 9
3 42 -6
3 34 7
3 49 -4
3 4 8
4 5 -9
4 44 1
4 29 8
4 20 -5
4 15 -7
4 62 9
4 67 0
4 6 -4
4 66 4
4 36 -6
4 2 9
4 54 -1
4 18 -1
4 57 3
4 24 -8
4 31 3
4 64 2
4 51 -4
4 21 -6
4 25 3
4 52 -4
4 59 9
4 32 2
4 53 -7
4 43 5
4 41 4
4 56 -3
4 23 5
4 46 -7
4 70 5
4 65 -4
4 33 4
4 34 -6
4 22 0
4 68 -4
4 9 -9
4 7 -6
4 37 -7
4 19 -8
4 50 -8
4 8 -1
4 10 1
4 35 -5
4 42 -1
4 61 9
4 12 3
5 30 -7
5 66 -9
5 62 5
5 4 2
5 9 -7
5 23 -1
5 18 5
5 27 3
5 31 -5
5 47 -6
5 67 -7
5 58 6
5 70 0
5 42 -9
5 48 -4
5 25 7
5 37 -7
5 43 -1
5 54 2
5 68 8
5 60 2
5 33 -3
5 55 -6
5 45 0
5 49 3
5 64 -1
5 28 -1
5 7 -8
5 34 6
5 39 4
5 3 0
5 56 0
5 19 -1
5 13 -8
5 44 6
5 51 4
5 24 3
5 20 7
5 41 2
5 53 -9
5 35 -2
5 57 -4
5 63 0
5 36 -2
5 1 -9
5 16 6
5 52 -5
5 11 -5
5 14 2
5 50 -9
5 15 -1
5 21 5
5 17 -5
5 0 6
5 10 3
5 2 3
6 43 -9
6 2 4
6 28 -9
6 10 9
6 12 -7
6 61 -8
6 66 6
6 19 -9
6 15 4
6 35 6
6 17 5
6 70 3
6 36 9
6 13 7
6 27 -4
6 42 -8
6 4 1
6 29 -3
6 41 -9
6 65 8
6 14 -9
6 18 -8
6 24 -5
6 53 8
6 57 -9
6 1 2
6 62 2
7 65 3
7 51 5
7 2 -6
7 47 1
7 53 -8
7 11 3
7 33 8
7 24 -7
7 39 5
7 35 -8
7 42 -8
7 23 -7
7 55 7
7 45 0
7 41 0
7 46 -1
8 48 3
8 53 -9
8 31 -1
8 2 1
8 65 7
8 18 6
8 21 9
8 40 2
8 9 7
8 3 0
8 60 -1
8 7 -9
8 70 7
8 14 7
8 25 8
8 4 -3
8 5 -6
8 55 -4
8 61 -4
8 0 -9
8 49 4
8 46 8
8 15 3
8 47 9
8 13 4
8 64 -1
8 50 9
8 43 4
8 23 1
8 51 1
8 45 2
8 27 -2
8 32 1
8 39 0
8 42 5
8 57 5
8 34 -7
8 22 7
8 26 -7
8 59 -8
8 54 -6
8 11 -7
8 24 3
8 29 -4
8 6 1
9 6 -2
9 31 -3
9 19 9
9 68 0
9 3 -5
9 67 1
9 61 4
9 34 0
9 42 -8
9 26 4
9 69 -9
9 20 5
9 41 6
9 13 6
9 48 -3
9 15 -1
9 12 9
9 49 -1
9 4 1
9 43 6
9 17 2
9 27 8
9 46 6
9 8 7
9 60 -7
9 70 2
9 59 -9
9 21 9
9 32 3
9 66 6
9 36 -4
9 24 -8
9 62 -1
9 58 5
9 40 -6
9 57 -5
9 63 -9
9 54 -8
9 55 -8
9 64 6
9 16 -5
9 65 -9
9 33 -7
9 2 7
9 11 -3
9 39 5
9 28 8
10 55 0
10 6 7
10 38 -1
10 45 -6
10 44 4
10 52 -7
10 31 5
10 37 1
10 2 1
10 11 5
10 25 -2
10 57 -9
10 65 -2
10 64 9
10 23 2
10 30 -4
10 7 -2
10 5 1
10 58 3
10 15 3
10 70 6
10 66 -7
10 53 3
10 36 9
10 56 -2
10 18 3
10 49 -1
10 50 1
10 69 -2
10 46 1
10 68 -1
10 48 -8
10 32 -3
10 63 2
10 19 3
10 29 -3
10 14 -9
10 22 -5
10 17 0
10 43 -1
10 3 7
10 40 -5
10 24 -9
10 0 -1
10 60 -7
10 54 -4
10 34 6
10 12 -8
10 1 1
10 16 1
10 28 -2
10 62 -7
10 42 -4
10 4 -1
10 33 -1
10 26 -8
10 13 -8
11 31 9
11 60 1
11 18 4
11 33 2
11 3 0
11 19 5
11 27 5
11 25 8
11 5 0
11 39 5
11 15 -4
11 36 7
11 63 -6
11 35 3
11 44 -6
11 38 -7
11 16 -7
11 43 -5
11 2 2
11 58 2
11 45 -5
11 40 -8
11 7 -7
11 28 -1
11 1 1
11 53 -6
11 62 8
11 9 9
11 21 3
11 6 -1
11 41 -3
11 54 3
11 51 7
11 32 1
11 26 2
11 12 -6
11 59 -6
11 61 0
12 1 -3
12 61 -5
12 21 -4
12 25 1
12 11 -8
12 59 -1
12 39 1
12 63 1
12 18 4
12 41 -5
12 37 -3
12 65 4
12 26 -5
12 44 6
12 46 3
12 36 5
12 70 1
12 55 -2
12 7 0
12 47 -9
12 10 -3
12 32 -8
12 24 4
12 35 1
12 69 -6
12 13 -2
12 33 4
12 42 6
12 53 -9
12 57 -4
12 29 -2
12 34 0
12 67 5
12 49 7
12 64 7
12 45 -2
12 52 1
12 17 6
12 60 6
12 31 -9
12 38 4
12 62 -2
12 48 5
12 9 -6
12 20 1
12 54 -1
12 16 -1
12 68 0
12 56 -4
12 30 4
12 15 1
12 43 3
13 19 -8
13 45 5
13 5 -9
13 42 -1
13 61 -7
13 31 9
13 65 6
13 15 -1
13 53 7
13 17 -5
13 25 -2
13 66 4
13 16 1
13 36 3
13 29 5
13 48 -1
13 56 8
13 68 -3
13 10 -6
13 8 0
13 38 1
13 6 -5
13 40 6
13 24 3
13 52 -1
13 49 5
13 50 5
13 9 9
13 2 -1
13 62 -5
13 46 9
13 11 7
13 20 -4
13 30 6
13 70 0
13 55 9
13 14 8
13 4 4
13 23 4
14 59 -6
14 29 -4
14 46 4
14 28 1
14 22 -3
14 33 -1
14 41 1
14 4 8
14 56 -2
14 58 0
14 12 8
14 68 -7
14 43 0
14 53 9
14 30 -6
14 6 -4
14 17 2
14 62 4
15 25 -7
15 64 -7
15 39 7
15 44 6
15 46 5
15 45 6
15 34 -2
15 12 -9
15 40 -4
15 32 -9
15 7 -9
15 14 -3
15 59 5
15 62 -3
15 56 0
15 36 1
15 68 7
15 37 -6
15 16 5
15 13 -4
15 29 -4
15 52 7
15 27 -8
15 69 -3
15 48 8
15 53 -4
15 30 5
15 21 0
15 54 7
15 22 7
15 43 8
15 10 -3
15 28 -3
15 8 -7
15 35 -7
15 4 6
15 66 6
15 26 -9
15 60 -6
15 5 2
15 49 3
15 47 7
15 0 7
15 31 -7
15 17 -5
15 42 -5
15 33 5
15 3 0
15 61 -8
15 20 8
15 67 -2
15 1 -8
15 38 4
15 6 -4
15 2 -3
15 41 2
15 23 -3
15 58 3
15 63 9
15 51 2
15 55 0
15 57 -4
16 37 7
16 57 -5
16 53 1
16 34 0
16 50 -5
16 35 -3
16 39 -8
16 15 4
16 54 4
16 59 1
16 55 4
16 44 -9
16 8 -2
16 21 -8
16 23 -3
16 49 -1
16 0 8
16 68 -7
16 27 1
16 18 -1
16 40 -4
16 58 -2
16 6 -7
16 51 0
16 32 8
16 60 -7
16 5 9
16 7 -3
16 61 5
16 42 5
16 3 -4
16 63 -5
16 52 7
16 17 -2
16 62 -7
16 64 0
16 31 3
16 66 -8
16 30 -4
16 24 5
16 45 -7
16 36 3
16 20 -3
16 43 -8
16 22 -8
16 33 -7
16 47 -9
16 41 1
16 69 -4
16 26 6
16 14 -8
16 28 4
16 29 -9
16 67 5
16 13 -3
16 25 -5
16 46 8
16 56 9
16 12 0
16 1 8
16 65 0
16 70 -8
16 10 -9
16 48 9
17 26 0
17 67 -2
17 61 -3
17 20 -5
17 70 -9
17 5 -9
17 33 -1
17 35 -6
17 36 7
17 53 -6
17 49 -6
17 50 -5
17 63 -5
17 29 -1
17 45 1
17 52 -1
18 42 2
18 56 -8
18 30 6
18 52 5
18 10 -8
18 55 7
18 53 -9
18 3 6
18 0 -2
18 12 -1
18 66 -9
18 15 -7
18 4 -3
18 61 5
18 46 4
18 25 -8
18 40 3
18 33 -1
18 70 -6
18 28 1
18 43 0
18 51 -4
18 21 -5
18 16 -5
18 41 -1
18 63 -7
18 44 3
18 13 4
18 38 1
18 17 5
18 31 7
18 14 6
18 69 8
18 64 -1
18 36 0
18 7 3
19 51 -6
19 30 -9
19 25 0
19 61 -3
19 26 -6
19 27 0
19 47 -1
19 15 -7
19 20 2
19 44 -1
19 56 9
19 10 -7
19 64 -7
19 28 2
19 43 -5
19 12 -2
19 7 -9
20 34 -6
20 42 -1
20 70 7
20 36 -4
20 11 5
20 6 3
20 24 -8
20 19 -7
20 57 9
20 30 -7
20 29 4
20 26 3
20 12 3
20 45 -8
20 52 -7
20 56 9
20 0 9
20 67 -3
20 18 1
20 43 -4
20 63 -4
20 25 -4
20 37 3
20 8 9
20 40 0
20 35 -6
20 17 4
20 14 9
20 59 -4
20 61 -8
20 5 -4
20 48 -8
20 69 2
20 49 3
20 64 -5
20 23 9
20 54 2
20 65 5
20 68 -9
20 3 1
20 51 -9
20 44 -5
20 28 7
20 38 5
20 4 -4
20 39 5
20 1 9
20 60 -3
20 10 9
20 21 -4
20 66 -1
20 46 -6
20 2 -7
20 15 3
20 58 -8
21 1 -7
21 38 3
21 51 -6
21 19 -9
21 61 -2
21 50 0
21 56 -9
21 2 -8
21 9 -7
21 64 5
21 28 8
21 26 0
21 55 1
21 11 5
21 23 0
21 0 7
21 29 2
21 58 -7
21 16 -5
21 66 2
21 47 -8
21 70 -1
21 68 -6
21 37 -2
21 40 -9
21 35 0
21 10 -1
21 42 7
21 31 7
21 36 5
21 49 1
21 32 -3
21 62 -8
22 29 -6
22 5 5
22 60 6
22 40 -7
22 66 3
23 52 -7
23 40 1
23 12 6
23 35 -8
23 70 -8
23 13 0
23 6 -5
23 0 -8
23 3 -5
23 58 -4
23 41 0
23 8 -6
23 21 -9
23 59 1
23 16 6
23 60 -3
23 37 -9
23 55 -3
23 10 3
23 33 -6
23 46 9
23 39 -6
23 56 5
23 64 3
23 66 -8
23 15 -5
23 69 -5
23 9 -7
23 63 7
23 68 6
23 32 -1
23 11 7
23 49 -3
23 18 7
23 30 5
23 7 1
23 38 0
23 26 5
23 43 9
23 2 0
23 29 8
23 51 -2
23 47 1
23 61 2
23 65 8
23 50 7
23 5 8
23 25 8
23 67 -6
23 48 -3
23 19 1
23 36 -2
23 20 4
23 62 7
23 22 2
23 53 -5
23 27 8
23 44 -5
23 54 -8
23 42 2
23 17 4
23 31 -6
23 1 4
23 34 5
23 57 -8
23 4 -6
23 24 -8
23 28 6
23 14 6
24 32 -5
24 4 -7
24 46 -3
24 33 -4
24 65 1
24 19 3
24 8 1
24 29 -1
24 6 -9
24 30 -8
24 70 -9
24 34 2
24 50 9
24 40 -3
24 57 -7
24 16 0
24 64 -8
24 5 7
24 55 9
24 9 8
24 22 4
24 21 6
24 15 7
24 38 2
24 41 -7
24 68 2
24 35 -3
24 53 -2
24 63 7
24 48 3
24 59 8
25 29 -9
25 56 -5
25 70 -7
25 64 1
25 10 9
25 49 -7
25 38 -7
25 35 8
25 6 1
25 2 6
25 15 3
25 11 -8
25 18 -6
25 33 9
25 23 -1
25 16 -6
25 19 -8
25 48 -5
25 13 -1
25 4 -4
25 1 -5
25 22 8
25 61 9
25 7 7
25 53 9
25 5 8
25 66 4
25 3 -9
25 17 -4
25 39 9
25 26 -4
25 68 9
25 58 -9
25 57 8
25 32 8
25 14 -8
25 69 4
25 47 2
25 42 1
25 52 5
25 28 -4
25 50 8
25 59 -7
25 60 0
25 40 -8
25 9 -2
26 42 6
26 19 -5
26 31 6
26 70 0
26 13 6
26 29 8
26 30 -6
26 60 0
26 66 9
27 12 -2
27 41 9
27 66 3
27 51 2
27 49 -4
27 63 3
27 0 5
27 35 -2
27 1 -5
27 37 8
27 53 1
27 46 5
27 43 3
27 21 8
27 65 0
27 24 8
27 62 -5
27 59 -5
27 42 -3
27 19 3
27 8 -5
27 50 -4
27 47 -2
27 57 0
27 67 7
27 48 8
27 10 -5
27 45 -2
27 52 -6
27 13 8
27 6 -1
27 38 9
27 15 -3
27 54 -6
27 23 6
27 32 -2
27 39 8
27 56 -3
27 2 7
27 33 -4
27 11 1
27 44 -3
27 14 1
27 25 -4
27 29 9
27 4 -1
27 61 0
27 68 6
27 22 7
27 18 -7
27 28 1
27 20 7
27 40 7
27 26 -3
27 64 -9
27 34 -8
27 70 1
27 16 2
27 69 -9
27 7 -7
27 17 5
27 3 -7
27 5 7
27 58 -6
27 31 8
28 3 2
28 16 2
28 49 7
28 9 9
28 6 2
28 61 0
28 57 -3
28 7 4
28 18 7
28 27 8
28 26 -4
28 59 1
28 13 3
28 15 0
28 4 -8
28 63 1
28 70 7
28 8 0
28 10 -1
28 50 -6
28 2 0
28 69 -2
28 44 2
28 51 0
28 19 9
28 11 7
28 68 -1
28 20 5
28 67 6
28 56 4
28 35 4
28 39 -4
28 30 -8
28 45 5
28 43 1
28 36 -6
28 25 -2
28 23 -3
29 58 9
29 32 -6
29 69 -7
29 65 2
29 56 3
29 26 0
29 45 -3
29 8 -7
29 13 -8
29 38 6
29 10 -2
29 3 -4
29 33 -2
29 41 9
29 63 7
29 59 7
29 64 4
29 70 1
29 15 3
29 62 -6
29 49 -5
29 19 -5
29 68 8
29 27 -9
29 48 -3
29 55 8
29 66 6
29 11 -1
29 35 -2
29 57 6
29 17 -4
29 42 -9
29 25 0
29 30 -4
30 27 -5
30 24 4
30 0 -4
30 41 -1
30 45 1
30 67 3
30 68 1
30 46 -3
30 18 -3
30 1 -3
30 59 -8
30 52 -1
30 50 -7
30 13 3
30 5 -9
30 44 -8
30 6 -6
30 54 -2
30 12 2
30 28 -8
30 35 7
30 55 9
30 33 2
30 43 3
30 64 6
30 11 7
30 40 5
30 69 -4
30 3 1
30 15 1
30 22 -6
30 47 5
30 51 -9
30 9 5
30 16 -3
30 36 9
30 48 -9
30 17 7
30 37 9
30 34 9
30 58 6
30 62 -5
30 38 -8
30 49 2
30 60 6
30 57 9
30 65 -4
30 19 -4
30 39 -5
30 23 1
30 26 -3
30 32 0
30 61 1
30 53 -9
30 31 -2
30 20 -8
30 10 -3
30 70 -3
30 21 8
30 42 7
30 56 -7
30 63 3
30 2 2
30 4 -8
30 8 6
30 7 2
30 25 -5
30 29 4
31 23 -5
31 27 1
31 49 -3
31 70 8
31 28 8
31 63 -8
31 66 -5
31 42 7
31 61 -4
31 55 -9
31 60 0
31 37 -6
31 54 7
31 6 0
31 53 -7
31 22 -5
31 17 -3
31 9 -7
31 67 -3
31 24 -7
31 58 6
31 4 -3
31 52 3
31 8 7
31 38 -1
31 0 4
31 34 -7
31 18 -8
31 40 -1
31 64 -1
31 16 -1
31 12 -7
31 14 2
31 32 3
31 48 -1
31 2 -1
31 45 -2
31 5 4
31 10 -9
31 35 6
31 29 6
31 11 -5
31 65 5
31 21 -8
31 15 2
31 69 9
31 41 -3
31 68 -1
31 3 -8
31 43 0
31 47 -2
31 50 4
31 7 4
31 36 -2
31 26 -7
31 51 1
31 33 0
31 56 3
31 30 -9
31 57 2
31 20 3
31 19 6
31 44 6
31 46 -4
32 57 -1
32 4 3
32 14 5
32 21 -5
32 27 -6
32 10 4
32 8 -7
32 52 -7
32 38 6
32 61 9
32 30 9
32 20 6
32 56 -8
32 22 -9
32 42 9
32 69 -1
32 17 8
32 6 6
32 23 7
32 39 -5
32 9 -3
32 62 -8
32 26 6
32 31 -2
32 3 -8
32 40 -1
32 66 3
33 56 7
33 12 -8
33 58 -9
33 37 -9
33 38 2
33 69 2
33 54 -3
33 50 -6
33 34 1
33 18 1
33 7 -4
33 48 0
33 19 6
33 53 4
33 8 -5
33 26 -8
33 62 7
33 55 -2
33 60 0
33 24 1
33 6 5
33 11 -4
33 52 5
33 49 -6
33 27 9
33 0 -3
33 68 -5
33 40 5
33 10 7
33 31 2
33 16 0
33 67 2
33 47 -5
33 20 -4
33 64 9
33 43 6
33 57 0
33 21 3
33 35 -4
33 63 2
33 5 9
33 44 -7
33 9 5
33 51 6
33 66 3
33 3 -2
33 59 1
33 30 -7
33 61 -5
33 42 7
33 36 -8
33 28 -4
33 1 0
33 14 -6
33 32 -7
33 65 2
33 2 -1
33 41 7
33 46 -8
33 70 -1
34 32 8
34 8 5
34 11 -4
34 59 -1
34 10 3
34 56 -1
34 39 4
34 0 -1
34 18 5
34 22 6
34 69 9
34 55 -2
34 53 6
34 1 -8
34 49 -4
34 36 7
34 24 -6
34 61 -1
34 42 8
34 67 7
34 46 -2
34 50 -1
34 38 6
34 13 2
34 15 -8
34 65 6
34 60 0
34 2 6
34 29 -7
34 21 0
34 43 -1
34 45 -4
34 6 7
34 33 4
34 14 -9
34 25 -2
34 51 -4
34 35 0
34 44 -4
34 4 -6
34 28 -2
34 3 -1
34 63 -4
34 16 -1
34 5 8
34 52 8
34 58 9
34 9 -4
35 32 1
35 36 9
35 19 -4
35 54 -3
35 10 3
35 64 -2
35 17 9
35 8 3
35 21 1
35 57 -1
35 5 -1
35 15 -1
35 38 -8
35 14 9
35 25 -6
35 28 6
35 61 -3
35 26 -7
35 63 -7
35 24 7
35 44 3
35 69 -5
35 65 8
35 37 -3
35 49 -4
35 41 0
35 66 -6
35 13 -6
35 27 6
35 20 1
35 53 7
35 50 5
35 39 5
35 60 -2
35 42 7
35 52 2
35 3 -9
35 48 0
35 22 8
35 40 -2
35 2 -6
35 23 4
35 1 0
35 0 -3
35 6 5
35 11 0
35 47 -6
35 34 -1
35 33 4
35 9 4
35 68 1
35 31 0
35 46 -8
35 30 5
35 43 5
35 51 5
35 7 1
35 18 -8
35 67 5
35 59 -9
36 14 -8
36 59 -2
36 63 -8
36 54 -3
36 47 -5
36 31 7
36 19 -3
36 57 6
36 23 -3
36 56 5
36 64 -4
36 4 5
37 49 3
37 51 1
37 69 -1
37 21 -7
37 4 -3
37 14 -3
37 27 -1
37 40 0
37 41 -6
37 68 6
37 26 -4
37 19 6
37 60 -3
37 34 9
37 70 -4
37 31 -4
37 5 5
37 39 8
37 63 -9
37 25 5
37 36 9
37 28 -9
37 64 -7
37 67 3
37 33 3
37 29 -2
37 55 -7
37 32 -5
37 11 7
37 3 -5
37 53 9
37 7 -7
37 30 9
37 66 -9
37 35 6
37 45 -6
37 2 -4
37 56 -5
37 10 -4
37 50 -6
37 16 -3
37 23 2
37 65 9
37 43 6
37 15 -2
37 42 6
37 62 1
37 52 9
37 38 -3
37 59 0
37 46 -8
37 24 2
37 6 -3
37 54 2
37 8 -6
37 44 1
37 18 0
37 9 -7
37 17 -1
37 58 1
37 20 4
37 61 0
38 7 6
38 12 0
38 59 -4
38 15 5
38 34 -1
38 52 6
38 28 -3
38 8 8
38 45 8
38 56 -8
38 29 6
38 67 -1
38 0 -8
38 4 -8
38 37 -3
38 50 -4
38 49 4
38 41 -2
38 66 7
38 16 8
38 36 -8
38 57 4
38 19 -4
38 11 -9
38 27 1
38 46 0
38 3 -7
38 26 5
38 31 7
38 32 6
38 54 5
38 10 5
38 6 8
38 23 -2
38 17 2
38 2 -2
38 55 5
38 42 -6
38 65 2
38 60 7
38 62 8
38 14 1
39 47 5
39 37 2
39 26 -3
39 33 7
39 14 -5
39 67 -2
39 62 -1
39 55 4
39 44 -5
39 3 0
39 22 2
39 12 -3
39 42 -3
39 21 0
39 23 3
39 52 -1
39 6 -3
39 63 -3
39 9 0
39 36 -2
39 2 -8
39 24 6
39 50 -7
39 51 -8
39 64 9
39 40 2
39 66 1
39 5 6
39 69 -3
39 56 9
39 15 0
39 28 7
39 48 1
39 31 8
39 7 0
39 29 2
39 1 5
39 35 8
39 19 -6
39 18 -1
39 45 -5
39 20 5
39 8 -4
39 57 -3
39 68 9
39 54 -8
39 59 -5
39 30 -3
39 10 0
39 13 -8
40 51 -2
40 15 -6
40 23 0
40 31 -9
40 2 -5
40 19 -3
40 8 -6
40 57 7
40 24 8
40 22 7
40 37 -4
40 56 -2
40 61 -3
40 60 -1
40 27 3
40 11 9
40 47 -5
40 70 8
40 62 9
40 42 4
40 50 2
40 10 -4
40 3 8
40 48 -9
40 55 -7
40 38 8
40 67 0
40 58 5
40 46 -2
40 34 -7
40 43 -8
40 21 -2
40 0 9
40 32 0
40 25 7
40 29 1
40 64 -4
40 49 -9
40 41 -6
40 68 9
40 59 7
40 28 5
40 52 5
40 39 5
40 5 -5
40 66 -8
40 9 -9
40 65 2
40 13 5
40 53 9
40 63 -8
40 18 5
40 69 -4
40 20 -7
40 45 -6
40 16 2
40 26 -5
40 33 -9
40 4 -2
40 12 1
40 6 -4
40 17 8
40 1 -1
40 54 9
40 35 -9
40 36 3
40 14 -7
40 44 -9
40 7 -4
42 45 6
43 42 2
43 46 -2
43 37 -1
43 3 -7
43 47 5
43 36 3
43 34 3
43 61 8
43 9 -2
43 35 9
43 2 -4
43 19 9
43 8 -1
43 40 6
43 32 -4
43 38 -5
43 48 -4
43 31 -7
43 60 -7
43 7 7
43 22 8
43 20 -3
43 57 6
43 58 1
43 69 4
43 30 5
43 59 -5
43 29 -7
43 41 2
43 18 3
43 16 -6
43 56 3
43 39 2
43 44 3
43 26 -3
43 54 -6
43 4 -4
43 49 0
43 63 4
43 64 5
43 70 -6
43 13 -8
43 0 4
43 10 -8
43 52 4
43 50 -9
43 21 3
43 17 -5
43 5 -8
43 25 5
43 27 -3
43 28 5
44 13 -3
44 39 -1
44 37 -9
44 16 -1
44 50 1
44 59 5
44 60 9
44 49 -8
44 41 0
44 22 2
44 2 -9
44 27 9
44 25 7
44 1 3
44 9 -5
44 35 8
44 65 1
44 10 7
44 56 9
44 21 -4
44 53 -7
44 20 -8
44 5 6
44 26 -8
44 46 3
44 55 1
44 4 8
44 45 -9
44 15 5
44 17 0
44 36 7
44 57 3
44 34 8
44 30 5
44 32 7
44 52 8
44 29 1
44 8 -2
44 69 -4
44 28 2
44 31 7
44 0 6
44 40 3
44 62 -9
44 3 5
44 68 -5
44 24 2
45 64 -9
45 2 -6
45 27 3
45 47 1
45 0 5
45 17 -2
45 40 -9
45 31 7
45 44 9
45 6 9
45 59 6
45 30 5
45 8 -4
45 55 0
45 52 2
45 67 -2
45 26 -5
46 13 4
46 27 -5
46 39 4
46 16 -3
46 33 -3
46 57 5
46 6 -6
46 41 -5
46 29 -8
46 69 1
46 52 -8
46 59 -9
46 38 -6
46 26 -2
46 0 8
46 63 -1
46 23 7
46 43 6
46 48 -1
46 21 9
47 58 9
47 41 -4
47 63 1
47 56 -4
47 65 -9
47 10 -9
47 51 -4
47 61 2
47 6 7
47 50 2
47 48 0
47 29 9
47 9 -4
47 19 -6
47 34 7
47 68 6
47 64 -8
47 49 9
47 17 -4
47 32 -8
47 35 0
47 36 5
47 18 1
47 57 1
47 24 -5
47 0 7
47 12 -1
47 21 2
47 5 -3
47 1 -7
47 70 -5
47 69 -7
47 53 8
47 26 -2
47 39 6
47 3 -9
47 40 8
47 43 -4
47 59 1
47 8 2
48 21 0
48 56 6
48 57 -6
48 12 -5
48 65 9
48 43 -7
48 67 3
48 64 8
48 5 6
48 55 -5
48 59 -6
48 25 -9
48 24 7
48 17 -1
48 61 9
48 19 -7
48 1 -1
48 44 -8
48 28 6
48 33 1
48 53 6
48 34 -5
48 58 2
48 69 0
48 51 8
48 49 -8
48 14 -5
48 2 9
48 50 -8
49 39 2
49 37 6
49 46 5
49 69 9
49 3 9
49 58 2
49 40 2
49 32 5
49 1 -4
49 63 6
49 57 -5
49 28 -5
49 70 4
49 48 -5
49 54 8
49 25 2
49 21 -8
49 44 1
49 50 -5
49 41 1
49 35 1
49 38 3
49 19 6
49 56 -9
49 11 5
49 7 -6
49 0 -7
49 17 3
49 65 5
49 30 0
49 45 0
49 59 -1
49 53 -3
49 20 6
49 26 -2
49 18 5
49 12 -6
49 33 0
49 64 2
49 55 -9
49 8 3
49 68 -6
49 67 -5
49 10 0
49 14 -9
49 4 4
49 31 -5
49 36 9
49 13 -4
50 11 -4
50 62 -1
50 45 -6
50 17 -4
50 22 -6
50 1 -7
50 46 7
50 34 -7
50 63 0
50 54 7
50 30 8
50 60 -1
50 25 8
50 55 0
50 32 -3
50 67 7
50 48 -4
50 53 9
50 57 -3
50 16 6
50 18 -3
50 35 -5
50 43 -5
50 4 -5
50 33 -3
50 38 -9
50 56 0
50 2 -3
50 12 -3
50 7 4
50 19 8
50 21 -6
50 68 -7
50 70 -4
50 39 4
50 14 2
50 66 -7
50 8 7
50 23 2
50 61 -7
50 27 -4
50 36 5
50 0 -9
50 15 7
50 10 -8
50 52 -7
50 65 5
50 69 0
50 13 8
50 26 -1
50 49 2
50 9 -4
50 31 0
50 37 5
50 24 -8
50 6 -1
50 59 -5
50 51 -4
50 3 3
50 28 5
50 44 -1
50 29 8
50 20 1
50 40 -6
50 47 -2
50 58 2
51 28 6
51 48 6
51 11 -5
51 6 4
51 33 0
51 24 4
51 4 -7
51 59 7
51 25 -7
51 19 -2
51 39 2
51 13 8
51 10 -6
51 66 -8
51 61 1
51 70 -3
51 31 -8
51 14 -2
51 49 4
51 22 9
51 5 -4
51 17 3
51 34 0
51 69 9
51 52 -8
51 46 -1
52 2 0
52 55 -9
52 44 -1
52 37 -7
52 0 -5
52 64 -3
52 56 7
52 31 9
52 40 8
52 34 4
52 23 -8
52 53 2
52 67 5
52 11 -9
52 3 9
52 4 -6
52 66 -9
52 8 -5
52 42 -4
52 39 -2
52 46 -2
52 10 1
52 41 -7
52 7 -6
52 12 4
52 45 -7
52 54 5
52 32 -8
52 43 -2
52 70 3
52 17 9
52 1 -5
52 24 0
53 25 -1
53 49 -9
53 6 -4
53 19 -9
53 34 -6
53 27 -2
53 42 -9
53 52 0
53 67 -8
53 29 5
53 60 -9
53 59 -6
53 48 2
53 44 4
53 24 -5
53 2 -9
53 14 -8
53 17 5
53 46 -9
53 9 -3
53 12 5
53 58 6
53 47 7
53 70 -7
53 55 8
53 62 -3
53 40 -5
53 45 -3
53 16 -9
53 38 0
53 8 -8
53 1 -3
53 5 -6
53 43 -4
53 41 3
53 0 8
53 4 -6
53 30 4
53 15 5
53 36 1
53 23 7
53 32 -1
54 2 -7
54 64 2
55 19 8
55 13 3
55 39 1
55 45 4
55 63 0
55 67 -5
55 41 4
55 38 6
55 47 4
55 62 4
55 48 -2
55 52 -2
55 70 1
55 33 8
55 26 -8
55 64 6
55 7 -7
55 2 -6
55 9 -5
55 5 5
55 30 8
55 0 -2
55 42 -2
55 36 -5
55 68 4
55 57 -8
55 16 8
55 51 5
55 56 -1
55 3 -8
55 17 5
55 66 9
56 23 0
56 57 -4
56 53 0
56 19 -9
56 62 0
56 34 -7
56 37 9
56 52 5
56 24 2
56 49 -5
56 66 3
56 0 8
56 54 8
56 69 -5
56 16 -1
56 70 -1
56 30 -8
56 65 6
56 39 -6
56 27 -8
56 20 -7
56 68 6
56 7 -5
57 2 4
57 19 -9
57 31 -1
57 15 -6
57 56 3
57 69 -7
57 60 5
57 9 -9
57 33 5
57 25 8
57 32 1
57 34 1
57 59 -8
57 40 4
57 49 -1
57 17 -7
57 70 3
57 54 -7
57 36 -9
57 53 8
57 63 3
57 5 3
57 38 8
57 46 5
57 62 -6
57 27 -9
57 29 3
57 28 3
57 22 1
57 50 6
57 10 7
57 24 8
57 51 7
57 67 9
57 26 2
57 61 5
57 43 -9
57 0 3
57 23 2
57 3 -5
57 21 5
57 47 -8
57 18 -9
57 8 -1
57 7 -9
57 20 4
57 66 -2
57 68 -4
57 64 -9
57 39 5
57 4 7
57 12 -4
57 45 -1
57 1 1
57 6 5
57 16 8
57 48 9
57 14 4
57 52 7
58 36 -9
58 1 3
58 11 0
58 68 5
58 7 4
58 52 3
58 2 9
58 26 7
58 57 3
58 12 4
58 55 -1
58 18 2
58 16 -3
58 10 8
58 44 -5
58 5 -1
58 25 1
58 51 3
58 49 -5
58 53 3
58 17 6
58 48 -7
58 30 1
58 38 -3
58 6 2
58 23 -6
58 28 -5
58 4 8
58 47 -9
58 3 4
58 54 -3
58 56 3
58 32 -7
58 19 1
58 40 3
58 60 6
58 24 -2
58 64 -9
58 43 0
58 14 1
58 29 -8
58 9 9
59 24 -3
59 32 1
59 52 -2
59 47 2
59 16 -9
59 17 -7
59 33 1
59 14 -7
59 57 -6
59 64 -7
59 5 -9
59 19 -8
59 44 2
59 15 -2
59 66 6
59 23 -6
60 39 -5
60 46 -9
60 12 8
60 1 -7
60 23 0
60 11 5
60 34 6
60 36 4
60 64 1
60 59 1
60 45 8
60 2 8
60 28 -4
60 70 -4
60 58 8
60 26 -3
60 43 -4
60 63 1
60 22 3
60 54 7
60 56 4
60 67 -5
60 0 -7
60 4 2
60 47 0
60 53 -6
60 13 8
61 19 3
61 7 8
61 40 9
61 8 -6
61 64 0
61 18 5
61 57 -1
61 33 -2
61 62 3
61 37 -1
61 12 -7
61 1 -7
61 17 -4
61 28 4
61 49 4
61 16 5
61 63 -7
61 66 0
61 41 -2
61 67 -4
61 27 -1
61 46 -7
61 52 -6
61 30 -7
61 47 8
61 70 5
61 65 2
61 60 6
61 26 6
61 39 0
61 9 8
61 53 0
61 32 -7
61 29 -4
62 57 3
62 47 5
62 24 1
62 36 -7
62 50 -7
62 67 1
62 11 7
62 0 -3
62 26 -5
62 53 -2
62 23 2
62 43 -4
62 61 -3
62 33 -8
62 21 -9
62 18 5
62 9 1
62 13 -9
62 70 -5
62 7 -3
62 35 -3
62 20 7
62 68 5
62 55 -1
62 39 8
62 60 -1
62 19 9
62 14 -3
62 34 -8
62 54 0
62 42 -3
62 32 -3
62 56 -2
62 59 4
62 63 0
62 58 1
62 27 1
62 37 -2
62 69 2
62 31 4
62 28 4
62 29 8
62 45 7
62 3 4
62 5 0
62 22 8
62 10 -4
62 40 -4
62 52 7
62 66 -1
62 38 -7
62 6 0
62 16 -9
63 19 -2
63 36 -6
63 37 0
63 61 -1
63 65 4
63 53 5
63 41 -4
63 35 -1
63 9 -3
63 8 2
63 56 -9
63 27 9
63 21 -2
63 67 -3
63 3 -7
63 62 5
63 30 -4
63 1 -3
63 59 -9
63 64 9
63 31 -3
63 52 -3
63 0 -6
63 2 -6
63 13 9
63 7 -7
64 41 -8
64 57 3
64 38 -5
64 2 4
64 49 -3
64 16 -9
64 53 -6
64 70 5
64 20 8
64 54 -7
64 32 1
64 39 7
64 44 4
64 22 3
64 31 1
64 35 0
64 15 -4
64 45 -7
64 6 -3
64 59 5
64 27 -8
64 58 3
64 11 4
64 46 -1
64 0 3
64 42 -4
64 56 1
64 48 6
64 36 2
64 19 9
64 23 -5
64 66 9
64 8 5
64 9 6
64 37 -7
65 53 1
65 67 -3
65 24 -6
65 21 7
65 41 -3
65 62 -8
65 12 -3
65 27 -3
65 45 2
65 46 7
65 49 -1
65 3 -9
65 20 -7
65 36 -1
65 28 1
65 38 9
65 56 -5
65 25 -4
65 40 -9
66 42 -6
66 62 2
66 43 6
66 2 2
66 19 5
66 29 -3
66 18 -3
66 6 -2
66 21 4
66 10 -5
66 57 -6
66 7 7
66 34 -1
66 54 -5
66 3 7
66 51 0
66 61 6
66 37 3
66 44 8
66 67 1
66 40 8
66 25 -3
66 24 -8
66 23 -3
66 58 -4
66 4 2
66 68 3
66 65 -5
66 13 -5
66 41 -7
66 36 -9
66 22 5
66 47 4
66 45 0
66 8 0
66 60 2
66 64 8
66 16 -8
66 32 -8
66 31 3
66 52 -3
66 53 -8
66 17 -1
66 50 4
66 46 -8
66 14 -3
66 1 5
66 59 -3
66 38 -9
66 55 -5
66 56 -9
66 49 7
66 12 6
66 63 -4
66 28 -9
66 39 4
66 11 3
66 69 5
66 70 -6
66 48 -1
66 30 6
66 26 3
66 9 -5
66 20 -4
66 35 9
66 27 4
66 0 5
66 33 3
66 5 3
66 15 -9
67 34 5
67 13 -9
67 65 4
67 38 -9
67 10 -4
67 68 -1
67 28 8
67 62 -1
67 57 7
67 37 -6
67 61 5
67 42 -8
67 54 -1
67 43 1
67 0 -8
68 65 5
69 55 1
69 7 8
69 44 2
69 6 3
69 51 -1
69 70 7
69 27 7
69 68 1
69 42 8
69 63 -3
69 15 -4
69 13 9
69 56 6
69 65 -6
69 38 -1
69 57 -5
69 4 -2
69 35 2
69 10 6
69 50 -3
69 36 8
69 25 2
69 66 7
69 48 3
69 40 -7
69 47 2
69 34 -9
69 60 -4
69 3 1
69 61 0
69 16 -5
69 45 -8
69 20 7
69 29 9
69 33 7
69 41 -3
69 18 -9
69 22 7
69 67 4
69 64 7
70 9 7
70 68 5
70 51 1
70 8 4
70 22 -4
70 45 -5
70 62 5
70 16 -3
70 13 -9
70 23 9
70 26 1
70 36 -1
70 24 8
70 35 6
70 14 -9
70 19 7
70 7 7
70 30 5
70 59 -3
70 11 -9
70 65 6
70 27 2
70 18 0
