28
false
2 23 99661
2 4 99661
4 18 99664
4 12 99666
4 2 99671
6 15 99673
6 27 99675
6 19 99680
7 13 99688
7 24 99693
8 23 99700
8 11 99700
8 20 99704
10 0 99707
10 5 99709
11 14 99717
11 18 99721
11 17 99729
14 3 99738
14 4 99744
14 5 99748
15 5 99751
15 25 99753
16 17 99759
16 24 99760
18 2 99767
18 3 99770
19 6 99777
19 15 99779
19 20 99788
20 7 99797
20 22 99799
21 22 99805
21 3 99805
22 19 99810
22 20 99819
22 15 99826
23 7 99831
23 1 99838
23 6 99844
24 12 99850
24 23 99854
24 20 99854
25 27 99863
25 21 99872
25 2 99878
27 14 99886
27 9 99889
27 24 99893
