29
false
2 9 110651
2 24 110651
4 7 110654
4 25 110656
4 28 110661
6 21 110663
6 18 110665
6 14 110670
7 21 110678
7 0 110683
8 2 110690
8 16 110690
8 7 110694
10 7 110697
10 25 110699
11 19 110707
11 17 110711
11 27 110719
14 12 110728
14 7 110734
14 21 110738
15 28 110741
15 13 110743
16 20 110749
16 8 110750
18 10 110757
18 12 110758
18 15 110764
19 25 110769
19 6 110775
19 3 110777
21 5 110779
21 3 110783
22 6 110792
22 9 110797
23 12 110806
23 7 110810
23 10 110815
24 14 110823
24 26 110828
24 7 110834
25 13 110838
25 26 110847
25 1 110856
28 22 110863
28 27 110869
