30
false
2 21 120495
2 26 120495
4 6 120498
4 22 120498
5 15 120506
8 17 120511
8 13 120512
8 18 120520
10 27 120527
10 3 120527
10 12 120531
12 16 120534
12 25 120536
12 8 120539
14 10 120543
14 17 120551
14 18 120553
15 5 120562
15 26 120568
15 29 120572
16 29 120575
16 11 120577
17 23 120583
17 14 120584
19 18 120591
19 26 120592
19 3 120598
20 17 120603
20 2 120609
20 9 120611
22 10 120613
22 28 120617
22 26 120626
23 29 120627
23 5 120631
25 7 120635
25 29 120640
26 17 120648
26 6 120653
26 12 120659
27 14 120663
27 20 120672
27 17 120681
