31
false
2 3 133171
2 15 133171
4 28 133174
4 8 133176
4 2 133181
6 2 133183
6 13 133185
6 26 133190
7 4 133198
7 21 133203
8 4 133210
8 12 133210
8 26 133214
10 5 133217
10 6 133219
10 2 133222
12 24 133226
12 2 133234
12 18 133236
13 12 133242
13 17 133251
15 12 133254
15 3 133256
16 29 133262
16 21 133263
18 12 133270
18 11 133271
19 16 133278
19 13 133280
19 21 133289
20 1 133298
20 7 133300
21 23 133306
21 3 133306
22 27 133311
22 8 133320
22 24 133327
23 0 133332
23 28 133339
23 17 133345
24 2 133351
24 3 133355
24 26 133355
25 27 133364
25 1 133373
28 1 133381
28 23 133384
28 9 133388
30 6 133392
30 14 133393
