33
false
2 6 161330
2 26 161330
4 6 161333
4 9 161335
5 27 161343
5 0 161345
7 14 161350
7 25 161351
7 12 161359
9 0 161366
9 6 161366
9 24 161370
11 10 161373
11 16 161375
11 2 161378
13 10 161382
13 8 161390
13 18 161392
14 32 161401
14 17 161407
14 8 161411
15 5 161414
15 23 161416
16 14 161422
16 32 161423
18 12 161430
18 5 161431
18 9 161437
19 29 161442
19 20 161448
19 30 161450
21 28 161452
21 4 161456
21 26 161465
22 14 161466
22 23 161470
24 22 161474
24 23 161479
25 26 161487
25 27 161492
25 12 161498
26 32 161502
26 17 161511
26 14 161520
29 24 161527
29 23 161533
31 19 161535
31 11 161538
32 16 161542
32 15 161543
