34
false
2 31 175837
2 30 175837
4 30 175840
4 20 175842
4 32 175847
6 1 175849
6 23 175851
6 7 175856
7 31 175864
7 8 175869
8 19 175876
8 1 175876
8 20 175880
10 22 175883
10 31 175885
11 10 175893
11 6 175897
11 27 175905
14 17 175914
14 26 175920
14 23 175924
15 17 175927
15 13 175929
16 33 175935
16 10 175936
18 20 175943
18 26 175944
18 7 175950
19 21 175955
19 8 175961
20 23 175970
20 28 175972
21 28 175978
21 11 175978
22 29 175983
22 18 175992
22 31 175999
23 9 176004
23 29 176011
23 12 176017
24 4 176023
24 25 176027
24 12 176027
25 1 176036
25 9 176045
25 2 176051
27 8 176059
27 17 176062
27 14 176066
29 8 176070
29 30 176071
30 9 176071
30 21 176079
31 8 176081
31 14 176088
32 21 176096
32 19 176099
33 30 176104
33 8 176105
33 2 176113
