35
false
2 16 190354
2 11 190354
4 11 190357
4 26 190359
4 30 190364
6 15 190366
6 13 190368
6 12 190373
7 6 190381
7 3 190386
8 2 190393
8 18 190393
8 27 190397
10 21 190400
10 5 190402
10 3 190405
12 25 190409
12 17 190417
12 33 190419
13 10 190428
13 11 190434
13 19 190438
14 19 190441
14 11 190443
15 3 190449
15 24 190450
17 23 190457
17 11 190458
17 18 190464
18 7 190469
18 17 190475
18 34 190477
20 15 190479
20 28 190483
20 31 190492
21 19 190493
21 5 190497
23 17 190501
23 14 190506
24 2 190514
24 31 190519
24 12 190525
25 29 190529
25 15 190538
25 27 190547
28 21 190554
28 19 190560
30 3 190562
30 4 190565
31 8 190569
31 28 190570
32 7 190570
32 26 190571
32 23 190580
33 22 190582
33 2 190583
