36
false
2 3 207288
2 20 207288
4 30 207291
4 0 207293
4 6 207298
6 3 207300
6 27 207302
6 23 207307
7 21 207315
7 28 207320
8 15 207327
8 14 207329
11 28 207332
11 25 207334
11 2 207337
13 22 207341
13 29 207349
13 24 207351
14 11 207360
14 20 207366
14 17 207370
15 29 207373
15 5 207375
16 29 207381
16 20 207382
18 6 207389
18 26 207390
18 3 207396
19 23 207401
19 20 207407
19 3 207409
21 34 207411
21 10 207417
22 34 207426
22 15 207431
23 21 207440
23 1 207444
24 5 207451
24 34 207457
25 12 207463
25 11 207467
25 20 207467
26 23 207476
26 9 207485
26 10 207491
28 34 207499
28 13 207502
28 20 207506
30 34 207510
30 24 207511
31 23 207511
31 16 207512
31 32 207521
32 16 207523
32 3 207524
34 3 207527
34 8 207527
