38
false
2 19 244152
2 8 244152
4 8 244155
4 2 244157
4 30 244162
6 31 244164
6 29 244166
8 9 244174
8 10 244179
9 5 244186
9 29 244186
9 32 244190
11 20 244193
11 28 244201
12 30 244209
12 2 244216
16 5 244225
16 34 244231
16 15 244235
17 31 244238
17 15 244240
18 9 244246
18 12 244247
20 0 244254
20 30 244255
20 13 244261
21 15 244266
21 2 244272
21 33 244274
23 36 244276
23 12 244280
23 8 244289
24 1 244290
24 35 244294
26 15 244298
26 19 244303
27 22 244309
27 3 244311
28 35 244315
28 20 244315
29 31 244324
29 25 244333
29 18 244339
31 18 244347
31 23 244350
31 26 244354
33 24 244358
33 12 244359
34 35 244359
34 30 244360
34 22 244369
35 4 244371
35 27 244372
37 27 244375
37 16 244375
