46
false
0 23 437108
0 8 437115
1 35 437121
1 32 437123
1 2 437123
2 10 437130
2 7 437130
3 0 437138
3 15 437142
6 17 437144
6 20 437149
7 14 437158
7 16 437158
7 15 437167
8 4 437172
8 14 437173
10 14 437176
10 2 437182
10 27 437183
11 30 437187
11 16 437194
11 5 437198
12 5 437198
12 23 437202
13 30 437208
13 35 437216
14 17 437220
14 40 437220
14 35 437225
15 44 437233
15 41 437233
16 38 437239
16 28 437247
17 9 437256
17 23 437264
17 15 437268
18 7 437268
18 4 437268
18 25 437268
20 2 437276
20 17 437280
20 29 437282
21 0 437287
21 38 437295
21 37 437303
22 1 437310
22 23 437318
23 31 437325
23 37 437332
25 9 437335
25 1 437336
26 32 437343
26 20 437350
26 41 437354
27 19 437354
27 0 437357
30 4 437363
30 9 437372
31 20 437379
31 4 437384
32 31 437391
32 15 437391
32 28 437397
35 45 437404
35 21 437409
37 41 437415
37 40 437420
37 3 437428
38 29 437437
38 10 437438
39 17 437445
39 23 437451
40 38 437459
40 42 437463
40 37 437463
41 36 437470
41 15 437479
41 27 437484
44 13 437486
44 41 437486
45 9 437494
45 27 437501
