52
false
0 43 631600
0 14 631607
1 41 631613
1 14 631615
1 28 631615
2 32 631622
2 23 631622
3 36 631630
3 31 631634
6 31 631636
6 32 631641
7 36 631650
7 20 631650
7 19 631659
8 3 631663
9 31 631668
9 4 631671
10 4 631674
10 27 631678
11 6 631678
11 45 631679
11 32 631683
12 40 631692
12 34 631696
13 30 631701
13 22 631706
14 4 631706
14 13 631711
15 46 631719
15 35 631719
16 38 631725
16 50 631733
17 19 631742
17 23 631750
17 11 631754
18 21 631754
18 24 631754
18 5 631754
20 0 631762
20 19 631766
20 21 631768
21 20 631773
21 10 631781
21 19 631789
22 11 631796
24 31 631803
25 43 631812
26 25 631813
26 2 631815
26 47 631823
27 37 631827
27 13 631828
29 35 631836
29 41 631838
30 28 631839
30 51 631845
32 0 631850
32 8 631857
33 9 631857
33 22 631863
33 4 631871
34 45 631878
34 13 631883
36 33 631889
36 22 631894
36 9 631902
37 13 631911
37 44 631912
38 51 631919
38 37 631920
38 10 631922
43 26 631930
43 38 631937
43 37 631946
44 23 631952
44 1 631961
47 44 631968
47 41 631976
47 37 631983
48 22 631985
48 47 631990
49 16 631993
49 29 631993
49 38 631993
50 0 632000
50 1 632007
50 25 632012
51 26 632016
51 38 632023
51 50 632029
