54
false
0 52 711824
0 19 711827
1 36 711835
1 46 711838
1 37 711843
3 2 711843
3 28 711849
5 49 711857
5 33 711861
7 33 711870
7 6 711875
8 20 711878
8 35 711883
11 8 711884
11 3 711891
12 21 711898
12 7 711901
12 26 711910
14 6 711914
14 1 711916
15 9 711923
15 42 711930
17 13 711936
17 1 711941
19 24 711950
19 40 711959
20 19 711959
20 18 711965
20 49 711967
21 37 711973
21 44 711979
22 50 711981
22 0 711987
22 52 711988
25 0 711994
25 12 711999
26 52 712003
26 42 712005
27 23 712009
27 42 712014
27 26 712016
30 0 712025
30 14 712030
30 26 712038
31 40 712040
31 11 712045
33 41 712050
33 45 712058
35 46 712067
35 19 712072
36 24 712072
36 26 712074
36 37 712081
37 53 712090
37 33 712098
40 25 712101
40 35 712109
41 9 712110
41 53 712116
42 19 712117
42 14 712123
43 46 712125
43 16 712129
44 35 712138
44 12 712146
44 17 712153
45 10 712153
46 51 712157
46 34 712157
46 26 712158
47 42 712167
47 7 712176
47 32 712178
48 24 712184
48 38 712187
49 14 712193
49 44 712199
51 11 712207
51 7 712216
52 5 712221
52 9 712226
