58
false
0 14 887701
0 9 887704
1 26 887712
1 56 887715
1 39 887720
3 18 887720
3 30 887726
3 46 887727
4 33 887735
4 57 887739
6 35 887748
6 2 887753
7 8 887756
7 27 887761
10 2 887762
10 55 887769
11 27 887776
11 47 887779
11 18 887788
13 2 887792
13 45 887794
14 55 887801
14 42 887808
16 49 887814
16 21 887819
18 16 887828
18 12 887837
19 21 887837
19 26 887843
19 23 887845
20 9 887851
20 40 887857
21 44 887859
21 0 887865
21 48 887866
24 54 887872
24 34 887877
25 42 887881
25 28 887883
26 41 887887
26 24 887892
26 30 887894
29 54 887903
29 30 887908
29 36 887916
30 18 887918
30 39 887923
32 1 887928
32 37 887936
34 36 887945
34 51 887950
35 10 887950
35 2 887952
35 19 887959
36 7 887968
36 53 887976
39 1 887979
39 15 887987
40 43 887988
40 19 887994
41 3 887995
41 50 888001
42 4 888003
44 17 888012
44 34 888020
44 27 888027
45 1 888035
45 36 888038
48 12 888044
48 35 888045
51 13 888045
51 0 888050
54 49 888052
54 30 888058
54 16 888064
56 45 888071
56 36 888072
56 29 888073
57 23 888076
57 29 888078
57 48 888084
