60
false
0 22 978928
0 1 978931
1 42 978939
1 40 978942
4 38 978942
4 2 978948
4 36 978949
5 7 978957
5 3 978961
7 33 978970
7 36 978975
8 50 978978
8 23 978983
11 20 978984
11 57 978991
12 51 978998
12 13 979001
12 14 979010
14 48 979014
14 7 979016
15 39 979023
15 54 979030
17 49 979036
17 31 979041
19 30 979050
19 40 979059
20 1 979059
20 36 979065
20 55 979067
21 31 979073
21 44 979079
22 8 979081
22 24 979087
22 46 979088
25 6 979094
25 48 979099
26 10 979103
26 36 979105
27 29 979109
27 0 979114
27 20 979116
30 6 979125
30 14 979130
30 32 979138
31 10 979140
31 53 979145
33 23 979150
33 57 979158
35 46 979167
35 37 979172
36 30 979172
36 56 979174
36 13 979181
37 11 979190
37 39 979198
40 1 979201
40 17 979209
41 9 979210
41 5 979216
42 55 979217
42 26 979223
43 34 979225
43 10 979229
44 23 979238
44 18 979246
44 41 979253
45 51 979261
45 20 979264
48 20 979270
48 41 979271
51 19 979271
51 32 979276
54 33 979278
54 38 979284
54 44 979290
56 33 979297
56 8 979298
56 59 979299
57 15 979302
57 35 979304
57 44 979310
