64
false
0 63 1173583
0 34 1173587
1 52 1173594
2 13 1173598
2 63 1173603
2 32 1173607
4 60 1173609
4 47 1173614
4 49 1173622
5 32 1173624
5 10 1173627
8 32 1173631
8 60 1173637
8 62 1173639
11 36 1173641
11 21 1173642
12 34 1173644
12 59 1173644
14 5 1173645
14 25 1173654
15 41 1173661
15 48 1173662
16 10 1173665
16 24 1173665
18 4 1173665
18 16 1173671
18 38 1173675
19 43 1173681
19 18 1173684
21 17 1173688
21 53 1173688
22 2 1173693
22 32 1173702
22 11 1173705
23 21 1173712
23 41 1173714
23 63 1173721
24 1 1173721
24 59 1173729
25 43 1173736
25 29 1173745
25 33 1173753
26 50 1173755
26 34 1173758
27 37 1173766
27 5 1173774
27 32 1173783
28 53 1173789
28 56 1173794
28 33 1173794
31 45 1173798
31 44 1173804
34 63 1173812
34 2 1173817
35 36 1173825
35 46 1173828
39 2 1173835
39 20 1173835
39 16 1173837
41 24 1173841
41 16 1173850
42 60 1173855
42 16 1173859
43 15 1173863
43 52 1173868
43 40 1173876
45 34 1173880
45 10 1173886
45 9 1173886
48 17 1173892
48 54 1173899
48 28 1173903
50 17 1173911
50 62 1173918
51 48 1173925
51 12 1173931
53 60 1173938
53 11 1173946
53 8 1173951
55 33 1173955
55 47 1173955
55 27 1173956
57 15 1173961
57 30 1173965
57 56 1173973
58 26 1173975
58 30 1173982
58 60 1173990
59 49 1173995
59 26 1173999
60 34 1174000
60 38 1174006
60 50 1174012
61 5 1174019
61 23 1174021
63 53 1174030
63 23 1174030
