67
false
0 61 1345263
0 30 1345267
0 65 1345271
1 55 1345278
1 54 1345281
1 60 1345286
2 8 1345290
2 57 1345297
2 7 1345299
3 12 1345304
3 48 1345307
4 38 1345313
4 52 1345313
4 31 1345321
7 1 1345321
7 20 1345321
7 10 1345323
8 3 1345332
8 16 1345334
9 6 1345343
9 14 1345347
10 26 1345348
10 52 1345357
11 40 1345364
11 24 1345365
12 20 1345368
12 30 1345368
14 7 1345368
14 33 1345374
14 58 1345378
15 24 1345384
15 25 1345387
17 42 1345391
17 65 1345391
18 9 1345396
18 61 1345405
18 60 1345408
19 13 1345415
19 12 1345417
19 20 1345424
20 31 1345424
20 40 1345432
21 58 1345439
21 20 1345448
21 45 1345456
22 37 1345458
22 20 1345461
23 47 1345469
23 19 1345477
23 31 1345486
24 61 1345492
24 21 1345497
24 16 1345497
27 11 1345501
27 31 1345507
30 54 1345507
31 58 1345511
31 18 1345517
31 24 1345526
34 0 1345533
34 31 1345533
34 16 1345535
36 15 1345539
36 66 1345548
37 30 1345553
37 49 1345557
38 12 1345561
38 54 1345566
38 27 1345574
40 56 1345578
40 64 1345584
40 58 1345584
43 51 1345590
43 57 1345597
43 49 1345601
45 32 1345609
45 3 1345616
46 50 1345623
46 22 1345629
48 1 1345636
48 10 1345644
48 27 1345649
50 55 1345653
50 58 1345653
50 52 1345654
52 57 1345659
52 50 1345663
52 56 1345671
53 21 1345673
53 1 1345680
53 62 1345688
54 45 1345693
54 44 1345697
55 4 1345698
55 30 1345704
55 34 1345710
56 1 1345717
56 40 1345719
58 49 1345728
58 13 1345728
60 10 1345730
60 50 1345731
61 47 1345740
61 62 1345742
61 0 1345743
62 46 1345746
62 2 1345753
63 33 1345761
63 37 1345766
64 14 1345768
64 39 1345768
64 34 1345771
66 38 1345772
66 65 1345778
