74
false
0 68 1790393
0 59 1790396
2 5 1790397
2 48 1790401
3 0 1790406
3 29 1790407
5 53 1790415
5 59 1790418
5 17 1790426
12 47 1790428
12 26 1790432
15 28 1790438
15 67 1790439
15 60 1790440
16 67 1790442
16 46 1790442
18 41 1790443
18 35 1790448
20 7 1790453
20 55 1790456
20 45 1790464
21 71 1790469
21 0 1790471
21 57 1790472
23 12 1790472
23 51 1790474
23 11 1790476
27 12 1790481
27 29 1790484
27 57 1790484
29 52 1790484
29 13 1790490
34 59 1790497
34 26 1790500
35 44 1790503
35 37 1790506
36 65 1790510
36 55 1790519
37 28 1790523
37 67 1790528
38 30 1790529
38 41 1790532
38 66 1790537
39 54 1790546
39 43 1790546
40 65 1790552
40 25 1790552
42 18 1790555
42 13 1790562
43 68 1790571
43 23 1790573
44 16 1790582
44 28 1790583
45 69 1790587
45 12 1790594
45 17 1790596
46 38 1790600
46 8 1790609
46 70 1790614
51 19 1790623
51 58 1790627
51 40 1790634
52 58 1790640
52 56 1790640
54 8 1790641
54 15 1790642
54 10 1790649
55 48 1790653
55 63 1790655
56 0 1790659
56 71 1790663
59 21 1790664
59 18 1790670
59 40 1790674
60 42 1790676
60 36 1790677
60 25 1790683
62 29 1790691
62 25 1790699
64 29 1790704
64 8 1790708
65 57 1790708
65 35 1790717
65 18 1790721
67 0 1790722
67 3 1790726
67 51 1790735
68 25 1790737
68 39 1790740
70 64 1790748
70 35 1790753
70 57 1790760
73 37 1790762
73 13 1790762
73 58 1790770
