75
false
1 65 1864054
1 8 1864057
1 27 1864064
2 44 1864066
2 59 1864074
5 14 1864077
5 38 1864078
5 24 1864086
6 20 1864095
6 55 1864102
8 57 1864102
8 32 1864106
8 38 1864112
9 66 1864117
9 19 1864117
10 3 1864117
10 1 1864123
11 15 1864130
11 52 1864136
11 48 1864145
12 23 1864149
12 17 1864154
15 13 1864157
15 16 1864159
16 34 1864160
16 47 1864169
16 10 1864173
17 66 1864180
17 44 1864189
18 36 1864195
18 45 1864204
21 51 1864210
21 10 1864216
22 23 1864220
22 45 1864221
22 7 1864225
24 27 1864234
24 62 1864236
24 9 1864243
25 3 1864249
25 44 1864253
25 65 1864255
26 34 1864255
26 66 1864262
26 51 1864266
28 53 1864269
28 22 1864277
30 59 1864279
30 48 1864280
30 6 1864282
31 67 1864282
32 48 1864289
32 66 1864289
33 27 1864289
34 54 1864291
34 22 1864295
35 0 1864295
35 8 1864300
36 15 1864309
36 26 1864314
37 9 1864321
37 20 1864325
38 28 1864331
38 0 1864337
41 28 1864339
41 10 1864348
41 74 1864350
42 45 1864354
42 28 1864354
43 28 1864363
43 51 1864370
43 27 1864376
44 37 1864380
44 4 1864381
44 20 1864386
46 16 1864388
46 13 1864397
46 65 1864399
47 71 1864407
47 24 1864416
50 11 1864417
50 57 1864420
51 69 1864425
51 29 1864425
52 0 1864430
52 70 1864431
52 45 1864436
54 29 1864444
54 39 1864444
54 41 1864449
55 49 1864450
55 18 1864450
55 51 1864457
57 30 1864464
57 3 1864465
58 32 1864467
58 27 1864470
58 44 1864474
59 66 1864483
59 26 1864487
60 35 1864487
60 41 1864495
60 20 1864499
61 49 1864508
61 10 1864508
63 15 1864509
63 11 1864514
64 35 1864517
64 71 1864521
64 38 1864526
66 8 1864526
66 72 1864530
69 39 1864532
69 6 1864541
70 35 1864550
70 33 1864559
71 26 1864559
71 23 1864565
71 40 1864568
72 13 1864576
72 41 1864577
72 39 1864584
