85
false
0 22 2688787
0 65 2688790
0 53 2688790
1 32 2688790
1 49 2688792
2 66 2688799
2 82 2688807
3 36 2688812
3 53 2688818
3 57 2688822
4 31 2688830
4 66 2688830
4 29 2688831
5 52 2688837
5 56 2688844
6 76 2688848
6 15 2688851
7 34 2688852
7 17 2688854
7 46 2688856
8 82 2688864
8 7 2688864
8 0 2688865
10 4 2688867
10 38 2688868
11 29 2688873
11 56 2688878
11 12 2688885
13 79 2688890
13 47 2688896
15 4 2688898
15 45 2688906
17 63 2688910
17 46 2688916
18 8 2688924
18 53 2688933
18 73 2688941
20 40 2688949
20 84 2688953
20 9 2688957
21 44 2688966
21 27 2688972
22 73 2688972
22 68 2688973
22 79 2688981
23 63 2688987
23 2 2688990
23 4 2688997
24 45 2689000
24 2 2689001
25 84 2689003
25 66 2689012
26 78 2689012
26 23 2689014
27 34 2689021
27 29 2689027
27 57 2689034
29 68 2689042
29 4 2689050
29 52 2689055
33 15 2689057
33 25 2689061
33 24 2689070
34 46 2689072
34 17 2689076
34 9 2689084
35 83 2689086
35 61 2689092
35 19 2689098
36 45 2689104
36 67 2689112
37 33 2689117
37 8 2689123
37 51 2689126
41 40 2689133
41 82 2689140
42 48 2689145
42 41 2689152
43 59 2689155
43 51 2689162
45 58 2689165
45 41 2689171
46 7 2689180
46 54 2689183
49 80 2689184
49 4 2689188
50 1 2689189
50 39 2689189
50 79 2689191
51 26 2689192
51 72 2689194
51 83 2689201
52 14 2689201
52 2 2689201
52 13 2689207
54 66 2689213
54 49 2689216
54 38 2689218
55 73 2689219
55 35 2689220
56 42 2689222
56 75 2689223
58 40 2689223
58 42 2689226
60 25 2689231
60 80 2689235
60 19 2689241
62 83 2689250
62 73 2689258
62 9 2689258
63 7 2689259
63 60 2689268
64 47 2689272
64 27 2689280
65 67 2689288
65 35 2689293
65 31 2689298
67 0 2689305
67 17 2689313
67 47 2689316
69 48 2689318
69 83 2689322
69 53 2689322
71 49 2689324
71 33 2689330
72 8 2689331
72 69 2689334
72 26 2689335
73 19 2689339
75 34 2689347
75 51 2689354
76 40 2689354
76 49 2689357
76 1 2689361
78 45 2689365
78 20 2689373
78 47 2689374
79 38 2689381
79 73 2689387
79 36 2689396
80 55 2689401
80 39 2689402
80 14 2689405
82 0 2689409
82 81 2689418
82 17 2689427
83 17 2689432
83 25 2689440
84 18 2689441
84 40 2689444
84 66 2689452
