89
false
0 16 3068417
0 40 3068424
1 77 3068431
1 76 3068437
2 38 3068439
2 78 3068442
3 56 3068445
3 1 3068448
3 83 3068454
5 46 3068462
5 83 3068470
5 23 3068475
7 48 3068478
7 23 3068482
7 76 3068482
8 85 3068489
8 2 3068491
8 54 3068495
9 20 3068502
9 23 3068509
10 17 3068514
10 6 3068514
10 22 3068521
11 59 3068529
11 17 3068535
15 82 3068544
15 19 3068553
17 35 3068557
17 5 3068560
18 26 3068560
18 70 3068568
19 87 3068571
19 1 3068576
20 24 3068581
20 60 3068588
20 83 3068593
21 81 3068599
21 62 3068599
21 78 3068604
22 32 3068608
22 53 3068609
23 12 3068611
23 87 3068615
23 71 3068617
24 2 3068624
24 80 3068632
25 37 3068635
25 20 3068640
26 60 3068644
26 0 3068647
27 74 3068648
27 16 3068650
28 50 3068652
28 66 3068659
28 70 3068664
33 28 3068668
33 70 3068671
33 49 3068672
35 81 3068677
35 84 3068682
35 64 3068688
37 35 3068691
37 75 3068698
39 36 3068704
39 47 3068709
39 40 3068713
42 22 3068715
42 16 3068723
43 57 3068731
43 24 3068736
43 29 3068739
45 84 3068744
45 9 3068752
46 84 3068757
46 36 3068758
48 41 3068759
48 7 3068768
48 43 3068772
49 65 3068780
49 5 3068786
50 84 3068790
50 86 3068790
51 38 3068792
51 17 3068798
52 26 3068802
52 84 3068810
52 64 3068810
53 55 3068817
53 80 3068817
54 33 3068818
54 52 3068823
54 56 3068824
55 30 3068831
55 45 3068831
57 72 3068833
57 68 3068833
58 3 3068842
58 20 3068850
58 71 3068859
59 20 3068867
59 74 3068872
59 21 3068877
61 0 3068884
61 2 3068893
62 54 3068901
62 7 3068906
65 53 3068915
65 30 3068918
65 57 3068925
66 78 3068931
66 2 3068932
67 74 3068932
67 70 3068940
67 86 3068944
69 48 3068945
69 0 3068951
69 8 3068958
72 2 3068959
72 52 3068967
74 81 3068969
74 34 3068971
74 48 3068980
75 34 3068980
75 4 3068985
75 78 3068992
76 30 3069000
76 79 3069009
76 65 3069017
77 15 3069021
77 53 3069021
77 70 3069025
78 73 3069032
78 51 3069035
79 86 3069043
79 84 3069049
79 30 3069053
80 56 3069054
80 9 3069061
83 6 3069062
83 73 3069071
83 78 3069076
84 42 3069084
84 62 3069085
85 68 3069085
85 51 3069086
85 38 3069092
86 33 3069097
86 36 3069101
86 30 3069109
88 66 3069115
88 12 3069120
88 64 3069120
