93
false
1 91 3513544
1 80 3513549
1 13 3513556
2 36 3513558
2 7 3513566
2 16 3513569
4 37 3513573
4 12 3513578
5 36 3513580
5 15 3513581
5 71 3513588
7 6 3513589
7 35 3513595
7 84 3513604
9 80 3513607
9 38 3513607
9 57 3513611
11 12 3513615
11 84 3513619
11 60 3513628
12 3 3513629
12 72 3513633
13 60 3513642
13 46 3513651
17 3 3513658
17 76 3513664
18 20 3513671
18 17 3513675
18 60 3513679
19 52 3513679
19 89 3513686
19 55 3513690
20 35 3513698
20 90 3513706
20 51 3513706
23 72 3513706
23 3 3513706
24 79 3513712
24 54 3513720
25 69 3513724
25 11 3513727
26 63 3513731
26 10 3513732
26 53 3513732
27 86 3513732
27 89 3513734
27 49 3513738
28 7 3513739
28 66 3513744
29 47 3513751
29 19 3513759
29 32 3513767
30 6 3513772
30 40 3513780
32 8 3513788
32 22 3513793
32 36 3513799
33 16 3513799
33 82 3513803
36 84 3513804
36 15 3513810
37 35 3513816
37 44 3513823
37 47 3513831
38 85 3513839
40 20 3513844
40 33 3513848
43 58 3513848
43 79 3513853
43 32 3513862
44 23 3513862
44 1 3513868
48 92 3513875
48 32 3513875
48 19 3513883
52 39 3513885
52 37 3513886
52 86 3513893
54 17 3513893
54 37 3513896
56 11 3513905
56 22 3513907
58 21 3513912
58 32 3513919
58 40 3513925
59 1 3513934
59 20 3513937
59 12 3513939
60 91 3513943
60 48 3513946
60 19 3513946
61 55 3513949
61 33 3513957
61 69 3513959
62 16 3513961
62 46 3513961
63 76 3513970
63 33 3513977
64 6 3513977
64 42 3513982
64 84 3513984
65 3 3513993
65 58 3513999
65 75 3514006
66 40 3514009
66 3 3514011
67 44 3514018
67 17 3514025
67 65 3514034
68 61 3514042
68 12 3514050
68 72 3514051
70 37 3514056
70 77 3514058
71 88 3514062
71 89 3514071
71 75 3514075
73 76 3514084
73 42 3514089
73 60 3514092
74 32 3514094
74 4 3514099
74 17 3514107
78 13 3514113
78 57 3514116
79 31 3514121
79 50 3514121
79 58 3514129
80 73 3514135
80 81 3514136
82 68 3514140
82 36 3514146
83 38 3514150
83 40 3514156
83 16 3514161
84 8 3514169
84 64 3514175
84 41 3514177
85 30 3514183
85 29 3514190
85 83 3514190
86 0 3514191
86 77 3514196
88 67 3514199
88 57 3514199
89 63 3514200
89 69 3514204
90 60 3514213
90 18 3514221
92 32 3514221
92 89 3514221
92 86 3514222
